-0.106307583274
-0.878117316473
-0.105263157895
-6.17283950617
3.2987587145
-3.28893274133
-1.12195121951
1.55217965654
-0.818866688503
-6.06153846154
-0.383141762452
-0.956284153005
-1.495215311
3.08261405672
-1.51791135398
4.47193149382
5.98319327731
4.49596066034
-0.870473537604
-1.16999311769
3.08620078042
2.04524886878
-1.77777777778
-1.10759493671
-0.542052806435
0.333333333333
0.54683365673
2.03383729302
2.66075388027
-2.81917759023
3.97684839432
2.3896004588
1.81004281822
-0.714975845411
0.975609756098
2.89098574583
2.30026699528
-1.25735145001
1.41916906623
-4.66666666667
2.78113663845
-0.997605746209
2.28571428571
3.98981324278
-0.8
1.60427807487
2.74725274725
4.0
1.01593165551
-8.93608074012
-4.40201005025
1.2825732899
1.15321252059
-1.77993527508
5.05737356566
0.127659574468
0.0
3.86740331492
0.824420677362
-4.2662116041
-3.45963756178
3.45121431615
-4.80632731697
-5.86101565483
9.995800084
4.08743169399
-0.952587140074
2.64444444444
-4.64081373172
-2.70103092784
2.6455026455
0.531914893617
-3.09278350515
-0.246812011518
-1.15877210815
-0.505663430421
-0.362756952842
-1.74257425743
2.14401294498
2.46632124352
2.1164021164
2.16216216216
0.0
-4.63917525773
0.0
3.05992350191
-2.96907216495
-3.9603960396
-4.37417155842
-1.4002987304
2.50717703349
0.966183574879
5.74172456069
1.43005181347
-2.4069579288
-1.23851378346
-1.2428486881
1.38
-5.10533308028
0.0
-3.42741935484
1.26206384558
0.936680404646
0.244131455399
1.31278538813
1.07692307692
0.366724570546
-2.24528301887
0.359780344632
0.955840183521
-0.589129608514
-1.42375421506
0.716981132075
-5.15390121689
0.684684684685
1.94709772226
2.8333962977
-1.04672897196
-4.66856735567
-3.0407740152
-1.89830508475
1.93503800968
-3.61365528726
1.67626142906
2.82033426184
-1.28888125107
-0.953191489362
-0.322361723787
0.323404255319
2.06740792217
2.43815625556
0.124732715609
-3.14118053158
0.555362721277
0.488315312173
-1.46073208455
-3.81818181818
0.0
-0.591521524811
2.71729957806
0.0
0.748172079578
-2.69688947717
-3.58908916893
2.25085630403
-2.68253968254
0.0953288846521
-0.0952380952381
1.41661300708
1.20560443141
0.72202166065
1.88931616786
-1.95081967213
-2.00803212851
-1.28449096099
1.70967741935
2.15851046301
1.67532249958
-1.02802188692
0.83598060525
3.12068965517
-1.36054421769
1.48429409734
3.46428571429
-1.75438596491
1.22535961641
3.79723502304
3.0585106383
-2.96774193548
-3.65832001421
3.68256306389
0.574074074074
-1.02639296188
2.94339622642
-0.934579439252
1.90476190476
2.94117647059
0.373942137375
-4.34864457831
0.453857791225
5.23383084577
1.39225181598
-6.27836611195
-1.26960418223
-2.51183108846
-1.22258180511
0.324675324675
0.580551523948
-3.29824561404
1.22535961641
-1.64192139738
-3.16305818674
1.16358658453
1.08977685522
-0.653033167211
-0.631830601093
2.28820960699
0.104913446407
-2.43944046401
1.17362789092
-0.429627083691
1.87324929972
4.21455938697
-0.903995660821
-1.44333570919
-3.14118053158
-1.2779008349
-0.424160162878
-1.56980627923
-0.828088771116
-0.821287779238
0.213991769547
2.42792109256
-1.96694214876
0.732600732601
-0.215982721382
-3.40234312309
0.694893341952
1.34294136915
0.825627476882
-1.22329146958
-1.01711333549
0.813802083333
8.62800565771
2.37104072398
-7.23640026864
0.949152542373
-0.940228341169
-1.45598941099
-2.70444301352
-0.798466943469
0.691429490272
-0.892430278884
2.13216145833
0.919842312746
-2.40461686438
2.46386333771
4.40747727662
0.534482758621
0.328662861097
1.42105263158
6.54205607477
-2.51457725948
-3.29515418502
0.888888888889
-5.27113506231
0.849184782609
-1.86666666667
-0.924702774108
-0.818866688503
0.196914998359
0.213780628186
2.63291139241
2.936066713
-0.225342347027
-1.58648925281
-1.2798922196
0.439783491204
3.03241547578
1.34228187919
-0.666666666667
-1.62236796686
1.43557422969
2.34724959685
0.215478541929
-2.09212376934
-2.03238029625
-0.955305356534
1.17362789092
1.43557422969
-1.36418580556
-0.155172413793
0.974930362117
-0.519570488396
-2.46621621622
-0.370245708516
-0.966666666667
-1.00643458175
0.781509810442
-1.11805327195
1.43428952635
0.773109243697
1.93592598938
-1.66778975741
1.52214811014
6.46394756009
3.64219664088
1.90384615385
-0.895749952354
0.903846153846
-1.94229681312
0.626185958254
0.285442435775
4.6812749004
0.803212851406
-1.249256395
-1.88715953307
-0.194174757282
2.79441117764
2.76923076923
2.26557583386
0.0419727177335
-2.05549845838
0.51652892562
2.04511912292
4.81767955801
-1.02799650044
0.483516483516
1.33630289532
-3.6687406136
1.43634385201
3.21203953279
-1.4171833481
-1.50490730643
2.66457680251
-1.30386740331
-0.110375275938
0.666666666667
2.50569476082
0.57273768614
-1.08769544528
-0.987211128562
-1.84981281656
-0.634573304158
-2.24598930481
-1.57894736842
1.06382978723
-0.948366701791
0.126608989238
-1.68049792531
2.77185501066
-0.212765957447
1.75362632604
-3.02330463993
0.126129913811
1.75401069519
-0.170830664104
0.0213583938488
0.536826283015
1.7701048951
0.328875246656
0.706557739015
-1.56487720061
0.239651416122
-4.83101803857
0.207770621234
0.0623700623701
-0.393456202112
1.02510460251
-1.84804928131
-0.794459156651
1.9099024289
-0.351675630947
0.960735171261
1.01265822785
-0.85756117967
0.504519655245
-0.104997900042
1.86096256684
1.36600173461
0.260869565217
0.152405834966
0.0435634937922
0.130861504907
1.84362505553
1.7171260732
1.11948823395
0.0457142857143
-0.409742772593
0.779995411792
1.72695449242
-1.69763707272
-0.819112627986
-0.520597555455
-2.57993384785
0.777777777778
-1.31578947368
-0.740095777101
1.54730327144
1.43497757848
-1.37107474569
1.23125139915
-1.84574818721
0.0439657067487
-1.13018908933
-2.06470838655
-0.318268618714
1.96884465599
-1.0278372591
1.27954890479
3.66456834532
0.633484162896
-1.73410404624
-0.0444444444445
0.468854655057
1.19746949842
-0.762331838565
1.17967332123
0.387155545434
-1.76733780761
0.201748486886
-0.601604278075
-1.36263736264
-0.241175180881
-0.131377271732
-0.28384279476
-0.521285838401
-3.23665405633
-0.272479564033
0.357593605385
-2.0601565719
0.476091906438
0.124352331606
-2.42669362993
0.487705750864
1.443001443
1.3369542511
0.356394129979
-2.23406435745
0.2465584549
-1.67676767677
-1.88305252725
1.89860634215
-0.44238890006
-0.44044044044
-0.498007968127
1.47564180311
-0.0606060606061
2.3784901758
3.31196581197
-2.56089943785
0.0625
2.36724248241
-0.127795527157
0.213447171825
1.648947711
-0.173272687893
0.807860262009
1.4171833481
-0.747252747253
-1.40845070423
-0.0649631875271
0.0650054171181
0.217155266015
2.79017857143
0.674157303371
-0.0898069151325
0.587172538392
-3.98959236774
-5.08335048364
-0.796243364639
0.225086965418
0.205044084478
-1.35517799353
0.610500610501
1.09031063567
0.93438538206
0.584795321637
-1.46120600947
-0.593289689034
-0.851926977688
-1.10330992979
0.910931174089
0.672508661096
-0.304754164974
-0.202757502028
-0.664652567976
-0.7
0.0
0.140196274785
0.929856478674
0.959183673469
0.492206726825
-0.793489318413
1.7387704409
0.666805584497
2.65240641711
-0.700934579439
0.255536626917
0.924134966688
-0.0429645542427
-1.20967741935
1.48610811975
-0.364806866953
2.12579443349
-0.0438116100767
-0.717703349282
-0.540774388925
-0.0432432432433
0.216684723727
-0.752688172043
-2.08464939987
-0.565326633166
-2.09102091021
0.847632830267
-0.309150865622
1.20984564038
1.63239347043
0.0424178154825
-0.674109964188
1.32337246531
0.904587551152
2.67580716497
1.27659574468
0.20197486535
-0.491290754801
-1.14790286976
1.79775280899
0.338218714769
0.453001132503
-1.99778024417
-0.858274647887
-1.00217864924
2.5011165699
1.26639529625
-2.05980066445
-0.132714001327
2.75
0.342075256556
0.228571428571
-2.08146821844
0.0
-2.33879781421
-1.61290322581
1.35135135135
0.0654307524537
-0.6285218899
0.0650618087183
-0.582147477361
-1.29814854224
0.0851970181044
1.42579390797
-1.25853242321
1.91304347826
-2.74841437632
-0.147772852016
0.808682698446
-1.03201347936
0.189913483857
-2.1070026854
1.33975298304
0.357142857143
0.126209507783
1.25665601704
-1.88087774295
0.567465321564
-1.06051154086
0.29197080292
0.125287116308
-1.54194078947
-0.0616396137251
-1.07723577236
-0.425015179114
-1.96428571429
-1.65853658537
-0.966183574879
-1.61596958175
0.592847580799
0.0574052812859
-0.0764818355641
0.0382555470543
1.04367993815
-0.538254517493
-0.306630893062
-1.54716981132
-0.656044985942
-1.60457395795
2.03236733158
-0.412293853073
1.85149837755
-2.76540460282
-0.0741839762611
0.390988642711
-2.18539428155
-0.705244122966
1.4306676449
-0.836667879229
0.0
0.973370064279
-0.347730600293
-1.56728517384
-3.66192294342
-0.0346981263012
1.37179036229
0.477116098251
-0.105913503972
0.265486725664
0.0
0.248403122782
-0.931622429249
0.423654015887
-0.0705591815135
-0.631025416301
0.0877192982456
1.42348754448
1.33429498738
-1.31672597865
-0.86434997354
0.871886120996
2.85505124451
0.904893813481
-0.441257584115
-2.10583153348
2.83176013326
0.0555555555556
-2.52707581227
2.30840258541
0.185013876041
0.595570444817
-0.5
-0.881057268722
-0.0366972477064
-0.638103919781
-0.723981900452
-0.0904159132007
0.39941902687
-1.14860014358
-0.5
-1.66812993854
2.70513976555
-0.162045372704
-0.98056694598
0.160714285714
-0.621118012422
-0.582215949188
0.12365306483
0.247919249159
-1.41410614525
1.48830616584
3.18098720293
2.99378648089
4.03525954946
-1.82692307692
3.23605320627
0.74
4.31879824744
6.29851408295
-1.74329919372
2.93853746074
-4.84525080043
-1.49285113541
0.231822971549
-4.00566457617
2.65835929387
-3.58430116139
0.020028039255
-0.339321357285
3.59801488834
1.0236055985
-2.32605590696
-3.56158992523
-0.547945205479
0.570753788624
1.09430959013
-3.2531280077
1.05037930364
-1.49453918375
0.947775628627
0.135580089095
-2.10466439135
0.648854961832
-0.569259962049
-0.584795321637
0.932977913176
2.41809672387
1.74603174603
-1.17647058824
2.16346153846
-1.14851485149
2.33029381966
-1.08238123873
-0.913604766634
-1.21640180498
-0.254403131115
3.12815338042
-0.201409869084
-2.03235990529
3.5342185904
-0.709939148073
3.4193413048
0.315656565657
1.10638297872
-0.423728813559
-2.66034233863
0.123890150733
-0.123736852959
1.10508757298
-4.19496604075
0.320641282565
-1.42236270249
-0.550098231827
1.5360063834
-3.81811204912
0.949060623668
0.330353672756
0.019436345967
-2.09324452902
0.133384146341
11.186440678
2.83224400871
-1.05626212546
-3.35416666667
0.250626566416
-0.125156445557
2.2392834293
-0.170321481797
2.26431526236
-0.970245795602
-1.00320170758
0.79604130809
-0.747384155456
2.47264770241
-1.42364106989
2.11453744493
1.29406514949
0.673854447439
-0.0897666068223
0.564206725344
-2.0340481981
0.199379707576
-1.80552534261
0.108885017422
-1.01314938564
0.672743055556
0.699300699301
0.770755340233
0.665041010862
0.691964285714
-3.09322950465
1.29272567923
0.973451327434
0.668151447661
-1.62138475022
1.35465245392
-0.814977973568
0.665188470067
-3.01075268817
-0.534759358289
1.91846522782
0.0436205016358
0.262409796632
1.80320569902
0.853165693758
0.951949229374
0.0907441016334
-0.69835548547
0.36174542166
0.181200453001
1.56429721647
-0.091932888991
-0.752737226277
-2.2519509476
0.245864997765
-0.40071237756
1.26239855726
0.658044020876
-1.03301145295
-1.48230088496
-1.22377622378
0.0656024491581
1.84855233853
-1.68600832056
1.26385809313
0.849731663685
0.381593714927
1.48063781321
2.49824889096
2.48863364441
1.67883211679
1.35635018496
3.44387755102
-3.11418685121
0.772104607721
-0.446317877511
0.699126092385
0.350789275871
0.961295218821
-1.32301547678
2.71794871795
-1.86210367388
-0.600300150075
-2.00980392157
-0.729927007299
1.05729038603
1.54806491885
-1.45177165354
2.05926670015
-1.38682516097
1.66163141994
-1.34128166915
0.0994530084535
2.57587350166
2.18921032056
2.18375499334
0.0
-0.397877984085
1.69948745616
-1.56664896442
-1.02496714849
-3.54879594423
-1.12781954887
-2.65918516711
0.0488162069807
-2.00908873475
0.674211413436
-1.70414201183
3.27548276705
-0.219512195122
0.66290203781
-0.318159569261
0.319175055242
0.617588932806
0.222827432533
-2.55729794934
0.606796116505
-1.67064439141
0.479616306954
-0.358422939068
0.431965442765
0.555019305019
0.0241370987207
-2.31077576043
-0.282153773807
6.59147869674
-1.23762376238
0.723011717776
-0.742390497402
1.025
0.225507391631
1.24302384576
-2.25638482519
-1.22458976243
1.06435643564
-0.0989119683482
-1.36585365854
1.15963483839
-1.19453924915
-5.1999075572
0.909514925373
-2.52330075017
-1.14606741573
0.564971751412
0.0
-0.873655913978
1.56996587031
-0.362729539787
-0.9209344115
0.860897145446
-0.875814057938
0.769404842725
-1.05239587998
1.13224637681
-1.03092783505
-2.08470484968
-0.502183406114
-0.672305356756
-1.03026400515
-0.406156477127
-0.234591597356
0.0426712182633
0.579399141631
-0.42735042735
-1.3698630137
0.211193241816
-1.76348547718
2.1186440678
0.425531914894
1.908065915
-0.753174090811
-0.598930481283
-0.890396438414
1.13636363636
-0.511945392491
0.795527843475
0.215470803706
-0.172080017208
0.23717119448
0.324464633355
2.84760845384
1.65083672546
0.77484047402
-0.295387411952
0.227738556138
-0.83559168925
0.659240736531
2.51689582848
-4.13315460232
-0.311804008909
-0.222222222222
-0.199600798403
-0.177108700465
1.46001796945
-1.15452930728
0.918664575398
-0.512706197058
-1.14587924196
0.911718923727
0.491620111732
-0.311873468479
1.19477006312
0.589569160998
-1.51853506029
-0.15607580825
0.515463917526
-0.06718924972
0.314536059313
-1.22059476254
0.111086425239
0.334373606777
1.26410835214
0.934153565733
0.642054574639
0.76247689464
-1.79260267756
-0.361745421659
0.614194722475
0.296600501939
0.712316176471
-0.593878483326
0.160146419584
-1.77528089888
0.79275198188
-0.271063925909
-0.180383314543
-1.33481646274
1.05665467626
1.11388952035
1.12643678161
1.35135135135
-0.209253661939
-1.35321100917
0.97267253358
-0.138760407031
-0.414555504376
1.00023261224
-0.1393728223
0.0464792005577
-0.0928720687253
0.256052141527
-2.11893369788
-0.813559322034
0.476839237057
-0.833145687908
-0.559785042544
0.949367088608
0.705668108354
0.228154232261
-0.70231082918
-0.920314253648
-1.21951219512
0.222222222222
-0.110987791343
-1.22780092085
-0.393098929897
1.03706972639
-0.439367311072
0.264317180617
0.464704580659
-0.4186866461
-1.02508178844
-0.326086956522
-0.862068965517
-0.599828620394
-0.46908315565
-0.170285227756
-0.0850701829009
0.836371434699
0.02145002145
0.214961306965
-1.18946474087
0.319624973365
0.514028699936
0.0214224507284
0.387096774194
-0.768245838668
0.882669537137
0.0646273158122
0.0
-0.322095769809
-0.257014349968
0.408602150538
-1.10591237771
0.0212720697724
-0.822784810127
0.508905852417
0.575815738964
-1.80104712042
-0.0209380234506
-0.892301307325
-0.413308534821
-1.98501114037
-0.843542880096
-1.75611681137
1.01654375125
0.460552663196
-0.319361277445
-0.11961722488
-0.0199322304166
0.541082164329
-0.120096076861
-0.398724082935
-0.712589073634
-0.453201970443
0.794438927507
-0.119024003174
0.418326693227
0.641539695269
-0.47885075818
1.06876386368
-0.839832033593
0.60350030175
-0.180722891566
0.140760104565
-0.300721732157
-0.100140196275
0.301325833668
0.912223798905
-1.41886490807
-0.298864315601
0.400080016003
1.21482081393
-0.403307118371
0.710804224208
-0.745817375529
-0.441501103753
0.1608040201
-1.25049622866
-1.19631300255
-2.69083969466
0.440866398313
0.714285714286
0.504462553357
0.782166601486
0.0
-0.195160031226
0.470588235294
0.117785630153
1.19189511323
1.12494977903
0.261832829809
-0.361228175798
-0.260208166533
0.68520757759
0.689935064935
0.2849002849
0.634855621544
-2.53493013972
0.481347773767
-0.637704264647
0.561122244489
3.5699460357
-0.557275541796
1.55103751834
-0.93438538206
-1.47299509002
-0.326264274062
0.533005330053
1.09844559585
0.249324745481
-0.742421117756
-0.553732567678
-0.0410004100041
-1.25506072874
-1.65239896476
-0.13916500994
-0.553578489522
-0.687217749853
0.691973111902
-0.570080597602
-0.41111981206
-0.312256049961
0.766961651917
-0.0786009039104
-0.586051963274
-0.01953125
-1.40573849413
-2.01886792453
1.37719969396
0.287742183004
1.30198212204
0.803134182174
0.710199250345
-0.0394399526721
0.995817566222
-0.495441934205
-0.217520268934
-0.0987751876729
0.696240302367
-1.60501076532
0.0391619345996
0.650374458021
1.62227117965
-0.23976023976
0.260416666667
0.624874017335
-0.78
0.381449508131
-0.578842315369
1.49918962723
-0.544025790852
0.506277845281
-0.903070439494
-1.11133161342
0.338510553564
-2.14341387373
-0.0584225900682
0.548267084394
-1.67500962649
0.32837550705
-0.956571647216
-0.834756213242
0.190077931952
1.64219474498
0.251791594034
0.486570650058
0.292797189147
0.0781402617699
0.19573302016
-0.583771161705
0.429939417628
0.294002352019
-0.545808966862
0.509404388715
1.87624750499
-0.57551101409
-0.296794618124
0.118858954041
0.238284352661
-0.336433801702
-0.256612712199
0.476001586672
-0.276898734177
-0.901607212858
0.373795002951
0.335570469799
-0.977326035966
0.629425649095
0.514037168841
0.476758045292
0.519169329073
1.78861788618
0.469675311415
8.41266327208
1.96388261851
1.25714285714
0.160256410256
1.43985137018
-1.82398540812
-0.791676091382
0.226705962367
-0.203619909502
0.798175598632
0.804597701149
0.647848218417
-0.552231937414
-2.2272215973
1.39142335766
-1.19450078882
-0.33692722372
0.42860365441
-0.538478797397
1.24943207633
-0.429767021036
-0.293188994136
0.726942298955
-0.721695985566
-0.269905533063
-0.581395348837
0.834272829763
-0.80518899575
0.156810035842
-1.65234633179
-0.219828533744
-0.350492880613
5.06329113924
-0.137899333487
1.28026070764
0.373831775701
-0.163284348029
4.15451895044
2.7972027972
-0.645161290323
-0.346191889219
-0.712005892463
0.766947055913
0.999500249875
0.0750187546887
0.908402725208
-0.900225056264
-0.0499875031242
-0.0998751560549
-0.645001240387
-1.07975460123
0.270669291339
-0.635696821516
1.94416749751
0.3
-0.0249937515621
0.578179989945
0.990099009901
0.613026819923
-0.127551020408
-0.101936799185
-0.355510411376
-0.177439797212
-0.0759878419453
1.49100257069
0.646830530401
-1.65394402036
-2.7949542419
-0.148184736972
-0.418101328087
0.320750061683
-0.29520295203
-0.489596083231
-1.2330754352
-0.0966183574879
0.290697674419
0.0969932104753
0.170026718484
0.5126953125
0.416768815886
0.517496303598
0.819875776398
-0.0744786494538
0.0
1.38434432419
-0.351141208929
0.402921178544
-0.226130653266
-0.150526843954
0.377738604885
1.01755278555
-1.15665074177
-1.60811479466
-0.712355686563
0.792275315672
0.572709163347
-0.569447883139
-1.02915951973
0.690846286701
-0.807635829662
-1.06537530266
-0.409934892694
0.826647216144
0.43956043956
0.0
-0.121951219512
-1.3949013949
0.168634064081
-0.336134453782
-0.477897252091
0.697786333013
-0.216086434574
0.0240153698367
0.240731824747
1.416015625
0.46602894285
-0.827049379713
-0.121477162293
-0.55568978014
0.55879494655
0.0
1.03092783505
-0.561386380278
-0.678787878788
0.36496350365
-0.556496491653
1.02664385236
-0.1220703125
-0.678952473327
-1.0556621881
-0.191570881226
0.650759219089
0.0
0.169000482859
-1.1927480916
0.431241015812
-1.71886037203
-0.0470698987997
-0.375146541618
-0.257249766137
0.611764705882
-0.608044901777
-0.233317778815
0.492379835873
-1.50115473441
0.697674418605
0.0931098696462
0.397289086235
0.493189290747
-0.187529301453
-0.836820083682
0.514018691589
-1.08620291195
0.5343866171
-0.32422417786
-1.05407882676
-0.182982616651
0.690925840626
0.485998611433
0.325052240539
1.38888888889
0.330656589513
0.236742424242
0.71530758226
-0.142857142857
1.3024602026
-0.336538461538
0.48309178744
0.534239922292
-0.0485436893204
0.194552529183
-0.652331481034
-1.33492252682
0.6719462443
0.700821652972
-0.217024354955
-0.931677018634
0.359625988971
-0.973409306743
0.0475059382423
0.54931932171
-1.08669974014
0.546318289786
0.0713097218921
1.88907725842
0.781059311691
-3.37264150943
1.24164278892
-0.238208670796
-0.356040826015
-1.28865979381
-0.651769087523
0.326950023354
0.304520965097
-1.72651933702
-0.298370438375
-0.434186471664
-0.386979285227
-0.498301245753
-0.0905182167911
-0.852591429212
0.768709021026
-0.0903546419697
0.226398007698
0.13602357742
-0.338906461817
-0.315315315315
-1.15761353517
-0.729281767956
0.443951165372
0.177896375361
-0.111061750333
0.267260579065
0.0222766763199
-0.0890273759181
0.672193591754
0.0897062121552
-0.424296560965
1.24349988695
0.591312258358
-0.317388347314
0.478359908884
0.57273768614
-0.682593856655
0.825877494838
-0.320146352618
0.206232813932
-0.319780721791
-0.61293984109
0.318833978593
0.526556776557
0.575638959245
0.835848618528
2.06161137441
-0.307110796126
-1.25962211337
0.3981264637
2.2754491018
-1.08978914949
-0.448113207547
1.07270560191
0.454980842912
-2.27006786801
-0.0935234977788
-0.116767865483
-0.256231073841
-0.578971746179
0.232126276695
0.349406009783
-0.923147934456
0.0
-1.41069397042
-0.181694299341
0.870561282932
-0.0915541313802
-0.727107475574
-0.856048659608
1.43967093236
-0.250740825165
-0.925925925926
-0.873069173942
0.698827772768
0.680889695869
0.893061598351
-0.975056689342
0.455580865604
-0.47608252097
1.21615419917
0.0918695452457
0.554272517321
-0.023089355807
-0.505398575695
-1.93737328227
0.271063925909
0.181036433582
0.82135523614
0.0456516776991
0.550837732385
-0.977272727273
1.40585388338
-1.38636363636
0.273473108478
-0.0455580865604
-1.39263252471
-0.291153415454
0.83559168925
0.522133938706
-0.45197740113
1.35135135135
0.321691176471
-0.252120100848
0.529953917051
0.0922509225092
1.07226107226
1.53846153846
0.071056371388
-0.306965761511
-0.0472032098183
0.0944956295771
-1.25962211337
-0.533642691415
-0.208381569808
-0.0462855820412
0.394981412639
0.985452839043
-0.210723483962
1.20853080569
0.52405907575
0.768122899664
-0.143815915628
0.0
-0.831946755408
-0.0475172249941
0.814371257485
-0.11961722488
-0.712589073634
0.405437634152
-1.10849056604
-0.141309467734
0.283419933869
0.450771055753
-1.58767219239
0.116877045348
0.304806565064
0.235017626322
-0.0704556129638
0.661938534279
-0.259372789436
0.640721404841
-0.094831673779
-0.799623706491
-0.561272217025
0.422733677783
0.282618935469
0.759373516849
0.64485311679
-0.781990521327
0.11862396204
-0.448748228625
-0.726846424385
-0.35046728972
0.0467508181393
-0.627177700348
0.843288826423
-0.350140056022
0.0467071461934
0.398593200469
0.25858015985
0.805687203791
0.764087870105
0.891351481571
0.874848116646
0.4638671875
-0.316378680944
-0.170068027211
-0.121329774327
-0.507001448576
0.485201358564
0.0242659548653
-0.169573643411
0.315917375456
0.439345862826
0.465914664051
0.443349753695
0.719424460432
-1.44254278729
0.195982361587
-0.487567040468
-0.941801497223
-0.480653689017
-0.0960384153661
-0.0479961603072
0.555019305019
0.314693778746
0.682427492079
0.514453699167
-0.268751526997
2.09528560738
-1.01234567901
-0.977995110024
-0.583373845406
-0.819672131148
-1.16750059566
0.526946107784
0.894151764137
-0.289156626506
0.654862963861
0.856164383562
-0.146555935515
-0.219351693883
-0.485083676934
0.560975609756
-0.388726919339
1.03092783505
-1.45137880987
0.0
-0.601106035105
-0.478583393156
-0.143369175627
-0.546577946768
0.118962645729
-0.473596968979
-0.705384434517
1.33428639504
-0.803592531316
0.954426151277
0.263157894737
-0.357568533969
0.358851674641
-1.01823348331
-0.400943396226
-0.865092354454
0.658978583196
-0.701098387474
0.140416569155
0.0936987584914
-0.233699462491
-0.233154581488
0.327485380117
-0.0467617488894
0.848856401792
-0.586029067042
0.636942675159
0.545540796964
0.0
0.0949667616334
0.59708621925
0.0
-0.499049429658
0.30989272944
0.623650755577
0.822249093108
-0.313404050145
0.460159844999
0.340218712029
-0.26660203587
0.536062378168
-0.629539951574
-0.935476133365
-0.287012676393
-0.0955794504182
0.697786333013
0.507859733978
-0.886864813039
-0.784780023781
0.214489990467
-0.0238265427686
-0.639204545455
0.763358778626
-0.380228136882
-1.47506438773
-1.52178925525
-0.68697046027
0.206516750803
0.461041954818
0.463177396943
-1.72963131543
0.228102189781
0.665901262916
0.0
-0.229095074456
0.114678899083
0.0458926112896
-1.0220304338
-0.766283524904
-0.269723533378
1.87771925807
-0.817624347036
0.250455373406
0.0683526999316
1.05917568501
-0.16091954023
0.276625172891
-0.0230467849735
-0.36739380023
0.554144539367
0.932183640177
0.233590282644
-0.5343866171
-0.39342744735
0.652224551596
0.303738317757
-0.488258544525
0.326568696058
0.280701754386
-0.18678496381
0.752764055516
0.21216407355
-1.48629818857
0.092980009298
-0.807009453539
0.813575081357
-0.715439649204
0.347383047707
-1.03140041256
-0.410865099292
0.550837732385
1.09048723898
1.0550996483
-0.117096018735
-1.95177956372
-0.616157005933
-0.0456204379562
-0.136674259681
-0.227272727273
-0.564971751412
-0.44994375703
0.315955766193
-0.471698113208
0.0449438202247
0.428797111262
0.0
0.658791458428
0.387685290764
0.550332492548
-0.456516776992
0.137142857143
-0.341685649203
0.319926873857
-0.522846101387
-0.744584837545
-0.0225580870742
0.339520144862
-0.293387497179
0.271554650373
-0.49538392254
0.203068592058
-0.42687036621
-0.0224618149147
-0.424960858868
-0.952591936198
0.400355871886
0.334746708324
-0.576880408254
0.200088928413
0.626398210291
0.472016183412
-0.2466367713
0.112233445567
-0.513622152747
0.38108047523
0.0672947510094
-0.0448430493274
0.3600360036
0.13519603425
-0.157480314961
0.565610859729
0.477381223005
-0.923423423423
-0.537634408602
-0.156564526951
-0.533926585095
0.604297224709
0.404494382022
-0.134649910233
-0.535714285714
-0.0669194735668
0.156389633601
0.76542098154
0.817067635043
-0.135992747053
0.158910329171
0.068150840527
-0.519774011299
1.05046814341
-0.386715195632
-2.1153417947
-3.93582887701
-1.12098138748
0.531575590049
-0.339054884509
0.106067034366
0.576061446554
0.235243798118
0.0856164383562
0.171526586621
-0.149860843502
0.451612903226
-0.662251655629
-0.234441602728
0.0853242320819
0.493033226152
0.387346675274
0.129282482224
-0.300751879699
-0.21436227224
-1.03945693678
-0.253914515446
0.46768707483
0.106405618217
-0.233545647558
0.383631713555
0.794844253491
-0.278491859469
0.0857632933105
-0.405722827247
0.558299334335
-0.555199658339
-2.4375
-0.785448532451
-0.697865353038
-0.388468615825
0.20487604999
-0.184049079755
0.12285012285
-0.326530612245
0.143061516452
0.0613496932515
0.266557309822
0.0410256410256
0.184956843403
0.578751550227
-0.350154479918
-0.28753337441
0.309023485785
0.60103626943
-0.679291889667
-0.0411522633745
0.704517198508
-0.638254066296
-0.082287595145
-0.143796220214
-0.123102174805
0.391349124614
0.103092783505
-0.205761316872
0.517063081696
0.186489846664
0.478867374558
-0.187032418953
-0.0207770621234
0.396328744264
0.229981183358
0.251519597569
-0.209161263334
-0.146198830409
-0.45738045738
-0.290215588723
0.70981210856
-0.312174817898
0.0416406412659
0.355202674467
0.209380234506
-0.333889816361
-0.601534951255
0.689223057644
0.0626959247649
-0.0417798203468
0.188363331938
0.441454698339
0.570824524313
0.0846381718155
-0.963956412406
2.86699719767
-0.621251071123
0.343938091144
1.37284811506
-0.864117519983
-1.36373321969
0.385026737968
-0.84835630965
-0.882909396679
-0.792492179353
1.89120271993
0.0425170068027
-0.0849617672048
-0.275365388689
-0.253538981618
-0.608987820244
-1.32615002072
0.020725388601
0.416233090531
-0.207684319834
0.270720533111
0.229597161344
-0.415713988776
0.229166666667
-1.07172300082
-0.959379465197
-0.950262838657
-0.121163166397
-0.221640137014
-0.898562300319
0.88638195004
-0.0603986309644
-0.42101042502
-0.775810622638
-2.52084545278
-0.174216027875
-0.173913043478
-0.652716452294
0.851887705712
-0.116031715336
-0.0579822187862
-0.652841781874
0.0384172109105
-0.249089863959
-0.836025080752
-0.151773856953
-0.378000378
-0.563803796279
-0.74612945346
1.01752402487
-0.075315383167
1.20045731707
-0.398557601063
0.171102661597
0.266869996188
-0.530906332954
1.03448275862
-0.817024510735
1.38701598921
0.835275835276
0.292226767972
0.175644028103
-1.25264983619
-0.555768493676
-1.63996229972
0.113228911115
0.359848484848
0.24681982153
0.668960244648
0.615384615385
1.20669521214
-0.561254112638
0.077474336626
0.95815408682
-0.428348909657
0.0974468914442
-0.523458704924
-0.347758887172
0.719984432769
-0.19421246844
-1.15185256287
0.910499806277
-0.289743094456
-0.346487006737
-0.934401220442
-0.361010830325
0.611737717454
-0.475646879756
-0.642722117202
0.436681222707
0.133079847909
-0.189753320683
1.15163147793
0.0191975427145
-1.02603078092
-0.903784598004
-1.37418755803
1.27891668234
-0.486618004866
-0.502793296089
0.920879533922
-0.801640566741
0.789177001127
-1.53561517114
2.01963004908
1.3389441469
-0.209963733537
0.537324889656
-2.17758588324
-0.726798360045
0.713213213213
-1.75179789784
-0.422328314359
-2.50626566416
0.0179051029543
1.58239359767
0.843727072634
0.701884004433
0.57588705183
0.466592011945
-1.59779614325
-0.128393250183
0.90690357209
0.14828544949
-0.0555761393108
-0.037037037037
-0.0185150897982
1.4081862561
-0.467202392076
0.205992509363
-0.706582372629
-1.08515725584
1.26653008009
-1.77460665935
0.128228613299
0.0366501740883
-1.95831836148
-0.322349570201
-0.0536960801861
-0.939716312057
2.02604920405
-2.0031909236
-0.370893677146
0.550523885633
-0.424403183024
-0.26455026455
-0.561206594177
-0.575414123801
0.0348857491715
-0.243605359318
-0.742659758204
-0.0345303867403
0.607955532395
-0.518403317781
-0.344411916652
0.467128027682
-0.138217000691
0.0172801105927
1.18901905928
-1.0553633218
0.277585010409
-0.207756232687
-2.25080385852
-0.454851752022
1.02110279101
-0.827004219409
-0.836820083682
-0.714523097375
-1.82707993475
-0.438525255806
-0.436610608021
0.17819536692
-0.0485751295337
1.41215106732
0.644521566683
0.28173682466
-1.09818062613
1.75116744496
-2.45648283716
1.05211244452
1.62044771133
-1.93315858453
-0.521512385919
-0.952380952381
-1.06994570425
0.513643659711
-0.780379041249
0.867469879518
-0.0802568218299
0.923375992224
-1.98475706574
-0.0158755357993
0.318522057652
1.11111111111
-0.16077170418
-0.876494023904
-0.475812846947
-0.0317107975266
-0.126682501979
-0.189663347558
0.476417341591
-1.25450838952
-0.499297862381
0.438802695502
2.14502961421
0.401800064288
-1.00238663484
0.915221579961
-1.2525765023
-0.221483942414
0.317409934931
1.13964686998
0.0481772924362
1.46651458367
0.458340153871
-1.0367730439
-0.194017784964
-2.30611277839
-0.40899795501
-2.60456565038
-0.442342892007
2.80696252156
-0.824261275272
1.08473510454
1.53232242618
0.983236621534
2.14027000329
3.31689062766
-0.135892644811
-1.68670674683
2.5166923472
-1.68321831342
1.46883005978
1.35018175524
-2.08474576271
-0.438744515694
1.07453522088
2.14285714286
-0.537168601629
-1.26603934987
-1.35021097046
-0.420168067227
-0.700934579439
0.892406128978
1.43467122118
-0.357385976855
1.13597246127
-0.223252618925
0.41386445939
-0.463439752832
-0.867789688617
-1.26008064516
-0.882597835137
0.992263706694
1.71057133082
-0.948830904778
-0.58952332828
-0.519436997319
0.981387478849
0.424808836024
0.323900443232
-1.36203127627
0.473052880554
0.44120142542
2.43351294977
-0.27734442711
-2.89513549907
-0.917278185457
-1.76933158585
-0.228832951945
-0.374531835206
0.425183973835
-0.260968846844
0.607154578274
0.114999178577
-0.927734375
1.62090638439
-0.165125495376
0.514522821577
-0.198774225609
-0.231366716245
-0.444225074038
-0.896787868906
1.72499585338
-1.16393442623
0.0984574991795
-0.34341782502
0.774555042848
0.948261520546
-0.39768019884
0.768074803807
-0.712864721485
0.116182572614
1.55064891286
0.593421498813
0.442779291553
-0.25479870902
-0.372313420206
0.544495490897
0.668036998972
0.18877638579
2.17429423111
1.31462071416
0.249332146037
-0.443262411348
-0.176991150442
-0.0707463742483
-0.824416768988
-0.105134045909
-0.782336578581
0.753196706954
0.776699029126
-2.780161318
-0.614020126215
0.068271036013
2.00208913649
-0.743044755486
1.06531610199
0.456140350877
1.06382978723
-0.529100529101
-0.856793145655
2.49103942652
-0.107411385607
-3.7062575418
1.52257612881
0.0
3.10357271743
2.28866740495
0.407709414381
1.50489089541
-0.374812593703
-0.559075661573
0.751032669921
-0.206108300543
-1.34935304991
1.65351371665
2.66203703704
-0.269334359369
1.92156862745
-0.720264745961
-0.213675213675
0.3704425814
-0.349718282495
1.1397131067
1.69864108713
-0.457529341556
-1.35400313972
-1.60262598957
-1.05082155139
3.97298371077
0.619628223066
0.866935483871
-3.40798442064
-2.19047619048
1.23409178558
-0.384172109105
1.77908113392
-0.814426992437
0.50672383551
-0.368932038835
-3.08618742943
-1.41001855288
-1.83937352031
-0.812861271676
2.49953712276
-2.52661974373
0.108401084011
1.02208432196
-0.760731751494
0.345328971283
-0.0726480203414
1.34364071415
0.0
-0.0367985280589
1.56980003738
-1.58175464411
1.49337315662
0.093423019432
-0.501952035694
1.26129518072
2.01651622815
0.211701308699
0.580720092915
-0.0966930961129
-0.423647217408
-2.71637317347
-0.927988121752
0.13008734436
-0.627885503232
-0.642201834862
-0.456621004566
-0.182315405652
4.15875427269
-1.36729724668
1.27086494689
2.60801868431
1.38121546961
0.976290097629
-2.46793626117
-1.94359756098
2.84146580443
-3.4984871407
-2.36336779911
1.0447761194
1.95929237208
3.24037706206
3.2860040568
3.98650073824
9.49191685912
4.33734939759
-12.1878967414
8.07226160531
-1.08572721104
-3.42944517256
3.57466063348
-4.86439948343
0.934173365197
1.43234905245
5.38783093358
3.48473924537
1.46305779078
-9.37016574586
3.19270239453
-1.81370353784
1.36177939174
-3.05830583058
-1.26004779492
2.90632684999
0.539447066757
-3.80540540541
0.762527233115
3.28532853285
1.39174081679
-5.29386343993
2.7987561084
2.3879918126
1.10370200046
2.88620771233
2.92184075968
-6.65909090909
-2.71943400398
0.355003328156
-0.68312031732
-3.17900576061
5.72975411685
0.910539494651
-4.78977026441
3.1061452514
-2.67507612005
0.0
2.56524648673
-1.05936879276
2.46494798734
-0.785281579538
-0.889481876807
-3.20705983642
2.15479331574
0.66401062417
1.6880486158
-0.51500223914
1.56925176257
-0.294784580499
-1.07671601615
0.382796667417
-1.15735588694
-0.751049259996
-1.37254901961
1.01232394366
1.63274435249
-0.48965056755
-0.685234305924
1.43497757848
1.98948090556
-0.658791458428
3.28484279681
-1.70664206642
-1.09489051095
2.23880597015
-0.947100947101
0.394248608534
2.18009478673
-1.92888682315
-0.692360950842
-1.20839033288
0.711825487945
1.94288389513
1.13636363636
-2.49307479224
2.16981132075
-0.679315999063
-1.97474167623
2.93074923186
4.03245635604
-1.45384056215
-7.02861004731
1.2314709236
2.93427230047
-0.187441424555
-1.43187066975
1.07376283847
1.78189593728
-2.25267069206
1.62851073873
3.16532748965
0.538555691554
2.9226505417
2.21478238475
-2.26529071231
4.96697490092
-3.19693094629
0.903225806452
-1.04698672114
-1.03613848875
-3.1096963761
-0.921882581271
-0.121153380179
-0.43425814234
-0.480192076831
-1.25651967757
-1.07879924953
-3.39827820571
0.272603362108
-1.6312849162
-0.222965440357
-0.554323725055
2.68670309654
-0.0682593856655
-2.02853321444
-1.05866784296
0.822770736046
-0.0444543231829
0.829224562976
-0.822404978884
0.0
0.581265369998
1.17620447862
-1.82100821674
-0.155210643016
0.177698800533
1.55650800812
2.87769784173
0.372699743769
0.0232991612302
0.303809301239
1.30208333333
-0.0946073793756
-1.00678997893
-0.789779326365
1.36566988462
-1.62149640954
0.0695410292072
0.465766185375
0.327102803738
-0.279589934762
0.397660818713
-3.71621621622
1.76484070594
-2.8285077951
-0.133451957295
-2.40937703495
-1.22212692967
-0.765957446809
0.685518423308
-1.31078224101
0.190637576785
1.24383444135
-0.575692963753
-4.59723352319
0.285597715218
-1.28876359243
1.16113261357
-1.34646302251
0.647249190939
0.121506682868
0.590751680587
1.40466845693
-0.349938246192
-0.634076498261
1.62128455623
0.585406648547
-0.208637596495
-3.26942482341
1.51608276992
1.70868931027
0.397489539749
0.631578947368
-0.73145245559
-0.581757739456
-0.331331538621
0.625130235466
-2.41968279789
0.613747954173
-0.244897959184
0.740131578947
0.267985982272
-0.410593307329
0.827985924239
-1.50866462793
-0.486914181376
-2.45398773006
-0.51191179366
0.934022257552
-1.39133842838
1.35054617676
2.483207816
-0.101667344449
-0.364667747164
-0.32310177706
0.263211176351
0.223214285714
-0.785182202537
-0.341091492777
0.483870967742
0.20202020202
0.671140939597
-0.445434298441
0.101337657073
-0.202265372168
0.815660685155
1.19686339249
0.706566916043
-0.722096141943
-0.47227926078
0.185147089076
-1.51944894652
-0.121408336706
-0.981767180926
1.73257236038
0.656544932294
-0.894672631151
-0.525889967638
0.774561761109
0.594627844987
0.494539460128
-2.55020080321
0.443727309399
-0.740740740741
-0.912517357667
-0.434524985187
0.0988533017003
-1.80547466511
-1.24616564417
-0.552907530982
-0.41769508259
-1.4039685511
-0.63244047619
1.43396226415
0.283822138127
0.513503233169
0.458540313336
-1.18935246366
-0.301148127235
-0.337647720878
-0.72625698324
1.09186746988
-1.39224057917
0.130111524164
-0.957290132548
-0.893997445722
0.403004213226
-0.109789569991
-0.255521080489
-0.0182481751825
-0.072939460248
-0.145666423889
-0.163606616979
0.401533126483
1.33160717588
0.0
-0.147737765466
1.70924117205
0.0187863986474
-0.430228208006
-0.0934404784152
-1.07228692919
1.4631401238
-0.763216679077
1.12951807229
-0.691718078145
-1.67279411765
-0.165167920719
-1.78442682048
-0.591291883175
-0.57010511313
0.339649624598
-0.921006021962
-0.493479027141
-0.22859152453
0.512548603747
-0.527426160338
-1.04384133612
-1.30494505495
0.0859254167383
0.137669936328
1.62644281217
-0.034965034965
-1.51515151515
0.207039337474
1.20481927711
-0.382675247869
-0.656644202523
0.329403606103
-0.259380944147
-1.28030044384
-0.896633395365
0.118563685637
-0.0338638672536
1.09551523451
2.5272025272
0.105411103303
-0.454704442113
-0.157150340492
-0.0349101064758
-0.261142061281
0.0
-0.519570488396
0.104022191401
1.19298245614
-0.070126227209
1.22448979592
0.035505059471
0.249154653853
1.88576609248
-1.99040341212
-1.07243319269
-0.26301946344
-0.175039383861
1.49227216202
-0.230414746544
1.65765765766
2.07835203237
0.239675516224
-0.202391904324
0.387883265608
-0.678774536782
0.609080841639
-0.129032258065
-0.239058477381
-1.21707538601
0.328048113723
2.69511510387
0.640421925033
0.835707502374
-2.51805221255
0.40899795501
-0.793065289561
0.444609114487
-1.53228748632
-0.921742273631
-1.03738150599
0.340990667624
0.61394005056
1.00310049243
-0.598259608412
3.84036144578
0.758725341426
-1.03247606533
-0.0562851782364
-1.16818097534
-0.991371397099
-0.420475319927
0.440690414983
0.516795865633
-0.0369003690037
1.11940298507
0.468603561387
-0.559179869525
-0.0931098696462
-0.260029717682
-0.203892493049
-1.46118721461
0.38503850385
-1.37432188065
1.24496521421
-0.328467153285
0.274473924977
-0.219098046376
-0.182248952069
-0.236363636364
-0.542495479204
0.802041560335
1.04991711181
0.873281308064
0.111607142857
-1.52042498626
-0.310445580716
-0.472555434388
0.127388535032
1.27165499447
-1.29161360742
-0.632682574114
1.56049201395
0.516700498247
-0.220953783834
0.798069784707
0.279173646008
1.62663135994
-0.918290854573
-0.707108299218
0.542563143124
-0.576636904762
1.09063557728
-0.894521058517
2.60038240918
-0.702487184355
-2.53515914138
0.80208916247
-0.758978156238
0.990839409235
0.281214848144
-0.131061598951
0.583804143126
-0.0376506024096
3.06558013194
-0.0969180073658
0.252623396813
1.6594231529
1.07827476038
-2.24477845013
-0.330739299611
0.214466757653
-2.13699675634
-0.644549763033
2.88667836942
0.925196850394
-1.47401086113
0.408958130477
-2.09723546235
1.54888673766
0.271791885071
-1.2840168647
-0.419847328244
0.0763941940413
0.0955840183521
-0.323932926829
0.0381242851696
0.42113323124
0.849420849421
3.06406685237
-1.60532498042
1.49016491158
0.418994413408
0.179892064761
-0.03996003996
-0.753519730319
-2.02059452108
-1.81228538726
0.0381679389313
-0.0953288846521
-0.512139605463
-0.189322226429
-0.0567644276254
0.91655527974
0.191314329443
-1.82193839219
-1.55325443787
-0.331736085514
-0.89497716895
-0.345831816527
-0.199818346957
0.309766763848
-0.200036370249
-0.217746325531
-2.3045559298
0.0532103582831
-0.300618921309
0.319318786589
-0.669603524229
-0.630362458414
0.22815022815
1.67737330478
0.628479080625
-0.0717746276691
-0.268432355047
-0.427655024947
0.501432664756
1.01302460203
-0.0361663652803
-0.539568345324
-0.107797340999
0.487452608774
0.416968817984
-1.78062678063
1.09810981098
-0.590551181102
-2.49520153551
-0.121993726037
-0.312717164698
-0.12146451501
-0.345841258862
-0.789157659976
-0.393028024607
0.844390832328
0.764021531516
0.296064089168
-0.156494522692
-0.0868658790827
-0.707262377092
-0.240922388573
-0.206079340546
0.622083981337
-1.27942681679
0.0341296928328
-0.846023688663
0.578624914908
0.41011619959
-1.0148849797
0.407608695652
-1.30740864901
-0.234113712375
0.605652759085
0.0504965494025
-0.251846877099
-0.0671140939597
-0.567233900567
0.050075112669
-0.0500500500501
-0.1
-0.563473649321
-1.32461161079
-0.520579144298
-0.227235838338
0.98344533683
-0.375571521881
0.0817126981533
-0.0326743996079
-0.179386823222
-0.631988332523
-0.242483026188
-0.145278450363
-0.80064051241
-0.207734100352
0.192122958694
-0.287356321839
0.143884892086
-0.398089171975
-0.190718372537
-0.0635324015248
1.4175257732
-0.703774792067
-2.06766917293
-0.746268656716
0.0777967947721
1.02169129205
-1.53227054636
0.779909530494
1.13582584004
0.348266582238
-2.36476043277
-0.308166409861
0.62015503876
0.796999531177
-0.233863423761
-0.388259046436
-0.67869813358
0.278422273782
-0.308404009252
1.48669796557
-1.29749768304
-0.918273645546
-0.547945205479
0.597152044097
-0.274851122309
-0.152462265589
0.0152485513876
0.78377132319
-0.443696450428
-0.137509549274
-0.0763358778626
-0.410521514368
0.843299601349
2.11366838891
0.598519451882
0.729811201015
0.174825174825
-0.222010783381
0.590205774446
-0.555203045685
-0.567823343849
0.427688895929
-0.551354757404
0.0946073793756
0.778642936596
0.254898837024
-0.758893280632
0.460609911055
0.0
0.414673046252
0.787654717891
-1.01829753381
-0.317208564631
0.302258988228
0.46348090139
0.0159846547315
0.0639795265515
-0.556704310482
-0.443388756928
-0.613786591124
-0.047192071732
0.681026290782
-0.0791264440576
-0.331230283912
-1.78156467854
0.0
1.23902132999
-0.234705053982
0.0469630557295
-0.668636292956
0.61013767209
-1.52518872285
0.744994567748
-1.7385999695
0.552062567091
-0.0153327200245
-0.639853747715
0.0304785126486
0.505437279828
0.740626446536
1.36065060995
1.44375694114
2.32142857143
-1.09184328838
-0.66985645933
-1.36857008023
0.0944733112896
-1.18251128054
-0.649250270521
-0.8126341613
0.292172843303
-1.04990870359
-0.484554815263
-0.452215857703
-1.30913418625
-0.650310375406
0.281606639988
-0.236581398788
0.281731909846
0.252712947822
-0.192878338279
0.747384155456
-0.564803804994
-1.50783194261
0.441111601235
1.03996434408
0.327917722462
-1.12011790715
-0.0441956393636
0.206672571597
1.21021963245
-0.10447761194
-0.608218365228
-0.0741179958494
-0.383933845245
-0.235710076606
0.622591165135
1.13943028486
-0.298953662182
-0.0746825989544
-0.579150579151
0.0297088532383
-1.44927536232
0.190671751247
0.515995872033
-0.235328724812
-0.453879941435
-0.233713117149
0.234260614934
1.20017780412
0.0296428042093
0.836945150202
0.314842578711
0.28567132762
-0.449034575662
0.0748951467945
1.09024833434
0.778269494888
0.16814429838
0.337423312883
-0.305810397554
-0.743663681894
0.76464291176
0.414619164619
-0.746837372352
0.985070032323
-0.794014353336
-0.198110332216
-0.319003493848
-0.648958647751
-0.210843373494
2.18528778086
0.0770060064685
-0.429381996626
-1.24185976071
-1.01933743067
-0.861940853024
-1.17491555294
-0.307467057101
-0.335619436743
-0.32
0.101921956902
0.851688693098
0.368459837878
-0.308551278284
0.576326289345
0.207315267289
0.61084624553
-3.17368724755
0.653404965878
-0.677819440438
-0.559300157751
0.678602367889
0.101170689406
0.72790799243
-0.174393256794
1.17629760329
0.413406171564
0.984046518563
-1.94444444444
3.91978122151
-1.42279466826
2.53378378378
-2.33953209358
4.25265791119
-3.77613961185
-0.997914804885
-1.55425219941
0.0440076279889
-1.60219399538
2.24321133412
0.983606557377
-0.252712947822
-2.59194902983
-0.889781859931
2.51581580109
-0.773722627737
-1.76394665137
-0.186086458632
-0.83747338538
0.0
1.0180671064
0.446492870517
-1.93502824859
-0.519881972741
2.59478160588
-0.0144133756126
0.40520984081
-0.960298122402
-1.7600675866
-0.294819598484
1.04979429706
-0.226468506723
1.97748267898
2.15275729873
0.593295757935
-1.94880744619
-1.16429495472
2.21863062004
-1.43374366401
2.20544701007
3.27117089575
0.291277019776
-0.457805585228
0.214100015293
-0.773899848255
-1.49476831091
0.149700598802
-1.00770598696
0.118694362018
-0.66322770818
1.26865671642
0.389571471381
-0.432642100552
-0.134088200238
-1.56914503593
0.471489612494
1.37415982076
-0.770712909441
-1.6042000875
-0.522268968519
0.892857142857
1.90930787589
-1.07717279032
-1.28186453023
1.2835644733
-0.630406098812
-0.640932265113
2.41682828584
-0.534203887817
-1.07163828538
0.486797462753
-0.308823529412
1.47739143411
0.585409786851
-1.14260276005
2.18347232752
-0.0303168106715
1.69569909049
0.200803212851
-0.659812797299
-1.54101828071
-1.54692845456
0.598533592698
0.677915034649
0.105564771528
-0.554889022196
-0.149745432764
0.0749288176233
-1.24315524641
1.01659440873
0.616726835138
0.332025354663
-0.941844819853
-0.815539739027
0.103903814754
-1.50584795322
-1.68175937904
0.549212313918
-1.07234772662
0.0858614768174
0.532297511149
-0.92645381984
0.271544947835
-0.242372398061
0.631276901004
0.475709961078
0.638328739301
0.0
-0.591289299106
1.88069350573
0.72517389374
0.865800865801
-0.534521158129
-0.355082112739
0.207561156412
-0.939932442356
-0.642054574639
0.927835051546
-0.774514102002
0.617556241729
0.845195729537
-0.0296471983398
-0.103657633644
-0.471628592483
0.0294854784019
-0.367215041128
0.0734969866235
-0.758570386579
0.321966925216
0.529645431808
0.0441566087724
-0.73056691993
-0.66763425254
0.730994152047
-0.668022073773
-0.275162925416
0.334205172915
-0.620938628159
0.101185313674
0.260869565217
0.246985326166
-0.0290486564996
-1.44574864014
0.373563218391
0.607111882047
-0.0722230247003
0.683536940081
-0.0436109899695
-0.692940666955
-0.345274061286
-0.912330719886
-0.142348754448
0.0427228709769
-0.156405516849
0.242303306727
-0.340909090909
-0.269159937668
-0.745219347582
-0.420050406049
-0.0979157924185
-0.570236439499
0.0417420342285
-1.08725571153
-1.55805446416
-0.270233752196
-0.17534394389
0.515184381779
0.408385515927
-0.0136109976861
0.823384108687
1.18022771452
-0.138657792568
-0.138465798948
0.38921323325
-0.690226394257
-2.04192021636
-0.296615882432
0.474126253048
-0.418184270875
0.597095942462
-0.580140313006
-1.08100894168
-1.03024699511
-1.20057418765
0.406184486373
-0.792928636423
-0.298081907724
-0.361570247934
0.571428571429
-0.36231884058
0.181488203267
0.46887210211
-0.813848340008
-0.0774493352265
0.780538571614
0.391798354447
0.314424210664
1.61075612354
1.44496961512
-0.617366796403
0.431324976412
-0.482897384306
-1.33668607729
0.438654791971
-0.304797243573
0.532907007727
0.441589723003
2.2438090026
-0.746876697447
0.546149645003
-1.83621498459
0.444264943457
-1.27591706539
0.776855076346
-0.718085106383
0.682822332307
-1.38632162662
-0.459981600736
0.144774940774
0.316873514655
0.238221281101
1.1919110754
-0.360288230584
0.227363916009
-0.412892914225
-1.65051087241
-0.300378738409
-2.071876199
-0.924987328941
-0.303183425973
0.905035054175
0.383877159309
0.218004616568
0.0
0.671314226698
1.06993736952
-0.828157349896
1.0460251046
-1.55747200412
0.322830578512
-0.141843971631
0.675061664287
0.195109261186
0.28698147665
-0.467411062062
-2.32086239696
-1.44981877265
-1.36834319527
0.39603960396
-0.259227255894
1.57993730408
-1.33613757268
0.235615079365
1.09063557728
0.26395173454
0.403836446239
0.571138469349
100.48346056
-0.203148806501
0.0762388818297
-0.505689001264
0.0505944852011
0.152014187991
0.534895568008
1.26386381223
1.73182891629
-0.935794125292
0.785957558292
0.447368421053
1.44153764015
0.861604738826
-0.695187165775
0.321888412017
-0.613169821381
-1.67758846658
0.65963060686
0.637280934679
-0.29123643103
0.585885486019
-2.08604954368
0.603357817419
-0.599739243807
-0.699119627136
0.259605399792
-0.310559006211
1.6039968446
-0.236096537251
1.16772823779
-0.21186440678
-1.43565648656
1.00184550488
-1.17248566962
0.104329681794
0.261506276151
-0.23480302635
-0.648004147227
0.0
0.051867219917
1.23391966395
-0.0524796641301
-0.313889615485
0.262260687123
0.606860158311
0.42395336513
-0.264270613108
1.17647058824
0.456621004566
1.69352635892
-0.732104121475
-0.566190347803
0.134989200864
-0.376546530393
-0.401821591213
0.674217907228
0.843078596682
-1.73703901657
1.90631808279
0.990099009901
0.192890603472
0.582039911308
-0.221238938053
0.416550958067
-1.15289596486
-0.355579868709
-1.82599355532
-0.0268456375839
-0.374431666221
-1.42367519114
1.52569593148
-0.160342063068
-0.372736954207
-1.07979984198
0.131856540084
1.44462279294
0.619111709287
-0.42883945323
-0.187265917603
-0.875099443119
0.185972369819
-0.581088219757
0.584484590861
0.106382978723
-0.15932023367
0.426666666667
0.590128755365
1.35943447526
-0.728744939271
0.433721875847
0.435611216989
0.851180669962
0.0
1.25104253545
-0.772413793103
-3.59042553191
0.0
-0.15932023367
0.965147453083
0.701943844492
0.0270051309749
0.189393939394
0.135464643728
-0.216274668829
-0.88424437299
0.0
-0.506531591576
-0.503978779841
1.53514678158
0.0
0.0538938291566
0.161943319838
0.108078897595
-1.0956707643
-0.213333333333
0.698174006445
-0.799147575919
0.508701472557
-2.07131620346
-0.443748368572
-1.54202004626
0.36110394635
0.4144004144
2.79552715655
0.940607363612
1.00434310532
-1.54997327632
-0.663658083355
-0.159024648821
0.053036329886
-2.10280373832
2.12089077413
-1.02335345054
-0.884265279584
-0.697314049587
0.0516795865633
-0.309119010819
0.361944157187
-0.871348026653
-0.255623721881
-0.254971953085
-0.228949376749
0.898357289528
0.958797615963
-1.10199897488
0.489312387329
0.180598555212
-1.44927536232
-1.35440180587
-0.499126528575
0.0749250749251
-0.199401794616
-1.40083558614
1.16857284933
-0.544015825915
-0.0247218788628
-0.663064833006
1.36918098083
-0.912678835718
1.14770459082
-1.90895741557
0.368459837878
-0.876552227904
-0.267119961146
0.243427458617
2.46944375156
-5.38116591928
-0.42303172738
1.06888361045
-1.31270511017
-0.140449438202
0.0468384074941
1.30486358244
-0.47225501771
0.593824228029
-0.331439393939
-0.212615166549
0.284292821606
0.595805529075
-0.662878787879
0.380228136882
-1.45199063232
0.565237870937
0.807217473884
-0.0711743772242
-0.0948091964921
-0.776105362183
-0.931966449208
-0.394523091204
0.279264603212
1.39216611609
0.0944733112896
0.213017751479
0.76317672311
-0.733901515152
-0.728554641598
2.77777777778
1.54525386313
1.95048762191
-2.00931144327
-1.47271849348
1.89421894219
-0.343221377789
-1.49722289302
0.558523555124
0.956116695268
0.99034414459
-0.0494926998268
0.173525037184
-0.835791543756
-0.610798924994
1.2868101955
3.27114745719
-1.58450704225
0.581836579813
-0.478348439074
-1.51252169601
0.173869846001
0.37397157816
-0.865051903114
0.222937825118
-0.296369473944
-0.0740375123396
-0.0493339911199
-0.710262062209
0.368731563422
-0.853034365099
0.0
0.0487685930261
1.93885160328
-1.49363369246
0.0735113942661
-0.681431005111
0.612144955926
-0.29296875
0.244738130201
0.048971596474
0.492125984252
0.893743793446
-0.0992063492063
0.59880239521
-1.20778900666
0.870213823968
-0.173740382229
-0.19816695566
0.547945205479
-0.124378109453
0.0996015936255
0.828521215164
0.453972257251
0.303566911207
1.12560757227
0.102432778489
0.696235172769
0.336351875809
0.966562173459
-0.0783085356304
-0.545171339564
1.04931794334
-0.0786369593709
-0.521512385919
0.656167979003
-0.209533787323
0.738786279683
-1.6606123508
0.784518828452
-0.286831812256
-0.441329179647
-0.284752782811
-0.386797318205
0.884495317378
-0.646161798914
-0.437467833248
0.180458881155
-2.02071230109
0.712286949886
-0.228426395939
1.99326947968
0.25953802232
0.521784503
-1.05833763552
0.885416666667
1.37275607181
-0.184453227931
1.38925995191
0.726587728741
-0.10752688172
0.404858299595
-0.6169527897
0.539374325782
-1.85283218634
0.0264760391845
-0.369295700343
0.663834306957
-0.894736842105
-1.42671854734
-0.593089221248
-0.103039670273
-0.690713737529
0.0
0.747422680412
-0.589290289521
-1.4642766978
-0.477386934673
0.454316002019
0.126358352287
-0.100984599849
0.253100480891
0.0253164556962
-1.37328339576
0.552347476776
-0.549313358302
0.451467268623
-0.025075225677
-0.598205383848
-0.223824919174
-0.0248632521134
0.124470998257
0.0747384155456
0.199700449326
-0.91516200841
0.0
0.148625216745
0.298136645963
0.149290868375
0.0
0.274451097804
-0.669144981413
-0.049541738915
1.35576198845
-1.55709342561
0.148514851485
1.38017565872
-0.697732369798
2.34634021933
-0.050981391792
-0.101858925388
0.434782608696
-2.29885057471
0.40140491721
-0.44955044955
-0.298804780876
-0.0746454341876
-0.74092368486
-0.418101328087
-1.04648332928
-0.532558702493
1.59862272504
0.494315373208
0.471815247082
-0.297103243377
1.12669003505
0.528567832872
-0.996760528283
1.51783455603
-0.403124212648
-0.176056338028
0.125912868295
1.09470468432
-1.60320641283
0.0501253132832
1.68195718654
1.0298661174
0.284017557449
-0.360174942115
2.55936675462
-0.707361802463
0.925436277102
1.66666666667
-0.747065101387
-0.345652751928
-1.10439127005
0.210803689065
-1.60746694322
-0.18115942029
0.337574655934
-0.362225097025
-0.71923966093
3.89645049373
0.99730458221
-0.536193029491
0.322754168908
-0.853333333333
-0.714853057983
-0.264061262213
-0.525348043079
-0.340314136126
0.209863588667
-0.495954058992
-0.104302477184
-0.311931375097
-0.207522697795
-0.25873221216
-0.386597938144
0.857811281518
1.31682907559
-0.523971705528
-0.261301280376
-0.338541666667
0.681699003671
-0.806241872562
0.0260145681582
0.104166666667
-0.569653029518
0.0259000259
-0.540958268934
-0.333761232349
0.750129332644
0.650872168706
0.2087138012
0.682952456002
-0.392464678179
-1.03573278094
-0.719794344473
-0.230828417543
0.257135510414
0.673052032099
-0.258197779499
-3.6087605774
-1.0101010101
-0.319253438114
-0.0736196319018
0.0982559567674
-0.0491038546526
0.0737100737101
-0.755913191904
-0.0487448208628
1.13384274094
-0.539347879382
0.0245218244237
-0.41514041514
0.466143277723
0.666831316374
-1.02664385236
0.441934691873
-0.342549547345
0.122488975992
-0.705424470932
0.538028857911
0.913129318855
-0.904866715578
0.442151805453
0.320354854608
-0.709566919501
0.714637752587
0.0
-0.46602894285
0.46821094135
-0.196753566158
-0.611097531166
0.1223690651
-0.0489236790607
0.220642314293
-0.244558571778
-0.243961941937
0.195551209973
-0.389578767957
0.513950073421
1.08857001484
0.123854347288
-0.713231677324
-0.635386119257
-1.53994225217
-0.55037090213
0.239865675222
-0.0958543014618
-0.286738351254
-0.262154432793
-0.166547704021
-0.379236785968
-0.401322001889
0.165523764483
0.0
0.142079090694
0.213573801614
0.476871721507
-0.0238379022646
-0.733554188358
0.690969740291
-0.967437470505
0.665083135392
-0.0474833808167
0.237981913375
-0.966297431063
0.0707547169811
2.9376062151
0.931144327371
-0.390529655846
-0.0731707317073
0.7866273353
0.817843866171
1.84250378597
0.839908373632
0.0
-0.279187817259
0.561510974987
-1.85370741483
1.44853875476
-0.253485424588
-0.303260045489
-0.277217741935
-0.650976464697
-0.59731209557
-1.71232876712
-1.13663845224
0.218128938439
0.0242424242424
-0.386380101425
0.705252918288
-0.700313933832
-0.456730769231
0.0
-0.0720634158059
-0.215723873442
0.192122958694
-0.335088559119
-0.21495103893
0.0717017208413
0.14360938248
-0.381497377206
-0.545411429926
0.524433849821
1.1818620357
-0.0963855421687
-0.336215177714
0.0720980533526
-0.430725053841
-0.618311533888
-0.402652771198
0.787777512533
-0.898982730069
1.17280995692
-0.995260663507
-0.118343195266
-0.961087669948
-0.187178287319
0.187529301453
-0.790697674419
-1.37614678899
-0.728597449909
-1.41414141414
1.55003419193
-1.34922419609
0.907646925346
0.985334555454
0.948415452232
1.5742481203
-0.746268656716
-0.947100947101
6.41592920354
0.147710487445
-0.587371512482
-0.414330977334
0.662414131501
0.493096646943
-0.9765625
-1.06280193237
-1.14613180516
0.167424061229
-0.0239120038259
-1.15811864807
0.0472925041381
-0.0708884688091
-0.165133286152
-0.282286520819
-0.468274408804
-0.186959569993
0.140416569155
-0.442684063374
-1.40133241443
-1.56037991859
-0.0677966101695
