55.25
55.62
56.06
56.56
57.88
58.75
60.12
60.44
60.44
60.69
61.06
64.06
65.12
65.75
63.56
62.88
62.75
58.44
56.94
56.56
56.31
56.06
55.06
55.06
55.56
56.75
56.75
56.25
54.88
53.81
53.25
53.25
51.19
50.75
50.50
50.00
48.31
48.06
47.56
47.62
49.19
49.38
49.06
48.31
44.81
45.88
45.88
44.06
43.12
42.88
43.50
48.56
48.75
48.06
47.38
46.19
46.44
46.38
45.25
44.88
45.31
47.12
46.94
47.25
48.19
47.38
44.75
44.75
44.88
45.69
47.69
47.12
46.06
46.25
46.38
47.94
48.00
49.00
48.19
48.88
47.44
46.75
46.25
45.94
46.12
47.31
46.75
47.62
49.94
50.50
53.00
51.50
51.00
48.62
48.00
48.19
49.06
49.44
49.69
50.19
52.00
53.25
53.06
52.75
53.06
52.12
51.75
51.06
51.88
51.88
52.12
52.25
52.81
52.38
53.81
55.12
54.00
52.69
53.00
53.00
55.62
57.50
57.50
58.38
58.75
56.25
57.81
58.25
57.81
58.38
57.25
55.81
55.25
56.44
57.00
56.56
56.62
58.75
59.88
60.36
59.06
58.81
58.62
59.69
60.06
61.25
61.31
62.25
62.06
61.12
61.12
60.50
59.69
60.06
61.00
62.25
61.62
59.50
59.56
59.50
59.12
58.00
57.94
57.88
55.00
56.69
56.06
53.81
51.50
53.38
53.50
54.06
53.25
53.81
52.31
52.19
52.06
49.94
50.50
50.75
52.06
49.44
49.19
50.88
52.62
53.25
54.00
54.12
55.00
55.25
56.12
56.00
57.31
57.75
57.81
57.06
57.75
56.38
56.38
57.00
57.00
56.81
56.12
53.75
53.88
54.44
55.62
56.44
57.62
58.88
58.69
60.31
60.06
59.12
58.81
59.81
59.06
59.88
61.88
60.38
59.62
60.25
61.06
61.12
55.94
55.25
58.25
58.62
58.06
59.88
59.75
61.44
61.31
61.88
60.69
60.38
60.56
60.62
58.19
57.62
57.25
55.75
53.50
53.62
54.69
55.56
56.12
57.50
58.62
60.00
60.56
60.19
60.25
59.06
56.75
57.50
57.81
57.62
57.88
57.12
56.25
56.19
57.06
56.94
55.31
55.19
55.44
56.12
57.81
57.50
56.53
57.26
56.57
56.61
57.19
57.62
58.34
59.27
59.56
59.95
59.50
59.45
59.13
56.99
58.41
58.40
54.12
51.41
51.51
51.45
51.54
51.91
52.35
52.01
49.53
49.39
49.80
50.22
50.97
50.03
48.30
46.26
46.20
47.11
48.04
47.05
45.25
44.49
44.00
44.50
44.57
44.85
43.76
44.40
44.86
44.18
44.17
44.62
43.85
43.90
43.21
42.37
42.65
44.15
44.81
45.71
46.04
46.28
47.03
47.17
47.40
46.90
46.00
45.85
46.13
47.15
46.40
45.82
46.41
46.01
45.40
45.52
44.60
45.35
45.21
45.53
47.65
47.70
47.31
47.55
47.30
48.50
47.89
48.15
47.77
46.95
47.00
46.90
46.48
46.36
45.86
45.65
45.51
45.51
45.40
44.84
44.11
43.47
43.54
43.45
43.55
42.59
43.26
43.03
43.75
44.22
44.86
44.67
45.61
45.02
44.57
44.56
44.45
44.29
44.90
45.11
46.05
45.91
45.61
45.80
45.79
44.24
43.65
44.01
44.40
44.20
44.01
43.80
43.76
43.50
44.10
44.30
44.41
44.56
45.00
44.45
45.35
45.70
46.15
46.92
47.01
47.71
48.06
47.81
48.21
48.81
48.40
47.60
47.31
48.06
48.30
48.46
48.80
49.43
49.15
49.50
48.71
48.95
48.33
48.30
45.25
46.81
47.81
46.76
46.50
46.71
45.85
45.51
45.36
44.82
44.29
45.36
45.48
45.71
45.60
44.01
44.05
44.30
44.25
44.35
47.01
47.75
48.30
48.54
48.25
48.88
48.50
47.57
47.74
47.36
47.90
48.30
48.86
49.11
48.80
48.55
48.73
49.14
49.60
49.75
49.78
49.11
48.70
48.53
48.51
48.10
47.51
46.57
46.46
46.76
46.11
46.29
46.96
46.16
46.10
45.51
45.55
45.45
45.76
46.08
45.80
45.88
46.25
47.24
47.77
48.11
47.80
47.47
46.99
46.95
46.26
46.50
46.02
44.80
44.63
44.47
44.49
44.67
44.30
44.04
43.93
44.31
45.01
45.20
44.00
43.77
44.02
44.51
44.00
43.61
43.50
43.70
44.36
44.60
45.21
45.75
45.03
45.30
45.50
45.51
46.00
46.65
46.04
45.42
45.88
45.90
47.00
46.61
46.80
47.35
46.96
47.20
47.25
47.12
46.35
47.40
47.40
47.01
47.60
47.78
48.21
48.18
48.85
49.12
49.87
50.25
51.35
51.74
51.85
51.94
51.56
51.70
51.50
51.56
51.61
51.54
52.75
53.02
53.02
52.49
52.21
51.80
53.26
53.21
53.60
54.77
54.26
54.50
54.15
54.45
54.07
54.73
55.70
57.09
56.25
56.50
56.25
55.84
56.41
56.20
55.95
56.33
56.20
56.40
56.56
55.90
55.25
55.51
55.77
55.76
54.55
53.81
53.80
54.68
53.99
52.95
53.61
53.96
53.75
53.62
53.73
53.81
54.05
53.70
54.69
54.90
54.81
55.11
54.91
55.90
54.83
54.34
54.83
55.78
56.25
56.15
56.03
55.56
56.56
56.12
54.35
52.16
50.70
49.39
50.09
49.75
47.28
44.74
44.90
44.20
43.60
45.90
46.85
47.87
47.61
48.15
49.45
49.30
48.10
47.55
47.60
48.84
50.29
50.06
49.96
49.58
51.01
51.25
51.27
50.92
51.35
51.77
52.20
52.11
52.00
50.80
50.00
50.15
49.48
50.00
49.08
49.12
49.51
50.06
50.94
49.36
49.11
49.55
48.94
48.55
47.04
47.17
46.41
46.70
47.20
47.51
48.20
47.45
48.25
49.80
50.10
50.70
50.01
50.76
51.01
50.42
50.72
51.16
51.25
46.88
44.57
45.12
46.90
47.33
47.23
46.52
46.37
45.67
45.02
46.11
45.90
45.65
45.50
45.84
44.90
44.60
44.48
44.26
44.21
44.40
45.13
45.01
45.59
45.85
45.41
44.92
44.75
44.77
44.58
44.80
45.52
45.05
44.79
44.63
44.80
44.80
44.86
45.10
46.02
45.35
44.50
45.30
44.85
44.37
43.57
43.89
43.88
43.85
44.10
43.23
42.90
43.26
44.05
44.22
44.34
44.20
43.90
43.70
44.31
45.10
45.02
44.84
45.01
45.04
44.51
44.41
43.87
42.75
41.52
41.00
39.81
39.20
39.15
40.09
39.70
39.86
39.65
39.50
39.35
38.85
39.31
39.30
39.90
40.65
40.30
40.03
40.00
39.82
39.50
39.52
39.71
39.95
39.21
38.31
37.01
37.20
37.15
37.01
37.10
37.48
38.50
39.46
39.70
40.30
40.76
40.95
41.30
40.77
40.57
40.66
40.14
40.43
39.71
39.88
41.00
40.95
41.15
41.60
41.61
41.43
41.30
41.30
41.43
41.99
39.51
39.00
39.92
39.68
39.70
39.25
39.25
39.75
40.33
40.13
39.44
40.18
40.30
40.62
42.26
42.72
43.42
43.87
43.63
43.90
44.45
43.95
43.62
43.97
43.81
44.09
44.05
43.85
44.12
44.35
44.99
45.34
45.75
45.80
46.31
46.70
46.40
46.28
45.59
46.47
47.01
47.30
46.78
46.66
45.94
46.10
45.78
46.57
46.61
46.29
46.43
45.89
45.90
46.04
45.90
44.95
44.10
43.68
43.81
43.35
44.02
43.70
42.28
44.12
44.42
44.64
44.74
44.67
44.52
43.80
44.45
44.35
44.92
44.97
44.40
44.25
44.27
43.89
44.18
44.62
44.33
44.20
44.20
44.47
44.81
44.76
43.94
43.66
43.47
43.20
43.28
43.64
43.75
43.58
43.42
43.08
43.51
43.81
43.97
44.10
44.01
44.48
44.40
43.69
43.47
42.53
42.72
43.32
43.11
42.70
43.14
42.79
42.89
42.87
42.86
42.60
43.00
43.70
43.83
44.09
44.16
43.97
43.76
43.71
43.82
43.85
45.00
44.50
44.71
44.96
45.60
45.15
45.01
44.84
45.11
44.76
45.38
45.54
45.75
46.20
46.50
46.53
46.70
46.40
46.45
46.36
46.29
46.56
46.49
46.27
46.31
46.50
46.12
46.20
46.23
46.19
46.18
46.22
46.39
46.54
47.00
46.91
46.50
46.61
47.46
47.66
47.88
48.25
49.55
49.80
49.92
49.41
49.76
49.75
49.91
49.83
49.87
49.77
49.96
50.40
50.01
50.06
50.12
49.72
49.66
49.58
49.45
49.59
49.60
49.18
49.59
49.65
49.66
49.03
49.35
49.83
49.98
49.14
49.10
48.65
48.92
49.32
49.39
49.58
50.23
51.10
51.91
51.11
51.29
51.05
50.90
50.91
50.85
50.16
50.25
49.54
49.57
49.47
48.62
49.30
49.02
49.00
48.55
48.58
49.76
49.62
49.72
48.10
47.68
47.58
47.85
48.20
48.87
48.62
47.95
48.07
48.15
48.13
48.35
49.18
49.46
49.83
50.23
50.63
50.49
50.14
50.58
51.00
50.77
50.55
50.71
51.02
51.26
52.30
52.21
51.50
50.70
50.75
50.52
50.51
50.15
49.78
50.25
50.28
49.90
50.35
50.75
50.66
49.76
49.30
49.27
49.25
49.29
49.51
49.53
49.31
49.17
49.30
49.40
49.53
49.96
50.83
51.19
50.72
51.49
51.70
51.80
52.11
52.27
51.42
51.23
51.00
50.95
50.75
50.96
50.69
51.15
50.80
50.70
50.95
50.10
50.26
50.40
50.24
50.20
50.46
50.42
50.18
50.41
50.35
50.53
50.39
50.50
50.77
50.31
50.05
49.82
49.20
48.55
44.11
44.12
43.45
43.54
42.80
43.06
43.67
43.90
43.82
43.75
43.23
43.15
43.06
43.25
43.80
43.71
44.13
44.24
44.15
43.65
43.56
44.00
43.99
43.71
44.18
44.50
44.34
44.02
44.30
44.55
45.41
45.15
43.40
43.02
42.67
42.50
42.55
40.38
39.95
39.95
40.11
40.37
40.40
40.02
39.73
39.23
39.70
39.64
39.91
40.28
40.35
40.59
40.44
40.11
39.91
39.81
39.57
39.25
39.15
39.06
39.01
39.20
39.26
39.15
38.75
38.41
38.30
38.93
39.99
40.50
40.31
40.00
40.60
40.92
41.15
41.18
41.21
41.01
39.36
40.10
40.42
40.15
39.91
40.06
39.71
39.48
39.39
39.60
39.68
39.35
39.21
39.30
39.70
40.50
40.25
40.13
40.17
40.07
40.25
40.24
40.79
41.01
40.95
40.95
40.80
40.80
41.00
41.32
41.45
41.52
41.30
41.32
41.54
41.41
40.90
40.74
40.55
40.85
41.01
41.01
40.85
40.61
40.75
40.60
41.08
40.67
40.81
40.75
41.08
41.15
41.53
41.21
41.39
41.13
41.36
41.60
41.56
42.26
42.44
42.40
42.26
42.33
42.65
42.21
43.15
42.81
42.76
42.46
42.40
42.41
42.37
42.69
42.76
42.86
43.05
43.25
43.51
43.35
42.80
42.97
42.30
42.10
42.18
41.84
41.75
41.40
41.25
41.28
41.06
40.91
41.09
41.09
41.45
41.51
41.29
41.25
41.50
41.60
41.82
42.05
41.81
41.69
42.01
42.02
41.15
40.74
42.06
41.63
41.74
41.89
42.11
42.60
42.48
42.62
42.60
43.24
43.52
43.69
43.76
44.10
44.10
44.02
43.79
43.75
43.87
44.08
43.73
44.35
44.88
44.75
44.83
44.76
44.83
44.84
44.75
44.37
44.43
44.30
43.85
43.80
43.97
43.76
43.45
43.56
43.47
43.59
43.40
43.41
43.77
43.76
43.56
43.26
43.00
42.13
42.08
42.47
42.62
41.67
41.85
42.20
41.92
41.39
41.75
42.54
42.54
42.64
42.95
42.73
42.91
42.92
42.96
43.53
43.15
43.44
43.57
43.68
44.00
43.76
43.65
43.83
43.87
44.09
43.60
43.46
43.75
43.83
43.61
43.40
43.43
43.18
43.11
43.22
44.26
43.96
43.96
43.75
43.50
43.55
43.34
43.20
43.12
43.62
43.70
44.35
44.25
43.68
43.91
43.90
43.55
43.39
43.34
43.23
43.16
42.88
42.15
41.85
42.24
42.00
42.30
42.35
42.55
42.96
43.12
43.01
42.62
42.44
42.04
41.86
41.58
41.51
41.50
41.55
41.92
41.75
41.28
42.08
41.81
42.06
42.06
42.31
42.12
42.34
42.40
42.47
42.39
42.49
42.03
42.11
42.00
42.02
42.23
42.24
42.48
42.25
42.12
41.87
41.89
42.04
42.07
42.36
42.73
42.75
42.79
42.67
42.70
42.61
42.60
42.35
41.97
41.71
41.25
41.10
40.77
40.97
40.85
41.16
41.11
41.14
41.08
41.01
41.11
40.64
40.73
40.42
40.31
40.35
40.66
40.58
40.86
41.25
41.18
41.47
41.28
41.05
40.90
40.60
40.60
39.36
40.00
40.70
40.90
41.15
41.22
41.54
41.21
41.03
40.98
40.52
40.63
40.61
40.67
40.90
40.71
40.63
40.94
41.11
41.16
41.23
41.60
41.92
41.94
41.84
42.18
41.92
41.85
41.70
41.57
41.70
41.70
41.70
42.12
42.53
42.41
42.44
42.55
42.51
42.58
42.69
42.51
42.69
42.20
42.33
42.33
42.11
42.02
41.90
41.81
41.80
41.68
41.75
41.58
41.31
41.22
41.07
40.90
41.08
40.86
41.05
41.40
41.55
41.69
41.52
41.25
41.35
41.61
41.83
41.91
41.99
41.83
41.80
42.04
42.82
43.18
43.47
43.27
43.11
43.05
43.64
43.20
43.36
43.27
43.38
43.52
43.45
43.85
44.22
43.63
43.56
43.67
43.60
43.39
43.20
43.35
43.05
43.43
43.27
42.76
42.49
42.52
42.93
42.73
42.70
42.68
42.62
42.70
42.49
42.27
42.36
42.42
43.02
43.11
42.84
43.04
43.12
43.24
43.62
43.44
42.85
42.37
42.54
43.07
43.55
43.65
43.77
43.87
43.72
44.04
44.22
44.31
44.43
44.24
44.19
43.89
43.75
43.48
43.70
43.71
43.71
43.61
43.88
44.11
44.21
43.95
43.76
44.08
44.12
44.13
44.18
44.35
44.35
44.65
44.93
44.80
44.87
44.81
44.51
44.37
44.32
44.30
44.47
44.45
44.42
44.47
44.28
44.22
44.29
44.07
43.94
44.01
44.31
44.34
44.67
44.63
44.50
44.50
43.79
44.68
44.66
44.17
43.95
43.90
43.96
43.86
44.00
43.75
43.72
44.60
45.10
46.70
46.89
47.00
46.89
46.76
46.66
46.51
46.50
46.41
46.40
46.33
46.57
46.53
46.53
46.28
46.19
46.16
46.37
46.75
47.05
46.96
46.82
46.88
46.85
46.39
46.35
46.36
46.41
46.23
46.54
46.85
47.93
48.49
48.65
48.58
48.70
48.66
48.73
48.38
48.82
48.40
48.64
48.63
48.25
48.31
48.29
48.50
48.19
48.28
48.25
48.17
48.01
48.46
48.37
48.60
48.25
48.34
48.48
48.20
48.07
47.99
47.94
47.94
47.90
47.80
47.56
47.64
47.49
47.85
48.04
47.84
47.86
47.86
47.65
47.64
47.80
48.09
47.73
47.58
47.76
47.50
47.52
47.22
47.18
47.58
45.56
46.32
46.27
45.81
45.77
46.55
46.66
46.89
47.15
47.47
46.96
46.59
46.68
46.82
47.04
47.24
47.37
47.91
47.97
47.68
47.85
47.59
46.85
47.60
48.05
48.53
48.94
49.30
49.43
49.65
49.60
48.65
49.49
49.93
50.76
51.35
51.31
51.62
51.59
51.37
51.49
51.85
51.75
51.85
52.13
52.50
52.59
52.95
53.15
52.92
52.85
52.43
52.17
52.50
52.16
52.13
52.10
52.09
51.75
51.42
51.24
51.15
51.49
51.91
51.92
52.88
52.43
52.21
52.10
51.84
51.26
51.03
51.32
51.06
51.06
51.07
51.36
51.53
51.11
51.32
51.36
51.44
51.50
51.62
51.75
52.22
51.95
52.32
52.50
52.48
52.30
52.57
52.07
51.80
52.05
52.49
53.36
52.81
53.07
53.43
53.09
53.15
52.96
53.18
52.56
52.22
51.79
52.04
52.18
53.16
53.24
53.15
53.71
54.38
54.81
54.10
54.21
53.80
53.61
52.83
53.16
54.15
53.98
53.78
53.62
53.65
53.70
53.18
53.08
53.13
53.39
53.67
53.36
53.20
54.11
54.29
54.70
55.28
55.62
55.66
55.04
55.41
55.88
56.16
56.31
56.51
56.54
56.91
57.13
57.03
57.56
57.64
57.37
57.57
57.83
57.69
57.30
57.78
56.92
57.15
57.16
57.43
58.06
58.77
58.69
58.39
59.25
59.36
60.09
60.88
61.29
61.35
61.13
60.82
60.01
59.92
60.25
59.93
59.90
60.63
59.80
59.65
60.75
60.99
61.70
62.01
62.10
62.14
61.92
61.60
61.68
62.49
62.62
61.72
61.96
61.51
62.45
62.38
63.06
62.88
62.94
62.95
63.38
63.74
62.28
61.88
62.10
61.90
62.30
62.80
62.76
62.21
62.00
61.22
60.73
61.07
61.67
61.90
63.31
63.60
64.71
63.46
63.75
63.56
62.48
61.90
60.16
57.71
56.49
58.94
58.23
58.05
58.28
57.56
57.24
58.51
58.47
57.31
57.57
57.84
58.99
58.80
59.65
59.01
58.40
58.01
57.97
57.55
57.73
57.39
58.20
58.32
59.28
59.15
58.18
58.35
58.52
59.03
59.02
58.50
58.65
58.87
58.96
58.31
57.13
56.75
57.94
59.37
60.04
60.54
61.07
61.00
61.21
60.88
60.64
60.90
60.21
60.25
60.20
60.27
59.87
60.31
60.47
60.09
60.15
60.42
60.54
60.54
59.65
59.65
59.70
59.76
59.79
58.96
58.86
58.37
58.69
58.40
58.60
58.14
57.88
56.99
56.05
55.83
56.00
56.27
56.19
56.26
56.78
56.94
56.96
56.45
56.53
58.01
58.11
57.34
57.14
57.02
56.45
56.29
56.25
56.46
55.74
55.50
56.00
57.01
56.75
53.92
54.04
53.96
53.11
53.00
52.93
53.02
52.63
53.40
53.13
51.83
51.44
50.92
50.87
51.19
51.00
51.00
50.86
49.70
49.52
50.54
50.59
51.25
49.70
49.65
49.44
50.06
51.02
51.53
51.53
51.11
51.12
51.00
51.22
51.74
52.90
54.05
54.60
53.84
53.71
54.85
54.12
54.40
54.75
54.75
53.94
53.98
53.90
53.22
53.41
53.37
53.15
53.22
52.90
52.04
51.91
51.27
51.20
51.48
52.30
53.17
53.31
53.05
53.55
53.54
53.70
52.65
52.10
50.12
51.31
50.57
49.87
50.36
50.84
50.41
51.01
52.52
52.90
52.39
48.72
49.08
46.45
43.30
40.29
43.21
42.65
43.91
42.13
42.91
44.53
46.00
44.22
41.50
41.00
41.00
41.12
43.50
43.87
43.50
44.16
45.61
44.60
43.86
44.49
45.11
43.93
42.81
43.32
44.98
43.20
42.03
42.21
41.00
40.50
43.70
44.26
43.75
45.20
44.30
42.94
43.50
44.21
43.42
45.44
44.38
44.47
43.90
43.00
43.84
44.73
45.01
44.77
44.18
44.00
43.86
44.00
44.27
43.72
44.54
45.06
45.04
45.18
44.46
44.22
44.56
44.25
43.51
43.62
42.27
42.40
43.47
42.88
42.16
42.30
41.56
42.12
43.00
43.25
43.34
42.53
41.53
41.98
42.28
41.91
42.66
42.00
40.28
40.96
42.15
43.69
42.44
42.25
42.68
42.38
41.92
42.19
42.16
41.01
40.45
39.62
38.76
38.84
37.44
38.10
38.73
38.65
39.05
39.35
40.43
41.12
40.82
41.00
41.80
42.31
43.00
43.41
44.03
43.82
44.43
43.43
43.86
43.50
44.65
44.48
44.54
44.46
44.52
44.82
44.40
43.81
44.10
44.34
44.66
43.81
42.62
42.60
42.69
42.57
42.08
42.00
42.36
42.80
42.18
42.23
43.02
42.75
42.57
42.51
42.54
42.86
43.44
43.91
44.63
44.68
45.82
46.54
46.40
46.64
46.88
46.54
46.36
46.95
48.72
48.88
48.77
48.71
49.23
48.81
48.86
48.05
48.08
48.48
48.10
47.82
47.84
47.96
48.71
47.99
47.75
47.36
47.18
47.63
48.12
47.81
48.41
48.77
48.38
48.55
48.17
48.51
48.02
48.10
48.74
49.39
50.16
50.03
50.07
49.80
48.85
48.88
48.84
49.15
49.00
49.09
49.55
49.50
49.30
49.35
49.00
49.20
49.17
48.98
48.95
48.43
47.42
48.00
48.12
48.48
48.32
49.12
49.25
48.81
48.69
48.70
48.76
48.92
48.50
48.38
48.55
49.23
49.05
49.72
50.24
50.16
50.00
50.91
51.65
51.90
52.42
53.30
52.78
52.73
52.17
52.23
52.27
52.90
53.19
52.60
53.04
52.91
53.30
53.66
54.32
54.32
54.25
54.53
54.55
54.59
54.35
54.69
54.67
53.18
53.70
53.41
53.12
52.71
53.09
53.23
53.15
53.11
53.16
52.77
53.03
53.45
53.81
54.17
55.25
55.74
55.85
55.90
56.43
56.45
56.29
56.04
56.69
57.71
57.86
57.99
56.40
56.80
57.38
57.68
57.16
56.81
56.70
57.07
57.03
57.92
58.60
58.92
58.85
58.38
56.94
56.31
56.90
57.09
56.99
57.05
57.28
57.45
57.48
56.93
56.90
56.14
55.98
55.75
54.75
54.80
56.06
56.69
56.77
56.04
55.92
55.29
54.19
53.98
53.88
53.87
53.70
54.13
53.90
54.00
54.15
54.53
53.40
52.53
52.57
53.37
53.17
53.27
53.62
53.93
54.76
55.15
55.18
55.27
54.79
54.69
52.61
52.23
52.79
53.15
53.18
54.32
54.36
54.32
53.95
54.04
53.00
53.26
53.37
53.57
53.60
53.74
53.60
54.40
54.41
54.61
54.65
54.50
54.67
54.61
54.50
55.13
54.65
54.22
53.56
53.44
53.85
54.51
54.65
54.65
54.13
54.17
54.92
54.32
54.00
54.00
53.74
53.73
52.84
52.56
53.56
53.40
53.27
53.05
53.20
51.21
51.54
53.25
53.50
53.42
53.45
52.86
52.85
53.08
52.46
51.53
50.30
51.02
49.94
49.94
50.26
51.00
50.73
51.17
52.45
51.02
50.77
50.52
51.17
51.86
51.13
51.46
51.56
51.77
52.04
52.26
52.27
52.43
52.01
51.67
50.26
50.61
50.10
50.01
49.47
49.85
50.02
50.30
51.56
52.07
51.95
52.60
52.42
52.32
52.21
52.05
51.92
53.28
53.97
53.96
54.70
54.82
54.77
54.66
54.43
55.65
56.06
56.21
55.80
55.65
56.36
56.52
55.98
55.35
55.37
55.12
55.50
55.61
54.97
54.92
55.41
55.15
55.06
54.97
55.03
55.51
55.00
56.27
56.86
57.09
57.40
57.70
57.81
58.00
57.75
57.55
57.22
57.25
57.41
57.55
57.65
58.10
57.72
58.23
58.55
58.36
58.42
58.25
58.52
58.55
59.01
59.36
59.20
59.06
59.33
59.34
59.66
59.68
59.74
59.80
59.83
60.37
61.01
61.43
60.99
60.77
60.30
60.88
61.03
61.21
61.78
61.28
61.88
62.00
62.30
62.35
62.30
62.36
62.39
62.82
61.82
62.10
62.85
63.55
63.58
63.28
63.82
64.00
62.87
62.92
63.83
64.51
64.48
63.99
64.12
64.07
64.56
64.28
64.30
63.70
63.75
64.69
64.85
65.19
65.16
65.03
65.47
65.06
65.06
65.35
65.36
65.36
65.11
63.81
62.86
62.83
62.56
62.56
62.67
62.70
63.13
62.98
63.17
63.19
62.75
62.72
62.68
62.54
62.86
62.64
62.14
61.89
62.85
62.56
62.13
62.36
62.32
62.34
62.87
62.82
63.12
63.00
62.55
62.88
63.27
64.12
63.33
63.70
63.71
63.71
63.86
64.20
64.13
64.78
64.77
64.48
65.22
65.26
64.97
64.47
63.53
62.35
61.29
61.91
62.45
63.05
63.25
63.25
64.56
64.82
65.03
65.08
65.61
65.96
66.60
67.16
67.31
67.21
66.94
66.86
66.80
66.41
66.97
67.09
67.87
66.64
66.95
67.61
67.47
67.32
65.81
66.56
66.66
67.27
67.57
67.57
67.20
66.40
66.73
66.83
66.98
66.90
67.17
68.02
67.72
67.50
67.65
68.01
67.89
67.18
67.21
66.82
66.30
66.48
66.64
66.60
65.62
65.21
65.36
65.18
65.07
65.27
65.24
64.79
65.30
64.64
64.80
65.62
65.37
65.77
66.11
64.43
64.72
64.85
65.35
66.18
66.82
67.02
68.08
68.29
68.58
68.12
67.71
67.73
67.77
67.37
67.28
66.59
67.53
68.80
68.50
69.48
69.01
69.09
68.54
68.62
67.90
67.12
67.07
66.95
65.74
65.04
64.95
63.59
63.70
63.91
66.40
67.26
67.57
68.16
67.06
66.86
67.17
67.32
68.55
67.76
66.70
68.87
69.52
69.66
69.78
69.50
67.39
69.91
70.55
68.73
68.20
68.58
68.54
69.85
71.02
69.95
70.52
69.27
66.62
66.87
67.66
69.28
67.89
68.19
67.56
65.12
63.34
64.55
64.45
65.39
66.01
66.59
66.79
66.89
67.35
66.82
66.40
66.87
66.57
67.46
67.61
66.80
66.41
68.10
68.39
68.29
66.78
67.35
68.01
67.29
67.28
67.80
66.86
66.91
67.95
67.42
67.48
66.91
66.10
66.90
65.39
65.54
64.80
64.74
64.75
65.01
66.72
66.68
66.17
65.88
66.14
66.20
66.56
66.92
66.32
66.29
66.07
66.79
67.26
67.22
67.83
68.32
68.89
69.21
69.81
69.40
69.51
69.97
70.10
69.50
69.35
68.62
68.80
69.11
67.55
67.35
66.57
67.32
67.18
67.26
67.40
67.91
67.71
67.54
67.76
67.23
67.03
67.18
67.80
67.75
67.84
67.70
67.63
68.20
67.77
67.42
68.09
68.10
68.23
68.42
68.60
68.50
68.60
68.92
68.83
68.52
68.80
68.90
69.39
68.97
69.00
68.64
68.50
69.10
69.31
69.34
69.51
70.10
69.78
69.88
70.00
69.93
70.35
70.94
71.29
71.59
71.65
71.90
72.27
73.31
73.64
73.46
73.21
73.07
72.74
71.95
71.84
71.82
71.94
72.14
73.18
73.73
73.42
73.74
73.33
73.71
74.31
74.82
75.92
75.93
76.28
76.64
77.20
76.96
76.85
76.62
76.49
77.20
77.20
76.62
76.26
75.92
74.99
73.47
74.13
73.91
73.82
74.60
75.01
75.06
74.82
74.66
73.01
72.56
73.05
73.30
74.20
74.15
74.62
74.34
74.47
74.70
75.42
75.77
75.66
74.84
74.62
74.86
74.17
74.20
75.24
75.69
77.08
78.01
78.71
78.20
77.84
77.71
77.82
77.15
76.52
76.34
76.20
76.76
76.82
76.50
76.79
76.37
76.10
76.73
77.70
78.90
79.57
80.39
80.59
79.52
80.01
80.62
79.75
79.36
78.83
78.61
39.05
39.25
39.23
39.31
39.27
39.26
39.23
38.69
38.02
38.07
38.12
37.77
37.38
37.13
37.15
37.22
37.11
37.70
37.74
37.59
37.56
37.51
37.61
38.01
38.03
38.30
38.41
38.38
37.88
37.81
37.66
37.74
37.90
37.90
38.15
38.11
38.14
38.19
38.25
38.44
38.46
38.05
38.02
38.11
38.01
37.44
37.70
37.46
37.40
36.96
36.54
36.60
36.85
36.78
36.92
37.15
37.00
36.63
36.86
36.40
36.36
36.05
35.99
35.98
35.87
35.86
36.27
36.81
36.85
37.22
37.49
37.23
37.34
36.80
37.50
37.66
37.33
37.14
37.08
37.30
37.39
37.51
37.58
37.50
37.53
37.50
37.38
37.13
36.77
36.65
36.53
36.57
36.24
36.20
35.95
35.58
36.66
37.11
37.52
37.10
36.91
36.83
36.76
36.52
36.80
36.80
37.12
37.33
37.31
37.05
37.04
37.00
36.91
36.86
36.86
37.32
37.11
37.37
37.30
37.56
38.00
38.35
38.60
38.41
37.28
37.01
36.70
36.54
37.46
37.41
37.43
37.71
37.72
37.78
37.92
38.42
38.49
38.45
38.56
38.70
38.84
39.03
39.18
38.80
38.55
38.66
38.66
38.57
38.82
39.36
39.76
39.89
39.96
40.13
40.06
40.02
40.17
40.42
40.08
40.20
40.01
39.77
40.51
40.71
41.06
40.68
40.05
41.25
42.03
42.09
42.20
42.40
42.26
42.10
42.08
42.09
41.92
41.88
42.14
41.49
41.96
41.87
42.15
42.16
42.00
41.85
42.00
42.01
42.39
42.79
42.56
42.30
42.07
42.04
41.56
41.50
42.40
41.31
40.75
39.99
39.63
40.95
40.60
40.31
40.98
41.04
40.40
40.28
39.68
40.26
40.40
40.57
40.41
38.97
39.30
39.13
39.44
40.06
40.24
40.10
40.36
40.18
40.03
40.15
40.42
40.72
40.53
40.74
40.73
40.93
39.50
40.31
40.74
40.79
40.76
40.79
40.75
40.48
40.01
40.26
40.25
40.06
40.40
39.91
40.18
40.06
40.06
40.02
40.05
39.71
39.50
39.35
39.02
38.71
38.69
38.65
38.25
38.10
38.37
38.11
37.80
38.05
38.10
38.00
37.80
37.81
38.06
38.10
38.27
38.51
38.53
38.28
38.42
38.74
38.79
38.58
39.15
38.78
38.44
38.52
38.30
38.39
38.15
37.75
37.62
37.21
37.13
36.91
36.83
36.90
37.01
37.45
37.52
37.51
37.60
37.78
38.01
38.42
38.60
38.69
38.80
38.76
38.63
38.99
39.35
39.51
39.51
39.33
39.30
39.22
39.42
39.76
39.49
39.77
39.62
39.65
40.03
39.96
40.00
39.92
39.94
40.10
40.09
40.33
40.24
39.69
40.11
39.75
40.01
39.94
39.80
40.05
40.20
39.75
39.89
39.18
39.21
39.20
38.87
39.00
39.56
39.85
39.87
40.10
40.14
40.53
40.76
40.98
40.51
40.35
40.16
40.29
39.83
39.52
39.90
39.50
39.58
39.58
39.58
39.28
39.53
39.75
39.12
38.82
38.71
38.62
37.82
38.00
37.72
37.10
37.21
37.38
37.92
37.87
37.84
38.51
38.40
38.13
38.27
37.26
37.05
36.89
37.14
37.22
37.50
37.72
37.80
38.04
37.85
38.23
38.25
38.27
38.36
38.44
38.54
38.21
37.92
37.88
38.05
38.14
38.10
37.95
38.28
38.21
38.46
38.61
38.48
38.82
38.46
38.31
38.30
38.04
38.14
38.26
38.48
38.70
38.82
38.57
38.40
39.50
40.12
40.25
40.35
40.42
40.56
40.46
40.44
40.74
40.52
40.59
40.26
40.63
40.55
40.45
40.63
40.65
40.71
40.69
40.82
40.83
40.44
40.45
40.42
40.57
40.50
40.53
40.53
40.48
40.53
40.60
40.49
40.68
40.71
40.71
40.63
40.84
40.85
40.81
40.79
40.37
40.25
40.15
40.61
40.75
41.53
41.53
41.33
41.47
41.46
41.78
41.91
41.82
42.15
42.15
42.01
41.93
41.91
41.79
41.55
41.88
41.98
41.95
42.02
41.83
42.02
42.09
40.61
40.63
40.66
40.81
40.61
40.35
39.61
39.25
39.06
39.12
39.10
39.13
39.33
39.26
39.52
39.54
39.70
39.93
40.66
40.79
41.16
41.09
41.22
41.05
41.12
41.41
41.44
41.44
41.47
41.31
41.66
41.73
41.61
41.63
41.75
41.83
41.66
41.36
41.33
41.18
41.32
41.55
41.75
41.73
41.88
41.85
41.77
41.71
41.88
42.08
42.37
42.42
42.66
42.97
43.48
43.51
43.87
43.85
44.03
43.47
42.70
42.38
42.31
42.71
40.26
40.10
40.74
40.92
40.56
40.51
40.52
40.83
41.40
41.59
41.66
41.99
42.11
42.14
42.09
42.36
42.31
42.63
42.50
42.73
42.75
43.56
43.85
