0
5.94117647059
0.304848067657
1.69
-5.55345674348
-3.57890902468
3.10798122066
2.5912725171
-2.2412656559
-1.27370769803
-3.96428571429
-0.276021725581
-0.0622886634632
-2.49023861171
5.67577480286
-2.72921869426
4.59930963709
0.53460889139
2.63765883712
-5.13242009132
-7.05373058314
3.45100105374
-3.33587980647
-2.73282694848
-3.25105839125
-0.492806613147
-2.32901172269
-5.24496101221
3.81854284405
0.337164750958
1.953125
0.652669654793
-2.55172413793
3.72784357364
1.50879457802
-10.5901024383
0.998178506375
3.38983050847
1.67738970588
-1.23307360617
0.379679550459
-0.798493408663
-3.41239813737
0.969732588892
3.07436013933
-0.241728357758
-4.97451726366
2.1484088576
0.139510977311
3.37001897533
2.43352511274
-2.31639705324
-2.46666666667
0.656128839845
-4.78489280136
-2.43801080482
85.5545559697
-1.9778281683
-0.849362977767
2.79917822291
2.39284775177
3.31431676175
-4.77299185099
5.99122566493
-0.246170678337
1.38657792568
0.431694750035
-4.17667467307
3.28004410143
3.65714285714
7.69230769231
6.34816753927
7.22807017544
-14.2857142857
-3.97111913357
4.73381730188
1.53562653563
2.64817150063
-3.87878787879
-1.12359550562
-3.26086956522
-0.475984422328
-2.95352743561
5.05882352941
2.93672419013
3.83527192707
-6.09594095941
7.96812749004
0.0
7.26495726496
-2.90456431535
0.517183850517
-0.1
-0.924702774108
4.41379310345
4.73094980137
3.63023952096
-3.27601809955
9.29772502473
-8.29100145138
1.1376146789
-0.800873680379
-8.24983299933
5.16332982086
-6.56383327863
-5.34327430879
1.78656126482
3.16424726798
-2.49681933842
-1.27178520961
-1.07176141659
3.63811976819
-4.43076923077
-0.291455744746
-1.96992481203
-1.93186845598
-1.63910646939
2.7115613826
-0.474495848161
4.46096654275
3.09805174066
-0.302499601974
0.899598393574
-2.06104468219
3.87318189247
-3.72876022656
-1.64035902197
4.42792501616
-4.43243243243
-0.963597430407
3.58048162231
1.60978750805
-2.75516593613
-2.09961685824
-4.3956043956
-1.96782533755
3.52416356877
0.658584044305
-3.87050359712
2.02583675866
3.11837723282
-3.02407516148
-0.641773628938
0.823529411765
8.2630154434
-4.01894865526
3.56068998259
3.69215621923
-5.34327430879
-1.79987797437
-1.04150943396
1.14503816794
-3.406577201
6.98958662038
-1.44612035453
-0.294573643411
2.07311283431
0.206152870282
-0.598991172762
-0.0944881889764
-3.0534351145
1.0646505169
-3.54219377884
1.03759398496
1.52671755725
-0.847714199213
-0.751201923077
0.0
-3.00204022151
0.0875145857643
3.87878787879
2.72373540856
-3.01886792453
3.71008140263
4.39614316065
3.92323369565
-3.96346436144
0.0979591836735
-2.39043824701
4.47885447885
-3.12903225806
-1.77439797212
3.2722513089
1.34306085226
5.45549921315
3.62384489944
-3.6991798988
-3.58344549125
7.58371040724
-0.45045045045
-1.33333333333
-3.94467213115
1.73731758165
2.43815625556
4.65636058856
5.02738654147
-0.136745458097
2.77052800642
-11.1487691759
2.8623853211
-0.109970674487
4.42105263158
-10.3004291845
1.64020240796
2.55905511811
1.8221574344
8.41564598973
-5.48917102315
5.66186624581
5.47232625884
-10.8017817372
3.37682271681
-6.51121076233
-1.76211453744
2.95718432511
-2.87224669604
8.88334612433
-2.1220657277
6.37235317619
-0.635172687574
-5.15813253012
-0.821508588499
4.89620054837
-3.20379146919
2.92682926829
-4.54460793444
6.19066455696
-4.04251281078
2.80975609756
0.490196078431
-1.33488102147
7.95739348371
-1.27835051546
5.87208033181
-12.1066768995
1.32192846034
3.00360432519
-4.65826651394
-4.43349753695
0.790731886723
6.37715179969
0.353356890459
5.7504670957
12.1797857476
2.8502994012
14.3835616438
-6.12139917695
-6.31325301205
1.84049079755
0.0
3.00808897877
3.42483660131
14.8303812669
-19.3657709998
-1.36103151862
14.3637356636
0.191518467852
-1.53556034483
2.4
-7.336400818
2.78507619548
-1.14285714286
-1.28205128205
-6.87679083095
3.7147102526
-2.55791505792
-2.76865321445
0.140977443609
8.2676163826
2.42313705055
3.03355704698
-1.97368421053
1.49572649573
-2.11764705882
7.74647887324
2.71990740741
-3.32867132867
15.0998068255
3.53333333333
6.42071656616
-4.63464140731
3.71929824561
-2.99523485364
-4.64135021097
9.06194690265
8.4036838066
3.74203821656
-4.99243570348
-2.07407407407
3.60706062932
8.58333333333
1.30856901646
-3.30612244898
10.4100946372
-3.856152513
-3.83333333333
0.0
5.2170100833
10.620756547
9.62254120149
-12.0205799813
5.58024691358
-0.295420974889
1.8555667001
-4.18068236425
9.1815320042
-1.29466597618
-2.22784810127
5.67148207598
4.53020134228
-1.32450331126
15.0476190476
3.27868852459
-3.54206198608
4.98007968127
9.52727272727
0.438276113952
-8.36680053548
9.69162995595
-6.00414078675
-8.63808322825
-8.85057471264
-3.22580645161
4.53488372093
3.24129651861
-7.08310094813
-5.18244315177
-1.25326370757
10.5020196192
6.58056580566
3.36935791481
3.4188034188
-2.5
-8.12720848057
-4.60674157303
-11.0
7.18113612004
-4.98981670061
2.02597402597
-5.54465161923
6.53423941453
1.5932023367
-1.15485564304
2.58481421648
-0.907150480256
-6.3
0.704934541793
-1.68316831683
-11.6746829908
-2.59795570698
5.00894454383
-2.40069838498
3.90022675737
7.77126099707
7.68421052632
-1.34994807892
2.175066313
-4.4602128738
-8.40297121634
3.75722543353
-4.85792850596
6.49097120547
0.53974484789
0.0490918016691
7.09779179811
7.21533258174
6.54654654655
0.909090909091
-0.841346153846
1.46341463415
-7.23981900452
0.913242009132
-5.34846029173
2.7192008879
0.501952035694
-3.4983853606
2.08791208791
-5.30697190427
0.156331422616
9.15813424346
4.70518165575
-2.66666666667
6.48148148148
-2.99401197605
-6.49496080627
-4.69583778015
5.81592320723
-0.449690837549
3.73177842566
-3.43468468468
-1.27848804892
-1.53256704981
-0.598476605005
-1.71122994652
-3.50877192982
1.67890870934
0.899947061938
-1.71696149844
-5.32019704433
0.246913580247
0.997506234414
2.61003070624
1.45379023884
7.11902113459
-1.69491525424
-0.218221494817
0.658978583196
3.17280453258
3.82352941176
-2.74599542334
5.23780854907
-1.71597633136
5.55902560899
-2.85194174757
-1.67064439141
-8.16438356164
1.33259300389
5.38326506729
0.0585480093677
6.68332292317
-1.95958358849
3.55104629042
5.9811827957
3.33333333333
0.278551532033
-0.760193503801
3.35714285714
3.16875460575
0.593031875463
4.73602484472
6.53432588916
-3.74203821656
-0.31746031746
3.02534750613
8.80782918149
-7.71756978654
2.35294117647
3.65853658537
-17.70609319
-3.25936199723
-3.48058902276
-0.730897009967
3.15284441398
-3.69636963696
-7.95868772783
-2.89085545723
4.56508328192
-4.47849145551
8.78205128205
-6.6985645933
0.0
-0.653594771242
2.55941499086
-4.75914103308
-2.87485907554
2.6026604974
5.29841656516
-0.905250452625
-2.06855791962
-4.19026047565
2.31749710313
-3.57541899441
-3.08608554413
-2.43000528262
-0.838135149293
-0.572916666667
-0.311526479751
-1.63432073544
-1.55857214681
-1.24131082423
0.599400599401
-3.33172380493
4.64881253158
3.34203655352
-2.24604389995
-1.70597089814
1.16751269036
4.34322033898
-5.07792860734
-2.69080234834
2.92044310171
-3.21637426901
-4.73537604457
-1.14731528224
2.97731568998
2.02507232401
-0.192492781521
1.36585365854
7.83798001052
-1.95977307891
0.67497403946
-1.83486238532
1.39534883721
5.79551667578
0.549752611325
0.441744892325
-0.712719298246
-1.3520822066
-0.269687162891
2.37437879625
-5.82423296932
-7.36994219653
-0.336053768603
1.4612761812
-2.00477326969
0.479616306954
-0.714285714286
3.90895596239
2.95466123281
-0.25406504065
3.9070749736
-2.77207392197
3.34217506631
4.37430786268
-4.59587955626
-0.629921259843
-0.41819132253
-2.89340101523
3.62966859548
-1.7063081696
-2.32323232323
3.07131702238
4.91534680502
-1.02702702703
-0.591080064481
9.08558030481
1.78997613365
-5.25720746184
2.49130938586
-1.48401826484
0.343642611684
2.16500877706
1.66567519334
0.718993409227
10.4566512244
-0.853018372703
-2.30769230769
0.645161290323
8.84831460674
-0.21023125438
-4.86666666667
-8.98058252427
-0.181708055724
-1.5503875969
-1.35294117647
-4.49438202247
2.18140068886
3.87596899225
2.50611246944
-2.27001194743
1.20918984281
0.121065375303
-1.31421744325
4.49438202247
-2.85021224985
-0.4828002414
2.41038318912
-0.675260896255
-0.30599755202
-3.48493797992
-3.36757990868
6.69914738124
-1.0843373494
-1.60047421458
4.45820433437
-0.185414091471
9.17678812416
-4.69453376206
4.57296570276
-2.81045751634
1.93204530313
-3.65853658537
-2.44207889793
3.43264248705
1.17955439056
2.62273032952
6.13847251963
-2.9106029106
-1.0966415353
4.88856937455
-1.55697098372
-3.54948805461
6.93430656934
0.439882697947
3.80517503805
1.93948797517
-1.45259938838
-19.606637984
3.30158730159
2.14007782101
-1.78343949045
-4.55927051672
-0.664251207729
-2.6455026455
-1.39130434783
4.041013269
2.59900990099
-2.4154589372
-2.01183431953
1.99155099578
1.15995115995
4.66453674121
-2.24859462836
1.45754119138
2.93542074364
-4.66417910448
1.00502512563
2.97542043984
-1.71646535283
1.68067226891
3.2021347565
-1.96206671027
2.68636668905
4.12587412587
-5.10948905109
2.44731475187
1.51828847481
2.91193181818
2.47452692868
-2.2759601707
4.53531598513
0.148920327625
-2.82199710564
-0.931899641577
6.56990068755
4.21974522293
-3.68098159509
-7.18861209964
2.77980980249
4.03348554033
-2.73871206514
-3.84341637011
-2.29485396384
-0.415512465374
1.19131044149
-3.58108108108
3.20781032078
5.05494505495
5.16178736518
3.84
-4.50725744843
12.7476313523
-1.77664974619
-11.1945905334
-0.224887556222
1.13722517058
9.00826446281
1.76619007569
4.66549295775
-5.88235294118
-7.08237105466
-1.59090909091
0.609756097561
-2.16256524981
0.299177262528
-6.82926829268
-0.0696378830084
-0.622837370242
-1.83423913043
-0.0678886625933
-2.51489080079
0.0662251655629
4.49826989619
-0.276052449965
3.35235378031
2.18658892128
-3.38028169014
2.7496382055
5.73833205815
-1.50715900528
3.91542678152
-1.99539524175
0.54012345679
-3.49962769918
-1.03168754606
4.06441717791
-0.0766283524904
0.92807424594
3.11004784689
0.32
4.16666666667
-0.662251655629
1.00334448161
4.63692038495
-4.43143812709
5.28169014085
1.15761353517
7.15648854962
-4.20475319927
8.85572139303
2.44648318043
3.69978858351
4.18502202643
5.58139534884
-6.8255687974
-5.23613963039
-5.62015503876
3.3033033033
-9.0991810737
12.0285423038
-3.53982300885
-3.23501427212
-4.01826484018
-2.4064171123
-0.355239786856
-4.17021276596
-0.25466893039
8.07339449541
2.83018867925
-2.84142988084
-2.41502683363
-3.7037037037
-5.68643379366
-2.99448384555
-2.08333333333
4.93927125506
-1.67197452229
3.28947368421
-5.51670551671
-4.09836065574
-4.14285714286
-0.568181818182
1.22214234364
1.83016105417
-5.00695410292
-5.64304461942
2.35057085292
0.0
3.04498269896
-2.56237356709
-0.603217158177
-0.929614873838
3.71900826446
0.623700623701
2.26789510985
-0.49365303244
5.03703703704
-3.08686288586
0.57761732852
-1.84266477675
5.29850746269
-1.97512801756
0.0732064421669
3.32829046899
1.69230769231
-2.03466465712
-1.26488095238
0.674157303371
1.90839694656
0.691775557264
0.308404009252
-0.992366412214
-3.95894428152
-1.9410496046
-2.04225352113
-2.7397260274
1.108033241
-3.41137123746
-1.77398160315
-0.392670157068
-1.92554557125
2.63504611331
1.87919463087
5.44939844303
-0.352609308886
1.57593123209
-4.31802604524
5.26695526696
1.09409190372
-3.5864978903
0.994318181818
1.5140591204
3.7397157816
-0.816023738872
2.12121212121
0.0
-0.302114803625
3.03501945525
-2.28136882129
-2.37564959169
2.04545454545
-0.826446280992
-2.70467836257
-4.40251572327
-0.762829403606
1.12201963534
-2.79481935924
1.73370319001
2.41477272727
4.21909696521
-1.74545454545
-1.6452074392
1.89504373178
0.6603081438
-0.80058224163
1.92878338279
1.81268882175
1.76787086856
-0.0768049155146
2.60047281324
-5.43964232489
0.149253731343
-5.16631280962
-0.492957746479
-0.14064697609
1.28205128205
1.0071942446
2.88675055514
-1.5306122449
0.439238653001
1.18518518519
2.11800302572
1.84899845917
0.0
-4.83870967742
0.0
-0.510576221736
1.03168754606
1.04244229337
2.99079754601
0.0
-1.28690386071
-1.93021529324
0.974512743628
-1.62241887906
-2.79569892473
0.0717360114778
-2.65363128492
-0.0697836706211
-0.1393728223
0.0697350069735
-4.27236315087
-1.05680317041
0.933333333333
-0.793650793651
-0.98231827112
-0.715214564369
-3.27044025157
2.58064516129
1.83968462549
-4.57680250784
-4.31913617277
1.21432908318
0.304506699147
-1.97014925373
0.721587492483
4.3287327478
-0.312695434647
1.84713375796
-1.38190954774
1.46590184831
-2.84829721362
-0.798525798526
-2.04572803851
1.27970749543
-2.32142857143
-1.23456790123
-2.0725388601
0.0
0.057603686636
0.754497968659
-0.977011494253
-1.13636363636
-1.01237345332
2.12521539345
-3.170189099
0.0
-4.00427122264
0.915948275862
3.51366424986
4.00232018561
2.92537313433
-0.711321873148
-1.51780502043
1.42095914742
0.595592614652
-2.61020881671
-3.47144456887
1.94063926941
-3.84193194292
-2.72290443139
-0.372340425532
2.67613326051
-1.40010770059
-0.214938205266
0.540248514317
1.53592978607
2.6463963964
-0.72666294019
-0.223089793642
-3.96357793251
-1.11228813559
1.6146393972
-2.62054507338
0.0
-0.417536534447
-0.622406639004
-1.07747562853
1.77545691906
-0.571131879543
2.12089077413
6.85552407932
0.684540787222
-0.28441410694
-0.734048560136
-0.673022994952
1.3644115975
-1.1797752809
0.0562113546937
-2.62725779967
-1.50943396226
-0.107700592353
-1.58982511924
0.425758382118
-1.00105374078
-0.628272251309
0.473435034193
-0.937988535696
0.261233019854
-2.29709035222
-3.21146245059
-1.6998542982
0.832517140059
-2.10930009588
0.384985563041
1.56402737048
-1.20714630613
0.242013552759
1.32417851888
-4.22733677783
0.709555345317
-1.30718954248
1.90294957184
1.15495668912
-1.74940898345
4.08464566929
1.296111665
0.501002004008
-1.18811881188
3.11383358857
-3.0198019802
1.05052526263
-3.70905587669
-0.192307692308
-0.952380952381
1.0101010101
-0.763723150358
0.769600769601
-1.0
-0.662251655629
0.570884871551
-0.0950570342205
1.93798449612
-2.08728652751
-0.142112742776
2.32670867668
2.33134920635
1.81818181818
-0.652282990467
-4.64114832536
0.384245917387
-0.191754554171
-0.334448160535
-3.59281437126
0.602409638554
-1.00917431193
-4.80349344978
2.50671441361
0.675980171248
-0.715883668904
-2.69917283413
1.18942731278
1.97663971249
0.952380952381
1.47261849977
-1.45124716553
0.501367365542
-1.03743797925
-2.76315789474
0.79575596817
-0.832967996493
0.484581497797
-2.07075064711
0.302899177845
-0.815450643777
-2.83569641368
0.968421052632
-2.22313709345
4.56306500215
-2.31286795627
-0.62682824906
-0.664176006642
0.45871559633
0.88346655448
1.1919965943
-2.81340504758
1.59730979403
-0.792326939116
0.167084377611
0.293255131965
0.505263157895
-2.66393442623
1.16086235489
-0.453982666116
-0.0824742268041
-2.09931368591
-1.1572226656
-1.95618153365
-2.96127562642
-0.528700906344
-2.03477617462
0.52063964299
-1.86131386861
0.883652430044
-6.76278750429
0.935550935551
0.909090909091
1.34656272147
3.25649469447
-3.08510638298
2.54545454545
2.68857356236
3.15870570108
0.97238428627
-1.87022900763
-0.795153351003
9.67607973422
1.09151973132
-3.7186742118
0.283745439805
-0.44390637611
2.22772277228
0.790020790021
-0.0415627597672
-0.783505154639
0.664176006642
1.73141891892
2.11297973264
1.93406593407
-1.30151843818
-2.24766751484
0.985010706638
0.820379965458
-1.57246068848
2.17108119844
1.45374449339
-2.11297973264
1.31061598952
2.37030411449
1.08499095841
-0.40522287258
-0.581915846016
-3.41547773454
1.53643546971
-1.47058823529
-1.6170212766
1.42425550281
2.97777777778
0.671140939597
-0.0447227191413
-1.36744596383
-3.85920271416
0.769230769231
-1.88679245283
-0.334308399499
1.52736529487
-0.716090985678
-2.82439623414
-1.53164046755
0.649087221095
1.69141914191
0.372670807453
0.0828843762951
2.15918712955
1.54772141015
1.92813321648
1.51245551601
-1.66229221347
3.3921302578
-1.16227089852
-3.36933045356
-0.728987993139
0.777873811582
0.871839581517
2.54805543138
2.09949794614
4.78240076518
-0.994318181818
-1.16986429574
0.517403574788
-1.11627906977
-0.875979714154
0.323774283071
-2.83146067416
1.32058287796
0.919117647059
2.44821092279
1.48112756808
-0.333333333333
-1.68539325843
-0.743494423792
-0.554528650647
-0.0461893764434
-2.65287769784
-0.492170022371
-0.842945874002
0.759946356728
0.584532374101
-0.758589915216
0.268456375839
-1.88762071993
-4.64629552114
0.631844987363
0.764006791171
-1.09151973132
2.14408233276
-1.35363790186
-1.00502512563
2.22602739726
-0.256191289496
2.4048972453
-1.50732127476
-3.12891113892
1.22466216216
1.06700810926
0.557939914163
-1.72922817377
0.042194092827
2.55300735612
0.697167755991
2.59275815825
-0.223015165031
1.12764997745
-0.849731663685
0.314042171377
0.677506775068
0.180995475113
-0.135562584727
2.78680910358
0.795880149813
-2.37659963437
3.35380255078
-1.02851799906
2.1978021978
1.89873417722
-0.82085948817
1.0243902439
-1.44230769231
-0.57361376673
-1.5065913371
2.41080038573
-1.79924242424
2.47452692868
3.41194179629
-0.598503740648
-2.00391006843
11.8644067797
2.81056773468
-0.391937290034
-2.02962150302
-2.40899357602
-1.63243812533
-0.575916230367
1.16525423729
-1.56412930136
1.10701107011
-1.8115942029
0.782472613459
-1.54083204931
2.31213872832
1.43923240938
-1.72865374542
-1.08808290155
2.93333333333
-1.57480314961
-1.34645261523
-3.11088810838
-2.59042033236
1.03703703704
-0.4914004914
4.03885480573
-0.153139356815
2.24425887265
-0.725388601036
-1.78117048346
3.63924050633
0.31746031746
2.71739130435
1.9955654102
-0.16602102933
-1.31075914801
1.16022099448
-4.38457474908
-0.158227848101
-0.732984293194
-2.20174091142
2.09095661265
1.86368477103
-1.05374077977
-0.939457202505
1.59066808059
1.45239376009
0.595238095238
-0.911528150134
-0.267379679144
1.35501355014
-0.966183574879
1.97044334975
1.16279069767
-0.276090557703
-2.37196765499
-2.11081794195
-1.35346173868
-0.259605399792
-0.155520995334
0.051867219917
-1.22950819672
-2.25338007011
0.0
1.11392405063
7.10412147505
-1.60085378869
-2.69989615784
-1.48337595908
0.877192982456
-0.818833162743
0.102459016393
2.68279852709
-0.731070496084
0.789473684211
-1.09318063509
-0.104004160166
1.53115100317
1.01333333333
-2.08877284595
-0.260416666667
-1.18373648996
-1.96770938446
0.45615813482
-0.353535353535
2.0618556701
-0.10298661174
0.77841203944
-0.051867219917
-0.618556701031
0.0
2.15903106898
-0.314960629921
-1.60123966942
0.207039337474
-0.668380462725
0.777202072539
0.207684319834
-0.258933195236
-0.566426364573
0.517598343685
0.0
4.09482758621
-0.0538502961766
-1.48541114058
0.694444444444
0.0
0.429184549356
-1.53195985209
0.798722044728
-0.529661016949
0.747065101387
3.25068870523
-0.927947598253
1.72126596335
1.46478873239
1.37064534552
-1.01752402487
-2.69526952695
1.56424581006
-0.776053215078
-0.496414782129
-0.110192837466
3.59589041096
-2.12290502793
-1.43171806167
-0.438596491228
3.4600113443
0.28441410694
-0.677966101695
-1.50250417362
0.279017857143
1.18577075099
1.4899713467
0.867052023121
-0.0577700751011
0.173611111111
0.58207217695
-0.116279069767
-1.26291618829
-0.457142857143
-1.35287485908
-0.337078651685
-1.33037694013
-1.09649122807
0.662251655629
-2.21262817053
-0.962052378407
1.40921409214
-0.485436893204
1.58904109589
0.996126175982
0.221852468109
1.29213483146
-0.780379041249
0.111607142857
0.957746478873
-0.72706935123
-0.0558971492454
0.788732394366
-1.55296727676
0.782560089435
1.07344632768
0.169779286927
-0.841750841751
0.281373100732
-2.09366391185
1.39664804469
-0.500277932185
-1.37061403509
1.33333333333
1.06681639528
3.54651162791
1.05757931845
-0.93131548312
-0.0581733566027
-2.77149321267
1.43430866322
-0.286041189931
1.15740740741
0.173913043478
0.641773628938
-0.752750434279
0.0579374275782
-0.288850375505
-1.92634560907
-1.94444444444
-0.110987791343
-1.04338275673
0.0
-1.83288409704
-0.802139037433
-1.00582318687
-1.04766893662
0.157397691501
-0.935550935551
-0.722394220846
-0.462249614792
-0.409207161125
-2.25
1.93679918451
-1.40703517588
0.55583628095
2.01030927835
-1.22199592668
-1.20724346076
2.47422680412
0.103199174407
-0.15455950541
0.0
-0.308166409861
1.19542619543
-0.310880829016
0.625651720542
-0.724637681159
-1.0752688172
0.0
-0.357142857143
-0.859888720283
-0.151515151515
0.10111223458
2.48704663212
1.41881240147
-0.678496868476
-1.03305785124
1.46750524109
0.473933649289
0.903294367694
0.0
-0.106157112527
-2.43397203521
-1.17707267144
-1.21334681496
-0.951427140711
0.150451354062
0.251382604324
1.2213740458
-2.57808626673
0.248508946322
2.86298568507
1.24223602484
2.49336870027
-1.1017838405
-0.625651720542
-0.621761658031
0.783289817232
-0.571131879543
-1.18009235505
-0.255885363357
0.566134843026
0.673575129534
0.25974025974
-1.83579806221
7.45205479452
1.05204872647
1.4606741573
0.508187464709
0.45377197958
-1.17713004484
1.01925254813
-0.897867564534
0.734878462408
-0.394144144144
1.3698630137
0.228832951945
0.459770114943
-1.36054421769
0.742432895488
-0.624290578888
-0.169971671388
-0.395033860045
-2.63736263736
-1.08695652174
0.163309744148
-1.13024757804
0.541125541126
1.2602739726
2.29820627803
-1.05379922352
-2.11726384365
1.37589433132
1.11296605454
0.672268907563
-1.43567090006
0.332409972299
0.725446428571
1.12866817156
-1.11607142857
0.3359462486
-0.334821428571
1.01465614431
0.396151669496
0.971428571429
-1.29723632262
0.567214974475
0.800457404231
1.74520069808
-1.3769363167
0.751445086705
0.17371163868
0.582411182295
1.11896348645
-1.27906976744
1.5948021264
-0.587199060482
-0.757575757576
0.233644859813
0.116959064327
0.293255131965
-0.525087514586
-1.77650429799
-0.171624713959
-0.850822461713
0.685322672758
-2.01454952434
0.112044817927
-0.0559910414334
0.619718309859
3.49854227405
-1.83171150544
0.691642651297
0.463231036479
0.290360046458
-0.863557858377
2.05640423032
-0.234466588511
-1.27314814815
-0.917431192661
-0.626780626781
0.400457665904
-0.17133066819
-0.171037628278
-0.847936687394
0.283446712018
0.8
-0.341685649203
-1.23734533183
0.793650793651
0.512820512821
0.171232876712
0.114285714286
-1.07405313737
-0.394144144144
1.3698630137
0.286204922725
0.924321201618
0.581057524695
-0.462695199537
-0.345821325648
0.579710144928
-0.231347599769
0.290023201856
0.700934579439
-1.89111747851
-2.24089635854
-2.72479564033
-2.23761321257
-1.52151101784
0.474433315762
-2.21649484536
1.04166666667
1.4799154334
1.28479657388
-0.266951414843
-1.5247108307
2.75526742301
1.92731277533
-0.927441352973
-1.29240710824
-0.05382131324
-1.0649627263
-0.582318687136
1.72320947765
-0.05382131324
1.14316820904
1.21212121212
1.79472798654
-1.43725815368
-6.75257731959
-0.76726342711
-1.06275303644
1.07416879795
-0.761421319797
-1.2036108325
-0.2002002002
0.604229607251
1.43003064351
-0.45754956787
-0.25354969574
-0.654911838791
-0.600901352028
-1.33399209486
-3.89363722697
0.862068965517
-0.760456273764
-0.0475059382423
0.862482031624
0.0479386385427
2.05479452055
-1.82516810759
-0.191754554171
-1.83529411765
-0.886194029851
0.894117647059
-1.71137835338
-0.276752767528
1.26109294722
-0.046685340803
0.0467071461934
0.234082397004
-1.5214384509
1.68776371308
-1.11265646732
-1.82066454256
1.38440239963
0.370541917554
0.139146567718
-0.599354541263
2.40793201133
1.77799135031
-0.857551214864
-0.190204469805
0.0475737392959
-0.755429650614
1.53403643337
-2.84117373079
0.98777046096
1.09367570138
1.69245647969
1.92212912765
-0.879335613092
-1.25422093584
-1.19161105815
0.143198090692
-0.0477099236641
-2.01028517999
-0.46533271289
-1.69258920403
0.505747126437
-0.0459558823529
0.369003690037
4.48192771084
3.49127182045
-1.42576204523
-1.07003891051
1.73181593271
0.148662041625
-0.542138984722
-2.77910876857
1.31067961165
1.12911143839
-0.585651537335
-0.146198830409
1.03397341211
2.73141122914
0.457317073171
-4.0
0.293542074364
2.81690140845
-1.43777887952
1.305876444
0.10055304173
-0.400600901352
2.51540041068
0.619834710744
-1.27485976543
-3.01681503462
1.2012012012
0.807265388496
0.45615813482
-1.69407075237
1.92991366176
0.407955124936
0.0510204081633
1.55440414508
-0.412796697626
-2.66197890507
1.94572452637
-2.35
2.04081632653
-0.152827305145
1.23775141826
2.21402214022
1.49812734082
2.35487404162
1.33185349612
0.445930880713
-0.16694490818
0.503355704698
-0.666666666667
0.671140939597
2.40549828179
-2.72980501393
-0.664084117322
0.724637681159
1.41322781232
-2.15707964602
1.11856823266
2.28832951945
0.0
-0.455580865604
1.85614849188
-0.97645031591
0.694042799306
-12.5884732053
1.12474437628
0.102354145343
-2.73768043803
-2.71186440678
-2.1327014218
1.19904076739
-0.0479386385427
-0.239120038259
-1.55367231638
0.902612826603
-0.189663347558
0.190023752969
-1.68145726296
-1.24538745387
0.0461467466544
-1.45520691223
-1.25729681185
0.814848347669
1.84416781927
0.696378830084
-0.965517241379
-0.956284153005
-3.04635761589
0.0
-0.220264317181
-0.0880281690141
-0.525394045534
0.351493848858
-2.19166308552
1.12994350282
0.568181818182
-1.50667240637
-1.14893617021
0.642398286938
-0.553662691652
2.17580504787
0.0
-1.836821871
-2.17300459674
0.125523012552
-0.788709007887
-0.904977375566
-0.0822030415125
-0.286885245902
-0.204498977505
-0.326131267835
-0.244001626678
0.449346405229
1.24069478908
0.0827814569536
-1.58859470468
0.491199345068
0.369761709121
0.205846027172
0.413393964448
1.98145025295
-0.753138075314
-0.953170327393
0.124481327801
0.2079002079
1.17795540597
-3.68719611021
-0.644122383253
-1.03585657371
-6.02770497941
-0.112191473448
0.224887556222
0.15015015015
0.15037593985
-2.02578268877
0.816932788711
-0.663961637772
1.15671641791
-0.408769973987
0.260804769001
4.03100775194
-4.55049944506
-0.184638109306
0.631735414344
0.824278756088
-2.05504587156
0.776627218935
-0.184569952012
0.78125
-0.370644922165
-0.479527849502
0.110782865583
-0.623853211009
-0.219699743684
-0.907111756168
-0.181093806592
-0.0723850886717
0.876232201533
0.366434591425
1.3367991088
-0.956233909526
-0.40293040293
-0.437636761488
0.32930845225
-1.44248106744
-2.5650035137
-0.0351246926589
-0.558854348585
0.561995082543
-0.732217573222
-0.0348553502963
-0.795297372061
3.13837375178
3.92883617494
2.00378071834
-0.936329588015
0.640784018093
1.88172043011
-3.16102640387
2.55530129672
-0.493358633776
0.534147272034
-0.152380952381
-1.38993238167
0.112824370064
-2.02652910833
-1.3449654671
0.843108504399
-2.88358846565
-0.177683013504
1.55178635872
0.617283950617
1.32450331126
-1.01966496723
-0.362844702467
0.145348837209
-0.506146059291
1.02264426589
-0.0729927007299
-0.399854598328
0.991189427313
5.95099183197
-0.8866615266
0.348162475822
2.17391304348
-0.628436763551
-1.92604006163
0.347893312717
-1.0707456979
0.268404907975
-0.343905235002
2.62745098039
-1.35396518375
0.15497869043
-0.692574066949
-1.17870722433
-0.151860288535
-1.679731243
1.59271899886
0.687285223368
-0.569476082005
1.58118010027
0.894941634241
1.0617381046
-0.39169604387
0.511811023622
-1.74081237911
-0.95785440613
0.153491941673
-0.534351145038
0.808003078107
0.775494377666
-0.693107431652
-2.66116941529
0.22539444027
-0.819672131148
-0.111648678824
0.712143928036
-1.14857354576
1.5425131678
0.94948727687
-1.68035847647
0.866290018832
-1.77580466149
1.08451757666
-0.446760982874
-2.92735814962
-0.108303249097
-0.752418487997
0.359582883855
-1.93935119887
6.97849867974
0.836820083682
-1.27675553887
1.29326740205
0.612323000383
-1.32175226586
0.76103500761
0.267073636017
-0.719696969697
0.113765642776
1.540238737
2.24409448819
-0.470219435737
-1.46718146718
-1.85676392573
-1.96879643388
0.223380491437
-0.555349870418
-0.698529411765
2.25563909774
2.90135396518
-2.37915407855
0.607902735562
0.997697620875
-1.77157934414
-1.11815132315
-2.04454180358
0.661521499449
-0.32967032967
0.367647058824
-0.439238653001
1.48588410104
-0.406955234924
-0.441988950276
-0.4400440044
-2.08258527828
0.0
-0.143420580853
-0.747330960854
-0.951709552344
-0.351246926589
0.0702987697715
0.494524902861
-1.56467315716
-3.48993288591
-0.301104048177
0.0
0.538176925664
0.985054347826
-1.67000668003
1.18283203785
-2.2141440846
1.68010752688
-0.501504513541
0.808897876643
2.4162927166
-1.76330959647
2.0062262193
-2.88881424253
-1.19482243611
2.27427019688
-0.135593220339
-0.639946109801
-6.28156565657
0.891719745223
0.0318572793883
1.81641258514
1.88367481824
1.13636363636
2.11604095563
-2.30076692231
0.772849462366
-1.12956810631
-0.528750826173
-0.0330360092501
-1.49690855841
-1.18971061093
2.26899046366
-1.90322580645
-1.36811963093
-1.5350877193
-1.23762376238
0.310366232154
1.19346733668
1.0152284264
-0.693131695022
-1.30597014925
1.19572057898
0.856870834656
-0.158428390368
0.190476190476
-1.68539325843
-0.155811779371
-0.37255510711
-0.278637770898
1.31744040151
-1.72626387176
-1.66717187026
-0.722238940716
0.301841231512
0.424371021522
-0.0605877006967
1.72573189522
0.933125972006
-1.53139356815
-0.183430143687
-1.11850060459
-0.571085061617
1.43292682927
-0.364520048603
0.396462336078
1.54846701765
-0.523721503389
-0.673194614443
3.74603174603
0.414408670704
-0.538998097654
0.895713371721
0.256574727389
-2.25705329154
-1.57358839864
-0.613308800981
-1.3611615245
2.73461777502
-1.01507228545
-1.723095526
-2.93427230047
4.06106870229
10.5298683766
3.67389783065
-1.82068017863
-3.41738553417
1.44732413329
1.39931740614
-2.13760855043
1.73292558614
1.34297520661
2.79646017699
-1.53363541304
4.32727272727
0.0363768643143
-1.99643493761
-0.355239786856
0.463954318344
1.63220892274
2.26261127596
-1.8922852984
-1.11550917596
1.23861566485
-0.759219088937
-1.28479657388
-2.70833333333
-0.894700619408
1.43106457243
2.50447227191
-0.710479573712
-0.141894288755
-0.318246110325
-1.11888111888
-0.41782729805
1.19802677942
2.12306585103
0.834542815675
1.81012190617
1.99698568199
-0.785046728972
2.41194486983
-0.0382701875239
2.75265434526
-3.0868902439
0.0
1.43022806339
-1.5975656143
1.70212765957
2.78330019881
3.37032470201
0.123456790123
3.49233390119
-2.28880565959
-4.30107526882
3.76033057851
0.414937759336
0.166251039069
-1.2315270936
-0.571428571429
-1.76423416199
4.70193115029
2.40756663801
0.779896013865
-1.28314798973
-0.679694137638
0.0850340136054
0.384122919334
-2.61845386534
2.25244368891
0.987124463519
1.83566433566
-1.37931034483
0.0431220353601
-1.73728813559
-0.840336134454
-1.12172829248
-3.52705410822
1.17599351176
1.10701107011
-0.0409836065574
0.452861259778
0.082406262876
1.37844611529
-0.705101617586
0.500208420175
-4.61232604374
0.0397772474145
0.761523046092
2.59046052632
0.123507616303
-5.04300234558
4.53616673478
-1.2111425111
-3.39313572543
-0.427184466019
3.91444713479
2.48138957816
0.415282392027
-0.0415110004151
-3.56285028022
0.0801282051282
3.01279405695
-0.656006560066
1.87969924812
-0.0834724540901
1.82745431364
-2.12146422629
2.82292557742
0.3003003003
0.865426222415
-3.02140159463
-0.251151109251
-2.52957976336
-1.52671755725
-0.120385232745
-2.04402515723
-2.26661544372
1.6796875
0.986193293886
-0.62720501764
-0.507020280811
-3.86201724784
-0.299065420561
1.78843226788
-0.189897455374
2.13343677269
0.311284046693
0.823852491173
-1.35448916409
-0.193124758594
0.543689320388
-2.83018867925
-0.0377216144851
0.530906332954
2.01160541586
1.89199842333
-0.820953870211
1.91235059761
-1.91481047284
0.195771339076
-2.55627623045
-1.90868263473
1.40417457306
0.0379650721336
-1.56950672646
-2.83224400871
3.76789751319
0.416193719258
0.265553869499
2.76803118908
-1.19414483821
-1.55479711794
0.380662352493
1.15517905275
2.72943037975
-0.940438871473
3.57142857143
0.366598778004
0.285947712418
-0.890688259109
3.69437447523
0.889453621347
1.50472914875
0.475161987041
1.35726795096
-1.21107266436
2.4368630926
-1.3548951049
6.02409638554
-2.48531405332
1.42071494042
2.44131455399
1.23574144487
-0.284360189573
-1.95167286245
-0.646352723915
-0.824175824176
-0.27397260274
-1.21786197564
1.88419117647
-2.9870708872
2.04731574158
-1.96253345227
1.12764997745
0.818553888131
0.0
0.0
-2.91390728477
-5.34893439198
1.48430873622
-2.76288659794
-1.5028432169
0.489795918367
0.781571369807
-1.45926226186
-0.963468486552
1.71498570845
1.03135313531
0.0412711514651
0.0
-1.94253338729
2.06526228831
0.414765657404
-1.06688551498
-1.17599351176
2.53638253638
1.26315789474
1.8876018876
4.62298025135
0.0898472596586
-4.74967907574
1.74140182847
-0.0869943453675
-0.260303687636
-1.74765558397
4.82573726542
-1.84210526316
4.5871559633
-4.38596491228
-6.13421160972
5.10601471225
1.67179938407
-0.30701754386
-2.89608177172
-1.42737195634
9.31620009179
-3.41312056738
2.77904328018
3.53773584906
-0.235294117647
3.86119257087
8.59872611465
2.72628135224
6.68993600931
-0.232153221126
-10.5864037364
3.93743257821
11.8889559445
-6.64788732394
-0.893355667225
-5.53797468354
6.15901455767
2.58472142447
0.986078886311
5.70202329859
1.36730888751
-12.1245221191
2.46222719642
0.449690837549
0.112549240293
3.31395348837
-6.16475722859
5.40540540541
2.65643447462
-3.64050056883
0.0569151963574
2.2700814901
3.80664652568
-4.11355735805
3.85078219013
2.52930289944
-1.45896656535
9.0848806366
4.21561852108
-4.61437046803
-7.5
6.35538261997
-5.91824283099
-0.906892382104
10.5614973262
-2.3498694517
-4.30980637102
4.4357469015
-3.82685069009
-7.59420289855
0.524475524476
-0.980957876515
2.48373743347
-0.470865214832
0.890736342043
-3.32950631458
3.44418052257
1.08043217287
0.120192307692
1.64935858277
0.800492610837
-0.672782874618
0.491702519975
1.62398500937
-1.35551447936
-0.429447852761
-3.89150943396
-0.876680303916
-3.82237211917
2.71362586605
-1.25427594071
5.02994011976
1.82926829268
-0.303951367781
4.51080050826
-0.442757748261
-0.063211125158
5.3964023984
-4.3949044586
2.1470396877
-3.27249842668
-2.51533742331
-2.57023311417
-0.888625592417
5.96359070935
6.4128256513
-2.22077073808
-1.98463508323
-1.38888888889
-3.11926605505
-4.04929577465
1.12759643917
4.98442367601
-0.742115027829
-0.185185185185
0.621118012422
5.29758011772
-0.520494469746
2.19414893617
-0.26525198939
5.0139275766
-4.20280186791
1.48950575491
1.93236714976
-0.549073438572
1.74581005587
-0.486448922863
-5.6393442623
4.81099656357
2.60930888575
4.11160058737
-6.96721311475
-2.52996005326
-3.15925209542
0.0
0.388349514563
-4.2750929368
-2.18181818182
1.66358595194
2.01131363922
-6.30153121319
1.79856115108
0.663850331925
-4.27498555748
2.12389380531
3.92397302269
-2.74299344067
-3.95189003436
-3.74862183021
-0.11013215859
3.59383913291
4.03560830861
-1.63455925277
-3.87205387205
-0.391280044718
-0.223089793642
2.10706150342
-2.87610619469
0.500277932185
3.92836510687
-2.14810627473
1.43348623853
-1.02156640182
-4.3431053203
0.272182906913
-1.60685591859
-3.01298701299
-0.36231884058
-1.32788559755
0.410256410256
-0.662251655629
0.101988781234
3.48284960422
1.17458622531
0.644814615798
-0.587606837607
3.71191135734
-0.221116639027
0.948660714286
-4.2735042735
-0.847457627119
1.50537634409
2.76243093923
1.11731843575
-3.19091400757
1.48188803513
-1.56672069152
0.0540540540541
-5.12820512821
-0.560938296787
1.29132231405
-1.57600406711
-1.00654252642
0.0
-1.04581673307
0.651629072682
-0.746268656716
0.95429432446
2.84090909091
1.46750524109
-0.625
1.10584518167
0.369978858351
2.77023356871
-0.861604738826
-0.214938205266
-2.2070415134
0.634584875727
-0.421274354924
1.82305630027
-0.797872340426
1.62162162162
-0.161899622234
1.5899122807
0.606729178158
-0.22014309301
-0.92693565976
-1.23855681206
-0.854244527496
-5.45179202423
-1.5407554672
-1.90151145783
-3.02600472813
-2.03798054655
0.652680652681
-2.05479452055
0.091407678245
0.18315018315
-0.410396716826
0.966850828729
-1.18289353958
-0.136301681054
-2.48116969428
0.579322638146
1.21786197564
-0.627521290901
0.540784136999
2.5415896488
2.2201228153
-1.21325244984
-0.371920037192
0.938526513374
2.79787747226
-1.3326987149
-1.08286252354
-2.96939241663
-1.3519603425
0.589301903898
0.272727272727
0.31919744642
0.228519195612
-0.545454545455
1.85185185185
2.03117619273
-1.76334106729
0.279199627734
-1.60256410256
-0.36496350365
-1.39451192083
-3.38983050847
-0.346470333478
1.31636682756
-0.82680591819
-1.62671232877
-0.128259940145
-0.042735042735
-0.973338975878
0.939769329346
2.67543859649
0.662251655629
0.132625994695
-4.19313850064
1.330472103
-1.01954120646
1.94889562581
1.85266872519
-1.17698343505
-1.75588865096
-1.1012282931
-0.253485424588
-1.49812734082
1.05130361648
-0.460443700293
-2.00984413454
0.0410340582684
1.45711906744
-0.948453608247
0.580671920365
0.626043405676
-0.909842845327
0.0413736036409
1.98312236287
0.679694137638
2.25890529974
-2.12585034014
3.11266988163
-0.826086956522
0.392841553907
-1.63160154573
-2.67446719599
0.461796809404
-0.708628595248
1.43763213531
-1.12876254181
2.22222222222
-1.30746520456
-0.670297444491
-0.913242009132
0.375
1.35135135135
0.937766410912
-1.8410041841
0.673967986521
0.0
1.53977758768
-0.0854700854701
-2.17391304348
0.209467951403
0.167855644146
-1.36589403974
-0.206526228831
1.67996640067
-0.209555741827
-0.334168755221
0.71518721077
-0.293624161074
1.5332197615
0.127931769723
1.164797239
-0.642948992713
-1.31133671743
-0.463157894737
-0.126156433978
-0.751252086811
-0.498338870432
-0.0829875518672
-0.330851943755
1.00250626566
-3.03766707169
0.447518307567
0.655200655201
-0.448430493274
-0.527169505272
0.284668564457
1.61157024793
-1.78571428571
-1.24248496994
2.25409836066
-1.81086519115
1.80253994265
1.79316096747
4.39703961689
-0.0869943453675
0.393013100437
-1.07991360691
2.79751332149
0.222518914108
-1.14386273647
-1.25977410947
-0.216731686173
-0.388601036269
-2.27848101266
0.851063829787
-1.63248221013
0.547138047138
-0.710405348934
0.715488215488
-1.0
-0.290818446199
-0.864909390445
-0.328407224959
0.246913580247
1.0395010395
-1.19145439606
0.0411015207563
0.0
-1.09756097561
-0.0406338886631
-0.925925925926
-0.440881763527
-1.03133677112
-3.5208572522
0.0
1.00502512563
-0.385059684251
0.347758887172
-0.766871165644
-0.267686424474
-0.41888804265
-0.303720577069
0.726577437859
-0.494672754947
-1.35135135135
0.718336483932
0.0756715853197
-0.15111446921
-0.15088645794
-0.525328330206
2.38186707645
0.77429345722
-1.29919755445
-0.190694126621
-0.455580865604
0.228310502283
-1.2030075188
0.263852242744
0.340393343419
-1.6369047619
-1.21278941566
0.852483320979
-0.332471370521
-0.404709345107
-0.220264317181
-0.292825768668
-0.546050236622
-0.362713093943
2.0733061829
-0.110946745562
-1.77987649837
2.22799851467
-2.2149600581
3.68975903614
0.0376647834275
4.15849352687
3.15661675435
-5.4343666284
0.654853620955
-2.91697830965
4.73952213083
2.3656776263
0.281463610776
2.09359605911
0.412201154163
4.0755040755
-0.639386189258
0.385109114249
0.2574002574
1.83486238532
-3.29531051965
2.20207253886
0.695652173913
-1.49892933619
-1.55986509275
3.31010452962
0.878734622144
-0.871080139373
0.790166812994
0.0439174352218
-0.611086861632
0.659050966608
-2.44320617231
0.171747531129
0.517911091929
-1.36228182205
0.642673521851
1.61079669134
0.481189851269
1.28489144883
1.75834084761
-1.07047279215
3.70027752081
1.45471609573
0.235183443086
0.615238996687
-0.984067478913
-5.07117437722
-0.310421286031
-0.660792951542
-0.699912510936
-0.996102208748
-2.73799494524
-0.752508361204
5.14285714286
0.087989441267
-1.38828633406
2.1719858156
-3.05113880533
-0.3426124197
-1.1012282931
1.330472103
-0.384779820436
0.775527789746
0.606848721283
-3.06722689076
-0.0839630562552
-1.3256006628
-0.124120810923
0.415454923141
-2.82599919257
1.89222542164
2.44416350611
11.095505618
0.0
-2.51026928343
-0.634920634921
-1.60642570281
0.855085508551
-0.0449842555106
2.536900369
2.60293421675
-0.3771805752
2.46376811594
-0.528592023066
2.41141732283
1.65082541271
-1.33267522211
-1.26705653021
-2.47148288973
2.2351797862
-0.290697674419
0.145560407569
-0.0484966052376
-3.0103480715
-0.885780885781
-0.64844835572
-1.5503875969
0.32021957914
0.505747126437
0.50831792976
-0.138440239963
0.650255457501
-2.5350837483
-0.0904568068747
1.14364135407
-0.0457247370828
-0.13698630137
-0.0456412596988
0.689338235294
-1.04592996817
-1.39013452915
-0.401965163019
-0.400355871886
0.0445037828215
-0.663129973475
-2.41587575496
0.47680970958
-1.24143835616
0.257510729614
1.43665650849
-1.83760683761
0.601891659501
-0.936967632027
-0.550614146548
0.897435897436
0.472305710605
0.431220353601
1.44356955381
-0.261780104712
-1.07898144152
-2.27752003374
-2.06526228831
-0.206100577082
-0.533005330053
0.164271047228
-0.571661902817
19.3469785575
1.83622828784
1.00250626566
2.62345679012
0.15455950541
-1.01988781234
0.0
0.255623721881
1.875
-1.33607399794
-0.15392508979
0.257201646091
1.46137787056
-0.828157349896
0.520291363163
0.786575773466
-1.85280494081
0.206291903043
0.206718346253
-1.77664974619
0.0
0.612870275792
0.204708290686
0.359527478172
-1.41772151899
1.02301790281
-0.356778797146
0.460829493088
-0.153374233129
-0.660233621127
-2.33134920635
-0.933660933661
0.493827160494
0.0988630746416
0.0
-1.26891166423
-0.146198830409
-1.20365912374
-0.859188544153
-0.0953743443014
0.865800865801
-0.431034482759
-1.13636363636
0.189753320683
-0.612918434701
-0.0471253534401
1.92122958694
0.240731824747
0.192957067053
-2.07841284837
-1.71773444754
0.560224089636
-0.0932835820896
2.43669374104
-1.0401891253
-1.4904517932
-0.693802035153
-1.32359653126
-0.634920634921
0.0907852927826
0.181900864029
-0.226860254083
16.4904862579
1.17647058824
-0.584795321637
0.74986609534
0.48439181916
-0.535331905782
-0.901856763926
1.3986013986
1.03260869565
0.217864923747
-1.50214592275
0.431034482759
0.0
0.324324324324
-0.161899622234
0.70652173913
1.0989010989
-0.109769484083
0.551876379691
1.11607142857
-0.16713091922
0.560224089636
2.64519838988
1.99413489736
0.294117647059
-0.816802800467
-1.43760782059
-0.343839541547
-0.739476678043
1.26728110599
0.462962962963
0.523560209424
-1.43348623853
0.63473744951
1.04956268222
0.645539906103
-0.117233294256
-0.929152148664
-4.70392916436
0.893355667225
1.4730878187
1.03033772181
0.172018348624
1.10144927536
0.465928945836
0.822078684674
1.7931858936
0.722456351595
-1.89013585351
-0.0590318772137
-0.93567251462
-2.39726027397
1.91972076789
-0.578368999422
-1.31278538813
-0.341296928328
0.97645031591
-0.34344590727
-0.0572082379863
-0.455580865604
-0.227272727273
-1.06801573918
0.0562429696288
5.0206733609
0.296208530806
1.68674698795
-0.240384615385
-0.06006006006
-0.0600240096039
0.786448880823
1.10091743119
0.491702519975
0.494132180358
-0.369230769231
-1.27582017011
-2.02380952381
2.5641025641
0.8
1.49906308557
0.125078173859
3.09477756286
1.37254901961
-0.0653167864141
1.25661375661
0.398406374502
-0.132625994695
1.61725067385
-1.39534883721
0.534402137609
-1.12285336856
-2.38555770471
0.9765625
-0.71105365223
3.61687876758
-0.797342192691
-0.528750826173
-1.36897001304
-1.72966047406
-1.5762925599
1.21250797703
0.706940874036
-2.13836477987
1.0165184244
2.00907323396
-1.08974358974
0.19267822736
0.907323395982
-1.02629890956
0.971502590674
-1.40485312899
-1.01137800253
-3.24159021407
-0.668286755772
1.10565110565
-0.061387354205
3.8240917782
-1.99875078076
0.250469630557
0.884396715098
2.39327296248
-0.193673337637
4.52091767881
-0.803212851406
7.17360114778
-0.853485064011
2.40349599417
-13.756281407
-0.437773608505
-0.249532127261
0.1875
0.946372239748
5.5962691539
-0.464190981432
0.466355762825
-2.78497409326
-0.12936610608
2.5198938992
-1.56657963446
-2.66836086404
0.703774792067
-0.255264837269
-0.94816687737
2.66060999351
0.850785340314
-3.77833753149
-2.51688152241
2.97092288243
-1.6780609074
-1.59021406728
0.12247397428
-2.03959208158
0.300842358604
0.666262870987
-0.120992135511
4.35606060606
3.32681017613
-1.79372197309
-2.37648530331
-0.497822028625
1.45202020202
-0.0630914826498
2.25806451613
2.04081632653
-2.50320924262
-3.58910891089
-3.5223880597
0.540216086435
-2.51609128145
0.58858151854
-1.50724637681
-0.97588978186
-0.740740740741
2.21316249272
-1.94174757282
2.03962703963
-0.174520069808
-1.09321058688
-0.912200684151
-0.454029511918
0.0567859170926
-4.5010845987
-0.646551724138
0.161899622234
5.34394542354
-1.45658263305
-1.81518151815
0.831946755408
0.111049416991
-1.63844893501
3.97501419648
-5.37345513165
-2.1556256572
0.422386483633
-0.941422594142
1.70212765957
1.7316017316
0.325732899023
2.33333333333
0.446428571429
2.92935094773
-0.514285714286
-2.83176013326
1.8665158371
-5.15021459227
0.32292787944
0.161725067385
-1.27727514635
0.320341697811
-1.3691416535
2.26171243942
-1.64194915254
1.88882892607
0.324851109908
2.72525027809
-0.332594235033
0.557413600892
1.41322781232
-3.91091797936
2.734375
-1.1583011583
-1.84082295615
-0.59203444564
2.3127753304
-0.493150684932
0.940265486726
-2.95222758991
-1.89573459716
0.369978858351
0.371352785146
-0.632577754349
0.743494423792
-1.25852123755
-0.417754569191
0.472193074502
-1.29466597618
-1.17707267144
-1.26326427489
-0.652610441767
0.453857791225
0.050454086781
-0.0504286434695
0.0
1.38036809816
0.0
-0.458015267176
-0.757575757576
0.0
-1.44350423096
-0.495294700347
-0.049504950495
-1.12579539892
2.15
0.502512562814
-0.64902646031
-0.199302441455
0.80361627323
-1.38682516097
-0.492853622474
-0.343811394892
1.19284294235
-0.543746910529
0.446871896723
-0.148735746158
-0.148514851485
1.60965794769
0.0
0.607287449393
0.816326530612
0.616016427105
0.360638845956
-1.37195121951
-0.606060606061
-0.151285930408
-1.92878338279
0.0990099009901
1.45655449523
-0.599101347978
-0.546176762661
-2.09042294604
0.341463414634
0.588812561335
-0.730638090599
-1.48752399232
-0.334768053563
-0.806451612903
0.237755587256
-0.567375886525
-0.188768286928
1.77713736792
2.25933202358
0.692383778437
1.30260521042
2.09718670077
-2.34765234765
-0.199401794616
1.05793450882
0.608210846427
-1.74302788845
0.0997008973081
0.753390256153
0.0
1.16869918699
1.33882595263
-0.359158542842
-0.561224489796
-1.9019019019
-0.892857142857
0.900900900901
0.70564516129
0.608519269777
3.13807531381
0.20964360587
1.97755211117
-0.372736954207
11.7192147531
1.81708055724
-1.19688809096
1.02781136638
-0.898741761534
0.845921450151
0.485731633273
-1.19976004799
-0.358637178721
0.239664469742
1.83038438072
0.367421922841
-1.56720916215
1.22025625381
0.367421922841
2.31829573935
-0.931098696462
-0.0620347394541
-3.41521869383
0.663449939686
-0.896592946802
1.51699029126
-1.84633710542
0.78031212485
-1.536643026
-1.05263157895
-0.233372228705
-0.23282887078
-1.88463735009
3.42587123449
-1.16754232341
1.12160566706
0.713436385256
0.537955768081
1.51699029126
-4.01863715783
0.526932084309
-0.408163265306
1.23966942149
1.0137149672
0.720720720721
1.46252285192
0.18315018315
2.50312891114
-2.02329858982
0.741198270537
-0.246457178065
-2.81437125749
0.119904076739
1.95599022005
1.80460485376
6.28306878307
-1.94552529183
0.260078023407
-1.97578075207
-1.13421550095
-0.501567398119
-0.187734668335
1.52477763659
-3.73088685015
-2.03714799281
-2.62543757293
-0.11655011655
-3.05084745763
0.912200684151
1.15340253749
0.990099009901
-1.03746397695
-8.78023133544
-0.209863588667
0.633579725449
-1.14822546973
-0.312174817898
0.470465237846
-0.364583333333
-0.826446280992
0.728407908429
0.104166666667
1.5873015873
-0.943396226415
0.421052631579
0.529100529101
-4.20679168779
0.869120654397
2.1409921671
0.577731092437
-0.20964360587
-1.44628099174
-0.667008722422
1.72233820459
0.577427821522
-0.366108786611
0.0523286237572
1.11111111111
0.478468899522
0.74986609534
0.48439181916
-1.17021276596
-1.57068062827
0.31512605042
0.900900900901
-0.316957210777
0.15873015873
0.212089077413
-0.21164021164
0.531914893617
2.67613326051
0.273822562979
-0.814774579033
-0.754716981132
-1.59151193634
0.748262960983
0.537345513165
3.15964523282
-0.824628916987
0.999444752915
3.6248561565
1.04651162791
-0.520532099479
0.816326530612
-2.05596801828
0.922190201729
-0.287356321839
-0.45766590389
1.56885531668
2.25787284611
0.0594530321046
-0.237247924081
0.0593471810089
-4.58663646659
-1.5607580825
-0.277932184547
-1.69398907104
-0.218102508179
-0.757575757576
-1.91082802548
-1.15424973767
0.527426160338
0.690387679235
-0.946870068385
0.528820729773
-0.630583289543
-0.730307772561
-0.208224882873
-1.38603696099
0.723888314374
-2.2738756948
0.0505561172902
0.253421186011
-0.0506585612968
-0.604229607251
-1.24316260567
-1.324828263
0.542673902319
0.148221343874
1.40280561122
0.655572365103
-0.451807228916
1.37404580153
1.02827763496
-1.01781170483
-3.39233038348
-0.537897310513
-0.146484375
0.936421882701
-0.0984736582964
0.0492610837438
-0.684931506849
-0.1953125
-2.33667143538
-0.047664442326
-0.237755587256
0.381861575179
-0.333016175071
0.718735026354
1.21241513094
-1.90294957184
-0.614657210402
0.42735042735
1.34744947064
0.971817298348
0.0486144871172
-1.24819971195
0.0480307396734
-1.23339658444
-0.519112789051
0.42654028436
-0.283553875236
-0.517160319699
1.43061516452
-0.804162724693
0.714626012387
0.0
-2.19012115564
1.65798199905
1.6859344894
-0.66985645933
1.16166505324
0.242600679282
-1.34035423648
0.143815915628
0.144023043687
0.433944069431
-2.26201696513
-2.30202578269
-0.366972477064
-0.137425561154
-0.228519195612
0.829493087558
0.556070435589
-0.0463177396943
-1.5503875969
1.19981541301
0.697026022305
-0.692201199815
3.98272552783
0.433734939759
-0.479616306954
0.0
0.096015362458
-0.334928229665
0.336053768603
-1.83788878417
0.0943396226415
0.760456273764
2.08636584182
0.194457948469
-1.90748688603
-2.32883092687
-1.0142923006
0.696378830084
2.32779097387
-0.519848771267
2.56907416384
0.242954324587
0.58651026393
-0.631374453618
-1.53036824486
2.55026974007
-1.21124031008
-0.145137880987
-1.47759771211
0.286806883365
2.64965652601
-1.68837433671
-0.48007681229
0.0961076405574
2.10991167812
-1.64092664093
-0.528084493519
-1.27962085308
-0.799247766808
0.0
0.2828854314
-11.2180828799
-1.44389438944
1.2108559499
-0.249895876718
2.8706083976
-0.723096554658
-0.0849978750531
-1.5069066555
-0.953565505804
-1.02585145671
1.03648424544
-1.06644790812
0.0821018062397
0.164473684211
-0.936863543788
0.24499795835
0.533661740558
1.20481927711
0.333472280117
-1.47843942505
1.07928601079
-2.46963562753
-0.483481063658
0.567260940032
0.981996726678
-0.16339869281
1.74563591022
0.208246563932
-1.55801558016
-0.974421437272
1.19145439606
0.0
0.0822368421053
-1.09800732005
0.0814000814001
-0.243605359318
-2.10651828299
-0.983864620228
-1.77812137611
-0.269853508096
0.0385653682993
0.855698171918
-0.0388802488336
-0.541376643465
0.154918667699
0.388802488336
0.625978090767
-0.117233294256
0.352941176471
0.0
0.671140939597
-1.32450331126
0.312622118015
-1.15874855156
-1.14547537228
-0.456100342075
0.381533765738
0.344563552833
-0.533130236101
0.806142034549
-1.10098709188
0.0759878419453
-0.227445034117
7.7614379085
0.865265760198
0.0
-0.205592105263
1.03863730785
0.249895876718
0.628667225482
0.12589173311
1.49063032368
0.127931769723
0.0
0.600600600601
-0.72402044293
-1.2200252419
0.337695230055
0.594479830149
-1.54682274247
-0.993377483444
-0.90237899918
0.370522848909
-0.123355263158
-0.246103363413
0.0410340582684
-1.73387096774
0.7720438846
0.407996736026
0.988875154512
0.538525269263
-1.18706508391
2.77660917122
1.88598371196
-0.426803243705
0.817555938038
-0.343053173242
1.34724033029
-0.0434404865334
0.567933595457
1.10424028269
0.622222222222
-2.21642764016
-1.15979381443
-0.25706940874
0.690250215703
0.782608695652
0.965759438104
-0.783972125436
0.130832969908
1.23620309051
1.75202156334
-0.49172999553
-0.40071237756
-0.39911308204
-1.226456417
0.528401585205
0.664893617021
-0.0443066016837
-0.044286979628
-2.12397052449
-0.90206185567
0.735612289052
-1.70140365802
0.255863539446
-1.17994100295
-1.125
12.3069723912
-0.789229340761
1.17426021606
-0.606909430439
0.894959962317
-1.1178388449
0.0465983224604
0.893276915844
0.2828854314
-0.282087447109
0.0941176470588
0.758653390232
-0.799623706491
0.0470588235294
1.62601626016
-1.73872180451
0.282752120641
0.0471475719
1.58045977011
1.80399804973
1.33399209486
-2.12765957447
-1.14722753346
-0.380952380952
-0.332225913621
-0.283956460009
-2.03987019008
-0.553250345781
-0.504587155963
-0.999091734787
-1.03370786517
-0.802496656264
1.95454545455
0.090991810737
-0.136301681054
-1.3446884805
0.0897263346792
0.905387052965
-0.585058505851
0.13519603425
-0.981704596162
-1.62423178227
0.0
0.175901495163
-0.394218134034
-0.0437828371279
1.24113475177
1.62162162162
0.909090909091
1.14942528736
0.461893764434
-1.50136487716
0.319488817891
1.67053364269
-1.14678899083
-0.818926296633
-2.26767452201
-0.794000882223
-0.700832238283
0.528401585205
-0.612691466083
2.60440053884
-1.28546099291
0.669344042838
0.583482944345
-0.0896860986547
0.768187980117
0.0452079566004
1.28205128205
-0.410396716826
0.0456204379562
0.550458715596
1.06629578118
-1.14573785518
-0.228623685414
0.229147571036
0.41417395306
0.184416781927
0.370198981953
-0.96241979835
1.39405204461
0.7962529274
-0.743840074384
-0.554785020804
0.0
-0.916170407696
0.878003696858
0.324524802967
-3.44673231871
0.089605734767
1.36239782016
-1.38826690551
-0.401427297056
-2.94372294372
0.478468899522
-0.433087916847
1.67327168648
-0.612691466083
-0.392327811683
-0.778546712803
2.07505518764
0.845948352627
-1.7067833698
-0.174748798602
-0.607902735562
-0.775527789746
-0.811965811966
-0.510204081633
0.0851063829787
0.728675525075
1.4347826087
-0.0868809730669
-0.604490500864
0.216356555604
0.434593654933
0.305143853531
-0.0871080139373
1.05633802817
-0.6558810669
-0.651607298002
0.0
-0.733074601121
1.44356955381
0.21920210434
-5.66583953681
-0.779647107099
0.082135523614
0.953565505804
-1.47058823529
0.410172272354
-0.570962479608
-0.768919465803
-0.44319097502
0.567260940032
0.243704305443
-0.645682001614
0.405186385737
0.734693877551
-0.80971659919
-0.523560209424
0.120967741935
-0.8
-0.159744408946
1.54095701541
-0.161943319838
0.69302894415
0.122448979592
-0.527811611855
-0.323755564549
-0.483286347161
0.526315789474
0.69302894415
-0.768608414239
0.283975659229
-0.202429149798
-0.603621730382
-0.91706539075
0.199760287655
-0.635172687574
-0.158541418946
0.63821300359
-1.45440251572
0.0
-0.313479623824
0.314465408805
-0.895987534086
-1.19322555812
1.3655872025
-1.08066383636
0.232108317215
-0.385356454721
1.05140186916
-0.580720092915
-0.539083557951
0.192901234568
0.816802800467
0.312134217714
1.58541418946
0.92
-0.67540723083
0.800961153384
0.160449257922
0.281576830249
-0.679184978026
-0.792707094728
0.318091451292
-0.198412698413
2.68948655257
0.450266066312
-0.812017864393
-0.0405844155844
-0.28328611898
-0.723182000804
0.973630831643
-0.202429149798
-0.443369609029
0.0403225806452
-0.201207243461
-0.560224089636
0.442122186495
-0.638977635783
0.521878763549
-0.36
0.200400801603
0.362027353178
-0.280786201364
-0.99285146942
0.0794912559618
0.399042298484
-0.634417129262
0.0396667988893
-0.0396510705789
0.0793650793651
0.921105326392
1.09311740891
-1.12089671737
1.79299103504
-1.84
-0.477707006369
-0.198649185538
0.559328805433
-0.119712689545
-0.987751876729
1.19952019192
1.50162337662
-0.081103000811
1.94295163291
3.64181662382
1.78805058875
-0.563746747615
0.435540069686
0.613496932515
-1.84946236559
1.39555167902
-2.46703530413
1.07480653482
-1.31523122613
-0.883095037847
0.0841750841751
-1.28791026174
-0.124481327801
0.0830564784053
-1.59378831222
-0.447518307567
-1.20578778135
-1.07355864811
-0.435471100554
-0.276352151599
0.715705765408
0.0
0.15929908403
-2.21962616822
-2.43161094225
-0.566679259539
-0.488721804511
0.0376081233547
-0.820589332339
