-4.13195034858
-7.1863180398
-7.41463414634
-5.8784676354
-0.507697346872
-9.52307692308
-6.80459770115
-6.64845173042
-9.44976076555
-5.88779284834
-1.3357619915
3.4728829686
10.7226890756
17.4569722515
12.9526462396
13.3516861666
11.848173111
7.69230769231
1.22666666667
0.98452883263
1.6261584193
-1.08771929825
-2.54013053449
1.24190064795
5.09977827051
2.69348177411
6.42270351008
8.37316000765
8.13546126898
4.57971014493
8.66341463415
7.52860871311
7.4347915383
4.19793145407
6.43767996709
0.490196078431
0.382910116888
-2.85315243416
0.632653061224
3.18336162988
7.36842105263
6.13903743316
10.1538461538
12.0
8.79704456246
-0.126156433978
-6.03015075377
-7.36970684039
-9.90527182867
-12.3988673139
1.06247343816
5.85106382979
4.51063829787
7.31491712707
10.1604278075
0.383959044369
-3.21252059308
0.12782275245
-8.23362401136
-14.3184421535
-1.55396892062
6.14207650273
1.62372807967
9.57777777778
10.9980928163
-1.81443298969
-3.1746031746
-1.72340425532
-7.21649484536
-2.94117647059
-1.40272413092
-4.42961165049
-5.28012898025
-3.9603960396
-1.65857605178
1.9481865285
4.63492063492
7.28648648649
9.18918918919
1.9381443299
-0.515463917526
0.403739906502
-4.63917525773
-8.41584158416
-8.16133308086
-9.44734876774
-9.93301435407
-6.28019323671
3.18757662444
9.45077720207
8.33333333333
4.37475029964
2.09114223713
-2.12
-8.42664642247
-6.16815334978
-8.24780058651
-5.92056421678
-6.33195953541
-1.05164319249
0.247336377473
4.92307692308
3.99536768964
0.716981132075
0.833175534937
0.477920091761
-1.17825921703
-2.94117647059
0.0
-5.49391553329
-5.74774774775
-3.34313005143
0.831129580657
-0.934579439252
-0.427655024947
-4.11195577056
-7.72881355932
-8.53489979267
-10.9075770192
-4.97798848629
0.766016713092
1.39199175116
-1.48085106383
1.88327112318
0.527659574468
-0.208478109798
3.5593521979
4.68638631504
1.725923369
1.96112460951
0.383676316707
-3.43701666953
-7.23966942149
-4.23140495868
-5.3236937233
-3.22362869198
-1.78902953586
2.87366094202
0.0992720052945
-2.91912585739
-3.35997390312
-5.95238095238
-6.56180489355
-4.06349206349
0.917578879588
-0.114043662431
3.3803741385
5.23323858886
3.27868852459
-0.208835341365
-2.66412940057
-1.70967741935
-1.44999176141
2.19467247445
3.21671364616
5.43387393412
6.89655172414
3.21428571429
3.02036589575
7.69642857143
4.9298245614
3.00124311845
8.38709677419
10.0683890578
3.22580645161
1.22535961641
3.68256306389
0.462962962963
-3.51906158358
2.35849056604
5.2523364486
3.44761904762
5.88235294118
7.38043692187
-0.225903614458
1.17246596067
4.4776119403
2.90556900726
-3.91452344932
-0.821508588499
-3.74954495814
-9.6548004315
-10.6060606061
-4.06386066763
-6.0350877193
-2.4329603978
-2.84716157205
-6.22462787551
-5.6810403833
-1.40114167099
-3.23079566936
-2.23702185792
3.26637554585
2.18569680014
-1.38178096213
0.431480842251
0.635848083863
0.227591036415
4.34227330779
5.98445127463
3.24305060584
0.431480842251
-2.67507241438
-7.00712589074
-7.63193052772
-7.05531632991
-4.82917214192
-3.39094650206
-0.623840836284
-1.02479338843
0.532800532801
1.14636982888
-2.50361097737
-4.15319974144
-0.917130691123
-0.825627476882
-1.82678192791
0.597352276397
0.716145833333
7.95615275813
9.61085972851
2.93821356615
4.98305084746
3.15648085964
-6.41958967571
-11.0592401803
-4.88661769403
-5.12944203248
-5.08366533865
-1.62760416667
2.03679369251
0.384738698301
2.1517739816
7.61447436117
5.93103448276
5.31049991351
9.43859649123
13.7943925234
6.25
2.20264317181
2.77333333333
-4.00808352981
-9.13722826087
-8.53333333333
-6.29128137384
-7.8774975434
-2.55989497867
-3.17382009538
1.26582278481
5.21195274496
5.84156699601
3.95769361992
2.4082182553
0.219891745602
0.313698152666
1.88979159308
2.84210526316
2.48532965136
3.50140056022
2.81311592904
1.66995869995
0.210970464135
-0.206682741991
-2.55885363357
-3.67621677598
-2.50350140056
-1.77862199965
0.103448275862
2.05431754875
0.346380325597
-3.51351351351
-2.54123190845
-3.33333333333
-5.2301600396
-3.99068839375
-2.66359750082
-0.900600400267
0.840336134454
3.83758780195
1.31401617251
4.01915512228
9.17698470503
12.285336856
12.25
13.1313131313
12.4423076923
3.56402036583
0.550284629981
-1.04662226451
4.5219123506
4.41767068273
5.15566131271
2.52918287938
2.03883495146
0.199600798403
2.15384615385
5.78980490875
7.86988457503
5.85817060637
3.51239669421
2.78304870335
5.34806629834
4.22134733158
6.92307692308
7.79510022272
1.75927912465
-1.52339499456
2.69541778976
0.752878653676
-2.0719738277
4.36632333184
1.54696132597
-1.72185430464
0.355555555556
4.44191343964
2.313860252
2.53795603898
1.63787300875
-0.902884827131
-3.93873085339
-6.63101604278
-7.09473684211
-5.17021276596
-4.29926238145
-3.56615319688
-3.00829875519
1.27931769723
0.0
2.72786317385
-0.503884106655
1.32436409502
0.320855614973
0.363015161221
-1.34557881247
2.27614343998
3.95541958042
2.49945187459
3.40030911901
1.76048685068
1.45969498911
-5.12129380054
-5.2358196551
-5.841995842
-4.72147442535
-3.97489539749
-0.965092402464
-1.95559177022
-0.145318663068
-0.103434009102
-0.167084377611
2.74261603376
2.67726417068
1.26129913811
1.5119697606
2.41711229947
2.77536860364
3.9347826087
3.57065099064
3.72467871923
1.96292257361
2.44335850733
3.93131495707
4.93488690884
4.93714285714
4.37058957432
3.28056893783
3.29054842474
0.412938747419
-0.455062571104
-0.565866908103
-3.8809261301
-4.77777777778
-4.40789473684
-4.33173704832
-2.34305923961
1.68161434978
-0.486510393631
2.08193418402
0.944847286311
-0.549571334359
-3.06455118453
-3.74627501064
-5.21960534691
-1.53613154479
-2.59100642398
-0.216872695728
5.62050359712
6.62895927602
2.75678079146
3.77777777778
2.94708640322
0.497062810664
-0.896860986547
2.04174228675
2.4823502619
0.201342281879
-0.784577449002
-0.623885918004
-3.12087912088
-3.72725279544
-2.12393255967
-2.59825327511
-2.51954821894
-4.37158469945
-4.40159295745
-3.93352965923
-5.644829007
-4.69882012006
-1.38860103627
-3.5187057634
-3.39361918309
0.0618429189858
0.919156047629
1.15303983229
1.35273621644
1.10951304705
-2.0
-5.11397423191
-3.65582710564
-1.89020711844
-2.56256256256
-1.39442231076
1.980998585
0.020202020202
2.85418821096
6.73076923077
4.51800957735
3.0625
5.56621880998
2.98189563365
-0.106723585912
4.20915599913
3.96361273554
2.37991266376
3.96368467671
2.96703296703
-0.130010834236
-0.0216543958424
-0.758396533044
-1.93268186754
1.5625
3.70786516854
3.68208352043
4.22312556459
-0.151777970512
-7.79995883927
-9.14659044508
-8.86024145693
-9.20647939307
-6.71521035599
-1.11925111925
0.761160255092
1.47425249169
1.85881370092
1.74933113809
0.531914893617
-1.39959432049
-3.39017051153
-3.07692307692
-0.97819441614
-0.690776107273
-0.0405515004055
0.402819738167
-1.2
-1.86
-1.4219907871
-0.303214069133
1.32653061224
2.5430680886
1.72939979654
3.35334299317
3.0839758283
4.8128342246
3.5683942226
4.66354344123
3.82548893187
3.09344790548
-0.785229202037
1.3999569244
0.772532188841
1.97238658777
1.97152245345
2.47933884298
0.43261951114
0.756756756757
-1.12676056338
-1.82795698925
-3.17961676142
-3.20351758794
-5.18655186552
-4.58962166632
-4.16323165705
-0.938673341677
1.25079499682
3.45705196182
1.89593427428
3.56456776948
3.25220762438
4.31225121628
5.59910414334
6.53052064632
4.62259937472
2.4944812362
1.61797752809
0.676437429538
0.928652321631
-0.599334073252
-0.308098591549
-3.05010893246
-0.960250111657
-0.158299412031
-0.221483942414
0.508737005087
4.31818181818
2.12086659065
1.07428571429
1.05192479857
1.18621307073
-3.82513661202
-5.69892473118
-4.64254577158
-2.55179934569
-3.16428261812
-0.780741704619
0.25873221216
-2.36220472441
-2.34291799787
-0.324044069994
-1.64249146758
0.826086956522
-0.655391120507
-0.886637112096
-1.48967865503
-1.26368997473
-2.93310825069
-2.29291468705
-0.837345614402
-1.28151260504
-0.126209507783
0.937167199148
1.17032392894
0.399327448508
-1.01892285298
-0.855057351408
-1.96283148883
-1.62417763158
-2.23957263201
-2.25609756098
-2.95486743574
-4.98015873016
-5.09268292683
-5.95169082126
-6.463878327
-5.50774526678
-3.55912743972
-2.00764818356
-1.01377199694
1.66215693854
0.519031141869
0.153315446531
-1.32075471698
-2.00562324274
-4.5739579491
-2.10764019571
-2.21139430285
1.16434434052
-0.983667409057
0.556379821958
-1.06125488736
-2.822800947
-5.26220614828
-1.17388114453
-1.92797380866
-2.30993088396
0.844811753903
1.20790629575
-1.7834624392
-4.58174245054
-4.61485079806
-4.23848047837
-3.44583848737
-2.01235657546
1.98230088496
2.01769911504
0.887154009936
-0.527333450519
0.0
-0.335156112189
-0.964066608238
-1.12280701754
1.22775800712
2.14569058781
0.871886120996
0.635032633621
1.42348754448
2.85505124451
2.41920590951
3.32781761353
2.03383729302
4.01628724783
1.18518518519
-2.25631768953
0.443213296399
2.79370952821
0.558347292016
0.0
1.68869309838
-0.642201834862
-1.45852324521
-2.75113122172
-2.35081374322
-1.08932461874
-2.18951902369
-2.05357142857
-2.98507462687
-0.270513976555
-0.828231904933
-0.659654127295
0.0
1.06477373558
-2.17007762879
-1.89012541954
-0.672923676288
-2.23463687151
-0.159461374911
3.6197440585
6.59009602711
10.6170421156
10.1538461538
12.0508239031
9.4
10.8074274984
13.2180084276
13.3144475921
12.9878869448
6.72358591249
0.777964676198
-4.97365648051
-7.16164272709
-7.41433021807
-6.18742490989
-4.74664530342
-5.28942115768
2.21257237386
0.584917484855
1.8975719241
-1.75127902401
-1.95694716243
-4.82188545562
-4.75527258257
-5.65928777671
-1.14763664657
-2.0885227055
-1.72147001934
-2.65349602944
-1.49791429655
-1.8893129771
-0.967741935484
-2.47123184305
-1.69459253618
2.84711388456
3.96825396825
3.33333333333
6.18990384615
4.0
3.91084093212
1.02224894768
1.2909632572
-2.06003531489
-1.17416829746
-0.403632694248
0.483383685801
-0.651144435675
4.126659857
3.65111561866
3.94378015523
4.48232323232
7.82978723404
3.70762711864
1.67044751495
-1.56927524262
-2.00041245618
-2.00166805671
-5.71314422693
-2.82565130261
-4.32635322007
-4.7347740668
-4.32874526232
-3.95241749808
-3.35076505907
-1.63233579479
-1.06899902818
-4.60513796384
-0.685975609756
9.38559322034
12.1132897603
10.9075231731
9.47916666667
9.60735171261
-1.54359616187
-2.1113243762
-1.23483074303
4.50685826257
3.23415265201
2.32657417289
0.882099827883
0.298953662182
0.503282275711
0.0431406384815
3.19383259912
3.7037037037
5.18867924528
2.55834829443
4.62649514782
0.375856732257
-0.708905626938
-3.15423102023
-2.96167247387
-4.48372494072
-1.84461805556
-1.3548951049
1.23320854437
1.79561072933
3.54910714286
-0.324464633355
0.262927256792
0.464601769911
0.467706013363
-1.84049079755
2.66489007328
0.528634361233
0.221729490022
-3.44086021505
-2.3743315508
-1.83126226292
-0.981461286805
-1.37765143232
3.51736420303
4.96183206107
3.96645512239
4.01542649728
3.01869790493
1.56002713091
0.883352208381
1.49528410398
1.31004366812
1.2545620438
-1.38238573021
-1.31873044256
-3.22796081923
-1.91614066727
-0.521896982074
0.718616662924
-1.01769911504
-1.83566433566
-2.99584517822
-1.84855233853
-2.49616816291
0.221729490022
2.32558139535
2.64870931538
2.27790432802
6.63086621527
7.92055515674
8.80778588808
9.8643649815
11.9897959184
5.85763717252
4.08468244085
1.90924869824
1.24843945069
-1.7790027562
2.35264356185
0.224663005492
3.41025641026
0.780070457977
-0.175087543772
-3.11274509804
-2.5304136253
-4.10622080157
-0.774032459426
-1.62401574803
2.46107483677
1.78306092125
2.39174219537
-0.521609538003
1.04425658876
1.55572558021
5.23846755278
5.77896138482
7.21704394141
6.68435013263
5.77286215268
1.88528943176
-1.31406044678
-4.81622306717
-5.51378446115
-9.56330812393
-8.07908225531
-8.99306386032
-5.00842764267
-5.56213017751
0.195551209973
-0.0731707317073
2.65160815124
1.63974547234
3.7318929536
1.06225296443
1.5102748205
-1.73703256936
-0.825242718447
-2.7923627685
-2.92565947242
-3.48864994026
-0.527957763379
-0.579150579151
1.13444363987
-1.67413345909
-1.5988713849
4.43609022556
2.57425742574
3.29094988781
4.94926998268
6.325
-0.0250563768479
2.48604769153
-0.545499628068
-1.02865540044
-0.990099009901
-1.31058358061
-3.85365853659
-0.493461633358
-0.463188688445
-6.63277097296
-5.69029850746
-6.79699931803
-8.92134831461
-7.29943502825
-2.21468926554
-3.94265232975
0.0910125142207
0.884153253231
-0.606469002695
0.249207068419
0.24702447788
-0.543109300747
-1.2315270936
0.815217391304
-1.0757507844
-2.28220320386
-3.51528384279
-3.14465408805
-5.21571152608
-4.61735784523
-2.81509916827
-2.28291017709
-1.05150214592
-0.448717948718
-1.41201264489
-0.971488912355
-2.75933609959
-1.27118644068
-0.425531914894
2.88378143972
1.8936948569
3.10160427807
0.063599745601
0.771869639794
-1.62116040956
-0.0860030101054
0.732600732601
1.46268014627
0.560586459681
1.4060134112
3.47052280311
4.95251017639
5.94804010939
5.38513974097
5.28353450239
1.51309846432
0.522846101387
2.26054532743
-1.67560321716
-2.20489977728
-1.6
-2.43956531382
-5.00332078813
0.539083557951
-0.310834813499
0.829038763164
0.512706197058
-0.462758924636
-1.00066711141
0.648044692737
-0.579193584317
1.12714156898
2.90249433107
0.424296560965
-0.222965440357
0.605109816226
-0.649496080627
-0.921141316558
-0.621393697293
-0.355476560764
-0.534997770843
0.79006772009
1.41262246525
3.32492547581
3.99722735675
1.79260267756
0.158263621976
-0.15923566879
-0.501939310974
-0.551470588235
0.662402923709
1.18965911691
-1.21348314607
-0.724801812005
-1.69414953693
-1.28523111612
-2.75862068966
0.044964028777
0.363719027052
1.77011494253
3.33178005592
4.51057893513
2.01834862385
1.87586845762
0.601295097132
-1.15154306771
0.0465224470807
1.27758420441
0.348594004183
0.394706292083
1.07076350093
-2.05058099795
-2.71186440678
-2.29336966394
-3.01733843729
-3.8065382893
-0.791139240506
0.72843159572
0.479123887748
0.611690077028
0.246913580247
-1.90687361419
-2.37777777778
-2.70810210877
-3.22297741723
-2.7080148504
-0.485436893204
-1.14235500879
-0.770925110132
0.929409161319
0.903481710004
-1.15594329335
-1.04347826087
-2.15517241379
-3.19194515853
-3.24093816631
-2.40527884206
-2.16928966397
-0.493244692258
0.1287001287
0.816852966466
-0.212404418012
0.191774984019
-0.128507174984
-0.12853470437
0.0430107526882
0.469483568075
1.03336921421
0.581645842309
0.560103403705
-0.150311359244
0.364103662454
-0.10752688172
-1.27605274351
-1.25505211657
-1.75105485232
-0.996607294317
-0.83173384517
-1.52879581152
-1.57035175879
-1.6393442623
-2.54184748915
-5.02329349808
-4.09720827475
-5.76164167324
-3.94658162248
-3.10372446936
-1.45708582834
-0.737639553429
1.01654375125
0.541082164329
-0.0400320256205
-0.11961722488
-0.712589073634
-1.14285714286
-0.893743793446
-0.892680023805
-0.0796812749004
1.28307939054
1.25698324022
1.53256704981
0.799840031994
0.985717159525
0.160642570281
0.784234868289
-0.581395348837
0.16022431404
-0.140618722378
0.952767078857
-0.619504396483
-0.617652918908
-0.120024004801
0.789633529054
-0.524299253882
1.62469536962
1.16911912921
0.32109171182
-0.723618090452
-1.56808257245
-3.43204549912
-5.32442748092
-4.48533640023
-3.95752895753
-2.25067908421
-0.293312475557
2.46382479468
1.8149882904
1.56862745098
1.17785630153
1.58919348431
2.73202089192
3.20241691843
2.34798314269
1.9615692554
1.45102781137
1.01461038961
1.03785103785
2.04792135982
-0.279441117764
-0.481347773767
-1.79354324432
-1.52304609218
1.34910751349
3.40557275542
4.50639278977
4.19435215947
2.08674304419
-1.75367047308
-0.676506765068
-1.11917098446
0.0623311863702
0.804289544236
0.574241181296
0.0
-2.32793522267
-4.18076846506
-3.59840954274
-3.59826018189
-4.22148046338
-2.33293792013
-1.25810890505
-1.52701644479
-1.28805620609
0.15732546706
-0.609157005306
-0.625122094159
-0.234375
-1.32871172733
-4.05660377358
-2.65876052028
-1.80318434683
-0.505246793626
1.72380019589
4.55711185638
3.09603628476
3.82393945429
1.98176773682
0.949179355349
0.138285262742
0.875273522976
-1.72245057741
-1.19443900529
-0.335041387466
1.38193470859
0.43956043956
2.34375
2.94295504939
1.48
0.24091547882
-0.0998003992016
1.13452188006
-0.0402982067298
1.2555690563
-0.0401364639775
-0.57551101409
-1.71246515333
-3.29306313328
-3.83641674781
-2.42803994517
-2.98421255295
-2.99401197605
-1.81748612971
-2.5801555682
-2.92720015206
0.347758887172
0.271160178191
1.73219151421
2.88893226625
2.77397929283
1.31141123508
0.467016929364
0.410396716826
0.411603292826
-0.214424951267
0.0979623824451
2.5748502994
1.54792617583
0.949742777998
1.62440570523
1.35027799841
-0.85097961607
-0.532964863798
0.238000793336
-0.158227848101
-1.29361034888
-0.590202636238
0.0
-1.44644253323
-0.550747442958
0.869909054962
0.973381009138
1.15814696486
3.9837398374
3.81866448846
11.9769758689
13.6343115124
14.4685714286
12.6373626374
13.7250348351
2.98677610579
0.20357385207
-0.816141464521
-1.17647058824
-1.8015963512
0.827586206897
2.29060620083
1.49562816383
-0.562429696288
0.0228102189781
-1.96078431373
-2.9200359389
-1.96255357546
-0.269239398699
-0.408905043162
0.361909070346
0.405953991881
0.704225352113
0.518718989626
-0.989653621233
-1.1404293381
-0.0225479143179
-1.54327890852
-0.672043010753
-2.04890945142
-1.69267970983
-2.84775465498
2.8998849252
2.597104114
5.65642458101
6.28504672897
6.48472125029
5.56365403304
8.66633366633
6.60049627792
5.83580613254
5.25411244783
1.83077684315
0.0499750124937
0.77519379845
2.04390613172
1.85046261565
1.02474381405
-0.0749063670412
-0.793847680476
-2.74846625767
-1.59940944882
-2.1760391198
-0.174476570289
0.775
1.8495376156
2.16189039718
3.8334602691
2.47765006386
2.04081632653
1.9622833843
1.0157440325
-0.152091254753
-0.835866261398
0.771208226221
1.52652005175
0.203562340967
-2.42394261687
-2.49444307236
-4.32857845548
-4.63853935357
-3.32103321033
-1.02815177479
-2.10348162476
-1.78743961353
-1.81686046512
-1.43064985451
-0.777264998786
0.9765625
1.49546457465
1.72498767866
2.45962732919
2.20953326713
1.68818272095
2.66800906116
1.78078755957
1.35985897759
1.20603015075
1.05368790768
0.050365147318
1.42457389977
-0.150867488056
-1.53389411183
-2.08793908131
-1.6835850458
-2.11653386454
-1.53503342411
-0.955648125459
0.444115470022
-1.15026921194
-2.7602905569
-2.60429225946
-0.778020909312
-1.02564102564
-0.21978021978
0.731707317073
-0.26455026455
-0.915442062154
-1.68067226891
-2.15053763441
-1.34744947064
-0.168067226891
-0.312199807877
0.264805007222
2.1728515625
1.93769928869
1.31354901484
1.16618075802
0.362406378352
-0.485908649174
-0.947521865889
0.908198330879
0.463753966317
0.339393939394
0.14598540146
-0.41132349383
-0.415546321193
0.0244140625
0.0242483026188
-1.3915547025
-1.02969348659
-1.39792721138
-1.27741624488
-0.434572670208
-0.572519083969
0.0479156684236
-2.30751118437
-2.35349493999
-2.88393903869
-1.96445275959
-1.78823529412
-0.678203928906
-0.863275781615
0.0
-1.24711316397
-1.16279069767
-0.465549348231
0.163589623744
0.164396430249
1.50023441163
-0.046490004649
0.373831775701
-1.1093136122
-1.0687732342
-1.20426123205
-1.42071494042
-2.10430009149
-0.345462920313
-0.39342744735
0.255398188995
2.73069679849
3.25932923949
2.79356060606
3.02813543157
2.54761904762
2.46020260492
1.77884615385
2.02898550725
1.84555609519
1.94174757282
0.826848249027
0.507368929693
-1.31108462455
-1.17590592753
-0.434992750121
-0.843983602604
-1.12279025323
0.575401582354
-1.06837606838
-1.71021377672
-0.9553379508
-1.11032364753
-0.926365795724
0.118849536487
1.96173407605
2.19672931413
-0.165094339623
0.525310410697
0.214387803716
-1.99382862568
-4.00656044986
-1.30353817505
-2.19523587109
-1.66315296322
-3.01565377532
-2.04268992426
-1.8281535649
-2.52674709766
-3.30690826727
-1.69721656483
-2.24366165582
-1.06262717612
-0.768014456743
-0.0452796015395
0.181364769893
0.700406687754
-0.382882882883
-1.44701691897
-2.38674033149
-2.08657047725
-1.57883033133
-1.37716570413
0.0445434298441
0.801960347516
0.267082127754
0.761819403988
0.964341780668
0.267976775346
1.49219986435
2.18330680009
1.17887100431
1.57175398633
2.58877434135
0.637087599545
0.871759577885
0.868968671393
0.595783684693
-0.296939241663
-0.227014755959
-0.72876337964
0.114468864469
0.483536725766
1.64847921987
4.38388625592
3.7325773683
1.88943317005
1.70960187354
3.16167664671
-0.0236910684672
-0.165094339623
2.19308700834
2.25095785441
-2.29347062953
-1.3093289689
-0.980850070061
-2.28278593058
-3.2885595183
-0.812441968431
-0.372699743769
-1.17701361643
-0.923147934456
-1.75199089875
-2.15761980468
-1.64948453608
-0.823987182422
-1.54510338559
-0.991214237441
0.617001828154
-0.501481650331
-1.33242999097
-1.47750167898
0.0676284941389
-0.680889695869
0.457980306847
0.408163265306
1.75398633257
0.566764905917
1.10142267095
0.298576022049
1.84757505774
1.36227199261
1.33241442683
-1.82473530074
-1.64897221595
-2.0140303236
-1.18640200776
-0.639123487788
1.88202891898
0.613636363636
1.84374279788
-0.386363636364
-0.159525979945
-0.751708428246
-1.16801437556
-2.82194848824
-0.63233965673
-0.385925085131
-0.790960451977
1.96976637655
2.59650735294
1.48980059592
1.49769585253
2.05258302583
1.77156177156
3.00591715976
3.33964945523
2.47933884298
2.336558886
1.34656272147
-1.44623279683
-2.04176334107
-1.94489465154
-1.94399444573
-1.64962825279
0.586579070859
0.913135097167
2.34597156398
2.92996665079
3.3125300048
2.15723873442
2.37296260786
0.309008794866
-0.261344737467
-0.215568862275
-0.191387559809
-0.902612826603
0.333889816361
-0.731132075472
-1.67216203486
-1.27538970241
-0.11862396204
-2.10133084287
-0.888265544647
-0.445486518171
-0.493537015276
-1.00986378581
1.25295508274
0.872435746286
1.21025154248
0.877192982456
0.141110065851
-1.0757717493
-0.399248473462
-0.753650494583
0.0949216896061
1.55242417005
1.32701421801
1.02016607355
0.283419933869
-1.19577960141
-2.17289719626
-1.35577372604
-2.09059233449
-0.8198641368
-0.443510737628
-0.0467071461934
0.304806565064
1.19887165021
1.16113744076
2.29226361032
3.15586605637
3.64520048603
3.857421875
2.70138719883
1.74927113703
0.72797864596
-0.651859005311
-0.630761766133
-0.291191458384
-0.290697674419
0.145808019441
1.09836465707
1.07896027464
1.50246305419
2.40635078144
0.611246943765
0.367466927976
-0.585080448562
-1.95604926346
-3.12424897861
-1.80072028812
-2.03983681305
-1.01351351351
0.242072137497
1.41359980502
2.03331700147
1.80796481798
3.36742329758
2.0
0.317848410758
-0.777831793875
-1.32594021215
-4.47939004051
-2.99401197605
-1.15998066699
-0.867469879518
0.606354596168
2.66634050881
1.97850512946
0.853034365099
0.654862963861
0.560975609756
-0.680272108844
0.490918016691
-0.749879051766
-0.266086115143
-1.41861024285
-1.50753768844
-2.6523297491
-1.75855513308
-1.64168451106
-1.51551030073
-1.73994827181
-0.285918513224
-0.543606712361
0.286327845383
1.02870813397
1.38259833135
0.406698564593
0.189438787592
-1.15566037736
-2.26794482114
-1.27088726759
-2.31362467866
-1.17013807629
-0.679315999063
-0.0467398924982
-0.93261832595
0.093567251462
-0.0935234977788
0.660221645838
0.304735114862
1.17952347252
1.39943074004
1.44686907021
0.688509021842
1.88679245283
1.24193933604
0.190114068441
0.500595947557
1.03142240345
1.25755743652
0.940212150434
1.91329619763
1.94410692588
1.04217159476
0.755360623782
0.43583535109
-0.959462700887
-1.57856972016
-1.40979689367
-1.25120307988
-0.120918984281
-0.071907957814
-0.570749108205
-0.262154432793
-0.976888253514
-2.10700757576
-0.477099236641
-0.0712927756654
-1.75602903301
-3.22803781416
-3.27455919395
-3.80908673704
-2.99677270632
-1.08846688282
-1.29722348657
-0.387773722628
0.0688863375431
-0.390355912744
-1.07674684994
0.779816513761
0.596603946765
-1.09016579605
-1.84809556006
-1.88806473365
-0.160293107396
-1.0220304338
0.250455373406
1.09364319891
2.4407091872
0.390804597701
1.49838635316
1.2214796036
0.780711825488
0.277072269684
1.37497086926
1.33146461107
0.813197026022
0.7868548947
0.885161891451
0.257009345794
-0.465008137642
0.396547702356
1.07602339181
0.233481204763
0.682192425312
1.39085337105
-0.441244774733
-0.627615062762
-1.24510029975
-1.18549511855
-2.10016155089
-0.277906438166
-1.39812055925
-1.00433690938
-1.26233647005
0.533642691415
1.24267291911
2.17798594848
0.597014925373
-0.570515746235
-1.68795620438
-2.84738041002
-2.95454545455
-1.58192090395
-1.41732283465
-1.06070864365
-1.39263252471
-1.12359550562
-0.135409614083
0.315955766193
0.658791458428
1.52793614595
2.04081632653
1.14129194248
1.28
0.273348519362
0.205667276051
-0.863832689248
-1.15072202166
-1.3083690503
-0.633770937076
-1.24125479576
-0.452591083956
-0.202657059221
0.0225631768953
-0.741406425522
-0.471698113208
-1.16305077164
-1.61719096145
-1.42348754448
-0.669493416648
-1.22032394054
-0.600266785238
0.984340044743
1.0564171724
0.470852017937
1.16722783389
0.44662795891
0.201748486886
-0.201884253028
0.0
0.247524752475
0.901306894998
0.359955005624
0.859728506787
1.38667879063
0.0900900900901
-0.582437275986
-0.58152538582
-1.66852057842
-1.54431512981
-0.224719101124
0.179533213645
-0.200892857143
0.267677894267
-0.17873100983
0.18009905448
1.13481615978
1.54125113327
1.77071509648
1.68105406633
0.38418079096
0.616579127655
0.363967242948
-1.9149409931
-5.83957219251
-6.40862944162
-6.88921964703
-6.84467048103
-4.73058973271
-0.25602730958
1.1120615911
0.66352739726
1.17924528302
0.920573752944
0.795698924731
-0.106814783166
-0.426257459506
-0.511945392491
0.128617363344
0.0645577792124
0.861883214824
0.794844253491
0.493033226152
-1.03945693678
-1.67160389336
-1.33928571429
-0.936369440306
-0.955414012739
0.468883205456
1.52524167562
0.771208226221
0.750428816467
0.576553491352
0.751556796221
-0.597907324365
-2.75
-3.5965274907
-3.87931034483
-4.78429768963
-4.0565457898
-1.84049079755
-0.941850941851
-0.571428571429
-0.0408747189863
-0.184049079755
0.266557309822
0.184615384615
0.698725852857
1.13683340223
0.720906282183
0.164304785377
0.432632880099
0.849740932642
-0.411692054343
-0.102880658436
0.891007045172
-0.0617665225448
-0.740588356305
-0.205423171734
-0.287238407879
-0.597322348095
0.144329896907
0.0205761316872
0.682523267839
0.994612515541
1.08265667291
0.789692435578
0.976521919801
0.855235711306
0.899017353126
0.67071892685
0.648399916335
0.522138680033
-0.33264033264
-0.84991708126
-0.396659707724
-0.499479708637
-0.312304809494
0.501462599248
1.00502512563
-0.0417362270451
-0.331881352417
0.31328320802
0.0208986415883
-0.229789011907
0.293009627459
1.34538574732
1.22621564482
1.24841303428
0.314333612741
2.99633541712
1.90659811482
1.67669819433
2.98539986925
3.08922013394
-1.15064990411
-0.149732620321
-1.3361611877
-3.53163758671
-3.46193952033
-0.276243093923
-0.616496598639
0.148683092608
0.762550307138
1.30995140503
-1.17597648047
-2.527973477
-2.42487046632
-1.74817898023
-1.70301142264
-0.832986255727
0.730536422459
0.290999792143
0.104166666667
-0.762572135202
-1.97999591753
-3.13384553174
-2.84733441034
-3.28430384848
-3.11501597444
-1.30942788074
-0.422790416751
-0.721732157177
-1.27312512433
-2.88927671127
-3.91018195896
-4.0193236715
-4.24265693991
-2.67182962246
-0.270740669116
-0.154619250097
-0.633640552995
0.0576258163657
-1.03468097337
-1.74805244157
-1.84025801556
-1.5687015687
-2.16124788574
-2.64875955978
-0.829093649896
-0.75315383167
0.819359756098
0.986904535965
1.92015209125
1.16279069767
0.701554797118
0.536398467433
0.114003420103
1.32922365633
1.90365190365
2.74693161894
1.87353629977
1.42609365966
-0.517439632043
-2.95947219604
-3.13266654086
-2.95454545455
-1.48091892918
-0.267584097859
2.01923076923
3.13351498638
2.18695568028
2.01433275228
2.30739147438
1.246105919
0.136425648022
0.174486234975
-0.251159196291
-0.486475968087
-0.252476208973
-1.49740833173
-0.077489345215
-0.0193162062971
-1.07795957652
-1.8115942029
-1.02603078092
-1.31905945326
-1.50304414003
-1.79584120983
-0.436681222707
0.0570342205323
-0.740037950664
0.882917466411
1.55500095988
0.0760022800684
-0.960271135379
-2.13556174559
-2.01241301486
-2.50795433277
-1.99255121043
-0.18793459876
0.391498881432
-0.0939496429914
-1.14708603145
1.35900339751
1.77888293803
2.38595151747
2.130109384
1.46423878356
-1.26723816623
-1.87687687688
-3.39295592845
-4.31509364671
-4.6365914787
-3.921217547
-3.09203346672
-0.531914893617
0.591060214259
3.7711313394
4.23665546846
0.973370064279
0.0
0.203590597816
-0.222428174235
-0.741015190811
0.833333333333
0.944269579707
1.4457378896
0.822276210054
1.0861423221
0.409074005206
-0.662129851021
-0.800894021233
-2.1039151116
-2.17988642609
-1.44768187649
-2.31764283148
-3.85028653295
-2.16574190084
-3.20921985816
-1.28437047757
-1.32955149796
-1.37760508654
-0.781388740899
-0.26525198939
-2.50440917108
-1.06980007015
-1.27288578901
-1.77917320774
-1.60083521837
-2.0725388601
-1.55386740331
-0.382143477506
-0.933125972006
-1.03323574996
0.173010380623
0.0691085003455
-0.518403317781
1.18901905928
0.467128027682
0.277585010409
0.207756232687
-2.06464714842
-3.65566037736
-1.63376446562
-2.71729957806
-3.33054393305
-1.81123296776
-3.1647634584
-4.56391099561
-4.18822768435
-3.20751660457
-2.55829015544
0.656814449918
1.75177656586
2.48591315877
1.1801344042
3.00200133422
-0.927281600781
-0.526056222259
0.801871032409
-0.0491480996068
-2.2816166884
-0.774818401937
-2.85851165762
-3.9165329053
-2.78706800446
-1.4297188755
-0.561797752809
1.44176251417
-1.07970784376
-0.317510715987
-0.860009555662
0.322061191626
-0.755627009646
0.366533864542
-0.0951625693894
-0.443951165372
-1.66270783848
-1.69116484906
-0.349372717167
-1.12905755057
-1.59151193634
-1.0343206394
1.28061469505
1.20540019286
1.46380270485
2.90622992935
1.17329950848
-1.17070083847
-1.25376924298
0.882825040128
0.0160590974787
2.77008310249
3.47028973645
2.0735460878
0.727566693614
-1.64271047228
-3.46075192701
-6.40416730504
-5.84197681513
-3.01082013486
-1.53965785381
-0.0628831944663
4.18196328811
5.67375886525
4.98847546921
9.37234223507
8.05163920503
4.62591850367
6.21468926554
2.23868035684
0.409906063194
1.90410247533
1.49152542373
-1.43435707054
1.33037694013
2.00348432056
0.103968116444
0.940975192472
0.0168776371308
-1.46218487395
-4.20560747664
-2.82875905035
-0.170794192997
0.833900612662
2.40963855422
2.90228404602
2.41420934644
0.497768623412
-0.0170154840905
-2.38575268817
-3.03080766028
-2.47225025227
-0.342114266165
-0.423585225347
0.252652854977
0.619973190349
0.609137055838
-0.662701784197
0.613706102966
-0.168152009417
0.82784254097
0.288477855082
2.29445506692
1.68140058936
0.100993098805
-1.28418945964
-3.45674967235
-5.96600196143
-6.05764533464
-2.84546197874
-2.20192464525
0.164095831966
0.509282076557
-0.048828125
1.1412504135
1.23844121532
1.14522821577
0.828225940036
1.53693604363
-0.526488976637
-1.25550301647
-0.0663459943606
-1.03278688525
-0.705612077453
-0.605069501226
1.07119314436
0.299451006488
1.07705053853
1.75321422608
1.37599469496
0.713692946058
1.31468060003
2.32282129535
1.99250681199
2.46305418719
1.96310712472
0.952867109069
1.02774922919
0.772267032778
3.22637208487
4.97424054006
4.6660730187
3.51063829787
3.13274336283
0.866643084542
-1.26293632696
-1.6120553706
-1.9471488178
-1.03345594675
-0.194174757282
-2.16234769178
-2.66075388027
-1.82625021335
-0.609331476323
-2.10817349231
1.76388403772
2.85964912281
3.8829787234
1.30511463845
1.18901905928
2.6164874552
2.04081632653
-2.77538355456
-0.770038501925
0.0875043752188
0.685673042223
3.1007751938
7.50555967383
7.48683220467
7.08395802099
3.27991054789
1.72737514082
1.10548997564
-1.73752310536
0.263059000376
3.51080246914
2.46248557137
4.64705882353
5.3143858283
3.37995337995
1.07233378826
0.990868467068
0.216152485754
2.65787370104
2.40700218818
0.647566718995
-0.617879899595
-2.7703477264
-0.595947556615
0.479712172696
2.74193548387
0.856864654333
-0.304761904762
-2.93096799074
-3.89934690741
-3.0303030303
-0.426604615086
2.31923601637
0.699029126214
-2.03236733158
-5.10204081633
-6.08268075032
-7.31575144509
-4.64728753934
-4.09673344162
-2.6196928636
0.219018068991
0.271689911248
-1.83569611051
0.635670177988
1.87741579238
0.846677710289
1.58233670653
2.82190244814
1.26908221446
1.41870449879
1.5134529148
1.04108570366
0.734186746988
4.41713078548
3.09853733641
3.60046457607
4.0224327983
2.29154631234
-2.45410266017
-3.56347438753
-3.99553986248
-4.50600184672
-4.71559633028
-2.50228310502
-1.76845943482
2.1838207368
1.42348754448
3.37632776935
6.55897236279
8.22809786898
4.92129906356
3.75048581422
0.457317073171
0.685871056241
-4.16036308623
-7.33013293944
-3.99253731343
-0.171200304356
0.216025137471
7.261663286
14.2375026366
23.7875288684
26.6746987952
7.74439272112
12.7372513149
7.23818140692
-5.41721275666
-6.10859728507
1.72191132157
-4.9967412557
-2.5782282944
6.31676730144
6.22446527277
13.2894415996
1.72375690608
3.48916761688
-3.58262427228
-5.56059918293
-9.76897689769
-1.69454703454
-1.96735971384
0.382108338953
-4.73513513514
-0.980392156863
3.57785778578
2.05338809035
-3.86776145203
2.7321190582
4.38935637935
2.18441020924
3.69056068133
12.6856586316
2.31818181818
-2.78576166261
-3.50565786554
-6.85323931247
-12.3746532964
-0.744416873449
2.95925335761
-2.31902904205
1.40782122905
1.93562418443
-3.58851674641
-2.007584207
1.83182520415
1.19855269109
3.16356293471
2.24594173894
-3.50839431769
-0.373790677221
-2.12483399734
0.315102408283
0.694133452754
5.66295201274
3.12925170068
1.34589502019
0.0450349020491
-0.600934787447
-2.87165893528
-3.92156862745
-1.8926056338
-0.670990829792
0.0
0.0663129973475
2.91479820628
3.91035902127
1.56746933212
5.41999061473
4.33579335793
1.73357664234
1.9822761194
1.6863016863
-1.15955473098
2.74881516588
1.88240762259
-1.03854142626
-1.29958960328
-0.987370838117
-1.21722846442
1.87026515152
0.0230840258541
3.44339622642
2.01452330757
-1.90585533869
-0.165445521153
6.51585935579
2.73806639205
-3.82969137193
-0.684150513113
-0.680751173709
-4.70946579194
-4.68822170901
3.61811391223
4.18151579948
-1.06827682304
0.731649752183
5.4297540784
4.87148102815
6.04686318972
10.893638939
6.6448527561
8.5072655218
4.47570332481
2.42580645161
-0.842696629213
0.404346727319
-7.32125367287
-5.14313440078
-6.10613036104
-5.52472858866
-4.99399759904
-3.1768610716
-3.33020637899
-6.50203896692
-5.83825533848
-6.92737430168
-5.95317725753
-5.45454545455
0.500910746812
0.159271899886
-0.245207311636
-1.08072342303
0.289081609962
-2.37830629029
-1.50156880323
-0.288953100689
0.777950655701
0.536552649229
1.76430671794
-0.910504108372
-0.243902439024
-0.0666370501999
0.902323482969
2.59921095382
4.89168413697
5.07921714818
5.21149801355
4.94791666667
1.91579943236
0.515101849684
-0.301974448316
0.753473039793
-2.15427380125
-1.99350950394
-0.535631113181
0.584112149533
-1.04846225536
0.982456140351
-2.83783783784
-1.58148063259
-4.67706013363
-4.53736654804
-7.20642500543
-4.80274442539
-7.17021276596
-3.81319622965
-4.94714587738
-2.41474263927
0.0214454214025
0.213219616205
-5.04475183076
-3.50877192982
-4.93354812727
-5.01120391118
-5.74758842444
-0.566343042071
-0.729040097205
1.16113261357
1.40466845693
2.42898312063
1.1249744324
2.63978382873
2.63432991846
1.00146046318
-1.9576185671
0.163900839992
0.250052094186
0.0627615062762
0.905263157895
3.55276907001
1.41284022439
-0.621246634914
-0.395915815795
-3.41602277349
-2.10720130933
-1.77551020408
-0.719572368421
-1.07194392909
0.964894272223
1.17987994204
-0.101936799184
-1.31872590789
-3.99762517316
-4.09529434928
-3.99443561208
-3.88007054674
-2.10526315789
2.84958273967
3.27368849126
1.94489465154
3.049273021
1.94371330229
-0.304383116883
-0.986510972418
-0.963081861958
-0.161290322581
-0.222222222222
0.223713646532
0.566916379834
1.01337657073
0.323624595469
0.938009787928
1.46512587701
2.63923524522
1.79492469569
1.51950718686
0.884591647809
-1.82333873582
-2.63051396196
-2.88519334803
-0.733795352629
-0.266721378744
0.366002440016
-0.0404530744336
1.73257236038
0.594627844987
0.432722027612
-1.24497991968
-0.282371924163
-1.78178178178
-3.25332275342
-4.14773849496
-1.54211150652
-3.74684527276
-4.23696319018
-3.8894184938
-3.87317258401
-5.31636091352
-4.18526785714
-1.58490566038
-0.756859035005
0.17116774439
2.06343141001
1.49141023221
-0.244682853379
-0.86287750891
-2.08566108007
-1.46837349398
-1.67068869501
-1.24535315985
-1.85935198822
-2.02517788725
-2.69280087928
-1.42726440988
-1.80689906917
-0.875912408759
-0.054704595186
-0.600873998543
-0.654426467915
0.0
1.35010171999
1.42407989643
1.42197599261
3.32456799399
2.93067818899
1.14104002993
1.04653335825
0.110926234054
-0.131307447008
-0.912137006701
0.640060240964
0.0373901663862
-0.569852941176
-2.16553496054
-3.17231434751
-4.81992474467
-4.70336718332
-2.75294958885
-3.4891958909
-2.22065562214
-1.86390012309
-0.795334040297
-1.65260196906
-1.7745302714
-2.57554945055
-2.26843100189
-2.63293753227
-0.524658971668
0.48951048951
0.275482093664
0.396825396825
1.46673651126
-0.539224212907
-1.15776740971
0.693481276006
0.22479681826
-2.23625810857
-2.74065301979
-1.98170731707
-2.3366068405
-1.00992810681
2.808002808
3.84750527056
3.25288562434
3.1255456609
1.97242101588
-0.800835654596
-0.905292479109
-0.969864911673
-0.710818307906
0.508771929825
0.70126227209
1.93433895297
2.5031066927
2.65171738744
3.35448776065
1.36840234583
-0.931786216596
-1.22742416272
-1.6453702083
-2.0252265056
-0.265863169089
2.48648648649
4.89240389921
5.32817109145
3.56945722171
4.2113040266
1.81618051734
0.350682908822
-0.0184331797235
-0.0551673409342
-1.65304268847
-0.656096227447
1.40370578327
2.1849689207
3.28584995252
1.92556933901
2.00780814278
-1.45702692733
-1.64875879956
-3.95840933966
-2.38568588469
-3.79180826328
-2.6920315865
-2.52798844348
-0.0182381907715
0.308194343727
5.25225903614
5.6904400607
3.96095363244
2.87054409006
2.28073428518
-2.47842849275
-3.6197440585
-2.18508997429
-1.6242155777
-0.49815498155
1.62313432836
2.53045923149
1.50978564772
0.893854748603
0.668647845468
-0.64874884152
-2.55707762557
-1.63182984965
-2.89330922242
-1.42804833394
-1.55109489051
0.182982616651
-0.41993792222
0.783670493895
-0.690909090909
-0.904159132007
-0.382792562887
0.884140725732
1.95094760312
2.30654761905
1.30060450632
0.18261504748
-1.32679025809
-2.05641492266
-0.921489126428
-0.691286156085
-1.01229211858
1.00973012668
1.40247278096
-0.0920640765973
2.02301410542
2.95924064768
3.02629090221
1.55547226387
1.06066244883
0.804490177736
-0.0558035714286
-0.582925911997
-0.559075661573
2.75334608031
1.48091892918
-0.518134715026
-0.80208916247
-0.666419844502
-2.22471489998
-1.25609298838
1.17955439056
0.960451977401
1.69427710843
3.78346915017
3.3921302578
3.7893509522
4.89924930857
6.07028753994
0.605114190904
0.369649805447
0.331448625463
-3.41537874451
-5.06161137441
-0.0780183343086
1.1811023622
-0.523661753297
2.06426484907
0.571973307912
-0.735721200387
-1.37837313143
-1.18819471062
-2.00381679389
0.171886936593
-1.26170904225
-1.84832317073
-0.533739992375
0.306278713629
1.08108108108
4.07879029049
2.74079874706
4.2320683489
4.22984836393
3.53787727364
0.41958041958
1.28891532818
-2.2148824558
-4.38763830599
-4.52290076336
-4.5757864633
-4.34370257967
-2.5558500568
-0.81362346263
0.0572847049838
0.344365792998
-0.976709241172
-2.3298816568
-2.59859933653
-4.34703196347
-4.85984710593
-3.28792007266
-1.45772594752
-1.32751409347
-0.653238976592
-2.605920936
-2.35899255055
-2.95313881521
-2.44811069718
-2.88986784141
-1.22570478025
-1.053001053
0.910064239829
1.22104507093
1.83025300556
2.20114531138
1.53243050606
0.358166189112
0.741678726483
0.777576853526
0.503597122302
0.826446280992
0.812421014624
0.217548948513
-1.53133903134
0.0900090009001
-0.393700787402
-3.35020066306
-3.86894388289
-2.43224461432
-3.60923130314
-3.37195227391
-1.68124892777
-1.94805194805
-0.809925900396
0.0694565028651
0.714036920933
1.35628586333
1.66782487839
0.103501811282
-0.89485458613
-1.39103554869
-0.622083981337
-1.80825656772
-1.07508532423
-1.67512690355
-0.901974132063
-1.11073137389
-0.845737483085
-0.475543478261
-0.938652363393
-1.73913043478
-1.54777927322
-0.48813331089
-1.14170584285
0.10067114094
-0.233566900234
-0.784510098481
-0.884217550884
-0.733333333333
-1.22638382499
-1.97874080131
-2.53782332845
-2.71059892875
-1.655466317
-1.46962769432
-0.0653701585226
0.424767194903
0.472928897586
-1.13433803273
-1.00226317491
-1.22679580307
-1.98558847078
-2.01342281879
-1.20076849183
-1.24521072797
-0.959232613909
-0.557324840764
-0.540368722187
-0.79415501906
0.90206185567
0.0479846449136
-1.6290726817
-2.17661691542
-2.03827602303
-2.42062244577
-3.23479337564
-0.421151146467
1.46710837672
1.74133291119
-1.66924265842
-0.446841294299
-0.604651162791
-0.937646507267
-1.51231680698
0.48144121758
0.10797470307
-0.232018561485
-1.32613723978
0.37558685446
-0.5406240346
-0.780532598714
-1.59817351598
-0.704333180217
-2.42785158039
-1.29592925751
-0.365965233303
0.968188105118
-0.0764993880049
0.061115355233
0.137404580153
-0.288885510111
-0.229990800368
2.33286362925
3.08710033076
3.91876884023
4.52956134774
3.42530922931
1.88227787526
0.71383248731
-0.583596214511
-0.332646919056
-0.661625708885
-1.15105644907
0.17479739393
1.00366417078
-0.189723320158
0.825921219822
0.730622617535
0.3668261563
0.900176820447
0.636435958632
-0.142743854084
0.159083678015
0.207767300623
-0.559462915601
0.52783109405
0.286305073962
-0.459224069675
-1.52659741895
-1.58879974831
-0.981944884384
-0.506409241969
-0.394321766562
-1.56467854376
-1.51820294345
-0.972396486826
-1.12658425911
-0.751408891672
0.373192349557
0.985607008761
-1.77168386997
-0.807077448394
-2.5773982004
-1.38015641773
-1.99325360319
-1.11212675198
-1.81347150259
0.428855873794
0.617188705447
2.00187675946
4.14088529272
6.52597402597
4.83301220295
3.36523125997
0.582035551361
-0.755786490316
-4.15434884083
-3.72545988561
-3.86384544618
-2.24511763801
-3.36275106512
-2.68019382193
-2.48718721737
-2.97530496876
-3.88708247118
-2.59374536831
-2.35102765045
-1.63107947805
-0.0743273375948
0.385756676558
0.85201793722
0.520214030916
-1.27360562143
-1.08807528305
0.133709701382
-0.283201669399
-0.840088430361
0.633470830878
0.398582816652
0.567757358434
0.134328358209
0.652722148049
0.622591165135
0.0295333727112
-1.39952857985
-0.681885561814
1.06446776612
0.837070254111
1.1501120239
0.801900801901
0.207961972668
-2.3569023569
-1.87738339689
-1.29736104968
-0.956022944551
-1.43484626647
-0.219106047327
-0.175695461201
0.503778337531
0.770712909441
2.07741742639
2.63868065967
2.69132461284
1.01781170483
1.06351108448
1.317383404
1.78544178239
1.66615713849
2.46932515337
2.07951070336
0.227652147519
0.214100015293
0.460687960688
-0.624904740131
0.661843927967
0.610780271797
-0.350502895459
-1.07853562206
-0.980984002415
-2.15361445783
0.78485687904
1.06268288927
0.950774421101
0.348326518249
-0.464697946335
-3.43290236291
-4.64091643413
-4.52415812592
-3.6480373559
-2.96727272727
-2.02387885847
-0.014684287812
0.66322770818
0.690567146635
1.59598049357
1.70294683844
1.46007151371
-2.12060011541
-1.17612893858
-2.40842226709
-3.1550265309
-3.08980652613
0.187888423183
0.262046877275
0.770236884174
2.52903984708
2.25896943747
3.16087669599
0.423976608187
4.54269219082
1.85712146173
4.00798525799
0.584883023395
6.94183864916
-0.977884760042
-0.55108728031
-4.51612903226
-2.18571219011
-7.67898383372
-1.90377804014
0.0596125186289
1.38248847926
-1.28873443383
-0.574052812859
-0.308959835221
-2.04379562044
-3.52789330274
-1.14514743773
-1.09297374024
-3.52022711143
-1.77803269286
0.432089874694
-1.32768361582
-1.01166221723
1.55686896353
0.518881522052
0.477568740955
1.4762792031
0.211208110391
-2.61125930086
-1.5746914456
-2.19391365888
0.70727482679
4.7183721616
5.65114209433
2.51599767307
1.55239327296
1.79253599765
-1.78131788559
-0.207223208999
5.10547233262
6.65338034647
3.86082710209
5.59718611408
2.51896813354
-2.21225710015
-2.3502994012
-2.88974510966
-2.9821958457
-2.87398673545
-0.149253731343
0.0899011087803
0.671341190512
0.417163289631
-0.498606833847
-1.28186238397
-0.313666915609
-0.652141692604
-2.11462738807
-1.07355287973
-0.658665105386
-0.134248210024
-0.442673749447
-0.116533139111
1.69666568309
0.16126667644
-2.34522942462
1.10398329106
1.86971360736
-0.499119201409
0.61956040714
0.955882352941
0.0298462915983
1.15580906635
1.08324677252
2.7899924185
3.07715628316
3.29890550331
2.90392338585
3.4064753721
-0.362592536637
-1.87416331995
-2.93281460422
-2.47062368183
-1.71919770774
-0.734853029394
0.673854447439
0.149857635247
-1.76113659908
-0.867095230976
0.300842358604
0.784787201932
-0.239198684407
0.192763938316
-0.712483301173
-2.80701754386
-4.75779790139
-3.32417979477
-3.57449242208
-3.59187178019
-1.59689253345
-0.840935005701
-1.11476347006
-0.285143997719
0.25824964132
0.201816347124
1.78441897577
1.50877702017
1.15373521777
2.40963855422
2.66390409945
2.89595462009
2.34595397179
2.58914040539
0.904373610082
-0.763695109414
-2.24719101124
-0.810014727541
-1.22753178431
-0.823408322306
0.963819691578
1.58612511118
0.547904634977
0.854826823876
0.265369305617
-0.940070505288
-0.837865647508
-1.48796498906
-0.70247329138
-0.205973223481
0.206064174271
-0.599064874342
-0.507982583454
-0.102339181287
-1.29247749056
-1.6075307748
-0.552165068294
-0.505415162455
-1.12749349523
-0.202898550725
0.319628069156
-0.0435729847495
-0.873174921271
-0.603448275862
-0.260190806592
-0.577784197602
0.130890052356
1.55545864224
0.476396708532
-0.474751834268
-1.31147540984
-2.12099644128
-2.0364568499
-1.50718043509
-0.92645381984
-0.355113636364
-0.481654625301
-1.26546681665
-1.52618314198
-1.86040005595
-2.08623087622
-1.78099346041
-2.11946050096
-3.23804362552
-3.40494527767
-3.02131103318
-2.56236442516
-1.08902804247
0.462773921328
1.5644298065
2.94362677034
2.27398779811
1.71697590695
2.12677231026
0.593594699061
-2.60987153482
-2.76392072266
-2.16743429965
-2.95426952651
-1.69629529108
-0.229357798165
-1.01427999466
-2.49636771893
-3.26242985776
-3.44601677149
-3.65267125959
-2.89009849663
-2.23398760331
-0.480519480519
-1.24223602484
-0.2722323049
0.494920552227
0.0387546828575
-0.606686459275
0.533368023937
0.744416873449
0.589545394995
3.04845580405
4.61850101283
3.16736008589
3.20797951206
2.38765928907
-0.582318687136
-1.56852319553
-1.2589451365
-1.15907274181
-0.240867121638
3.37939526611
2.15915263444
3.03113052977
0.603136308806
0.605815831987
-2.85752259436
-1.36619341013
-2.60638297872
-0.10710938546
-1.92764721415
-1.11709817322
-1.73729928929
-0.712965407975
-1.15140285866
1.43297174233
1.53456098212
1.61829610806
0.879062333511
-1.02174482578
-2.48138957816
-4.15654175726
-5.25848960973
-5.15411824154
-2.68961121734
-2.02175303903
0.269299820467
1.20543729161
2.19468112574
2.36169102296
1.12577639752
1.96129707113
0.37327841421
0.025826446281
-1.17343649259
0.324548877061
-0.520291363163
1.34359509523
0.545312905739
-1.64870006341
-3.7245344332
-5.22682445759
-5.12376237624
-4.92531786199
-1.12852664577
-1.0144748237
0.595238095238
1.29121223518
1.82252388135
0.643614336194
2.58916106105
105.190839695
102.564753682
102.185514612
100.353982301
99.3169744498
-0.430706865974
0.30565461029
1.49600206345
3.77853581737
2.75539381336
3.40581608593
3.31578947368
3.49706353444
2.61173936457
2.86096256684
2.38733905579
1.30631831512
-1.80865006553
-2.00527704485
-0.690387679235
-1.29732592004
-0.106524633822
-0.521512385919
-0.577124868835
-1.79921773142
-2.2009321595
-2.51817237799
-0.750517598344
0.236655272154
0.603357817419
2.49469214437
2.01271186441
0.861393891934
0.263643553915
-0.677436164669
-1.72143974961
-1.25523012552
-0.0521784503
-1.68481078279
-0.518403317781
-0.570539419087
0.39380414807
0.577276305432
0.915511378499
1.18017309205
1.74142480211
0.927397986222
0.713530655391
2.2192513369
2.41740531829
3.5236274242
2.33188720174
2.02210838501
0.97192224622
0.134480903712
-1.92874363782
-0.539374325782
0.870274680446
-1.01549973276
1.25272331155
2.66776677668
2.17690823918
1.91241685144
3.48451327434
1.97167453485
-0.192149327477
-0.738512035011
-3.1149301826
-2.92617449664
-3.69082642418
-3.95465330873
-2.14132762313
-0.481026189204
-0.825346112886
-1.52752172768
0.0263713080169
-0.0535045478866
0.726783310902
0.670061645671
1.57838416265
0.556881463803
-0.690754516472
-1.87533016376
-0.876726886291
-0.585106382979
0.132766861391
0.373333333333
1.55579399142
2.33822729744
1.48448043185
2.08728652751
2.09637898176
2.36133992312
0.988467874794
3.00250208507
1.76551724138
-2.31382978723
-3.13829787234
-3.29261816251
-3.56568364611
-2.13282937365
1.53929246557
1.7316017316
2.03196965592
0.838064341714
-0.75026795284
-0.77706323687
-1.46627565982
-2.09549071618
-0.377053595475
0.511715593859
0.565885206144
1.24156545209
1.86436098352
-0.774986638161
-0.986666666667
-0.349087003222
-1.305274374
-0.91030789826
-1.88778185632
-2.11433046202
-4.29195579543
-3.17255610008
-3.2634032634
1.54419595314
2.95619457135
5.61889250814
3.60769641903
2.49535439342
-0.450569838325
-1.32590824715
-4.36137071651
-0.795334040297
-1.15455261086
-1.87256176853
-2.60847107438
-0.46511627907
-2.83359093251
-1.47362978283
-1.4607893388
-1.02249488753
-1.32585415604
-1.2465021623
-0.718685831622
1.11427831044
0.256278831369
1.0043780582
1.41898864809
-0.94075769133
-3.21043391021
-2.62041427502
-3.02197802198
-3.38983050847
-3.3423445564
-0.870213823968
-0.914935707221
-1.01359703337
-1.47347740668
1.29449838188
-0.789343857918
0.898203592814
-1.00342633382
0.0245639891918
-2.19138056976
-1.55415250121
-2.43427458617
1.92067847343
-3.91786641492
-3.47826086957
-2.18527315914
-3.7037037037
-6.1563670412
-0.772833723653
0.948991696323
-0.590318772137
1.33016627078
1.13636363636
0.874084573588
-0.142146410803
0.929456625357
-0.331439393939
0.380228136882
-0.866510538642
-0.588789448893
-0.379867046534
0.213523131673
-0.260725290353
0.423330197554
-1.07176141659
-2.25110234393
-1.90830812195
-0.448324681454
0.425129900803
1.58579881657
2.76651562127
1.72821969697
-0.399529964747
2.27053140097
3.63012018641
4.8512128032
3.50404312668
2.72815065186
1.84501845018
-0.0490316253984
-3.42912340014
-0.898494414764
1.54449620005
0.643723693984
0.940361296709
2.65245413981
1.22910521141
-0.342047397997
-0.0494926998268
3.27114745719
1.45875251509
2.90918289906
3.04632426989
0.198363501116
-2.80675608544
-0.87260034904
-2.29856648542
-1.61010651474
-0.395159298592
-0.641658440276
-1.06068080908
-0.906196424198
-0.762045231072
-1.3161101633
-1.242992932
-1.14606193611
1.49142431022
-0.391772771792
0.539083557951
-0.146020929667
0.416258570029
-1.7822265625
-0.0489476260401
-0.0734573947111
1.10728346457
1.39026812314
1.5873015873
1.94610778443
0.665516391422
1.04425658876
-0.0248200546041
-0.123854347288
-0.174346201743
0.92039800995
0.149402390438
1.15490836053
1.815889029
1.56842904123
2.83960092095
2.84250960307
2.70758122744
2.5873221216
3.26541274817
2.03602192639
1.3759086189
1.73137460651
1.31061598952
-0.182529335072
0.551181102362
0.890518596124
0.580474934037
-1.01193565127
0.287656903766
-0.651890482399
-0.882658359294
-1.8897230132
-0.618875709128
-0.520291363163
-0.878780046524
-0.874935666495
-0.41247744264
-2.04597120485
-2.21317730857
-1.80203045685
0.595392182242
0.674798858033
3.2872423689
1.4713474445
2.60416666667
1.97993664203
1.52832674572
2.40448837831
4.25188374596
3.22580645161
2.24021592443
1.79721030043
0.943905070119
-1.64107993647
-1.50913423352
-2.26853073068
-1.00902814657
-2.42105263158
-1.99740596628
-2.60443527592
-2.34415249871
-3.65822460987
-2.78843694039
-0.644329896907
-0.640532923392
-1.99444584701
-1.78391959799
-1.33770822817
-1.94591862522
-1.4642766978
0.253100480891
0.759493670886
-1.07365792759
-0.652774290736
-1.0986267166
-0.902934537246
-0.952858575727
-0.174476570289
-0.945038547625
-0.422675285927
-0.746825989544
-0.647732934728
0.149775336994
-0.544150383379
-0.519416275043
-0.49541738915
-0.273291925466
-0.323463548146
0.597163473501
0.873253493014
0.0495662949194
-0.29725043349
0.903841325634
-0.667325753831
-0.792079207921
1.25470514429
0.59805631697
1.58122927825
3.13535559521
2.87751464222
1.91815856777
0.274862568716
-1.63070747617
-2.02297702298
-2.21613545817
-2.71211744215
-1.16078043961
-1.96753566158
-2.55536626917
-2.78382958122
-1.15592720118
0.0741473059812
0.96846287559
1.73310225303
3.43014521783
2.34080040272
0.822327435834
1.87199595244
1.76366843034
0.452716297787
0.050365147318
2.16395112016
-0.976953907816
-0.526315789474
1.3251783894
2.23995880536
1.42008778725
2.70131206586
5.27704485488
2.80324862457
2.69698572184
4.11290322581
3.70864461046
0.771071523531
0.36813042335
-0.34255599473
-3.55198340679
-3.00207039337
-2.33705531031
-1.60413971539
-2.51733881325
2.93568187884
4.15094339623
3.24396782842
3.95373856912
3.81333333333
-0.794281175536
-2.03327171904
-2.02258996585
-2.67015706806
-1.62644281217
-1.40955364135
-1.25162972621
-1.03977125032
-0.907911802853
-1.37128072445
-1.26288659794
-0.311931375097
1.31682907559
0.995546240503
0.99294486543
1.04166666667
0.865233350813
-1.24837451235
-0.702393340271
-0.338541666667
-0.569653029518
-1.2173012173
-0.953116950026
-1.30937098845
-0.672529746508
0.546732621713
0.7304983042
1.97005516154
1.90999476714
0.103573278094
-1.25964010283
-1.69274172865
-2.10851118539
-1.06135128139
-0.284017557449
-3.18566450971
-3.94185760039
-4.49410609037
-5.20245398773
-4.86366985999
-1.35035600295
-0.27027027027
-0.707144598878
-0.682427492079
0.34508257333
-0.147094876195
-0.19617459539
0.14652014652
0.662414131501
0.197579649296
-0.29332681496
0.122759636631
0.195742598483
-0.146986771191
-1.50814886889
0.0489117143556
0.518262586377
-0.0489117143556
0.27020388111
1.30606209956
0.0489356496208
-0.147856086742
0.763923114835
-0.147167034584
0.0
0.516478111166
-0.806648741139
-0.685266764562
-0.269080234834
-0.514832066683
-0.562484715089
-0.19516955355
-0.122219506233
-0.462624786949
-0.17131669114
1.16279069767
1.53579390637
0.614854894245
0.366568914956
-1.68431183831
-3.27829624312
-3.16622691293
-2.5641025641
-2.22222222222
-0.95328884652
-0.5710206995
-1.18511495615
-1.48725212465
-1.04043509104
-0.780326318279
-0.473596968979
0.118652112008
1.00143061516
0.810488676996
0.0709891150024
0.619490111985
-0.566304860783
-0.380047505938
-0.403608736942
0.571156592099
-1.08413858119
-0.0471698113207
2.20927409565
3.20999754962
2.56285086649
3.48780487805
4.22812192724
2.08178438662
3.0035335689
4.27589717485
4.35225248155
3.24873096447
2.98621745789
-0.751503006012
-0.152477763659
-0.405576679341
-0.429618397776
-1.26008064516
-0.050075112669
-2.06570433051
-3.49804305284
-4.30471584039
-3.82937469704
-3.17575757576
-2.9702970297
-0.583657587549
-0.144892538034
-0.817307692308
-0.841346153846
-0.528465049243
-1.43815915628
-0.552353506244
-0.430828147439
-0.64485311679
-0.501912045889
-0.14360938248
-0.71530758226
-0.924828076832
-0.190703218117
0.9165460685
0.674698795181
0.720461095101
1.34583032925
0.382866714525
-1.40309155767
-1.70535291331
-0.596801145858
-1.56139105749
0.0239348970799
-0.355450236967
-0.0710059171598
-1.80496952649
-1.099672438
-2.06282231599
-1.86046511628
-3.09633027523
-2.86885245902
-4.06285072952
-2.75814907682
-3.30559928041
-1.06648513728
0.6416131989
3.0534351145
3.0780075188
3.70802238806
1.8018018018
7.27630285152
6.42540620384
4.16054821341
4.50889592981
6.20706575074
0.295857988166
-0.830078125
-1.30434782609
-2.02960840497
-2.51136091844
-3.01291248207
-3.19073505082
-2.10451643415
-1.03969754253
-1.36824722812
-1.62314749471
-0.936548817607
-1.16849731246
-0.95951322256
-1.2348555452
-2.34321157822
-3.41474445952
-3.29943502825
