58.00
56.38
56.44
56.94
57.88
60.75
60.12
60.81
61.44
60.69
61.06
65.00
65.25
65.88
66.75
64.88
65.50
62.69
59.50
56.94
57.44
57.88
56.38
55.25
56.25
56.88
57.19
57.00
55.94
55.25
54.12
55.44
53.56
52.31
51.38
51.44
50.50
49.81
48.69
48.81
49.19
51.00
49.62
49.50
49.00
47.12
47.50
46.62
44.31
43.75
43.50
48.56
49.75
49.00
48.56
49.00
47.06
47.00
47.00
45.25
45.31
47.12
48.56
47.25
49.31
50.94
47.62
45.75
46.19
45.69
47.69
48.50
47.25
47.00
48.50
48.62
49.19
49.44
49.62
50.12
49.12
48.25
47.00
46.25
46.25
48.50
48.00
47.62
49.94
50.50
53.00
53.00
52.25
50.75
48.94
48.25
49.44
50.06
50.19
50.19
52.69
53.25
54.56
53.88
53.38
53.25
52.56
51.94
51.88
53.00
52.81
52.31
52.81
53.38
53.81
55.88
54.88
53.62
53.00
53.50
56.12
57.88
58.88
58.38
60.05
58.81
57.81
58.25
58.75
58.94
58.69
57.50
56.19
56.44
57.94
57.62
57.34
58.75
60.50
60.50
60.00
59.25
59.25
59.69
60.44
62.38
61.31
63.00
62.94
62.62
61.75
61.38
60.44
60.06
61.00
62.25
62.56
61.38
60.62
59.69
59.94
59.81
58.00
58.80
57.44
56.69
56.88
56.00
54.19
53.38
54.25
54.94
54.31
54.00
54.56
53.00
53.50
51.88
51.00
50.81
53.12
52.69
50.25
50.88
52.88
53.56
54.94
55.62
55.44
55.25
57.00
56.31
57.31
59.12
58.44
57.81
58.19
58.56
57.25
57.19
58.62
57.94
57.44
55.75
54.81
55.31
56.12
57.94
58.69
58.94
59.88
60.38
60.88
60.50
59.31
60.50
60.06
60.19
62.31
61.62
61.06
60.56
61.31
61.94
58.88
56.56
58.25
59.50
59.00
59.88
60.44
62.12
62.38
62.19
62.75
61.44
60.88
61.98
60.19
58.31
58.00
57.44
56.69
53.62
54.88
56.75
56.25
59.00
58.88
60.00
60.56
61.06
60.94
60.81
58.88
57.56
57.81
58.62
59.25
58.88
57.38
56.62
57.06
57.94
57.12
55.81
55.69
56.88
58.06
58.62
57.60
57.26
57.91
57.50
57.44
57.74
59.20
59.42
60.00
60.61
60.14
60.08
59.85
58.95
58.41
59.36
56.30
54.92
52.80
52.00
52.47
52.00
53.03
52.70
51.30
50.20
49.80
50.43
51.40
51.30
49.01
48.31
47.67
47.65
48.65
48.40
47.43
45.25
45.50
45.50
44.90
46.61
45.20
44.52
45.16
45.70
44.66
45.25
45.30
45.00
43.90
43.65
44.13
44.57
45.41
45.71
46.75
47.25
47.03
47.45
47.40
47.98
46.90
46.75
46.19
47.63
47.56
46.75
46.83
46.70
46.57
45.76
45.61
45.35
46.01
45.90
48.23
48.13
48.10
48.15
47.80
48.70
49.09
48.17
48.34
47.54
47.40
47.60
47.57
47.49
46.75
46.12
46.00
45.93
45.90
45.69
45.02
44.26
43.77
43.75
43.93
43.59
43.26
43.59
43.95
44.22
45.50
45.00
45.61
45.88
45.24
44.60
45.22
44.67
45.50
45.49
46.05
46.98
46.95
46.22
46.70
46.05
44.48
44.20
44.98
45.00
44.54
44.26
44.70
44.35
44.20
44.78
44.69
44.80
45.32
45.29
45.50
45.90
46.20
47.58
47.71
47.90
48.50
48.31
48.48
49.40
49.00
48.51
47.95
48.10
48.32
48.92
48.80
50.36
49.26
49.74
49.50
50.30
49.72
48.81
46.00
46.81
47.85
47.90
46.98
47.05
46.50
46.25
45.95
45.00
45.00
45.47
45.75
46.15
46.00
45.15
44.20
44.50
44.79
44.35
47.20
48.11
48.98
48.66
48.26
49.00
49.00
48.10
48.16
47.40
48.02
48.30
49.05
49.40
49.25
48.76
48.96
49.40
49.75
50.10
50.43
50.10
48.90
48.60
48.51
48.95
48.31
47.21
46.95
47.00
46.35
46.94
47.28
46.70
46.18
46.16
45.75
45.65
45.85
46.20
46.65
46.45
46.25
47.25
48.15
48.78
48.05
47.50
47.31
47.25
46.80
47.65
46.60
45.90
45.47
44.50
44.61
44.95
45.00
44.75
44.56
44.40
45.10
45.44
45.75
45.00
44.10
44.85
45.00
44.25
44.10
43.75
44.68
44.89
45.80
45.90
45.41
45.30
45.60
45.75
46.15
47.00
46.35
46.00
46.75
46.00
47.30
47.38
46.95
47.90
46.96
48.11
47.52
47.15
47.10
47.49
48.10
47.40
47.70
48.05
48.35
48.80
48.90
49.20
49.98
50.41
51.45
51.75
51.96
52.29
52.00
52.20
51.96
51.74
51.90
51.60
53.00
53.10
54.11
52.75
52.85
52.39
53.65
53.95
53.72
54.99
55.05
54.74
54.95
54.91
54.45
54.89
55.76
57.40
57.00
56.80
56.98
56.60
56.60
56.40
56.00
56.85
56.40
56.95
56.95
56.75
56.20
55.55
56.20
56.74
55.95
54.50
53.90
54.90
54.90
53.40
54.00
55.45
54.00
53.95
53.80
54.00
54.49
54.20
54.80
55.00
55.30
55.15
54.91
56.00
56.95
54.50
55.79
56.34
56.25
56.95
56.43
55.80
56.70
57.10
56.44
54.00
53.00
50.75
51.05
51.20
50.05
46.93
45.18
44.70
43.60
46.70
47.60
48.00
49.20
48.15
49.85
50.00
50.10
48.98
48.29
49.05
50.74
50.20
50.00
50.26
52.00
51.41
52.44
51.20
52.10
52.74
52.40
52.70
53.03
52.20
50.65
50.20
50.40
50.00
50.05
49.75
49.56
50.50
51.58
50.35
49.30
49.85
51.20
48.70
48.00
47.80
47.12
46.90
47.80
48.49
48.43
47.80
48.40
50.15
50.30
51.20
50.83
51.00
51.50
51.40
51.40
51.20
52.55
50.00
47.70
45.50
47.10
48.00
47.89
48.10
46.93
46.98
45.75
46.20
46.72
46.48
46.84
45.85
46.31
45.20
44.65
44.51
45.10
44.50
45.75
45.14
46.20
45.92
46.69
46.50
46.00
45.05
44.62
45.00
46.15
46.18
45.50
44.70
45.65
44.80
45.20
45.11
46.45
46.30
44.75
45.85
45.85
44.90
44.35
44.25
44.10
43.85
44.20
44.00
43.57
43.46
44.15
44.86
44.60
44.50
44.60
43.90
44.35
45.30
45.50
45.73
45.08
45.50
45.20
44.73
44.56
44.00
42.35
42.00
41.10
40.75
39.30
40.55
40.01
40.55
40.05
40.10
39.70
39.90
39.38
39.78
40.15
40.95
41.19
40.48
40.30
40.63
39.70
40.30
39.85
40.26
40.16
39.23
37.45
37.55
37.15
37.40
37.10
37.50
38.58
39.65
39.90
41.02
40.97
41.81
41.95
41.80
40.90
41.05
40.48
40.86
40.32
40.50
41.15
41.45
42.11
42.55
41.95
41.98
41.85
41.75
41.43
42.50
40.65
39.92
40.55
39.90
40.28
39.95
40.05
39.84
40.33
40.62
40.40
40.20
41.00
40.85
42.51
43.05
43.60
43.99
44.30
44.60
44.50
44.75
43.70
44.20
44.25
44.14
44.30
43.98
44.53
44.35
45.08
45.94
46.05
45.90
46.59
46.86
46.40
46.87
46.38
46.51
47.40
47.45
48.10
46.71
46.80
46.34
46.28
46.65
47.18
46.50
46.85
46.35
46.25
46.45
46.15
46.23
44.95
44.10
43.98
43.35
44.15
44.30
43.45
44.28
44.92
45.00
45.20
45.25
45.19
44.51
44.92
44.75
45.20
45.47
44.50
44.50
44.85
44.15
44.30
44.90
44.80
44.82
44.74
44.70
45.12
45.01
44.71
44.00
43.93
43.75
43.45
43.85
44.23
43.72
43.70
43.43
43.78
43.91
44.50
44.40
44.02
44.51
45.15
44.12
43.99
43.07
42.92
43.40
43.60
43.18
43.49
43.55
42.98
43.00
43.01
42.95
43.00
43.95
45.13
44.20
44.26
44.40
44.49
43.79
44.05
44.00
45.15
44.51
45.19
45.20
45.88
45.39
45.22
45.05
45.40
45.65
45.38
45.85
46.01
46.40
46.50
46.77
46.90
46.75
46.45
46.63
46.36
46.65
46.77
46.46
46.52
46.60
46.75
46.37
46.39
46.30
46.33
46.25
46.65
46.91
47.00
47.25
46.85
46.75
47.46
47.66
48.14
48.50
49.81
49.97
50.55
49.97
50.03
50.05
50.15
50.01
49.95
49.89
50.00
50.52
50.80
50.35
50.22
50.20
49.81
50.12
49.50
49.76
49.72
49.40
49.73
49.70
49.82
49.53
49.40
49.90
50.04
49.80
49.25
49.10
49.00
49.46
49.43
49.60
50.25
51.10
52.35
51.60
51.32
51.98
51.30
51.14
51.15
50.45
50.55
50.22
49.60
49.64
49.12
49.73
49.40
49.00
48.90
48.75
49.98
49.75
50.18
49.55
48.34
48.65
48.00
48.38
48.87
49.05
48.35
48.30
48.30
48.65
48.60
49.38
49.55
50.06
50.48
51.05
50.75
50.20
50.70
51.32
51.05
50.86
50.80
51.44
51.45
52.30
53.05
51.60
50.70
51.25
51.05
50.75
50.70
50.14
50.46
50.65
50.52
50.80
50.75
50.90
50.50
49.40
50.00
49.67
49.36
49.63
49.70
50.03
49.18
50.27
49.60
49.70
50.42
50.90
51.38
51.20
51.60
51.95
52.02
52.27
52.40
51.90
52.00
51.23
51.85
51.09
51.19
50.85
51.30
50.98
51.06
51.15
51.12
50.35
50.40
50.45
50.51
50.60
50.46
50.51
50.53
50.57
51.02
50.42
50.51
51.35
51.25
50.65
50.09
49.95
49.05
46.86
45.35
44.35
43.75
43.68
43.07
43.79
44.29
43.86
44.20
43.74
43.50
43.25
43.46
44.44
43.84
44.50
44.52
44.40
44.35
43.90
44.24
44.50
43.98
44.34
44.55
44.50
44.38
44.80
44.64
45.44
45.70
45.35
43.30
43.05
42.80
42.55
40.82
41.21
39.95
40.40
40.65
40.77
40.43
40.01
39.23
39.80
39.80
40.16
40.48
40.35
40.75
40.59
40.95
40.06
40.12
39.66
39.78
39.50
39.49
39.10
39.75
39.28
39.30
40.00
39.02
38.75
39.13
40.33
40.90
40.70
40.00
40.78
40.99
41.67
41.55
41.45
41.48
40.17
40.71
40.70
40.59
40.30
40.48
40.20
39.90
39.80
39.80
39.70
40.00
39.53
39.45
39.77
40.51
40.77
40.39
40.36
40.14
40.25
40.60
40.86
41.45
41.49
40.99
41.20
40.95
41.01
41.50
41.46
41.75
41.73
41.50
41.68
41.90
41.54
41.00
40.69
41.07
41.07
41.26
41.17
41.16
40.75
40.72
41.09
41.02
41.24
40.95
41.15
41.15
41.68
41.53
41.77
41.50
41.45
41.90
41.61
42.59
42.66
42.81
42.88
42.33
42.96
42.94
43.84
43.34
43.07
42.80
42.79
42.63
42.70
42.86
42.80
43.02
43.19
43.44
43.54
43.57
43.22
43.25
42.90
42.60
42.50
42.25
41.88
42.01
41.62
41.64
41.30
41.43
41.41
41.20
41.45
41.91
41.83
41.60
41.64
41.99
41.82
42.22
42.25
41.77
42.33
42.20
42.08
41.12
42.70
42.52
42.30
41.95
42.43
42.68
42.89
42.63
42.71
43.49
43.57
43.98
43.78
44.22
44.20
44.12
44.13
44.17
44.47
44.21
44.03
44.44
44.94
45.20
44.97
44.77
44.87
44.94
44.89
44.77
44.54
44.46
44.62
44.01
44.03
44.13
43.70
43.73
43.60
43.59
43.85
43.70
44.15
43.80
43.80
43.68
43.35
42.93
42.25
42.69
42.86
42.56
41.96
42.46
42.24
41.54
41.95
42.70
42.94
42.65
42.99
43.02
43.08
43.22
43.33
44.33
43.70
44.08
43.65
43.90
44.23
44.29
43.99
43.85
43.99
44.40
44.10
44.05
43.87
44.26
43.70
43.87
43.50
43.60
43.16
43.36
44.35
44.56
44.30
44.24
43.72
43.64
43.36
43.80
43.36
43.81
44.07
44.35
44.59
43.70
44.28
43.90
43.57
43.62
43.60
43.70
43.35
43.30
42.51
42.11
42.25
42.55
42.30
42.58
42.94
43.19
43.21
43.37
42.96
42.65
42.64
42.14
41.85
41.53
41.50
41.72
41.95
42.01
41.77
42.90
42.39
42.18
42.25
42.48
42.35
42.40
42.60
42.62
42.58
42.63
42.66
42.35
42.41
42.17
42.38
42.45
42.72
42.47
42.44
42.18
42.47
42.32
42.16
42.45
42.85
42.95
42.84
43.03
42.70
42.63
42.71
42.63
42.41
42.09
41.83
41.43
41.21
41.12
41.00
41.33
41.11
41.51
41.16
41.23
41.21
41.10
40.98
40.67
40.38
40.79
40.99
40.72
41.06
41.49
41.18
41.66
41.28
41.38
41.08
41.00
40.94
40.83
40.00
41.20
41.14
41.28
41.48
41.85
41.74
41.19
41.32
41.02
40.83
41.40
41.26
41.12
40.91
41.38
40.99
41.39
41.28
41.64
41.79
42.05
42.18
42.01
42.28
42.52
41.90
42.07
41.63
41.77
41.95
41.72
42.12
42.62
42.59
42.47
42.69
42.71
42.69
42.82
42.80
42.82
42.75
42.35
42.56
42.31
42.10
41.98
42.12
42.10
41.82
42.05
42.00
41.79
41.35
42.01
41.26
41.17
41.30
41.05
41.48
41.74
42.01
41.75
41.55
41.35
41.63
42.01
42.09
42.10
42.15
41.95
42.27
42.85
43.18
43.67
43.54
43.28
43.19
44.14
43.76
43.58
43.74
43.55
43.73
43.52
44.19
44.49
44.21
43.70
43.98
43.75
43.79
43.60
43.62
43.47
43.80
43.67
43.18
42.83
42.95
42.93
43.21
42.90
42.68
43.02
42.74
42.73
42.69
42.43
42.55
43.24
43.20
43.20
43.18
43.23
43.30
43.70
43.83
43.50
43.00
42.56
43.35
43.89
43.81
44.32
43.87
43.87
44.10
44.55
44.49
44.52
44.50
44.29
44.20
44.19
43.85
43.81
43.95
43.77
43.72
43.99
44.24
44.39
44.16
43.76
44.35
44.28
44.33
44.30
44.45
44.52
44.68
45.22
45.12
44.98
45.01
44.61
44.65
44.43
44.30
44.47
44.78
44.42
44.70
44.52
44.54
44.43
44.45
44.10
44.17
44.47
44.55
44.81
44.79
44.90
44.50
43.79
44.72
44.82
44.55
44.47
43.99
44.20
44.12
44.15
44.10
43.92
44.70
45.21
46.75
47.05
47.15
47.16
46.96
46.97
46.82
46.74
46.51
46.80
46.70
46.67
46.66
46.70
46.65
46.41
46.33
46.47
46.80
47.13
47.11
46.87
47.00
46.90
46.86
46.37
46.60
46.45
46.65
46.73
46.99
48.05
48.58
48.78
48.85
48.76
49.14
48.89
49.00
48.85
48.67
48.73
48.75
48.73
48.41
48.69
48.65
48.43
48.36
48.42
48.50
48.01
48.54
48.49
48.75
48.60
48.48
48.53
48.42
48.41
48.11
48.15
48.19
48.07
48.00
47.76
47.83
47.80
47.99
48.10
48.11
48.00
48.03
47.95
47.72
47.85
48.10
48.50
47.99
48.00
47.52
47.55
47.69
47.67
47.70
47.47
46.75
46.42
46.45
45.90
46.69
46.76
46.90
47.23
47.57
47.35
47.25
46.95
47.25
47.34
47.42
47.70
47.91
48.13
47.95
48.00
47.79
47.61
48.26
48.20
48.53
49.01
49.34
49.60
49.78
50.08
49.65
50.29
50.01
51.05
51.59
51.36
52.05
52.09
51.98
51.99
51.99
51.85
51.92
52.19
52.60
52.80
53.00
53.21
53.36
53.09
52.95
52.45
52.54
52.30
52.50
52.98
52.36
52.63
51.95
51.64
51.27
51.56
52.03
52.37
52.96
53.01
52.76
52.47
52.25
51.99
51.25
51.67
51.34
51.17
51.36
51.59
51.58
51.58
51.54
51.40
52.05
51.67
51.90
51.75
52.32
52.84
52.65
52.81
52.90
52.55
52.73
52.94
52.01
52.15
52.63
53.40
54.33
53.31
53.90
53.74
53.33
52.97
53.47
53.15
52.92
53.06
52.74
52.36
53.16
53.82
53.15
53.95
54.39
54.81
55.40
54.99
54.78
54.16
53.50
54.93
54.38
54.40
54.37
53.88
53.65
53.98
54.00
53.48
53.22
53.77
53.67
54.13
53.55
54.59
54.60
54.71
55.60
55.95
55.72
56.00
55.41
56.50
56.56
56.38
56.51
56.69
57.17
57.31
57.30
57.61
58.00
57.75
57.65
57.97
57.96
57.60
57.99
58.00
57.20
58.09
57.67
58.35
59.04
59.53
58.54
59.31
59.50
60.23
61.34
61.50
61.83
61.99
61.63
61.14
60.50
60.39
60.90
60.72
61.50
60.64
60.24
61.30
60.99
62.24
62.50
62.52
62.79
62.54
62.35
61.95
63.22
62.91
63.10
62.10
61.95
62.84
62.91
63.06
63.08
63.24
63.23
63.58
63.76
64.00
62.80
62.20
62.75
62.50
63.04
63.45
62.90
62.32
62.06
61.45
61.17
61.68
62.10
63.59
63.62
65.00
65.38
63.75
63.63
63.28
63.25
62.34
58.73
57.53
59.16
60.34
58.37
59.66
58.50
57.30
59.29
59.42
58.48
57.90
57.84
59.09
59.35
59.80
60.45
59.52
58.44
59.00
58.08
58.32
58.00
58.20
58.60
59.28
60.00
59.10
58.35
58.59
59.24
59.51
58.75
58.85
59.01
59.15
58.68
58.93
56.90
58.20
59.37
60.16
61.25
61.18
61.41
61.36
61.58
60.80
61.01
61.37
60.29
60.53
60.27
60.27
60.50
60.88
61.02
60.39
61.03
61.75
60.99
60.76
59.92
60.22
59.76
60.28
60.25
59.33
58.80
58.72
58.61
59.09
58.77
58.25
58.27
57.35
56.29
56.18
56.29
56.64
56.50
57.06
57.10
57.50
56.91
56.68
58.11
58.55
58.84
57.53
57.69
57.05
56.86
56.25
56.75
57.01
55.50
56.13
57.72
57.31
57.03
55.42
54.55
53.78
53.40
53.07
53.85
53.00
53.46
53.92
53.17
51.86
51.92
51.01
51.37
51.67
51.08
51.63
50.95
49.66
50.54
50.65
51.88
51.20
50.48
50.10
50.12
51.52
52.43
52.25
52.00
51.21
51.85
51.50
51.94
53.12
54.10
54.87
55.16
54.00
55.14
55.19
54.56
55.05
55.22
55.07
54.23
54.55
54.19
53.62
54.14
53.57
53.59
53.25
53.09
52.22
51.66
51.74
51.69
52.72
53.17
54.07
53.19
53.85
53.76
54.03
54.56
53.22
54.75
52.51
51.43
51.00
50.40
50.94
52.08
51.81
52.62
53.05
53.78
51.34
51.30
48.65
47.57
42.05
43.43
47.10
46.83
44.80
44.96
45.09
46.36
45.60
45.60
41.00
41.15
41.56
44.60
44.94
45.14
44.51
46.70
45.72
44.75
44.84
46.87
45.59
43.69
43.85
45.59
44.62
43.32
43.65
42.00
41.64
44.49
45.83
44.26
45.20
46.19
45.02
43.67
45.57
44.33
46.49
45.53
44.47
45.18
43.75
44.88
45.27
46.08
46.07
45.45
44.73
44.73
44.05
44.41
44.86
44.62
45.17
45.40
45.57
45.70
44.22
44.84
45.23
44.46
43.80
43.50
42.57
43.90
43.78
43.40
42.64
42.65
42.30
43.28
44.00
43.70
43.44
42.21
42.50
43.35
42.22
42.73
43.32
42.01
40.96
42.65
44.20
43.00
42.78
43.11
42.97
43.02
42.72
42.94
42.77
40.96
40.45
39.81
39.25
39.16
38.15
39.48
39.63
39.16
39.58
41.08
41.46
41.34
41.30
41.85
42.32
43.16
43.60
44.40
44.95
44.43
44.50
44.27
43.76
45.30
45.37
44.70
44.84
44.69
45.71
44.95
44.60
44.20
45.37
45.25
44.85
44.16
43.20
43.07
42.95
42.42
42.11
42.37
43.13
43.14
42.60
43.32
43.50
43.32
42.95
42.73
42.96
44.03
43.92
44.83
45.14
46.14
46.81
46.64
46.67
47.00
47.13
46.65
47.01
49.25
49.01
49.34
49.14
49.91
49.23
49.51
49.30
48.12
48.68
48.61
48.19
47.88
47.99
49.73
48.52
48.19
48.12
47.42
47.72
48.14
48.21
48.48
48.77
48.68
48.73
48.55
48.72
48.50
48.38
49.02
49.47
50.35
50.31
50.61
50.83
50.32
49.13
49.41
49.36
49.43
49.42
49.82
49.64
50.03
49.56
49.51
49.41
49.66
49.26
49.42
48.96
48.43
48.05
48.44
48.75
48.32
49.39
49.60
49.80
49.12
48.82
49.18
49.62
48.84
48.72
48.55
49.63
49.30
49.94
50.39
50.53
50.13
51.08
52.08
52.44
52.50
53.68
53.48
53.31
52.94
52.58
52.33
53.03
53.40
53.32
53.40
53.06
53.81
53.81
54.86
55.01
54.67
54.83
54.77
54.92
54.73
54.92
55.14
53.59
53.82
53.58
53.91
53.08
53.24
53.25
53.52
54.06
53.51
53.65
53.42
53.51
53.97
54.59
55.35
56.06
56.11
56.06
56.65
56.64
56.93
56.24
56.69
57.71
58.43
58.37
56.98
57.29
57.59
57.83
58.09
57.60
56.96
57.53
57.45
57.98
58.60
59.11
59.15
58.95
58.26
57.26
57.02
57.15
57.20
57.49
57.41
57.45
57.74
57.58
57.16
56.85
56.35
56.33
55.46
55.15
56.09
56.86
57.04
56.95
56.22
56.16
55.55
54.35
54.49
54.07
54.00
54.71
54.44
54.51
54.53
54.92
54.55
53.24
53.27
53.69
54.60
53.60
53.92
54.51
54.81
55.15
55.80
55.80
55.41
55.00
53.14
53.09
53.22
53.38
53.30
54.70
54.69
54.72
54.34
54.26
53.78
53.69
53.73
53.80
53.82
53.90
54.75
54.49
54.71
55.22
54.91
54.79
54.80
54.90
54.79
55.36
55.56
54.84
54.30
53.78
53.91
54.65
54.68
55.03
54.76
54.23
54.98
55.22
54.57
54.14
54.46
54.00
53.66
53.01
53.62
53.62
53.71
53.39
53.43
53.67
52.19
53.85
53.62
53.80
53.95
53.36
53.48
53.70
53.00
52.50
50.84
51.21
50.37
50.83
50.61
51.18
51.12
51.54
52.67
52.14
51.23
50.79
51.56
51.86
51.71
51.94
51.83
51.83
52.50
52.39
52.82
52.46
52.56
52.11
51.79
50.73
50.58
50.38
50.30
50.22
50.59
50.54
51.68
52.36
52.16
52.74
52.56
52.72
52.77
52.54
51.97
53.50
54.01
54.20
54.83
54.91
55.05
55.08
54.71
55.82
56.27
56.52
56.41
56.10
56.37
56.64
56.24
55.53
55.64
55.51
56.02
56.11
55.73
54.92
55.51
55.15
55.42
55.43
55.44
56.20
55.20
56.38
57.42
57.36
57.52
57.73
58.23
58.28
58.48
57.85
57.37
57.40
57.65
57.62
57.81
58.15
58.02
58.32
58.75
58.59
59.00
58.86
59.04
58.93
59.15
59.63
59.67
59.48
59.56
59.34
59.72
59.94
59.96
59.81
59.96
60.37
61.01
61.49
61.29
60.79
61.02
61.28
61.15
61.37
61.80
61.83
61.94
62.42
62.50
62.49
62.56
62.49
62.72
62.89
62.91
62.14
62.88
63.60
64.06
63.93
63.84
64.12
63.55
62.95
63.94
64.65
64.80
64.37
64.39
64.07
64.61
64.87
64.39
64.83
63.90
64.85
65.02
65.46
65.35
65.41
65.52
65.55
65.12
65.39
65.43
65.36
65.88
65.02
63.79
63.62
62.78
62.70
63.34
63.21
63.25
63.37
63.21
63.68
63.62
63.18
62.87
63.22
63.17
63.19
62.85
62.32
62.88
63.15
62.70
62.65
62.67
62.43
64.10
63.16
63.23
63.67
62.91
63.08
63.38
64.60
63.36
63.78
64.20
63.77
64.17
64.28
64.59
64.79
65.39
65.32
65.40
65.53
65.25
64.92
64.34
62.95
62.69
62.43
62.97
63.13
63.68
63.29
64.58
64.87
65.20
65.20
65.72
65.96
66.89
67.22
67.50
67.55
67.43
67.39
67.26
66.98
67.23
67.34
68.33
67.57
67.21
67.89
67.89
67.95
66.64
67.37
66.94
67.56
67.76
67.72
67.86
67.70
67.44
66.86
67.00
67.29
67.36
68.27
68.10
67.73
68.00
68.41
68.32
67.59
67.66
67.28
66.74
66.87
66.94
66.60
66.65
65.27
65.51
65.52
65.23
65.44
65.68
65.10
65.40
65.41
64.97
65.88
65.37
66.11
66.29
65.93
65.07
64.85
65.52
66.19
66.98
67.02
68.08
68.31
68.82
68.35
67.75
67.97
68.17
67.97
67.85
67.26
67.70
69.25
68.82
69.55
69.12
69.35
68.77
68.65
68.36
68.50
67.40
67.00
67.77
66.27
66.18
65.82
66.24
64.00
66.76
67.47
67.69
68.46
68.25
67.53
68.01
67.47
68.83
69.60
67.93
68.96
69.78
69.87
70.09
69.72
67.43
70.01
70.66
70.61
68.45
68.96
69.34
69.91
71.38
70.07
70.79
70.85
67.37
67.36
68.01
70.12
69.82
68.91
68.45
66.59
64.84
65.47
65.97
66.51
66.56
66.73
67.25
67.31
68.20
67.82
67.24
66.99
67.49
67.94
68.40
67.91
67.29
68.93
68.52
68.65
67.13
67.42
68.10
67.96
67.66
68.29
67.85
67.61
67.97
67.79
67.78
67.67
66.94
67.21
66.69
65.61
65.46
65.15
65.26
65.17
67.34
67.00
67.46
66.94
66.49
66.55
66.70
67.11
67.26
67.09
66.25
66.91
67.47
67.46
67.88
68.52
69.34
69.23
69.81
69.82
69.60
70.00
70.15
69.91
69.76
69.47
69.00
69.47
68.37
68.42
67.34
67.74
67.46
67.65
67.54
68.00
68.16
67.91
68.62
67.91
67.29
67.98
67.88
68.07
68.26
67.84
68.09
68.84
68.36
67.53
68.42
68.47
69.23
68.61
69.07
68.88
68.60
69.09
69.35
68.69
68.95
68.90
69.87
69.41
69.02
68.82
68.75
69.18
69.43
69.48
69.51
70.26
70.27
70.38
70.21
70.03
70.48
71.01
71.40
71.74
71.82
71.96
72.35
73.62
73.83
73.67
73.29
73.28
72.96
72.58
72.43
72.15
72.22
72.22
73.18
73.82
74.29
73.96
73.98
73.92
74.54
74.95
75.96
76.42
76.54
76.74
77.36
77.31
76.97
77.01
76.59
77.21
77.20
77.12
76.56
76.66
76.17
75.25
74.21
74.58
74.00
74.79
75.62
75.73
75.07
74.96
73.99
73.03
73.33
73.39
74.99
74.16
75.72
74.98
74.61
74.79
76.12
75.96
76.25
75.69
75.79
74.95
74.46
74.99
75.24
76.10
77.13
78.10
78.89
79.02
78.02
78.06
78.53
77.90
77.03
76.63
77.10
78.06
77.64
77.52
77.27
76.55
76.90
76.95
77.70
79.05
79.77
80.70
80.97
80.73
80.19
81.01
80.84
79.71
79.47
79.16
39.31
39.60
39.42
39.40
39.66
39.54
39.41
39.14
38.81
38.07
38.56
38.14
38.05
37.38
37.41
37.52
37.36
37.78
38.38
37.96
37.63
37.79
37.73
38.55
38.16
38.38
38.66
38.39
38.73
37.81
38.21
37.78
38.06
38.17
38.16
38.56
38.32
38.46
38.49
38.54
38.50
38.65
38.20
38.26
38.09
38.18
38.06
37.76
37.93
37.37
36.96
36.60
37.00
37.12
37.16
37.15
37.58
36.95
36.92
37.28
36.65
36.05
36.29
36.03
36.19
35.90
36.49
36.85
37.23
37.33
37.55
37.58
37.44
37.06
37.68
37.94
37.90
37.31
37.20
37.34
37.44
37.70
37.63
37.89
37.70
37.52
37.79
37.53
37.25
36.69
37.00
36.72
36.70
36.35
36.22
35.88
36.99
37.45
37.65
37.52
37.19
37.20
37.12
36.84
36.95
36.99
37.21
37.43
37.49
37.74
37.08
37.20
37.18
37.07
36.88
37.40
37.53
37.54
37.48
37.56
38.13
38.42
38.85
38.71
38.11
37.67
37.24
36.94
37.51
37.70
37.62
37.76
38.56
37.95
38.03
38.47
38.49
38.60
38.98
38.80
39.04
39.17
39.20
39.28
38.82
38.82
38.82
38.61
38.92
39.40
39.85
39.98
40.11
40.13
40.45
40.38
40.39
40.43
40.78
40.27
40.21
40.06
40.81
40.78
41.13
40.91
40.85
41.40
42.14
42.48
42.28
42.52
42.78
42.64
42.26
42.18
42.24
42.15
42.15
41.66
42.17
42.29
42.21
42.54
42.51
42.11
42.14
42.18
42.50
42.91
43.05
42.95
42.48
42.28
41.93
41.54
42.60
42.34
41.49
40.65
39.95
41.59
41.40
40.55
41.20
41.50
40.88
40.79
40.31
40.38
40.54
40.70
41.01
40.27
39.63
39.45
39.82
40.08
40.65
40.25
40.50
40.47
40.24
40.72
40.65
40.86
40.92
41.00
41.03
41.05
39.78
40.55
40.86
40.88
41.08
40.95
41.12
40.81
40.65
40.61
40.42
40.41
40.40
40.03
40.18
40.23
40.31
40.30
40.25
40.04
39.93
39.59
39.30
39.03
39.05
38.85
38.63
38.32
38.61
38.60
37.98
38.06
38.47
38.16
38.27
37.88
38.63
38.38
38.52
38.77
38.68
38.59
38.56
39.03
38.81
38.81
39.64
39.33
39.16
38.72
38.65
38.49
38.57
38.19
38.00
37.81
37.46
37.25
37.08
37.10
37.38
37.77
37.92
37.56
38.18
38.01
38.06
38.58
38.95
38.86
39.08
39.15
38.84
39.02
39.57
39.88
39.51
39.57
39.71
39.36
39.62
40.08
39.74
40.01
39.91
39.82
40.09
40.16
40.24
40.14
40.05
40.20
40.34
40.48
40.49
40.09
40.27
40.10
40.05
40.20
40.28
40.05
40.40
40.26
39.95
39.99
39.47
39.46
39.12
39.26
39.97
39.92
40.10
40.17
40.22
40.69
40.77
41.13
41.12
40.68
40.48
40.48
40.44
39.95
39.96
40.00
39.64
39.83
39.78
39.72
39.64
39.99
39.61
39.08
38.82
38.77
38.57
38.00
37.95
38.02
37.44
37.49
38.76
38.17
38.07
38.67
38.85
38.13
38.60
37.98
37.50
37.06
37.59
37.30
37.63
37.90
37.84
38.08
37.88
38.34
38.42
38.40
38.56
38.55
38.84
38.27
38.45
37.95
38.17
38.27
38.36
38.11
38.78
38.48
38.49
38.69
38.51
38.89
38.99
38.53
38.49
38.39
38.24
38.27
38.67
38.84
38.98
38.83
38.71
39.83
40.12
40.43
40.47
40.58
40.70
40.70
40.46
40.82
40.97
40.69
40.79
40.79
40.65
40.52
40.70
40.85
40.78
40.88
40.83
41.02
40.62
40.52
40.60
40.80
40.55
40.77
40.63
40.56
40.70
40.68
40.54
40.75
40.72
40.91
40.73
40.94
40.85
40.84
40.98
40.41
40.39
40.19
41.18
40.79
41.54
41.87
41.46
41.52
41.60
41.91
41.99
41.98
42.39
42.31
42.26
41.96
41.97
41.93
41.56
42.12
41.99
42.41
42.26
41.93
42.14
42.12
41.10
40.98
40.97
40.92
40.99
40.75
40.45
39.53
39.13
39.41
39.34
39.13
39.96
39.34
39.52
39.56
39.70
39.93
40.85
40.79
41.35
41.15
41.29
41.29
41.32
41.41
41.53
41.51
41.60
41.52
41.69
41.80
41.86
41.67
41.77
41.90
41.68
41.90
41.45
41.29
41.77
41.75
41.98
41.85
42.00
41.85
42.06
42.00
41.90
42.10
42.55
42.60
42.86
43.03
43.48
43.58
44.44
43.88
44.28
44.04
42.70
42.65
42.69
42.75
40.80
40.19
40.94
40.98
40.70
40.76
40.65
41.00
41.83
41.79
41.77
42.30
42.43
42.45
42.25
42.38
42.51
42.65
42.70
42.75
42.95
43.67
43.96
