39.62
38.81
39.44
38.88
39.88
40.06
41.00
42.75
42.31
42.61
41.50
42.38
42.56
41.06
39.50
39.81
35.75
37.62
36.75
37.38
36.62
35.50
35.00
35.12
34.94
36.31
35.88
35.50
34.94
33.88
33.75
33.38
33.75
32.50
32.31
32.62
31.38
31.00
31.12
31.75
31.25
30.88
32.31
31.56
29.88
30.75
32.00
31.75
32.44
30.50
32.50
34.06
33.81
34.56
35.25
35.25
35.19
34.81
34.75
35.12
36.81
37.62
37.38
38.50
38.53
38.56
37.00
37.00
36.38
37.69
36.31
34.12
33.56
33.69
32.50
33.06
35.81
39.00
38.75
38.88
38.81
38.06
38.88
39.19
37.31
35.75
35.69
35.81
37.00
38.62
38.19
37.56
38.19
39.19
39.06
38.62
37.81
38.88
39.12
38.75
37.31
37.75
36.56
35.81
35.62
36.12
35.50
35.12
34.88
35.44
33.88
32.62
32.38
31.75
32.12
31.31
31.50
31.50
31.31
31.44
32.62
33.44
32.69
32.22
31.25
32.94
32.50
31.81
32.19
32.50
32.25
32.56
32.00
31.50
31.38
31.31
31.31
31.38
31.69
30.88
30.25
31.31
31.69
32.19
32.00
31.69
32.62
33.44
33.25
33.38
33.69
33.50
32.69
32.81
33.44
33.31
32.44
32.38
31.25
31.56
31.56
31.31
31.19
30.38
30.38
30.38
30.44
30.38
29.89
29.56
29.69
30.12
29.50
28.75
28.38
29.00
27.19
27.25
28.00
28.50
27.88
27.69
27.00
28.69
29.44
29.88
29.88
29.88
30.19
30.06
30.25
30.00
30.12
29.88
30.06
29.94
30.00
28.38
28.88
29.00
28.00
28.06
27.88
28.25
29.12
29.12
29.00
28.94
29.75
31.19
31.00
31.62
31.94
32.38
32.00
31.75
31.62
31.75
33.06
33.06
33.44
33.31
32.69
33.44
33.50
33.94
34.25
33.69
31.94
31.25
32.50
31.88
30.94
31.44
30.50
29.62
30.25
29.50
29.94
30.88
31.12
31.56
31.50
32.31
32.88
31.38
32.69
32.69
32.50
33.12
33.88
34.00
33.50
33.69
33.00
32.94
33.00
33.06
33.19
32.69
33.62
34.12
34.69
33.62
32.81
33.50
32.88
30.81
29.56
29.00
29.52
29.45
29.35
29.03
29.43
29.36
30.03
29.27
29.34
29.76
29.83
30.00
29.25
30.08
30.22
30.44
29.68
30.06
30.12
29.88
30.05
29.40
29.21
28.85
28.56
28.85
28.40
29.30
28.95
28.06
27.80
27.55
27.24
26.50
26.38
25.77
25.65
25.11
25.00
25.30
25.33
25.28
26.49
26.55
26.64
25.79
26.09
26.00
26.25
26.69
27.00
26.73
26.89
27.22
27.17
27.49
27.47
27.09
26.96
26.84
27.00
27.02
27.11
27.50
27.78
27.55
26.90
26.82
26.77
26.55
27.20
26.91
27.74
27.75
27.50
27.70
28.50
29.80
29.86
30.50
30.24
30.76
30.51
30.75
30.69
30.28
29.71
29.23
29.41
29.70
29.89
29.45
29.91
29.81
30.00
29.96
28.67
28.50
28.20
28.22
28.64
28.12
27.80
27.54
27.51
27.68
27.06
27.40
27.24
27.06
26.55
26.57
26.90
26.64
27.00
27.65
27.63
27.72
27.70
27.67
27.52
27.77
28.39
29.30
28.93
28.64
28.90
29.14
29.38
29.15
29.01
28.80
28.80
28.42
28.29
28.09
28.02
27.99
28.49
29.70
30.00
30.05
30.00
30.25
30.84
30.49
30.27
29.89
30.00
30.02
30.03
30.78
30.75
30.40
29.96
28.92
28.38
28.01
28.50
27.37
27.08
26.72
26.34
26.25
27.00
27.14
27.33
27.62
28.65
28.93
28.89
28.36
28.79
29.45
30.05
29.49
29.51
29.70
29.40
29.24
28.58
28.40
27.66
27.99
28.35
28.95
27.28
25.99
26.07
26.20
26.79
26.78
27.00
27.02
26.30
26.58
26.76
27.46
27.54
28.36
28.01
27.86
27.22
27.18
27.52
27.40
27.02
26.76
26.79
26.84
26.72
26.87
27.48
27.62
26.90
27.02
26.50
25.64
25.64
26.80
26.06
26.40
26.17
25.65
25.90
25.85
26.10
26.73
26.60
26.47
26.49
26.79
26.99
27.20
27.36
26.88
26.81
26.34
26.02
26.20
26.06
26.48
26.43
26.80
27.40
26.47
25.62
26.38
26.26
26.99
27.18
26.63
26.60
27.20
27.19
27.06
26.72
27.00
26.85
26.93
26.86
26.75
26.20
26.97
26.52
26.95
26.82
26.50
26.38
26.10
26.17
26.85
27.62
28.06
27.74
27.91
27.90
28.35
27.90
28.15
28.72
28.44
28.80
28.75
28.70
27.65
27.22
27.49
27.94
27.75
27.25
27.50
27.49
27.79
28.35
28.49
28.15
27.95
27.71
27.80
27.40
27.50
27.16
28.62
28.60
28.50
28.77
28.50
28.33
28.23
28.21
28.40
28.48
28.50
29.29
29.10
29.21
28.88
29.28
29.81
30.41
29.98
30.06
29.97
30.01
30.13
30.40
30.65
30.40
30.26
30.15
30.01
29.77
29.94
29.50
29.28
29.99
30.00
29.93
30.31
29.80
29.75
29.81
29.12
29.82
29.80
29.98
29.52
29.00
29.16
29.05
28.78
28.67
28.45
28.10
27.71
27.43
27.84
27.90
27.80
28.09
27.39
27.12
26.55
26.05
25.70
25.11
24.17
23.30
23.84
23.77
21.85
23.49
24.68
24.50
24.75
24.34
23.80
23.84
22.98
23.36
22.50
22.76
22.92
22.66
23.00
24.16
23.80
24.61
24.37
24.52
24.40
24.15
23.96
23.85
23.57
23.81
23.76
23.03
22.24
21.97
21.36
21.45
21.30
21.34
20.31
20.53
21.69
18.91
18.16
17.85
17.95
18.16
17.90
18.10
18.45
18.37
17.66
18.28
18.19
17.79
17.50
17.45
17.56
16.56
17.17
17.97
17.97
18.06
17.50
17.83
17.48
18.30
18.95
19.25
18.71
18.50
18.32
18.42
18.20
18.11
18.13
18.43
18.93
19.06
19.31
17.79
17.09
17.09
17.15
17.30
17.38
17.75
17.84
18.05
18.70
18.64
18.23
18.22
18.50
18.50
18.74
18.24
18.37
18.78
17.97
17.40
17.35
17.20
17.40
17.34
17.38
15.99
15.96
15.64
15.75
15.55
15.48
15.58
15.50
15.75
16.08
16.55
16.12
16.65
16.67
16.84
16.87
17.24
17.33
16.96
16.69
15.85
15.45
15.34
15.36
15.00
14.90
14.70
14.67
14.38
14.46
14.24
14.52
14.30
14.06
13.68
13.55
13.70
13.90
13.83
13.57
13.62
13.45
13.50
13.38
13.58
13.27
13.15
12.81
13.25
13.61
13.19
12.91
12.77
12.61
12.82
12.50
12.47
12.38
12.80
13.54
13.70
14.31
14.57
14.38
14.65
14.03
14.16
14.23
14.50
14.84
14.46
14.05
14.32
14.08
14.55
15.80
15.84
15.50
15.80
15.78
15.70
15.85
15.75
16.00
16.01
16.05
15.85
15.92
15.81
16.93
17.28
17.10
17.16
17.59
17.49
17.88
17.39
17.25
17.58
18.29
18.27
18.56
18.60
18.52
18.16
16.95
17.30
17.50
17.80
17.77
18.26
18.34
18.73
18.90
19.17
18.99
19.28
21.06
20.87
21.67
21.64
21.62
21.46
22.20
22.20
22.05
21.56
22.02
22.37
22.53
22.24
22.45
22.37
22.06
21.94
22.72
22.62
22.90
22.80
22.85
22.26
22.58
21.92
21.08
21.12
20.49
21.39
20.87
21.08
21.21
21.08
21.44
21.26
22.15
22.40
23.01
22.97
22.58
22.00
21.82
22.06
23.89
23.76
23.79
23.17
22.95
22.98
22.72
22.88
23.00
22.50
21.95
22.20
22.30
22.56
22.35
22.42
22.50
22.69
23.39
23.30
23.35
23.59
23.20
23.70
23.48
23.49
23.75
23.75
23.91
23.92
23.63
23.90
23.93
23.36
23.60
23.73
23.54
24.21
24.28
24.26
24.10
24.72
24.15
24.21
24.29
24.48
24.39
23.92
24.00
24.15
24.18
23.74
23.90
24.00
24.19
24.25
24.60
24.61
24.73
25.00
25.39
26.11
26.15
25.98
26.01
26.00
26.10
26.24
26.07
25.68
25.00
24.70
24.65
24.68
24.97
25.64
25.76
25.39
25.63
26.35
26.48
26.46
26.56
25.99
25.62
25.42
25.55
25.80
25.78
25.42
24.88
24.50
24.81
24.30
25.16
25.28
23.96
24.09
24.60
24.78
24.83
24.79
25.03
25.33
25.41
25.50
25.15
25.11
24.64
25.07
25.15
25.31
25.17
25.52
25.39
25.25
25.28
25.45
24.86
25.50
25.74
25.99
26.15
26.41
26.70
27.16
26.91
26.78
27.05
26.68
26.63
27.00
27.05
27.25
27.16
27.77
27.63
27.94
28.30
28.30
28.41
28.42
28.89
28.84
29.85
29.31
28.98
28.91
28.70
29.01
28.45
28.66
28.70
28.02
28.10
28.35
27.76
27.70
28.45
27.87
28.47
28.66
28.57
28.91
28.94
29.36
29.01
28.90
28.67
29.02
28.27
27.00
26.93
27.46
26.75
26.55
26.95
27.40
27.34
27.32
27.20
27.61
27.18
27.23
27.76
27.61
27.81
27.27
26.71
26.64
26.45
26.07
26.09
26.17
25.87
25.79
25.75
25.31
25.45
25.35
25.45
25.75
26.27
26.40
26.47
26.43
26.52
26.86
26.61
26.84
26.58
27.05
27.00
26.68
26.71
26.72
26.92
26.86
26.90
27.11
27.08
26.99
26.58
26.41
26.00
26.31
26.12
26.13
26.42
26.50
26.51
26.82
26.68
27.79
27.91
27.81
27.93
28.16
27.66
27.57
27.08
26.98
27.49
27.31
27.24
27.50
27.46
27.25
27.16
26.88
26.34
26.16
26.74
26.35
25.85
25.81
25.75
26.37
26.48
26.60
27.07
26.64
26.87
26.95
27.10
27.17
27.00
27.02
27.19
27.49
27.76
27.38
27.50
27.44
27.05
27.17
27.60
27.53
27.59
27.67
27.47
27.77
27.01
27.14
27.60
27.94
27.96
27.89
28.03
28.14
28.00
27.94
27.84
27.93
27.94
27.68
27.55
28.86
29.08
28.99
29.20
29.00
28.80
28.52
28.52
28.38
28.87
29.19
29.03
29.15
29.58
29.19
29.31
29.63
30.06
30.20
30.18
30.02
30.28
30.50
30.42
30.11
30.40
29.95
29.30
29.38
30.10
30.40
30.57
30.75
30.74
31.21
31.42
31.28
31.08
31.22
31.50
31.78
31.65
31.98
31.91
32.44
32.66
32.54
32.39
32.59
32.52
32.33
32.15
32.46
32.53
32.38
32.06
31.82
32.08
31.83
32.08
31.87
31.67
31.10
31.34
30.89
31.31
31.60
31.62
31.45
31.25
31.74
31.94
31.99
32.12
32.00
32.39
31.98
31.77
32.06
32.57
32.78
32.42
31.97
32.10
32.25
32.61
33.16
32.60
32.29
32.33
31.95
32.44
32.65
32.98
33.08
33.33
33.28
33.41
33.96
34.21
33.48
32.53
32.75
32.59
32.96
32.43
32.32
31.80
31.90
31.68
31.45
31.45
31.58
31.53
31.02
31.65
31.14
31.00
30.99
31.21
31.49
31.47
31.14
30.80
30.90
31.22
30.76
30.30
30.10
30.18
29.94
29.85
30.06
30.28
30.00
30.16
29.61
29.31
29.57
29.80
30.13
29.94
29.38
30.12
30.10
29.85
29.78
29.65
29.88
29.97
30.58
30.97
30.94
31.32
30.87
30.89
31.48
31.26
30.94
31.02
31.12
30.51
30.41
29.57
29.23
28.98
29.53
29.11
29.30
28.95
29.13
29.00
29.06
29.04
29.02
28.57
28.28
28.16
28.24
27.91
27.75
27.94
27.97
27.70
28.00
28.65
28.97
29.16
29.59
29.60
30.99
30.90
30.85
30.90
30.78
30.94
30.62
30.36
30.08
30.28
31.17
31.18
31.48
31.62
31.20
31.30
32.14
32.44
32.70
34.69
33.25
33.60
33.17
33.87
33.39
33.38
33.29
33.04
32.98
33.30
33.48
33.17
32.40
32.45
31.55
31.90
32.66
33.70
33.37
34.14
33.80
33.12
32.36
33.45
34.24
33.50
32.62
31.42
33.09
32.64
33.26
33.01
33.10
33.48
33.49
33.87
32.88
32.85
32.73
32.22
32.34
32.34
31.67
32.05
32.32
32.70
32.47
33.69
32.40
32.48
33.12
33.00
32.31
31.55
32.29
31.60
31.77
32.26
33.23
33.43
33.70
34.00
33.33
33.23
33.80
33.93
33.31
32.80
33.19
33.09
33.07
32.99
33.71
33.46
33.95
33.93
33.85
35.33
34.91
34.57
35.16
35.26
34.82
34.84
34.47
35.27
35.50
34.98
34.75
34.10
34.15
34.44
34.58
34.55
34.10
34.19
34.14
33.72
33.52
33.82
33.86
34.06
34.71
34.74
35.34
34.79
34.47
34.59
34.99
35.20
35.86
35.71
35.85
35.16
34.94
35.05
35.02
35.01
35.67
35.45
35.97
36.13
36.19
36.36
36.30
36.33
36.36
36.37
36.01
36.37
36.06
35.66
35.95
35.59
35.34
35.25
34.91
34.93
34.94
34.85
34.67
34.64
34.68
34.53
34.65
34.32
34.26
34.77
35.06
35.10
34.73
34.90
34.80
34.54
34.70
34.55
34.31
34.60
34.55
34.36
34.73
34.66
34.81
34.60
34.88
35.35
35.55
35.19
34.85
34.32
34.48
34.55
35.08
34.60
34.26
33.85
34.11
34.62
34.57
34.37
34.41
34.86
34.85
35.21
35.39
35.83
35.96
35.35
34.88
34.97
34.70
34.56
34.44
34.15
34.03
33.53
32.95
33.26
32.92
32.72
33.17
33.68
33.51
33.15
33.31
33.32
33.69
33.38
32.93
31.94
32.85
33.35
33.14
32.85
32.96
33.40
32.55
32.60
32.66
32.51
31.97
33.56
33.60
33.97
33.76
33.69
33.18
33.68
34.28
33.81
33.17
33.04
34.72
34.81
35.09
34.67
34.70
34.84
34.76
34.45
34.73
35.29
35.39
35.08
35.59
35.84
35.41
35.53
35.16
34.36
34.87
34.69
34.72
35.50
35.97
36.24
36.18
35.71
35.60
35.59
35.88
35.23
35.81
36.08
36.15
35.90
36.76
36.65
36.22
36.52
37.50
37.12
38.20
37.84
37.33
37.73
37.42
37.58
37.78
38.34
38.21
38.85
39.06
39.82
39.59
39.12
39.51
39.68
40.00
39.80
40.11
40.57
40.84
41.25
42.23
42.11
42.12
41.60
41.47
40.77
41.47
42.14
42.25
42.00
42.11
41.47
41.92
41.92
41.86
42.05
41.24
41.83
41.67
42.03
42.09
41.97
41.51
41.27
41.10
41.67
41.82
41.89
42.06
42.15
41.88
41.10
41.40
41.85
41.97
42.08
42.50
42.75
42.96
43.28
43.76
43.58
43.04
43.59
43.69
43.41
43.48
43.99
43.86
43.87
43.57
43.81
44.33
44.36
44.33
43.87
43.54
43.54
43.71
43.79
44.26
44.51
44.22
44.57
44.86
44.59
44.81
44.35
44.85
44.16
43.00
42.93
43.23
43.77
44.35
44.48
44.54
44.53
44.77
44.72
44.35
44.56
44.73
44.90
45.02
44.98
45.32
45.80
45.97
46.05
46.01
45.80
44.46
43.69
44.10
43.67
42.91
43.10
43.10
43.64
44.15
44.67
43.48
43.65
43.47
43.48
43.87
44.31
44.61
44.49
45.05
45.12
45.04
44.83
44.87
45.05
44.82
45.26
45.23
45.78
46.49
46.31
46.44
46.63
47.64
48.10
49.01
48.88
48.78
48.36
48.64
48.47
48.63
49.23
48.95
48.28
49.14
50.02
49.91
49.92
49.50
49.32
49.84
50.00
50.65
50.63
51.27
51.97
52.26
52.33
52.27
52.50
51.57
50.96
50.90
50.61
50.23
50.55
50.95
51.10
50.85
50.64
50.21
51.41
51.25
51.48
52.19
52.25
52.17
52.40
52.48
51.33
51.07
50.42
51.30
51.75
51.34
50.85
50.76
51.38
51.40
51.21
51.43
51.14
50.34
50.72
51.65
51.91
52.10
52.16
52.20
52.67
52.09
52.50
51.55
50.96
49.50
48.76
48.39
47.87
48.27
48.99
48.52
49.46
49.73
50.29
49.93
49.41
48.71
48.00
47.56
48.07
47.57
48.29
48.47
49.36
49.85
50.12
49.47
48.64
49.19
48.83
49.25
49.66
49.24
49.76
49.24
50.15
51.76
51.20
54.30
55.45
54.64
55.02
55.41
54.87
54.80
54.96
54.15
54.80
54.56
54.47
56.01
55.95
56.11
56.04
56.37
56.87
57.38
57.03
56.25
57.02
56.19
56.81
56.96
56.79
56.42
56.02
56.97
57.15
58.07
58.47
59.18
59.18
59.75
59.00
59.02
59.67
59.74
58.38
59.37
58.31
58.54
57.10
56.70
57.18
58.13
58.60
58.48
57.33
57.72
56.82
57.46
57.97
58.35
58.47
59.83
60.03
59.51
60.28
60.16
61.90
63.13
61.66
61.51
61.16
59.76
59.83
58.85
58.79
60.03
60.31
59.88
59.19
59.50
58.91
58.10
57.93
57.05
58.03
57.08
57.47
58.17
54.32
54.96
53.76
52.41
51.98
52.40
52.45
53.01
54.00
54.10
51.07
50.75
51.01
53.58
54.22
53.88
53.84
53.73
54.46
55.64
55.98
56.37
56.64
55.58
55.30
55.67
56.20
55.23
55.69
56.05
56.45
55.33
54.62
54.11
53.16
53.63
53.94
53.04
52.27
53.80
54.25
53.70
54.89
54.78
54.28
54.85
53.66
54.42
55.77
56.20
55.60
55.45
55.48
55.77
56.91
56.66
56.24
55.72
55.65
55.87
55.74
55.85
55.40
55.54
55.96
57.18
57.33
58.30
58.67
58.35
58.69
59.58
59.67
59.59
60.20
59.58
60.92
60.95
60.87
60.49
59.38
59.77
59.24
60.87
61.17
60.44
60.86
60.53
60.45
59.68
58.78
58.53
57.73
58.11
58.69
59.48
59.32
58.55
57.56
57.98
58.05
56.95
59.31
59.77
58.75
59.34
59.95
59.94
59.21
58.21
58.59
57.40
57.01
57.02
58.05
56.45
56.50
56.22
57.29
57.43
57.19
57.36
58.52
59.25
58.44
57.32
58.09
58.56
60.16
60.37
60.44
59.75
60.12
59.66
58.37
58.65
57.79
59.70
60.45
59.79
59.77
60.55
62.33
62.14
61.86
65.67
65.95
63.94
62.78
63.60
63.63
63.29
62.46
62.43
62.31
63.42
62.08
62.13
62.08
62.89
62.00
62.91
61.72
60.02
60.30
62.42
63.19
63.20
64.56
64.06
63.72
64.29
62.52
63.96
63.98
62.57
61.78
61.43
62.27
63.20
60.16
61.70
63.66
61.88
60.23
57.15
54.97
53.41
52.08
53.35
57.25
56.02
51.55
54.46
53.80
56.84
55.13
54.18
55.58
53.06
51.76
56.62
57.18
57.87
57.93
57.03
57.78
56.00
54.17
55.47
56.48
56.29
54.02
56.25
56.13
55.61
56.51
55.44
52.91
55.15
55.51
56.81
57.90
58.75
56.17
57.05
59.55
60.84
62.72
60.92
59.68
61.66
60.87
60.59
60.69
62.92
62.63
61.29
60.32
61.40
60.65
61.28
61.06
60.38
61.74
62.19
63.75
63.56
62.14
61.24
60.52
60.07
60.16
59.32
57.33
57.98
59.67
57.07
58.70
58.72
58.02
58.40
58.52
59.20
58.14
58.02
57.90
58.88
57.86
58.36
58.46
59.02
57.28
57.08
56.96
56.81
55.68
56.41
55.31
54.57
53.87
54.76
54.29
52.20
52.25
51.85
52.43
53.15
50.86
52.12
52.32
52.60
51.03
52.17
52.38
51.69
53.64
55.42
54.71
53.20
55.16
53.56
55.01
56.06
55.01
53.92
54.57
55.24
56.35
56.64
55.94
55.40
55.56
56.67
56.11
54.82
53.95
54.70
56.09
55.33
55.63
54.25
55.30
54.31
54.49
54.53
54.41
53.29
52.40
52.77
53.16
53.69
53.39
54.92
54.40
53.97
53.49
53.57
53.46
54.20
53.87
56.25
55.69
57.08
58.84
57.82
58.13
58.99
59.85
60.38
60.99
60.24
59.87
58.72
59.08
58.36
57.67
58.36
57.78
57.07
57.37
58.16
58.17
57.20
56.76
56.30
57.46
57.00
57.23
57.49
58.22
57.45
57.99
56.80
57.04
56.77
57.05
57.27
57.46
57.08
57.22
57.84
58.28
58.63
58.82
56.09
56.08
55.97
56.47
56.41
55.59
55.06
55.13
55.01
55.09
54.84
55.20
56.27
56.02
56.26
55.78
55.27
54.50
55.26
55.65
56.14
56.27
55.91
56.45
57.00
57.16
56.07
56.24
55.64
55.37
55.57
56.14
56.22
55.09
54.85
54.39
54.23
54.98
56.47
56.46
57.00
56.14
55.81
55.54
56.12
56.95
57.17
57.17
57.07
56.74
56.71
56.61
57.44
57.14
56.87
56.70
56.68
57.05
57.50
58.20
58.78
59.28
58.92
58.33
59.50
59.43
59.20
59.02
58.64
59.14
58.61
59.16
59.24
60.29
61.48
61.72
62.64
62.28
62.83
62.17
63.58
64.53
63.57
63.98
63.41
63.97
63.99
64.22
64.45
63.60
63.25
63.54
62.50
61.97
61.59
61.93
60.61
60.60
61.05
61.66
62.14
62.00
62.42
61.92
62.17
62.66
62.97
63.36
63.42
63.61
63.59
62.89
62.44
62.78
62.30
61.45
61.90
61.84
62.32
62.66
62.59
62.65
62.28
63.48
63.01
63.20
63.39
63.09
63.81
63.73
62.83
62.43
63.89
64.03
65.21
64.06
63.37
62.92
63.57
63.25
63.79
63.59
64.01
64.26
64.48
64.74
64.77
64.87
65.26
64.38
63.85
63.98
64.07
63.63
63.43
63.67
65.12
65.10
64.94
65.21
65.53
65.93
66.07
66.38
66.68
66.53
67.01
67.35
66.80
66.90
67.26
67.07
67.24
66.72
67.58
68.03
67.81
67.70
68.76
68.68
68.53
68.92
69.42
69.16
69.03
69.92
70.34
70.36
71.03
71.15
71.02
70.53
70.34
71.52
70.59
71.42
70.64
70.66
69.42
68.01
70.58
70.48
70.67
70.50
69.59
70.14
70.02
69.40
67.66
67.86
67.66
67.84
66.01
67.20
66.87
66.36
67.77
67.85
66.70
66.75
68.38
68.26
69.37
69.54
69.30
70.40
70.29
70.05
69.88
69.92
68.64
68.63
67.73
67.42
67.33
66.46
65.87
66.71
66.14
66.11
67.31
69.02
69.22
69.94
70.84
70.90
71.33
69.94
69.91
70.87
70.11
71.40
69.90
70.87
70.40
69.77
69.38
69.73
70.25
70.45
70.69
70.45
71.74
72.92
72.84
71.57
72.06
71.89
71.79
73.22
73.25
72.97
73.08
73.34
72.72
73.19
73.16
73.99
72.74
73.06
74.54
75.02
75.09
75.80
76.08
74.37
75.01
74.57
73.94
74.71
74.80
74.32
75.11
75.51
75.13
74.64
75.10
74.76
74.63
74.45
74.51
74.92
74.95
75.82
75.56
75.86
76.10
75.59
75.58
75.75
77.04
77.48
77.32
76.99
77.41
78.44
78.55
78.70
78.76
77.48
77.48
77.77
77.88
78.40
78.50
79.18
79.30
79.31
79.10
79.50
79.70
78.85
79.07
77.42
78.37
79.02
79.64
79.52
79.01
79.48
78.54
78.26
78.30
79.29
79.38
79.76
79.58
80.34
78.74
77.61
77.56
77.11
77.11
76.98
76.71
76.81
76.92
76.86
77.01
76.96
76.43
76.43
76.99
76.76
76.76
76.60
74.31
74.66
74.21
74.37
73.56
73.90
73.60
72.67
74.06
74.68
75.35
75.16
75.01
75.38
75.48
75.17
74.35
73.28
73.67
73.47
73.64
73.83
74.05
73.45
75.36
75.93
75.76
76.14
76.24
76.15
76.02
75.98
76.13
75.70
75.19
75.21
74.44
75.68
74.89
74.69
76.24
76.03
76.29
75.54
75.78
76.68
76.73
75.67
75.12
73.38
73.40
72.99
73.76
73.87
74.53
74.93
75.25
75.00
75.37
75.81
76.09
75.99
76.39
76.60
76.72
76.01
76.04
76.25
76.66
76.89
77.07
77.38
77.00
76.60
78.40
76.91
77.13
76.94
77.87
78.03
78.31
78.64
78.94
79.07
78.60
78.70
79.31
79.71
79.51
80.66
80.74
81.14
80.93
81.50
82.51
82.33
82.50
82.64
82.72
82.43
81.62
81.54
80.98
80.75
80.54
80.70
81.14
81.15
81.26
80.36
80.73
81.47
81.24
81.81
82.52
82.69
82.80
82.65
82.29
81.84
82.32
84.35
84.57
84.32
85.65
85.64
85.86
86.06
85.60
85.35
84.99
84.96
85.81
85.48
85.40
86.21
86.27
86.54
88.56
88.12
88.02
87.09
86.78
86.48
86.39
85.06
85.54
84.28
85.08
82.11
85.96
84.08
86.28
86.50
86.82
86.67
87.50
85.61
87.23
87.76
89.53
90.13
88.71
89.93
90.79
90.78
90.41
90.07
89.09
88.82
89.29
88.61
85.03
86.19
86.12
86.75
88.07
88.29
88.81
89.31
87.52
85.99
87.37
89.34
89.74
88.03
88.78
87.82
86.02
86.48
85.83
87.11
87.20
88.51
89.34
88.36
89.31
89.94
88.66
89.64
89.62
89.01
92.32
92.01
91.77
91.78
93.51
93.29
92.85
91.91
92.53
93.00
93.81
94.62
94.60
92.65
93.26
94.76
94.06
94.47
93.15
92.29
92.74
92.28
92.65
91.87
92.10
93.76
93.46
95.52
95.50
95.70
95.35
96.01
96.45
96.92
98.03
98.48
98.00
97.61
98.14
97.49
97.24
98.82
99.20
98.60
100.15
100.55
99.58
100.81
100.33
98.84
99.39
99.83
100.60
99.64
99.70
99.93
100.57
100.35
100.55
101.56
101.26
101.74
100.95
98.75
99.23
99.18
98.69
98.69
99.05
98.40
98.62
100.01
99.49
100.91
100.05
99.99
99.47
99.65
99.55
98.61
99.26
99.99
100.49
100.66
100.81
100.32
100.36
99.78
99.28
99.25
99.50
99.94
99.89
100.18
96.96
96.84
96.66
96.78
97.29
98.04
97.66
97.73
97.65
96.72
95.80
95.55
96.97
97.34
97.08
97.64
98.10
98.36
99.40
97.48
98.62
98.88
97.67
98.56
97.64
96.97
96.58
97.11
97.34
95.28
95.94
95.19
94.59
95.22
95.83
97.38
97.45
97.20
97.51
97.04
95.87
95.51
93.55
91.93
91.87
91.90
90.88
91.01
91.43
89.62
89.85
91.27
91.34
91.48
91.53
91.05
90.90
90.11
89.34
86.71
86.32
87.08
88.66
88.38
87.75
86.59
87.51
87.97
89.72
90.50
90.24
89.60
88.65
87.64
88.35
88.12
89.10
88.33
88.18
88.53
88.08
88.58
89.30
89.66
89.80
90.25
89.53
91.93
92.29
91.65
91.89
92.22
92.76
91.58
88.94
88.06
88.04
89.00
89.19
89.33
89.36
89.43
89.59
89.59
89.69
89.01
87.53
87.15
88.20
87.90
88.12
87.81
87.46
87.36
88.17
88.52
88.55
88.25
88.92
89.54
89.14
89.65
88.70
89.49
89.05
89.06
90.67
91.02
91.30
91.20
90.82
91.57
91.70
92.14
93.08
92.83
93.15
93.71
93.71
92.86
93.20
93.27
91.75
91.99
90.93
90.35
91.03
91.00
91.54
92.11
92.40
92.36
92.51
93.50
94.09
93.68
92.86
88.72
88.45
87.96
87.28
87.33
86.71
86.80
86.80
86.86
87.46
87.97
86.86
85.13
84.74
84.88
84.64
84.62
84.05
84.12
85.04
85.68
86.01
87.05
86.24
85.92
86.52
86.49
87.04
87.06
87.20
86.97
88.09
88.48
89.41
89.62
89.31
89.17
88.88
89.91
90.52
89.71
90.04
90.18
89.29
88.74
88.72
87.58
88.21
90.12
90.63
89.85
90.91
90.94
90.81
91.40
91.73
91.53
91.51
91.10
91.76
92.26
92.95
93.48
93.31
93.72
94.36
94.92
94.67
95.29
95.95
94.60
94.91
95.07
94.63
94.87
95.17
95.10
94.00
93.56
93.90
93.85
93.91
94.14
95.25
96.14
96.22
95.73
95.90
95.68
95.07
95.81
96.81
97.09
98.71
98.89
98.76
99.38
99.31
99.67
98.57
98.40
98.77
98.53
99.27
98.24
98.50
98.90
99.69
99.05
100.26
99.25
100.63
101.42
101.50
101.06
101.49
101.99
103.59
102.15
103.04
102.54
101.91
99.92
99.32
99.76
101.02
100.94
100.89
102.18
102.14
101.38
102.06
102.92
102.07
102.29
100.95
99.69
100.20
100.38
101.20
101.95
101.12
101.54
101.54
102.14
101.74
101.03
100.29
101.24
99.05
97.07
96.57
97.96
98.37
96.42
96.68
98.28
99.53
98.23
98.24
98.88
98.42
98.74
99.75
98.81
96.79
97.23
97.29
97.52
98.84
99.65
99.00
99.82
99.93
100.35
99.86
99.88
99.99
99.98
100.79
101.58
100.75
100.88
100.10
100.18
100.27
97.58
96.76
96.66
97.49
98.03
97.87
98.37
98.08
99.00
99.20
99.31
98.69
98.33
98.04
97.62
97.04
96.45
96.11
95.39
95.03
95.48
95.50
95.11
95.46
95.13
95.31
94.84
96.08
94.86
94.36
94.52
95.16
95.66
96.26
96.45
96.89
97.46
97.18
97.35
97.71
97.92
98.70
97.92
96.90
97.28
97.78
97.62
98.19
97.12
96.21
96.13
95.28
94.67
94.70
94.36
93.94
93.27
94.44
94.74
94.72
93.80
95.22
95.47
95.20
94.59
95.12
94.21
94.68
94.78
95.37
96.05
96.03
96.52
97.24
97.31
97.41
97.90
97.20
97.01
97.09
97.66
98.11
97.56
96.92
97.65
97.98
97.54
97.70
98.27
98.92
98.20
97.06
97.37
96.51
96.38
95.71
95.43
96.80
95.72
95.43
95.26
94.10
94.44
95.45
94.38
95.93
95.14
96.51
96.30
96.54
96.84
96.91
97.01
97.03
96.41
96.54
95.85
96.38
95.41
95.46
95.80
94.83
95.22
95.46
96.06
94.93
95.08
94.88
95.32
94.43
94.07
94.18
93.15
93.80
94.17
93.02
93.09
93.58
94.94
95.92
94.86
95.34
94.89
95.46
95.78
96.02
95.55
95.75
96.45
96.50
96.62
95.89
95.08
95.15
94.32
94.98
95.02
95.58
95.50
95.20
98.78
98.71
97.37
97.58
97.60
97.31
96.10
96.60
95.47
96.18
95.91
95.84
96.16
97.24
98.03
97.90
97.59
97.66
97.87
97.01
98.08
98.35
99.43
99.29
100.11
100.83
100.83
100.25
99.67
99.32
99.13
99.84
100.73
100.31
101.50
101.38
100.96
101.43
101.14
100.95
101.96
101.95
102.93
102.86
103.53
103.03
102.50
103.14
102.09
101.53
102.56
102.45
102.00
102.36
101.30
101.34
101.43
102.03
101.45
102.44
102.45
101.96
101.38
100.88
100.42
99.76
100.49
101.10
101.27
101.35
101.91
101.92
101.91
101.47
101.61
101.51
101.46
100.74
101.00
100.53
100.98
100.17
100.09
101.07
100.58
100.37
100.47
100.30
99.27
98.37
98.99
97.55
96.27
95.35
95.35
95.72
95.78
95.82
95.95
94.56
94.30
94.31
93.43
93.47
93.31
93.55
93.53
93.56
93.96
93.66
93.79
94.25
94.45
94.19
94.53
94.45
94.44
94.11
94.65
94.14
93.72
92.80
93.14
93.01
93.07
92.50
91.09
93.00
92.96
93.34
93.47
93.75
93.53
93.48
94.36
93.93
93.51
95.00
94.16
94.70
96.22
94.81
94.19
94.12
94.86
93.84
92.81
93.83
92.72
92.30
90.73
91.10
90.44
89.91
91.04
91.59
91.01
90.94
91.02
91.67
92.01
92.60
92.73
93.38
93.73
93.61
94.47
94.64
94.66
95.10
95.11
95.14
95.33
95.48
96.21
95.97
96.41
96.56
96.64
