4520600
4216500
5231600
4809400
5124700
4113900
5440200
8090000
5700200
3365400
3401100
3344700
3309700
3722600
3593500
3304500
16703200
12082200
4444200
4838300
4679500
5769100
9225700
7752200
9992900
12144800
5915400
5353400
3920500
4426400
4669200
3804900
4272000
5494900
4479500
4927400
6154300
4551200
3880600
4883900
4969800
4884600
5193900
4175100
6183300
4015900
4779200
4819200
5659700
5235700
7044600
8241900
5463000
2736000
4239900
3754000
4034900
3188100
2189900
2963500
5292800
4939100
3738300
4459400
5145500
4143600
4124100
3155400
3234600
3354100
4548200
7400300
5744700
4728900
5440000
3473000
7009700
9601600
3975100
3479300
2904600
2936500
3089100
3129800
5243800
6515400
4968100
3115600
3165700
5995500
3185200
2410500
2840100
2753400
2017900
1933700
2985300
3145000
2757100
5108400
3453100
3130700
4210200
3880700
2979100
3701800
1957900
3577600
2518000
3312300
15301500
8145700
6046900
5941800
6280100
6858000
4510500
3930200
4396800
3928900
7978700
4887200
3422100
3179800
5545100
6147600
1681200
5067000
4010300
3766600
3013900
3094500
2893000
6731700
3143900
2669400
2651700
3170500
3266300
4031800
4192300
6895700
11296100
6561400
3092900
4871300
3134200
4643100
3805700
2536600
3078100
2625500
3548300
2316000
2224100
2457400
2872800
2087600
4735200
3335400
2985800
3485600
3414800
6604900
4992100
4056200
4823800
4095000
6792600
4717000
5208100
4009200
6629500
6268100
4514600
11730400
7816400
17827100
10175900
5527900
5110200
4793200
4128100
6886900
4416800
5603100
3542400
3317900
3074500
2161800
3047300
2199700
5717500
3540600
2179400
1944800
2424100
5741500
2707100
2694800
4310200
3077800
6460600
5199500
3610200
5020500
4246900
4074800
3743900
5916900
4047100
3181300
3065700
3794400
2440600
2333600
2728400
2431100
6093400
4603700
4011100
3670200
2587800
3465000
3091600
2471800
3043000
1475500
5253000
5332000
5271600
3794900
5264000
2857900
3762800
4859100
3239200
5463100
12259000
9798200
7453800
5369000
7806700
3202600
4633800
5257300
4297600
3214200
3365100
3865600
3539400
3338200
3529800
3265400
5953800
3999100
2803600
2778100
3091800
2179800
3284200
4546000
5223100
4744500
5238500
3267500
3290600
11006600
20823700
9631400
8501700
5582200
7850300
6946800
5769700
4410000
6791300
6112900
6959000
3406200
3865500
5234600
4888600
7087000
4590500
3712700
4261100
4020300
4653000
2763600
3666300
4582200
4732100
4924700
2781400
5627300
3803700
4038800
3745400
4978100
8211200
9960400
5756500
8455500
4393500
4981800
6182500
7568600
5210200
5164300
5708700
4168800
5678900
5845400
4560200
5562400
5456000
4362000
3312400
3673600
3751400
3405000
2872800
2444300
2844000
4294700
4907300
4010000
3437600
5059300
4285700
3033100
2824000
5778400
4017200
3582800
6436500
6354700
3380700
4155100
6109200
5256700
4851300
6319700
4320400
4870500
7799800
8899900
5809200
6826700
4142100
2997300
2056600
2782100
3601200
5132400
4096200
3596600
4723200
5231300
2525700
2461900
2642300
3717600
3222700
4808100
11853500
5075800
4407300
3903200
3504300
4046300
3658300
9066300
2946800
2710400
14439500
3917800
1709900
2010900
5248900
2696000
5415900
5751000
3423200
4014100
3607200
2664800
3068500
3008600
2961600
6509700
8264900
7503800
3571200
2585100
2095400
4359300
3745000
2611000
1728200
2053300
2104100
2850400
2872500
3318800
1861200
3386800
6460100
7375200
7711000
2765900
4782000
3172700
4080500
4941600
2890900
4392400
4995700
3229100
2814500
4399200
3711400
4218000
4083900
8200600
8336300
4637900
11570600
7941100
7093300
6082400
6170800
6052000
10036500
6373700
4633400
3640200
5017900
6536900
4423000
3588800
2439700
5326500
5712500
4605100
4995600
4784200
4883500
5027100
6213900
3753000
4088200
3648400
3270500
2986300
7589000
13766100
6537500
5004700
3289300
4099400
3183600
3400400
8060900
4726900
3273200
5343800
5262300
4550600
5665800
3379700
5013400
3011000
1287400
5095200
5821200
7836600
2903400
4178900
5590900
4188100
4398400
5010300
4507800
4267000
6306900
8120000
6166700
7769600
5388700
3427200
4315500
4533400
6083900
1280900
3427100
4841700
3659600
3051300
3855800
4813300
4883600
3683800
3326000
3219200
3525600
4397100
3696400
5553200
4328600
4294100
3142300
4561600
5020200
6085400
7895500
4459200
5414200
4966900
4342400
3430700
4433200
4835300
4937000
3398200
4110800
2654000
2965700
4306500
4358900
3739900
5129500
3675000
3173300
2970200
3466800
3687000
4837700
4267500
4336400
5179900
6318800
5999500
4185400
4279800
4396200
5145800
10266000
3966500
5927700
2980600
2600100
3627900
3336800
7366800
4641800
3029300
3057100
2958000
3040700
2470600
3165700
3526100
4274100
2683300
7697300
7097800
4989700
3588800
3445600
3608400
3556600
15718100
7898300
5023300
8090000
6256200
5446300
4092200
3755300
5078200
6365800
5392800
8193100
6205300
6536800
6518900
4266800
6923800
7737300
6105500
5150500
3765000
3457300
3534200
4969800
4612800
4911000
3574200
2732700
4084200
3611100
4978700
3481800
3723200
3446600
3547600
4744400
3295600
4383600
4315500
3260900
6104400
5793000
4414200
3921300
4129200
9333600
4283900
6270300
6713700
5165000
5790500
4421500
3136900
5867300
2444000
4038200
6434300
8584600
10354400
6179000
7724700
4513400
6011600
4569000
5930600
9788300
5388100
9107400
12944500
7833600
5593600
5802200
4265400
5755100
4221600
3880600
5356100
6070400
11689500
6870000
5669900
5200900
5387700
5306800
5529700
4797300
6032500
5060600
3204800
2833100
3174500
3663600
5003900
3714800
2404600
3968700
6918100
10084700
8580300
7200600
6051600
4819600
15956100
8307000
8819100
24164600
19584200
14969100
13001200
9294400
9042300
8970600
7466000
11367800
10127700
7175900
7297300
5072700
5223500
5395000
5135300
7750400
11885600
6815000
3317500
7869800
4948600
6647800
5251500
6977500
16937000
6447600
4563400
5127400
3868500
3796300
4758600
5394100
4333200
7347800
5764700
7627900
7843400
19940700
7006900
10766200
8041100
6033100
6561400
8322800
5145300
4007200
5377100
5764200
6269200
4250500
4094800
2289200
5120100
4543000
7108600
14118700
8393200
9447700
6246500
6536300
5779100
5476300
6332700
35334900
13276500
11189100
19431600
11363100
3861900
5791900
6064500
7187600
7717100
8308500
5714800
7310900
4952400
5686000
8273300
7726900
5546100
7430300
6401700
17167700
14052300
6566700
7321500
14923500
9160100
6047700
6247000
6954300
7055600
8874300
6697300
6807300
4762500
5625100
5469300
4617300
6907300
5807600
5902700
7219000
5558000
4610800
3686300
3961400
4030900
6676800
5776300
7317600
9021200
4813200
3717900
4830400
6533900
7185100
5142700
5086900
8575400
10172600
13697400
8290700
10155400
7109700
4927000
6466700
4625800
3991000
4533600
7010500
8474800
5990900
6653500
7613600
6190900
6929300
20227400
14791600
8911300
6238700
4512900
5832800
5099800
5860300
4660400
4479400
6030800
5569900
3824800
4201900
15176600
9600800
10335900
5473300
4660400
5003300
8195200
7425000
6003200
6053800
8589200
8963800
5266900
8349000
4385600
3927000
27215600
22420100
10871500
6701700
6552900
9309600
4557900
6125000
7648400
4458900
4967400
6365700
20814200
8762500
10202700
8110500
5308100
3713000
5991900
6999500
4387000
7900900
9686200
6623700
6590100
5600400
4332600
5476700
5748900
6189300
6537700
4350100
6528600
7178500
7697300
5246200
5054200
14126000
13689300
10086600
5163800
7373900
6023500
4073800
3731200
3711200
3978000
4591600
10748700
7254500
9256600
4428600
4703600
3999600
4300600
3422400
15961700
6432400
6500200
6732300
7330500
2884300
4503200
3047300
2740800
5088900
7953000
4139100
4326800
4304200
4295400
4173500
6850400
6741300
9658300
5618500
5213600
10260200
4910600
5309800
4965700
5007600
5930800
4461000
6326400
7493300
3400400
4919900
9402600
5729200
7932800
5132500
4417000
6430900
5702600
6266900
4453700
8097900
8898200
6985000
5703900
2887100
3653100
6484100
4880200
4468800
3551300
5718700
8938600
6996900
4622800
4972500
6690700
5867100
3854000
7744100
7350300
10074300
7599700
8072500
13722000
7040800
6605600
6355000
5809200
4395400
6134600
5886900
3862100
3979300
4474200
4019600
3154500
4763700
1889900
5393100
5465300
3832600
6235500
3603500
6459600
4643000
3227000
4514200
3826100
4367900
5742200
6037700
4668100
11544700
6964200
5293900
23082500
7277700
13575900
6671200
4572900
4576400
5455000
5231300
6675100
5282400
4583000
5013800
5628300
6205000
5403900
4683100
4128500
3649300
2965200
4601300
4841900
4911700
6016800
6641400
4962300
5774000
3297600
5659000
5668000
8223100
5984900
3390600
8295900
3811200
3257200
3214300
4258600
5072000
4831600
6208800
4923800
4734300
5509700
5390300
4812800
3740800
5100200
5007600
11285300
5445100
7616900
4929300
5398400
3233300
4228900
3493700
4023400
6672200
6240600
6544400
4426400
3455300
3400200
4185000
5874500
2617200
3228000
3696600
3369400
2826000
3871400
5193400
3395900
3120300
4626600
15812600
6686700
4317900
15179300
5193900
5134400
5902800
3640400
3956900
3952000
6286000
3574200
4072100
3786300
3017400
3161100
2731000
3515500
4418600
5243700
5934300
3763200
2746000
2849700
3529900
3845100
5335400
4331500
4298100
5841400
4708200
6268000
4617900
3041300
3638900
4844100
3533400
5373200
4501900
3523100
4980600
4753000
6445300
3503200
4083500
4213700
2389600
3009300
4084800
3484500
3542100
6599400
3617200
7796100
5094700
2391600
3250600
3277600
2683600
2365000
2617000
3130000
10355800
6123600
3930500
3274800
2711300
4406600
5644400
2999600
3152100
3530900
2685000
2391500
2589700
2600500
2704600
3312800
2743400
4792700
3177000
3209800
3860400
4205600
2753200
3758900
3679000
2724600
1998500
3070900
1867300
2189000
2886500
2330900
1871900
1494800
2548700
2260800
2675400
2448200
4508300
5029700
4708300
4260400
4160700
4497800
3053500
2338500
3043100
3946500
3037100
6074200
3892000
3740900
5192300
3559600
3305900
4190300
4233500
4825200
2527400
5981900
5878800
3624500
3028100
3913700
12155000
6351500
5329600
5443300
7012600
5219000
4038500
4013100
3644100
3774300
3697500
3659700
4149800
4408100
4254600
5922500
7919700
7508300
8455300
4039100
5405800
3516400
3482400
3491700
2481300
4070800
9666800
7922100
4913500
5600000
4087500
1337000
5229600
5981400
6529500
4122300
3283700
3172900
5115200
5384600
7721600
4021200
4061800
5223800
6104600
5668600
7106700
4484700
4235000
4385200
2824000
2417700
3283700
3127200
2828000
2933300
4906300
5435100
4008100
3671000
3902200
3455100
5045300
4194300
3731800
3919700
3642900
4444300
4047900
4085500
5401900
4957200
4675000
6036000
7837700
5815000
5949100
6577700
3694200
5137300
5516100
5179300
4515400
3584700
5341200
3492800
5985100
4746300
3469500
3830000
3677400
4308500
2794400
3328000
4742800
3378000
4198400
3323400
4868200
3978100
8239500
9408500
5558500
3468000
4486700
3970100
3382300
5287800
8967600
3022700
4669700
5302400
3292600
3355000
5404500
4418700
5400600
4399000
5859300
3643200
4360500
3916100
3420500
4897000
5528000
9357800
4586400
6510900
8465100
5122100
5267800
6525200
8272000
5169900
4676400
4795900
5318400
7557600
5036000
6839500
4829400
4703100
6281100
6065900
4499200
5780300
4864400
4465000
3861600
3429800
5199100
5007900
4019500
4464600
5179200
3762400
5047200
2932100
5551600
4223500
3165300
3814500
4064100
11748800
11257000
8293800
7988200
8162400
4898000
6803600
4905600
7370600
3777600
5860600
4283800
6860300
7044000
3512800
5123800
6386100
8062100
4486700
4017200
4709800
6099500
9319200
5937800
5273900
6471900
9087000
14489100
5227500
4759700
4812400
5540800
5200800
4333900
5244400
6752800
4683900
7402200
5361800
5378200
6199500
4514900
5058400
10226400
5902700
8547300
17421600
12759300
6665400
7406200
11185600
6848900
5510600
4519900
5803400
7465400
9425800
7884300
6764400
8607700
6655300
8614600
5643600
6878500
12166600
6233500
12547900
6572300
6922500
7436000
9369100
25124600
7524400
7783700
13572300
12830500
8232500
8828200
9808500
6425800
5636000
7138400
5742600
9187500
7328600
8038000
5966800
5460200
7477900
6891500
10285200
6701900
4939800
4710200
8869200
10984400
11964400
6886400
6204400
4660600
6098100
6599100
18254300
17401100
7612400
10297500
6116900
12334000
9653000
6877100
6847600
6682400
7199800
8585100
6758100
5802400
7016200
4801300
4723500
6450800
2311200
6393500
6594800
8158600
13905500
8186900
6958700
8155500
6290600
5474600
4617000
3962900
5928000
4990100
5615400
7956600
3801800
4172500
4031000
3326600
1930300
3039700
2212000
2530600
4219600
9250100
5990200
6245200
5877100
4659900
7021800
8209000
11593600
4807700
5499100
10550100
9093800
11436800
6944500
9685600
21016500
12358000
7355400
8004200
6988200
7186600
5409500
6852900
7163500
4868600
6444300
4889600
5741200
3421100
5392300
7669400
3963500
4802300
5250300
4323400
3751800
4802800
4262100
5522700
5910300
4566200
5270700
4145000
7942300
6588600
5009600
3991100
6117300
5652900
5235500
5637800
5983900
3983900
5700400
4218100
4451300
3230600
3338600
4430800
2583800
4039100
4020100
5750000
4283000
5667500
4033800
4716800
6109500
5525900
6314200
10711400
6301700
5441100
3408600
5006100
6320500
5687200
7113900
4218300
4864300
4714000
4054700
3975400
4472600
4646200
6408400
4038800
5933100
4813600
4927600
5397100
4066000
3320100
6572400
5374800
6252800
7387900
5207900
9722100
7128000
6168500
4502700
6087800
6745800
4423400
4387300
5780300
5070600
8470300
4131600
5335000
7657900
7856300
6635500
6044900
4129400
5100900
6911000
5239700
3769400
3812300
4593800
8569800
9137200
7905700
1764400
4384600
3668100
4125300
3825300
5715000
5317000
4478800
5022400
12845000
8332100
6201000
4997000
5696300
4144800
8185500
6801400
5281300
5034200
4098700
3914700
5352000
5452000
5142900
2857600
8325100
8927200
4501900
2507100
3550700
4611900
4412800
4143700
3286900
3379700
3346300
3893500
4326000
3064800
3714000
2968300
2957000
2544900
6925900
3903900
5244800
4125400
8451700
11202700
19393300
12759300
9699600
13112200
4902800
5353200
6323500
8466200
5591100
15575300
7559900
14464200
7592700
11915800
14210800
38317900
53013400
86981300
21206500
14783200
8072100
10757300
19023900
24260200
12451400
9875900
15383300
20300800
12769900
12637000
11380200
8889400
6373100
7309000
8921300
10009500
6753600
8055200
7381900
7915600
16560500
7647600
7620300
8642600
10226300
8263400
10242900
7781900
6196800
7821800
8403500
4708400
1877600
7251700
6660800
7239100
6392200
6326900
5170900
6714000
5631500
5775800
7236300
4611700
5350600
5026700
4642600
7394700
5196400
5906800
5868000
5511700
3559600
2226100
3802900
3414800
3300500
7579100
9776100
5701000
4538500
6832800
6374800
5626900
7103000
5377700
9439700
4690400
5116900
4918000
6140200
11019000
10630200
8542300
8262100
5818200
7350900
6086700
4724100
3520900
4016600
3362000
6018400
4946700
5649800
5110800
5361000
4127300
6806600
7022100
5621200
4804000
3857700
5905200
9690200
11700600
10729800
6448300
6868500
7306100
5990100
6853100
6217700
7331500
8612900
6574100
5665500
9813600
4978200
3929600
4548900
6240800
6040700
5300500
4722700
5982800
5264800
4770700
4659500
5775600
3213000
4870000
7927500
5558300
8634100
5691700
9533300
9647200
14330000
6733000
6564200
12582100
6815100
6624200
6984800
6849500
4018000
8216000
6510400
9376900
7951100
4896500
8175600
4710500
6302700
12465900
10294800
7406000
9826300
11052900
13334500
13455300
11852000
9919600
7066400
8137100
4974500
6444300
8187000
7874100
3883200
4921300
6008300
7469600
8293000
11979600
6096600
8642100
7453100
5096100
6414900
5850500
6007300
7595500
4973700
10489500
10828900
8576900
8439800
5495800
6572000
11794500
4829700
6198900
5881800
5002700
6506400
4307600
6588100
6972200
6155500
5487100
5086900
3352500
7519200
5430000
7149500
8704500
17238600
11279000
8493700
8498400
12486900
12158900
7738200
9994700
7281700
10242300
13259000
8513100
6793800
10058200
8208200
10930100
12152000
5143600
5581100
6384800
6666200
5848300
4535200
5773500
6750400
4129700
4083600
5795100
4145500
5867600
5818900
8932700
17275900
7697100
20106400
15606300
11722300
11114400
11841900
8232600
10275600
4712800
13574500
7709300
6750300
7248000
8244300
7950600
5764200
4871400
6022800
4218900
6463400
6543900
7967400
12560300
9406200
9601700
5481800
3710400
8936500
11976700
8997200
8250200
7870900
5832200
6293800
4553700
7662000
6922800
7664700
7026200
7524500
9703100
17443800
10049800
16654300
16885600
8255100
8701800
12450900
10722600
9414700
9121100
4688500
10468900
7532200
10942200
6500000
11931700
10450500
9330500
9485400
6427700
6121900
8786700
12972200
10201300
7731800
6799200
7289000
7369900
6180600
6540100
9803500
2926200
3314100
4189400
5471700
4346000
7858300
6514700
9687500
10784500
10080800
11600400
10767000
33215200
12932700
10107000
13246000
12878400
11754400
16883500
19158300
10305400
12779800
49724500
20685000
13593900
18338600
11656900
6079100
13425000
11636200
11229000
12940600
5904900
9506600
7739000
5610900
6972300
7853300
8007600
5764400
5963300
5236600
9346700
13814900
6969500
7461200
7495800
7887800
7087700
6526200
8053000
17599500
9330900
7407900
11973500
10275000
10530900
10415700
8740500
13075600
7874100
7557800
5240900
8198700
4778800
6452300
13339900
8375000
6786400
7419700
6744800
4893900
7686800
6762800
5331500
3883200
6655700
7441300
5394100
6762700
6179000
10915900
8813400
7197200
7969600
7705100
7821800
8486600
6954300
7353400
5311900
5146500
6222700
7987700
5219400
6268300
6601200
8562500
6108400
5691000
4924600
8618600
7842600
5111000
5778800
5896100
5481600
4506500
5132200
4930300
9189000
7601500
7715900
7365800
11668400
9083100
6613400
6261300
5033700
4520700
5305400
6248700
6060400
10426900
7033900
9697500
8294300
10465900
14277700
12268500
12089100
9864800
5833800
8011800
9710800
10559700
8735000
9801500
7040200
9576300
10214600
9482400
7258000
8614800
9622000
15047600
8440300
7949000
7273300
10151700
7740100
6960100
7167600
6068600
13334700
9689800
12579200
27536700
14801100
13159200
12390700
9297900
5169800
6953500
5645300
4626500
5135300
5611000
5997600
5547000
4890800
5762500
5955700
9658900
10104800
7760100
8913000
10431000
14469800
8683800
13363300
9374700
11333200
15780900
13401200
13208400
13907400
12146400
11455600
8890200
8920800
8277400
12665100
12966800
12381800
10905400
11059100
16078600
15343700
20739700
17219700
33087500
14492500
17389100
13075100
17272200
11572900
8881100
10833400
17950300
13355600
13436300
12073500
13517600
17848100
11118200
11162900
7761600
10601300
8465100
11095900
8600900
8925000
9076000
10940200
15680700
12851700
11272300
12905200
16144600
15883200
20692500
13472900
14759300
9377800
3916400
11077100
10215700
13454300
16996200
17843400
16959100
13459500
11410900
11650300
9827700
7964700
13487700
10869400
11393600
15966600
9064900
7178800
2574800
2410100
5785900
5801000
6230500
8652700
7692900
10855700
7910400
9382300
7150700
8682900
9082600
15340200
12166300
12445800
11930300
10261400
10969400
10266100
14106700
9992800
11110700
9559400
9660800
7652100
8104300
9266600
11066500
10788700
12359600
13322500
9579700
12798000
6976700
9744100
9489500
9524500
13541100
10856700
10903500
11531100
10170800
13381500
13245200
14878300
11618400
15550300
18185800
17924500
17334300
16622700
15302200
11354900
9883400
13657500
12896800
10356000
13789400
10846700
9836100
10880900
11095700
6636500
8702800
9044500
8279200
8797600
7175700
6494800
7128900
5825800
7291800
5506400
8601200
12180300
8563500
11687400
7181800
8925900
12701000
9877400
9941100
8146900
7438000
8888000
11167400
11163900
12988600
12381900
12329300
11227100
13643700
9664600
8466800
8666900
8224700
8267800
8250700
6328800
15246900
10264600
10726600
12256200
10434900
8402400
8060100
7746100
9332000
10424500
10236900
10285700
14756100
7947200
9999800
9316200
7063000
7538200
8714200
7216600
6944300
9602400
7651100
7329300
7297500
7841400
8195100
6641600
7334500
5733500
6970800
7533100
8192600
10771500
7793600
6739400
7057400
6670400
11899500
10080300
9767400
8093200
7748400
9146200
34243500
12337100
7792100
8744700
8002500
13845700
13519700
10607000
11782200
9426200
10248700
8137200
11008600
8713800
7223000
9925900
7705200
10440700
10305500
7963800
5522000
7671200
6638900
7442300
8253300
8462900
8683600
7888500
7785000
6959000
5680000
4877700
7479600
17822200
12450400
12205600
10273400
14272000
17384000
9719900
14364400
9820100
8013300
8589400
9271400
11279900
7784200
7542100
9826300
10006000
8862000
8040800
7164800
7284400
8713600
10227800
8550100
6164500
7580200
8141000
9980400
7560600
7608600
9619500
24641000
7629500
9020300
8336600
8752500
6950800
9878800
7583300
6562000
12294800
11000400
10795100
10517300
7408400
6643100
6417500
9692300
12109900
8589300
6986500
5848400
8850700
6871700
8274400
7602400
3557900
6566200
9614400
10518400
10761500
9497500
9036800
14696700
10911800
8035900
5864400
5632900
4952700
5647100
5418500
9854100
4625700
3418500
5889700
2577300
2389400
2628900
6776100
4495300
5839300
7099000
10551300
7517700
6107300
6081300
7199400
8623000
7095600
9429100
8551500
6996800
11724100
15645900
6382200
9292700
8080800
8560100
7589600
8062700
7271400
13695300
10868400
14007600
6975100
10131500
6161300
7478900
6749800
7090200
5424600
4975800
5622600
4274900
7485700
7579700
8500000
8288400
6320300
6271700
6396100
5958200
8154600
11825600
7126900
6900200
4350400
6601700
5715100
5705600
4818800
6206700
10230100
7386400
8057700
6363700
5705600
5984100
6522600
5093500
5765600
5474200
4875200
3318300
6623700
7141000
5622100
4025000
5652600
6193000
4767200
7876100
7157900
7340300
10738100
7139600
5923700
6035600
8154400
7589400
7357400
6966600
5990600
7240200
9577700
16489600
15280700
10903300
6709900
5655500
5734000
9111400
7467000
6897800
7814300
13571000
12614800
6733300
9257900
11525200
9728000
7164800
5367700
5750400
4402500
7558000
9808400
13565800
8921800
6743600
5367100
4525300
6419900
4548500
7014900
8817900
5203100
5487700
5443200
5942800
8041700
4427700
8715200
7204900
10924400
5280600
5940700
6623200
7871200
4513000
5420800
6072100
4476100
5470100
5981000
5072700
5474300
5734400
6717900
12238900
5525400
6214900
6708400
5131700
5990300
5873100
4946000
4567100
5441500
6775300
8921200
5689700
5478000
5641400
5937300
4935700
7392900
6030800
6950500
5566300
5404300
5846200
6704600
5215600
6592900
4192900
5598100
6746800
5885200
7328100
7188700
6808700
14615200
7483900
7851500
6543500
4549400
5073300
7933500
4211200
5297300
5141600
5921600
5843400
5957400
7047500
4668100
7237700
7192400
3900300
5680000
4732700
4477200
4118200
3653400
4703500
4370700
6616400
6259200
5375200
5226000
6420300
7697000
4224000
4103000
4030200
8459200
5346300
4335000
4957800
3701400
4060500
5607000
5243200
4865700
4534300
4009900
4438900
4946900
3741600
6751400
5272800
11083200
10866000
10939500
5460400
4465100
2576700
4977600
5558300
5323300
4994400
3611200
3113700
7729000
9359700
10593300
5321100
6926500
6040400
6125800
6483700
8998800
4759200
4286100
3518100
2862600
2612600
2962900
3583900
2565000
2485100
8019700
36471600
17904000
11717100
11271900
11338600
8658800
10378500
14512600
10570000
11228500
10696700
8290300
9825900
16395500
6959800
6669000
7610900
9083500
6372400
8468900
5841900
11126100
9699700
11618600
11855200
5845000
5437100
4597900
4512800
3823000
4058200
4338400
5446900
7034000
7034000
7297100
6499000
11324600
9067200
7835300
7390100
5416400
7954100
8950300
5337800
8157900
4448900
7988500
6933600
10583900
6126100
9184100
5353700
4498800
5057900
4306800
4652000
3081600
3008700
3479500
4505700
3889000
3283100
4274100
5657400
5414400
3693100
3940500
4769000
4862700
3488700
4605700
4937700
4810600
7964800
9424100
3831600
4900000
5745100
3991900
4500000
4021700
4446300
5493400
6407800
6076200
6284700
4375800
4304800
6400000
5220900
6244100
6471600
4373100
5909600
4790700
6550800
6309900
6589800
7160900
5443300
7161400
5700100
4764400
5752100
6132800
7248900
7867600
4540200
5466200
4376000
5246300
5353600
5258800
7279500
4792800
5818300
4543200
6677400
6467700
4528800
8545100
7181000
4968000
5829700
5093000
5810300
6072300
5200100
5288300
5498200
6545200
6764400
5892000
5408100
4672200
4114100
6107200
11408600
5346000
4729100
6668100
4864300
5707000
4400300
5604800
7635100
10708800
12502600
14499500
15364200
13493400
11112100
6531200
6470400
5627300
5407500
11373500
11686500
7087900
6617100
8174400
8671900
5958600
6261700
6311800
9168400
5475400
5250800
7198400
7065300
7330000
18444800
8271000
6598700
7666600
6755100
7594500
6471600
7942200
5777500
10785600
7614900
7515500
8043200
7027800
8145900
8776100
9185600
10700000
7730400
5861000
5509200
5136400
6868200
7847900
4990800
3702300
4321700
4864000
5681700
6969800
12081700
6653900
6465700
7046500
7004300
4942400
4544600
6503500
5421700
5245400
5612500
4646700
7195500
6666000
4189400
4425500
3232200
5577300
3915600
5435000
4791500
5869400
4695700
4555800
2452400
6101200
5648300
7683300
4860300
4023100
5906900
5346500
5137800
8123000
5721200
5804900
6862400
6347200
5558600
8867300
5169500
5981100
5414500
4752500
3516800
3052100
3111600
3986200
2957200
8895900
6754700
8163800
6775300
4433700
5075400
4622500
4022700
4134800
4555800
4844500
4763300
5630400
6059700
11654100
7544000
4607100
5135000
6104900
6574200
6141300
3984000
5600900
3486600
6029900
5433600
3608800
3874700
2971100
3520800
5260500
3996300
4931700
4474800
3918900
4166500
3661800
4044500
4365800
5461000
4086100
4311700
6313200
6713900
5873500
16841200
7808700
4503100
6350900
7209100
5768200
7337000
4634500
4757100
6038600
7721200
6041500
5644100
4877500
5055400
4103600
4429500
4603000
5422200
7768300
5469400
6712700
7581600
6366600
5763900
5223700
6236300
7592700
5388700
13939100
11021200
5217500
6223800
5699600
4741200
7373300
4507200
5297900
4348300
3935200
4688500
5089700
12379500
8975700
7129500
5366500
6050000
4890300
4949100
9094100
7990700
6622500
5063400
4236500
5010000
3681300
5380300
5375600
6816400
10832500
7035200
7237300
5936000
8321500
12060100
9511900
7762000
8838500
7646300
9516800
6343400
7601600
7917500
5762200
5325400
4524400
4488500
5940300
4922600
6364700
5088100
4597000
5794300
4533200
3785000
6615500
6230300
11741900
6163500
3601300
3753800
5962700
7430800
7269800
12127900
7036800
4262200
4517500
5932500
4431600
4596900
4133600
4332700
4873000
3490200
5341900
14424800
6023500
5747400
4308100
3828200
4346200
5568000
6704300
4823500
4414200
4269000
3005900
3508000
4313800
4428700
4292200
4567900
6063800
4287000
3597800
5925100
4889600
5008200
5595500
5363400
5666500
6395000
5294600
5272900
3979900
3981400
7247700
3722000
4714600
4392000
3840400
9523600
4939800
5979500
6337400
4478300
4166200
3894900
7048900
6712100
4274400
3411100
5630700
4678900
5623700
6817600
19495400
8142400
7763800
6498000
4978800
7684500
6899300
7374900
7908400
5039100
5581600
5971900
11398400
11030400
4101900
4842300
8157000
7639100
6909300
5559800
5822800
3900700
2474400
5619200
4633200
7155400
4873900
7369800
6638100
6109700
5349700
6580200
8086500
9276400
7333000
4219500
4639700
4364600
5956500
5340500
5152900
4298900
10730000
2375000
3054000
4576600
3725600
6236600
7377200
5473500
5374100
5820900
6285200
4822100
4393300
3692600
3828100
3910400
2925800
4044600
5579900
6967300
9368000
5157200
5461600
4564600
4929700
4657600
5740500
5481100
5933300
4952800
4482700
5619600
5331600
3557600
4526900
6663100
5360900
5094100
4401900
4023800
4424600
4421300
9028000
6451100
4326800
3967600
3823200
4636900
5643000
5052000
4566400
8838100
4853400
3856000
3896600
3649900
6388000
3934500
4648500
3534900
3523400
4160000
4932500
4434000
4401700
3954700
3155800
5136800
4454400
5860600
5693000
4163600
3690400
3159400
4049400
5714000
5643600
3199300
4191500
5696900
8227700
5620500
5753500
4593000
3529400
3113600
3417700
4205200
2720100
3821100
4109400
3314200
4304200
5228800
10628500
5036900
3154100
3810800
3402600
4251800
4015300
2233100
4078600
4648200
13743100
13161000
14083800
8770700
8028900
5443400
4224000
4902300
5394800
5817300
5036800
5718400
4812800
4485200
2927800
3351100
4884800
3340100
3518200
5550100
7227000
4244500
3211300
3585500
4497100
5386400
4053500
3850500
1676300
3933900
4064300
4120100
3532400
4064100
4766800
4480700
4406200
5377400
3401600
4508300
13209600
6989300
5197900
4208100
4561600
3592500
4127400
5343000
3954600
3224300
3326400
3507200
3256400
4862300
4041800
3256800
5188300
5448700
4207500
3324000
3126200
2827800
3430600
15364400
12274200
3060000
4513100
5482500
4796600
3993000
3672100
2898800
4275300
4485800
3525200
4984300
3928600
4277300
2668700
3490900
3256900
4279600
6430800
8077000
3301600
4810300
4053200
3604900
3533100
4404500
3240700
7250300
4855700
3047700
3037100
3643900
5159400
4531000
4132600
3429700
5878900
4708700
3860500
7286100
9137700
5144000
4581200
3640900
3055900
3836400
3975100
3404300
4271300
5127300
5023900
4338200
4365900
4921000
5052400
2573800
3845000
4164800
6594200
7096800
4966700
3836600
3815100
12884800
16495500
20420800
5517400
3501500
2920300
4810000
4851900
4951300
5076500
5811200
5056100
4190600
5194500
5719900
3277500
4868100
4460300
5526800
5476500
8039500
3296300
1155900
1978300
1987100
2293000
2560900
2925800
2965300
5022700
4881800
7669800
7709000
5512200
5753200
3842200
3560600
5058000
5975300
6462700
4976400
7146000
6944800
6607600
3682800
8013500
4987400
5972500
6904700
6300400
4958900
5356900
6591200
6968200
5343500
4268900
3617900
3532900
5454200
4505500
2975000
5284300
4472200
4233600
4265900
4179600
5104700
5149300
4655200
3913300
4362900
3724000
4388900
16354400
6701700
5480200
5510700
5554300
3269500
5556900
4242600
12625800
6393000
4929800
4127000
3756000
4344100
4853300
4494000
3701200
2575700
5409000
5994600
5579500
3669500
8873000
6553600
6155900
5882400
3532700
4545200
6357000
8934300
4179100
4764900
5047100
7444500
6626100
4519800
3531400
4934000
3483500
3075100
4322600
3384500
3649400
3817400
3955400
3826300
3810800
5081000
3859800
3123700
2735600
3376000
4174300
5093200
8930700
4123700
4232800
3001400
3363500
3589200
2407800
2955500
3802600
5961200
6606100
5609100
4014600
4038600
6479700
5441200
3372200
5418100
2919000
4586400
3662000
2783200
2785500
4265700
3787700
3216700
2295800
3951700
3115100
5604900
3274900
2812500
4159900
3787000
7128700
4099100
4044900
6510600
12398100
9483200
7781700
4992500
4863100
6712700
6049800
6826000
4576400
7652700
5494800
3728000
3261100
6505900
4288400
3235900
3599900
5644500
4281300
4398800
3331700
4150400
5981600
3586900
4614300
6392400
9027300
5492400
4635100
6727100
4855300
4849800
4004600
5251900
9795200
12031400
5960100
8033100
6255000
5826200
5738600
5488900
9027300
4765300
4702700
7770100
4569100
3454400
16455900
10012300
5334600
4116000
3948600
4258000
6093800
5586600
5068600
5844900
6173800
5539500
10468500
7526400
7062900
5403200
11404600
6439500
5966700
5256600
4071100
5083000
5295900
3954500
6795900
4064900
5802200
4123800
3597300
4674600
5112200
3414000
2725700
4099800
7793400
3596500
6258600
6631300
4551600
