2.08709095594
-1.59736308316
1.44032921811
-2.5075225677
-0.449326010984
-2.29268292683
-4.09356725146
1.03994327582
-0.704060079793
2.67469879518
-2.07645115621
-0.422932330827
3.653190453
3.94936708861
-0.778698819392
11.3566433566
-4.97076023392
2.36734693878
-1.68539325843
2.07536865101
3.15492957746
1.42857142857
-0.341685649203
0.515168860904
-3.77306527128
1.19843924192
1.07042253521
1.60274756726
3.12868949233
0.385185185185
1.10844817256
-1.0962962963
3.84615384615
0.588053234293
-0.950337216432
3.95156150414
1.22580645161
-0.385604113111
-1.9842519685
1.6
1.1981865285
-4.42587434231
2.37642585551
5.62248995984
-2.82926829268
-3.90625
0.787401574803
-2.12700369914
6.3606557377
-6.15384615385
-4.58015267176
0.739426205265
-2.17013888889
-1.95744680851
0.0
0.170502983802
1.09164033324
0.172661870504
-1.05353075171
-4.59114371095
-2.15311004785
0.642054574639
-2.90909090909
-0.0778614066961
-0.0778008298755
4.21621621622
0.0
1.70423309511
-3.47572300345
3.80060589369
6.41852286049
1.66865315852
-0.385871178391
3.66153846154
-1.69388989716
-7.67941915666
-8.17948717949
0.645161290323
-0.334362139918
0.180365885081
1.97057277982
-2.10905349794
-0.791018116867
5.03886357545
4.36363636364
0.168114317736
-0.335101926836
-3.21621621622
-4.19471776282
1.12594920136
1.67731629393
-1.64964650432
-2.55167134473
0.332821300563
1.13930605904
2.14229039937
-2.75205761317
-0.613496932515
0.954838709677
3.85955507907
-1.16556291391
3.25492341357
2.09438704273
0.533408197642
-1.38427464009
1.74647887324
1.08200455581
0.688073394495
-1.58013544018
4.60448642267
3.86266094421
0.741198270537
1.9842519685
-1.15193026152
2.58703289684
-0.603174603175
0.0
0.606834877036
-0.413486005089
-3.61741263029
-2.45215311005
2.29427959621
1.45872129112
3.104
-5.13054037644
1.35384615385
2.16912920465
-1.18049083566
-0.953846153846
0.77519379845
-0.952088452088
1.75
1.5873015873
0.38240917782
0.223570744171
0.0
-0.223072020395
-0.978226569896
2.62305699482
2.0826446281
-3.38549984031
-1.19911644052
-1.55327741535
0.59375
0.978226569896
-2.85101164929
-2.45215311005
0.571428571429
-0.389454763331
-0.920154348471
0.567164179104
2.4778219639
-0.365742151783
-1.88397129187
0.390273191234
2.68187422935
0.185299567634
3.616
-0.982256020279
0.0
0.798466943469
0.384738698301
2.66622778144
0.0
0.0
-0.197109067017
0.19749835418
1.6393442623
1.11637347767
-0.437857864601
-1.42762284197
2.10169491525
2.60869565217
1.30373502467
-2.13793103448
6.65685913939
-0.220183486239
-2.67857142857
-1.75438596491
2.22381635581
0.686168291802
2.55555555556
-5.89055420007
-2.54755434783
-1.47255689424
0.0
0.0
-1.02683007618
0.43246839654
-0.628099173554
0.833333333333
-0.398406374502
0.803212851406
-0.59880239521
0.400801603206
-0.2
5.70824524313
-1.73130193906
-0.413793103448
3.57142857143
-0.213827512473
0.6456241033
-1.30973451327
-2.98763736264
0.0
0.413793103448
0.207325501037
-2.72268907563
-4.61686437961
0.612903225806
-1.96078431373
-1.00187852223
-1.35886349599
1.1875
0.787401574803
0.411132194813
-0.409448818898
-3.96249243799
0.0
-1.13636363636
0.390273191234
1.8966044662
-2.24282296651
-0.179104477612
-1.29640542133
-0.905109489051
1.66221430692
5.47902316844
2.208
-3.84615384615
1.94479297365
3.03813833226
-1.5903307888
3.08196721311
2.97096556381
-2.0826446281
2.54237288136
-1.46960587842
-3.04404145078
-0.771208226221
-1.39416983523
0.190476190476
-2.5069637883
-1.73357664234
4.78011472275
-4.00734169471
0.0
0.584615384615
-1.87198067633
-2.24321133412
-0.352941176471
1.49253731343
-0.563965568418
2.09090909091
0.182149362477
-0.181818181818
-0.181488203267
-0.391684242242
1.5295197308
-2.76621058894
-1.46541617819
-1.64312481983
3.18262938727
2.46875952454
-2.05970149254
1.88564476886
6.71859785784
4.22868741543
1.93103448276
-1.76151761518
0.237691001698
0.340715502555
1.10230795729
-1.35915732246
0.238419618529
-2.2311022311
2.59651520328
-0.238582140423
-1.41129032258
-0.234663090848
-0.566666666667
2.5641025641
-2.75930851064
-0.463269358041
-0.722733245729
2.56064690027
-1.26413838989
-0.199203187251
0.803212851406
-0.565723793677
2.21088435374
0.65046217049
1.24783362218
1.01540616246
-1.00519930676
1.58450704225
-3.07167235495
1.20898100173
3.17177476835
0.935251798561
0.907441016334
1.13803230543
2.79245283019
0.454890068234
2.3670935196
0.46783625731
2.15053763441
0.44
-1.18577075099
-0.1184366364
0.197784810127
-4.5677614194
-0.225988700565
-0.337837837838
3.29585110508
-1.14986584898
0.346153846154
-0.952380952381
-1.64855751218
-1.14814814815
1.0101010101
-0.595016734846
-1.21234386481
0.184026499816
-1.16405965806
0.0728066982162
1.40273163529
0.482195845697
0.447093889717
-0.592592592593
-0.0740192450037
-0.331980818886
-1.41818181818
-1.00791936645
0.834845735027
2.41635687732
0.298284862043
0.186776242062
0.828625235405
-2.38970588235
1.07766629506
-2.99206921413
-0.036036036036
0.909090909091
-0.72202166065
-2.80701754386
-4.36241610738
-0.20093770931
-2.09836065574
0.859788359788
-1.69050715215
0.819403474271
-0.780487804878
0.19550342131
1.35402906209
1.91854594413
1.64214847759
-0.612036722203
-0.976430976431
-0.635664101706
1.49405772496
-1.53794717486
0.335457900034
-0.633333333333
0.133511348465
4.49947680502
0.59649122807
1.06382978723
-0.0708717221828
-1.46648044693
1.84921763869
1.15107913669
0.944081336238
0.109051254089
-0.614161849711
2.29120473023
-1.24087591241
0.587371512482
0.665188470067
1.9209039548
-0.0752728641325
-1.22676579926
0.975975975976
-1.33333333333
-2.35081374322
0.0723850886717
-0.324675324675
0.072202166065
0.108420672208
0.545058139535
-0.90025207058
-2.183867559
-3.10580204778
1.27894918769
1.0125698324
-0.899653979239
-0.823610157859
-0.816882232811
0.789022298456
0.482592209583
0.729166666667
0.0
1.33708655876
0.459526334394
0.711997152011
0.249821556031
0.10718113612
-1.755001755
-4.07407407407
-1.0
-0.166389351082
0.166666666667
-0.826446280992
-1.9130998703
1.14791734995
0.726792203502
1.27132820341
-0.366666666667
-0.0666222518321
-0.0333000333
-2.43664717349
0.0975609756098
1.15131578947
1.46862483311
3.59612724758
1.90274841438
1.32095680114
-1.71929824561
4.12860796493
1.07090103397
1.34730538922
1.44267274108
0.342857142857
-2.77777777778
-0.515843773029
-0.695206732528
-1.04996379435
-3.59511343805
-0.967853439336
0.138456213223
1.86882933709
-1.49357415769
-2.24108658744
-1.99667221298
1.8989487962
-0.0677736360556
-0.639730639731
1.02040816327
0.547195622435
2.30930720784
0.633802816901
2.67534345625
-1.17899249732
-1.26984126984
-2.0725388601
6.12170087977
4.9634474798
-0.306866129651
-0.496183206107
-2.20231429638
0.0373412994772
-0.814814814815
-0.0740192450037
2.73764258555
-1.05342362679
-0.67264573991
-2.54916241806
-0.290486564996
-2.89139633286
1.24955373081
0.538406317301
2.35121234386
0.147167034584
-1.23546511628
0.43795620438
1.40636565507
0.971599402093
-0.111982082867
-0.186289120715
0.449101796407
-0.55824339412
-2.21979621543
-0.506879073135
2.67657992565
-0.444115470022
1.96226415094
3.35413416537
0.0
-4.32835820896
2.83960092095
-1.28787878788
0.878868933894
2.02729044834
-0.965250965251
0.193423597679
-0.95785440613
-2.3569023569
0.488721804511
0.491122024934
-0.0755001887505
-1.11982082867
-0.741015190811
-0.772058823529
-0.584795321637
1.78571428571
0.261096605744
1.78435839028
1.22982321291
-0.687022900763
0.537221795856
-1.58610271903
0.189178963299
-1.38059701493
-2.1897810219
3.51341140914
3.31772053084
-2.88097043215
0.4569687738
-2.70470544646
-0.699043414275
2.06533984228
0.112781954887
-2.20588235294
0.0367782272894
0.480413895048
1.27245508982
-1.03703703704
0.558659217877
-0.297066468622
0.260610573343
0.411214953271
2.09923664122
-2.85502410085
1.69683257919
-1.59554730983
0.48471290082
1.20754716981
0.454890068234
1.07279693487
-0.267481849446
-2.53258845438
-2.78783490224
-1.5680684248
1.15356885364
-0.60910068076
0.0358422939068
-1.5873015873
1.61290322581
-0.88809946714
-1.98467966574
0.98452883263
-1.25
0.173913043478
0.174216027875
3.79746835443
1.57972079353
-0.982175336486
-1.61059413028
0.684684684685
1.83486238532
-0.909090909091
0.0363768643143
-1.079525009
-1.97530864198
-0.4914004914
1.20781527531
0.715563506261
0.866113316492
-0.323741007194
1.4598540146
-0.363636363636
1.25184094256
-5.10132774284
0.0699300699301
0.350877192982
-0.938477580813
0.947368421053
0.600070596541
0.35423308537
0.0708968450904
-0.669014084507
-0.280898876405
-0.0701754385965
-2.69716626835
0.652920962199
-0.376583361862
1.14265927978
-1.36612021858
-1.77792687018
-1.97303518579
1.43428952635
-0.266134397871
0.3003003003
-0.133288903699
-0.39827414537
-0.888157894737
-0.815660685155
0.822368421053
0.462656972902
0.364842454395
0.466511162946
0.806180718844
-0.567802271209
1.49152542373
0.751366120219
-2.36745581861
-0.0333333333333
0.233879051119
-1.25371164632
1.71140939597
0.168067226891
-0.20127474002
2.36950549451
-2.34741784038
0.0671140939597
-0.600400266845
1.55826558266
1.79310344828
-0.548696844993
0.378657487091
0.938151494093
0.383676316707
0.773286467487
1.24555160142
1.4074341393
1.0207801677
-1.47270114943
-0.215053763441
0.359712230216
-1.03239587042
2.55567725447
0.995575221239
2.14689265537
1.91938579655
1.36186770428
2.34966148945
3.88911874224
3.7339055794
-2.26510067114
0.294488851493
8.78718535469
-6.98169433802
-4.82171799028
0.734693877551
-1.0101010101
1.68447000822
2.26890756303
-0.167785234899
3.74238468233
-1.62671232877
3.82222222222
-1.14235500879
-0.698080279232
1.14739629303
-1.47826086957
-4.80132450331
1.51260504202
-3.29134498171
0.984817398441
-0.611745513866
0.491803278689
1.03519668737
0.792988313856
0.461215932914
1.1879507849
-1.0079798404
0.210437710438
3.16977854972
3.55215827338
1.22894856623
2.85580524345
-0.41958041958
0.704225352113
-0.187441424555
5.07139340226
-1.07160253288
-5.34808667589
14.7012162877
4.12995594714
1.73669467787
-0.557103064067
-1.1563876652
1.45251396648
-1.10497237569
-1.89701897019
0.435492651062
4.02038505096
-3.39168490153
0.494777350192
2.24845418775
1.65714285714
0.286532951289
-0.626423690205
6.038647343
-3.552708212
-4.45186421814
0.0
-0.498338870432
3.2
-1.85081323612
2.00228832952
-4.48087431694
-3.43007915567
-1.55844155844
2.88615713522
1.13513513514
0.982532751092
-0.542888165038
1.20879120879
0.496963003865
-0.110314396029
-1.62778079219
-2.6413100898
-0.682056663169
-1.29466597618
8.54412591343
4.0959625512
0.0
-0.349854227405
-0.867052023121
-0.460299194476
-2.08450704225
-0.504484304933
-1.16343490305
-3.47593582888
0.321888412017
2.24904004388
0.0548847420417
-1.51351351351
0.0
-1.28068303095
2.74122807018
-0.707675557975
-2.18317358892
4.50751252087
3.27586206897
0.28818443804
0.872093023256
-1.14942528736
0.346020761246
-0.230149597238
8.69293308318
0.187969924812
2.04603580563
-0.698412698413
1.28617363344
0.452196382429
-0.641848523748
0.516129032258
-1.5873015873
-2.05223880597
-2.83987915408
2.66749379653
-3.18318318318
-0.119976004799
-1.00950118765
-0.177830468287
-2.14617169374
-0.519330640508
2.18160377358
1.61773517076
5.29968454259
2.58899676375
0.717079530639
-0.130208333333
2.4
0.671140939597
1.36054421769
0.204498977505
2.01668984701
-0.553250345781
1.54494382022
-1.92837465565
1.53846153846
1.70697012802
2.77777777778
0.959409594096
-1.09489051095
-1.43884892086
0.506146059291
1.91599115696
-0.367107195301
1.26394052045
-0.37037037037
0.896860986547
-1.47275405007
2.33609645818
0.912547528517
2.65417642467
-3.32075471698
-2.64511388685
3.18423047763
2.16886134779
1.09631949883
1.26883425852
-1.63806552262
2.56
0.240577385726
0.726978998384
-3.28125
-5.46528803545
-1.16788321168
-4.26275331936
-1.78448867536
1.32127955494
-1.84300341297
4.41910192445
-0.918079096045
-0.49191848208
-1.86206896552
-2.29110512129
2.62793914246
2.91814946619
-1.88547486034
1.70454545455
-3.23024054983
-7.91139240506
-0.252525252525
2.1935483871
-1.89873417722
0.126742712294
0.509554140127
-0.946372239748
0.634920634921
-1.5625
-0.0624609618988
-0.249221183801
1.261829653
-0.439698492462
0.695762175838
-6.6154754873
-2.02546296296
1.05263157895
-0.34965034965
-2.44457077885
0.571755288736
-2.18120805369
2.81771132835
0.811594202899
-1.8771331058
-3.88190267906
0.109469074986
-1.5625
-0.215053763441
0.431965442765
1.98237885463
7.13864306785
-2.02312138728
-1.14285714286
-1.68539325843
0.168823860439
-2.6834611172
-0.436205016358
-2.08222103577
-0.899470899471
-1.40845070423
0.947867298578
-1.50414937759
-8.45204178538
0.910397700048
-3.69173973235
0.138632162662
0.0925069380203
0.745573159366
-3.33333333333
0.0
0.680272108844
2.27272727273
-2.08900999092
-1.56459544032
-0.710164225477
1.30395683453
-0.935412026726
0.357621814931
1.40525838622
0.546946216955
-3.43309859155
0.442086648983
-1.22270742358
0.438596491228
-0.218818380744
2.65049415993
-1.4171833481
3.01094890511
3.98481973435
-0.189393939394
3.07467057101
-4.20757363254
2.49161475803
-0.996204933586
-0.612918434701
0.61669829222
-1.67910447761
0.846660395108
-4.01805869074
-1.11607142857
-2.65102129509
0.174140182847
1.72719220549
2.63636363636
0.824931255729
-1.08794197643
-7.66010883215
0.547138047138
-0.126103404792
2.67587397497
0.958605664488
-0.130548302872
1.14436619718
-0.699300699301
-0.521739130435
2.22222222222
2.50569476082
-1.12612612613
-0.448430493274
-1.1524822695
0.939597315436
-0.312221231044
-0.355555555556
-0.837373292199
-2.99273193673
0.386266094421
-0.214132762313
-1.01738024587
1.68103448276
-2.10970464135
0.936967632027
-0.0425713069391
-1.09473684211
0.0
-0.669176076955
-0.0418060200669
1.22725349132
-1.12970711297
-0.125365649812
2.44006849315
-1.01694915254
-0.54782975137
0.807136788445
-2.76745146634
-0.288303130148
0.0824402308326
0.663900414938
-2.50809061489
2.3602484472
-0.247831474597
-0.329353643475
-0.77614379085
0.369003690037
1.96488294314
-0.333333333333
-0.621118012422
-0.124069478908
1.85341196293
-0.669456066946
-0.416666666667
-0.785448532451
-0.247422680412
-1.42276422764
-0.0406338886631
-0.485240598463
-1.08
-1.53603781016
-2.75756415167
-0.152963671128
0.654349499615
-0.115340253749
0.0384615384615
-0.383141762452
-0.533536585366
0.652090525508
1.51869158879
2.72
1.21457489879
0.202839756592
-0.121555915721
-1.16139367241
-2.61310452418
-0.465838509317
1.45726664041
-0.936402653141
-2.73244781784
-0.490936555891
0.0755857898715
-0.376506024096
2.193151212
1.44418423107
0.786782061369
-0.508806262231
-0.968992248062
0.077579519007
1.41620771046
2.17041800643
1.55102040816
-1.2494961709
2.0987654321
-3.41812400636
-0.474683544304
5.50918196995
-0.539643005396
-2.07317073171
-0.726392251816
-0.201369311317
0.161355385236
-0.958849380743
-1.184366364
-0.314836678473
-0.352941176471
1.3916500994
0.15929908403
1.90746753247
-1.71519744715
-0.318091451292
-0.632161201106
0.556217719507
-1.37147335423
0.512012603387
0.554455445545
-0.118670886076
-0.667976424361
2.37329042639
-2.50980392157
-0.932400932401
-0.961908426318
-0.611854684512
-0.984475577433
-1.0861423221
-1.69366715758
0.929022668153
0.485436893204
-0.998151571165
1.3868065967
0.18775816748
-1.37037037037
-0.184842883549
-0.733944954128
0.331369661267
-2.19661505221
0.506695620702
-1.10952040086
-1.27208480565
0.0
-0.387187609996
-0.0351864883885
-1.62686050537
0.173370319001
-3.38358458961
1.84237461617
1.13871635611
0.242130750605
0.731707317073
-1.06859703551
1.9683655536
-0.732728541521
-0.1393728223
2.42683797288
-0.284697508897
-0.881834215168
2.12536023055
0.216606498195
-2.63620386643
2.08109077861
-2.10748155954
-0.6629448709
0.315015750788
-1.1760636458
-0.103662750518
-1.43051771117
1.20648052396
0.38062283737
0.80223229857
-1.20606478291
2.65298903431
4.7037037037
0.259933160045
-1.93008011653
2.65420560748
0.75329566855
-1.48423005566
-1.64233576642
0.219458668617
0.0732064421669
0.441176470588
-1.48496921405
1.58204562178
-0.183621006243
-1.90922190202
0.543281419775
-0.719165767709
1.9801980198
2.09659303632
0.262762762763
0.718336483932
1.45761411584
-0.0766577232656
-0.305693542224
1.15964437572
0.310197751066
0.155339805825
1.73844330304
-0.550098231827
0.394477317554
-0.392927308448
-1.16504854369
-1.97944423297
-0.492424242424
-0.264450321118
0.151343170639
-0.339366515837
-1.26582278481
0.939496429914
-0.856929955291
0.978179082017
-1.73752310536
0.185185185185
1.19940029985
-0.112317484088
-0.0374251497006
-0.74294205052
0.223380491437
-0.148698884758
-0.774621910734
0.110782865583
0.333456835865
1.5425131678
0.64369556986
1.57692307692
-1.17825921703
0.72741194487
-0.0382701875239
-1.09765329296
-0.301886792453
-0.0377216144851
-1.15585384042
0.524737631184
-3.99424253329
-0.429953421713
0.359582883855
-0.429645542428
-0.816761363636
1.80766449747
0.326441784548
1.8094534712
0.370644922165
-1.85522008003
0.659099231051
0.256975036711
-0.945454545455
0.145666423889
0.770642201835
0.331369661267
1.04166666667
2.05011389522
0.688073394495
-2.16903515333
1.48007590133
1.93423597679
0.15497869043
0.233009708738
-2.35115661737
-0.415407854985
-0.451127819549
-1.73623937939
1.61411411411
-0.855973204317
-0.296846011132
-0.553505535055
-0.257637099742
0.62962962963
-0.0740192450037
-0.625229863921
-1.09130592943
-0.972622478386
1.38787436085
-0.436363636364
0.218658892128
1.44177449168
-0.441663599558
-1.55797101449
0.254268071195
-0.217470097862
-0.289121792555
0.728066982162
-1.0803024847
2.81377267679
-0.478997789241
-1.66666666667
-1.21689334288
-0.071530758226
0.250986016493
-0.49946485908
-0.390902629709
0.5
0.214745884037
0.359195402299
-0.322234156821
-0.0357909806729
0.939306358382
0.471869328494
-4.53915453915
-0.756533700138
0.310451879959
-0.719178082192
0.689655172414
0.694444444444
0.981767180926
0.0
0.493305144468
-1.69726359543
-1.09626584447
0.551153978643
-0.41166380789
-1.45368492224
1.33607399794
-0.409416581372
-1.07998650017
-1.43047238856
-0.46357615894
0.0662690523525
0.532978014657
-0.858652575958
-0.72131147541
0.262984878369
1.02955828628
-0.953947368421
1.50250417362
2.21843003413
-0.272294077604
-2.39202657807
-0.986842105263
-0.556100752372
-0.585365853659
0.0325309043591
-1.50592758731
-0.6683640993
0.447570332481
0.643500643501
-0.448430493274
-0.888888888889
-0.881057268722
0.410742496051
-1.03189493433
0.219366969602
-1.63378545006
-0.673606858543
0.368776889982
0.463105896882
-0.613685179503
0.215252152522
0.587689452521
0.559875583204
-0.955021565003
-0.21518598217
0.463248919086
0.998128509046
0.754242614708
-0.810473815461
0.785422557336
-0.779301745636
0.658926890493
0.631512472371
1.83279742765
-0.765794511806
1.45678213014
-1.34142446503
-0.917721518987
-0.0632511068944
0.540540540541
0.64
-1.54379332073
-0.626174076393
-0.156298843389
-0.404732254047
0.375
-1.20407533189
1.28205128205
0.661000944287
-0.904553961323
-1.56585815167
-0.640634533252
1.11042566317
1.4075695965
-0.404984423676
-0.46511627907
-1.10395584177
-1.65862484922
1.71779141104
0.960049550945
-0.123724095268
1.18935837246
-1.51048088779
-0.643185298622
-1.00060642814
-0.302297460701
-0.750075007501
0.150240384615
-0.389105058366
-1.61955241461
-0.730780473546
2.18040621266
2.9203811866
-0.671755725191
0.490948143602
-1.12257281553
1.63428923836
0.340346534653
1.63522012579
-0.313479623824
0.694444444444
0.731319554849
0.0
-0.411652944902
0.158579130986
1.64410058027
-1.99052132701
1.63776493256
0.451612903226
0.0322684737012
-0.704902274912
-0.889171165449
0.063552589768
1.05973025048
1.1038961039
-0.323624595469
-1.02498398463
1.49544863459
1.51815181518
0.664451827243
-0.26507620941
0.801603206413
0.301507537688
-0.698602794411
-0.726552179657
0.933333333333
-0.53050397878
1.85748058088
1.02354145343
-0.879269529929
-0.771812080537
-1.09525389977
0.63460253841
1.90605854323
-2.45683930943
0.0664451827243
0.837520938023
0.235057085292
0.43844856661
-0.769745649264
-0.3003003003
-1.99476782211
-1.25928317727
0.0969618616677
-1.21328224777
1.45772594752
-0.0647458724506
-1.87420584498
0.703774792067
1.03425985779
-0.257898130239
-0.321336760925
1.99934447722
0.328839197632
2.84071694285
1.16318850496
0.862663906142
-1.86251269895
1.44280316043
-0.648464163823
1.20898100173
-0.617919670443
0.448275862069
-0.20646937371
0.068870523416
0.0689179875948
1.57507875394
1.02545968883
0.426136363636
-0.28328611898
1.18237190971
0.576576576577
-0.680028632785
-0.107257776189
0.974729241877
-1.07142857143
-2.2687609075
-1.10459095616
-0.651577503429
-1.4531936465
-0.0337837837838
-4.48531784447
0.291262135922
0.162074554295
-0.161812297735
0.389863547758
-0.517129928895
1.04506858263
0.856389986825
0.93085106383
-0.660501981506
-2.85530959256
-0.0320718409237
-0.952986022872
-0.442757748261
1.34615384615
-0.319488817891
-2.61356565028
-0.924784217016
-0.795107033639
-5.7365234938
4.33082706767
-1.04166666667
1.29635212541
-2.06672571597
1.43755615454
0.0299580587178
0.270351456894
0.756658595642
0.18192844148
-0.960960960961
-0.537634408602
0.934579439252
2.37654320988
-0.154083204931
2.85261489699
-1.09717868339
-2.32700551133
-3.08605341246
0.988912196584
-2.2554188635
1.00591715976
2.05314009662
2.34857849197
-3.25859491779
-2.30724299065
2.20895522388
2.6977314531
3.81922342457
-5.04684194621
1.37867647059
-1.86410102225
0.757346258709
-0.271903323263
-1.13500597372
-0.0298596595999
-1.12193681724
3.01094890511
0.0913242009132
0.366636113657
1.58286778399
-0.371057513915
0.0
2.11556678244
-1.1856474259
-0.835396039604
-1.1620795107
0.708346165691
-3.62125259721
3.98148148148
-0.246305418719
-1.93236714976
0.363636363636
2.13556174559
2.4088748019
-2.29173118613
2.1835443038
-0.535096002518
-1.51890886547
-2.91904905206
-0.598265031409
-0.80118694362
-0.882352941176
2.0102010201
0.300932891965
-1.68639053254
-0.383141762452
1.86130291204
1.55487804878
-1.17505272672
0.302206104563
0.0604777744179
0.242497726584
-2.13586472857
0.747160789002
-1.44329896907
0.0589448865311
0.236336779911
-4.18907444098
1.20309366944
0.98351171536
-1.67804323094
-0.283607487238
1.2636415853
-0.0574052812859
1.07339715695
-2.26821661469
-0.647887323944
1.48656375071
0.661870503597
1.90615835777
-0.146412884334
-0.842044134727
-0.404858299595
0.0868306801737
1.31964809384
-0.263234863995
0.146455770357
1.24555160142
0.596658711217
-0.887049083383
-0.118133490845
-0.587199060482
-1.87265917603
-0.0863557858377
-1.69779286927
1.58091405576
0.92834348709
-0.346921075455
-1.14318376679
-0.596590909091
-1.84049079755
0.420050406049
-0.390516039052
1.96245733788
0.629650829994
-0.313837375178
0.0856653340948
0.0285632676378
-1.85029436501
0.620592383639
-1.44564915207
-0.44284528093
-0.165791655153
-0.467546754675
0.165289256198
-0.0825763831544
-0.0825082508251
-0.027495188342
0.999722299361
-0.989826780313
0.859678313921
1.12170499159
-0.806675938804
1.01152008991
0.707413695529
0.255319148936
0.973932970496
-0.0572573718866
-0.0286204922725
0.25824964132
0.519180847995
0.0866050808314
-0.115340253749
0.434404865334
-0.34632034632
0.961538461538
0.175131348511
-1.46678170837
-0.827153451226
-0.11396011396
1.06536135906
-0.487106017192
0.287356321839
0.752750434279
-0.461095100865
0.434153400868
0.699504517633
-0.838150289017
0.144717800289
0.552968568102
-1.06536135906
0.201961915753
-0.430910657857
0.606936416185
-0.802752293578
-1.32956152758
-0.56258790436
1.02301790281
0.975609756098
1.54428904429
-0.46403712297
-0.202604920405
-1.51083238312
1.38728323699
0.992410974898
1.21122599705
-0.762239812372
-1.47313691508
0.144634075788
0.581902822229
-0.116245277536
-1.2908777969
0.0286944045911
-1.02243680773
-0.508618253744
-1.22802121128
-0.361512791991
1.72560113154
1.34747706422
-0.257363454389
0.778097982709
0.405092592593
0.348432055749
0.849194729136
0.352630032324
1.49120190874
1.76024279211
-0.932050511124
1.03280680437
0.611246943765
-1.35664757311
-1.51425178147
0.507311250373
1.08597285068
-0.480336235365
-0.0300120048019
-1.0982487385
0.928699820252
1.3665350744
3.09956167815
-2.7701674277
-1.49925037481
0.633675316838
0.882800608828
-0.333737864078
-1.31736526946
2.6113671275
-0.153374233129
-0.183710961421
0.461396493387
1.6890835158
-4.73778307509
-0.119047619048
-1.08919634972
0.622037914692
0.207776788365
1.53707052441
-1.48456057007
-1.75029171529
1.3901212659
1.9294543262
0.393462469734
-4.83870967742
-0.258546394714
-0.797948133371
1.21142197866
-0.0864553314121
-0.401836969001
0.230149597238
0.899854862119
-0.806219406853
-1.58685179938
-0.282565696524
0.883694412771
-1.43298679404
-0.697544642857
1.21434622988
-0.337742752603
1.05233219568
2.3282887078
-1.46257527961
0.518881522052
-0.0864055299539
-2.19718309859
-1.30664442591
-0.745033112583
0.16583747927
1.31615793895
0.308988764045
0.0280977802754
-0.808249721293
1.84501845018
-1.61965931304
-0.748337028825
-0.193637621024
0.696378830084
-2.33949945593
0.300136425648
1.18718939812
-0.821467688938
-2.61333333333
1.02370689655
-2.82722513089
0.951374207188
1.36619341013
-1.06016432547
0.828433992517
-0.425758382118
-0.529380624669
-1.46061554512
0.340225071971
-1.64736164736
-0.537634408602
-1.90858864892
0.580954786562
1.20143149284
-0.987091875475
-0.428427419355
-0.8
0.502512562814
-0.772874594864
-1.13384274094
-0.6611165524
-0.993939393939
-2.320625148
0.284967941107
-0.0237416904084
1.25
0.313479623824
1.71694873682
-1.68796720521
-1.5899383009
-0.260355029586
0.595238095238
-0.261220612681
1.5432843019
-1.07347328244
0.0
0.143334925944
-0.451843043995
1.96411251212
-1.41047095386
0.383969282457
-0.856531049251
-0.142551674982
0.285918513224
1.10816670682
0.581536224861
0.413625304136
-1.36789056875
-0.358680057389
-0.16710432084
-0.404184498336
-0.213523131673
0.644699140401
1.89781021898
-0.724637681159
-1.0752688172
-0.285918513224
-0.261406844106
-0.988235294118
-0.584795321637
-0.488826815642
-0.739371534196
-1.09689213894
0.413033501606
1.25464684015
-1.26175728378
-0.22888532845
0.645012669892
-0.160993560258
-1.15935439873
0.296397628819
-0.0227946204696
0.688547165481
-0.54782013239
-1.17302052786
-0.0676284941389
0.0676742612227
1.0485525416
0.757923748277
0.0
-0.388927018989
-0.182690111898
-1.06190691369
-0.561671534487
0.655811849842
-0.785281579538
-0.646455639768
0.605516932048
-0.490961838875
1.03720405862
-1.11482720178
1.5625
2.6976744186
0.163056137899
-0.693962526024
-1.23372172721
-1.30777903044
-0.29226618705
-0.134710372699
0.0224567707164
-0.536073263346
0.111806797853
0.834272829763
-0.471274685817
-0.380058126537
-0.378619153675
-0.2665482008
0.0889284126278
-0.750220653133
-1.0480349345
-0.369806395475
-0.173724212812
0.086937622256
0.458515283843
3.01394511921
1.76241702907
-0.92970521542
0.984657659721
1.77114891634
-0.440835266821
0.0
-1.23739688359
-1.15515288788
-1.16409223192
2.73689052438
-0.389461626575
0.414078674948
-0.0229990800368
-0.888990198313
-0.993003836606
-0.672494956288
0.269723533378
-1.24306326304
-0.155141843972
0.177619893428
0.468436314968
-0.0891464229998
-0.399556048835
0.513163766176
-0.972160848431
0.0663276586337
-1.20139799039
-1.52721015272
0.388684949255
-0.279931093885
-0.407463006648
-2.12006717045
-0.956340956341
-1.85676392573
0.265957446809
0.205002050021
0.868486352357
-0.575657894737
0.350732411801
-0.32901501131
-1.21876904327
0.572012257406
1.38773819387
-1.7501017501
-1.75929628149
0.220396714085
-0.0200320512821
0.848484848485
0.36496350365
-1.04333868379
-0.32
-1.28331688055
0.0395022713806
-1.24829334894
-1.34693092169
-0.554917719097
-0.133766481942
0.114788597666
-0.438095238095
1.80337405468
1.19701726845
0.117878192534
0.573009286702
0.756520007963
-0.633036597428
-0.785083415113
-0.293542074364
0.491642084562
0.414691943128
0.856403106951
-2.33417623031
0.312195121951
-0.446775446775
-1.36041387239
-0.114832535885
0.153344834196
-0.43893129771
-0.15243902439
2.24040522112
0.509105149794
1.2891709639
-1.71539961014
-0.869565217391
0.798597584729
0.963618485742
0.177304964539
-1.20669521214
-0.0389105058366
0.371021284905
-0.427765895392
0.567070786077
1.58919348431
-0.749211356467
-1.80058083253
-0.500866884993
-0.364683301344
-0.115030674847
-0.0766283524904
-0.892348585533
1.11345747744
-0.780952380952
1.84287099903
1.15777080063
2.94949494949
1.51763740771
0.764620789419
1.08627532902
-0.828672053035
-1.46968769137
0.968672712284
-1.90052567731
-0.542931831892
-1.11354145953
0.721009413178
1.05241853876
1.43707657565
1.47916666667
0.925147182506
-1.0609527772
1.05108261509
-1.49099192379
-0.371363730142
-1.80307941653
-0.98294884654
-0.538707102953
1.31392763291
1.70641447368
-1.11811343769
0.737251689535
-0.852791878173
-0.8256141764
0.85296506905
-1.04501607717
1.05605199025
-1.81455633101
-3.11051004637
1.09375
-5.70902394107
-2.07394048693
1.48243045388
-0.690657942566
-0.703844071467
0.98414434117
0.127737226277
-0.291120815138
1.49584487535
-1.18613138686
0.439882697947
0.165228566183
-2.74950901625
0.107238605898
-0.285154161469
0.124910778016
-0.585417775412
-0.879198171268
-0.888811432555
0.613712081361
1.38666666667
-1.35040336724
1.47713116213
-1.09135715543
-0.263342696629
0.299348476845
0.655795817086
0.71403070332
-1.66754432157
-0.314960629921
-1.5842948166
-0.684111510176
-1.19972963839
0.0
-0.953974895397
1.27118644068
-0.0338868180278
-1.08932461874
-0.117174422497
2.32956491949
-1.66750884285
1.81787000514
-0.392893747865
2.52189141856
0.705467372134
-0.839454354669
-1.63426801996
-0.80204778157
0.205198358413
2.00593057736
-0.675675675676
1.58394931362
-1.11381830839
-0.879765395894
-0.651242502142
-0.205233453053
-2.27310713689
-0.333166749958
0.873802722232
-1.27737226277
0.199468085106
-2.81098546042
-1.9483605259
2.384041518
0.243862786539
0.572269457162
2.34270414993
-0.116998161457
1.66525063721
0.102058173159
-2.06563384974
-0.464267948931
0.718102872411
1.16573745565
-0.521008403361
1.0015277542
1.39414802065
0.293457621267
1.54250657318
-1.68878166466
1.66433076384
-0.678614929528
-1.20336943442
7.08762886598
-1.16448326055
2.23214285714
2.57584430452
0.827241246633
-0.801526717557
-0.0953288846521
-1.05640445199
-1.83333333333
-0.184842883549
5.93303309183
0.630541871921
-0.509703979612
-4.79656588279
-1.18037624493
0.631031922791
0.074294205052
0.204727340406
-1.34043334557
-2.12077641984
-0.607359771347
-0.691857370942
-0.476694915254
1.90716084923
0.506329113924
-0.664630860428
-0.943060498221
1.75629187036
-0.826001077393
-0.64228367529
-0.708591674048
2.02421832641
1.29989015013
0.942524487156
1.7870579383
-0.876375163155
-0.574712643678
1.69683257919
1.47312033671
-2.843866171
-0.829493087558
1.02420856611
-2.16797230825
0.200803212851
0.921149594694
-1.03919781222
2.21766679091
-1.39654538773
-2.42065626681
-0.76512455516
1.07913669065
0.270513976555
-0.0540735400144
-0.519992827685
-2.00316288877
0.441228379809
0.74679943101
0.933237616655
0.125786163522
-0.393771254698
0.233225690707
-0.196956132498
0.812274368231
-0.252070579762
-0.750536097212
-2.13361315145
-0.261643118786
-1.66380789022
-0.630645986024
0.548414738646
-0.579315045152
-1.49378986237
-0.150829562594
0.134250713207
-1.01328903654
1.04061765693
-2.19960604071
-0.0492206726825
0.13142763266
0.628203008762
1.8693162681
-0.65250125481
0.894665766374
-2.67783801544
-0.490436488475
1.20780939775
-0.690108445613
0.545184206179
0.132340777502
1.29021447721
1.53113303845
0.427131385614
1.38576130262
-0.653932197556
-0.988243312319
-1.32817753867
0.269723533378
1.31511528608
1.71994440584
-0.724387719903
-0.120585701981
1.93151887621
-3.9790929017
-0.769616864648
1.73617021277
-0.994270306707
-1.0175145955
0.0166833500167
1.232899848
1.71791788353
-0.648574842123
2.07317073171
0.684090510437
-0.0175377060681
-1.77433247201
2.83436669619
-0.0884955752212
0.498043400925
-1.86769069646
-0.243775030472
0.419653785627
-0.296373779637
-1.98222829802
-1.23206751055
1.38603696099
1.95394277739
-1.32552935101
-0.802595628415
-2.65957446809
-0.347854894815
-0.11581733951
1.15481171548
-0.615435795077
0.77103586993
2.2100394038
-0.477408354646
1.48814673819
-3.19932998325
-1.24069478908
1.10386352233
0.0334616028108
-1.28819157721
-2.85576768811
0.305761184422
0.452634982218
-5.80173595249
-0.424564063685
3.14357209884
1.84772220452
-1.2893081761
-0.0471475719
0.537209669774
1.3288504643
0.0480538202787
0.192585459798
-1.75023651845
2.15850515464
-0.0804764204088
0.0805412371134
-1.28796311019
1.43548387097
-1.44651088857
1.92806221646
2.8323892036
-0.464344941957
-3.39634732458
-1.21854723849
-0.0158227848101
-2.10656753408
0.780518264127
0.53358443189
-0.886607559496
2.8310940499
-2.25140712946
-0.0312597686777
2.25347610676
1.2787309809
0.569754191763
-1.34896418821
-1.47151898734
5.05319148936
-2.49594813614
-3.07885642476
2.87653522948
2.73949858874
5.38932633421
3.96579952701
2.92080134806
2.55376344086
-2.38050609185
-6.81222707424
2.19564441271
8.67119301649
-5.34337128167
1.22676579926
-5.34834623505
3.1017594776
1.75341454411
-2.51889168766
4.74934036939
2.51159196291
-8.58353938538
-0.979363413781
-1.1923276309
-0.103573278094
1.57811678064
-1.29802699896
3.17857142857
3.37825364593
-2.3436091581
-1.78824362606
0.337537750933
4.20214735283
-3.96444444444
0.213789417424
0.935083618054
-1.59263847107
1.93001443001
4.7817047817
-4.06165004533
-0.648531796073
-2.28832951945
-1.88255613126
-1.44680851064
4.59319921666
-1.54250657318
-4.19815281276
-2.12031558185
-2.99744897959
2.95469468155
2.07774798928
-3.21115796302
1.29784787252
0.462122462453
-0.164771791069
-3.54418308964
0.463036883283
2.18632729646
1.60809018568
-1.75895765472
1.23660346249
-1.02806788512
0.360301342941
1.12620072872
-2.20278587626
-0.723589001447
-2.44705882353
0.298930144745
2.28516253621
1.46962769432
1.18968935889
0.749126019644
-0.14960106383
1.41604855024
3.47113204256
-1.12107623318
-2.83224400871
4.55580865604
-2.77683134583
-0.0340599455041
1.20648052396
-0.650684931507
-0.205058099795
-1.14864864865
1.82318541452
0.206825232678
0.20725388601
-1.66440217391
1.76287590736
-0.856751199452
-0.171057133082
-0.948830904778
3.03770949721
0.350385423966
0.210674157303
0.264038021475
2.02945402299
-1.29409679135
1.98879045381
1.35605644127
1.29942454056
-1.62527392257
0.865721127279
4.00383141762
-0.0956937799043
0.771456123433
-1.10623688728
-1.35465663217
4.50255603618
-2.41749808135
-0.382262996942
-0.532319391635
3.07662159514
-2.18516388729
-0.400916380298
1.33488102147
-3.63534675615
-3.21183688199
1.29775178212
2.83834586466
-3.55329949239
2.98730395818
-2.63588438466
-1.87299322155
1.90874386475
2.02151335312
-1.19113065787
-1.21288921072
-1.96983141083
-0.512005649718
1.2513407222
0.974729241877
-0.287976961843
-1.95870831128
0.99803956514
2.35315578256
1.61260426321
-1.37111517367
-2.47816009984
1.37357672149
-0.539277368326
2.54377880184
-1.89873417722
1.82286871663
-0.330335841439
-0.0733541169998
0.220547693439
2.10170763746
1.69847328244
-0.701155959826
-0.733634311512
-0.987148444776
0.561902978086
-2.78587035688
0.955882352941
0.796738929035
0.89736399327
-0.149337315662
0.205761316872
-1.36531365314
0.612585854836
-4.23111111111
1.005566529
-2.43517869657
-2.99116247451
1.7640954687
-0.533287459143
-1.45787421597
-1.43692564745
-0.877774097383
-1.00016396131
1.24501992032
0.618005678971
1.95844686649
-0.609343263372
1.23372172721
1.19646263222
-1.18231665524
1.00380754586
1.24408620992
-0.522921387485
-1.3583218707
-0.0171909919202
1.6958041958
0.77519379845
0.817051509769
-2.01879568395
0.80701754386
-0.401887122139
-0.452252565664
-1.25386465132
1.34029590949
-0.931195033626
2.09507042254
-0.420757363254
0.475603311608
-0.490797546012
-0.384145276759
-0.330664810303
0.665732305536
-0.244669695911
-1.07192254495
-0.754975978037
-0.596964011598
-0.323019381163
4.86717775004
0.0178316690442
0.196533857424
-0.885425889853
0.106364119837
1.47508544702
0.962586269524
-0.126972610194
0.218142155972
-0.145216917771
0.45587162655
-0.652173913043
-1.90154611694
0.446269189575
-0.426590828297
0.86052348512
0.922742898498
1.4128440367
-1.37531668476
-0.700808625337
-0.872817955112
-0.231028967478
0.643891969236
-0.956598759965
-0.964912280702
-0.279916025192
1.94399857321
-0.302275960171
1.07836089145
0.487628679791
-0.35990642433
-1.01531884574
-0.14229811455
2.05118896351
0.437556973564
0.845743702887
0.295039645952
-1.36413241179
-2.63856915176
0.0177116542685
-0.947368421053
1.53188457428
0.591291883175
0.486136118113
-1.03349964362
-1.45741878841
-0.384817211824
0.0
0.175223409848
0.581600281988
0.0529007229765
0.176647235471
-1.44498607242
0.525026251313
0.474767012485
0.299823633157
0.0352858151023
-0.648553900088
-0.782608695652
-1.20274914089
-0.986730180333
-0.843454790823
0.61099796334
1.01148637065
-1.96638655462
0.117785630153
0.388513513514
0.30498136225
0.648021828104
-0.845451471086
0.904282545641
-0.929682217715
-0.135043889264
-1.74158235197
-1.93558880937
-0.388852883992
-1.4687100894
0.578034682081
-0.875378004138
1.06160527586
-2.21767851526
-1.47218348055
1.51014629542
-0.640825257893
0.898911843558
-0.875410348601
-0.0312548835756
-0.358143880411
-0.356865787432
1.33647798742
0.553359683794
-0.456405413912
1.664
0.855252541552
0.616983276506
-0.549006943323
2.1778584392
0.016501650165
-0.737100737101
-0.989296140123
-0.772449308014
0.225806451613
-0.672861262416
0.807493540052
-0.402123210552
-0.781998084903
-0.492297919644
-0.61553030303
-0.0946073793756
-0.298695173715
0.0314514860827
1.11305453967
0.72069186419
-0.541573749602
0.770465489567
1.38323840521
-0.726978998384
0.0970245795601
-0.770218228498
-0.542610916055
0.111838951909
-0.0957701516361
0.594091201028
-1.89035916824
0.745913347088
-0.300632911392
-0.299731818899
0.475511174513
-1.12834978843
0.125529577907
1.43243673404
0.640717603716
-2.28517764908
-0.21864750898
-1.80953841435
1.79519200749
1.08884330125
0.715193897012
-1.02249488753
0.505928853755
-0.846527668914
0.314514860827
-0.656147476957
-0.389044506692
-0.341191066998
-0.401606425703
-0.0463177396943
-0.154154462772
-0.597609561753
1.3668841255
0.830070477682
-0.203188496405
-0.140471359451
0.691497721201
0.315308213779
-0.376943615518
-2.22665847666
0.0307219662059
0.246381275023
-0.414046925318
-0.488325957577
-0.606704080085
-0.211896473437
-0.46700813498
-0.449910017996
0.225462197505
-0.716310998358
-0.504825538233
0.823353293413
-0.149476831091
-0.535236396075
0.28328611898
-0.252825698989
0.779376498801
-1.27256584788
-0.661472879612
0.324435923905
0.162481536189
-1.54159394997
0.116482236459
0.218882241354
-0.565873476494
-0.720253529242
0.375939849624
0.188323917137
-1.27288329519
-0.597099800967
-0.0284252416145
-0.943263409827
-0.168657765285
0.183047029006
0.694739827024
0.270116576628
-1.64988814318
1.31746706332
-1.16213945673
1.10419026048
-0.0283045570337
1.78622875252
2.07322452581
-3.64125814678
0.141884222474
-0.268855242677
0.241134751773
1.30765914643
-0.784145993727
0.171379605827
0.893371757925
2.57168193911
-0.294724432655
0.295595625185
-0.265330188679
2.77230722618
-1.77083333333
0.493494840736
0.768535262206
-2.0805666224
-0.117907148121
1.72413793103
-0.0749063670412
-2.38373793507
0.175798417814
-1.60011532363
-0.244463618062
0.34632034632
-1.5625
0.156494522692
0.3426124197
0.243274184316
-0.0572082379863
1.8648018648
0.014570887367
1.32880555145
0.4598042124
0.133669983663
1.30905808005
0.895703658722
-1.259181532
0.861808285455
0.0453789139313
-1.78279601842
-2.47754274123
-0.288933834152
-1.02945381756
-1.27046866177
-0.0846262341326
-0.602831908033
1.98741778667
0.0429123158346
-1.35459291661
1.08401084011
-1.80672268908
2.14592274678
-1.36870325949
0.667613636364
0.902966891214
0.56212164889
-0.501936039008
-0.740213523132
-0.28388928318
-0.339510538973
0.340667139815
-1.7981600223
-1.61821173889
0.109829763866
1.7744865167
-0.67998889814
0.236472388371
0.139295166458
-1.95301830101
-0.0409556313993
0.383719336714
-0.150519978106
-0.35451322607
0.852585258526
-0.642164230086
0.0410060142154
-1.1217732126
1.71844927138
-0.437996167534
-1.98551113496
-0.639829378832
-0.0932214675723
-0.936675461741
-0.368033648791
2.29931423961
-0.853219570724
0.590049617809
0.852042196375
-1.03065185383
-0.120320855615
0.645855758881
-1.05179070696
-0.529731161436
0.505789964062
0.656484458735
-0.612516644474
0.454788657036
0.174192683907
0.241773002015
-0.0805261038787
-0.547250400427
-0.0400266844563
-1.14745449749
0.344097406035
-0.395465330873
-0.315374507227
0.674692419632
0.0132310134956
-0.224422442244
-1.67445482866
-0.567888487352
0.206932229695
0.428627094428
-0.542565560005
-1.31310555839
-0.140038192234
-0.190597204574
-0.0761808024378
1.65203923593
0.0
-0.3728944323
-0.141242937853
-0.663265306122
-0.127388535032
-0.858802727962
-0.15132408575
-0.0126087504728
0.265486725664
-0.503144654088
-0.250941028858
1.07799619531
-0.278234475781
2.13123223973
-1.21219854536
-0.822576562895
-0.778503264691
0.150905432596
0.645487912922
-0.591343734273
1.19684237331
0.357781753131
-0.0510855683269
-1.24858115778
-0.113378684807
-0.476429287864
0.226187484293
-0.945979586756
2.03200406401
1.45599793841
0.0644662197009
0.583581895993
0.0
0.168875032476
0.351974970669
-0.130191381331
-0.143005720229
0.0780640124902
-0.194779898714
0.0649688149688
0.693444982337
0.0
-0.727367190544
0.299635226681
0.0
0.208877284595
3.0816848338
-0.468791856416
0.606387279342
-0.215140513648
1.10114192496
-0.460081190798
0.407608695652
1.27975780927
-1.87685660275
-0.830208891269
-0.889183808892
0.252794039383
0.199973336888
-0.49084637835
-0.132485426603
0.412398563257
1.10289172831
1.46015283843
-0.529387810506
0.272219953723
-0.230852797393
-0.257347961533
-0.297096556381
0.816882232811
-2.53450106157
-0.750691426314
0.22439281943
-0.499080640925
-0.131164742917
0.118187787262
0.171007629571
0.0526454330087
-0.197031393669
0.568031704095
0.678281686394
-0.0265922084829
1.03439011284
-1.63847780127
1.05488049139
0.26777346365
-2.03305351522
0.276206760489
-0.340804823699
0.99285146942
-0.316706254949
-1.17370892019
-0.0651635605369
1.40081934717
0.732161874334
2.37121831562
-0.0272479564033
0.561720783669
-1.04392624729
-0.148910247733
-0.885549443177
-0.533831576138
-0.425249169435
0.333333333333
-0.490911503251
-0.580398364332
-0.367985280589
0.131596262666
-0.523628747218
-0.274151436031
-0.156412930136
0.93408762005
-0.039452919516
-0.275409836066
-0.534829115575
-0.299128625309
-0.233553912028
-0.400620315327
0.493506493506
0.522193211488
-2.29591836735
1.93732934599
-0.285232723973
0.246945671952
-1.19429818929
-0.205049339997
-0.357553313753
-0.419633774161
-0.380035469977
-0.164411281143
0.59796437659
-0.12706480305
-0.769133778843
-0.501819094217
0.251540686706
-1.42573766427
-0.0990834778301
-0.492975104757
0.259483504263
-0.699386503067
-1.22409404921
0.218632333293
-0.206060606061
-0.169409486931
-0.0967117988395
0.351813660075
0.992403822593
0.0981113563895
0.691528772536
0.284829721362
0.260740004966
-0.198265179678
-0.542272615233
-0.0123228589033
-0.135367954713
1.11996017919
-0.458317849622
-0.908309807291
0.283111767602
-0.696736340301
-0.860397479399
-0.205587132664
-0.132850241546
0.181488203267
0.437477214728
0.549853372434
-0.583090379009
-2.40663900415
-0.260139529384
0.296489563567
-1.55283129013
0.0116767865483
-0.256231073841
-0.232396002789
0.53738317757
0.292911540715
0.423579244617
0.0353107344633
-0.99056054073
0.386055217595
0.0936768149883
-0.939566175618
-0.0695490900661
-0.311994453432
-2.28093947606
0.499319110304
0.113610543058
1.06786083362
0.357225167089
0.346901017576
0.104178724389
1.56360216318
-0.561140986673
1.4950166113
-0.940291490362
3.61709901352
-4.47882736156
2.23596574691
-2.5498377376
-0.254335260116
-0.36857866851
0.173070266528
-0.948571428571
2.20768601799
-1.85715923421
-0.603919781222
-1.97699095275
-0.665705092644
1.60072145192
-1.35661069721
-0.94724088556
0.0110156422119
0.409246764738
0.377484178972
1.1000112246
0.303985588831
-0.526374734013
0.76740774179
4.21027872516
-1.3458637893
0.0812819321876
-0.726224783862
-1.49880776655
-0.249178842451
-0.585519648688
-0.55984772142
2.04524680073
1.77927666008
-1.5794895273
-2.20505932393
-0.445732114999
1.94251959559
-0.844784861455
1.09314506946
2.09253661939
-0.531914893617
0.757310963533
-1.46940649753
-0.103211009174
-1.48005875042
-0.929035146631
1.10909913988
-1.0637106707
-0.700466977985
1.44371757275
-1.09326193664
0.0223164472216
0.6853162566
-3.58535528596
0.336919900011
0.261523373652
-0.0108956199608
-1.85006951128
0.235823775324
0.473882606354
1.0227396366
-0.670052955798
-0.505376344086
-0.863447393668
-0.856055802156
0.0211416490486
2.10469508904
-0.654085352777
-1.58294639088
0.744205826068
-0.434000211707
1.41706924316
0.931845270343
-0.485227517792
0.498482878197
-0.399352401511
0.849025797322
-0.249728555917
-1.7704778157
0.320992938155
-2.15661641541
0.020942408377
-0.208986415883
0.367068694284
-0.687428392876
-0.456194919647
-0.484936029715
-1.13230643681
-0.456945572705
0.489795918367
0.399549226514
-0.540044833911
0.666735049749
0.257095845331
-1.59886662619
-0.383064516129
0.608519269777
-1.54767848228
-0.397812033814
0.974091182968
-1.22011705188
0.478421210007
1.50748684743
-0.553375591106
-0.440749273765
-0.765407554672
0.963468486552
-0.0601805416249
-0.230161112779
-0.636372675748
0.2192326856
-0.198906016907
-0.994486018117
0.296267035355
-0.471790839395
0.782565626548
2.22784810127
-0.483724680036
0.0504133897963
0.496504205087
0.0
-0.363452801615
0.660569105691
-0.223078483066
-1.3898610139
0.522665594532
-1.40719452978
0.859570214893
0.0600060006001
0.522770684629
-0.180632212745
0.100452034154
0.953250177467
-0.654845859359
-0.730073007301
-0.497561946462
-0.168885356646
-0.148794762424
0.488437001595
-0.0398565165405
0.581278813389
0.503626107977
0.0302267002519
-0.251256281407
-0.440264158495
0.0500550605666
-0.289478937912
3.32095709571
0.123915737299
0.186219739292
-0.123992560446
-0.524205982115
-0.764993880049
0.389105058366
-0.0716259081142
0.0819252432156
0.961538461538
0.960334029228
0.261643118786
-1.46437042384
-0.380110951305
0.267820354347
-0.573535436297
-0.468909276249
-0.264335095567
-1.046277666
1.96963479688
-1.15595213953
-0.262944983819
1.23886556773
-0.903003246753
0.942236788202
0.690935340827
0.403810312694
-0.545772834929
-0.236285185946
2.16204869857
-0.687929956223
0.787897888434
0.634316523945
-0.661625708885
-0.636543879787
-1.59170260834
-0.0718317085685
0.257201646091
-0.317916111168
0.484336356142
1.22040262856
0.376923882316
2.09513629075
1.76221037746
0.0653096767171
-0.0326441784548
1.12235915493
-0.142841445995
-0.459367822378
2.01963847356
-0.255982192543
-1.55582338118
-0.0766367418437
-0.15303891561
-0.0546268982847
0.527182866557
0.16501650165
0.876706247919
0.861875979405
3.0330988352
0.451807228916
-0.872760679835
-1.78208887886
0.316813758769
0.717948717949
1.33964661046
-1.05130842189
-0.522905535978
-1.9505127062
-0.861878453039
0.288120567376
0.714285714286
1.07163000564
1.15244180739
-0.803621958121
0.26100771675
-1.09988776655
0.871731008717
0.170106600136
-0.395346210324
0.510899182561
-0.564461503725
-0.806270996641
-0.401516841401
-0.155902004454
-0.498614958449
0.804199709595
-2.61068204068
-0.39007476433
0.698308783415
-0.261181847862
-0.357839947951
-0.582147477361
1.28849093689
2.96829323139
0.999318646377
0.0227169468423
-1.07865168539
-0.213028366409
-0.156722265756
-0.0335720680394
-0.0782735100078
-0.178591360643
0.0
-0.111495149961
0.763959105718
1.69084885182
0.43602983362
-1.19047619048
0.341296928328
-0.249659555152
0.353034961849
0.400182940773
0.114468864469
-0.918679823069
-0.395390872119
-0.0338791643139
0.339943342776
-0.753486279802
-0.692427965155
0.448732331164
-0.568878973787
1.0710259301
-0.882780198905
0.49410443571
-0.0112283853582
-1.77567001213
-0.384530872336
-0.306681270537
0.109649122807
0.418410041841
-0.819045538932
-0.141766630316
-0.477534187107
-1.00988397078
0.269309490466
-0.343531937735
-0.597588304343
0.0
0.915356450571
-0.364806866953
-0.075050927415
1.65667574932
-0.260897923687
1.16573188167
0.641947980077
-0.74700648138
0.032967032967
-0.589906051999
-0.618825317555
-0.313852813853
0.0433087916847
-0.162144633013
-1.05882352941
-0.62705919864
0.437660119556
0.883049752315
4.66636609558
0.305257207462
0.557071396089
0.779101741522
-0.0572540936677
0.715027101834
-0.103686635945
0.0
-0.0690766751094
-0.686027898468
-0.579743094237
1.27791848952
2.03218606837
0.460231295728
-0.164938737041
0.283553875236
0.0236350744505
0.678167757287
-0.0832144555397
-1.08184383819
-0.746965452848
-0.383676316707
-1.19471568064
0.939239332096
0.372439478585
-0.693481276006
0.0346860908776
-0.631893382353
-0.0229726625316
-0.160550458716
0.264459008854
-1.27142694971
-0.440777576854
-1.04015210827
-0.234322695827
0.34710558728
0.157003476506
0.326282628263
-1.14559003448
-0.673884224481
0.902909374652
-0.3665037761
-0.155245065425
0.996752155897
0.619788145143
0.0225428313796
1.30166704727
-0.714204738692
-2.11939636041
-0.562727573651
0.868113522538
-1.16598834012
-0.0329887838135
0.143156040084
-0.645514223195
-0.359751444457
0.218507593139
0.0218555349142
0.450054884742
-0.719267654752
-0.541946672447
-0.742334588488
-0.566966195978
0.182188404244
-0.437473324797
-0.678253497245
-0.589970501475
0.264075208619
-0.650645398258
-0.68785825951
1.42706131078
-0.326625223896
-0.168297044283
0.464968825954
-0.252977759039
-0.315225386151
0.0736067297582
1.17021276596
0.4702864472
-0.362087326944
0.0532765050613
-0.0638909594292
-0.244316974719
-1.16535433071
-0.925733305596
-0.0831427977551
0.511856262405
-0.177267987487
0.229933110368
0.64163248133
-0.772361966392
-1.03295114141
-0.28839221341
-1.64117110728
-0.182020426737
0.131632239773
-0.623867981485
0.0704863558554
-0.36119193338
1.11595820229
0.172764227642
-0.374607674395
0.243580635339
-0.745441724589
1.04845276873
-0.263959390863
-0.404448938322
-0.792456615508
0.646138313983
-1.20686215839
1.01763224181
-1.3713604293
-0.778939065273
-0.0788177339901
0.43538491985
-0.423687062765
-0.490244141583
-1.5445506323
1.40969162996
-0.863742236025
0.487614589429
0.618192522814
1.99159327462
0.604107933951
-0.441058540497
-1.24727776678
0.0792550029721
0.0495589255625
-1.26247798004
0.0391619345996
0.749654764253
-0.666274740349
-0.835600466382
0.832761830117
-0.215074787369
1.32738979693
1.26391814625
-0.508982035928
-0.17931858936
-0.810276679842
-0.735654732712
0.820806962025
-0.413630096514
0.0
-0.587429018994
0.393159032829
0.702761555973
0.737860205404
-0.938364282892
2.21100454316
2.03976511796
0.517759138449
-1.41894650878
-0.416793737928
2.02240199129
-0.268928423666
-1.628001628
-1.25590274289
1.3234246157
-0.0101791530945
-0.647249190939
0.467384677911
-0.324083451489
-1.01253132832
0.951320716527
2.0869924579
-0.452535225753
-0.0616712920136
-0.235849056604
-1.33549170376
-0.812844957351
0.656565656566
-0.821478661591
-0.110077053938
-0.418535127055
0.490686961746
-0.0200240288346
-0.1100110011
0.0100020004001
-0.803651155869
-0.777712148061
0.82382133995
-0.128865979381
0.779220779221
-0.0798562587343
-0.0897576543333
2.75671244107
0.847457627119
0.103455410718
-0.851369371218
-0.550851780067
0.163482170226
-0.508285046254
0.295676998369
-0.929292929293
-0.201612903226
-0.110764273487
0.628229810518
0.366114105563
0.295797633619
0.430239704978
0.597691673537
0.611715914982
0.35376131516
0.75479610022
0.378827738609
-0.471302890658
-0.020942408377
0.410051519293
-0.366645715483
0.346893724377
-0.188857412653
0.495571488823
-1.29059117402
1.28610584019
0.529885544722
-0.169276343631
-0.672551492224
-0.522684507631
-0.623311863702
-0.196993260757
-0.454123232532
-0.584855325262
0.288125128627
-0.174627632255
-0.368437212158
-0.214460784314
-0.790273556231
0.796568627451
1.05263157895
-0.390625
-0.511352014727
0.163900839992
-0.580507179957
1.10172981878
0.945847624987
0.0832206387184
0.892107472712
0.644343509031
-0.0316789862724
0.360322170411
0.447093889717
0.718344590972
-1.23888182973
-0.316656111463
0.0211148648649
0.980810234542
-1.49128334384
-0.261862365141
0.283613445378
0.644888466011
-0.557190916737
0.965927183951
-0.496408956485
-0.105507491032
-0.618643179197
-0.70796460177
0.0208268249505
-0.507666804807
-0.740436034554
-0.0719350529237
-0.102658864593
-0.50051072523
0.720164609054
0.19585609731
-0.0823977752601
-0.583657587549
-0.458668841097
0.563755637556
0.660338423442
-0.747567844342
-0.336803429271
0.451096985852
-0.163766632549
-0.580034598555
-0.657096643753
0.733197556008
1.1745312178
-0.318373215569
0.891099367941
0.134882755758
0.700031344687
0.293408781306
-1.4152892562
1.12829084831
0.303887666352
0.17845895444
1.23273113709
-0.360016941974
-1.05814562598
1.13371477008
-1.61576149276
0.830355265924
-1.41954201637
0.218068535826
-0.248601615911
-0.309789343247
-0.0722319678052
-0.103082156479
-0.0206121817994
0.64308681672
-0.134659208618
0.719874804382
-0.549906619631
1.01666491982
-0.0523779593547
-0.35490605428
1.02288305389
-0.409577819786
-0.251414204903
-0.624609618988
1.19035078479
-0.157761884729
0.210792580101
-0.461603021402
0.94249708779
0.382693738705
-0.116797621576
1.10574342458
-0.692963752665
-0.39290644579
1.23629327026
-0.0751960468364
-0.523616157299
-1.4324836739
-1.02168473728
1.1174362218
-0.503461296413
0.474233322795
-0.597108736644
-0.334098976822
-0.249947927515
0.491889063318
-0.208877284595
-0.725764644894
-0.0518134715026
-0.124197888636
0.761288976953
0.851914177535
-0.0735680504467
0.879983036472
-0.694883133291
-0.0420964007577
-0.585896631094
0.0837696335079
0.31512605042
-3.62421542822
0.070914800932
1.37619389956
-0.215208034433
-0.0204918032787
0.298016647827
1.25910509886
-0.517598343685
1.18361789044
-0.738199209815
0.281513919299
0.0730383973289
-0.332778702163
-1.11065405183
-0.805875752321
0.132788559755
0.317655497489
-0.0716772475937
-0.214570348421
0.886506545717
-1.09094616639
-0.274529740722
-1.08619129036
0.141001107866
-0.81909899111
-0.714073192502
0.0
0.57855361596
0.581920337112
0.352396294805
0.191667507314
-0.711137820513
-0.883550084384
0.418702023726
-1.1724137931
0.118366541724
0.416006339144
-0.463373755299
0.286731263595
0.188211986132
-0.990584542958
0.00980872976949
-0.952103371223
0.068053665176
-0.64715541389
0.485295544987
0.517073170732
-0.620515803762
1.02850426095
0.551561114941
-1.00429017161
0.107369448511
0.441176470588
-0.351699882767
1.04639684107
-0.0394710874285
-0.0887311446318
-0.588062334607
0.57171020207
-0.966419367435
-0.00976085895559
0.480580619851
0.572104951667
0.495638382236
0.458076080462
0.661587810746
-0.726440441835
-0.603363006924
-0.167868075442
-0.0789343857918
-0.549504464724
-0.00981161695448
0.00981257972722
0.433625702178
-0.137781714398
0.0985124618264
0.0492805046324
0.714711137582
-0.257425742574
0.467522132697
-0.445632798574
0.808625336927
0.0799280647417
-0.969625012368
0.487174388546
0.209225864302
-0.0995321986663
0.169491525424
1.03757429233
0.914913083257
-0.626325891504
1.47616606868
1.32959385063
0.964866282119
0.0
-0.38654408692
-0.0626435581541
-0.0417449384262
-0.135487232934
1.46996615905
0.275715800636
-0.0106033294455
0.941881622605
-0.0427944795121
0.171471439288
-0.256547300909
0.0213835133112
-0.0320649850363
-0.425713069391
0.320307495195
-0.138607527455
-0.488063660477
-0.211752249868
0.276037795944
-0.35967417751
0.0847008999471
0.0105887335875
0.350653490596
-0.570522979398
0.541746335245
0.44814340589
0.991379310345
-0.36504187245
0.139769917213
-0.0644676050285
0.616216216216
1.54791963992
-2.05376344086
0.0430292598967
-0.407113777587
-0.139082058414
-0.298666666667
0.235218646424
0.053487376979
-0.932598558711
0.457787714255
0.449149823548
-1.56842105263
0.89209855565
-0.570221752904
-1.57971315735
1.48718489611
0.658243974944
0.0743731406715
-0.780096985031
1.08695652174
1.10979420321
-1.08707236492
1.19715271786
0.455037919827
1.73040890554
-0.406147091109
0.729765590447
0.589478367256
-1.24121265378
-0.600502238236
0.637292605208
0.0769738288982
-0.0878927708196
-0.709065124905
-0.369525051625
-0.637149028078
-0.140191955139
-0.696080531163
-0.373412994772
0.128191432539
-0.910341907484
-0.179628064243
-0.0211282484682
-0.462670872766
-0.0105141415204
-0.0315324784528
-0.1993076681
-0.157100963553
-0.758756885979
0.250078149422
-0.456384192511
-0.155343827672
-0.0827814569536
