-6.49552238806
-8.55952380952
-2.99401197605
-0.292602996255
1.42089552239
-1.17994100295
-1.82328190743
-0.227028318796
0.517647058824
-0.593471810089
0.820842255532
2.46706586826
3.32098765432
7.75862068966
1.65299227799
1.04579877389
-0.369884262021
-1.67516387473
-2.4727992087
2.63777089783
5.38383582468
9.91475409836
8.56615709014
9.47482403898
5.63840920984
-0.466523767495
-4.6875
-2.56805341551
-1.49333333333
1.32555673383
6.2851782364
9.87501716797
9.59752321981
2.04081632653
0.172619838003
-1.89324217723
-5.44155844156
-6.11705641432
0.767754318618
-5.8625
-4.47123838232
-4.2764793635
-1.73958198105
-3.87453874539
3.55987055016
2.40514469453
0.865203761755
-0.116701244813
1.33547008547
0.324675324675
3.74966639979
5.62913907285
-0.168284789644
-2.14323052797
-2.53164556962
-6.90683229814
-3.96845586365
-0.961538461538
-4.94409937888
-4.24242424242
0.940438871473
-3.82874617737
-1.96078431373
2.87539936102
3.93046107332
-0.237678258694
2.1875
1.02857142857
3.64238410596
4.18690116813
3.22830578512
1.26582278481
-1.4146219329
-6.79012345679
-4.90514228657
-4.02776056513
1.68618869867
2.41025641026
3.51437699681
3.38064516129
1.49685534591
-2.8875
-3.03331675783
-1.49798590131
-4.90797546012
-4.14757656137
-2.47470437645
-3.80291796221
-4.57657657658
0.147456377488
1.82934315531
0.34250764526
0.372104189173
0.301204819277
-1.88087774295
0.012278978389
-0.764748725419
-0.22754491018
-0.372104189173
0.0
2.84126783685
3.87088639516
1.44575385737
2.69970414201
3.59730202348
0.0
-1.78328173375
1.37948023156
-1.81554103123
-2.88694808345
-6.15074662242
-3.93766357364
-2.47447447447
-1.58427635497
-0.302334018624
1.51588065448
0.839731285988
1.45015842067
2.22844617633
1.83497536946
5.88535031847
4.78944060339
6.65453600208
5.02621818647
3.41314314824
0.486431131592
-1.25372393247
-2.12441165246
0.24358974359
1.23775141826
-0.8
3.03107814299
-0.101664760452
-0.153609831029
0.570539419087
1.94174757282
3.72777925179
3.28127050794
-2.95652173913
-3.6
-3.66629255518
-5.775
-8.07191119691
-1.15422396857
-2.08078335373
-0.865372728397
-0.990099009901
2.24525043178
0.543209876543
0.393217006636
-2.02277131783
-0.627229123109
-2.06596592968
-3.35282185897
-1.85721177038
-1.12574850299
-2.17757459095
-2.04733727811
1.04895104895
-0.0241138172173
0.833232701365
0.727096461464
3.85939036382
1.5923566879
0.533333333333
-0.683617174382
-0.578313253012
-2.85373134328
-2.22754491018
-2.91833372558
-2.7638483965
-3.27467661112
-1.7825730034
-5.11363636364
-5.19857206604
-2.55681818182
-0.797687861272
-1.20495886919
1.73410404624
4.40251572327
1.59316555068
-3.081232493
-3.17478124299
-2.92896420155
-6.10236220472
-4.61402929193
0.0
-0.0560600964234
-0.368962432916
0.351185250219
-2.67924123888
-4.8
-5.23799405015
-1.17127071823
3.76950233459
6.26352351668
8.30637707948
8.80924855491
2.32926277702
-1.40354816977
1.22190201729
-0.722559926597
-1.4245014245
1.00502512563
-0.424865831843
-2.73573270546
-5.29002824245
-0.498922780361
0.0685714285714
0.845642124253
0.213483146067
1.51064064395
-1.88028482421
-2.30013398839
-1.38981543251
-0.979083222074
0.342996238106
-0.893152497519
-0.830472815856
-1.57583716349
-3.4793814433
-4.10610079576
-3.9707750953
-3.01761168385
-1.80528691167
4.69979761637
7.10227272727
6.33937619637
2.67945749256
5.29531568228
3.11884057971
0.0
0.350282485876
5.76093294461
2.10258780037
-1.64214847759
2.92397660819
5.20684736091
-0.729335494327
-0.722559926597
2.93461673905
0.884955752212
-3.09872134547
-2.46160794941
-0.638176638177
-1.94521178637
-2.51897860594
-2.59201077199
3.88269794721
5.87596525097
4.36036036036
4.89864864865
8.68292682927
5.24691358025
1.38226299694
0.531336795073
1.30790856863
2.18068535826
2.37613751264
2.90785498489
3.19003115265
0.0
-1.67851016908
-4.09696969697
-1.92592592593
0.0623441396509
-0.207367650647
-3.00653594771
-1.18577075099
-2.39787926256
-5.42452830189
-2.79819777093
-0.24893314367
-1.19526627219
-3.34265082693
-1.11940298507
-0.530722962614
0.512331704992
2.42424242424
2.18995477267
2.33890214797
1.52059386973
-0.332502078138
-1.19760479042
0.262529832936
1.82260024301
3.04750154226
3.45208845209
0.348515803389
-0.0596302921884
-1.55502392344
-3.75252345327
-5.18345952242
-3.2329340621
0.107449856734
0.360144057623
1.89980638916
3.49608197709
5.25091799266
3.0765444253
3.27299776841
3.54592156371
6.75675675676
6.24187256177
3.84664536741
0.0248015873016
1.47488874762
-0.753608379103
-5.06172839506
-1.6959798995
3.51732991014
-0.0635324015248
-3.26207833931
-1.33982947625
-3.52684523088
-7.2619047619
-3.95411276544
-1.30487804878
-2.89769367238
-2.5970959745
-1.32738165159
-2.97217288336
-3.72196782905
-3.92045454545
-3.17750600069
-4.44494331575
-4.95216657288
-4.36784190433
-0.677200902935
-1.47522522523
2.99421965318
3.19396051103
1.72472872644
0.464905318063
0.0676132521974
-3.5889433794
-2.27014755959
-0.102692834322
-0.976869526162
-0.793739519285
0.245810055866
-0.710019159247
-2.83813747228
0.349295774648
0.720639567616
2.55528818609
0.90981462527
2.38365493757
1.08200455581
-0.0675143467987
-1.6676056338
-1.14671163575
-3.00561488495
-4.09612233752
-0.592841163311
-0.482170890334
-0.492225081105
1.25975473802
1.5867731913
-0.644587686152
0.371412492966
0.551181102362
1.35593220339
1.98031005998
2.56468710817
0.497681257776
-0.0112473287594
-0.0225937641211
-0.214543812105
0.584728273332
1.83137525916
1.7859187178
0.935005701254
1.39683993588
0.252873563218
0.0230414746544
0.72647601476
2.26212686567
2.81341965862
1.81392627267
0.953710165155
0.848935922782
0.539273153576
0.830860534125
98.3519034355
98.2933579336
102.329411765
108.201122773
99.9762639449
0.842696629213
1.47437397613
0.212214100448
-1.89176245211
1.27403846154
2.37239396118
3.56277266117
3.8188494492
0.918318028033
0.848484848485
1.90476190476
-0.217654171705
-1.32850241546
0.558930741191
-0.602409638554
-0.823443933156
2.17445021003
1.59509202454
1.88165387472
1.94055514616
0.978234287112
-2.94964028777
-0.730816077954
-0.296223154777
0.817236255572
1.84308841843
3.86052303861
0.736196319018
-1.7224648229
-1.27139364303
-1.8337408313
-2.64306498545
1.49439601494
4.40729483283
6.48268680031
10.4808211777
15.0990789841
11.963190184
8.82028665932
6.66481532908
-3.64393545029
-9.06091370558
-8.26298286007
-9.27731932983
-9.61345381526
-5.32281912272
-3.170312116
-4.51880801172
-2.60594252314
-5.77105014191
-3.58755048705
-3.78340033105
-1.70468187275
-1.65269461078
2.02702702703
4.18316831683
4.31672422299
1.28891050584
2.15316858331
3.96387355745
-0.394477317554
-1.26643935704
1.08161258604
3.57323872276
1.03929024081
0.172882193134
3.26961770624
3.2749428789
-0.0253356979985
0.946775844422
2.50632911392
-1.21739130435
-1.67249126311
-2.54320987654
0.981912144703
6.21134713633
7.2189664358
8.24101594164
6.69125395153
2.16473072862
-3.25182101977
-0.608948901244
-0.91030789826
2.31805929919
1.1481975968
2.7807486631
0.292087095061
-2.50587314017
-4.57818930041
0.321457272971
-1.75991594431
0.292942743009
4.0749796251
3.90165686799
2.44237102086
3.28269126424
0.213504136643
-1.9707057257
-2.42503259452
-4.85639686684
-4.25974025974
-3.92307692308
-5.17676767677
-3.61899974868
-3.72046254399
-2.03562340967
-1.51515151515
-0.151285930408
-0.525
0.327868852459
-1.00755667506
0.917431192661
0.685453160701
3.8961038961
2.61387163561
1.01781170483
1.92207792208
1.94099378882
0.260416666667
1.63072067333
1.02827763496
-0.773195876289
-1.32788559755
-1.43737166324
0.184453227931
0.542775911088
-0.640204865557
0.410256410256
1.59061277705
-0.9913905557
-0.590955806783
1.95822454308
1.8542700444
-0.38961038961
-0.182291666667
0.724637681159
-1.79487179487
-1.56812339332
-0.696414753676
-1.513208515
-1.30268199234
-4.22396856582
-5.12195121951
-4.78880157171
-4.7165200391
-5.20581113801
-3.04761904762
-3.86869871043
-4.18823529412
-5.29969914372
-3.70715784565
-2.1207177814
-1.9314785008
-3.40909090909
0.208719851577
-0.809435707678
-1.6051364366
-0.571559213535
0.456621004566
-0.941879163795
-0.666207213416
0.322061191626
2.07701283547
0.137174211248
-0.955631399317
-0.684462696783
-0.82135523614
-3.44749887337
0.114442664225
1.8539976825
2.81491907108
1.3644773358
3.88576779026
1.1811023622
1.76886792453
3.22033898305
3.94230769231
1.04068117313
2.27380388441
-0.141309467734
-2.86923800564
-0.597371565114
2.24909310762
4.76426799007
4.73606314751
6.3
5.41561712846
2.93751555887
-0.958466453674
-0.637254901961
-1.45355999015
1.14649681529
2.73657289003
1.69957510622
3.65853658537
4.18377823409
-1.89952511872
-3.64711680631
0.755477209771
-2.25974670971
-3.08457711443
1.06087395807
2.03671108876
-1.78085580015
-1.54034229829
-0.0745712155108
-0.627510040161
-1.31513647643
2.74459974587
2.42925118958
2.94268167861
1.55493244966
1.87057633974
0.510855683269
1.29375951294
-0.127779197547
0.512426338714
-0.352644836272
-0.533536585366
0.689655172414
-2.24831376468
-2.2539444027
0.838201676403
-0.956215400101
-0.254777070064
0.075
0.833333333333
-0.20278833967
-1.26708074534
-4.08113391984
-1.59901599016
-1.39442231076
-1.152593335
-0.666337611056
1.3875123885
2.13567839196
5.04839131572
7.57412398922
10.9225294279
12.8951048951
13.0681818182
7.35748385285
6.76258992806
12.7469135802
18.103733069
13.8421733506
4.95137046861
2.50737463127
-7.66600170989
-16.6804293972
-13.3165124755
-7.69858541893
0.74294205052
4.40345135376
11.7846153846
6.79640718563
7.17201166181
-6.52777777778
-6.89750692521
-9.04002239015
-4.13318025258
-5.74333608134
-3.06946688207
-2.03527815468
-3.84822389666
-3.7037037037
-0.137211855104
0.297056440724
1.93637621024
1.3362421598
-1.9512195122
2.30207748456
4.634077423
1.97461212976
9.07198096371
9.10703725606
5.47823511993
3.14777032935
4.26470588235
-3.36303535499
-2.25433526012
0.535873771956
0.674882629108
-1.16279069767
5.20108859994
4.21686746988
3.80098887515
3.68116823852
5.13447432763
3.50547730829
1.80926096289
-5.24158125915
0.152346130408
2.57053291536
-5.80778301887
-0.122511485452
2.92344786016
-0.725952813067
-3.88671286532
3.73088685015
-0.548279013098
-1.80526783072
-4.28488708743
-4.98139135414
-9.9173553719
-7.59921193358
-6.91460055096
-4.05555555556
-2.97222222222
3.18362706083
1.13862795332
4.7014710124
2.53489034463
3.92609699769
5.86819139332
3.08098591549
3.00059417706
1.29832660127
1.10916520724
-6.6048341765
-2.93363714042
-2.37819025522
0.144466917076
1.15146147033
4.5240893067
5.11976047904
-0.0579710144928
-0.688665710187
-3.14555333143
-3.29545454545
-5.22133938706
-1.03270223752
1.84102863822
1.06936416185
3.65135453475
0.800915331808
0.172413793103
-1.04106419896
-0.859598853868
-2.329594478
0.546448087432
-0.99573257468
0.202839756592
-0.399543378995
-0.713877784123
-0.315366972477
0.313926940639
-3.76464026771
-1.35135135135
-1.4631401238
-0.76813655761
-1.8487394958
0.307692307692
0.282326369283
0.622876557191
1.47228637413
2.73381294964
2.31825987407
-0.140964195094
-0.507042253521
-4.78284771853
-1.13798008535
-0.171428571429
-0.755456071628
0.737797956867
3.64672364672
-0.762281197064
0.200400801603
1.85237959533
1.49769585253
3.47877358491
5.76291430278
4.54953606705
7.34169470786
9.11376492772
3.85793018983
-1.0635155096
0.541679205537
-4.27525622255
-8.11435171816
-5.68870921167
-0.820392616466
-1.13061588813
2.3988005997
3.03481106813
3.77584656877
4.37308868502
1.44883791126
-0.269138755981
-0.414814814815
-1.21373593843
-2.76538804639
-3.0719719134
-1.64705882353
-1.14235500879
-0.177304964539
-1.03001765745
0.470311581423
-1.33488102147
-0.262927256792
-3.09278350515
-1.67824074074
-2.21327967807
0.320232896652
-0.98351171536
2.52495596007
0.20295737895
1.16312881652
-1.99714693295
-1.92907801418
-4.29896038213
-3.09075583029
-4.47222222222
-0.736335315775
-1.17746005046
-0.752928053542
-0.918708240535
-0.0832639467111
1.03004291845
0.0561009817672
0.448179271709
2.48216833096
1.43581081081
-0.285306704708
3.09427414691
3.5683202785
1.06689734717
3.46635595689
0.516203039862
-1.34094151213
-0.634188526953
-0.999143591208
-1.54860911959
-1.55279503106
-0.820599886814
-1.25249074865
0.689853406151
-1.52499293985
1.69394200402
0.397727272727
-0.986471251409
-3.46836847947
-0.112834978843
-1.05113636364
-0.593052809941
0.396151669496
1.60699182408
-0.28129395218
-0.928792569659
0.568020448736
0.141683196373
0.0564174894217
1.45547945205
0.59456398641
-1.62056440346
-1.83588317107
-1.4730405781
-4.54916916372
-3.10013717421
-0.500417014178
-1.23626373626
-1.64024056862
-0.730124391563
-2.54010695187
-3.20236813778
-2.51740760578
-2.34917245061
-1.49174214172
-2.0942408377
-2.72251308901
-1.5554969681
-2.21874184286
-0.345102203345
2.30316014997
3.57917570499
2.81919219301
3.70871683812
2.08672086721
1.85488270595
0.490463215259
1.42974979379
2.86828181565
1.99004975124
1.04740904079
1.77481974487
0.887656033287
0.729312762973
0.892359174568
2.19718309859
1.29213483146
2.12464589235
1.30718954248
2.69186712486
0.852272727273
-0.780379041249
-0.226116449972
-1.48376259798
-2.10260723297
-0.141843971631
0.335570469799
-1.03496503497
0.818515382444
0.99093997735
-0.927487352445
1.21709595245
0.393147992137
0.22630834512
-1.2027972028
-1.84827586207
-3.25848849945
-2.49178532311
-3.70471261237
-2.05479452055
-1.86789388197
-0.841705131686
-1.08342361863
0.0817884405671
-0.815217391304
-0.29689608637
0.821242814125
0.407941256459
-0.407276676622
-1.20805369128
-1.33155792277
-3.10344827586
-3.16038978141
-3.28256302521
-2.38469601677
-1.10613642349
-2.00155965688
-0.367357648911
0.210526315789
0.421052631579
0.636098595282
2.55931751533
1.06072659772
3.14875135722
2.4811218986
2.00054068667
2.151416122
1.7539125742
-0.162601626016
-0.188425302826
0.570962479608
-0.810372771475
1.25683060109
-1.20481927711
-1.09158679446
-2.56953642384
-2.80913625624
-4.53834115806
-1.81388012618
-1.02766798419
-1.43603133159
-1.01351351351
-1.03252452246
-1.16913484022
-2.46723207402
-0.931195033626
-0.36250647333
1.01694915254
3.05220883534
3.48404255319
2.14002642008
2.33174350821
0.921052631579
-1.2166093626
3.58126721763
3.47184253691
2.88985823337
4.62555066079
4.94032750486
1.0579064588
2.86839145107
2.57270693512
0.748959778086
0.0277623542476
-0.937672366244
-1.22222222222
0.449438202247
2.56045519203
1.63656884876
2.69045596148
1.8675721562
0.112485939258
-1.87046342825
-2.31532524807
-2.45856353591
-2.88540807914
-2.57534246575
-1.97044334975
-1.99891950297
-1.5769439913
-2.70053475936
-3.02869287991
-3.30775337391
-2.34766552361
-3.36311087756
-1.0582010582
-2.15752534442
-2.80349794239
-3.80614057346
-3.88888888889
-4.23106156575
-3.22012578616
-2.38513683153
-1.59800249688
-2.41498275012
-2.9744346116
-3.0487804878
-1.96898843219
-3.67965367965
-1.74334140436
-0.780487804878
0.244498777506
0.84388185654
1.76211453744
1.52409046214
0.7866273353
1.53922542205
-0.518518518519
-0.0489236790607
-1.81028240406
-1.45348837209
-1.85185185185
-2.52707581227
-0.752609856761
1.5192354815
-0.458162527128
0.61289531748
2.11354141067
1.93021529324
1.14002478315
2.69935611689
0.691187361145
-0.0982077093052
-1.65490386955
-3.74522900763
-3.65068002863
-3.34049152947
-3.55197726735
-1.6985645933
-0.0715137067938
-0.28551034975
-1.57350868953
-0.189080595604
-1.99296600234
-0.850862680217
-0.331989566042
0.141110065851
0.642245480495
1.78997613365
1.34131736527
-0.753118380795
-0.093984962406
-1.72978027115
-1.24911619137
0.967351874244
1.09445634071
1.86692197224
1.68766341811
0.449810606061
-2.61422515309
1.27710843373
2.05178309722
3.21393523062
5.33665835411
5.49068322981
1.86548846343
-0.365052324166
-1.90132370638
-3.58259196922
-3.05876685934
-2.79169649248
-2.74556213018
-1.51694714387
-0.739856801909
-2.19081272085
-2.78357689631
-1.33115366651
-2.56351039261
-4.07509157509
-3.21477428181
-1.41779099017
-1.10854503464
0.81490104773
0.877598152425
2.07121247382
1.67402929551
-1.02857142857
-0.394248608534
1.78655383169
0.987074030552
-1.53388278388
0.528492647059
-1.97772220959
-2.94318959617
-1.61849710983
3.87633769322
2.15962441315
2.3023255814
2.57430376784
-0.0462214005084
-2.32288037166
-0.210822206606
0.93896713615
0.0
1.57276995305
0.584112149533
-2.57873117298
-2.18140068886
-1.47567442933
-1.50289017341
-2.05949656751
0.0913659205116
0.0
0.0
-1.70454545455
-0.4329004329
0.759493670886
-0.977717144156
-1.09464082098
-0.181488203267
-1.8779342723
-2.9484029484
-2.2232103157
-1.96735971384
-1.82628062361
-1.60580730312
-1.10448420588
1.64971751412
0.788643533123
0.740408346421
2.36433235758
1.52500560664
-1.05098389982
-1.59645232816
-1.76327970024
-2.0079435128
-1.89218921892
-1.58450704225
-0.243309002433
-0.197976242851
0.0
-0.829151210997
-1.00217864924
-1.50326797386
0.642019039185
-0.154218990967
1.1253309797
1.2574454004
1.07905747633
-1.39707487448
-1.3903975668
-2.11663066955
-1.98918918919
-3.15632330987
-0.929930795848
0.436395374209
2.61524822695
1.51448639157
3.53278869508
2.45956126745
2.85008976661
0.445235975067
1.04235972499
2.0964833183
0.714126311091
-1.17542692393
-0.729281767956
0.222271615915
-1.09253065775
-0.840894003098
-0.353591160221
-0.418133802817
-0.310214934633
-2.7114967462
-2.69164513351
-3.68241805023
-3.44241393965
-4.28419936373
-2.06076056936
-2.19039595619
-0.823305889804
-0.926315789474
-0.674109964188
-0.759013282732
-0.147213459516
-2.06739714699
-1.47272350135
-4.08163265306
-2.92672943103
-0.439698492462
1.12899853648
0.521267723103
1.97815784051
1.47455867082
-1.17939168218
-2.16813254244
-1.96238757155
-1.60178426602
-3.75774535279
-2.83474065139
-1.90609951846
-1.74733882306
-0.10127607859
3.19719471947
2.11455553274
1.67278661771
2.13333333333
2.19416269923
-0.798035604665
-0.20487604999
0.657084188912
-0.122925629994
-2.18667746507
-0.163432073544
0.411437975725
-1.05648110524
-0.0204834084392
1.98224241173
-0.649482443678
-3.14803745766
-2.32188926374
-2.69085110624
-1.78462786453
-0.805315079525
1.06725734998
-0.059500198334
1.18999596612
-0.20238818053
-0.66
-0.779220779221
0.0793965859468
-2.61245334905
-3.49609375
-2.89376577976
-3.09777347531
-1.92719486081
-0.663414634146
0.0977517106549
2.63105441499
2.74517604933
2.45313123255
3.11871227364
2.25909636146
-0.298092209857
0.239282153539
-1.04598381685
-1.89498618239
-0.970104929717
0.439121756487
0.70281124498
-0.763807285546
-1.99264848133
-1.52076428154
-3.59822974793
-2.12264150943
0.0195886385896
1.09524740857
0.509504213208
1.3850955911
1.57716111
2.61306532663
3.31380076783
1.8156424581
2.95240008034
0.220088035214
-0.200601805416
-2.17434275549
-0.850642927794
-2.50636381437
-2.95145631068
-2.35063663075
-0.256309148265
0.218080888184
-0.117347936632
0.331190337035
-1.25725338491
-1.99033816425
-1.6188804369
-0.910852713178
-3.64182466679
-4.13498980159
-5.08070432869
-7.2707542051
-6.85920577617
-4.49982072427
-2.89881166727
-3.23038693646
-1.46141507753
-2.51627661446
-2.00281096275
-5.02735978112
-3.07930500602
-5.55462043427
-2.43776824034
-4.20733759677
-4.33502371994
-8.10938981979
-6.16016427105
-6.19967793881
-5.20102105935
-3.04520222046
-0.487651407897
0.492063492063
-1.58478605388
3.10906399079
4.4392910386
4.12776412776
2.80678851175
4.55675227838
0.829324929507
-1.82143437957
-2.5538707103
-1.39983909895
-0.903119868637
0.33283408221
4.22033898305
6.38478519273
6.65865797151
2.80216070223
0.822147651007
-2.55986787779
-2.90189612531
-2.98035298035
-2.72577996716
-2.05423171734
0.899850024996
0.597113949245
-0.612278669535
2.95857988166
3.57446808511
6.79836269799
5.31004366812
3.07010063108
3.51767588379
-0.894062078273
-5.43588017503
-4.51967978652
-1.07980428547
-2.12401507366
5.85714285714
4.19077678415
3.84482161413
4.90265486726
2.00943561069
-3.11418685121
-0.989583333333
-0.465436993622
-1.27555477896
-0.104730319427
5.43597227289
7.2625698324
8.73477038425
6.25696249536
6.78471575023
-0.0182381907715
-0.573967783744
-2.55707762557
-2.14389534884
-3.64583333333
-2.47242974031
-4.91197183099
-2.58007117438
-3.69203849519
-2.86113049546
-1.62729658793
-1.38888888889
-2.17580504787
0.740349021682
-1.91649555099
-2.10688591984
-1.45423438837
-1.87873612297
-4.25316455696
-2.79441117764
-4.12218755132
-3.94412489729
-1.61317425643
-0.703871292107
1.86377499153
4.71195184867
2.61382799325
0.710780165849
2.10472279261
2.69705933531
-0.274395472475
-1.39674093781
-0.0338352224666
-1.81451612903
-3.24915824916
-2.76805069201
0.417431958591
-1.08768406961
1.5873015873
2.13204951857
3.12983662941
1.88839741409
1.28813559322
1.20918984281
-2.25210084034
-2.98631965299
-1.37583892617
-1.0067114094
-3.51666666667
1.27659574468
1.19871686645
-0.351111854205
1.01694915254
2.52904989747
1.13616801515
0.645709430756
0.588631012445
-1.50250417362
-3.98687448728
-4.84848484848
-2.59847732539
0.660233621127
2.9563423857
4.88728273963
3.79122747365
2.28542407313
0.118644067797
-1.18885869565
-1.80804325786
0.70193460024
1.11263266005
0.665415458113
-1.70283806344
-4.05317769131
-3.74093605801
-4.3236161153
-4.63716238204
-2.28384991843
-2.40506329114
-2.94305822137
-1.30919670276
-1.61677605251
-1.8571886007
-0.784929356358
-3.26473773789
-4.12211374554
-3.84792981376
-3.87811634349
-0.20366598778
0.046439628483
-0.139275766017
0.417310664606
0.277777777778
0.456405413912
3.37654024644
6.72171758877
9.754028838
10.6368448011
6.61073825503
6.82051282051
1.93602693603
0.0169664065151
0.704951856946
1.63710777626
-0.611620795107
5.50621669627
3.09602938604
5.36231884058
5.90572512191
3.53562005277
-1.57342657343
1.72597864769
-0.719424460432
-1.66933049192
1.26469540435
1.41843971631
-2.05646566748
-5.07085538672
-2.74611398964
-1.68126094571
-1.69077915287
-0.208695652174
3.75553587245
2.44161358811
0.794351279788
1.66578061315
0.559636236446
-1.62077378878
-2.96995708155
-4.58143843692
-5.41401273885
-4.49306831468
-4.5416735984
-0.83418454205
1.76551251286
2.80889195244
0.876158382477
1.76062298967
-1.29390018484
-2.26168537443
-1.67739749238
-0.11780545271
0.974358974359
1.1043153245
1.06671181849
-1.40327430672
-0.117666834762
0.757836720634
2.01039861352
1.95063007078
3.92361111111
4.18563922942
1.68126094571
3.27546089135
2.98666666667
2.41820768137
1.65568808973
-2.34308192235
-4.60986853338
-3.48318462594
-5.36765943126
-5.43771043771
-2.32208486468
-2.8206404513
-2.28034875922
-2.52583237658
-3.47741306467
-1.35135135135
-2.0
-1.47034528333
-0.375816993464
0.951443569554
0.780601229032
2.58548790659
-1.24000652635
-3.02646173348
-2.85258964143
-2.80871670702
-3.22841000807
-0.162892979313
1.83959980636
3.63336085879
2.58320914059
3.38785046729
3.29799764429
3.97651006711
1.6792611251
1.05421686747
-0.547717842324
-1.84971098266
-1.90915075708
-1.17822768005
-0.116998161457
-0.281363786826
1.05140186916
2.34124978946
-0.132582035134
-1.67625308135
-0.918333879961
-0.100033344448
-0.802005012531
1.0550996483
3.27562797013
3.04156809733
0.570087189805
-1.57868771584
-2.14683710259
-4.41271901363
-3.06306306306
-1.68150346192
0.148221343874
-0.04914004914
0.636734693878
-0.19617459539
-1.02790014684
-0.377358490566
-0.375326370757
0.212696335079
0.509365757476
0.426019990169
-1.2955465587
-1.4157014157
-1.56224834917
-0.766345997065
-1.46916370681
-0.403225806452
1.13895216401
0.860948667966
-1.16035455278
-2.51809883538
-3.57698289269
-3.84856070088
-5.29230769231
-3.66402732495
-0.641125879593
1.90174326466
2.4030759372
3.04375396322
1.5610217597
-1.11334467296
-1.05065077623
-1.40578107724
-1.4375
-0.455187568671
1.14169533938
-0.172197871008
-0.23636936653
2.82776349614
2.75806451613
3.19561007101
6.14822200066
5.96092836868
2.96112489661
2.00723922343
2.59976817354
0.133111480865
-2.64954486346
-1.83501136733
0.963455149502
-0.853718601215
-1.65275732286
-0.210867802109
2.54787676936
-0.331125827815
3.55321319279
2.58519388954
4.84693877551
3.10782967033
6.61959399823
1.76470588235
0.761163734777
0.0
1.48109426729
-1.28942324447
-0.447812607647
1.98378471623
1.20481927711
-2.43114586875
-3.78876781224
-5.00654450262
-7.05467372134
-5.29747351263
-5.35800482703
-4.63629096723
-3.70253663148
-0.747931253978
-2.68083756345
-2.86026883401
-2.21979052681
-0.936475729671
-3.17411402157
-1.5
-0.975081256771
-1.06712032168
-0.280155642023
1.51728452995
-2.08078335373
-1.71889260724
-2.91291291291
-3.33985256507
-4.58208955224
-3.51343371715
-3.57876210032
-2.7453271028
-2.77899663595
-2.46032901441
-2.15224613607
-1.57355276454
-1.16899985568
-1.39890395154
-1.49146708734
-0.028880866426
0.844373271219
2.5455083617
1.85076380729
0.911722141823
-0.830588572247
-2.16493377012
-2.95849490162
-3.73303167421
-1.88839982962
-0.385164051355
1.15257167555
1.94729136164
4.50716713462
3.42143906021
2.36565420561
3.31944030962
0.901167085242
1.28723245023
4.86603018171
5.84234930448
2.78457772338
4.60516148972
3.34106728538
-2.05128205128
-1.2213740458
1.94977382624
-0.108058042606
-0.400554614081
1.90593298494
-1.39996989312
-4.49873380009
-3.97272457753
-3.26378539493
-2.89552238806
1.55939458798
0.780663564029
0.207961972668
-0.622037914692
0.676183320811
-2.66369047619
0.120246505336
-0.487804878049
-1.2865497076
-4.69712158098
-3.18397925371
-3.81668353332
-2.98293417467
-1.65348670022
-0.128718535469
-0.686793532694
-2.59118434023
-2.63892767383
-2.67282395746
-1.2987012987
-2.14225707085
-0.070363073459
0.604017418177
-0.956340956341
-2.83911671924
-1.53040121329
-4.14137326319
-4.58383594692
-3.05025530771
-2.04218729007
-2.57891202149
-0.895721925134
2.66960231182
1.83360700602
2.76128675963
1.44433846573
2.59223700453
0.400663166621
0.841727611425
-2.33279395901
-3.47231356044
-5.07746387189
-6.24352331606
-6.81496721101
-4.99615680246
-0.366924387367
1.45291242901
2.25165562914
3.19798301486
2.3737704918
-1.35729058945
-3.83589483043
-2.32858990944
-0.198649185538
-0.961163787505
1.68243953733
3.76960590484
2.50629889935
-0.710059171598
0.0389812889813
-1.61644898487
-0.991778676758
1.75414923762
4.57920792079
5.07919169853
6.44184445974
6.29768345124
4.39498520918
2.45139475909
0.798238370493
1.42398436409
-0.510626552581
-1.34797109505
-3.46797225622
-0.329218106996
-3.83944153578
-3.25767690254
-2.12187159956
-0.108680885749
-0.409836065574
0.134426670251
1.07962213225
-2.07778369739
-2.55493778131
-3.26417338443
-1.41796978532
-0.922583233053
-0.503578054598
0.425418771603
1.43431635389
0.0132538104705
-1.07142857143
0.159277940005
-0.0929738345066
-0.360625083478
0.895961487029
0.692594565796
0.159532039351
-0.145888594164
4.23221495197
4.32477678571
5.76137484153
7.44179402942
7.74507002001
1.16901408451
0.0558347292016
-1.19693806541
-1.5607424072
-1.25582051644
1.55914747533
0.872993522951
1.64096760504
1.80360721443
-0.323488045007
-2.90277777778
-3.01788884337
-4.93544916622
-6.87816582245
-5.79038028356
-4.90027737419
-3.0836421387
-2.46589716684
-0.569913850232
-0.905987394958
-1.41927083333
-2.01011541953
-1.2691012691
-1.7578125
-1.81771303339
0.0390777647519
-0.361803850627
-0.245446324764
-1.75259050787
-1.05867346939
-1.82864450128
-0.0903692228247
-2.94633901705
-1.30050505051
-0.254452926209
-2.15215215215
-3.83612662942
-0.746640119462
-0.226757369615
-1.33065528496
0.12528188424
-0.161130391671
-0.235878336437
-1.79388840777
-2.11354141067
-1.96511913535
1.62488978461
-0.83712913948
-0.516923076923
0.308147417725
-0.036832412523
-2.94621026895
-2.4381455681
-2.79937791602
-1.98139422496
-1.85564525846
-0.583373845406
-0.299365345468
1.17404986686
-1.46428571429
-0.216424191415
-2.30349085728
-0.843030159107
-1.94635651555
0.454436737623
1.47632991703
1.862602806
1.39658078497
2.75609756098
0.323935212957
-3.31485195234
-3.79334419362
-3.82121352478
-4.4734389562
0.639942042985
0.55753262159
4.14444983034
4.8439966007
4.91322415057
-0.790608528989
0.837320574163
-1.62136385312
-2.88846970054
-4.14714151828
-1.97275716299
-3.30788804071
-4.07136322049
-1.94219653179
-2.21102073548
-4.97656773042
-4.28429093324
-2.51950947603
-2.90717252217
-4.23477783873
-2.89305450211
-1.75114204916
-4.00256849315
-1.92646411273
-1.76743183533
4.6016094299
7.41909101531
8.63853040344
6.70738869964
8.09645852749
3.58065273538
4.27631578947
2.95666746469
-0.665110851809
-2.34357224118
1.88995215311
-2.87539936102
0.747708634829
3.09154336581
7.60190965846
3.63208131895
0.439743285001
-1.90464923696
-0.0240529164161
-2.26130653266
-3.6776119403
-1.80884583965
-0.693139097744
0.180722891566
-1.93593804998
-1.93208430913
-0.0466581126793
-2.41889258283
-4.83833983031
-2.58315236027
-0.408163265306
1.02521800613
0.333563377042
-0.490587564176
-1.27510719928
-3.29310928161
-4.92941967287
-5.25283347864
-4.85236647851
-3.76805299164
-3.94323475246
-2.69268505396
-0.217485863419
-0.270650644149
-0.946541895235
-0.270095073466
-2.36295902076
-0.303555941023
1.13872769079
2.25472943247
1.31348511384
3.6060873401
-0.464012085896
-1.9327821325
-1.87783293762
-2.26786478391
-4.36616747522
-2.18492716909
-1.76160337553
-2.51446607049
1.45430866073
4.30095699043
3.71100164204
2.89807880169
3.80037130064
-0.0759136753064
-2.88430723213
0.230414746544
0.152190455484
3.46892655367
4.8675082452
6.78758840977
0.840894003098
5.49311926606
-1.02885260568
1.24352331606
3.69056068133
4.02854511971
1.0311667246
5.83501006036
2.05640423032
0.511235287124
-1.07037121385
-0.838694852941
-4.30399818779
-0.676937441643
-2.62792313035
-0.113739763421
-1.74963314144
-0.975773889637
-3.56781091728
-1.97458011802
-2.22419928826
-3.11679790026
-2.55737704918
-3.4553949799
-2.39255649092
-2.17580504787
-1.38050043141
0.350954156613
2.38068750695
-1.24699190549
0.535929126107
0.64039943558
-2.4082200578
-4.02519752296
-3.57557219703
-2.39137397246
-3.02105263158
-0.277510940335
0.160410651267
1.0444420761
1.7267593397
4.14382810787
4.04219877846
2.12975098296
2.36744490508
1.97120708749
0.429373554993
1.15704336104
5.81301282792
9.23608628292
6.13540197461
10.1637355973
6.67465548232
0.616279069767
-0.035739814153
-0.0587337013979
-3.09120827457
-2.14587242026
0.350058343057
-2.33856893543
-0.362827715356
3.61709901352
4.71512770138
4.65258273293
5.18908334353
2.66762797404
-2.69021095046
-4.73739618669
-4.27819988311
-4.28722033501
-4.35582116998
-4.22247446084
-1.64519098021
-1.85843753585
-4.21855716369
-3.20391589721
-1.44311444233
-2.75229357798
0.183886909551
1.57264957265
3.69131387703
2.5232251405
5.76263164123
5.47945205479
6.41523162746
0.0115366866636
1.41909968594
-2.91786329696
-3.98091025492
-3.8815712787
-2.02328472929
1.82399620988
2.41176470588
-0.0465386852821
0.692488262911
2.56202179457
-2.05336426914
-0.258155362591
1.61976826673
-2.09147322455
-2.55309534568
-2.30080471495
-3.96664412892
-4.8807917229
-2.8903024216
-1.3154960981
-1.47403685092
0.135409614083
-0.869565217391
-1.31057268722
-3.43416944773
-4.10152066824
-5.72340425532
-4.83768300446
-3.80336900095
-1.41158989599
0.842332613391
1.66558511789
1.95781503515
2.83255256564
1.23562909638
3.23299888517
3.18044861065
3.28454921238
1.90962584656
4.78495834272
-0.255754475703
0.889439315469
0.35878461711
0.434879571811
-1.21232343455
-1.50054764513
-4.15452681558
-5.47901653243
-5.16074450085
-4.01409202519
-1.3079667063
2.17199558986
5.07795100223
4.56706845074
4.83491885842
4.2248760703
3.2911969024
4.77190526193
5.45772594752
0.0447878177136
2.26984675654
-1.4146177164
-2.48037319376
-3.2276266787
2.5844245348
-1.77682209144
1.22741220593
-0.823741819002
0.888079243994
1.4803590162
4.06312566247
0.330672748005
1.95582144501
0.262557077626
-0.717509547506
-1.89485846332
-0.487915579258
-1.61856253537
0.217366434046
-2.10717117934
-0.460034502588
2.54828950431
4.79183963943
1.56867301882
3.26392138512
1.79114961367
4.56259885631
4.33114713526
7.13307606125
4.83198430218
2.94046758255
-0.808592807145
-0.222249660452
-0.581683168317
-0.195838433293
2.85076846802
2.42274412855
-4.01753970135
0.460027352978
2.48369292524
5.32637075718
3.25462667518
7.72373292481
3.86105371901
1.27032520325
-1.99590583419
1.91207075963
0.204682103109
-0.0129115558425
2.14091086026
2.12988370574
-1.37267479153
-0.812079685319
-3.60920970753
-4.02241594022
-2.76966078008
-2.50156347717
-2.06288057661
-1.0224193151
0.362454693163
1.79772374547
2.47372468598
5.68689256633
7.35255223486
4.2203985932
5.54190554191
3.68106312292
0.76760190577
-2.42580645161
4.80546075085
-4.14758602643
-0.0398512221041
-2.81672025723
-2.65042080141
-7.13742393509
-1.6218303514
-3.52428553121
-3.61968513698
-1.28952262864
6.50823656495
0.0386299253155
-0.699923644693
4.09032258065
3.4770336156
-4.21624418003
2.09018009728
2.05194805195
13.9705882353
24.9839640795
5.80186097427
4.98205906707
23.4963913392
-2.08783297336
-8.34803057025
-2.5470062675
1.34265734266
-3.43812916215
-1.33541696264
-1.44843568946
13.4664850961
-4.48837830617
-13.5030140656
-6.20919387075
-6.85375067458
-11.0378247409
-3.39398632082
1.30275478355
7.27558604917
0.229885057471
0.364766279384
6.66207845836
6.90555636153
-7.22715820183
0.366449511401
0.87217225402
-4.82117123018
-6.1154998638
10.0715224055
-2.80965571824
-6.87817258883
-2.27883753681
-9.23476325875
-14.5227698066
2.01857085184
1.53330756346
-1.03889522362
6.05742755998
4.63446475196
-6.64572864322
-0.754475703325
-1.42375421506
-4.6863284179
-4.78558110628
-0.437773608505
-5.94178494106
-1.22131754256
3.92207792208
7.23806984804
6.72807368843
10.7057256991
6.96753760887
-0.246145873818
-3.84516790567
-4.68252958392
-5.92509081799
-7.17785399314
-5.43917677325
-2.83935242839
0.434504792332
0.935642938425
5.24687379141
6.65011758558
3.05441478439
4.19440745672
3.16984085573
-0.67861715749
0.327696945864
-1.69063840525
-4.00102262559
-1.76832393644
-0.636132315522
-3.33248859605
0.01261829653
1.5974025974
2.03974895397
2.49054635546
1.02406554019
2.04738604172
-3.48458260216
-4.80458053274
-3.5103170609
2.60047281324
4.12979351032
6.06221749535
7.70880815123
11.5039281706
5.83819849875
3.35365853659
5.60157237119
7.63347763348
-1.12359550562
-0.152671755725
1.70542635659
4.90427098675
6.76321059929
12.0105655687
9.69853836784
14.0308582449
6.04404185538
0.526560322131
-4.49621605579
-0.136840504789
-7.3417721519
-4.71726190476
-3.58369419143
-2.46055869156
-4.91542576261
-1.72691350798
1.67952791648
-5.04749751879
-0.417987892764
-1.4110604333
-4.07131826478
-5.55873106602
2.76846859974
1.87958883994
1.34334825943
1.39501779359
-0.653038046564
-2.02712348323
-0.887789259205
0.391531322506
0.587056128293
3.55777712438
3.47119645495
0.836513061344
2.29936211245
4.62921348315
4.18134476949
2.21953797373
5.23552123552
2.5871252473
0.270392068499
-1.27022531378
-1.267143709
-5.39158386908
-1.4399280036
-2.11733568593
-3.03519061584
-0.842572062084
-0.204141149023
-3.27868852459
-3.9406779661
-1.54468023675
-4.47613668455
-1.70560412785
-1.18979357798
2.44537693532
-1.74468085106
0.425411230856
0.229852032754
2.00321684457
0.406799360744
0.988397077783
3.25036603221
0.548894987722
-1.38428262437
-4.08305462653
-4.2649478881
-5.24417314095
-5.13839408057
-4.96094285323
-1.92701927019
-0.27352297593
-2.383531961
-1.44496961512
-1.09785849824
0.494437577256
2.08013402206
3.38840660879
3.65341545353
3.84236453202
5.7669959326
3.88687454677
4.33893352812
2.23239839725
2.89645184649
-2.46528761689
-1.37319410671
-2.99036281179
2.02949335669
1.39500734214
6.03966346154
5.5086024751
6.95770804911
5.17506142506
3.65296803653
0.513440048324
-3.18527177089
-3.63716038563
-4.96205487449
-4.69973890339
-6.03093514971
-2.21460208601
-4.39882697947
-5.21510582377
-5.23711340206
-1.97523994992
-2.01595968081
1.2584841629
2.69924705214
2.97239915074
1.82719546742
1.99914322433
1.41976193891
1.32431265294
2.12489158716
3.62542198738
1.33121111272
1.42545454545
1.84723647559
3.95191585274
2.46653632125
1.63235294118
0.233270155999
-2.44565217391
-6.66199158485
-5.92812676853
-4.72187193499
-3.20349985888
-0.285225328009
3.10918293565
3.31822832919
4.67879143444
3.80896571931
1.3587742122
-2.12314225053
-2.96453900709
-3.49610757254
-2.4578450986
-1.17142857143
1.66930493596
0.227466590844
1.15979381443
-0.0142877553936
0.618082506828
-0.486896749248
1.94202898551
1.32017989264
1.87772925764
-0.02873976146
1.10033299551
0.56843025798
2.46766760815
3.1841393812
2.9742527375
0.597145353918
-0.087374399301
-2.57784214337
-3.88335498773
-3.63610437758
-2.27725590663
-4.41258351893
-5.33315053469
-5.26531728665
-4.74055963054
-3.7797863599
-2.00518346747
-2.01504567437
-0.611662362376
0.532568619418
-2.52302763316
-0.717768147346
0.648999459167
2.65103948654
1.49688149688
4.41873431837
3.56241234222
2.01379310345
-1.25378892257
-0.960878517502
-1.19818206859
-2.20820189274
0.834492350487
0.151786946323
-2.12279994626
-3.22537651606
-3.13537930118
-3.68385800402
-2.56789459532
-1.67767503303
-1.23733052521
-1.56924284033
-0.293842660612
-0.919142134008
-0.447133087849
0.237498350706
1.97359647953
0.835016835017
1.76223397045
4.23577793009
4.12144525347
3.5773480663
1.9497459838
5.85449849333
5.46479687726
6.37147449949
6.12723541483
6.7732004105
1.72237629543
0.875018229546
0.24904775857
-0.6408389164
-1.25940938043
-0.479372457873
-0.290824487422
0.102654348145
-0.708604483008
-0.489772399885
-1.68523279063
-1.47564469914
-1.91311852704
-1.63584637269
-0.757684060043
0.502368307736
0.172215843858
0.59325712632
1.48693518118
2.82228428634
4.45277361319
5.41603630862
4.95064540623
5.08191747573
3.79920659139
2.67857142857
2.59196026696
-0.498640072529
-1.5531660693
-1.59159159159
0.370828182942
-0.570987654321
2.84382284382
2.69938650307
2.69853508096
-0.797057020233
0.0
-2.91188895594
-0.851581508516
-1.68283808369
-0.956429330499
-0.917431192661
2.06344317832
0.320366132723
1.25882714154
1.33846153846
0.0
-0.839822873721
0.183402109124
-0.39755351682
-2.21152399579
-1.62454873646
-1.93171608266
-2.66289794704
-2.70752752157
-0.494011976048
0.27149321267
0.315457413249
-0.20783847981
-0.252262947025
-0.35799522673
-1.00044796177
-0.567587752054
1.29323308271
1.64404223228
0.751427712654
-0.490341753343
-0.149142431022
-0.716631830397
-1.93758319775
-2.41970963484
-0.883652430044
-0.43065043065
-1.29678750368
-1.67248400233
-0.756803958667
-1.10690358287
-1.85104212214
-0.585994726047
1.22184601796
0.70350285798
-0.449470784399
-0.449796865932
-0.437572928821
-1.89196995956
-1.52980228027
1.02534055954
-0.390229801995
-0.145645208273
2.16910137229
2.13738207547
2.70798856627
4.56400181351
7.46595711379
6.38932496075
4.00122642956
3.11821284518
1.94114928362
-1.31294408403
0.157232704403
3.09783467678
2.6596591814
3.93915132106
7.30979612133
4.46780551905
5.11712909121
5.15826494725
5.29421682684
-1.83859420761
0.694674164737
1.5864978903
-1.74428171795
-3.65497076023
3.24206282547
1.95615514334
-3.2495101241
1.23271697485
-0.53320407174
-3.76656967346
-3.37298354245
-2.03167493201
-3.96736522156
-1.13418530351
-1.96513470681
-2.78789798828
0.920245398773
2.30769230769
4.21175295489
6.76818950931
7.96989909355
8.11659975563
7.06150341686
6.11199434729
4.47233515998
1.75774451793
-1.9510525415
-2.95868049651
-3.69173188159
-4.02103834408
-3.29855267587
-1.40060749241
-0.776109330184
1.41476880607
0.872839294883
0.797285835454
1.87381811931
-0.1852475581
-2.94708640322
-3.24557045869
-3.05870744943
-4.49844032179
-1.59098442161
0.0670241286863
-2.50242169842
-3.04528061224
-2.88584183673
-3.7793015468
-3.69533645312
-0.816653322658
1.27563378007
3.85825467793
4.11754939399
3.43849106994
4.29191716767
1.82505754686
0.399002493766
1.58542755945
1.73204279165
0.638655462185
3.18968442484
2.10490578849
1.38508891929
-1.52173913043
0.847457627119
-0.287599390966
-3.2835330816
-4.22535211268
-2.47879973907
-2.55986787779
-2.69958847737
-0.22932022932
-0.228758169935
0.524590163934
-0.753974758236
-0.409836065574
0.131212071511
0.691016781836
-0.89358245329
-0.861228469288
-0.73230268511
-0.294358135732
-1.57085020243
-0.259277264625
-0.837898807606
-0.227309628186
-1.03576630523
-1.2631915574
-0.77182826821
-1.89693329118
-3.67532061307
-3.22631166797
-2.85803044424
-3.65608055771
-2.2256568779
-1.69126691267
-2.22052067381
-1.24252185918
-2.61013880507
-0.644963144963
-1.46947432207
-1.53799758745
-1.73349412119
0.12084592145
-2.11934465655
0.517740216233
0.151011778919
-0.225597834261
-1.12023898432
-1.93101415094
-3.38384581433
-4.55462669357
-5.01428571429
-4.79237770193
-3.95016282033
-4.44256994236
-3.41083112905
-1.39456261445
-0.227014755959
2.4514070206
3.07201854804
2.16185464372
0.637935922881
0.413164268414
-0.0579878225573
-1.24499141385
1.56001733353
1.56947444204
0.90569292697
-3.29454647413
-2.23838836038
-2.75319567355
-2.60832982751
-2.65883011475
-0.723729993041
-0.722222222222
-1.37157107232
-1.45107794362
-0.997506234414
0.0
-0.304624757685
0.013856172925
0.193852118527
-0.742574257426
-1.30494505495
-1.33879781421
-1.15052732502
-1.63443203487
-0.885920676026
-0.763358778626
0.109409190372
-2.06572769953
-1.97596795728
-1.78045515395
-2.4208566108
-3.26762799312
-0.771995208306
-1.04373100806
-2.45494907286
-1.99452483379
-2.89054470709
-4.54834201499
-3.25920245399
-1.50482315113
-2.87414535325
-0.954319888026
0.0381291306558
-1.78257594778
-2.66649974962
-0.0126598303583
-2.59048091225
-6.23286854964
-4.4958638053
-4.2665388303
-5.15129682997
-3.87227451448
1.12075198843
1.04179285282
0.288461538462
0.555421395798
-1.15416323166
0.0120525491141
-1.36216991277
-0.810681926562
-1.98816568047
-0.62031835206
-4.7088549443
-2.65208793765
-1.71080384345
-1.20425581667
0.754716981132
2.33897508228
0.174784432533
0.305594734368
0.956090651558
0.236406619385
0.829580469306
5.45588596707
3.60448124696
2.84049526584
3.94397346111
6.39263648972
0.271069492361
1.57081014224
-0.555287300821
-1.41715116279
-3.98305084746
-1.89773963496
-3.31260464004
-0.754762190008
-0.828828828829
-2.23695111848
-1.66409128729
-1.25177137459
-1.64958171321
-2.54038866776
-0.810049307349
-1.90065298507
-1.47760325771
-0.340535462659
2.69295503727
2.42905242905
2.78044103547
1.96939138688
2.4789410349
-0.739856801909
-2.90718038529
-3.38119499768
-2.23845975412
-4.94166094715
-4.5340624288
-1.93496679643
-1.84132757445
-0.862366333218
2.1023125438
3.50194552529
5.71290244493
6.39738783408
4.55638374609
2.73578113751
4.54881656805
1.93707587909
2.25052553481
3.66400797607
3.64382539485
-0.758502569122
-1.55471881453
-0.858158636754
-0.533035824966
-1.08254397835
-0.268423621279
-0.0728243718898
-1.28282706039
-3.35449862226
-0.902108984518
0.774621910734
1.49051490515
2.9144351725
4.3375
1.5725606736
0.184774575018
1.75482577087
1.33787706677
-0.472754416522
2.66971777269
2.47412269629
0.961781827385
-0.60218291306
-0.235819784039
-1.45326985718
0.994390617032
2.91742641313
2.29722792608
1.18045962577
-0.535825545171
-3.61268124846
-6.3772710645
-4.50980392157
-2.37832536472
-2.56192326372
-1.261829653
0.13431013431
-0.354133593845
-1.10329776916
0.145914396887
-0.698795180723
-0.907441016334
-2.0805930886
-0.984393757503
-3.26981886615
-2.60502229524
-2.27030862008
-0.877089012682
-0.0120033609411
4.37024306408
6.80536408071
6.24371859296
8.38900308325
7.19248584663
10.3196099675
6.64260892809
13.4064681579
8.65438302624
14.2437160076
3.1573065102
3.91666666667
-5.51891237044
-2.5306122449
-8.26591154261
0.902170848604
3.15186246418
5.85636933599
-0.217214227532
0.843078596682
-1.15647206354
-3.90969162996
-5.31570426336
-0.338249222027
-0.648473385571
-2.3404544836
0.693096756307
4.17427969079
0.353021045485
1.64789892887
3.49246584988
0.417594654788
-0.697836706211
1.3904185022
-1.60789082556
-4.74849094567
-2.5237449118
-3.18875827591
0.930943448659
6.88908145581
7.56023661809
2.76073619632
1.50870936771
-0.138753989177
-6.28045479155
-4.57111386479
0.801124385102
0.109844844158
-2.54225828262
-0.0135336310732
-1.26427406199
-6.72522286314
-4.51029238233
-4.16018662519
-3.24734843525
-5.82511842274
-1.53607848199
-3.32107998479
-1.61927833737
-2.9729386355
-2.52090353176
-3.36784333292
-0.692346424975
-3.25644504749
-3.87151929653
-1.65684830633
2.66359328979
4.60890176455
4.78221532894
3.82957139234
3.76974019358
-1.58790170132
-4.78936810431
-0.0258431321876
0.203303684879
-1.50526843954
0.493920972644
0.847136173979
-1.09904153355
1.07885949139
2.33632862644
2.66545312703
4.02472708142
4.92089031912
5.35859269283
2.71624472574
-0.0259976602106
-5.482347091
-6.5296403058
-7.38187742825
-5.73026724674
-4.81316505815
-0.789343857918
-0.100162764492
-1.90558150971
0.499687695191
0.360114243139
2.06445115811
-0.199925028114
1.47205588822
0.653841317742
-1.79268292683
-4.42733397498
-5.05398030609
-5.93757333959
-6.74249530957
-2.58968876218
-2.52140260349
-0.55450684285
-0.906976744186
-0.860265054638
-1.84235074627
0.176221804511
-0.865497076023
0.326644890341
1.10484250118
1.20368185037
0.282752120641
-0.221729490022
-0.844418739156
-2.24060668735
-3.14321636758
-2.96101520521
-1.70910759348
-0.882825040128
0.299642733664
1.93405569148
2.31606035794
4.10795318844
3.87042991545
3.87884592362
1.07159679699
-0.303206997085
-3.01135047487
-1.58227848101
-1.59048067861
1.33651551313
1.57545605307
1.97236329278
1.42653352354
-0.620536236975
-2.12567157206
-2.48353933233
-2.58858720663
-3.33256722593
-2.20975498054
-1.84569528832
-0.654119807207
0.485549132948
0.218818380744
1.1699293409
0.252844500632
1.49079897508
0.780612839334
2.35765648945
2.40806642942
1.70660432496
-1.15127791849
-0.22087886538
-1.46358462075
-2.47570569181
-1.65536268537
0.300230946882
0.0116265550517
0.890659791398
1.04032729398
-0.0459611628174
-0.023089355807
0.174703004892
-0.871282527881
-1.36054421769
-0.045940048237
0.92042409414
1.03553777359
1.48549870314
3.39771101574
5.9632469271
3.78476420798
1.65071770335
2.25437010247
-0.154743482919
-3.83850204798
-3.55685131195
-1.96998123827
-2.75498241501
-1.96055549072
-0.996408295678
-1.26655152562
-0.917857557802
-0.906133828996
-0.752837618717
-0.838694852941
0.754060324826
0.490367775832
1.7855031335
2.20170454545
3.59438228993
3.46897131197
3.39208112023
1.76895306859
2.87384315636
2.7264946815
1.38736765243
1.13539250397
2.00073646741
0.0975134080936
-0.19524100061
0.158459288152
-0.847355041763
-0.743177387914
0.134260954473
2.70710615365
4.33676713722
6.01899383984
5.46061929847
5.57989690722
-0.486405587428
-2.55298054282
-3.61207323107
-3.03974087455
-4.50406103864
-0.558104923726
-1.75331791063
-2.85988944965
-3.4171579834
-3.8115530303
-5.10768506532
0.0243575691146
1.35184508586
2.30182176268
2.52427184466
2.12740384615
-1.19133574007
-4.04347317985
-4.80431216311
-4.4969865554
-2.76966226481
-2.00471698113
2.29527794381
2.68319095175
2.25171841669
1.72372800761
-0.783900783901
-1.64609053498
-3.0561063805
-2.12272358195
-2.42431272474
-0.558464223386
-0.187771388335
1.35965949397
1.13796339747
-0.35829865927
-1.71526586621
-2.68387391503
-2.61370178469
-1.92152801749
0.7452258966
-0.11422044546
0.125786163522
-1.21701546861
-1.55188038061
-2.63038548753
-1.00633197648
-0.782845473111
-0.31746031746
0.318181818182
-0.53005526108
0.0452488687783
0.216031836271
0.846101074777
0.307762452981
1.55766807926
0.397501419648
0.23934351493
-0.726447219069
-0.193401592719
0.126146788991
0.85910652921
0.711662075298
0.881713042483
-1.22485672547
-3.02491103203
-2.43629861422
-2.7895559027
-2.47906197655
-2.45533267565
-2.57854821235
-2.6438907627
-2.21494817239
-1.12620072872
-0.316870629371
0.413402959095
0.0326512842838
-0.0981033355134
-0.723446234791
-0.305010893246
0.513942044833
0.0871459694989
0.0218054949847
-0.51254089422
-0.455432661028
-1.1885467315
-0.949503668537
-0.44502333659
0.736021091948
1.15169463639
1.66977919367
1.27854879248
-0.270621346612
-2.52703715601
-2.47111681643
-1.21540965817
-0.737607115739
2.43956531382
3.90520694259
3.37277452173
1.68836901346
1.11878907535
-1.55021834061
-0.432037221668
-0.220677479863
-1.08066804934
3.39079156271
5.20271046285
3.50877192982
3.79065506184
5.9442581242
2.45149297084
1.07963779893
0.879120879121
-0.399224364093
-1.17714285714
-2.20429496648
-3.31125827815
-2.44865718799
0.366342301088
-0.681044267877
-0.124829777576
1.07783072385
1.1528364342
0.183507282945
0.421748546677
0.136363636364
-0.519187358916
-0.904875014139
-2.02269917968
-1.92286193404
-0.654775344322
0.590372388738
-0.517609992123
-0.636444841447
1.14201718679
-0.348745640679
0.974435400665
2.24344224574
2.85976800276
1.81901911121
4.4535840188
0.785673021375
-2.01781084432
-1.67137210615
-2.36061151079
-3.21846923689
-2.18128390597
0.646698434309
-0.617283950617
-0.725365472604
-1.84192900201
-1.17279124316
-1.48653179837
-1.21951219512
-1.31057268722
-1.47382314122
-1.28996692393
-2.05801860974
-1.66793851521
-0.340248051806
-0.915431560593
0.0330870188596
1.53384461487
1.87694358063
2.19854178351
2.25094718074
0.980064595166
1.94900849858
1.61381333935
0.985500679656
1.44698168664
1.26311040938
-0.305015815635
0.282933454052
-1.16435288849
-0.573226930426
0.0903036460097
-0.762331838565
0.752565564424
0.915150830415
-0.625488663018
-1.07202680067
-0.257184390026
-1.40528386734
-1.22754156902
-0.0334970969183
0.946905647616
0.517028211757
-0.235531628533
0.504710632571
0.336096795877
-1.24679951019
-0.447577486852
0.439337614059
0.654775344322
0.710820264019
1.88272655098
0.0895956994064
-0.280835767243
-1.719738156
-2.15279311106
-2.15292420375
-1.63049465682
-1.72223448885
0.222395196264
0.902305892837
1.23581620043
2.44920993228
2.03897713191
1.40956247181
0.616453709931
0.0224744353298
2.43958839172
2.4939383443
3.02044609665
3.00161625491
1.76100628931
-1.81632421387
-3.01231802912
-3.74594655037
-1.64641762235
-0.625
-0.136038997846
0.348353747612
2.19403496743
-0.631840234684
-2.24394578982
-2.61647162729
-2.36972024136
-4.56924754635
-2.63649346369
-0.133126248059
0.532741398446
0.0439029744265
0.504164839982
0.363836824697
-1.76547515257
-2.61565067013
-1.82112068966
-1.03048052934
-1.18749319098
0.25128373211
0.151547954103
0.781928757602
0.10858942339
1.45904719797
0.0765361906845
1.7512941954
2.71054099275
2.0613986479
-1.07162383816
0.373134328358
0.364802122485
-0.100289725875
-1.20442351911
0.960476926474
-0.426182930827
-1.59904274992
-1.38461538462
2.56035934868
1.22932498882
3.42450271248
3.16462798788
1.33630289532
-1.0995113283
-0.962921970116
-2.01550387597
-1.68799646955
-0.981365089867
-1.67085289942
-2.05962059621
-3.2569102207
-2.3486317604
-2.7661627533
-1.95931477516
-1.07238605898
0.042872454448
-0.684784934731
-1.17609663064
-1.85982977829
-1.66613940736
-1.99579831933
-1.61069586272
-0.621248815415
0.400886169427
0.85079230033
1.48171836691
1.32266666667
2.415615227
3.08863512779
2.66404629326
2.55821580846
2.63849354062
1.03508389627
1.35582010582
1.89120035599
2.31543624161
2.68690275436
4.10617059891
3.19645091571
3.41693511275
2.95980651848
2.92756306411
1.3566337089
0.445612431444
-0.195200367436
0.0115180833909
-2.72399819901
-0.332302051106
0.413033501606
-0.0688468158348
-1.0711030082
1.70578133944
0.0229226361031
-0.999545661063
-0.762924163061
-1.21566861774
-0.716071834508
-1.30090497738
-0.710499605278
-1.25927591635
-0.826077249386
-1.45609318996
-0.293255131965
1.04843304843
1.80860805861
2.80009180629
2.5381876651
2.0253164557
1.98744769874
1.58139534884
1.23141263941
1.83625730994
0.671918443003
0.162980209546
0.573032393872
1.08031939878
-0.627615062762
-0.724554341576
-1.94063926941
-1.47482428851
-2.46248997824
-1.64609053498
-0.685322672758
0.424165997936
-1.35258013185
-0.342426663623
-1.06310789414
-0.477435489371
-1.13340133741
-1.06825593163
-1.35119918928
-1.3389868333
-2.05967490537
-4.20195439739
-3.32644852701
-4.73074447543
-2.544584602
-3.13814299579
-0.92512908778
-0.73378655444
0.680419051733
-1.3516412787
-2.6661068542
-2.60869565217
-2.88199538881
-2.20743557245
-1.55243425916
0.273655404694
0.378588705437
1.21990028641
0.938166311301
1.29439452289
1.59324208725
0.741603983473
-0.422520333791
-0.350578986508
-2.26868792473
-2.42070116861
-1.37916623132
0.434967112243
-1.28984899329
0.356730668345
-1.41946101625
-1.07493540052
-5.30440024111
-4.09333199236
-3.41507904337
-1.3095117247
-2.48941745616
-1.3478691774
-2.04905920599
-1.62496261589
-2.6581027668
-0.531328320802
1.39684453824
1.85631145896
-0.751954091224
0.456621004566
-0.0100240577386
-1.00477516912
1.12633181126
1.96731234867
1.98420732942
0.828785122296
1.37152077451
0.0507614213198
1.26685737638
1.86655666701
4.31207169215
4.46691951117
2.97961317303
2.91241720114
3.17055005852
2.91883680556
5.40810660744
6.25416574095
6.17325295825
4.66592427617
1.74431441819
0.592046470063
-0.902686041391
-1.64690382082
-1.78278464399
-3.75092976304
-4.83682364197
-3.31027142097
-4.49826989619
-3.78827738609
-2.41600995438
-2.32582286367
-1.92086856666
-0.49040066778
-1.2880440428
0.984293193717
-0.217571487775
2.12153518124
2.21843003413
1.34751026424
0.0
2.66992873099
-0.435197962
0.128150363093
1.62619022146
1.25106022053
-0.739098300074
0.512109249973
-0.993867625291
-0.890679673417
-0.338123415046
-0.210725950901
-1.02428722281
-1.72485453034
-3.46980552712
-3.1122031122
-2.88550086974
-3.31801939765
-1.72572245481
0.349219391947
0.929944203348
0.287326834274
0.637008116716
1.18826203761
0.66170388751
-1.10361741263
-1.246453182
-2.61156694016
-3.62477594105
-4.17120776776
-2.50074723523
-1.81094527363
-0.0699930006999
0.00995916741361
-0.237224473658
-1.06456382454
-1.86505224099
-1.38053446406
-1.56847367905
-1.69079778447
-1.18827310802
-0.678886625933
-0.889366692729
0.058852378617
0.665166780788
0.302852676827
0.801642389285
1.52808096845
1.20111177288
1.34827005056
1.67875235919
0.254827011663
-0.709359605911
-0.572443742598
-0.483425414365
-0.385909360776
0.750469043152
0.964886103651
1.3808284971
0.966231696384
1.01959216313
0.716061660865
-1.0531496063
-1.55634357762
-1.05460279913
-1.87346738597
-1.09187487704
-1.02289332684
-1.36027982899
-0.937316930287
-0.759271877738
-0.945142745786
-1.136473081
-1.39873538992
-0.301761900127
0.577638535344
0.588062334607
2.5886770082
3.67500993246
1.35161799526
0.561189327557
-0.545862169802
-1.40282513395
-2.09082952446
-2.11492032834
-0.974943940723
0.835462944761
-0.0292169848072
0.429729465768
-0.212007323889
0.254129606099
-0.963691229436
-0.388048117967
-1.11068186208
-0.460431654676
-1.88914461066
-0.436131033146
-1.23598735269
-0.00965717044905
0.968523002421
5.39721043056
4.43319838057
4.2344951563
5.44806517312
4.31400282885
0.681795054442
-0.942450370965
1.41800871062
-0.294446136664
-0.111010192754
-0.827530527803
0.716954458245
-0.793810289389
-1.00512614333
-0.61183550652
-0.191377921031
0.53807106599
0.779746835443
-0.150541951024
0.170802773033
-0.291252385257
-0.965212145586
0.263986191492
0.534759358289
1.18950793005
0.312311102156
1.72854658893
1.12947941267
2.37578762525
1.37071008966
3.63332637294
1.53702357462
-0.0410551164939
-0.278121137206
0.434737604803
-1.37973640857
-0.258960016573
1.45787774654
1.31496556043
2.50397877984
1.77093157288
2.23445938791
2.10526315789
3.18759422787
1.01822079314
1.60775127768
-0.0952179432924
0.728285316483
-1.84969876334
1.61184927031
2.5327510917
4.0510788199
3.11430149089
4.86588339614
1.34657836645
0.427584694661
-1.0134030729
-3.31019754405
-3.12466444755
-3.72967803634
-3.47126680072
-2.07021662576
-1.5247108307
-1.5435035416
-0.359978824775
-2.29552269672
-1.62712576107
0.613626745662
-0.504891132849
-1.88032412217
0.124236463402
-1.05941005401
-1.9603775542
-0.325015726567
1.69025987746
1.57745293932
1.23015455788
1.62327395383
-0.240560610815
-1.21060321436
