78.31
76.81
81.00
85.19
84.94
83.75
84.00
83.50
85.44
83.75
84.75
85.56
83.69
85.00
84.25
84.06
83.50
81.00
78.88
82.88
83.19
83.81
82.38
80.88
80.75
78.94
76.25
75.88
73.88
76.44
79.31
80.00
77.88
75.00
75.44
74.62
72.81
71.06
73.50
75.31
76.06
77.00
75.69
72.94
80.00
79.62
80.44
77.03
75.88
77.25
77.75
79.75
77.12
74.88
77.00
74.94
75.50
77.25
76.52
79.00
80.50
78.62
78.00
80.50
82.50
79.75
81.75
79.56
78.25
79.38
79.94
80.00
78.75
75.50
76.19
77.44
79.00
79.88
81.00
80.12
80.69
77.69
78.00
78.25
77.50
79.50
80.00
80.44
79.44
81.50
82.94
82.03
83.62
83.25
81.38
81.45
81.75
83.31
83.00
82.94
81.44
82.38
83.50
83.31
82.94
79.19
79.31
82.31
81.12
80.06
79.19
80.75
81.19
82.62
82.44
84.38
84.06
83.25
83.95
82.69
83.12
83.36
82.06
82.12
81.20
78.50
79.55
76.94
78.19
78.52
78.12
80.56
78.61
78.00
77.56
78.75
78.19
78.69
78.12
77.12
77.25
75.38
76.19
80.50
80.00
80.19
80.00
82.88
81.44
81.70
80.89
80.80
81.06
81.00
81.38
82.56
81.31
82.77
83.81
82.92
83.50
83.12
84.50
82.94
82.94
82.81
82.52
81.36
81.64
82.50
83.38
83.00
83.75
83.50
84.98
85.75
85.81
85.27
88.00
89.64
88.00
86.50
86.31
86.50
85.86
86.62
89.25
89.14
89.11
91.44
90.81
89.25
89.19
89.44
91.12
93.31
93.75
94.12
90.50
87.81
87.81
86.56
86.50
88.44
89.06
86.75
87.19
87.75
87.56
89.44
89.19
92.06
88.19
87.50
88.69
89.00
90.69
89.88
89.56
89.94
89.88
90.38
90.69
90.31
91.38
93.12
94.25
94.44
93.12
93.06
88.94
88.00
88.81
90.69
88.38
86.25
88.00
88.50
85.75
86.56
87.69
85.50
84.12
86.38
87.19
85.19
84.75
86.81
88.56
87.75
86.88
86.94
89.12
85.25
82.88
83.25
82.88
82.00
81.00
81.75
82.81
81.81
80.25
79.12
79.44
80.25
81.81
81.62
82.50
81.00
80.20
81.98
84.15
83.49
82.99
84.80
84.34
84.36
84.50
85.86
85.76
84.79
83.93
82.50
84.02
83.80
83.52
84.21
83.50
83.80
82.30
81.05
81.40
83.21
83.85
83.60
84.21
85.85
85.99
83.76
83.30
82.64
82.95
81.70
81.26
80.66
79.81
77.70
76.90
78.25
80.64
78.65
78.29
81.00
79.60
77.90
78.70
80.93
82.10
82.51
84.00
81.94
82.00
84.55
84.71
85.13
84.45
85.17
88.00
87.49
89.09
88.85
89.06
88.60
88.80
86.50
86.10
87.55
88.19
88.74
89.72
88.10
87.64
89.06
89.45
89.50
88.73
90.20
88.75
88.81
87.27
87.93
88.10
87.80
88.87
88.75
88.95
90.83
91.55
89.40
89.18
89.39
89.70
90.12
89.98
88.85
88.90
88.50
88.37
87.73
88.41
88.91
88.52
88.56
87.22
86.82
87.35
87.70
87.34
87.00
86.80
86.72
85.76
84.95
85.45
85.98
85.99
85.30
84.25
43.08
43.36
42.50
40.97
42.13
42.72
42.73
42.41
41.76
41.60
41.73
41.26
40.85
41.38
41.25
40.95
41.35
41.40
41.15
41.50
41.29
40.47
40.75
40.39
40.71
40.89
41.70
41.05
40.51
40.38
40.15
40.15
40.75
41.22
40.90
40.90
41.24
40.15
39.48
38.41
37.02
35.83
35.86
36.28
36.01
38.42
39.40
39.09
39.99
39.84
40.58
40.69
40.94
41.06
42.28
42.09
42.29
41.65
41.75
41.44
40.40
40.54
41.12
40.87
39.86
40.56
41.06
40.68
39.46
39.45
40.49
39.76
39.39
39.47
39.08
39.50
40.25
40.06
40.50
38.70
37.19
37.54
37.01
37.96
37.88
38.44
37.77
37.35
37.10
37.45
37.40
37.66
38.31
38.88
37.33
38.07
37.55
36.81
37.42
36.44
36.86
37.47
37.55
38.35
38.30
38.50
39.00
39.60
39.79
39.78
39.30
39.60
39.66
40.00
39.65
39.70
39.24
39.39
38.50
38.64
39.30
38.50
38.64
38.40
38.02
38.90
38.80
39.16
38.96
37.95
38.69
39.05
39.00
38.35
38.33
38.92
38.30
38.29
38.50
38.40
38.64
39.00
38.90
38.77
38.99
39.15
40.72
41.00
40.72
40.92
41.30
42.00
42.65
42.50
43.21
42.89
42.91
43.49
44.00
43.12
43.24
43.61
43.74
43.80
43.53
43.53
43.47
42.85
43.74
43.95
43.83
43.83
44.38
43.69
43.15
42.63
43.24
42.72
43.18
42.40
41.30
41.60
42.28
42.22
42.46
42.52
41.85
41.35
40.30
40.54
40.00
39.70
40.17
40.69
40.80
40.59
39.25
39.10
40.01
39.36
38.96
40.01
40.58
39.71
40.27
40.20
39.59
39.77
40.43
40.90
40.23
39.84
40.30
39.35
39.93
39.08
39.23
39.56
39.15
39.42
39.13
39.03
39.70
39.36
39.15
40.03
39.93
39.37
39.74
39.25
40.00
39.60
39.45
40.25
40.92
40.65
40.16
39.91
40.52
40.36
39.80
38.23
37.10
36.53
35.75
35.20
35.61
34.75
32.40
30.27
30.92
33.93
33.90
35.09
36.33
35.67
36.76
33.65
33.61
32.50
33.40
34.30
36.00
36.10
35.73
34.84
36.39
37.14
36.85
37.16
36.18
36.44
37.03
36.15
36.67
36.90
35.62
35.39
35.45
33.62
33.82
33.77
34.31
34.00
34.79
34.60
33.59
34.08
34.40
33.07
33.20
32.36
32.87
32.72
31.95
32.61
34.15
32.82
31.90
33.92
32.65
33.18
33.06
33.19
32.70
32.83
33.79
34.54
34.93
36.30
35.53
36.30
36.00
36.00
35.18
35.13
34.67
35.11
34.64
33.23
34.08
33.66
34.66
34.26
35.58
35.11
34.48
34.61
33.87
34.04
33.40
34.50
34.85
34.97
35.20
35.24
34.86
34.22
34.60
33.96
34.96
34.80
34.58
34.90
34.77
34.77
35.15
34.51
35.04
35.02
34.88
35.04
35.86
35.52
35.54
35.15
35.70
35.75
35.42
35.32
34.64
34.75
34.94
35.47
35.50
36.38
35.15
35.00
35.74
35.24
35.10
35.42
34.93
35.09
34.72
33.92
33.49
33.41
32.69
31.82
32.66
33.85
33.23
34.15
34.63
34.63
34.13
33.61
33.35
33.61
33.37
32.70
33.13
33.44
33.75
33.78
33.63
34.18
34.00
34.14
33.84
33.98
34.02
34.46
34.23
34.92
34.56
34.79
34.35
34.57
34.06
34.49
34.39
35.05
35.25
35.59
35.59
36.00
35.31
35.67
35.86
35.92
36.03
34.95
35.65
35.70
35.05
35.52
35.05
34.58
34.47
34.68
34.33
34.87
35.05
34.69
35.03
34.87
35.42
35.34
35.13
34.79
35.41
34.83
35.20
35.48
36.04
35.45
35.20
35.41
35.34
35.47
35.55
35.53
35.21
35.29
35.45
35.04
35.32
35.79
35.95
35.98
36.71
36.45
35.97
36.40
36.58
36.98
37.40
37.16
37.34
37.46
37.54
38.20
38.20
37.93
38.31
37.67
37.34
36.88
36.89
36.94
36.90
36.66
36.70
36.37
35.91
36.18
36.28
36.06
36.05
35.65
35.86
35.50
35.60
35.30
35.19
34.92
35.20
35.88
35.38
35.72
35.67
35.25
35.76
35.75
35.43
35.32
35.58
35.33
35.61
35.35
35.75
36.25
36.52
36.52
36.71
36.50
36.94
36.83
36.92
36.68
36.80
37.05
36.53
36.77
36.83
37.25
37.55
37.70
37.97
38.08
38.16
37.97
38.47
38.11
38.00
38.00
37.73
37.51
37.71
36.84
37.08
36.99
36.72
37.06
36.90
37.15
36.78
37.02
36.60
37.35
37.56
37.75
38.09
38.34
38.04
37.95
38.30
38.48
38.74
38.49
38.91
38.66
38.62
38.35
37.35
37.60
37.85
37.74
38.00
37.81
36.30
36.58
36.68
36.32
36.03
35.92
35.56
35.76
36.05
36.02
36.26
36.00
35.60
35.15
35.44
35.31
35.34
35.56
35.82
36.28
36.20
36.39
36.50
36.54
37.02
36.78
37.40
37.64
37.79
37.91
38.06
37.80
38.47
38.88
39.41
39.60
39.47
39.75
39.83
40.05
40.58
40.68
41.00
40.63
41.58
41.30
41.00
40.90
40.29
40.86
40.68
40.68
40.28
40.50
40.88
41.43
41.28
41.04
41.55
41.19
40.81
41.47
40.79
40.69
40.41
40.35
40.38
40.51
40.73
41.09
41.92
41.91
41.91
42.23
41.80
41.95
42.03
42.58
42.31
42.65
42.31
42.17
42.52
42.04
41.90
41.75
42.49
42.56
42.78
42.43
41.35
42.03
41.78
42.07
42.24
42.46
41.50
40.94
40.76
40.10
40.25
40.74
41.09
41.55
41.59
41.52
41.91
42.25
42.19
41.90
42.45
43.11
42.82
43.30
43.68
43.86
43.73
43.30
42.95
43.30
42.97
43.01
43.75
43.12
42.54
42.55
43.68
43.52
43.99
43.83
43.25
42.05
42.60
43.00
42.73
43.27
43.05
42.69
42.60
42.73
42.60
42.80
43.82
43.55
43.37
43.25
43.70
43.78
43.55
43.37
44.00
43.89
43.45
43.98
43.85
44.08
44.73
44.77
44.98
44.73
44.90
45.46
45.27
44.25
44.38
44.57
44.41
44.59
44.72
45.10
45.37
45.32
45.45
45.44
45.21
45.46
45.32
45.83
45.90
45.90
45.17
45.39
45.32
45.33
45.41
45.81
46.03
46.30
46.25
46.89
46.24
45.83
45.12
45.56
45.29
45.13
44.56
44.92
45.09
44.36
44.81
45.09
45.25
44.99
44.85
45.19
45.25
45.44
45.13
46.10
46.44
46.98
47.06
47.15
47.07
47.48
47.37
47.50
47.47
47.43
47.55
48.37
48.21
49.49
48.86
47.76
47.83
47.96
48.53
48.15
48.33
48.89
48.92
49.32
50.03
49.74
49.84
49.79
49.37
48.48
48.71
49.02
48.75
48.31
48.87
48.81
48.70
48.81
49.39
48.95
48.61
49.22
48.82
48.43
49.27
50.19
50.39
50.17
49.31
49.67
49.66
50.42
49.58
49.41
50.00
50.05
50.38
50.91
51.20
51.49
51.65
51.37
51.25
51.15
50.17
50.27
50.14
49.70
50.02
50.32
50.15
50.67
50.66
50.51
50.10
49.80
51.06
51.69
51.29
51.97
50.88
51.05
51.13
51.03
51.26
50.09
49.75
49.49
50.12
49.79
49.98
49.85
50.59
50.55
51.07
51.50
51.05
50.72
50.44
51.13
51.33
51.70
51.75
51.27
51.60
53.27
53.93
54.52
55.29
55.40
55.78
55.54
56.34
56.11
56.83
56.92
58.48
58.13
59.41
58.25
59.42
61.13
63.26
63.31
62.10
62.68
63.05
63.57
63.00
63.10
60.79
60.37
61.05
61.28
60.35
60.29
61.49
62.65
62.15
60.90
60.09
59.00
58.89
58.27
59.24
59.60
60.55
60.65
60.06
60.90
60.85
60.01
60.29
60.43
59.15
58.75
56.19
57.25
58.63
57.14
59.28
59.42
59.96
59.27
58.38
56.00
57.03
57.74
56.50
57.23
57.80
57.60
58.01
57.23
57.29
54.82
53.70
53.35
53.86
53.65
54.83
54.01
54.75
55.04
55.68
56.22
56.80
56.20
57.15
57.32
57.15
57.60
57.45
56.73
58.44
58.38
58.45
58.55
59.25
60.12
60.89
60.85
59.51
59.67
59.02
58.15
59.30
59.09
58.44
57.47
58.31
60.14
59.11
59.52
59.40
59.97
59.89
59.76
58.59
58.16
58.15
58.78
59.00
57.89
59.50
59.94
59.60
59.60
60.00
58.75
59.23
59.81
59.00
58.52
58.09
58.85
59.46
59.90
60.95
61.05
60.42
59.07
58.18
58.11
58.82
59.07
59.00
58.88
59.18
58.41
58.42
58.61
59.90
61.68
60.68
61.06
61.46
61.30
63.20
62.52
61.87
62.47
62.46
63.70
64.63
64.53
64.97
64.98
63.83
64.60
64.62
64.70
64.80
63.54
62.49
60.55
58.95
58.57
59.60
58.50
59.40
58.94
58.16
58.64
58.86
56.30
57.17
55.20
55.37
56.85
57.20
56.20
55.60
56.31
56.14
56.40
57.38
58.57
57.90
57.10
57.37
57.50
56.45
56.52
56.65
56.43
57.18
57.38
58.25
59.37
59.66
59.87
60.11
58.74
58.34
58.03
59.35
59.07
59.51
59.69
59.02
59.42
58.50
58.86
59.06
59.86
59.49
58.06
57.70
57.93
57.60
57.10
57.10
55.87
56.25
56.24
56.17
58.47
58.57
58.28
59.43
59.40
59.86
60.27
59.64
60.97
61.54
60.68
61.50
60.53
61.20
60.96
60.21
59.95
61.29
63.11
62.75
61.95
61.95
61.39
61.97
60.55
60.39
59.92
59.43
59.60
59.55
59.76
60.25
60.55
60.76
60.26
59.83
60.42
59.92
59.37
60.34
60.85
60.98
59.98
59.85
59.71
58.92
59.18
59.64
60.81
61.02
61.64
61.05
60.66
60.72
61.05
61.25
61.17
61.29
60.95
61.28
61.12
60.86
61.03
61.75
62.16
62.09
61.33
61.94
62.00
61.46
61.56
62.05
63.54
64.30
63.92
65.00
64.41
63.95
63.10
62.42
63.08
63.42
64.67
63.77
63.31
64.00
63.71
63.94
63.88
63.46
62.24
62.00
61.96
60.18
59.89
60.45
60.78
60.39
60.10
61.52
61.58
60.20
60.91
61.11
61.65
60.05
60.40
58.82
59.57
58.80
58.24
56.65
57.80
59.12
58.80
57.39
57.39
58.06
57.97
58.10
58.82
59.65
61.12
62.37
61.35
62.15
62.55
63.47
62.84
63.04
63.98
63.97
64.07
64.90
64.00
64.61
64.66
64.25
63.93
65.36
65.74
66.60
66.47
67.00
67.74
68.18
68.48
68.37
68.69
69.23
69.27
69.29
69.34
69.73
69.25
68.69
67.57
68.08
69.10
69.83
70.21
69.63
70.72
70.43
70.10
69.41
68.30
67.67
68.10
68.48
67.18
67.69
66.81
64.94
64.70
65.36
64.71
64.65
66.30
65.50
64.11
64.78
64.91
65.06
66.43
67.13
67.46
67.10
67.00
65.41
66.61
67.32
67.52
66.55
67.20
66.53
67.65
68.40
69.83
69.41
69.17
69.73
69.55
69.92
69.89
71.01
71.62
71.46
70.84
71.42
71.06
71.19
72.15
72.91
72.53
74.13
74.61
74.42
74.43
74.45
74.80
72.67
73.08
72.43
73.39
72.91
72.38
72.47
74.16
76.03
76.81
77.20
77.77
78.06
76.31
75.71
75.50
75.36
76.25
77.36
78.73
77.30
75.51
76.99
76.08
75.87
75.41
76.05
76.96
77.33
76.63
74.11
72.72
73.24
72.65
72.09
70.99
70.98
72.66
71.63
72.46
71.96
73.53
72.90
74.49
74.90
73.52
73.61
73.20
74.39
74.10
75.08
75.54
75.67
75.46
74.79
75.46
75.22
74.60
75.45
75.60
75.34
75.29
74.87
74.78
75.08
75.22
75.40
71.83
71.68
70.99
70.01
69.98
71.00
71.64
71.85
71.12
70.87
69.91
71.02
70.69
69.86
71.10
72.00
73.23
74.36
75.02
75.47
75.71
75.56
76.24
75.45
76.16
76.80
77.11
77.22
76.80
77.57
76.77
77.39
77.41
78.17
78.40
78.20
77.46
79.76
79.20
78.60
79.92
80.55
80.36
79.38
79.66
79.82
80.68
80.55
80.83
81.38
81.42
79.39
81.23
81.25
81.13
81.45
81.80
83.26
83.59
82.77
82.99
82.28
83.51
82.62
84.00
83.17
84.22
84.22
84.26
83.62
81.96
82.68
83.06
82.00
83.35
84.77
85.94
86.36
85.84
82.82
84.30
82.52
82.37
81.82
83.48
83.60
83.88
84.82
85.36
85.16
86.46
87.44
86.50
87.29
89.62
90.33
89.70
89.09
91.15
92.29
91.94
93.44
90.84
92.79
88.23
85.59
86.01
85.13
85.84
85.18
82.08
83.54
85.70
87.90
83.60
84.51
82.92
83.13
81.69
80.67
84.14
84.53
83.15
83.58
83.75
85.69
85.12
83.00
85.23
85.40
85.73
87.23
87.22
87.49
85.75
84.86
86.94
87.65
88.62
88.67
89.26
91.76
92.12
92.09
92.31
91.73
91.96
92.37
92.97
92.56
93.95
92.24
91.33
90.92
91.36
90.68
92.67
93.13
92.66
93.48
94.82
94.74
94.80
95.05
92.14
90.91
91.35
92.13
91.57
92.21
93.61
91.14
91.99
88.50
87.93
87.66
90.38
87.20
89.42
86.85
84.54
86.88
86.31
84.49
85.10
84.11
87.82
87.04
88.29
85.68
86.38
87.92
88.59
89.16
88.85
88.12
89.92
91.44
91.50
92.03
90.28
91.92
92.72
91.18
89.89
91.42
91.43
92.13
93.43
93.66
94.81
93.67
95.00
93.69
93.51
93.83
92.08
91.22
90.05
91.56
91.66
90.30
90.83
89.02
86.53
83.91
85.08
82.45
83.45
86.00
83.94
85.13
85.08
85.28
85.70
85.95
85.44
82.11
81.44
81.89
81.71
83.22
84.38
85.49
85.55
85.37
87.01
88.10
86.92
87.17
89.13
89.89
89.39
89.38
87.01
87.75
86.69
87.19
84.51
82.49
82.46
86.68
85.97
87.05
85.91
85.79
88.47
84.43
85.00
85.95
85.20
86.26
86.20
85.22
84.58
87.02
88.52
88.23
88.74
88.92
89.61
89.70
89.55
88.62
89.70
90.80
92.89
93.38
94.00
94.26
94.39
94.22
92.60
92.46
92.45
91.79
93.07
89.70
89.61
89.51
90.07
88.82
89.93
88.82
89.19
89.68
89.91
91.30
92.67
94.36
94.56
93.67
92.51
90.70
89.80
90.43
89.35
88.76
87.81
85.71
85.75
89.31
86.79
89.07
87.89
88.61
87.06
88.36
87.99
88.62
87.83
85.79
84.91
87.70
86.92
87.60
86.41
86.55
88.13
88.35
87.41
88.27
86.95
85.94
84.31
86.06
85.48
85.42
82.19
80.81
80.33
81.54
82.98
82.86
80.99
80.80
81.70
80.68
80.90
84.38
80.43
79.72
76.60
78.35
78.33
77.44
78.72
78.16
76.88
78.17
77.45
77.07
76.53
77.95
78.81
80.35
80.30
78.71
79.95
80.47
81.18
80.01
77.32
78.02
76.14
75.62
76.77
73.26
75.25
75.56
77.50
73.25
76.43
75.28
77.75
79.61
78.88
77.69
78.03
80.67
80.65
74.06
77.66
78.58
77.50
77.94
77.32
76.07
77.00
68.00
62.36
73.08
72.46
62.35
69.45
68.04
74.99
71.50
64.57
70.39
69.04
66.09
74.86
74.65
75.05
74.12
74.29
77.49
73.69
69.96
73.95
74.02
72.65
68.93
75.41
73.68
73.38
76.33
73.42
68.51
75.81
78.80
78.11
80.89
80.15
74.31
77.61
78.93
76.27
76.60
79.60
78.20
80.07
80.02
80.45
79.95
83.14
81.06
77.00
75.02
74.91
75.10
75.78
77.19
78.02
78.59
79.83
81.64
81.63
80.30
78.25
79.09
77.57
76.54
77.92
75.10
76.66
78.10
76.29
79.26
78.23
78.04
78.60
78.92
79.25
77.00
76.48
76.69
78.12
77.66
79.78
80.34
79.48
76.14
74.58
75.22
74.59
71.28
71.94
72.16
71.23
69.30
72.09
72.05
70.95
67.90
64.91
64.36
65.68
62.22
64.03
64.57
67.39
65.77
67.15
67.20
66.97
69.09
69.17
68.33
66.09
70.53
69.38
70.16
71.23
69.98
68.63
68.10
69.23
70.25
70.44
70.05
68.71
68.96
69.84
68.02
67.70
68.14
67.41
66.75
65.29
66.23
64.75
65.71
66.57
66.13
67.08
68.44
66.67
68.01
68.20
67.65
68.58
68.93
70.80
69.27
70.82
69.77
69.76
69.11
70.50
70.52
69.61
68.39
68.83
69.81
68.30
69.23
69.35
71.76
72.92
72.08
72.98
72.97
73.17
73.12
73.84
74.05
73.78
72.81
71.63
71.42
71.44
71.05
68.84
68.95
68.45
69.88
69.05
70.58
69.91
70.56
68.49
68.10
66.56
66.26
65.97
65.12
65.70
66.22
68.44
68.46
68.52
68.94
70.47
69.99
71.61
72.29
72.75
71.89
71.43
70.72
70.39
70.65
70.60
70.03
69.73
69.47
69.18
68.13
69.11
68.75
68.21
66.55
66.49
68.00
68.59
69.92
71.30
70.68
71.37
70.86
70.12
69.15
68.41
68.18
68.26
69.18
70.65
70.50
70.65
69.98
70.00
69.49
70.34
69.84
69.99
69.57
69.83
69.00
68.93
68.70
69.59
69.07
68.61
67.27
66.58
67.58
68.66
68.67
69.05
69.27
70.13
70.26
71.84
72.94
73.12
73.62
73.02
73.31
74.44
73.57
73.23
74.91
73.84
73.96
71.67
72.15
71.74
71.30
72.50
72.58
72.85
72.61
72.91
71.90
72.47
74.43
75.03
75.27
74.65
74.38
75.70
75.97
76.47
74.87
75.07
76.04
75.79
74.99
74.25
73.77
72.95
72.79
72.40
72.83
69.69
69.17
68.43
68.22
68.21
68.51
68.57
68.26
68.66
69.08
68.84
68.77
68.19
69.15
69.42
70.02
69.80
69.52
70.30
69.95
69.67
69.68
69.11
69.27
68.03
66.70
66.10
65.85
65.92
65.54
64.96
64.43
66.18
66.96
66.60
64.72
64.80
64.35
65.20
64.85
65.24
64.80
66.28
65.76
65.96
65.87
65.40
64.94
65.55
65.14
65.00
65.40
65.49
65.43
65.40
66.47
66.48
66.78
67.22
67.22
66.80
66.30
66.57
67.36
67.39
67.04
66.97
66.95
66.50
66.30
66.54
67.30
67.05
66.98
67.61
68.19
67.90
67.34
67.86
68.76
68.71
68.66
68.61
68.26
67.93
68.23
68.97
68.92
68.56
69.24
69.29
68.27
69.19
68.66
67.77
67.84
66.47
66.17
63.89
63.70
65.23
64.46
64.91
64.74
63.60
63.27
62.79
62.45
60.33
60.88
60.19
59.71
59.31
61.46
60.46
59.25
60.77
61.56
59.53
59.30
61.24
60.03
61.89
61.86
61.37
62.51
62.51
62.60
63.10
63.13
61.94
61.10
60.07
59.10
58.47
57.29
57.07
56.61
56.57
57.46
58.43
58.81
58.78
58.94
59.42
59.26
59.27
57.96
58.43
58.95
58.17
59.38
59.72
60.39
60.81
60.91
60.34
59.68
61.94
62.72
62.72
62.71
61.97
62.45
61.93
60.39
60.23
59.91
59.88
60.82
60.15
59.29
58.89
59.50
58.94
58.91
58.48
59.80
59.00
59.11
60.91
61.06
61.32
60.55
60.75
61.05
61.20
61.00
61.01
61.00
60.97
60.78
61.55
61.54
61.45
61.15
61.75
61.71
62.06
61.59
61.79
62.54
62.19
63.26
63.94
63.85
64.38
64.55
64.70
65.04
65.30
65.19
66.28
65.12
66.01
66.32
66.34
66.20
66.53
65.67
66.22
66.49
66.95
67.84
67.97
69.38
70.00
70.32
70.63
71.13
71.83
70.99
70.48
68.94
69.01
70.31
70.54
70.19
68.98
69.88
69.23
69.45
69.56
71.33
71.48
71.19
71.31
71.46
71.85
72.00
72.18
72.36
72.18
71.85
72.22
72.17
72.22
72.72
72.80
73.20
73.01
73.42
73.37
73.36
73.12
74.55
74.90
74.70
75.18
75.59
75.13
75.69
76.58
76.71
77.84
78.71
78.24
77.75
78.98
78.59
78.68
79.66
79.88
78.99
80.68
83.91
83.41
83.44
83.28
83.93
82.98
82.55
83.20
82.82
84.91
82.97
83.69
83.88
84.50
85.44
87.07
85.97
85.34
85.53
84.80
85.08
85.82
85.08
84.72
84.60
84.38
81.38
82.12
82.38
81.39
79.31
81.16
80.85
82.84
82.56
82.60
82.73
83.62
83.47
83.25
84.49
84.13
84.68
84.87
85.42
85.18
85.76
85.95
85.16
83.18
83.16
83.44
84.29
83.10
83.80
85.65
86.36
86.22
87.42
87.78
87.34
87.98
86.97
85.62
84.81
82.62
82.69
83.18
83.34
81.12
81.05
80.87
80.24
80.41
81.74
82.33
81.57
80.67
81.29
81.96
82.39
82.63
83.47
82.03
81.33
81.18
80.29
80.00
80.76
81.18
79.78
79.23
80.38
78.66
79.22
79.02
79.71
80.57
79.82
78.44
76.78
77.92
79.63
80.25
81.38
82.01
81.60
81.57
82.36
82.42
81.90
81.89
82.48
82.24
83.00
82.65
83.63
83.30
85.02
85.22
84.57
84.37
83.31
81.46
79.79
79.60
77.84
77.72
73.84
74.82
70.19
71.64
68.03
71.58
72.00
74.29
73.50
74.16
70.94
69.80
70.18
73.66
73.54
71.77
72.64
74.12
73.91
74.02
73.49
72.14
71.15
73.65
72.82
71.01
71.84
71.65
72.64
74.01
74.55
73.70
74.01
71.97
69.24
69.31
71.72
72.91
72.07
73.88
72.63
71.15
72.83
73.95
73.89
73.56
76.28
76.27
77.16
76.37
78.11
77.47
78.89
78.43
78.71
80.13
80.17
79.44
81.07
81.88
81.48
78.09
75.94
77.37
78.86
78.52
79.35
79.76
77.39
78.70
79.72
78.96
79.09
78.25
77.86
77.90
76.91
76.03
74.58
73.90
75.84
76.93
80.44
79.79
79.79
80.45
80.82
81.08
79.87
81.34
80.05
80.53
79.44
80.03
80.16
79.53
82.00
83.12
84.29
85.22
85.28
84.18
85.27
84.76
86.00
86.02
85.76
85.12
85.50
85.72
85.08
84.74
84.88
85.69
86.45
87.03
87.49
87.47
87.18
87.22
86.77
85.83
85.49
83.74
83.97
83.53
84.92
85.75
86.34
85.32
84.88
83.80
84.42
84.67
84.12
85.41
85.62
86.57
86.92
87.02
87.34
87.23
87.14
86.50
86.83
86.33
87.01
85.86
85.83
84.83
84.30
85.55
86.86
86.02
86.09
86.44
86.99
86.60
86.01
85.33
85.55
87.03
86.62
85.86
86.08
86.73
87.07
85.83
84.98
84.82
83.88
82.17
82.70
83.60
82.95
84.01
85.45
85.75
85.28
85.30
85.69
86.31
86.85
86.07
86.08
86.34
87.04
86.20
85.65
84.57
84.48
84.02
83.31
82.84
83.10
82.12
81.79
82.17
81.91
81.47
82.04
81.95
82.04
82.61
82.08
81.93
79.79
78.63
77.92
77.83
77.60
80.18
80.69
80.84
80.27
81.26
80.63
82.13
83.22
83.11
84.48
84.97
82.11
82.11
81.24
82.40
83.20
83.10
85.57
85.34
86.28
85.57
84.80
83.65
83.11
84.38
84.12
85.47
85.05
85.73
86.21
86.21
85.95
85.21
84.58
85.24
86.52
87.45
87.56
86.85
86.91
85.88
87.55
87.45
87.92
88.28
88.20
88.44
88.14
88.20
88.00
88.67
88.40
87.95
87.46
87.73
87.31
88.05
87.74
88.10
87.90
87.20
87.30
87.12
87.33
88.99
89.92
89.48
89.62
89.55
91.23
92.30
91.91
91.65
90.57
91.52
91.92
91.88
91.74
91.23
91.80
91.45
91.80
91.72
91.70
92.22
92.55
92.68
92.13
91.03
91.17
91.03
91.51
92.38
93.39
93.48
92.15
92.19
90.18
89.88
90.43
90.62
91.17
91.60
90.27
90.63
91.61
88.18
87.07
87.21
87.32
86.47
86.07
86.14
86.45
87.67
87.50
88.01
89.09
88.62
87.35
88.10
88.12
88.14
87.61
87.19
87.73
88.00
88.60
88.41
88.99
89.45
88.58
88.08
88.87
89.56
88.44
88.89
87.23
86.92
87.07
86.86
85.10
86.55
88.71
88.55
88.96
87.93
88.48
88.14
89.10
89.61
89.58
89.53
89.47
90.20
90.80
90.92
90.70
91.35
91.73
91.11
91.76
90.67
89.97
90.04
89.15
89.74
89.79
88.25
88.61
88.28
88.46
88.67
88.52
88.36
89.32
88.97
88.59
89.20
87.70
88.51
89.53
89.55
89.43
88.95
89.61
89.56
88.71
88.97
89.16
89.16
89.26
89.83
89.37
88.77
88.58
88.63
88.17
89.29
89.02
90.13
90.58
90.11
90.77
90.58
89.93
89.77
89.01
88.60
88.77
88.68
89.22
88.99
86.49
86.61
86.08
86.62
87.45
88.09
89.30
89.43
88.07
88.00
88.21
88.99
87.51
88.63
90.02
90.58
91.15
91.70
91.03
90.14
90.10
91.11
91.24
90.70
91.76
92.52
92.80
92.19
91.79
91.53
92.38
92.08
92.09
90.47
91.46
90.79
89.65
90.23
91.45
91.12
90.46
89.74
91.33
90.58
91.51
91.93
91.00
89.05
89.48
88.48
89.11
89.80
90.04
90.35
90.30
90.64
90.69
91.57
92.25
93.34
92.82
93.27
93.40
93.25
93.30
93.46
94.38
95.17
94.83
95.20
94.99
94.97
94.79
94.03
93.81
93.75
92.73
91.95
91.59
91.47
91.34
91.78
90.72
89.89
89.40
88.95
88.16
87.91
86.92
86.83
86.42
86.98
87.52
87.09
86.82
88.84
87.27
87.16
87.15
87.76
87.35
87.25
88.04
87.82
88.84
87.98
88.40
88.67
88.94
89.58
89.28
88.66
87.75
87.36
87.14
87.07
86.90
86.04
86.00
86.08
85.50
86.32
85.90
85.51
85.16
86.04
86.95
87.60
86.79
87.31
87.48
87.55
87.23
87.98
87.61
88.42
87.97
88.23
88.93
88.81
89.62
89.82
92.10
91.99
93.22
91.96
92.73
92.96
92.67
92.59
93.22
95.27
95.45
95.42
94.68
94.69
95.01
95.09
94.27
93.80
93.48
93.52
94.39
94.67
94.13
95.65
95.84
95.71
94.26
95.36
95.31
97.22
96.75
99.54
99.43
98.68
98.51
99.22
100.90
101.51
100.31
101.20
99.75
99.51
99.66
101.07
100.74
99.76
100.52
98.55
99.12
98.78
98.94
99.16
98.50
97.88
96.97
94.85
94.92
95.65
95.11
93.99
92.16
90.05
90.02
89.58
89.80
90.58
89.52
90.84
91.08
91.43
94.11
94.07
93.95
95.37
95.03
96.44
96.31
95.79
95.84
96.27
95.50
96.52
93.80
93.76
94.99
95.50
94.01
94.21
93.64
93.47
94.32
94.71
93.73
94.58
94.31
94.64
94.91
94.70
96.24
97.70
97.68
97.73
97.95
97.93
97.36
96.78
97.45
97.33
96.78
96.72
97.86
98.68
99.94
100.42
100.93
100.37
100.50
100.01
100.41
101.17
101.45
102.41
101.41
102.01
102.91
102.67
103.11
102.32
101.95
102.23
102.36
102.29
100.78
100.74
100.87
100.67
102.03
101.50
101.32
101.36
101.06
101.27
100.53
99.94
100.39
100.04
100.55
101.60
101.52
101.46
101.95
101.66
102.65
102.92
102.42
102.73
102.63
103.83
104.38
102.73
102.14
102.03
101.21
100.68
101.36
101.57
102.59
102.65
102.83
103.55
102.57
101.74
102.68
102.39
103.77
102.31
102.73
103.08
103.54
104.25
104.28
103.18
104.37
103.55
103.25
98.94
98.80
100.13
98.20
98.98
98.27
99.74
98.73
98.49
99.09
99.09
99.03
99.52
99.49
99.70
99.28
98.50
98.75
99.64
99.53
99.57
99.46
98.49
99.11
98.36
99.26
97.77
97.39
96.81
97.03
95.78
96.29
97.43
97.08
96.61
97.12
96.54
96.03
95.82
94.25
95.43
94.43
94.05
92.86
93.30
93.92
94.52
93.37
94.61
91.82
91.60
90.84
90.55
90.22
90.60
91.21
91.77
93.65
93.13
94.11
94.49
93.71
95.10
94.59
94.45
96.71
95.26
94.52
95.07
96.26
96.59
96.28
96.41
95.38
94.66
95.09
95.11
94.87
95.61
95.82
