13458200
14510800
17485000
19461600
16603800
8545400
8722600
10314200
12056000
11268800
11929400
13088800
9613400
14343600
12459400
11921600
9298000
10548400
10361000
14612200
10665400
11562800
11610800
11436200
7101200
9372000
12408200
13475600
12465800
9753600
10783600
10264200
11678400
13800600
10854800
8881600
10786400
11800600
11875200
10469200
9884600
9802200
10207800
10497400
22811600
19981400
10906200
9430000
9467400
9047600
11879800
11600800
14929200
10685600
10880600
14253200
10115600
8804400
9663000
8269600
20753600
13274200
12599600
9955600
16389200
13026800
8265200
7825600
9092400
10666400
8594400
8909400
11848200
16206400
12060000
12100000
8058000
8909200
11704600
8418000
9662200
9728400
8859400
8087200
7065200
10089400
7078400
7376600
8383600
11366400
10974400
7968600
8905800
8719000
11096200
7159000
8433000
9678000
8577400
9207800
8616200
5940200
10202600
9847400
11889800
18607400
8654600
12141000
9557800
10672600
9388000
11281200
7572800
11066400
11316600
19652200
9028800
8802400
9380800
9388800
5766200
6336400
8157400
7350000
9433000
19917400
8588800
13742200
10957400
9278200
6433000
8869800
7552400
7903800
9968400
10937800
12308800
8619600
7792600
8356400
8316000
11011400
17256400
16787800
7987200
11640600
12354600
16508800
9905800
8025400
7346600
6273800
9477200
7043400
6114400
6543400
7165800
7294600
8351400
8297800
5152000
6467200
9290600
11205000
6401800
5888000
6416800
7704000
7730800
8084800
11928200
11893200
7297400
9289800
14298600
15139400
10436800
8708800
24841200
17314600
12280600
17358800
15926600
18019600
16944000
11535000
11929400
17244400
12960400
12705000
10045000
13748600
11162600
10405600
10663800
14807800
20725800
19561000
17011200
13969400
12933000
12507200
12546200
10662800
11157400
12749800
10830400
10378000
7943000
10710000
10070000
14385000
14968600
10272200
9351000
8632600
10074000
10646400
7998000
9167400
8370600
8934800
8971400
9948000
7809200
12768000
11543400
5131800
9067200
10078200
16306000
14645600
12051800
8971400
11625600
17449000
12825200
10086000
14654000
11527800
11973200
14218400
26030000
12784200
12678600
11915200
12695400
8543200
5580600
10437800
10854600
9564000
13101200
20818000
24566800
18777800
11058800
11523600
20620600
10989200
11894600
15606600
14723400
17205000
20292200
13861600
11131600
12859800
13595000
11860000
10545800
9700400
17017600
9116600
10397600
10757400
10953000
11624800
9898800
10768000
8320200
9300800
13480200
13022400
13480000
7721600
8660400
9965000
10157800
9690400
13944600
11591200
12507400
10093800
10030200
9572400
10331400
11167600
10905800
11102000
11603600
11598800
13140200
21222200
11753000
11128800
11964800
18738000
17656800
14797200
14715800
11226800
9389000
13186600
13300400
14200800
11742600
11078400
12139000
11913800
12221600
14246800
10998400
11912600
14030600
16537800
13994000
12165800
16205800
14400800
15461200
13923000
9939800
15066600
9711600
16951600
13183800
9690000
10081400
11055000
10886200
10117200
8956400
9779400
9016800
16337000
11597600
14289200
12277800
11800600
12371000
8676800
9276600
12247200
16315800
11855800
7832400
9830600
12484800
15883600
12797600
8796400
10153000
10999400
8818600
9028000
22961200
9187600
8804800
12691800
14991800
11417800
10308200
10318400
11581600
15586800
15372000
11477400
6655000
10128400
9679400
9224600
10404600
13727600
9642400
9135800
9728200
11735400
18791200
11467400
11197100
9599700
14718900
11584800
10422700
8373800
6948900
11069300
8070600
8630400
8845300
8385200
8982400
9474300
8303300
8975300
6982100
8049700
9303000
7555000
8613200
9529300
7801500
9659400
7192000
6682200
6147100
6595400
8114500
10675800
7608200
9245400
9563600
10297800
10107800
10776100
16657100
10088000
15398700
12957600
21352100
14025500
15554700
11499000
13313100
14064200
10035100
10912800
12929300
12016200
11435000
8799500
7209300
10453500
10752400
11408000
6662000
6859800
8573900
9571200
11638600
7325300
9007100
12944800
10624700
7607600
7502300
10704400
10031200
9657100
6733400
11013900
11956600
10909200
10376400
7886400
6826800
8589200
17174900
23268200
19030100
14306300
14734800
8165400
4286300
9741300
17340600
9617900
8727500
11246000
14895900
10647200
16500300
15664100
9949200
9827200
12167800
10129100
15932100
11362400
12363700
10264600
13299900
12066500
25322600
4913700
9961800
7395400
8007800
8730500
11261900
10128200
8052100
9945700
8278000
10036700
7847500
9459000
10142900
9488500
8913000
7479600
10301800
7158800
9892700
10113800
8516200
8097600
11849500
11733400
11115000
9518300
10086100
10948500
10385500
9027100
8731100
8757900
7334000
10065900
10044600
10471300
9863600
7279900
12312000
17838900
11503400
10048000
13939600
12889700
12683700
11899900
10761400
14752500
11770000
10804100
12173400
12907500
14394400
8734500
16069300
8586400
8110200
8208600
7374000
9326600
9524500
11368000
11202200
9657600
8932900
8986700
12815300
13766200
11357400
9313100
9255600
10407300
8666900
13028800
11332300
10538700
9391500
9623300
8592400
8650900
19170900
13102000
11666000
10046600
10034600
12714700
9875800
9258500
11052000
9591800
8866500
12585200
8352500
9037300
8910800
9816600
9883100
7911800
9978700
8056800
9555500
8328600
11039400
7827400
8668600
9989900
13837500
12150200
10263900
10105900
12714700
10671400
10863500
7657000
10123900
11070400
9612100
10659300
10600800
8531000
8469900
12189700
24886600
13250200
13526300
14191000
11142300
13780900
10499000
11871500
10466200
5859600
9932500
10620500
17564900
20845000
16154100
23645400
19740700
16858000
15296800
27638900
36083000
33082700
39491200
26839400
15832500
16119400
17310000
18178800
21654000
16048500
12727000
13252700
13860900
15591700
12980800
9439000
9547400
11688300
11510300
11337900
9356000
11069800
11093700
9142900
7933400
7253700
12466500
9397500
9310000
9368500
14548800
13640900
11370000
10377600
9958300
8178000
7353100
9552000
9357400
7673900
12224900
10012900
10140000
21231700
10427600
13701000
12000200
13715800
12682200
19363000
16805900
19597200
18259400
15938100
13892400
17219700
17765000
16141900
11921300
8033300
18042600
13574500
10699300
12215000
10410300
13355000
12338700
9756800
11126200
8998200
15179700
14989100
19459100
12021700
12400600
13838300
13006800
10042900
9743200
8758800
10448700
12262900
13057100
11186000
8947500
9911900
10245800
12584600
14077300
9496300
11773100
10478900
5203700
11803800
12990600
13499200
11348800
12631000
12036000
9500900
9995200
9573800
15616600
13512600
11299500
12531800
11564100
20709100
10108900
4196900
7451900
10271000
13358300
11602600
12798800
9221900
11925100
14600300
12677600
11459700
11082500
10181400
9594700
11802500
10829300
10826900
12169800
15991200
10857800
12763400
14653000
15268600
17058100
16315000
16386900
12181700
12801300
12156500
11956900
9300500
10395000
9983900
9607600
11359900
12265900
12118700
9364800
9317900
13706200
12191800
13866500
12328300
12705200
12936600
12094000
10453100
12192000
12140800
13199300
11639200
13179300
18850500
13468400
15109200
17120900
12781400
12074500
12171300
14987200
12115300
11220700
13101600
10586700
8197300
14409200
11611000
9436800
12929200
10387200
11947700
12540700
11925300
8725400
9260300
8152000
8858200
9622300
9032300
8200400
11554900
12681600
8994600
11468800
11482100
11393000
20392200
13476700
12745600
12596200
14761700
9740600
9054400
8604500
12257500
11035700
10511500
8949800
11237700
9147100
10327700
14260600
12442200
9475200
15413000
11783600
10919500
12885000
11442600
11542200
12381100
10907400
12194000
8042400
9069100
12358100
10611200
9909500
11095400
13476200
12838200
11749900
20441200
9594900
13179500
11589700
9045000
8980400
13997200
12560800
11313500
6905200
10999500
11209500
14858800
13235700
9433600
12027200
12376900
13334600
12737400
13314700
9359000
9317400
8493600
10877900
10994400
14999300
13576600
11486200
17034800
13680100
12784900
11673200
13184200
14103000
13370600
9115700
8645100
8106200
9590500
6030300
9160000
9648300
6918400
8796900
9335500
7210700
9078900
11703600
12248200
8421400
10965000
11289200
10441200
8708300
8282000
9348700
9128900
9576100
12423000
7991500
9303200
14564500
10824700
16882500
11773800
9565900
11743200
11523700
9112500
8813300
11822200
13500900
8956800
11383200
7229000
9107400
8165400
11186300
8229000
8759700
7902900
9372600
8475900
9626300
8157800
11989100
21405100
11554200
9355400
7462100
12176700
9407400
25982900
16705600
11876500
15295300
12435800
12125600
13687500
9488500
10420300
8794300
9999600
18263300
10461200
12526900
14499800
10228100
16137500
13648900
9780500
10033500
4779200
13145700
10813500
21433400
13984700
9917000
12064100
12453700
10492600
11813100
7449200
11926200
12930300
12796200
14683900
17423600
11379300
10700500
4253700
4619200
12274700
9806300
11637000
12180000
14668100
12364400
13561500
14608300
15826200
10321800
9365500
8539500
10256500
13305200
10790000
11511800
9422700
11739000
9565700
10386700
12189400
16666200
11082300
13964900
10048500
12106600
9355100
9928700
8845600
8722600
14555600
9826100
11234500
8597700
7767600
10518900
11256400
9583000
10385600
10275000
9332700
13338600
15990500
11886600
13615700
8363400
12789200
10421600
14112100
18667900
14986100
11271700
11621200
9720000
9077700
10556900
18987700
12364500
10905800
13192300
12703200
11345400
9621800
10453100
12630500
11381200
11270900
8649100
7449500
10144700
12242600
9950600
12351400
11549600
12009400
10278000
7110700
10363100
10862800
10243300
7957300
9476400
13363000
11798800
13531100
13186400
12381400
13133700
13154500
11523100
10017200
16300500
11286400
13372400
10251200
10644700
10229800
11444100
13681100
8332400
16860700
11629700
12634400
10021700
10616600
10248800
10000700
13583600
8656000
10021500
10918000
12847800
11655300
9130400
9361500
12675200
12110000
9028200
14795000
9680900
10466000
14556800
10005300
21641100
13641200
10975800
13683200
12630400
7989700
11357400
11595200
10981200
8509900
7527800
8682200
8620600
7925200
11447200
9938200
9733100
11539300
11032700
8865800
10234400
10804000
14716500
13430300
10386000
9796700
13133400
13385800
12025800
10955300
11188000
11748100
14620400
11114400
10270400
10626100
12193200
11676300
12140000
11687200
9928700
10468600
11653300
9745100
7397200
8082100
12139600
11611800
9095600
11637000
14954000
10237500
11108200
9276700
9492300
9744600
11509200
7683700
18770400
11671300
16189600
13901800
17358300
12711100
12067500
13271700
16320600
13737000
11307500
13297900
10938300
12856100
10731300
10540200
7516100
9854400
14658700
11669900
11018500
9196300
11426100
12260300
11124800
10012500
10414500
12625500
13578400
18310900
14362400
13740100
12039800
13050800
15646000
14269300
10841900
12219100
11937600
8789200
11398200
12708700
9986000
11498300
9056100
13992400
11662200
14183000
9616200
4497700
10090700
12921800
13623400
16075400
13215900
10954300
12153000
13562300
14639300
10928500
11795800
10524500
12666200
12238300
31820600
16321400
13561400
12132000
12525900
12167000
11662100
9238100
6663400
8497000
16009200
16718000
12189100
13098700
11315300
11288700
9116300
13301200
11340600
11000000
13899900
9321300
11438300
13546700
12331200
10339600
13035500
11224400
11258500
13606400
19199400
14896100
14074700
17048500
15534600
15346100
12032100
16030400
13685900
11892800
13426900
18826100
18620300
23059800
25657500
18552400
27384700
37284800
35559400
26131100
25974500
20290900
20804500
19294800
18192000
68153700
40001800
24561500
19564300
17576600
20973100
21776500
32514400
17826000
19678200
26250300
24912700
20406600
18928100
26068500
20912800
18580100
23274300
15824800
16945600
16666500
12590000
15889100
22513500
23788600
18504600
27961700
23091600
23683800
20656000
16758300
17097500
14957500
12968700
20395700
31858300
26476200
16498700
18222700
19519600
18810200
13544800
13478600
14161700
14496100
23809200
24285100
34416200
27854400
31672000
20632000
17500100
17941900
12908000
17737900
12250500
10305500
21371100
14608600
12542300
23718800
12117900
14346800
20863100
17391200
13328600
12380600
10536800
13406400
13447800
24874400
13543900
16595500
18046100
16241400
21528700
15478300
15393200
18130100
20564100
12158700
18103100
18228200
16118200
17006900
14818500
18421700
11568800
20490100
16691600
13194200
19056400
19289500
16092700
19107400
16941900
12079800
13527500
19130300
17608000
13034900
13280500
19117100
15883900
14007500
17174700
16054900
19314800
21222900
14783200
12958100
16540700
21657000
15099500
14616600
15677600
17219400
17986500
14469700
13423900
17740500
21046300
32236900
32577100
20465600
19211100
30904100
15050900
22617000
17627200
16413600
14825800
19230900
30370600
20478300
17415500
23095900
25908200
18963700
17997400
16848300
18704200
16036200
16028700
20848600
21585400
27909500
31794000
21812100
16128500
16471400
15687800
21880200
20260600
14339000
65915600
30831900
29629800
24141600
18975500
22940400
24879300
21136600
27009000
25117500
14677800
21129000
20832000
24398700
22196400
16622400
25310800
26627600
12735500
15368800
21016900
21299200
19446300
21136400
17815200
17084900
12535100
6692600
15008400
18592400
21287100
16941100
13460100
19445500
16009200
20812200
16121000
15868500
13390000
14867100
14393400
14106500
28802800
15620600
12741900
15090200
14013800
11306000
17167000
14945600
14151900
14483800
23871000
19086500
17158400
17368600
17339100
17869600
17324500
21130200
17074400
18190900
16182000
18861600
25991100
19274100
18075000
24510000
24559100
21407300
29442500
24268400
20586500
21402900
18829000
18758800
21134000
21982500
22554900
26186400
16837000
21022500
21669900
20057500
19198900
17650700
15694500
17732100
13178800
12549500
19191800
16335400
19730500
18221500
16294000
18673700
22159000
21827400
20252800
16885300
18285100
17998000
18976400
26912700
16775400
20732300
16100800
15432300
15435600
11839200
20224900
19115600
15759800
19309600
16697300
14876800
15788800
15409100
16137600
12956600
14726500
14117900
11561100
11568200
22318000
20922200
23154900
21759600
16362500
21780700
23214800
27314900
20652600
19771500
18963700
22925000
23185600
14156100
16579800
14028800
15336100
18024900
19198600
19512200
15826300
26217600
19108000
26682500
22810600
19846500
24564600
19628300
13305000
17866300
25875200
17877100
17354500
20504100
23934600
28005800
33407200
21101200
18915600
27511500
24867900
24902100
27767200
20175700
19858000
22485600
16676600
15689000
14053900
26964700
23103500
26314500
32336500
9459900
19744700
23679000
18527100
13220400
18133600
17614400
21658200
21485800
19717700
21231000
24997700
20779600
27556600
22417700
18624500
31014100
29426300
20512500
20170900
16186600
25421100
21876600
21470400
21017300
23925100
27660900
21961000
18040400
20026100
27260300
26536800
28583200
19556800
22482400
22964300
17693100
20503600
18905200
18132300
21559900
26310600
19244400
17579700
17742600
26709100
24449300
19664700
35989100
24824500
21771300
21166800
33472700
21236400
19852800
30411100
22551700
18240200
29213400
22353500
23424800
23398400
20239000
19082600
22989700
25624300
22066100
19439400
19268100
23040800
20472800
18542000
20499900
19607700
17190600
19395100
23391500
21210800
17139900
19775700
25839200
26369700
19418100
17618700
20317900
18329900
20154500
25491100
17201800
20127000
22355800
21475900
18387400
17385000
17748400
20348900
22294100
25813500
19025000
13301100
11902600
5568500
18962300
19350600
24851700
27330900
21308400
19348600
20111200
30695700
27762300
16429900
18641100
18619000
20578400
18691200
37021400
22530600
22294200
17603700
17154000
12005100
11285700
10944100
10798100
12633200
30510700
31046600
24671500
25981900
27039900
30572000
29161700
24438700
25444400
31292200
23581900
23912600
21929300
29016600
19785400
22630100
20506200
17370600
21590500
24249200
25168000
24299300
18168800
16222300
18134700
18742000
17734200
16564600
15839600
17648800
17871900
18329200
15840500
17886500
17165300
17687900
17803600
34588800
55723000
39472200
27454600
33039300
26626400
31564400
27405800
28671000
20150800
27378900
30053700
23538500
46777100
23184100
23683300
28800100
27263800
26377900
27548800
21797400
24720100
21695900
24020300
21474700
22426100
20873400
20273100
17668200
18697700
24990000
24258000
19044500
20518400
22772800
17428800
19090600
41108500
23617400
24864200
28126000
25949800
16462700
21750000
24303200
17602400
17854800
19889200
20896300
17957200
19709500
20753700
18837800
17667200
17169600
16386200
18843500
25009900
25096700
19085700
19886100
21976500
17840700
19247900
26464100
21049000
20384500
16477200
21209100
21351000
29228600
23397000
16637900
21789100
27139900
19593300
30131400
17747800
19530400
27906400
32010000
39187500
25748900
26925200
25835300
19956900
24724800
20106800
9444400
17969400
22993900
19190300
25991300
20305600
24762000
22920700
22405500
23492800
30708500
25243200
30816400
24376200
31844800
31459600
45377700
41077700
35269100
33887800
38860400
37049400
36195200
40557100
35922700
36568900
35967000
32828700
25349700
30064000
27623700
49379500
36057200
23577200
23977300
22531100
24174100
21041800
16248800
25859800
23581500
22213100
21915800
20344500
21354800
20760100
23828800
27633200
26432300
25131900
22010100
23683000
18988600
26408800
27113700
18608600
34337700
22410700
25864400
23346500
17988000
20012500
19306300
21537300
18114700
28859600
18990700
12833200
17634700
18336500
20884500
15147900
25545500
21923000
26558300
20493000
34449100
25169700
24110300
24302700
27409200
20979700
18246600
20510200
32109500
35590400
29025500
24825900
25452000
27387900
32706700
27603900
28922900
25649200
21304500
23708600
30347600
20809800
31842200
22849000
8870500
22968000
27941700
29636000
22440500
28193100
22244900
16816600
23952600
21127000
17055500
15579000
20021100
25707500
19434400
20505100
22704100
24583700
19570400
15109400
34457400
6336100
15294100
14365600
17368200
13990900
23351900
19160600
24730900
28937500
21764500
26198800
27285300
22727200
20425900
26486000
35965400
34096500
43830600
49613500
47420700
31180900
28236100
23688800
22488400
24131900
32970800
28440200
18836700
30599700
29215900
26611800
24176500
22697000
25150600
21546600
21826800
23966100
22600400
24723800
30107300
23487200
23876300
21329600
20323100
24999200
26540200
23192300
30372200
30835400
28977000
30749200
32432800
34835400
26617900
29347400
35741200
39028700
33333800
35073600
44962400
22339200
27080200
23024000
21760300
21672600
36842400
23961500
23236000
20083800
18607900
19585500
15832200
21920900
21774600
17923000
19611700
19495700
26870600
22887400
25910800
17254200
20719000
23944800
23534400
23369600
17319300
29445700
29782600
43675400
27505600
21273900
28060600
27580800
24332000
24054700
23053200
21165000
24178900
28392900
29839000
25203000
26901800
43221500
32042100
25348600
25885900
22323600
24692600
27125400
25959100
31487200
34110600
30266800
34325700
24232600
27280200
24085000
32263700
21050700
18504100
22026600
23499500
26604200
36185700
23600700
21586600
27120500
26339700
28283300
26883800
26024700
34278700
23120900
29642900
35905100
29082300
30952700
29428400
21552600
34406000
40408300
39193400
36138800
24802500
27909100
31083500
36789400
27553800
24017500
25869900
36410700
40872900
28766900
37887200
40087100
30790600
25346700
29318400
24566800
25995900
30654900
25848500
26280600
22944600
22132200
25970200
24638500
19662300
20634900
18751700
20392000
20287500
22060400
31688100
27014700
32200600
27869100
31222900
38473100
31399200
35639900
28646300
40186900
42584700
43487000
48231100
58834600
31995600
27868200
27539300
36144700
28933600
58785700
42032700
34337100
44100200
44177200
65937700
62791100
74941800
68771800
112867200
64864300
64126300
61247200
78110100
58398500
44874600
43789700
52089300
64686000
54629400
48774800
69047100
62703600
56158400
52835800
35456000
48208700
45390700
52864400
44691300
37409700
42007600
50521000
72704700
53998400
48660000
57787000
57444800
76887100
84550600
74991100
56603500
46703000
19591000
55589900
54657000
57458800
65355700
65004800
51585500
47045500
44060200
50060100
44313900
43410800
58471100
51197300
59693900
68480300
41021900
32697800
11295800
17024000
22839900
25122300
30026400
35803700
43340100
41906100
35268800
30817100
32862000
38112100
47116500
48040500
55562200
45528100
42838600
43317700
40204700
46022800
42758400
38508900
45324700
38945300
51904600
36113100
39567300
29602000
39597400
36404400
27763200
43836100
47897600
42857500
30384300
41844300
34329200
31232400
42809100
40717900
48886900
55505600
37212400
64947400
54827200
48931900
51515300
50244900
47090200
42726000
51651700
37467100
40430500
35225200
33593400
30824900
41888000
38598400
67260000
51747600
32115200
36739800
37731700
29513200
32211000
41127100
39375500
38162200
26709000
27193000
28035500
26022200
26866100
27909800
32703100
24545600
27915600
32604300
31874800
32234400
31076500
29213500
32347600
26586500
27421000
28974900
35088500
27385000
27306100
19910300
30814800
32541600
35886400
23715900
28337300
26011900
21298100
26714600
25071900
20851500
28550700
24029200
18624200
29405600
23010500
27800500
33192400
31804200
28676700
29755400
25934100
26481100
23300300
21944500
27360200
30857000
21693200
27871600
24218800
29926300
20734300
42763000
28398500
24146400
20861400
30901300
27662000
24357700
27339800
22548700
22946200
29776400
25054300
30050500
22770900
25921000
31656600
22878800
29656700
23543600
25791100
21275900
25945600
24773800
27122600
18187900
17360300
23044500
24100600
37842300
28070600
24756800
18612000
20348800
17369900
18041800
16233400
16947000
19183400
20235600
19228000
24332000
21519700
28432900
17247200
26166000
25603700
21183500
18773100
21395500
17716500
24337900
24373900
16315800
15156000
15156600
21966000
19652600
19177600
17468500
17483100
19475900
22150400
20986000
43247900
17984000
14561800
20898600
21557000
16454900
13301600
14695100
27117400
24927000
20478900
21853000
21167400
15302500
19228800
13541900
16233800
19333400
25285700
24093600
23556600
20404600
20049600
23099500
26014500
20672100
27127700
30342500
26345700
30048500
32175900
20425900
20550500
22792700
16235600
18185000
16809400
15696600
14397900
16587600
14461600
21326200
22920700
16645700
17253900
19269900
18947100
17120900
13269200
12105300
21436400
17375700
14786900
17852600
23700900
17835600
18492900
17228500
23423700
17128300
91458900
54419600
57711800
46627000
62989400
34470100
27941800
18958900
8149200
19694600
19985700
19860600
18852300
27809100
30174700
35044700
27192100
24891800
30685000
31496700
24884400
18630800
29411900
26081900
34629500
39114000
39085500
29305100
34083300
35723500
37349800
40880500
37703000
34057900
24024700
33858200
42297500
30519400
36243300
21699100
23555200
30636200
30514900
21821800
22536700
24264600
20469700
33372900
21469600
25668800
20129700
18798600
24823900
22279800
21961100
26837900
20297200
29003100
24810300
19357400
23361800
22070000
35103700
38770000
25925500
45564200
21390600
24754700
19748800
21095600
30553400
26122200
17745900
22352500
19614700
20901100
19776800
24531500
24060800
21099600
18170300
19177100
18777800
16712900
33855100
25686000
22989500
21119200
21654700
24340000
18237100
36374700
33243500
47200900
43762100
30734900
31646100
30260300
58336300
69004800
38337600
29790600
25390700
26791600
38815400
31923700
34457000
36722500
57194500
52802900
27847800
50533800
34028900
31911500
32078700
32972000
28668400
32383700
45019200
28389500
48460700
31693200
33020100
21227100
24667800
24532600
20652700
23310200
32747000
24877600
26147000
38058900
34188500
118023500
43013000
52525000
43944900
47746400
32767900
36912100
41797200
40430300
25976500
23515000
30514200
26061100
24737300
35805700
20960000
23807300
26859700
27051400
19281400
20236500
22400800
23511100
33763000
29354600
28144000
31075800
21033800
19985300
23097300
14731300
23188500
24281300
16951300
14651300
14301100
20122200
20071500
21174500
21008800
21337700
25679100
20944000
22320900
28279500
16265100
26985400
26286200
18662600
21982900
19435700
17380600
16525200
14488400
23141800
17977500
18769900
16432500
26447200
21788100
20525200
18207700
18097800
25145300
16642800
18806700
21158000
25460200
24160200
16902500
25185400
21645200
19468400
22370500
13848900
20732000
22560500
17778100
25500700
22481700
25367400
20543900
21291200
13332800
16516600
17652900
23358900
20464200
19265600
22372700
26192200
26545300
31221400
26531700
23628000
33938100
25482400
23788900
24598100
18779600
27543400
17471800
18322900
24116400
18907900
22672000
19335600
7324600
20021200
27524300
26590200
21274800
19457100
15985400
23694600
22654900
17971600
17699500
21170500
20625900
20979000
18513900
36761300
16045800
21772800
14606600
11390900
9757200
14423400
11797700
10790400
15273700
23320700
20028500
16550800
22525300
19297700
20766400
15805400
17363000
20438100
23478700
23883600
21844100
29121600
25084400
24871600
21626300
25555400
17003500
26300600
34514400
40829600
18176900
19647700
16558300
15304300
17463500
15890900
21050500
15993500
33108300
25684600
16673500
17853500
22839500
32580400
38624600
28577100
22230300
24507000
23001800
17423600
17153500
20028600
18062700
17658200
13306600
25996300
17607100
16383200
23191300
33396500
21941300
28895900
18207000
16209700
15390600
17009000
16497300
14608200
16277400
15770400
15317800
15531500
13096100
17122600
13339700
16006700
15943200
13026500
20728800
14489400
15717500
17022500
15107300
12770800
15447600
12797200
9852800
17908800
17755800
18705300
17352300
18651200
18417100
22867000
27491200
26314700
18254600
17695700
24192000
21853600
17628500
16435100
18067800
17957000
15229100
19003400
16288500
15687300
19347200
16873700
11949100
23630700
19550200
18152600
17281200
15954300
16188100
23567300
17665100
18965900
17854200
16443400
21713900
19037500
25441200
15836400
17897300
18599700
30032800
36292700
20606900
18421500
18899900
19942100
18050100
18859600
15042600
18379200
18336500
20717000
22639600
19015100
19413200
22705100
17343500
16424900
12808400
21359700
13152600
14007600
16226700
19820600
24556600
26609000
22864500
28410500
28373000
42624200
47167500
58857600
61753300
47758300
50328600
31129000
23388200
26341400
18269400
35457700
34935300
27202900
38059600
22752900
30924500
26974400
18967100
22437000
29189000
23393500
21071800
25416300
23108400
22434800
27969100
26205800
22825400
26042800
21858300
34652600
19822500
20420000
23806200
43223000
26583200
30342400
26689900
26026500
27713900
30917000
31004200
36500000
28239800
24869800
23573900
20465800
17862100
22239000
19540300
17870600
18836200
23878500
20910900
22227600
27855300
19861100
23433400
27170500
35489500
21753400
30616900
35835000
21761300
24480600
18192800
17998100
19023800
24130100
18668800
15134500
13589900
19475000
20376800
25964300
23104500
20204200
18925100
23331800
10254500
20148600
19768400
33953000
17261100
19461300
18295000
20122700
19643400
18443600
21842300
17846500
21873600
23934400
17954200
33465700
16048400
21163300
19160300
19841300
10243800
10147100
12767500
10865900
9768900
20906800
16130900
17452800
15942100
11664200
13080800
14831400
17357200
15551600
15627900
16754200
16383500
19220300
15348400
12363800
18202300
15658200
15976700
17867000
27225800
22266100
18020500
16145400
15000900
15818400
14762600
17073400
15328900
11473700
12961900
13911600
14769600
16597200
15481300
11983200
12404600
10767100
13323500
14317600
18293200
12638500
11343400
12803100
16507900
14767700
19032000
17042500
19014000
16853300
16187300
14523600
30991300
10770400
13613800
14212400
13884400
12557700
17336800
12509200
16155300
13199700
12968300
13853300
17714900
17112800
11954700
11027000
19993700
15856200
15266200
13856500
17526100
14208000
12997500
15973800
17216600
15197200
11632500
18476800
17262400
11372900
11735400
13816900
11108700
9998600
15055500
12018100
19602400
17424000
13234600
12061700
12675900
15757400
15034500
17698200
21747200
13730400
13790000
17582200
14113600
12756500
15931100
19593100
38954600
22870900
17711200
17715600
23880900
18409400
18150000
18031800
14162100
15098100
16942300
27342800
13885100
21053300
23274300
33751900
84747800
28761600
22853700
15301400
19140300
24906300
14447800
9787700
10797100
13259400
22361600
14106100
18337600
15566400
13642000
11269200
14059400
14203500
14902300
16838300
13597800
13948300
16566000
19149300
24079300
11183500
12212200
14312300
14530100
13982500
9626400
12399800
12864500
12213700
11149000
8716300
8675700
8510100
11311300
11177700
8813700
10767100
10160400
9666300
9762300
8252100
9646800
8377300
8915800
14178800
10602900
10113100
15713500
15623900
10750700
9349400
9982900
19870900
21388800
11893700
10950100
16302100
12238400
19599100
11023700
14035800
11616500
10632700
12507600
10343500
9507800
10328100
11507100
9890100
8765200
13799200
15332500
9789900
9943700
10651100
9069300
10759100
11815500
15928100
11445400
14085500
11332500
10387200
11583000
14848500
15771900
12742400
11222600
12026500
19423500
13743000
13407000
9004300
12260300
14524100
13783600
17405200
12911000
10288100
13905300
11931000
16423600
11841600
15959900
11579100
15522100
10937300
11980000
12717800
12077000
10603100
11549400
12634600
14729500
12290300
13363600
15672500
15396600
15092500
15789000
33057000
6385200
10737800
14258500
13358700
19810800
16143700
13268200
11427900
11799800
14226400
10892200
13099600
11645600
9606700
9195400
9645000
13400300
17196000
11897500
10906800
11100000
11090600
11617500
11700600
15645400
15991500
15699200
13347300
11679700
11768700
13463300
11412300
8764700
9752100
8940300
13238900
15696900
12158900
13936400
10939800
10260200
15302900
15073200
11195200
14552000
11301600
10994000
13072600
13234400
12905300
11896300
12454800
11470000
10539900
13775500
29240100
11553700
11987900
11319000
13447500
10786600
12900800
12329600
12350800
17485200
9414200
9991800
12197100
11582000
12771600
11013900
10753400
14823700
14979900
11505100
19626200
14578800
17341200
14730400
18393300
11262000
15567700
13028800
16328700
10791800
11093000
14572600
11616500
11330100
13036600
10613400
11088900
13638300
13771900
10975400
9810100
9890300
10399400
10469600
12721300
12417700
12519900
19253300
15357300
12771900
15197800
11563200
9734700
17917400
14177500
12481300
12888000
15393300
12504700
10372300
10739400
10864500
13501300
12158400
12026400
10678200
14189500
21077700
25493800
17653000
15790100
14446000
12348000
22984200
13182200
12320700
5674000
8917900
12086700
12940000
12430000
16184700
11370300
8256200
11413500
9393300
10555400
14431700
9530400
7377400
8222800
10059800
9721000
8844700
10470700
14400800
23117700
14408600
12625900
11689200
8163800
11529500
9467800
10133700
10892700
9797300
11273400
11872500
11745600
16498800
12766900
10199900
9206400
10654700
13960200
17738800
11407800
12480400
10546700
9822300
11740100
12950600
9297000
11823100
11201200
10917200
8254200
9421300
8941200
15134700
11757500
20651100
12227700
12129200
13577400
9787100
10867100
17486100
11885100
11841400
13923400
11325500
10985800
15335700
13575100
17532400
12661800
9742100
12018000
11668100
10438200
12425100
10730900
12710600
11449100
12288900
11382000
9921900
10340000
14305900
19185200
19023500
20591600
21122500
13464600
16572100
12330100
7924700
10727300
9280000
7909200
18374500
14243700
12697300
10455400
9128400
8534700
10515100
11857900
8828100
6770500
9310500
12599500
13074000
10586000
12063400
15516700
9868100
12811800
15562600
10629500
23226000
14920900
21331300
12905900
23331000
10127600
4168300
9531200
10209000
9007900
8509600
11028100
9295600
11848500
11187000
11180400
11674300
10535400
12110900
9265000
9425500
9421700
15998000
13847300
11642800
15393200
14584300
12474600
10773600
13191500
14628400
17361400
20377900
17414400
16393600
13646100
12573800
12237700
13422800
10752400
9775300
18260400
12979300
12227800
14424300
11282200
16012500
10663000
9087600
9101200
12651400
11896700
12566100
19829600
12610400
12659100
9964500
12143600
9705400
9872500
11723300
8676100
8757300
9914700
10405000
24479800
9539800
9796600
11033300
15427500
12321800
12375200
9475300
9551000
10113000
12496100
10120700
10243000
10463900
13443400
13352500
9610200
12961600
12508100
15439800
8002100
8212100
8686000
9057800
10391500
12710800
10094600
13966700
11161700
11168100
7614200
9669800
11007400
8922500
8948800
8830500
7528800
6999200
13658700
10369200
5851400
6134100
7747900
5304300
5410900
8359700
7586700
6113700
11499000
7761300
9384200
7148800
12296100
9340900
6404800
7917500
10270300
11421000
8240300
8977600
9355400
9575100
11105600
17674400
8553700
9708400
10714800
8424200
15147400
9536500
8399600
6954400
6922600
7979600
9613600
7655300
8533700
7680800
8253100
8755800
8870200
8145700
8208300
6632400
7426300
7007200
7943000
7775500
9197800
8055400
11072100
18291800
14915000
12148200
13069400
9911300
10017100
11199300
8589600
9583700
7649600
6547300
9226900
7135400
8888100
6751800
6826200
8095000
7569800
8536500
5848700
6072700
8873700
8957100
8475100
9662900
9476900
10080100
9756400
12113700
10181100
10270100
10689400
11574100
8774200
8636600
18178100
8816900
10300700
12200000
12854200
11256800
14015000
15576500
14028600
13756500
11563000
10595400
10787900
15583700
17915600
18173100
14451100
23120500
24703500
25212600
18189200
10821700
15757000
12733600
11345100
9734100
11387700
12564100
12409100
9765400
17493700
13410000
13498500
12480000
14731400
13233500
9087600
7990000
11592800
12354900
9351100
8703900
9263200
8331600
8418600
