80.75
78.19
81.75
85.81
86.25
84.62
85.25
84.38
86.00
85.50
85.50
85.88
85.25
85.19
86.31
86.12
84.56
83.31
81.00
83.56
83.44
84.88
84.00
83.50
81.25
81.88
77.31
77.69
76.69
76.94
80.56
80.38
79.00
77.38
76.94
75.81
73.44
74.38
75.31
75.62
76.25
77.69
76.50
75.00
81.00
82.00
80.56
80.19
77.94
78.00
78.00
79.94
79.69
77.31
77.75
77.00
76.06
77.56
78.19
79.00
81.94
81.81
79.94
80.75
82.88
83.12
82.00
81.38
79.62
80.94
81.50
81.00
81.75
79.38
76.81
78.44
79.00
81.00
81.50
81.00
80.94
80.44
79.06
79.56
78.44
79.69
80.00
80.75
80.88
82.12
83.38
82.69
83.88
83.69
82.50
82.38
82.12
83.94
83.56
83.44
82.56
83.12
83.62
83.88
83.56
81.94
79.75
82.50
82.44
80.62
80.56
81.69
82.00
83.75
83.50
84.38
84.25
83.38
84.44
84.75
83.75
84.19
83.62
82.62
82.00
80.94
79.75
78.94
79.38
79.38
79.19
80.75
80.50
78.62
77.88
79.94
78.94
79.31
79.50
78.75
77.31
77.50
76.88
81.00
80.94
81.12
81.56
83.12
83.56
82.12
81.44
81.19
82.25
82.06
82.44
83.00
83.38
82.77
84.00
83.69
83.75
84.00
84.75
83.38
83.69
83.81
83.00
82.38
82.25
82.88
83.50
84.06
84.19
83.50
85.50
86.44
85.81
85.69
89.88
90.75
89.25
89.44
86.88
86.75
86.06
87.81
89.50
89.88
89.94
91.69
91.62
90.31
89.75
91.31
91.56
93.81
95.44
94.88
93.44
90.50
89.75
89.69
88.19
88.44
89.19
90.25
88.50
88.94
87.69
89.81
89.88
92.06
91.00
88.94
89.19
90.38
91.06
91.25
90.69
91.19
90.69
91.38
91.69
91.00
91.94
94.38
94.38
94.69
94.00
94.31
92.19
90.00
89.44
91.00
91.38
88.00
89.25
89.31
88.69
87.38
88.31
87.19
86.50
86.88
88.50
87.50
86.75
86.94
88.81
89.31
87.75
88.00
89.38
89.75
85.75
85.06
84.19
82.62
82.44
82.88
83.00
82.44
81.44
80.62
79.88
80.62
81.94
82.50
82.81
82.56
81.20
82.45
84.38
84.15
84.50
85.10
84.96
85.15
85.40
86.65
86.25
85.35
84.95
83.40
84.74
84.39
85.20
84.50
84.21
84.00
84.10
82.96
82.50
83.87
84.40
84.30
84.35
85.85
86.49
85.99
83.53
83.00
83.75
82.90
82.84
82.67
81.24
80.05
77.95
78.74
81.10
80.00
78.70
81.00
81.30
79.45
79.72
80.99
82.10
83.04
84.49
83.20
82.86
84.58
84.79
85.41
85.20
85.39
88.03
89.00
89.83
89.55
89.26
89.88
89.04
87.66
86.80
87.79
88.82
89.15
89.75
89.38
88.10
89.44
89.54
90.00
89.16
90.25
90.65
89.02
88.81
88.16
88.68
89.22
90.00
89.34
89.10
90.85
91.67
90.75
89.98
89.52
90.50
90.48
90.72
89.80
90.28
89.22
88.88
89.15
88.41
89.02
89.13
89.00
88.15
87.03
87.91
88.80
87.65
88.19
87.80
87.05
86.63
85.76
85.92
86.98
86.99
86.59
84.75
43.55
43.60
43.72
42.48
42.40
42.75
42.95
42.70
42.89
42.49
41.90
41.92
41.35
41.40
41.95
41.24
41.80
41.79
41.70
41.85
41.64
41.29
40.87
41.00
41.25
41.24
41.70
41.77
41.23
41.17
41.26
40.89
41.35
41.30
41.50
41.29
41.35
41.45
40.25
39.49
37.75
37.05
36.85
36.30
36.95
38.55
39.60
39.75
39.99
40.05
41.29
41.29
41.26
41.25
42.49
42.70
42.54
42.19
42.00
42.35
41.26
40.90
41.34
41.52
40.54
40.59
41.20
40.99
40.07
40.39
40.53
39.93
40.09
39.49
39.53
39.64
40.40
40.21
40.58
40.34
38.11
37.61
37.50
38.44
38.70
38.65
38.25
37.93
37.43
37.69
37.70
38.20
38.37
38.95
38.75
38.25
38.09
38.05
37.54
37.60
37.20
37.52
37.75
38.50
38.76
39.47
39.45
40.30
40.14
40.10
40.00
39.60
39.98
40.07
40.09
39.99
39.97
39.77
39.60
39.20
39.55
39.01
39.03
38.85
39.50
39.17
38.99
39.64
39.87
38.90
38.73
39.05
39.20
39.20
38.90
38.98
38.99
38.36
38.91
38.74
38.67
39.40
39.40
39.44
38.99
39.74
40.96
41.15
41.11
41.54
41.80
42.00
42.70
42.90
43.48
43.35
43.52
43.78
44.00
44.09
43.45
43.98
43.99
43.98
43.67
43.69
43.66
43.31
43.75
44.15
44.29
44.32
44.57
44.40
44.10
43.97
43.69
42.91
43.18
43.14
42.10
42.30
42.50
42.74
42.75
42.65
42.50
41.56
41.17
40.75
40.71
40.36
40.70
40.69
40.85
41.13
40.17
39.54
40.15
39.85
39.80
40.10
40.78
40.25
40.38
40.37
40.00
40.22
40.59
41.03
41.10
40.10
40.42
40.30
40.44
40.17
39.64
39.70
40.17
39.80
39.55
39.74
39.95
39.90
39.35
40.20
40.17
40.07
40.08
39.98
40.12
40.58
39.80
40.25
41.02
41.10
40.85
40.37
40.52
40.64
40.53
40.27
38.50
37.45
36.30
35.94
36.39
36.39
34.49
32.70
31.25
34.15
34.70
35.20
36.44
36.37
36.88
35.79
34.25
34.24
34.25
34.40
36.01
36.30
35.95
35.90
36.50
37.37
37.23
37.28
37.06
36.62
37.24
36.85
36.92
37.80
36.64
35.40
36.20
34.70
34.04
34.10
34.91
34.50
34.85
35.80
34.43
34.25
34.47
34.40
33.87
33.28
33.08
33.26
32.57
32.94
34.30
34.26
32.82
33.92
34.52
33.79
33.79
34.40
33.70
33.50
33.83
34.74
34.99
36.32
36.44
36.50
36.50
36.30
36.01
35.24
35.56
35.15
35.14
34.11
34.19
35.24
34.84
34.75
35.85
35.48
35.10
34.80
34.84
34.59
34.37
34.85
34.99
35.28
35.48
35.40
35.40
34.84
34.74
34.37
35.03
34.98
35.40
35.07
35.17
34.90
35.15
35.35
35.08
35.38
35.07
35.54
36.06
36.05
35.64
35.58
35.80
36.22
35.90
35.96
35.52
35.10
35.00
35.55
35.63
36.60
36.06
35.19
35.85
35.70
35.36
35.45
35.41
35.44
35.09
34.55
34.10
33.63
33.32
32.85
32.94
34.25
34.44
34.36
34.67
34.78
35.09
33.77
33.90
33.74
33.86
33.45
33.33
33.49
34.09
33.93
34.14
34.28
34.40
34.19
34.14
34.30
34.43
34.73
34.74
34.92
34.86
34.88
34.88
34.94
34.57
34.64
34.80
35.25
35.25
35.73
35.89
36.01
36.01
36.15
36.12
36.15
36.20
35.65
35.85
35.99
35.84
35.57
36.00
35.08
35.21
34.80
34.90
34.91
35.10
35.17
35.06
35.16
35.57
35.34
35.33
35.01
35.60
35.40
35.30
35.77
36.09
36.21
35.67
35.60
35.71
35.56
35.60
35.66
35.63
35.44
35.56
35.30
35.49
35.83
35.97
36.31
36.77
36.69
36.58
36.48
36.75
36.98
37.47
37.30
37.71
37.60
37.64
38.20
38.45
38.25
38.31
38.31
37.72
37.30
37.20
36.99
37.00
37.22
36.80
36.77
36.61
36.30
36.29
36.25
36.40
36.01
35.95
35.86
35.79
35.85
35.40
35.45
35.33
35.89
35.84
35.90
35.77
35.93
35.79
35.98
35.81
35.74
36.18
35.58
35.74
35.84
35.94
36.35
36.61
36.78
36.75
36.84
36.95
36.94
37.02
37.10
36.92
37.14
37.25
36.81
36.91
37.25
37.57
37.74
37.98
38.20
38.25
38.13
38.50
38.40
38.20
38.35
38.07
37.77
37.71
37.55
37.14
37.16
36.80
37.10
37.49
37.44
37.00
37.07
36.97
37.35
37.67
38.23
38.17
38.39
38.36
38.40
38.43
38.73
38.75
38.90
38.93
38.91
38.79
38.69
37.98
37.60
37.85
38.07
38.15
38.13
37.44
36.82
36.99
36.70
36.37
36.05
35.93
35.85
36.28
36.25
36.34
36.47
35.76
35.70
35.58
36.30
35.70
35.76
35.95
36.38
36.43
36.70
36.59
36.69
37.09
37.13
37.48
37.87
37.87
38.00
38.12
38.00
38.63
38.91
39.50
39.66
39.52
39.75
39.97
40.14
40.60
40.97
41.13
41.22
41.63
41.55
41.25
40.91
40.59
40.89
40.98
40.71
40.75
40.50
40.96
41.46
41.50
41.43
41.55
41.77
41.56
41.59
41.25
41.26
40.80
40.51
40.55
40.56
40.90
41.23
41.98
42.00
42.15
42.45
42.28
42.38
42.45
42.69
42.60
42.75
42.75
42.73
42.64
42.38
42.04
41.87
42.56
42.74
42.95
43.40
42.55
42.09
42.29
42.25
42.63
42.55
42.42
41.48
41.20
40.94
40.36
41.14
41.41
41.66
41.97
41.99
41.99
42.33
42.40
42.28
42.93
43.37
43.44
43.30
43.83
43.90
43.86
43.72
42.99
43.55
43.25
43.44
43.97
43.80
43.72
43.46
43.70
43.89
44.00
44.24
43.80
42.85
42.64
43.03
43.22
43.56
43.54
43.06
43.12
43.07
43.28
43.05
43.82
43.82
43.70
43.52
43.85
43.99
43.95
43.59
44.00
44.24
43.69
44.14
44.07
44.44
44.86
44.90
44.98
45.00
44.99
45.47
45.53
45.28
44.62
44.75
44.63
44.63
44.89
45.10
45.37
45.53
45.55
45.48
45.29
45.49
45.59
45.95
46.09
46.13
46.82
45.65
45.48
45.55
45.45
45.94
46.21
46.34
46.42
46.94
46.86
46.33
45.85
46.04
45.65
45.37
45.43
45.12
45.28
44.96
44.96
45.18
45.65
45.55
44.99
45.19
45.39
45.58
45.69
46.13
46.55
46.99
47.24
47.25
47.23
47.55
47.64
47.68
47.78
47.76
47.59
48.56
48.62
49.62
49.21
48.36
48.03
48.27
48.77
49.79
48.38
48.96
49.45
49.52
50.03
50.46
50.24
50.04
49.88
48.96
49.13
49.20
49.16
48.84
48.98
49.09
49.30
49.08
49.39
49.38
49.10
49.25
49.50
48.93
49.40
50.20
50.43
50.45
49.95
49.74
49.77
50.50
50.18
49.92
50.15
50.17
50.40
50.97
51.27
51.50
52.00
51.78
51.72
51.70
50.88
50.44
50.47
50.30
50.08
50.32
50.45
50.68
50.80
50.68
50.48
50.34
51.16
51.74
51.70
52.05
51.95
51.40
51.18
51.40
51.40
51.02
50.60
50.11
50.19
50.26
50.50
50.15
50.63
51.00
51.21
51.50
51.49
50.93
51.55
51.41
51.42
51.94
51.95
51.58
51.97
53.28
54.01
54.64
55.32
55.42
55.90
55.83
56.62
56.87
56.85
56.94
58.70
58.94
59.85
60.08
59.54
61.20
63.69
64.04
63.12
63.17
63.13
64.01
63.60
63.60
64.37
61.04
61.59
61.50
61.86
60.85
61.64
62.85
62.98
62.84
60.90
60.65
59.44
59.75
59.32
60.32
60.70
61.74
61.04
61.05
61.37
60.87
60.43
60.57
60.75
59.69
59.40
57.35
59.24
58.91
59.30
59.95
60.47
60.16
59.45
57.75
57.24
57.75
57.50
57.30
57.97
58.65
58.05
57.87
57.41
57.25
55.00
53.65
53.99
54.55
54.88
54.97
55.25
55.20
55.98
56.41
56.90
57.10
57.41
57.57
57.78
57.70
58.15
57.99
58.61
58.54
58.88
58.88
59.29
60.20
61.02
61.13
60.80
60.46
60.28
59.29
59.40
59.80
59.10
58.84
58.44
60.23
60.73
59.54
60.12
60.00
60.24
60.05
60.15
58.94
58.47
58.82
59.02
59.05
59.70
60.47
59.97
59.90
60.11
60.17
59.74
59.81
60.09
59.37
58.70
59.45
59.75
60.24
60.98
61.34
61.08
60.48
59.49
58.54
58.99
59.75
59.30
59.61
59.20
59.18
59.24
59.12
60.00
62.04
61.55
61.11
61.70
61.63
63.20
63.05
62.90
62.75
63.18
63.89
64.95
64.99
65.29
65.96
64.71
65.01
64.67
64.83
64.91
64.62
63.89
62.35
61.05
59.36
60.04
59.61
59.72
59.79
58.82
58.72
59.45
58.58
57.35
57.18
56.27
56.94
57.43
57.89
57.00
56.61
57.37
56.87
57.50
58.82
58.70
57.84
57.58
58.33
57.30
56.76
56.99
57.21
57.30
57.89
58.39
59.38
59.72
60.24
60.26
59.85
59.43
58.87
59.40
59.44
60.11
60.38
59.96
59.54
59.33
59.13
59.84
59.93
59.88
59.65
58.59
58.29
58.25
57.98
57.47
57.00
56.63
56.76
56.69
58.47
58.84
58.82
59.56
59.87
60.16
60.49
61.00
60.99
61.74
61.75
61.70
62.06
61.64
61.53
61.65
61.02
61.53
63.96
63.45
63.08
62.29
61.82
62.61
61.85
60.64
61.39
60.49
60.35
59.90
59.95
60.25
60.68
61.30
60.74
60.54
60.73
60.52
59.75
60.54
60.98
61.50
61.09
60.02
60.41
60.01
59.21
59.96
60.87
61.20
61.92
61.80
61.35
61.23
61.49
61.35
61.69
61.47
61.89
61.50
61.73
61.18
61.98
62.01
62.18
62.70
62.59
62.10
62.73
62.26
61.78
62.19
63.80
64.48
64.78
65.00
64.87
64.98
64.80
63.40
63.50
64.33
64.77
64.77
64.41
64.05
64.09
64.17
63.95
64.26
63.50
62.48
62.71
61.74
61.00
61.04
61.41
61.72
60.90
61.93
61.71
61.80
61.06
61.15
61.85
62.20
61.31
60.36
59.70
59.90
59.35
58.30
57.99
59.55
59.49
58.81
58.34
58.87
58.26
58.85
59.02
59.91
61.22
62.54
62.65
62.47
62.92
63.50
63.89
63.59
64.27
64.27
64.70
65.00
64.90
64.94
64.89
64.86
64.78
65.53
66.00
67.18
67.65
67.30
67.94
68.25
69.23
69.28
68.82
69.62
69.83
70.42
69.47
69.96
69.65
69.92
68.94
68.16
69.10
70.03
70.25
70.23
70.83
71.22
70.20
69.85
69.50
68.26
68.44
68.65
68.49
68.04
67.94
66.40
65.45
65.75
65.53
65.27
66.50
66.58
66.07
65.35
65.34
65.45
66.62
67.43
67.81
67.67
67.76
66.50
66.76
67.72
67.62
67.89
67.47
67.05
67.75
68.73
69.88
69.84
69.99
70.07
70.02
69.92
70.23
71.40
72.33
72.13
71.58
71.48
71.75
71.36
72.39
73.05
73.19
74.20
74.80
74.80
74.85
74.66
74.93
74.97
73.18
73.26
73.53
73.53
72.82
73.18
74.25
76.44
77.37
77.50
77.80
78.52
78.20
76.70
76.42
75.84
76.40
77.41
79.00
79.00
77.26
77.31
76.99
76.55
76.24
76.25
77.00
77.44
77.24
76.27
73.90
73.38
74.25
72.84
73.11
72.85
72.71
72.65
72.62
73.13
73.63
73.75
74.91
74.99
74.94
74.49
74.09
74.59
74.72
75.28
75.79
75.88
75.97
75.88
75.63
75.73
75.07
75.50
76.00
75.49
75.55
75.05
75.27
75.21
75.55
76.10
75.23
73.60
72.08
71.25
70.84
71.02
72.86
72.18
72.38
71.40
71.56
71.02
71.24
70.87
71.18
72.00
73.33
74.92
75.42
75.69
75.97
76.25
76.29
76.35
76.40
76.97
77.22
77.31
77.72
77.85
77.67
77.49
77.67
78.22
78.74
78.40
78.01
79.80
79.98
79.35
80.20
80.86
80.75
80.88
79.99
80.19
80.92
81.76
81.13
81.41
81.45
81.06
81.23
81.62
81.78
81.49
82.44
83.33
84.32
84.14
83.62
83.84
83.68
83.29
84.10
84.25
84.24
84.44
84.60
84.35
84.47
82.71
83.85
83.31
83.50
84.97
86.45
86.58
86.43
85.94
84.68
84.20
83.76
83.09
83.52
84.39
84.99
85.00
85.65
85.87
86.95
87.89
87.97
87.38
89.73
90.80
90.22
90.56
91.40
92.74
93.09
93.62
92.89
93.18
91.00
88.50
86.48
87.32
87.30
86.04
85.88
83.80
86.48
87.90
86.79
85.15
85.24
83.90
84.40
81.93
84.78
84.98
84.67
84.24
84.56
85.85
85.59
84.86
85.60
86.25
86.99
87.76
87.39
88.24
87.14
86.24
87.23
88.37
89.15
89.68
89.74
91.93
93.10
92.63
93.40
92.52
91.96
92.75
93.30
93.66
93.99
93.40
91.68
91.65
91.65
90.82
92.78
93.68
95.07
93.84
95.15
95.22
95.27
95.24
94.75
91.68
92.40
92.34
92.49
92.91
94.27
93.19
92.18
90.95
89.20
88.27
90.50
90.10
90.04
88.99
86.40
87.00
88.64
86.67
86.26
85.43
88.72
88.62
88.43
88.78
86.58
88.27
89.46
89.47
89.18
88.83
90.55
91.67
92.00
92.56
92.95
93.09
92.85
92.89
90.90
91.54
92.00
92.22
93.95
94.00
95.00
94.98
95.10
94.96
94.55
94.74
94.36
93.15
92.05
91.73
92.16
91.86
91.25
89.89
89.35
87.91
86.47
83.98
83.49
86.07
86.99
85.34
86.36
87.47
86.40
87.86
86.29
84.22
83.07
82.51
82.40
83.30
85.08
85.70
86.70
85.60
87.97
88.60
88.00
87.79
89.37
90.00
90.17
90.00
89.29
88.41
87.99
87.62
87.07
84.06
83.50
86.68
87.23
87.50
87.86
86.75
88.47
88.50
85.41
86.95
86.38
87.00
87.50
87.08
86.38
87.04
89.12
89.38
89.50
89.95
89.74
90.15
89.99
89.75
89.98
90.89
93.00
93.79
94.45
94.47
94.93
94.48
93.66
93.40
93.71
93.64
94.51
90.43
90.54
90.55
90.39
90.18
89.95
89.59
89.47
89.95
90.99
91.30
92.95
94.59
94.88
96.12
94.29
92.96
90.14
90.58
90.53
89.86
88.71
88.26
86.73
89.31
90.50
89.13
88.99
89.40
88.43
88.40
88.71
88.99
88.66
88.20
86.43
87.70
88.00
88.50
88.52
87.54
88.20
88.35
89.63
89.53
88.88
86.79
87.20
86.06
86.64
86.47
85.67
81.99
81.79
81.54
82.98
83.23
83.00
81.95
82.41
82.23
81.20
84.76
82.55
81.10
80.13
78.35
78.65
79.11
78.85
78.95
78.65
78.63
78.15
77.28
78.05
78.27
79.66
80.95
80.70
80.56
80.00
81.28
81.19
81.50
78.89
78.60
78.34
76.39
77.55
76.99
75.80
75.75
77.70
77.90
76.75
79.12
77.75
82.00
81.80
80.50
79.50
81.30
81.03
80.00
78.61
79.23
79.41
81.75
77.50
79.88
79.39
78.45
66.06
73.74
75.66
70.76
69.68
72.44
75.00
74.33
69.36
70.39
70.98
70.98
75.45
77.99
75.75
77.36
75.18
77.96
77.34
73.88
75.59
75.84
74.16
72.22
76.50
77.75
76.46
76.99
77.13
75.42
76.20
80.23
79.56
81.03
80.44
77.98
78.00
79.44
79.00
77.98
80.06
79.63
81.71
81.92
81.00
81.50
83.64
83.24
80.98
78.33
75.87
76.36
76.10
77.40
78.55
79.20
80.59
82.11
82.42
82.73
80.19
79.57
79.25
77.52
78.34
77.31
76.70
78.45
78.63
79.38
78.92
78.80
80.17
79.43
79.60
78.00
78.89
77.12
78.64
78.89
79.92
80.49
80.50
79.60
76.77
75.25
75.58
72.91
72.58
72.96
72.22
72.80
72.29
73.49
73.48
70.23
67.43
66.12
66.54
64.58
64.59
65.98
67.48
67.96
67.49
67.63
68.23
69.24
70.00
70.43
69.44
70.82
70.69
71.17
71.49
70.60
68.85
69.34
69.48
71.15
70.79
70.43
69.25
69.59
70.41
69.06
67.93
68.50
68.61
68.06
66.42
66.28
65.84
65.76
67.00
66.65
67.73
68.63
68.74
68.06
68.91
68.32
68.60
69.04
71.23
69.64
71.20
70.57
70.08
69.75
70.76
71.13
71.39
68.98
69.68
69.95
70.62
69.80
70.25
72.04
73.21
72.45
73.05
73.50
73.69
73.82
74.12
74.83
74.16
72.96
73.43
71.78
72.09
72.00
70.17
69.64
69.62
70.03
69.79
70.78
70.97
71.51
69.72
68.15
67.81
67.13
66.97
65.40
65.73
66.35
68.51
68.80
68.75
69.38
70.51
70.72
71.74
72.38
72.79
72.50
71.58
71.52
70.50
71.40
70.64
70.49
70.03
70.39
69.71
68.79
69.55
69.22
68.66
67.37
66.81
68.19
68.78
70.00
71.65
71.89
71.47
71.17
71.20
69.85
69.50
68.90
68.65
69.30
70.97
71.05
71.04
71.08
70.29
70.18
70.38
70.45
70.48
69.68
70.14
70.34
69.36
69.54
69.85
69.71
69.24
68.50
67.14
67.78
69.10
68.93
69.30
69.27
70.50
70.39
71.88
73.00
73.35
73.97
73.54
74.30
74.65
74.33
74.92
75.00
74.96
74.00
73.82
72.85
72.30
72.53
72.75
72.69
73.17
73.23
73.43
73.05
73.16
74.67
75.16
75.40
74.90
74.81
75.96
75.99
76.54
75.38
75.35
76.24
76.30
75.76
75.97
74.72
73.50
73.55
73.56
73.15
71.30
70.11
69.60
68.86
68.80
68.75
69.21
68.78
68.75
69.12
69.40
68.96
68.86
69.26
69.45
70.60
70.06
69.75
70.52
69.99
70.04
69.74
69.69
69.35
68.66
68.15
67.14
66.76
66.74
66.06
65.85
65.82
66.41
67.12
67.23
66.35
64.90
65.49
65.71
65.22
65.48
65.14
66.38
66.45
66.09
66.24
66.12
65.56
65.87
65.17
65.40
65.54
65.79
65.97
65.63
66.52
66.79
67.19
67.42
67.56
67.58
66.69
66.68
67.79
67.74
67.89
67.20
66.98
66.86
66.92
66.88
67.48
67.30
67.19
67.80
68.36
68.35
67.85
68.22
68.98
69.05
68.76
68.82
68.72
68.70
68.44
69.22
69.43
68.73
69.27
69.53
70.00
69.54
69.66
69.31
68.22
67.26
66.94
66.23
64.92
65.75
65.00
65.34
65.27
64.73
63.88
64.27
62.94
61.68
60.95
61.00
59.78
60.46
61.55
61.67
60.86
60.80
62.01
61.05
60.41
61.44
61.60
62.00
61.92
62.46
62.57
62.62
62.70
63.37
64.50
63.20
62.26
61.20
60.24
59.39
58.09
57.73
57.27
56.99
57.59
58.45
59.20
59.01
58.94
59.72
59.34
59.49
59.11
58.74
58.99
59.13
59.79
59.81
60.44
60.90
61.27
61.88
60.51
62.04
62.99
62.89
62.71
62.50
62.67
62.17
60.66
60.56
60.45
60.25
61.16
60.72
60.06
59.07
60.05
59.45
59.40
59.50
59.96
59.90
59.54
60.96
61.06
61.60
61.07
61.26
61.59
61.48
61.52
61.34
61.03
60.99
61.30
61.82
61.90
62.00
61.57
62.13
62.08
62.26
62.02
62.44
62.58
62.73
63.40
63.94
64.00
64.53
64.81
64.89
65.29
65.45
65.65
66.54
66.04
66.39
66.80
66.55
66.81
66.57
65.99
66.70
66.56
67.21
68.25
68.27
69.60
70.00
70.42
71.11
71.16
71.90
71.40
71.22
69.82
69.38
70.39
70.59
70.30
69.15
70.00
69.43
69.64
69.75
71.55
71.66
71.30
71.60
72.18
72.22
72.14
72.18
72.75
72.50
72.31
72.33
72.39
72.50
72.97
73.00
73.20
73.30
73.56
73.69
73.51
73.51
74.79
74.95
74.87
75.43
75.90
75.27
75.86
76.62
76.82
78.00
78.85
78.93
78.16
79.10
79.18
78.99
79.86
79.98
79.89
80.82
83.96
83.98
83.55
83.52
84.00
83.65
82.78
83.31
83.41
85.11
84.89
83.86
83.97
84.50
86.70
88.23
87.53
86.24
86.56
86.50
85.32
85.95
86.00
86.08
85.11
84.55
83.80
82.91
82.64
82.09
81.81
81.50
82.33
83.33
83.23
83.00
83.47
83.93
84.01
83.89
84.86
84.94
84.84
84.93
85.94
85.89
85.79
86.22
86.15
84.25
83.95
83.84
84.47
84.00
83.99
85.68
86.43
86.50
87.48
87.90
87.50
88.00
88.13
86.78
85.60
83.99
84.10
83.72
83.76
82.69
81.59
81.77
81.27
80.79
82.27
82.58
82.25
81.01
82.12
82.53
82.57
83.13
83.75
83.65
82.32
81.79
81.19
81.09
81.87
81.68
80.95
80.60
80.82
79.89
79.51
79.95
79.95
81.12
80.67
78.75
78.63
78.48
79.66
80.50
81.41
82.09
82.12
81.66
82.60
82.53
82.11
83.01
83.46
83.11
83.09
82.85
83.76
83.89
85.24
85.41
85.13
85.10
84.25
82.45
80.88
81.18
79.61
78.10
77.13
75.79
73.44
71.87
70.99
72.40
73.10
74.38
74.34
74.75
72.79
71.98
72.16
73.80
73.86
73.92
73.00
74.22
74.40
74.87
74.86
72.69
71.32
73.65
74.34
72.57
71.89
71.98
73.76
74.06
74.75
74.10
74.98
74.29
70.46
70.11
71.89
74.34
74.29
74.04
74.59
73.10
73.15
74.00
74.00
74.52
76.29
76.67
77.66
76.79
78.23
78.49
79.51
79.24
79.11
80.16
80.50
80.49
81.27
82.20
81.99
80.64
77.11
77.59
79.00
78.61
79.49
79.88
78.92
79.02
79.95
79.75
79.85
79.75
79.43
78.68
77.33
77.10
75.32
75.20
76.51
77.50
80.53
80.35
80.74
81.18
81.64
81.86
80.85
81.75
81.09
81.81
80.17
80.60
80.91
80.46
82.00
83.34
84.83
85.23
85.63
85.44
85.33
85.29
86.67
86.15
85.95
86.00
85.64
86.21
85.40
84.92
84.92
86.13
86.50
87.24
87.49
87.94
87.22
87.38
87.71
86.50
85.50
85.34
84.56
84.34
85.00
85.85
86.44
86.22
85.69
84.10
84.60
84.71
84.92
85.62
86.12
86.78
87.25
87.17
87.47
87.83
87.44
87.49
87.18
86.75
87.09
86.48
86.12
85.47
85.13
85.75
86.93
86.83
86.20
86.89
87.18
87.10
86.59
85.94
85.98
87.25
87.25
86.48
86.13
86.76
87.67
86.78
85.36
85.38
84.36
83.75
83.35
83.73
83.69
84.39
85.60
86.05
85.92
85.92
85.93
86.39
87.18
86.20
86.69
86.80
87.52
86.65
86.39
85.31
84.79
84.26
84.07
83.59
83.79
82.46
82.73
83.15
82.61
82.72
82.13
82.84
82.08
82.78
82.96
82.64
81.38
80.14
78.56
78.25
78.29
80.24
81.23
80.92
81.85
81.51
81.64
82.50
83.45
83.18
84.63
85.39
85.37
83.22
81.43
82.97
83.66
83.46
85.70
85.47
86.28
86.04
85.04
84.55
84.39
84.68
84.55
85.57
85.42
85.82
86.22
86.38
86.15
85.46
85.26
85.55
86.70
87.85
87.83
87.66
87.45
86.75
87.89
87.88
88.00
88.50
88.48
88.49
88.24
88.64
88.67
88.87
88.91
88.22
88.41
87.91
87.79
88.30
88.20
88.40
88.19
87.73
87.85
87.46
87.65
89.25
90.00
90.00
89.95
89.90
91.56
92.40
92.50
92.22
91.75
91.69
92.23
92.21
92.57
92.04
92.25
91.65
92.50
92.18
91.81
92.54
93.00
92.87
93.36
92.02
91.88
91.72
91.69
92.48
93.54
93.57
93.67
92.26
91.38
90.62
90.80
91.07
91.41
91.67
91.94
90.81
92.05
90.24
88.43
87.95
87.69
87.99
87.11
86.56
86.71
88.20
87.88
88.02
89.09
88.63
88.54
88.19
88.69
88.40
88.58
87.97
88.27
88.06
88.64
88.95
89.49
90.37
89.45
88.45
88.94
89.74
89.61
88.94
88.60
87.32
87.68
87.24
86.29
86.66
88.72
88.89
89.09
88.49
88.48
88.54
89.48
89.71
89.75
89.61
89.48
90.94
90.83
90.94
90.88
91.72
91.80
91.67
91.93
91.72
91.21
90.50
89.62
90.19
89.89
89.22
88.80
88.51
88.62
88.77
88.81
88.61
89.41
89.82
89.02
89.28
90.19
88.98
89.65
89.81
89.68
89.25
90.15
89.95
89.76
89.23
89.55
89.91
89.50
89.91
89.61
89.39
89.09
89.21
88.64
89.29
89.90
90.30
90.74
90.98
90.99
90.92
90.83
90.33
89.21
89.11
89.34
89.16
89.27
89.19
88.67
87.23
86.38
87.08
87.49
88.32
89.49
89.89
88.90
88.28
88.83
88.99
88.84
88.84
90.19
90.88
91.15
91.85
91.56
90.95
90.14
91.19
91.32
91.29
91.88
92.69
93.43
93.50
92.36
91.77
93.18
92.42
92.68
92.37
91.51
91.49
91.12
90.23
91.50
91.94
91.04
91.32
91.71
91.30
91.77
92.06
92.27
90.52
90.14
89.50
89.62
89.97
90.67
90.75
91.13
91.10
90.87
91.61
92.53
93.44
93.39
93.81
93.45
93.50
93.47
93.74
94.84
95.25
95.20
95.49
95.31
95.31
94.86
94.52
94.33
94.60
93.10
92.53
91.76
91.91
91.55
91.97
91.36
90.43
89.92
89.48
88.87
88.49
87.87
87.87
87.35
87.42
87.69
87.70
87.49
88.99
88.63
87.55
88.00
87.98
88.30
87.73
88.19
88.40
88.85
88.80
88.88
89.18
89.35
89.87
89.74
89.75
88.91
88.07
87.60
87.45
87.01
86.70
86.34
86.11
86.05
86.42
86.29
85.95
85.59
86.04
86.95
87.74
87.58
87.86
87.50
87.74
87.65
88.15
87.65
88.73
88.65
88.46
89.03
89.48
90.96
90.04
92.27
93.25
93.28
92.98
92.82
93.23
93.32
92.74
93.42
95.29
96.00
95.79
95.95
95.39
95.07
95.75
94.81
94.42
94.22
94.04
94.48
94.90
94.65
95.71
96.25
95.98
95.54
95.88
95.92
98.88
97.13
99.95
99.60
99.60
99.29
99.44
101.03
101.74
101.55
101.39
100.76
100.17
100.14
101.22
101.19
100.39
100.63
100.10
99.27
99.35
99.04
100.34
98.89
98.95
97.39
96.25
95.58
95.92
96.20
94.95
93.28
92.31
90.64
90.61
90.18
90.63
90.53
91.00
91.86
91.65
94.43
94.72
95.29
95.77
95.58
97.25
96.97
96.86
96.05
96.83
96.54
96.86
95.29
93.94
95.06
95.55
95.59
94.47
94.57
94.22
94.53
95.25
95.30
94.74
95.99
95.10
95.82
95.58
96.50
97.97
98.85
97.93
98.06
98.54
98.71
97.53
97.88
97.79
97.78
97.44
98.06
98.70
100.10
100.97
100.93
100.86
100.95
100.60
100.57
101.46
102.57
102.41
102.39
102.91
103.13
103.30
103.45
103.29
102.18
102.35
102.71
102.68
102.42
101.00
101.11
101.08
102.22
101.97
101.93
101.90
102.07
101.65
101.15
100.88
100.69
100.46
100.83
101.63
101.96
101.73
102.33
102.95
102.66
103.25
102.59
102.95
102.84
104.06
104.61
104.47
102.62
102.38
101.79
101.27
101.59
101.64
103.27
102.65
103.23
103.69
103.07
102.50
103.08
102.60
103.79
103.89
102.96
103.19
104.19
104.45
104.72
103.99
104.52
104.76
104.15
101.98
99.55
100.43
99.54
99.65
99.84
99.79
99.42
98.69
99.31
99.28
99.43
99.53
99.95
99.90
100.07
98.98
98.90
100.31
99.96
99.74
99.67
99.59
99.59
99.45
99.30
98.92
98.03
97.53
97.12
96.59
96.40
98.05
97.93
97.32
97.56
97.00
97.16
96.25
95.89
95.76
94.78
94.81
94.54
93.90
94.11
95.33
95.19
94.83
94.49
93.27
92.53
92.23
90.61
91.27
92.25
91.89
94.03
94.59
94.98
94.53
93.85
95.20
95.98
94.67
96.89
97.10
94.89
95.77
96.42
97.16
97.10
96.51
96.40
95.21
95.11
95.14
95.75
95.74
95.90
