1.45772594752
-7.52592262237
-8.36164383562
-13.5185591917
-20.434698234
-16.0301605954
-10.363781731
-4.57017360385
-7.02470900551
4.30118409068
0.551398188263
3.68911917098
-2.54790052996
4.1914893617
-0.131392763291
0.118296529968
-3.55786528083
-5.82589499952
-10.2625298329
-8.33796553641
-6.77327451521
-4.35863123686
-3.18713993681
-1.0672459388
-1.76556243174
-2.84821428571
-2.39761171751
-2.16363636364
0.474473334599
2.93208430913
2.69576379974
-6.17943107221
-2.86975717439
-6.22886634632
-5.53097345133
-5.8853986883
-1.29589632829
-5.03144654088
-4.25966944965
-2.37580993521
0.817817991996
-2.22165906403
-0.782095016224
-3.8814281035
-1.80692229386
-4.36808386721
-5.34143611067
-7.46073298429
-9.54074074074
-14.8511990754
-16.5694849368
-12.3124386482
-6.60146699267
-5.38930548742
2.02667845825
9.23566878981
12.2992125984
5.39639229953
9.24054509264
2.21468926554
1.53988296889
-2.16470225715
-3.55968130985
-0.381330079317
1.52963671128
6.56383327863
7.17470277411
23.8099547511
6.60162601626
1.35658914729
2.36855367042
4.97486566129
-4.83982087496
-1.6
6.77924012913
-4.98763067592
-9.01348474095
-8.6532410321
3.14382374783
1.4698471359
4.80930076949
2.78002917815
8.07685767727
3.63434239781
12.2572128984
3.46140533056
7.28695652174
-0.423298340671
-4.05316704956
-13.9053494602
-6.76133613039
-2.44316253817
-0.219631694543
10.9210047324
4.94973590049
7.59614549874
0.272201429057
-5.86083499006
-11.8774560911
-9.49186521706
-14.1590282435
-11.3156306578
-2.9407224452
-3.2961067163
2.77359537206
5.61152211554
5.99712138174
-1.4752851711
1.97722239798
-1.60623781676
0.793273044582
-8.38095238095
-4.9237220736
-9.03597122302
-4.33388035208
-6.19139752939
1.72143974961
5.2747754605
5.00075540112
1.75332068311
0.516119380657
-1.96522501461
-0.18234310895
-3.10349875567
-5.42674610581
-2.98962339453
-1.39038974137
-6.77810043204
-4.58830923947
-5.03101779262
-5.80958239355
-2.93006993007
2.22270489429
0.350409979676
6.15095158839
6.02173913043
1.50482680295
-0.63309352518
4.15328467153
7.02447335812
106.741573034
118.012999071
119.554572737
110.574853981
106.393861893
6.05338417541
4.86854917235
-0.393329137823
4.93548387097
-1.95894060492
-5.97550044816
-9.2221567472
-6.61181310608
-11.5044247788
-9.56632653061
-7.10519011934
-5.87909040488
-8.79120879121
-5.6430976431
-3.26295585413
-2.46345425014
-2.61949770456
1.52380952381
-0.841346153846
-1.35244793075
6.68592057762
12.7245053272
8.98576512456
14.5304374426
14.2989642912
6.63689559593
7.26530612245
13.1164038913
13.6648122392
15.9111270382
7.55216959258
-2.87028227085
-3.0253741054
19.9833124739
22.9836932569
39.4135303625
43.710118505
38.3438343834
15.3512993263
13.110667996
7.44232200447
4.47619047619
8.39024390244
4.05608412619
2.71377368152
7.32161874334
18.7111362352
10.4525862069
-1.08964834076
9.44242084618
3.785576126
-7.35794710657
-11.4926084883
-6.22387366465
-17.5940891249
-13.8333333333
-7.55265068991
-6.15350190199
-7.15825786977
-3.75555555556
-6.66666666667
-7.95454545455
-4.28357249946
0.95777100566
-3.35051546392
-2.57631521974
5.13000702741
12.8322861286
24.1621621622
21.9167321288
12.8236443576
2.86746987952
3.45
-10.843373494
-7.12548638132
-3.94181135617
0.752609856761
-8.9667728721
-5.5530268548
-2.16512015227
-0.304093567251
8.22385706779
28.7807737397
33.3940497875
16.75
34.6456692913
17.7963478799
0.352941176471
-12.0192307692
-1.3698630137
-10.5633802817
-8.00113895216
4.80887792848
12.6015037594
9.15071770335
11.1458985598
6.038647343
-1.51791135398
1.12530413625
2.7027027027
3.23206205559
10.1796407186
6.05280103026
-3.94390885188
-3.66863905325
-3.49344978166
-5.8860363181
-3.68992248062
3.72727272727
1.25823846615
-0.186799501868
1.78457616316
5.73770491803
2.51630941286
-0.536352800954
-3.77471539844
-11.3058224986
-15.8620689655
-6.69565217391
-6.46599777035
-9.92984349703
-4.37837837838
-2.02702702703
-8.75429780481
0.532362006164
6.83194004036
4.40180586907
5.89582140813
9.21432697863
6.53731343284
0.376157407407
9.24784217016
2.40328253224
-3.32309410779
-2.55962769052
9.92366412214
5.49593495935
13.7333333333
19.6058784235
16.5423728814
8.41379310345
7.66806722689
3.02197802198
2.1494370522
-2.89664252798
-7.93650793651
-13.2969034608
-12.4210526316
-0.441576086957
9.47747747748
7.2157930565
13.3516861666
16.6666666667
5.59540889527
2.54988913525
19.3338748985
13.6932707355
-0.662251655629
-3.22804581742
-4.4154009184
-16.2014976174
-5.12249443207
8.01957831325
9.5020904599
9.72868217054
17.52
19.0981432361
3.66900858704
11.3886536833
11.2068965517
0.928542591845
-17.8052325581
-8.89046941679
-10.1901140684
-10.9062980031
-20.8120204604
-15.297014466
-13.2901634289
-13.2585751979
-10.6382978723
7.75060282466
13.4427374302
7.45526838966
-1.90876738919
-6.54265554843
-9.11083281152
-5.78947368421
-2.26683937824
-0.802310654685
-0.952986022872
6.71566989642
4.79145122372
10.5225483178
13.6811382707
15.7352941176
5.53596614951
1.43356643357
-2.8511821975
-8.32775919732
-7.8902810701
-1.52777777778
-2.08832591578
-1.16838487973
7.36086175943
11.015037594
6.62717512033
1.63535142658
2.10526315789
-6.32357887656
-10.7981220657
-13.26268465
-6.29279426149
-6.03363006924
-1.32758048457
2.61527873365
12.7852227454
10.8020231214
10.0907441016
12.9733783277
5.71116769734
1.2467913458
0.617957106507
-3.60391882435
-7.93924749741
-4.04886561955
-7.995951417
-5.94871794872
-4.92348636061
-4.89166119501
-3.98793565684
4.25606753429
1.21107266436
8.1684059014
8.55310049893
-0.863787375415
-5.82974494866
-0.789564023344
-7.05685618729
-2.87296642437
0.467289719626
0.868693618443
0.448275862069
3.53185595568
-1.80149558124
0.604432505037
2.42984257358
-0.137741046832
-3.11975847031
-4.32520325203
-7.25630644659
-7.76515151515
-4.09511228534
-2.64532984977
3.85005065856
8.29679595278
5.77629382304
-0.916230366492
0.889621087315
-0.570852921424
-1.69098143236
6.69754185964
8.36879432624
12.1167343923
6.50929899857
8.99891579328
-3.47317744154
-3.2590051458
-5.0508593476
-0.498220640569
1.99041651309
4.00572246066
8.56610800745
3.78594830724
7.66283524904
4.78949401313
7.249712313
13.8194150064
17.04303366
17.1454219031
25.2539912917
35.0777202073
10.6992022525
8.25645756458
6.6028708134
0.583941605839
-5.57729941292
6.49675162419
10.9518935517
-1.55440414508
-4.6403712297
-6.92167577413
-10.0269784173
-8.90442890443
-7.93581960104
-12.0767033864
-12.2302158273
-8.77768662838
-14.0625
-6.14570614571
1.91268191268
3.60248447205
-3.63636363636
-0.16
-3.57142857143
-7.85440613027
-6.61252900232
4.63192721257
6.20220900595
4.3407043407
0.616808018504
-1.67300380228
-10.3115727003
-16.6725663717
-13.6797454931
-8.27439886846
-5.66714490674
-5.00352360817
-5.99001663894
-9.67432950192
-8.12215724496
-8.97812602024
-8.42207163601
0.333889816361
1.6553067186
-0.901481004507
-3.890806401
-4.08542246982
-5.69899244332
-4.67202970297
-4.89895897122
-0.530586766542
-1.67376749848
-8.23461427333
-5.38641686183
-1.7448856799
-2.76176024279
-0.994275384152
1.55516431925
4.8817930611
-0.0901713255185
-3.00264939653
-1.83377698906
3.11649016641
1.84490306442
2.65350200555
6.08994378513
4.70733973366
1.16314661769
-0.806451612903
3.05246422893
-2.9696969697
-9.09346846847
-8.71751886002
-8.59087042813
-11.6076447442
-6.6742081448
2.51082251082
3.58900144718
1.23421354765
2.59515570934
4.89469000297
0.347523892268
3.19593787336
9.90536277603
6.87211093991
1.53614457831
2.52375296912
-1.29716981132
-2.99877600979
-4.16420555227
-5.25114155251
-2.85549466397
-0.176574455562
-3.31360946746
2.85540704739
8.44939647168
6.61131611316
1.22132856717
2.51744009706
-1.37807070102
-3.08938212358
0.71229482812
7.11550733886
4.86641221374
13.2293080054
12.9021334236
4.09413281754
4.39706862092
5.18568082971
3.25744308231
-4.6804389929
-2.60596546311
-8.19571865443
-9.31432038835
-13.4323832626
-9.33567456833
-4.69778575703
-0.879054258866
5.16911295469
6.49015175977
7.65595463138
5.69259962049
4.00378310214
2.65312807075
-1.36942675159
3.75939849624
5.4
3.08742281443
0.394607037159
3.25550805656
-1.8607635547
-0.0999000999001
3.01305657851
-0.588427590716
1.19800332779
4.14300033411
5.51651440618
2.08475734792
5.70145127851
5.84712927087
6.47456421202
-3.55811589292
-4.50391644909
-4.95894909688
-5.68106312292
-6.4870259481
-0.101557210562
5.98408855067
4.67514609832
7.04125177809
7.20399429387
3.25061167424
0.977995110024
4.37746681019
5.8734939759
8.76648564779
9.40726577438
-1.2077294686
-1.31019830028
-1.66604961126
-9.60729312763
-13.2669983416
-4.16666666667
-8.22229444264
-13.4294871795
-5.53163299106
3.71517027864
2.19668807029
4.69547465124
8.86252616888
6.49029982363
6.60066006601
7.91393143691
6.40839971035
7.6634109692
3.09090909091
-3.22924059617
1.55555555556
25.5454545455
26.3407688657
36.0039564787
30.5838739574
27.9014684983
3.38345864662
-6.60460992908
-8.17438692098
7.41662518666
9.71933471933
13.614522157
16.7097775479
20.1965065502
7.95271359484
3.16353887399
2.51778872469
10.2052451539
10.5612552806
4.84507042254
-4.55475946776
-1.24324324324
-2.33853006682
-1.42772159429
-2.7397260274
8.61589772096
-3.24267782427
-2.17864923747
-13.5288065844
-4.8983845753
-3.53887399464
4.70974808324
3.08815272319
3.95721925134
9.78260869565
4.71645143178
-3.33509793542
-6.11491829204
-0.478978179883
-0.455580865604
6.5828845003
18.9546599496
10.7413893754
6.03837471783
-4.4613710555
-6.43896976484
-9.4124358243
2.5748502994
-3.11645708037
-1.23589468028
-4.74666666667
-9.91778006166
-11.9662625198
-6.6360387953
-2.81984334204
4.3986636971
7.33590733591
10.4190919674
16.3301662708
11.7269544924
7.73845230954
14.3127364439
6.64183736809
11.4493712773
5.67200986436
3.66915422886
-3.7037037037
-3.06859205776
-3.75796178344
1.18527760449
2.42038216561
5.78034682081
8.76963350785
4.80640854473
7.58389261745
11.1111111111
8.57740585774
0.526315789474
-1.12211221122
1.91518467852
1.72786177106
-2.24948875256
6.29370629371
9.46531791908
6.63749088257
0.506512301013
10.9682299546
6.24071322437
-2.39774330042
-9.92115637319
-8.47682119205
-19.9757869249
-0.590841949778
-0.351370344343
5.25587828492
-2.26537216828
9.25925925926
-16.2128712871
-8.95713371721
-12.8390596745
-8.09042236764
-7.80487804878
-4.88522660388
-9.65317919075
-9.34426229508
-10.442194992
-10.6267029973
-11.2793733681
-6.18221258134
0.826446280992
8.24682814302
3.14783586284
5.68432671082
-4.00832899531
-3.45744680851
-6.52291105121
-1.98347107438
-5.37859007833
-4.94804552202
-6.23441396509
-9.423828125
-10.1485148515
-8.37320574163
-3.20881226054
-4.75059382423
0.837026095519
2.69445856634
10.2320675105
11.5980758952
19.0610859729
12.0242691671
8.31497797357
4.2330951072
6.42775881684
-2.96377607025
1.34153158189
6.01284296556
7.0
3.35097001764
5.86868099942
6.61501787843
2.63630916717
3.65853658537
7.93147208122
10.533076429
0.53924505692
0.906892382104
-4.54016298021
-9.21658986175
-6.65467625899
-2.16881594373
-5.05166475316
-1.15074798619
-2.41708825183
-3.86167146974
-0.813953488372
6.60954712362
6.69122160835
9.47692307692
4.07918416317
8.51735015773
2.89672544081
1.6219588272
-2.46098439376
5.64005069708
1.21328224777
0.63371356147
2.49360613811
6.93196405648
2.40103828683
4.05315614618
3.33988212181
1.9556714472
2.83828382838
-0.772698003863
-6.81114551084
-8.72683801554
-8.58164481526
-10.6721698113
-7.50446694461
-2.35792019347
0.0
3.32512315271
1.55688622754
-2.66666666667
-0.720288115246
0.661853188929
-4.35806831567
0.240096038415
7.74515927545
4.77987421384
4.85804416404
5.00927643785
-3.97694524496
-6.75596971462
-11.9601328904
-13.1506849315
-10.0667408231
-5.03557744937
-9.24947145877
1.3468013468
1.16407982262
0.503074343208
3.92491467577
9.87224157956
9.45945945946
9.86601705238
2.11187214612
0.0569151963574
0.99706744868
-6.16714697406
-3.97660818713
5.03597122302
4.08767772512
1.85185185185
1.10722610723
-0.175131348511
-8.14977973568
-9.53912111468
-10.2412868633
-9.68421052632
-12.0636550308
-4.16886543536
2.07877461707
-0.533333333333
0.422832980973
5.86956521739
2.26659471128
-3.94114555964
-1.41955835962
-3.12339989759
-4.16666666667
-1.8018018018
-2.80898876404
-4.85242621311
-1.51285930408
-2.33977619532
-5.65
0.410256410256
7.07016604178
6.27009646302
4.35244161359
6.55301012254
3.668261563
-5.61172901921
-5.47112462006
-9.55352856457
-9.84630163305
-7.70363101079
-6.25592417062
-7.67072029935
-4.62454212454
-4.31985294118
-5.95293031841
-3.95994538006
-2.32983097305
-1.35501355014
1.87265917603
-0.914494741655
2.42424242424
0.64367816092
4.82954545455
3.3381712627
7.41650294695
4.88997555012
8.53293413174
2.37518177412
0.486144871172
-2.16242191254
-4.48388603456
-9.77037370554
-5.01841620626
-10.2138804016
-10.1079913607
-8.81601362862
-3.05543430816
-6.94087403599
-4.62114904246
-3.94190871369
-7.23034373765
-8.10268752507
-5.35279805353
-0.166251039069
-1.3104013104
2.01531640468
4.00500625782
-1.00361300682
-2.82714054927
-1.92771084337
1.30665577787
-3.69626355966
-0.439648281375
-1.47234381218
2.59579728059
1.44987572494
3.75156315131
6.10687022901
5.14644351464
-0.410340582684
-2.30675839741
-4.57438345267
-5.86826347305
-8.74379534173
-7.93350963355
-6.25948406677
-4.73664266768
-8.54326396495
-3.85462555066
-4.47491880188
-5.92433975732
-6.74911660777
-4.19727177335
-5.21920668058
-1.80722891566
-2.02797202797
-1.42807384187
-2.02193283071
-0.173671413685
2.02458423717
2.03353549768
1.30557515879
4.25151839943
-0.415081286752
-4.2243767313
-3.87517146776
-2.84538909839
-1.85834502104
-0.103662750518
3.95968322534
6.22950819672
6.96736340301
0.52872752908
5.15988372093
-2.96891372686
-4.08805031447
-7.90273556231
-4.02571041949
-8.11352253756
-3.50522413212
-3.8629492778
-2.69470916858
-4.02597402597
-3.63577863578
-6.58060453401
-7.63264039715
-3.88502842704
-4.22885572139
-3.23785803238
0.761421319797
3.23510570147
1.86615186615
2.35518777849
-1.6835016835
-3.90243902439
-5.07753116449
-5.67526555387
-7.69682726204
-2.99881235154
-2.78601066983
-3.60492379836
-2.71626808385
1.94669062594
0.808141275067
-1.05571847507
1.00651272943
3.26219512195
3.59913124418
4.93090452261
4.85854858549
6.12629594722
1.48514851485
-3.67603108189
-3.7193831267
-2.48875562219
-5.09838998211
-5.05287896592
-1.15214180207
-0.809838032394
-0.56648777579
4.48598130841
7.58533501896
11.9008264463
9.59894806049
8.50857327726
4.01814646792
4.62962962963
-0.0330469266358
0.828637719589
0.0323624595469
0.948642459928
-0.591715976331
-2.73224043716
-2.92792792793
-1.46683673469
-4.91446345257
-5.05617977528
-2.93291731669
-3.35820895522
-4.709814646
-2.27963525836
-5.73698146514
-6.39602803738
-5.32823079188
-3.63103953148
-2.0541827925
1.79694519317
3.56926799758
3.28367284889
4.72247776756
4.31677018634
5.56433765413
4.12598425197
1.41843971631
3.09832437559
2.61312938177
2.39559728067
4.03014416776
6.95910290237
0.732484076433
4.53031312458
3.24197860963
-1.16580310881
-0.817795224076
2.81597904388
-3.13004194902
-2.66753415745
2.45520902455
-0.778967867575
-0.196078431373
3.68016058883
2.46666666667
3.93103448276
5.51369863014
3.30857528697
1.32203389831
2.7397260274
-2.3240148198
-1.35135135135
1.99724517906
-0.505902192243
0.863557858377
7.18411552347
5.78984989278
6.33467594288
9.49039881832
4.55037919827
2.21402214022
3.01914580265
-1.72724001439
-0.441176470588
4.53001132503
3.31681280976
3.82262996942
4.74934036939
-2.12306585103
-3.25054784514
-5.27266161069
-4.62996718921
-2.46323529412
1.49744338934
-2.63157894737
-3.0122591944
-2.97134771843
-1.52063721941
0.0365363536719
1.88405797101
3.18033971811
3.28827183047
3.60090022506
3.47826086957
3.44827586207
6.13732259302
4.14764079148
0.52790346908
-3.92299309844
-1.73112338858
-3.01339285714
-0.265654648956
1.49253731343
6.99572483482
4.26267281106
2.28310502283
0.572519083969
0.577367205543
-2.79561768039
-1.9209039548
-5.36550234066
-4.96916938701
-5.32069970845
-2.10798816568
-1.08047690015
2.28360957643
1.69679085208
0.109449106166
-1.85117967332
-3.24441240087
-3.38078291815
-4.44131124427
-3.65553602812
-3.50262697023
-2.0825979527
0.321313816494
3.5023713973
1.10163468372
-0.695652173913
-2.2766471197
-1.37323943662
-4.29469273743
0.5359056806
1.12557157932
3.09388335704
2.78682591386
3.61794500724
1.70784883721
1.39087018545
-1.40252454418
-1.14490161002
-0.503959683225
0.511322132944
1.59420289855
3.33333333333
3.44189489267
5.50702620585
4.86403676752
4.78359908884
5.26315789474
1.69363944298
0.342987804878
-0.114766641163
12.6603934987
13.2613390929
16.8939727233
14.5351374945
12.4784853701
3.63475177305
-0.515685431887
0.264666960741
-0.261210274271
-0.128921357972
-3.83631713555
-4.00165016502
-7.01394585726
-7.75100401606
-3.72362432768
-2.12765957447
2.40811153359
7.07070707071
10.3234381923
7.23158828749
8.1678700361
11.4406779661
5.61224489796
5.36881419234
4.78847047885
-0.2700270027
-3.49840981372
-0.277520814061
-2.14709913202
-0.73834794647
1.23006833713
1.10243454295
-1.81653042688
1.34259259259
1.78487552842
2.42650489967
0.647249190939
9.82543640898
8.59728506787
7.96146044625
6.24690133862
5.15313563442
-3.60576923077
-4.23688011555
-3.42801175318
0.298359025361
-0.0971345313259
-0.57361376673
-1.47058823529
0.0
-1.324828263
2.28514654744
5.02008032129
7.11382113821
1.74389636273
1.59521435693
-3.45323741007
-5.72645527686
-7.69230769231
-5.01656412683
-5.55555555556
1.4598540146
2.52304706453
5.12820512821
0.666984278228
3.55923939542
-0.291120815138
-0.865800865801
-2.5
-2.14452214452
-5.44029506685
-3.23943661972
-2.44016893477
-2.80373831776
-2.5
-2.60440053884
-4.31266846361
-5.03565062389
-5.35161432994
-2.95544772828
-2.66608391608
-4.70890410959
-3.40077486009
-2.03639514731
-0.831146106737
-1.25161847216
-1.39299282398
-2.27177114009
-3.18791946309
-6.00328947368
-6.57258064516
-1.94536423841
-1.36929460581
2.01112537441
3.00720033884
6.85049547609
4.77016478751
7.6854334227
1.16883116883
3.96301188904
-2.92764533668
-3.9566847147
-4.68483816014
0.391134289439
-0.219683655536
5.98404255319
6.09809986743
1.03270223752
-0.561797752809
-0.48097944906
-0.922266139657
-0.308370044053
-1.06428267348
-1.32196162047
-2.84621920136
-2.56739409499
-2.49140893471
1.03225806452
0.860215053763
0.641299700727
1.30039011704
2.96329057939
3.84100044663
3.51736420303
2.58771929825
0.83041958042
0.310559006211
-3.32469775475
-1.57756354075
-0.955690703736
-0.261551874455
-0.265486725664
2.56864481842
1.78412132025
4.68394724875
3.05480682839
0.802854594112
1.21021963245
0.809352517986
-2.04899777283
-1.63499779054
-0.708591674048
-0.312779267203
-3.30434782609
-2.00785683108
-3.33190944041
-3.09012875536
-4.76595744681
-4.84071162598
-5.75894693542
-4.33183489988
-3.47970173985
-0.550148116801
0.624479600333
2.31481481481
4.9764049764
1.85654008439
-1.9095060191
0.125052105044
-3.49309504468
-4.93474714519
-3.26530612245
-2.39059967585
-4.46037435285
-0.725806451613
-1.28824476651
-1.40845070423
1.98347107438
3.46106304079
3.85259631491
5.52251486831
6.15121742845
3.37462622811
3.27659574468
3.73588184188
0.641299700727
0.992234685073
0.472103004292
1.51187904968
-2.00085142614
0.688764528627
0.738809213385
1.61360662887
0.0864677907479
1.90889370933
-0.768902178556
-1.2022327179
-0.821799307958
-0.387596899225
1.0078878177
4.09070698088
5.28933092224
4.09725348942
2.60715863897
0.706090026478
-3.72431506849
-4.81927710843
-5.12601452371
-2.95883361921
-3.61548277329
0.733074601121
-1.19047619048
-0.594479830149
-2.14015946286
-2.48859394442
-4.41055234955
-3.96080032666
-5.04032258065
-3.40494527767
-2.66451352442
-2.33494363929
-2.50796178344
-2.09238057639
-4.00778210117
-4.47358272272
-4.49826989619
-4.6679316888
-4.41509433962
-4.67359050445
-3.96296296296
-4.96894409938
-3.79700620664
-1.70623145401
-1.2092341517
-2.13845596231
0.146359312111
0.80971659919
0.372300819062
0.70110701107
-0.397111913357
1.29725722758
0.62962962963
0.59925093633
0.593912397921
2.13864306785
-0.516224188791
0.371747211896
-1.76600441501
-0.627074880118
1.30743369443
3.90804597701
4.02165506574
3.22825674136
3.27619047619
2.88239815527
-0.419687142312
-3.07346326837
-0.641509433962
-1.1671686747
-4.61876832845
-5.37906137184
-3.85585585586
-3.95070677782
-4.73457675753
-3.60424028269
-1.87743535246
-3.34378265413
0.546647230321
3.14465408805
5.79439252336
6.4479638009
6.76831535887
1.40428677014
-1.13386978786
-1.43699336772
-2.17631870159
-2.43105950653
-2.0984081042
1.22176971492
1.38214419126
1.49756645451
2.45353159851
2.82738095238
0.708426547353
1.74838464462
0.678477195628
3.46153846154
3.02798006899
3.63214837713
2.5730994152
1.80353031466
1.08864696734
2.19349784567
1.64964650432
0.944510035419
1.28254955305
0.586624951115
-0.738724727838
0.791765637371
0.514240506329
0.11673151751
-0.350740452065
-1.41816788041
0.039603960396
1.16046418567
3.21285140562
4.77746018783
6.27291242363
1.77347843611
1.25607779579
1.71568627451
-0.0408163265306
-0.0407166123778
1.76374077112
1.89925681255
2.72765421737
2.29645093946
0.326797385621
-1.0953346856
-1.54471544715
-2.73469387755
-0.498545907769
3.0303030303
3.48446683459
5.03842869342
4.61144321093
3.57142857143
2.41379310345
2.53981919931
-0.170502983802
-1.26475548061
-1.89953566906
-1.77815410669
0.345572354212
1.55844155844
2.63954997836
2.68747290854
3.41506129597
-0.771538791256
-1.70212765957
2.03090507726
-1.2836970475
-4.39514441189
-2.75114631096
-4.08163265306
-7.73930753564
-5.76612903226
-5.34865293185
-4.53641066454
-3.42924714229
-2.11323763955
-0.441589723003
0.517722023098
-0.671936758893
0.475247524752
-4.12844036697
-6.49399399399
-6.34091756807
-5.80789277736
-5.71321882001
-1.94902548726
-1.98675496689
-2.26029894276
-0.148698884758
0.412448443945
2.02676864245
5.75875486381
5.1763803681
1.05184072126
-0.187125748503
-1.80247840781
-3.3107599699
-1.13722517058
3.25833979829
3.52576520728
2.89799072643
2.34886407393
1.57874470543
1.2568735271
1.45440251572
3.23095333067
4.04647435897
1.56433320297
-1.73678116557
-3.15949752569
-4.71303686811
-5.70457121269
-2.1056661562
-0.879877582249
1.15517905275
2.01628538193
3.72257053292
15.5752212389
16.6964285714
19.3474264706
20.7962529274
19.9248120301
6.55351249411
4.2345276873
0.415320719889
-1.3856812933
0.0940733772342
-1.5777262181
1.3679245283
4.48408871745
5.04609412906
2.85437832608
4.25737784228
0.952380952381
-2.58337247534
-2.46095598675
-3.27562002808
-3.1850117096
-1.6393442623
3.29936923823
2.47332686712
6.05459057072
5.22424839823
4.86247544204
0.438596491228
0.0970873786408
-3.125
-0.976085895559
0.196850393701
1.08374384236
2.69192422732
3.94802598701
3.74683544304
2.3677581864
2.88900152053
1.51821862348
0.451807228916
0.508905852417
1.58648925281
0.560652395515
-0.10111223458
-0.3003003003
-0.253807106599
-0.30612244898
-0.658227848101
1.02145045965
0.807265388496
0.0
0.719424460432
2.06718346253
1.45077720207
1.7453798768
1.65118679051
1.14345114345
-0.051652892562
0.730688935282
1.88284518828
-0.359897172237
0.260552371027
-0.154718927282
-2.04498977505
-1.69665809769
2.04616998951
1.48069804336
1.25326370757
0.359158542842
-3.1374501992
-4.6046046046
-2.97588506927
-2.24604389995
1.72233820459
3.82626680455
2.40902101486
-3.08304326206
-1.55778894472
-2.14504596527
-0.103305785124
2.46848739496
4.08902691511
4.40713536201
4.93033226152
3.80697050938
3.7037037037
7.27373681288
6.18384401114
4.30408049189
3.32409972299
0.768386388584
1.12296462661
-0.3884572697
-0.831485587583
-0.9873834339
1.33481646274
0.112422709387
3.62277170788
5.43541788428
6.23543123543
6.64294187426
3.91355140187
-1.9176536943
-5.57395143488
-6.22950819672
-7.56578947368
-5.67493112948
-3.64130434783
-0.712328767123
1.66666666667
-0.218818380744
0.554016620499
-1.39335476956
-5.53830227743
-5.26315789474
-5.57851239669
-3.73333333333
-1.00795755968
4.09482758621
4.5104510451
3.69576861275
4.86577181208
6.3769751693
3.80313199105
1.90582959641
2.52608456892
-3.2990805841
3.62573099415
4.25655976676
2.05949656751
3.81984036488
5.65714285714
-2.11791642816
-5.66556655666
-2.88888888889
-0.679501698754
-0.511654349062
0.807847663012
3.94511149228
3.92609699769
1.72811059908
1.09195402299
-2.3661971831
0.459506031017
-3.07778399552
-4.2471042471
-6.5018807093
-4.36422413793
-5.38043478261
-2.08219178082
-1.14503816794
1.2513601741
0.0
-2.6455026455
-5.83075335397
-6.80894308943
-7.35887096774
-5.16096065406
-4.92957746479
-3.05152576288
1.91610564474
3.22580645161
0.616966580977
2.47422680412
1.21518987342
-2.62228946041
-2.83114256825
-0.307534597642
-1.27226463104
1.69927909372
1.74448435095
3.07451797811
2.3072889355
1.23647604328
-2.70541082164
-4.41392839627
-7.60712566201
-7.29217306757
-5.03913894325
-2.96548371415
-2.06532180596
-0.0481231953802
-0.290838584586
-0.872938894277
-1.53183341312
-0.335088559119
-3.30386226152
-4.49074074074
-4.58121240167
-0.0478468899521
-1.04216011369
2.18735140276
1.26582278481
0.745920745921
-3.33024976873
-2.80847145488
-3.39917317409
1.09004739336
0.893697083725
1.31208997188
3.33016175071
5.27079303675
2.87664553876
2.11335254563
2.59615384615
1.4968614196
1.27326150833
-0.340136054422
-0.857142857143
-4.93601462523
-7.21326164875
-8.55351545007
-6.8778280543
-5.70273911091
1.43718127028
2.71514035895
3.42751273738
5.13796384396
6.14871306006
1.55367231638
1.54205607477
3.15336837076
-0.942507068803
-0.662878787879
1.62679425837
3.63196125908
1.20889748549
2.51207729469
1.88133140376
0.966183574879
-0.577756379393
-1.3358778626
-0.671785028791
0.338818973863
0.485436893204
1.96367206676
4.38247011952
3.42431761787
1.27450980392
0.881488736533
0.592592592593
-1.32678132678
-4.81813887577
-3.31753554502
-2.80818657782
-3.7089871612
-5.43680297398
-3.42153284672
-4.65431540895
-5.78475336323
-0.0475285171103
4.21307506053
5.28338136407
6.44540644541
8.51581508516
0.959692898273
0.242718446602
1.41256697516
-0.478697941599
-1.81557572862
-0.572519083969
-2.41591662719
-3.2972209138
-1.83270676692
-1.78320037541
-2.5569502557
-1.17041198502
0.951022349025
2.30769230769
2.10828941064
1.75023651845
0.234631628344
-0.942063118229
-1.79414542021
-0.0478927203065
0.810681926562
2.6493256262
1.82254196643
5.74138791812
5.13595166163
7.04441041348
8.01248699272
9.10518053375
3.24742268041
3.87029288703
1.872074883
0.628272251309
-1.89938398357
1.46443514644
-0.572022880915
0.470219435737
-0.261096605744
1.93615907902
0.684570826751
-0.568769389866
-0.104384133612
-0.622729631552
-0.933125972006
-0.367261280168
2.54506892895
0.366684127816
0.731834814428
0.83638264506
-1.29466597618
-2.68317853457
-2.50255362615
-4.82587064677
-7.49516441006
-5.6668295066
-5.46341463415
-4.30107526882
-2.85161913968
-1.42993326978
-4.12177985948
-6.00641907382
-7.6714801444
-5.56823368325
-4.37556973564
-4.08805031447
-1.26754187415
1.3260173754
1.90697674419
0.642201834862
1.5047879617
1.60993560258
-0.13698630137
-2.09471766849
-1.58013544018
-2.40320427236
-2.11616389014
-1.70556552962
-0.723327305606
0.636074511586
1.30748422002
-0.0899685110211
-1.85022026432
-2.25364560318
-4.26272292301
-2.16144684605
1.18343195266
2.43682310469
1.4798206278
4.12137681159
2.2091974752
-1.74418604651
0.0
1.54826958106
2.74546300605
4.08259033318
2.42785158039
1.04879160967
-1.08108108108
-5.20511689457
-8.26517434352
-9.94224422442
-9.26768721556
-7.88381742739
-5.30492898914
-4.36393577604
2.27848101266
2.93867120954
3.07955517536
0.63051702396
1.54682274247
-0.16849199663
-3.2550473836
-4.92069947133
-3.29268292683
-3.0794165316
-4.88782051282
-2.80336403684
0.0814000814001
-5.38461538462
-4.96726992684
-3.81502890173
-5.16521078618
-1.95530726257
2.92953285827
5.78411405295
4.97572815534
7.33795352629
2.28571428571
5.25
4.29056924384
3.64779874214
3.85266723116
2.94117647059
-1.23456790123
-1.54746967796
-1.16038126813
-2.11355159552
-3.56564019449
1.58862876254
-0.291909924937
0.457951706911
1.38655462185
6.28768303187
3.54978354978
1.18143459916
-0.373289091663
-0.376726663876
-3.85093167702
-4.66364011556
-4.39693424768
-1.39059304703
-0.292153589316
-3.7465125548
-4.15348101266
-3.72815533981
-6.60809778457
-7.8106964217
-4.05353728489
-0.745975657636
1.57790927022
2.02650038971
2.08169677926
3.15581854043
2.16606498195
2.01207243461
0.983864620228
-0.856697819315
-1.78225493995
-3.63355237727
-4.34949961509
-1.8539976825
-0.887688151293
0.194099378882
0.0386697602475
-1.47895335609
-1.85746777862
0.387446726075
0.625
1.25293657009
2.76695245518
2.08978328173
-0.270479134467
0.668501769564
-0.0391389432485
-0.349514563107
1.41287284144
-3.14371257485
-5.71004820171
-2.85171102662
-3.34084084084
-4.92537313433
2.72971933872
4.17149478563
1.38781804163
1.4470677837
2.01751046821
-3.30855018587
-2.30188679245
-3.20895522388
-2.1609538003
-4.43797744634
0.0
2.19822599306
6.5606361829
5.79424517146
5.16449885233
4.06189555126
1.56678417548
-1.41121128969
0.794596742153
2.42946708464
4.9533089728
1.83486238532
4.67788264259
0.238948626045
-2.55822833142
-6.49202733485
-3.8726993865
-7.1619047619
-4.56100342075
-3.78398236591
-5.86132952109
-5.95023440317
-5.50755939525
-2.30226513182
-0.219941348974
3.01914580265
5.47736782046
8.00933125972
3.9367039753
4.16189385262
2.83983339644
-2.48516320475
-5.82204320762
-5.6102003643
-2.38538948938
-1.30792227205
1.12528132033
7.73175542406
11.2687474666
18.3502426114
16.958041958
19.7663971249
11.4285714286
9.44986690328
3.09231468849
-0.866551126516
-1.89510797708
14.4366197183
16.606311433
15.7368421053
24.0193444385
13.5635635636
-3.91493475109
-3.35
-6.35781172992
-9.21951219512
-3.43160947318
-1.94312796209
-8.13045475425
-4.29245283019
1.88866799205
3.86546184739
5.23690773067
7.40009866798
2.51450676983
-3.73205741627
-6.08203677511
-2.00391006843
0.795624067628
2.57936507937
2.55152109912
4.48275862069
3.22906155399
0.852557673019
-2.56162397293
-1.87770823303
-0.927281600781
-0.751126690035
-0.349825087456
3.45
2.82178217822
3.12028183191
-0.498256103637
-0.546719681909
-5.66037735849
-4.35606060606
-6.62593984962
-2.85575992256
-3.50119904077
-2.52873563218
0.142247510669
-2.16091954023
-6.6425666516
-6.37629097441
-0.503202195791
0.0
4.6176046176
4.48536355052
1.36549840692
0.045766590389
-3.83036935705
-4.93827160494
-2.62068965517
4.2220113852
2.00746965453
-0.679347826087
2.96610169492
5.12324794587
0.813008130081
-3.2083145052
-0.135685210312
-5.80931263858
-7.88067675868
-4.91132332879
-1.90602836879
-2.55619215513
-0.0443262411347
-1.10083663584
-2.78514588859
1.34770889488
-2.57621296694
-4.32569974555
-2.32258064516
-4.07124681934
-3.92749244713
-0.470085470085
0.898587933248
-1.64974619289
-0.757575757576
-2.81040268456
-6.28754505406
-6.52
-4.98392282958
-1.3698630137
0.760777683855
4.56448911223
6.79196924391
5.42372881356
2.6416702173
2.24719101124
3.0198446937
0.905172413793
2.87707061901
-0.0425894378194
-3.05823209049
1.22270742358
1.93321616872
1.14638447972
7.65703805594
8.25396825397
1.05913503972
-0.437445319335
0.44286979628
-2.10951526032
-3.5010940919
1.29637907912
2.23613595707
0.758589915216
-1.63355408389
5.83603520148
4.09492787343
4.09683426443
3.89429763561
8.21786908743
4.50145208132
3.76629647513
2.67686424474
8.88440181726
1.50339476237
0.0968992248062
1.17244748412
1.01400289715
-5.2606408417
-6.230104593
-6.564056134
-7.33363512902
-6.24717066546
-6.2331838565
1.47669589294
0.363471149478
1.93816335948
-0.629779577148
0.314889788574
-2.34339792699
-1.52125279642
-3.77442273535
-3.43179843614
-2.5
-6.25264047317
-7.75897647544
-7.62920426579
-6.11745513866
-5.47263681592
-2.83251231527
-0.123660346249
1.54102457309
3.94234845273
3.12099187687
5.68329718004
3.27799063431
4.52764475403
1.90064794816
-0.0854335753951
-2.2891055532
2.71097507652
1.72719220549
7.47446610956
14.0838206628
14.4590004852
9.06056270863
11.0673880964
6.84523809524
1.63447251114
2.23214285714
8.31611570248
4.36344969199
8.67924528302
4.82866043614
4.83619344774
4.64864864865
4.56253354804
-0.802139037433
3.71567043619
0.15625
7.12217718587
-0.533902829685
0.97192224622
7.96511627907
10.9185441941
2.00826934436
16.9163545568
13.9692307692
10.2564102564
13.9565503621
-0.353148911124
0.564971751412
8.40560373582
-1.76322418136
-2.0
5.92269326683
4.45901639344
2.81207133059
9.44176430048
8.54341736695
12.5614035088
-3.84615384615
-2.40963855422
-10.2659245516
-10.9170305677
-8.88746803069
-2.46002460025
-0.796812749004
16.5825522711
9.56937799043
8.98954703833
16.7264895908
11.3905325444
-3.8808038808
9.83483483483
10.3846153846
6.25476735317
8.24659727782
17.9885527392
1.60183066362
-4.12979351032
-0.1523229246
-10.5941302792
-11.3768115942
4.37898089172
2.10843373494
-3.87994143485
9.39702427565
3.8374717833
-9.89956958393
-7.13286713287
-4.27470217239
-8.85082084226
-9.89830508475
-4.45510623715
-8.56777493606
-6.4875491481
-1.75315568022
2.14681440443
1.74337517434
11.158493248
7.23822909346
0.564174894217
2.19391365888
-2.38257317903
-4.02455661664
-6.38157894737
-4.89604292421
-8.06766428107
1.73130193906
0.756013745704
7.42049469965
8.12182741117
12.4359912217
10.3975535168
9.48081264108
2.98398835517
7.23172628305
3.09200603318
2.02808112324
1.29573170732
2.69058295964
-6.87907313541
-5.35331905782
-4.11368735976
1.70542635659
-1.83418928833
0.582665695557
0.936599423631
-6.17543859649
-12.4236252546
-8.58484238766
-2.48579545455
-1.42045454545
1.78571428571
6.12391930836
12.8690386071
5.38922155689
11.0410094637
9.54616588419
14.9006622517
3.7706205813
2.53261703761
-0.236034618411
0.313971742543
-1.86839967506
3.66449511401
2.11598746082
3.24939073924
2.65914585012
-1.91235059761
-11.7816091954
-8.59598853868
-15.2203856749
-15.5782312925
-11.9298245614
-6.57718120805
-8.39895013123
-4.15841584158
0.341296928328
-8.18298969072
-0.666666666667
2.00803212851
-4.23514538559
-4.99351491569
5.4347826087
-0.199600798403
-0.59880239521
0.764331210191
-3.32288401254
-7.18789407314
-2.71844660194
-1.57170923379
-1.7521902378
-0.187734668335
-0.936914428482
-1.08834827145
-3.9018250472
2.4358974359
6.53333333333
4.23177083333
-0.319081046586
2.31809401159
-0.128040973111
-1.83246073298
2.05980066445
2.08469055375
-1.58428390368
-1.20177103099
-8.28331332533
-6.86881188119
-4.77667493797
0.0634115409004
3.40091563113
8.39297332466
6.24589086128
6.54329147389
1.48005148005
0.658327847268
-0.966494845361
-2.81150159744
-2.88831835687
2.37154150198
0.93023255814
0.258397932817
1.22897800776
-0.89058524173
-3.43511450382
-8.78787878788
-4.38542310068
-3.0112923463
-2.54184748915
-1.25628140704
3.6432160804
-1.40073081608
-3.15917375456
-1.34556574924
-2.3911710607
-0.375469336671
3.53089533417
1.98265179678
3.02457466919
1.87382885696
1.91326530612
0.316255534472
0.248447204969
-2.6977314531
-1.71884591774
-4.2735042735
-4.47129909366
-5.51643192488
-2.45215311005
-1.51148730351
0.8
3.82685069009
6.3670411985
4.23940149626
0.303214069133
-3.44622697564
-11.6897506925
-13.4054054054
-14.6354443853
-12.7513227513
-10.9523809524
-5.69487983281
-5.03080082136
-2.94421487603
-2.92758089368
-2.42643262777
-1.34020618557
0.775995861355
0.571428571429
0.516262261229
0.258799171843
2.86320254507
3.36898395722
4.05405405405
3.25159914712
3.64806866953
0.26581605529
-1.83727034121
-1.43846563665
1.68021680217
-0.692594565796
0.0531914893617
1.8172100481
-0.635256749603
-1.65245202559
-1.7277486911
-3.24240864642
-3.90344119158
-6.71604938272
-7.67716535433
-3.14401622718
-0.205444273241
0.257466529351
3.10590631365
2.62626262626
-1.05368790768
-1.46761133603
-0.461301896463
1.44628099174
1.27877237852
1.42493638677
1.80319422978
-0.255623721881
-0.921187308086
0.102406554019
-1.1569416499
-0.665301944729
0.980898296335
-1.01317122594
0.256673511294
1.58405723045
3.38624338624
2.1085925145
3.35078534031
-0.764136525726
-0.911392405063
-4.92957746479
-5.94942984631
-6.37254901961
-4.1971693509
-5.18482957273
-3.82196419932
-0.0495540138751
-0.0489955903969
1.53617443013
4.88418932528
2.73359840954
2.02224469161
2.92486132123
2.22897669706
4.36153441934
4.68262226847
3.50601779173
4.31351920042
6.7027027027
2.36686390533
1.74695606141
0.95087163233
-2.31243576567
-5.12820512821
-6.30040322581
-4.01422764228
-4.49041372351
-3.8062283737
-4.03543307087
-1.3916500994
1.9689119171
3.01455301455
4.27835051546
4.79628674575
4.03309203723
0.994243851387
0.208333333333
-1.32248219736
-1.67342799189
-2.66733769502
-6.59824046921
-5.74374079529
-1.65082541271
-1.44927536232
-1.38957816377
2.81407035176
1.95195195195
0.959595959596
3.25077399381
5.66334556896
1.37544574631
-0.547536087606
-1.19760479042
-3.58208955224
-6.19773733399
-3.30049261084
-1.51960784314
-2.67119961146
-1.47058823529
-2.63409961686
-2.73119310014
-1.92307692308
-0.0485436893204
-2.06433029285
-0.334128878282
1.26152353227
-0.763358778626
-4.09683426443
0.144230769231
-0.475059382423
-2.22960151803
0.575815738964
7.88548468106
2.36220472441
5.25
4.15019762846
4.61847389558
2.62886597938
3.62060173381
0.452034153692
2.84552845528
4.73186119874
-0.359527478172
1.34366925065
1.32315521628
-0.0507872016252
-5.18444666002
-4.69897209985
-6.61196911197
-4.88867376573
-5.51823416507
-3.65033621518
-2.10828941064
1.61844041197
-0.193236714976
1.01793504605
1.41256697516
0.0
-1.49758454106
0.877192982456
0.487092060399
-1.2506012506
0.481463649494
-1.14613180516
-3.16186880604
-3.38823529412
-2.25669957687
-1.88946622579
-4.86142662426
-4.72122302158
-4.27927927928
-3.27421555252
-4.81115107914
-2.91133656815
-0.847079803834
-0.671140939597
-1.12410071942
-0.403045230631
1.47717099373
0.628084342755
-0.178651183564
-1.54935812306
-0.3125
-0.489977728285
-0.0896458987001
-0.709534368071
0.221827861579
-1.62494510321
-4.54931972789
-7.88604459125
-5.72742474916
-6.08333333333
-5.59701492537
-1.17647058824
0.958732805336
-0.499168053245
0.755667506297
3.29764453961
2.32158211522
2.12856534696
5.25394045534
2.40756663801
3.50177304965
4.91655390167
9.2050209205
7.17972782731
3.14855875831
1.25673249551
-3.98440883499
-4.4
-2.64961169484
2.40690281562
3.96640223985
6.89814814815
8.22510822511
4.68675274988
6.53120464441
2.78177458034
4.34782608696
-4.45772058824
-2.38095238095
-2.40793201133
-4.40165061898
-5.47945205479
3.86634844869
5.46528803545
4.95540138751
9.43301555444
6.56934306569
1.5019379845
-2.77644806127
-6.052141527
-7.25919032108
-4.50743494424
-3.55140186916
-1.41576215196
2.3832221163
3.26765977895
5.90551181102
6.83974038942
4.07662082515
6.01313794846
6.99228791774
5.55844155844
4.32291666667
4.51745379877
-1.73783515392
-3.23383084577
-4.89130434783
-6.66018473505
-7.28224654926
-5.71161048689
-6.55509065551
-3.71075166508
-4.72440944882
-2.95612009238
0.470366886171
-1.23966942149
-3.08898109728
-0.552740672501
0.32437442076
-0.328176277543
3.56633380884
5.29126213592
2.64775413712
3.40201245807
2.89435600579
1.74165457184
-0.242130750605
2.42130750605
5.29767911201
6.69068450849
6.27249357326
7.83289817232
6.06060606061
1.48489503328
-0.816743236345
2.91005291005
1.26916975145
4.11764705882
6.08365019011
6.00649350649
3.9603960396
2.93957539467
4.12026726058
4.18788907753
1.8743109151
-0.54704595186
-0.325556158437
-0.883002207506
-1.28491620112
0.777777777778
1.72509738453
-0.700431034483
-3.30843116329
-4.38034188034
-5.11333684765
-4.46570972887
-1.95456946646
-2.08986415883
-1.52551288795
-0.0526870389884
-3.14109165808
-1.61122661123
-1.89646335213
-1.19542619543
-1.14583333333
0.517598343685
1.96078431373
1.87989556136
-0.36250647333
-1.03092783505
-1.02459016393
-3.52760736196
-3.13606474456
0.363825363825
0.414078674948
1.03519668737
1.9280875456
2.91514836023
-2.0366598778
-2.22672064777
-2.62096774194
-3.42224458983
-4.14171656687
-2.72412085191
-3.46849047386
-1.04738154613
-3.4030140982
-1.47492625369
-1.416015625
-2.38435860753
-5.60263653484
-3.10880829016
-3.8752362949
-2.66159695817
-1.1315417256
-1.3469577334
-0.328638497653
0.427147603227
-0.189753320683
0.903901046622
1.84484389782
0.235294117647
-0.094831673779
-1.44927536232
-1.49953139644
-0.890764181903
0.425330812854
-1.8156424581
-1.42857142857
-1.61364684186
-1.70506912442
-1.94624652456
-1.55820348304
-0.504355800092
-1.00410771337
0.93023255814
0.512342803912
2.53759398496
2.39436619718
2.09692451072
1.27178520961
1.75355450237
1.86692197224
2.20729366603
2.97504798464
1.67624521073
0.764087870105
-0.618458610847
-0.903471231574
-0.0479616306955
-1.27659574468
0.0
1.20365912374
1.79090029042
0.773320444659
0.475059382423
-1.69014084507
-2.44246124941
-1.99240986717
-1.85009487666
0.1903855307
1.67064439141
2.25744476465
-0.75329566855
-2.18097447796
-3.40229885057
-3.67816091954
-2.98229263747
-1.02516309413
0.325884543762
0.881261595547
0.834492350487
-1.0147601476
-1.06039649608
-0.739371534196
0.465983224604
-1.05504587156
-0.367647058824
0.556328233658
0.885780885781
-1.33333333333
-0.773782430587
-1.71635049684
-1.10041265475
1.41843971631
2.16063879756
0.503202195791
3.12063344201
1.96353436185
-1.58213122383
-2.29463056448
1.39146567718
1.2258368694
1.23047799337
1.3679245283
4.81000481
3.30618112123
1.7754318618
4.70763131814
7.01665825341
4.47236180905
4.71650777722
3.21941555225
0.14888337469
-2.36569738788
-2.35525024534
-2.16003927344
-0.737463126844
-0.641025641026
-0.830889540567
0.991080277502
3.29614604462
4.36121087737
2.89193302892
2.55639097744
0.748876684973
-1.4985014985
-3.13121272366
-0.253036437247
0.859453993933
2.29826353422
1.36708860759
2.54841997961
-0.503524672709
-7.61326482952
-8.76048462255
-9.98176845943
-12.7224199288
-12.2403888643
-6.09649122807
-7.30021598272
-4.23395896988
-3.22858372794
-3.70212765957
-3.43074968234
-0.430107526882
0.659050966608
0.868432479375
0.384451089278
-0.421762969211
-0.683468603161
-3.72250423012
-2.20806794055
-1.96817420436
0.72217502124
0.818260120586
3.41207349081
4.15745245467
5.29100529101
4.62222222222
4.54750112562
1.55486450466
2.77272727273
2.67089180625
3.54348826507
1.74072377462
2.0398912058
0.824931255729
1.51654411765
1.63704396632
2.05703599813
1.09990834097
1.86741363212
1.5873015873
0.896649362907
0.28129395218
0.785219399538
0.0934579439252
-1.33578995854
-0.0471698113207
-0.0468603561387
0.744532340624
0.0467508181393
-2.03068592058
-5.90324012428
-4.90196078431
-5.53846153846
-7.92079207921
-4.02771762668
-1.40043763676
-0.0445434298441
1.20106761566
4.31073192636
3.21859633438
2.55834829443
-2.64527320035
-2.21835580687
-2.36738272687
-3.28577604842
-3.25662179766
0.698689956332
2.04172214825
1.15299334812
3.58262427228
3.55215827338
5.43278084715
3.30123796424
8.15347721823
7.40740740741
10.5917454003
5.43689320388
9.43301555444
0.433526011561
0.677966101695
-3.73384394447
-0.913900913901
-3.58006773101
5.00758725341
7.60812923398
7.7915376677
5.47945205479
4.39393939394
1.80226570546
-2.93373798685
-4.53201970443
-2.6185770751
-1.6393442623
-2.85142571286
0.661914460285
3.88945752303
0.796812749004
1.15577889447
1.47208121827
-3.15581854043
-5.87668593449
-4.92424242424
-7.61374187558
-10.332271279
-7.52393980848
-6.48648648649
-3.73746581586
-0.370027752081
-0.857400722022
-1.39388489209
-1.50842945874
-1.65844912595
-2.65646105358
3.84254920337
7.8564500485
6.2205466541
2.10526315789
0.817067635043
-4.26200089726
-9.87762237762
-7.69899956503
-5.49307958478
-5.81445061992
-5.14893617021
-1.71821305842
-1.75213675214
-4.6204620462
-0.931808555697
-2.20557636288
-5.32736884913
-4.99390986602
-1.86234817814
-6.04854755273
-3.80304243395
0.203748981255
3.05439330544
3.56394129979
3.84297520661
5.22325189553
1.07084019769
-3.43434343434
0.0419463087248
0.581878636741
-4.46680080483
-1.42103126269
-2.32833464878
-4.41058540497
-1.15036976171
2.30547550432
4.49724225711
9.03614457831
9.86784140969
7.083150022
3.5379369139
-0.0424088210348
-6.70413488559
-8.90850722311
-7.75162337662
-6.1975209916
-6.98224852071
-2.92283710055
0.849858356941
-1.47940823671
4.20833333333
7.59762308998
10.0815100815
6.00600600601
7.66250538097
3.8961038961
-1.1744966443
-1.5625
-2.95587010824
-4.79508196721
-5.94462540717
-1.60957490714
-3.54378818737
-0.948453608247
-0.570497147514
-2.19036240542
-4.6062992126
-2.77227722772
-4.78994895956
-4.10316529894
-2.67441860465
-1.35922330097
0.437549721559
1.71725239617
0.787711697519
0.663285212641
-2.38817285823
-5.87794833396
-6.91449814126
-5.61338289963
-4.18691588785
-1.30939019828
-0.112191473448
1.81680545042
1.31826741996
0.981502453756
-0.037397157816
0.0748502994012
-0.825825825826
-1.11731843575
-1.37751303053
0.149812734082
0.0749063670412
-0.522778192681
1.0158013544
0.111815132315
-2.44793569602
-1.69366715758
0.187055742611
-0.300075018755
0.486891385768
1.78505020454
-0.293685756241
-0.558035714286
-0.744601638124
-0.817236255572
1.31876412962
2.36753100338
-0.111482720178
0.0745156482861
-0.554118950868
-1.66728417933
-3.20116405966
-2.00291332848
-3.27927927928
-2.38009376127
-2.70367700072
-0.936936936937
-1.15190784737
-0.537634408602
-0.538020086083
-1.59631074849
-1.5608371763
-0.0719424460432
-0.923295454545
-0.853485064011
-0.669485553206
0.2845962291
-0.46544933763
0.320627003919
1.29682997118
3.38797814208
0.933572710952
-1.93117977528
-0.0711997152011
-2.28792678634
-3.58271865121
-0.357781753131
2.85301552907
1.77536231884
3.49726775956
4.24752837788
0.32304379038
-1.87810063785
-2.74841437632
-3.34507042254
-5.66493955095
-4.5236463331
-1.19047619048
1.72043010753
2.30547550432
5.77274388016
7.3188672306
4.84581497797
0.977198697068
2.73871206514
1.82291666667
2.60377358491
4.00916380298
5.98388952819
3.32695984704
3.26546292739
4.16666666667
2.10526315789
1.28205128205
0.229973169797
-0.382701875239
-1.5479876161
2.02863961814
2.79552715655
2.59535981125
0.230149597238
-0.385505011565
-4.80878455131
-3.65525202001
-4.11010558069
-1.7709118312
-3.85470719051
-3.40160936357
-5.21517140773
-3.59869138495
-3.97973950796
1.0108573568
1.4847809948
5.25911708253
5.76701268743
5.41571319603
3.40689121177
1.08818011257
-2.32470941132
-3.16455696203
-1.24293785311
-1.26146788991
1.83416125334
4.34272300469
5.78968097676
7.316087308
3.60396039604
4.1384799045
0.709219858156
-3.12857687905
-5.06523407521
-1.05799373041
-0.514647664291
1.47940823671
4.29765220852
2.19607843137
-1.92159877018
-1.94099378882
-2.68482490272
-3.08522946394
-1.58240061752
-0.800609988563
-2.09045990118
-3.01886792453
-2.51879699248
-2.95880149813
-2.4181547619
-1.42375421506
0.0755287009063
1.25618576323
0.413689356901
2.08887200912
1.7537171178
1.41708157794
2.09871745045
6.19009584665
5.70052187876
5.59581320451
4.44
4.29671665991
3.17264112073
0.322190898107
1.7199017199
2.50102501025
-1.71314741036
0.330715171558
6.74978503869
4.62724935733
5.17464424321
7.44863013699
3.50877192982
-0.2145002145
-0.12836970475
0.172786177106
0.776531492666
1.03761348898
2.23684210526
3.68234250222
2.20750551876
0.389779125162
2.07413945278
0.175746924429
-1.31348511384
0.443458980044
2.75923453494
-0.0881834215168
1.11061750333
4.29223744292
3.63051470588
3.64391143911
5.58659217877
3.58950759319
-2.01342281879
-0.137677833869
0.0461467466544
0.98730606488
1.25815470643
3.52014821677
1.53774464119
-0.0922083909636
-3.0979498861
-0.78594544614
-3.00988319856
-2.71985494107
-0.686813186813
1.01242521859
3.44332855093
6.86509841575
6.05769230769
5.15166104959
7.14990138067
4.75951903808
3.99400898652
3.02129767211
2.56790123457
3.94669400308
3.09917355372
1.57200811359
1.50829562594
1.60561966884
-2.88700846192
-0.870455709165
0.766479305059
1.7911975435
-0.200300450676
1.20906801008
-3.125
-2.92658730159
-2.68924302789
-3.29297820823
-3.96710208031
-1.61054172767
-1.80224062348
-2.38210986874
-1.47900763359
-2.03791469194
-2.56776034237
-1.15551275879
-0.339147286822
1.50121065375
2.87664553876
3.95452298566
0.727449078564
-3.46117867166
-3.1425891182
-3.07183364839
-4.8
-2.22854433381
-0.32634032634
-2.20183486239
-3.81818181818
-3.40909090909
-3.61060329068
-2.98507462687
-3.88007054674
3.52941176471
3.92064241852
3.64756039792
5.5369928401
8.20610687023
0.950118764846
-0.516917293233
-1.21665886757
-0.427756653992
-1.87265917603
-0.519848771267
0.472143531634
1.81038589805
1.10523786641
1.71428571429
0.618164526866
-0.047192071732
-1.22352941176
-1.97833254828
-0.568181818182
-0.284495021337
2.2190062711
4.93827160494
3.9666993144
4.39940682155
2.47813411079
-0.955566172957
-3.01724137931
-2.90061816453
-4.88951574988
-4.32357043236
-3.77011494253
-4.61397898584
-2.54865616311
-1.93637621024
-0.600739371534
0.415512465374
1.10854503464
0.935453695042
2.02257761054
2.36518448439
2.26628895184
2.89923954373
0.234411626817
0.520094562648
-2.89389067524
-2.97755382501
-3.663003663
-0.466635557629
-1.44454799627
3.42042755344
3.26395458846
4.29799426934
1.61213845424
-1.33333333333
-5.43575920934
-3.16078790655
-3.41328413284
-1.35640785781
-0.775547445255
1.5047879617
-1.84352517986
-3.38680926916
-6.55594405594
-6.24465355004
-7.31191885038
-4.87596236099
-4.10256410256
-3.7037037037
-2.37995824635
-1.37557315548
-3.02778929905
-2.33722871452
-0.627352572146
-0.828157349896
-1.07216494845
-1.026272578
-2.20408163265
-0.705980066445
1.30033557047
0.206611570248
1.75438596491
1.91347753744
0.0
-1.28364389234
0.540091400083
-0.45738045738
0.501672240803
0.0
-0.494437577256
-0.578273440727
-0.947281713344
-5.22979397781
-5.04731861199
-1.74089068826
-1.78498985801
-1.26067507117
0.919632147141
2.63051396196
0.981193785773
-1.36054421769
-1.32423756019
-0.358565737052
-2.98390263055
-2.16
3.30715171558
2.97520661157
6.44614079729
6.65829145729
4.12328196585
0.582120582121
-0.123813454395
-1.29761406446
0.674536256324
1.05218855219
-0.0415627597672
4.48469167745
3.24114088159
2.02150537634
-0.958732805336
0.669456066946
-3.1328320802
-4.57731958763
-3.72670807453
3.22719449225
3.73263888889
5.13833992095
6.59340659341
5.32054077628
0.780572419775
-0.945829750645
-2.02237521515
-2.69461077844
-1.75664095973
-0.603448275862
0.172265288544
1.39616055846
2.54385964912
2.81938325991
3.34075723831
3.15415370946
1.23674911661
1.243339254
0.575985821887
1.90649114843
2.73847558193
1.6157989228
0.0
1.80423996392
-1.03324348607
-2.36185383244
0.0449034575662
1.48715637675
-0.538358008075
0.90661831369
2.09281164695
0.906207521522
-1.98763250883
-1.37168141593
-2.69078076753
-4.0593627237
-3.95996518712
-0.745287154757
-0.132567388422
-3.28498293515
-2.05215904233
-3.20134793597
-4.56066945607
-5.35340861564
-1.38830458561
-0.973751058425
0.168776371308
0.84388185654
2.13583938488
3.43777197563
3.05410122164
3.81077529566
3.53866317169
3.58407079646
0.745287154757
0.394218134034
1.55693950178
1.32802124834
-2.1645021645
-1.93465176268
-2.64392324094
-3.89055151774
-4.6835443038
-3.42809364548
-2.59631490787
-2.85832642916
-2.82509347736
-0.16849199663
0.588730025231
-1.48514851485
-0.903119868637
-1.8352365416
-3.10204081633
-2.81977932162
-0.369913686806
0.412201154163
2.03911776945
1.03092783505
1.70407315046
0.996264009963
0.372362432768
-1.63733115023
-1.42276422764
-1.35301353014
-1.75367047308
-1.74796747967
-1.09311740891
0.162866449511
-3.32936979786
2.72308336824
3.57894736842
4.43974630021
2.76150627615
5.83053691275
0.717299578059
0.849256900212
-0.379106992418
-1.48392415499
-3.94842868654
-4.93381468111
-5.11684125705
-2.7846027846
-0.858193706579
2.18196788802
1.96319018405
0.648824006488
-2.90258449304
-2.66507557677
-3.07262569832
-3.43601895735
-3.02791977979
-2.14007782101
-1.796875
-3.05609284333
-2.46533127889
-1.3958898798
-0.310318076028
0.549882168107
1.01602188355
2.0841525757
1.89648360332
0.979240109675
-0.156862745098
-3.47038853263
-4.64941882265
-4.63451394122
-1.23791102515
-0.351699882767
4.7412090083
6.12813370474
6.97299476018
4.571197411
2.77108433735
2.55267423015
1.57639450283
1.10024449878
3.21503131524
4.53400503778
4.93197278912
3.12630262609
1.36307311028
-1.39975298477
-2.6563138537
-4.19551934827
-2.87449392713
-2.22132471729
-1.89822294023
-0.122448979592
-0.767987065481
1.1466011466
0.527811611855
0.568643379366
-1.20967741935
-0.080775444265
-1.3731825525
0.530612244898
0.0406338886632
1.22448979592
0.527811611855
0.487012987013
-1.36876006441
-0.485240598463
-1.05008077544
0.2442002442
0.571428571429
0.566801619433
-0.362610797744
-1.03916866507
-3.38183248132
-2.66189908621
-1.67197452229
-2.5137470542
-1.41843971631
0.47412090083
-1.75644028103
-2.67338240992
-2.03924586379
-1.96987253766
-4.16508898145
-2.06422018349
-2.56700641752
-3.4188034188
-4.04002965159
-0.0756715853197
-0.0763941940413
-0.263554216867
0.522973477774
0.185666542889
-2.25591715976
-2.85714285714
-1.04321907601
0.0747663551402
0.672897196262
2.9702970297
2.35472844664
1.35951661631
0.224803297115
1.13421550095
-0.567966679288
0.611387084448
1.06870229008
1.21350018961
0.41761579347
0.41825095057
-0.758437618506
-0.945179584121
0.151917964299
1.26874279123
1.85902401239
1.26728110599
1.57450076805
0.496183206107
-0.535372848948
-1.78775199696
-2.50842381131
-3.125
-2.81899109792
-4.28257686676
-3.55832721937
-3.43456254519
-2.60869565217
-2.53073029646
-3.0173943912
-2.32891436761
-2.05382436261
-1.18152524168
-1.07296137339
-5.69132909274
-6.99766744419
-5.70951585977
-6.68225860341
-7.07876370887
-1.09271523179
-0.727753886867
-1.80327868852
-3.07642487047
-2.24171539961
-2.36016812156
-2.16828478964
-1.5493867011
-0.322788896062
-1.15606936416
-0.322268772156
0.357258850276
0.291356426028
-0.895713371721
-0.352
-1.46078120038
-2.90129296752
-10.8513708514
-7.24035608309
-7.27002967359
-7.54550792719
-8.85311871227
0.434782608696
-1.60583941606
-1.60583941606
-0.496640373941
1.7548990933
0.436681222707
1.06226025376
1.51155898044
0.528634361233
4.17428397319
4.56621004566
3.70257037944
3.49693251534
3.11932162326
-0.935707817688
-3.66568914956
-3.71243370654
-4.59467369037
-4.03952339436
-3.52358765288
-1.15942028986
-3.44238975818
-2.20377790498
-1.14909508762
-1.32183908046
-0.833572865766
1.443001443
0.057273768614
0.694243563784
0.665316748626
-0.34374104841
-1.0
-1.16048683838
-0.973932970496
-1.28498001142
-0.314106225014
1.09763142692
2.28720324262
-0.0572573718866
0.114351057747
-0.426499857833
-0.574382538771
-0.489772399885
1.48169668797
0.661870503597
3.01698886936
1.63455925277
-0.54441260745
-1.14876507754
2.23595175051
1.84964200477
0.675874228622
2.31603635298
4.03346280251
-0.817041143858
-0.29744199881
6.64368536509
8.38894184938
4.13814561294
9.55882352941
8.97893030794
1.68897386871
-0.348321722609
-1.44127568231
-3.06786488999
-5.62863260936
-5.42495479204
-4.87951807229
-3.34914048607
-4.86438679245
0.337630448128
-2.44045868862
-3.23520839405
-2.3161551824
0.473933649289
-3.66646954465
1.2805241215
3.15694527962
3.69258480937
1.13840623128
0.41567695962
-1.08983799705
-2.86214953271
-4.03341976376
-2.82387190684
-6.31432545202
