87.38
87.88
85.88
83.38
82.00
87.25
92.38
94.75
93.00
106.62
105.75
102.12
100.81
98.25
104.88
101.81
101.19
101.12
98.75
99.06
101.50
102.94
104.62
108.25
108.12
110.06
108.88
108.12
108.75
109.94
112.88
112.88
112.38
110.50
106.81
111.12
116.50
115.38
114.56
115.62
116.88
117.06
119.75
118.88
120.00
116.44
118.50
120.62
125.50
125.62
123.12
125.38
130.00
137.38
138.88
145.38
143.69
144.50
143.75
142.56
137.69
133.38
134.88
133.00
134.00
134.00
131.62
137.00
139.06
134.25
131.88
129.25
120.75
123.25
131.00
125.75
119.38
116.50
125.25
125.00
126.56
129.06
131.00
127.62
120.62
120.62
123.88
122.69
119.25
116.50
116.00
119.50
118.25
122.88
125.44
126.50
123.62
118.56
119.88
118.17
122.25
119.88
125.88
127.94
130.00
134.56
135.00
135.06
129.38
131.50
128.00
128.00
131.86
131.31
130.06
129.69
136.69
140.25
139.25
138.38
137.50
137.20
136.50
135.69
134.38
134.12
136.88
134.50
136.81
139.88
140.00
141.25
142.25
145.00
147.06
147.50
144.83
146.12
143.25
142.25
142.00
141.94
140.12
140.38
139.38
67.56
67.38
66.12
65.38
66.25
64.38
63.38
64.88
64.81
64.12
67.00
68.75
69.50
71.50
72.94
74.06
73.62
74.88
75.83
74.44
75.81
74.94
74.38
75.62
75.69
71.38
68.50
68.69
67.44
66.88
66.94
63.31
62.88
59.88
59.25
60.50
63.50
62.94
49.50
50.20
46.50
45.69
44.56
43.88
42.94
42.50
42.75
42.38
42.25
40.53
40.19
38.12
38.50
40.75
39.19
36.62
39.81
42.31
44.38
45.00
44.50
43.56
45.00
47.00
46.12
46.94
46.56
47.88
47.25
47.38
46.81
46.31
42.38
39.00
39.75
41.25
42.88
42.94
41.75
42.94
43.38
43.88
44.00
46.75
44.62
43.50
38.94
38.50
35.34
36.50
35.31
33.25
34.88
38.19
37.92
37.88
36.62
34.75
34.50
36.25
34.12
34.45
35.00
33.88
33.69
32.69
31.44
31.88
34.62
35.38
34.62
32.31
32.94
33.38
34.25
33.81
32.38
33.06
32.31
34.62
33.88
35.89
37.06
36.06
36.06
37.38
38.19
38.59
37.94
38.23
35.31
35.94
36.06
36.12
35.56
35.19
35.25
34.55
36.50
35.31
34.12
32.75
31.56
30.75
30.70
30.88
30.19
29.25
31.12
30.75
32.88
33.69
33.69
30.59
29.38
29.62
29.88
29.94
28.81
27.75
27.44
26.75
28.81
29.75
29.56
29.70
29.31
27.56
26.75
26.88
26.38
25.09
25.81
25.23
24.20
25.10
28.29
28.51
26.80
26.73
32.19
32.52
32.57
31.30
31.04
29.36
30.36
30.23
31.65
31.41
32.50
31.20
31.05
31.68
31.80
30.99
30.54
29.24
28.15
28.10
28.50
29.19
29.14
30.01
30.43
30.25
29.40
29.55
29.02
27.70
27.58
29.07
29.50
29.95
30.69
31.23
31.93
30.51
30.21
30.13
29.10
28.30
28.54
28.79
27.66
28.09
28.30
28.69
29.07
29.21
30.50
30.77
30.54
30.69
31.00
29.85
29.43
29.17
28.50
30.19
30.38
30.75
29.94
30.15
30.22
30.03
30.23
29.59
29.48
29.90
29.85
29.74
30.42
30.98
32.23
32.08
30.68
31.00
31.19
30.03
30.19
30.72
30.85
30.75
30.18
29.38
28.68
28.51
28.00
28.37
29.14
29.89
29.66
28.92
27.83
28.13
28.09
27.69
27.62
26.98
26.10
25.00
24.48
23.69
22.27
20.75
21.72
21.96
21.85
21.36
20.98
20.28
20.08
21.65
22.58
22.05
22.52
22.23
23.20
24.68
25.13
24.52
25.10
26.23
24.61
24.56
25.37
26.00
25.93
26.22
26.50
25.89
24.40
25.29
25.97
26.73
27.28
28.28
29.08
29.40
28.30
28.77
30.06
31.59
31.48
30.95
31.30
30.79
30.84
31.25
32.12
32.99
32.55
32.42
32.91
32.88
32.90
34.85
34.78
34.50
33.62
34.14
34.14
33.72
33.78
34.09
34.33
33.96
33.20
32.74
32.40
33.12
32.98
33.31
32.41
33.00
35.62
36.35
36.25
35.97
36.78
35.47
35.11
35.19
34.98
34.59
34.75
34.30
33.59
32.61
33.60
34.16
34.31
34.30
33.89
35.15
35.07
34.63
34.39
33.80
33.30
32.60
33.63
33.48
33.70
34.35
33.67
32.17
31.59
30.68
30.10
31.51
31.44
31.07
30.11
31.01
31.88
33.29
33.08
33.61
34.25
34.08
33.02
32.06
31.65
31.85
32.25
32.16
30.71
31.49
31.21
30.97
31.04
30.50
31.25
31.45
30.90
30.29
30.68
30.70
30.04
30.24
29.39
29.44
29.15
28.72
29.80
31.28
30.93
30.85
30.22
30.34
29.99
29.48
29.46
28.45
29.25
29.05
29.22
27.95
27.00
26.98
29.06
28.85
28.61
28.56
30.35
31.00
30.79
31.36
30.80
30.34
29.67
29.80
29.00
28.62
27.99
27.71
28.43
27.72
27.52
28.20
27.58
22.75
22.29
21.89
21.60
21.97
21.38
22.57
22.99
21.21
20.60
19.64
19.96
19.98
18.89
18.96
19.32
18.77
17.81
17.78
19.61
19.58
18.45
18.28
18.30
18.88
19.15
19.45
19.88
19.75
19.46
19.20
18.74
18.72
18.70
18.20
18.90
19.11
18.97
18.85
17.56
17.01
17.93
18.15
18.42
18.26
17.61
17.99
18.32
18.80
19.02
19.63
19.32
19.67
19.50
18.84
18.22
17.96
17.44
17.45
17.08
16.50
16.17
15.83
16.55
16.34
16.64
17.04
16.38
16.20
16.14
16.35
15.65
15.55
15.18
14.73
15.00
15.49
15.69
15.29
14.29
14.70
15.21
14.59
14.33
14.26
14.09
13.81
14.42
15.25
15.19
16.55
14.12
14.29
14.50
15.53
15.47
16.28
16.66
16.60
17.28
16.93
17.38
17.51
18.48
19.23
18.77
19.23
19.08
18.88
18.16
18.31
18.23
19.29
18.92
19.18
18.58
19.17
20.37
20.39
20.56
20.70
21.10
21.30
22.09
20.91
20.05
20.15
19.02
18.50
18.50
18.41
18.58
18.00
18.24
18.31
17.60
17.48
17.41
17.40
17.15
17.24
16.84
16.55
15.82
16.73
16.85
17.46
17.65
17.30
17.38
17.50
17.98
17.84
18.01
17.53
16.95
16.59
16.69
16.78
16.49
16.13
16.28
16.69
16.70
15.85
15.98
15.78
16.15
15.71
15.63
15.45
15.53
15.42
15.60
16.20
16.75
17.06
17.10
17.05
17.10
16.79
16.85
16.77
17.29
17.31
16.91
17.09
16.99
16.19
16.10
16.10
16.21
17.36
17.44
18.18
18.29
18.20
18.61
19.01
18.32
18.24
18.05
17.82
17.65
16.82
16.65
17.60
18.00
17.68
18.09
17.48
17.43
16.98
17.38
17.20
17.34
18.32
18.69
18.79
19.02
19.56
19.35
18.59
18.88
19.27
18.91
18.76
19.08
19.43
19.68
19.54
19.27
19.58
20.03
19.96
19.97
20.11
20.00
19.31
18.85
18.89
19.06
18.99
19.79
20.10
20.97
21.01
21.16
21.12
21.50
21.95
22.92
21.78
21.98
21.96
22.34
22.06
21.94
22.01
21.97
21.92
21.42
20.97
20.74
20.83
20.76
21.13
21.30
21.50
22.32
22.31
22.98
23.40
23.99
23.30
23.50
24.58
24.77
25.50
25.10
25.15
24.63
24.53
24.90
25.17
24.94
25.13
25.23
24.87
25.35
25.07
25.23
25.12
24.55
24.30
24.22
24.13
24.40
25.00
25.17
25.25
26.23
26.54
26.74
26.78
29.04
27.76
27.74
28.08
28.35
28.65
28.84
28.97
28.74
29.10
29.20
29.13
28.49
28.35
28.39
28.45
28.99
29.38
29.28
29.36
28.77
29.00
29.00
28.35
27.84
28.40
28.17
28.73
28.95
29.80
29.80
29.99
30.00
30.39
30.49
30.94
31.10
32.78
32.26
32.39
32.21
32.33
32.50
31.39
31.18
31.55
32.74
32.92
33.28
33.13
34.11
34.00
33.88
34.22
34.51
34.14
33.44
34.29
33.99
33.98
32.58
32.63
32.61
32.79
32.37
33.49
33.74
33.60
33.63
34.14
34.40
34.34
33.71
32.73
32.29
31.93
30.49
30.99
31.18
31.53
30.45
30.57
30.99
31.15
30.79
31.14
31.26
31.54
32.21
32.37
32.49
32.60
32.97
33.00
34.00
34.35
34.60
34.33
34.39
33.85
33.41
33.38
33.06
32.30
32.36
32.01
32.49
32.35
32.20
31.56
30.99
30.95
31.43
31.00
30.44
30.94
31.10
30.91
31.16
31.38
31.19
30.89
30.96
31.10
30.10
30.03
29.43
29.77
29.87
29.73
29.75
30.14
29.66
29.70
29.38
29.10
28.10
28.25
27.79
27.73
27.59
27.51
27.90
27.81
27.37
26.49
26.70
26.87
27.80
27.85
27.95
27.54
27.47
27.78
28.12
28.56
28.45
28.13
28.14
27.77
27.88
27.61
27.42
26.82
26.74
26.91
26.50
26.75
27.57
27.58
27.29
27.06
26.73
26.35
26.35
26.63
26.58
26.13
26.83
26.67
27.78
27.77
27.61
27.49
27.30
27.47
27.95
27.62
27.75
27.92
28.31
28.48
28.54
28.98
28.72
28.42
27.90
28.50
28.77
29.01
28.85
28.68
28.35
28.65
28.39
28.04
27.90
28.21
28.09
28.56
28.60
28.10
27.97
27.62
27.90
27.48
26.86
26.28
26.58
26.55
26.73
26.32
26.49
24.17
23.57
23.47
23.25
23.27
23.52
23.49
23.16
23.09
23.44
23.56
24.45
24.64
24.94
24.99
24.27
24.21
23.47
22.99
22.73
22.26
22.05
21.66
21.92
21.86
22.24
22.27
21.95
22.10
22.20
22.13
21.91
22.27
22.04
21.49
21.70
21.72
20.18
20.25
20.06
20.33
20.70
21.18
20.96
20.62
20.60
20.62
21.25
21.35
21.05
20.61
20.70
20.42
20.35
20.26
20.38
20.92
21.35
21.48
21.30
21.57
21.27
20.84
20.52
21.53
21.05
20.83
20.80
21.31
21.46
21.91
21.77
21.55
21.46
22.22
22.61
22.50
22.49
22.83
23.12
22.88
23.38
23.41
23.25
23.04
23.27
23.76
23.79
23.88
24.54
24.99
24.73
24.12
23.93
23.68
23.62
23.60
23.09
23.10
23.40
24.50
24.19
24.25
23.52
23.11
22.90
22.81
23.30
23.46
23.38
23.10
23.08
23.50
23.81
23.60
23.70
23.54
23.54
23.43
23.49
23.79
23.21
22.78
22.73
22.93
23.02
22.78
23.33
23.21
23.13
22.95
22.97
22.83
22.71
22.54
22.54
22.59
22.52
22.57
22.55
22.75
22.76
22.64
23.02
23.18
23.50
23.48
23.59
24.34
24.39
24.63
24.40
24.32
24.08
24.41
23.93
23.72
24.12
24.49
24.76
24.80
24.60
25.01
25.47
25.43
25.23
25.12
25.10
24.43
24.42
24.04
23.67
23.66
23.66
23.66
23.51
23.61
23.65
23.40
23.54
23.54
23.44
23.11
23.25
23.31
23.42
23.70
23.34
23.25
23.18
22.80
22.50
22.49
22.69
23.44
23.39
23.31
23.55
23.90
23.62
23.62
23.59
23.57
23.91
24.20
24.48
24.50
24.80
24.83
24.80
25.05
25.30
25.35
25.72
26.03
26.06
26.39
26.64
26.98
27.05
27.39
27.40
27.38
27.52
27.74
27.75
27.44
27.45
27.20
27.74
27.51
27.14
27.15
26.98
27.30
27.61
27.17
27.26
27.41
27.53
26.89
26.26
26.44
26.43
26.49
26.37
26.76
26.99
26.56
27.28
27.70
27.86
27.80
28.13
28.33
28.32
28.84
27.45
27.54
27.24
26.91
27.00
27.13
27.43
27.34
27.38
27.63
27.66
27.55
27.09
26.98
27.19
27.42
26.82
26.55
26.67
26.28
26.18
26.10
25.98
26.23
26.28
26.09
25.66
25.60
25.83
25.70
25.78
25.63
25.42
25.74
25.75
26.12
25.87
25.32
25.17
25.04
24.71
24.92
24.87
25.05
24.84
24.74
24.56
24.50
24.42
24.17
24.52
24.68
24.96
24.92
24.59
24.24
23.96
23.89
23.58
23.29
23.47
23.29
23.48
23.99
23.71
23.78
23.85
23.32
23.30
23.30
23.19
23.37
23.69
23.27
23.40
23.98
24.01
24.55
24.66
24.86
25.32
25.45
25.41
25.36
25.15
25.25
25.41
25.50
26.26
26.92
27.15
27.10
27.13
26.86
27.29
27.49
27.28
27.13
26.69
26.32
26.12
26.82
26.89
26.85
26.90
26.68
26.45
26.10
26.19
26.08
26.15
26.10
25.64
25.55
25.15
25.64
25.94
26.47
26.63
26.51
26.41
26.33
26.52
26.18
25.75
23.06
22.87
22.47
21.93
21.59
21.42
21.75
21.90
21.93
21.71
21.59
21.68
21.17
20.85
20.94
20.84
21.25
21.34
21.44
21.47
21.47
21.45
21.04
20.75
20.45
20.49
20.53
20.79
21.01
21.00
20.84
20.48
20.56
20.20
20.19
20.16
20.02
20.50
19.90
19.97
20.08
19.77
19.95
20.32
20.04
20.16
19.82
19.92
19.86
19.96
20.03
19.88
19.70
19.50
19.53
19.60
19.56
19.47
19.46
19.27
19.59
19.53
19.48
19.60
19.94
20.00
19.25
19.20
19.58
20.20
20.27
20.16
19.72
19.87
19.45
19.65
20.22
20.10
19.98
19.60
19.52
19.35
19.35
19.02
18.89
18.48
18.45
18.27
18.06
18.06
18.31
18.22
18.19
18.15
18.31
18.35
18.06
17.79
17.36
17.26
17.35
17.29
17.85
18.17
18.47
18.64
18.41
18.60
18.54
18.29
18.33
18.70
18.71
19.36
19.32
19.39
19.26
18.94
18.95
18.72
18.67
18.58
18.08
18.10
18.12
18.27
18.64
18.00
17.40
17.66
17.77
17.74
17.88
18.26
18.16
17.89
17.79
17.50
17.67
17.49
17.65
17.83
17.82
17.79
18.04
18.18
18.69
18.70
18.53
18.35
18.41
18.56
18.57
19.00
19.45
19.70
20.00
19.84
19.95
20.02
19.82
19.50
19.54
19.56
19.87
19.99
19.82
19.96
19.75
19.70
19.69
19.66
19.36
19.51
19.98
20.75
20.83
20.95
20.75
20.79
20.88
20.98
20.70
20.79
21.02
21.28
21.55
21.85
22.03
21.23
21.63
21.19
21.45
21.60
21.84
21.84
21.83
21.77
21.33
21.43
21.42
20.92
20.69
20.91
21.17
20.90
20.97
20.64
21.07
21.93
22.37
22.41
22.50
22.35
22.27
21.84
21.75
21.49
21.13
21.45
21.49
21.40
21.45
21.40
21.21
21.25
20.85
20.92
20.84
20.89
21.14
21.20
21.30
20.72
20.94
20.67
20.43
20.29
20.50
20.48
20.53
20.88
21.33
21.15
21.34
21.21
21.62
22.05
22.15
22.30
21.50
20.90
20.87
21.02
20.88
20.88
21.04
20.90
21.14
21.13
21.02
21.14
21.25
21.41
21.49
21.67
21.42
21.54
20.98
20.95
21.30
21.35
21.40
21.32
20.99
21.07
21.00
21.00
20.60
20.20
19.80
19.60
19.46
19.40
19.45
19.32
19.42
19.64
19.49
19.24
19.30
19.22
19.28
19.13
19.36
19.31
19.36
19.34
19.27
19.05
19.10
19.18
19.24
19.40
19.44
19.58
20.24
20.74
20.73
20.55
20.48
20.73
21.00
21.48
21.90
22.20
22.13
22.09
22.30
22.22
22.09
21.85
21.83
22.07
22.13
22.02
22.13
22.20
22.51
22.70
22.40
22.44
22.36
22.24
22.46
22.75
22.89
23.08
23.14
22.75
22.30
22.43
22.30
22.19
22.60
22.54
22.24
21.97
21.63
21.88
22.08
22.50
22.88
23.53
24.25
24.31
24.45
24.35
24.38
24.23
23.89
23.72
23.85
24.17
24.22
24.30
24.60
24.69
24.85
25.02
25.18
24.90
26.00
26.00
26.04
26.52
25.34
25.32
25.30
24.97
24.90
24.72
24.44
24.05
24.15
24.18
23.96
24.43
24.49
24.20
24.32
24.77
24.74
24.34
24.32
24.38
23.99
23.59
24.00
24.29
24.05
24.20
24.32
24.88
24.71
24.51
25.20
25.62
25.80
26.43
26.20
26.23
25.74
26.22
25.89
25.85
25.64
25.19
25.08
25.49
25.78
25.96
26.05
26.24
26.17
26.36
26.10
26.02
26.55
26.58
26.05
25.83
25.94
25.76
25.86
25.93
26.18
25.68
26.07
25.98
26.98
26.98
26.85
26.69
26.82
26.39
26.25
26.45
26.35
26.37
26.90
27.08
26.96
27.03
27.52
27.54
26.97
25.65
25.57
26.14
26.52
26.06
25.78
25.60
25.75
25.29
25.10
25.32
25.16
26.31
26.47
26.66
26.78
26.52
27.46
27.99
27.90
27.88
27.82
27.72
27.50
26.84
26.28
26.14
26.25
26.53
26.96
27.37
27.47
27.42
27.27
27.00
26.34
25.40
23.60
23.03
23.13
22.87
22.70
22.36
23.20
23.20
20.39
20.05
19.65
19.00
20.21
20.74
21.28
20.30
20.61
21.22
21.34
21.82
21.75
20.87
20.43
20.36
20.33
20.82
20.99
21.28
20.99
20.54
20.68
20.51
20.99
20.50
19.98
20.87
20.89
20.72
20.39
20.38
20.05
20.23
20.22
20.39
20.50
21.22
21.49
21.49
21.44
21.15
21.75
21.73
21.76
22.45
22.40
22.07
21.91
21.43
21.33
22.00
22.03
22.10
22.18
22.09
21.54
21.43
22.44
21.91
21.30
20.94
22.48
22.30
22.63
22.58
22.41
22.57
23.02
22.64
22.84
22.80
22.76
23.41
23.66
23.89
23.71
23.74
23.61
23.57
23.71
23.93
24.29
24.99
25.00
25.29
24.62
24.20
24.13
23.82
23.72
23.81
23.32
23.55
23.38
23.69
23.68
24.00
23.70
23.10
22.90
22.64
22.61
22.70
23.08
23.01
22.68
23.10
22.74
22.71
22.81
23.00
22.52
21.84
21.90
21.83
21.81
20.80
21.26
21.13
20.90
20.77
21.18
21.15
21.18
21.15
22.40
22.17
22.25
22.12
22.62
22.14
22.08
22.00
22.25
22.45
22.60
22.52
22.65
23.05
23.03
24.05
24.30
24.74
24.59
24.75
24.49
24.50
24.38
24.08
23.80
23.27
23.52
23.36
23.18
23.58
23.71
23.40
23.48
22.59
21.51
20.84
21.10
20.90
20.72
20.20
20.21
20.18
19.85
19.50
19.69
20.22
19.51
19.21
19.02
19.00
19.40
19.00
18.80
18.69
18.26
17.91
17.42
17.40
16.83
17.05
15.89
17.08
17.46
16.42
15.97
16.31
16.11
15.89
15.19
14.95
14.85
14.86
15.91
15.77
16.43
16.49
16.34
16.39
16.12
14.78
14.76
15.06
14.18
13.97
14.44
14.12
13.48
13.23
13.26
13.15
13.17
13.70
13.85
13.99
14.03
13.57
13.33
13.67
13.49
13.35
14.01
14.69
14.80
14.60
14.83
14.94
15.68
15.52
15.19
14.82
14.58
14.49
14.33
14.31
14.35
14.80
14.92
15.25
15.29
15.51
15.06
14.57
14.60
14.30
14.18
13.63
13.45
13.96
13.74
13.26
13.07
13.39
13.58
13.95
14.27
13.85
13.50
13.71
13.79
14.56
14.40
14.88
15.05
15.15
14.32
14.00
14.26
13.73
13.70
13.38
13.02
12.91
12.81
13.48
13.60
13.14
13.02
12.63
13.05
12.86
12.92
13.00
13.95
14.10
14.60
14.70
14.85
14.90
15.41
15.39
15.40
15.54
15.41
15.71
15.89
15.66
15.10
15.37
15.32
16.00
15.96
15.87
15.78
15.73
16.07
16.09
16.39
15.68
15.93
15.89
15.37
15.52
16.11
15.79
15.74
15.63
15.41
15.55
16.16
15.85
16.74
16.53
16.44
16.37
15.93
15.63
15.53
15.47
15.69
15.61
15.55
15.91
16.05
15.43
15.26
15.51
15.86
15.72
15.79
16.59
16.54
16.04
16.25
16.45
16.10
16.61
16.61
16.70
16.31
16.17
16.19
16.29
16.22
16.18
16.17
15.99
16.32
16.35
16.43
16.66
16.64
17.31
16.95
16.84
16.93
16.36
16.28
16.22
16.54
16.89
18.19
18.59
18.81
18.93
18.92
19.28
19.58
19.40
19.49
19.46
19.44
19.80
19.56
19.56
19.38
19.30
19.18
19.00
18.83
18.95
19.09
19.08
19.00
18.58
18.87
18.89
18.81
18.92
19.00
19.25
19.49
19.53
20.65
20.38
20.58
19.83
19.63
19.69
19.99
20.15
20.08
19.94
19.49
19.71
19.75
19.89
19.70
19.76
19.73
20.24
20.00
19.59
19.93
19.78
19.79
19.53
19.22
19.27
19.78
19.87
19.98
20.32
20.65
20.69
21.27
20.93
20.57
20.48
20.58
20.42
20.18
20.40
20.04
20.13
19.75
19.41
19.34
19.15
18.65
18.83
19.11
19.11
19.46
19.69
19.90
20.50
19.95
20.32
20.35
20.28
19.40
19.31
19.50
19.50
19.50
19.25
19.26
19.69
19.84
20.08
20.59
20.51
20.28
20.08
20.23
20.23
20.11
20.06
19.80
19.29
19.71
20.33
20.30
20.24
20.35
20.50
20.48
20.60
20.72
21.03
20.99
20.93
20.76
20.89
21.15
20.90
21.08
21.55
21.40
21.17
21.14
21.31
20.79
20.58
20.38
20.33
20.39
20.23
19.75
20.04
19.88
19.58
19.58
19.79
19.89
19.87
20.20
20.68
20.85
20.86
20.85
20.97
20.96
20.95
20.81
20.66
20.68
20.94
21.09
20.82
20.61
20.84
20.88
21.20
21.29
21.27
21.37
21.32
22.04
22.35
22.35
22.39
22.30
22.75
22.67
22.73
22.59
22.49
22.54
22.50
22.64
22.65
22.48
22.68
22.41
22.57
22.73
22.82
23.69
24.37
24.16
24.04
24.25
24.13
24.06
24.06
24.13
23.88
23.46
23.51
23.46
23.44
22.95
22.38
22.38
21.70
22.56
22.86
23.14
23.17
22.21
22.05
22.23
21.71
21.24
21.17
21.22
20.87
21.50
21.80
21.75
21.74
21.83
22.00
21.60
21.03
20.23
20.60
20.60
20.75
21.14
21.56
21.65
21.69
21.65
21.69
21.33
21.02
20.79
20.41
20.59
20.05
20.03
19.62
19.37
19.76
20.17
20.36
20.28
20.65
22.28
22.25
21.59
21.48
21.61
21.73
21.65
21.98
21.72
21.74
21.74
21.69
21.48
20.92
21.28
21.03
20.86
20.79
20.81
20.79
20.17
19.58
19.73
19.49
19.56
19.87
19.78
19.13
19.00
18.98
18.68
18.59
18.61
18.52
18.31
17.92
18.27
18.33
18.59
18.41
18.05
18.08
18.10
18.56
18.80
18.77
18.98
19.08
18.96
19.27
19.25
19.31
19.45
19.43
19.57
19.62
19.60
20.35
19.30
19.29
19.37
19.54
19.58
19.75
19.80
20.03
19.46
19.47
19.32
19.39
19.78
19.86
19.93
20.00
20.11
20.20
20.53
20.56
20.67
20.70
20.52
21.02
21.29
21.50
21.35
21.17
21.23
21.81
21.66
21.27
21.22
21.24
21.20
21.28
21.22
21.57
21.43
21.45
21.30
21.60
21.77
21.78
21.76
21.86
21.90
22.07
21.98
22.02
21.56
21.50
21.39
21.49
21.43
21.27
21.02
20.92
20.86
20.93
21.06
21.08
21.06
21.05
21.20
21.21
20.82
20.77
20.77
21.12
21.33
21.32
21.42
21.20
21.13
20.95
21.04
21.24
21.57
21.90
21.94
21.89
21.64
21.70
21.71
21.65
21.70
21.86
21.68
21.60
21.84
21.85
21.80
21.55
21.88
22.06
22.21
22.19
21.72
21.41
22.00
21.84
21.69
21.70
21.88
22.08
21.74
21.26
21.34
21.02
20.96
20.88
20.33
20.37
20.06
20.15
20.39
20.21
20.36
20.51
20.60
20.66
20.29
20.46
20.37
20.38
19.80
19.88
19.95
20.09
20.20
20.20
20.07
19.95
19.66
19.75
19.74
19.98
21.44
21.49
22.01
22.53
22.68
22.87
23.19
23.18
23.46
23.56
23.86
23.59
23.20
23.20
23.63
23.83
23.80
23.95
23.57
23.96
23.87
23.54
23.03
22.91
22.83
22.64
22.52
22.64
22.48
22.33
22.10
21.95
22.44
22.13
22.01
21.80
21.60
21.92
21.83
21.79
21.68
21.42
21.69
21.61
21.72
21.74
21.48
21.54
21.57
22.22
22.58
22.69
22.82
23.39
23.20
22.98
22.72
22.73
22.70
22.56
22.43
23.10
23.22
22.88
23.25
23.28
23.15
22.75
22.88
22.62
22.69
22.19
21.97
21.81
21.20
20.87
20.62
20.51
21.00
20.91
20.93
21.07
20.98
20.18
19.96
19.68
19.71
19.88
19.88
19.97
20.31
20.35
20.41
20.35
19.93
19.58
20.14
20.30
20.22
20.29
20.90
21.40
21.67
22.09
22.06
22.47
22.50
21.90
22.27
22.44
22.98
22.71
22.60
22.07
21.40
21.27
21.97
22.05
22.50
22.89
23.00
23.28
23.46
23.50
23.60
23.49
24.50
23.88
24.25
24.79
24.85
24.84
25.20
25.03
24.92
24.35
24.06
24.23
24.07
24.31
24.77
24.32
24.25
24.90
24.90
25.46
25.50
24.95
24.43
24.15
23.53
23.14
23.22
23.57
23.90
24.94
24.97
25.14
25.20
25.48
25.78
25.53
25.10
24.29
24.06
23.56
23.67
23.89
23.48
23.98
24.09
24.10
24.40
24.70
24.56
24.58
24.62
24.89
25.13
25.45
25.40
25.56
25.92
25.89
25.90
25.72
25.40
25.48
25.68
26.47
26.89
26.98
26.95
27.00
26.84
26.80
26.80
26.84
26.74
26.95
26.73
26.74
26.99
27.00
26.79
26.84
26.78
26.88
26.95
27.50
27.37
27.35
26.86
26.80
27.20
27.30
27.30
27.14
27.03
26.91
26.63
27.00
27.04
27.17
27.08
27.50
27.90
27.85
27.96
27.90
27.90
27.89
27.95
27.99
28.26
28.28
28.25
28.18
28.45
28.45
28.37
28.03
28.10
27.90
27.86
28.00
28.52
28.39
28.55
28.78
28.11
28.09
27.97
27.57
27.60
27.91
28.30
28.53
28.54
29.05
29.27
29.27
28.38
27.98
27.60
27.35
27.46
27.95
27.40
27.25
26.99
26.66
26.57
26.19
26.28
25.51
25.78
25.85
26.32
26.19
26.07
25.71
25.36
25.57
26.11
26.43
26.48
26.63
26.54
26.87
27.06
27.44
27.61
27.63
27.75
27.59
26.96
26.65
26.28
26.34
26.03
26.65
26.73
26.86
26.84
26.50
26.21
26.42
25.62
25.17
25.39
25.31
25.66
26.42
26.35
26.00
25.36
25.22
25.53
25.84
26.07
26.20
26.04
26.00
26.26
26.35
26.56
26.64
26.74
26.89
26.90
26.83
26.81
26.47
26.65
26.63
26.33
26.34
26.01
25.59
25.07
24.94
25.01
24.96
24.64
25.00
25.06
24.78
25.10
24.70
24.60
23.65
23.58
23.41
23.54
23.44
23.52
23.51
23.18
23.27
22.95
22.97
22.75
23.14
23.06
23.17
23.00
22.97
22.62
22.90
22.62
22.19
22.00
21.88
21.85
21.90
22.47
21.98
21.86
21.69
21.57
21.77
21.74
21.75
22.02
22.09
22.41
22.54
22.11
22.00
21.55
21.13
21.14
20.91
20.82
20.50
20.29
20.26
20.45
19.88
19.55
19.84
19.92
20.19
20.11
20.04
19.77
19.92
20.05
20.02
20.29
20.36
20.17
20.74
20.99
20.92
20.74
20.69
20.99
21.31
21.24
20.85
20.73
20.93
20.76
20.49
20.66
21.38
21.48
21.39
21.45
21.56
21.47
21.82
22.07
22.13
22.13
22.20
23.06
21.44
21.29
21.22
21.18
21.07
21.09
21.30
21.46
21.32
21.36
21.38
21.33
21.20
20.97
21.09
21.06
21.25
21.30
21.28
21.30
21.21
21.10
20.76
20.49
20.65
20.85
21.04
21.08
21.19
21.29
21.59
21.79
21.99
22.04
21.74
21.73
21.70
21.85
21.70
21.49
21.36
21.36
21.14
21.34
21.42
21.77
21.98
21.91
21.70
21.58
21.50
21.19
20.97
21.09
21.89
22.42
21.91
21.80
21.71
21.93
22.14
22.40
22.45
22.94
23.45
23.79
23.87
23.56
23.83
24.00
24.17
24.15
24.22
24.21
24.25
24.29
24.57
24.54
24.49
24.17
24.20
24.40
24.22
24.25
24.25
24.53
24.12
24.04
24.40
24.38
24.50
24.71
25.45
25.98
25.28
24.94
24.70
25.09
25.08
25.00
25.01
25.14
25.35
25.65
25.68
24.75
24.35
24.22
23.94
24.24
24.35
24.41
24.42
24.04
23.90
24.08
23.91
23.42
23.30
24.00
24.00
23.97
24.30
24.43
23.61
23.15
23.12
22.99
23.00
23.06
23.26
23.30
23.50
23.46
23.49
23.22
23.02
22.93
22.79
22.78
22.55
22.70
22.70
22.74
22.41
22.19
22.70
22.68
22.58
22.39
22.57
22.52
22.22
22.41
22.43
22.25
22.24
22.78
22.73
22.82
23.03
23.13
22.98
22.84
23.46
23.71
23.89
23.92
24.09
23.96
23.85
23.85
23.81
23.80
23.39
23.17
23.04
22.90
22.84
22.85
23.00
22.88
22.96
23.22
23.26
23.49
23.59
23.74
23.94
23.98
24.17
24.20
24.05
23.97
24.24
24.49
24.67
24.68
24.73
24.65
24.40
24.11
24.31
24.38
24.12
24.29
24.50
24.62
24.50
24.55
24.70
24.87
24.82
25.29
24.51
24.02
23.84
23.92
23.99
24.00
23.73
23.85
24.35
25.25
25.08
24.97
24.88
24.89
24.49
24.71
24.77
25.20
25.24
25.35
25.43
25.62
25.70
25.80
25.85
26.04
25.82
25.90
25.79
25.73
25.71
25.55
25.85
25.99
26.55
27.12
26.74
25.86
25.80
25.54
25.25
25.19
24.99
25.05
24.96
24.89
24.65
24.51
24.04
23.76
24.08
24.26
24.37
24.52
24.69
24.74
24.76
24.78
24.72
24.85
24.96
24.88
24.71
24.98
24.80
24.85
24.59
24.78
24.71
24.65
24.85
24.89
24.85
24.88
25.00
24.65
24.82
24.90
25.25
25.59
25.68
25.38
25.67
25.74
25.75
25.81
26.06
26.00
26.05
26.46
26.73
26.74
26.98
27.02
27.09
26.59
26.65
26.83
27.24
27.16
27.05
26.98
26.97
26.96
26.72
26.39
26.66
26.70
26.67
26.64
26.26
26.38
26.45
26.53
26.41
26.54
26.54
26.52
26.50
26.07
26.09
26.17
26.25
26.27
26.30
26.74
26.94
26.96
27.32
27.35
27.70
27.76
27.66
28.21
28.42
28.33
28.21
28.10
30.06
30.15
30.10
29.98
30.09
30.20
30.31
30.83
31.00
30.90
31.00
31.00
31.09
31.05
31.36
31.20
31.08
30.98
31.33
31.45
31.58
31.80
34.74
34.36
33.84
34.23
34.83
34.71
34.67
34.37
34.32
34.37
34.57
34.25
34.03
34.09
33.78
33.19
33.15
33.00
33.24
33.15
34.15
34.23
34.21
34.47
34.50
34.51
35.19
35.20
35.15
35.05
34.94
34.81
34.94
34.91
34.88
35.09
35.12
35.56
35.29
35.13
35.02
34.91
34.77
35.08
35.20
35.17
35.22
35.03
34.71
34.85
34.79
34.36
34.99
35.00
34.78
34.00
34.18
34.48
34.05
34.37
34.43
32.86
32.37
32.67
31.65
31.51
31.71
31.70
32.62
32.87
32.91
33.33
33.30
33.75
33.97
33.61
34.01
34.48
34.78
34.10
34.23
34.00
33.49
33.54
33.42
33.86
33.97
34.25
34.90
34.79
35.97
