87.00
82.94
83.62
78.75
82.00
85.75
89.69
91.25
91.06
103.06
102.12
100.06
95.62
97.94
98.81
101.56
96.50
98.12
94.00
98.94
101.44
100.06
104.19
104.75
107.94
108.81
104.62
107.62
105.88
109.88
112.00
107.19
110.00
105.38
106.75
109.06
114.25
113.25
112.38
113.00
115.88
115.75
119.25
117.38
115.75
114.94
118.38
120.19
122.12
117.88
120.19
125.06
129.88
135.00
138.44
144.06
142.62
139.06
142.69
135.69
131.88
127.00
131.94
130.62
132.75
129.88
129.81
136.81
131.12
130.75
121.88
121.12
110.50
123.00
129.00
119.06
115.38
116.12
125.00
120.81
125.31
126.81
127.12
121.19
119.06
119.56
123.38
117.62
116.94
106.06
115.56
115.00
118.12
121.88
123.19
123.94
117.88
118.38
109.88
117.38
115.19
117.56
125.75
124.69
129.69
134.19
132.56
129.56
128.94
126.19
127.06
125.06
131.50
126.44
128.25
126.06
136.50
138.31
139.00
134.06
134.38
134.19
131.38
132.38
131.75
133.69
136.88
131.62
136.62
139.31
137.81
138.81
141.19
143.19
146.69
146.31
143.00
138.12
142.69
138.19
138.00
140.88
139.00
137.00
129.12
66.75
64.62
63.31
65.06
62.56
62.94
61.62
63.56
62.00
63.81
66.94
67.88
68.06
70.06
70.56
72.06
72.12
74.62
74.25
72.94
73.88
74.06
73.50
74.88
73.94
69.25
65.70
67.44
65.38
64.69
64.94
61.25
59.62
57.52
55.81
60.38
63.06
61.48
47.94
45.38
43.31
43.88
44.44
41.56
40.12
40.31
42.00
41.00
39.94
39.06
37.56
35.38
37.12
40.38
35.69
36.19
38.19
41.94
43.06
43.31
42.00
41.31
44.69
46.38
45.00
45.00
44.88
46.69
45.94
46.56
46.19
42.69
41.38
37.00
38.19
40.94
41.50
40.00
41.50
41.12
42.62
41.19
43.94
43.94
42.03
42.75
38.06
34.12
32.94
36.00
31.75
32.31
34.00
37.44
36.50
35.50
35.12
32.44
33.25
33.44
31.94
33.12
32.94
32.88
32.56
30.94
30.06
31.06
34.23
33.80
32.06
31.94
32.25
33.00
33.38
32.12
31.38
30.50
32.19
33.56
33.38
35.38
36.25
34.50
35.88
37.06
37.00
37.00
37.81
35.69
34.69
35.44
34.94
34.62
33.50
34.56
32.44
34.12
35.81
34.38
31.44
30.75
30.00
29.94
29.50
29.00
28.56
29.12
29.31
30.38
31.50
32.94
33.25
29.44
27.75
29.38
29.06
28.50
27.88
27.06
24.62
25.56
28.69
28.81
28.31
29.38
26.94
26.56
26.31
25.80
25.00
22.62
25.62
23.62
23.20
24.77
27.52
28.12
26.30
26.04
31.28
32.49
32.43
30.32
29.14
29.03
28.64
30.18
30.91
31.18
31.94
30.40
30.88
31.16
31.48
29.93
29.01
27.94
27.41
27.20
28.36
28.60
28.76
29.90
29.53
28.80
29.21
29.10
27.85
26.60
27.01
28.74
28.50
29.73
29.82
31.14
30.67
30.33
30.13
29.06
27.61
27.68
27.55
26.67
27.49
27.27
27.51
28.58
28.97
28.65
29.64
29.25
30.06
30.46
29.84
28.43
28.90
27.79
28.06
30.10
30.19
29.13
29.90
28.89
29.96
29.93
29.00
28.88
29.42
29.78
29.22
29.04
29.81
30.75
32.11
31.68
30.28
30.62
29.61
29.65
29.95
30.56
30.35
29.78
30.16
28.07
28.20
27.07
27.96
27.67
29.08
29.15
28.51
28.10
27.13
27.96
26.85
27.47
26.10
25.89
26.07
23.59
23.47
22.28
20.67
19.30
21.31
21.68
20.90
20.55
20.44
20.01
19.54
21.23
21.55
21.96
22.24
21.45
23.06
24.51
25.02
24.38
24.96
24.57
24.05
24.15
25.30
25.00
25.48
26.10
25.86
24.18
23.54
24.42
25.94
26.30
26.96
28.25
28.29
28.28
27.88
28.38
30.05
31.32
30.78
30.63
30.99
29.95
30.81
31.06
31.87
32.31
31.76
32.32
32.66
32.04
32.86
34.61
34.16
33.24
32.95
33.19
34.08
32.57
33.27
33.97
33.81
33.05
31.98
32.41
32.02
32.29
32.67
32.24
31.45
33.00
35.52
35.79
35.27
35.58
35.36
34.65
34.55
34.84
34.68
33.71
34.53
33.48
31.70
32.45
33.20
33.68
33.92
32.68
33.86
35.04
34.67
33.98
33.80
32.92
32.31
32.52
33.57
32.97
33.38
33.34
32.29
31.34
31.44
29.48
29.53
31.02
30.02
29.89
28.55
30.98
31.85
32.70
32.96
32.98
34.17
33.42
32.99
31.34
30.97
31.74
31.62
31.72
30.53
31.40
30.59
30.00
30.77
30.41
30.41
31.17
30.03
29.87
30.59
30.05
29.93
28.46
29.26
28.94
28.39
28.11
29.51
30.64
30.45
30.10
30.06
29.54
28.91
29.09
28.12
28.04
28.61
28.63
27.87
26.56
25.78
26.15
28.98
28.24
27.01
28.52
30.15
30.24
30.77
31.20
30.19
29.07
29.59
29.39
28.66
28.35
27.27
27.42
27.62
26.62
27.50
28.18
27.00
22.00
21.07
20.22
21.58
21.11
21.28
22.56
22.02
20.09
19.24
18.73
19.33
18.32
18.61
18.65
18.27
17.54
16.57
17.75
19.54
18.50
17.96
16.81
18.25
17.99
19.12
18.36
19.44
19.19
18.65
18.26
17.81
18.70
17.48
17.81
18.89
18.97
18.79
17.56
16.71
15.88
17.13
17.72
18.38
17.86
17.53
16.70
18.29
18.61
18.75
19.46
18.97
19.59
19.15
17.96
18.13
17.18
16.84
17.14
16.67
15.86
16.11
15.11
16.22
16.08
16.47
16.62
15.70
16.03
15.70
15.57
15.28
14.98
14.90
14.13
14.34
15.20
15.15
14.62
13.89
14.67
14.30
13.84
13.71
13.82
13.22
13.46
14.18
15.22
15.10
16.52
13.54
14.23
14.46
15.45
15.12
16.16
15.63
16.59
16.81
16.40
16.99
17.30
18.30
18.77
18.35
19.15
18.44
18.15
17.34
17.79
18.12
19.21
18.80
18.55
18.15
19.15
20.21
20.05
20.48
20.20
20.90
20.88
21.05
20.31
19.67
18.96
18.71
17.68
18.13
18.16
18.19
17.58
18.22
17.89
17.13
17.00
17.01
17.21
16.78
16.69
16.40
15.76
15.57
16.69
16.54
17.18
17.36
16.68
17.06
17.42
17.38
17.79
17.35
17.20
16.34
16.29
16.25
16.67
15.85
15.88
16.03
16.66
15.78
15.66
15.78
15.64
15.58
15.41
15.05
15.27
15.34
15.15
15.53
16.15
16.73
16.78
16.96
16.79
16.54
16.73
16.24
16.70
17.25
16.66
16.62
16.98
16.66
16.01
15.90
15.85
16.17
17.35
17.17
18.06
18.25
17.98
18.27
18.92
17.82
18.04
17.89
17.58
17.22
16.28
16.42
17.52
17.57
17.05
17.35
17.10
16.68
16.88
16.74
17.16
17.13
18.16
18.66
18.65
19.00
19.48
18.95
18.28
18.75
18.92
18.40
18.53
19.03
19.02
19.53
19.20
18.87
19.58
19.99
19.83
19.66
20.00
19.50
18.67
18.66
18.84
18.77
18.81
19.78
19.74
20.83
20.82
20.38
21.10
21.38
21.84
21.76
21.67
21.97
21.89
22.14
21.36
21.87
21.45
21.75
21.12
20.67
20.36
20.45
20.04
20.63
20.57
20.81
21.41
22.21
21.72
22.91
23.15
23.48
22.91
23.34
24.02
24.10
25.31
24.93
24.66
24.06
24.42
24.81
23.97
24.91
24.76
24.90
24.49
24.89
25.02
25.13
24.27
24.14
23.99
23.58
23.90
24.37
24.71
25.14
25.05
26.19
26.47
26.36
26.39
27.39
27.24
27.71
28.02
28.30
28.59
28.74
28.22
28.60
28.71
29.18
28.79
27.66
28.03
28.34
27.99
28.91
28.88
29.16
29.17
28.52
28.94
27.78
27.45
27.27
28.37
27.52
28.63
28.62
29.61
29.56
29.95
29.67
29.77
30.43
30.80
31.08
31.76
32.23
31.66
32.16
32.12
31.52
31.22
31.08
31.42
32.67
32.80
32.89
32.95
34.04
33.68
33.74
34.12
33.87
33.39
33.41
34.10
33.78
32.80
32.23
31.84
32.52
31.83
32.32
33.46
33.07
33.35
33.54
34.04
33.85
33.34
33.54
32.10
31.64
30.25
30.42
30.91
30.86
30.24
30.26
30.17
30.90
30.57
30.42
31.11
31.08
31.36
32.15
32.04
32.05
32.16
32.91
32.90
33.99
34.24
33.97
34.15
33.59
33.39
33.06
32.89
32.61
32.20
31.63
31.75
32.43
31.63
31.38
30.89
30.52
30.32
31.40
30.02
29.92
30.88
30.57
30.54
30.99
30.74
30.14
30.81
30.60
29.89
30.00
29.00
29.20
29.62
29.50
29.20
29.69
29.60
29.04
29.65
28.95
27.70
27.98
27.31
27.08
27.69
27.10
27.16
27.79
27.20
26.49
26.23
26.16
26.53
27.79
27.38
27.69
27.43
27.20
27.38
28.12
28.55
28.27
27.62
27.37
27.60
27.67
27.37
26.66
26.45
26.68
26.07
26.28
26.52
27.53
27.15
26.88
26.35
26.13
25.73
26.04
26.28
26.20
25.98
26.47
26.55
27.77
27.57
27.44
27.04
26.84
27.15
27.11
27.41
27.55
27.74
28.10
28.37
28.45
28.55
28.33
28.01
27.41
28.14
28.75
28.99
28.40
28.64
27.99
28.43
28.12
27.63
27.64
27.52
28.04
28.52
27.95
27.78
27.38
27.60
27.60
27.02
26.33
26.11
26.34
26.22
26.57
26.24
26.14
23.38
23.15
22.73
22.91
23.24
22.56
23.27
22.67
22.97
23.27
23.46
24.24
24.38
24.90
24.17
23.97
23.67
22.77
22.57
22.54
22.16
21.24
21.56
21.42
21.51
22.22
22.01
21.62
21.89
21.67
21.95
21.77
22.02
21.60
21.29
21.43
21.63
20.05
19.89
19.72
20.17
20.57
20.80
20.77
20.42
20.11
20.59
20.92
21.08
20.42
20.38
20.13
19.92
19.68
20.07
20.06
20.85
21.13
21.32
21.13
21.24
20.55
20.61
20.28
20.99
20.51
20.61
20.79
20.80
21.45
21.69
21.30
21.31
21.40
22.00
22.27
22.26
22.44
22.61
22.67
22.88
23.36
23.23
23.08
22.86
23.17
23.69
23.77
23.84
24.32
24.80
24.16
24.10
23.37
23.61
23.21
23.06
22.38
23.10
22.71
23.91
24.01
23.48
23.01
22.76
22.56
22.63
23.24
23.14
22.87
22.77
22.70
23.49
23.45
23.54
23.37
23.28
23.25
23.25
23.39
23.07
22.61
22.39
22.46
22.80
22.88
22.54
23.16
22.82
23.02
22.94
22.60
22.58
22.42
21.99
22.26
22.42
22.31
22.24
22.45
22.63
22.58
22.38
23.00
22.91
23.41
23.30
23.50
24.17
24.31
24.47
24.14
23.63
24.02
23.76
23.31
23.70
24.09
23.99
24.62
24.52
24.50
24.68
25.11
24.80
24.84
24.85
24.20
24.27
23.88
23.54
23.41
23.41
23.50
23.02
23.39
23.18
23.30
23.15
23.49
23.23
23.01
22.93
23.13
23.05
23.41
23.29
23.12
23.22
22.82
22.49
22.12
22.21
22.63
22.66
23.36
23.24
23.41
23.32
23.51
23.19
23.52
23.55
23.83
24.11
24.26
24.49
24.80
24.67
24.77
24.84
25.12
25.33
25.70
25.93
26.01
26.35
26.50
26.96
27.00
27.37
27.39
26.96
27.29
27.59
27.33
27.17
26.86
27.10
27.70
26.98
27.00
26.70
26.94
27.12
27.12
26.90
27.18
27.11
26.77
26.10
25.86
26.33
26.25
26.02
26.21
26.68
26.50
26.56
27.28
27.70
27.75
27.59
27.88
28.30
28.23
28.71
27.44
27.03
26.75
26.52
26.89
27.06
27.34
27.14
27.11
27.56
27.64
27.01
26.77
26.71
26.90
26.88
26.82
26.31
26.53
26.00
26.09
25.88
25.65
26.06
25.72
25.53
25.46
25.41
25.73
25.57
25.72
25.26
25.28
25.70
25.66
26.09
25.25
24.99
24.90
24.49
24.55
24.81
24.68
24.48
24.50
24.56
24.38
24.22
23.83
23.95
24.48
24.65
24.60
24.50
24.07
23.76
23.82
23.42
23.42
23.24
23.20
23.23
23.46
23.72
23.69
23.62
23.15
23.10
23.11
23.07
22.84
23.33
23.50
22.65
23.37
23.89
23.99
24.50
24.55
24.80
25.24
25.13
25.37
25.08
24.91
25.11
25.30
25.25
26.16
26.64
26.81
26.86
26.78
26.68
27.18
27.43
26.90
26.67
26.15
25.70
26.08
26.62
26.72
26.63
26.58
26.38
25.78
25.81
25.88
25.97
25.97
25.46
25.44
25.07
24.96
25.57
25.91
26.27
26.31
26.47
26.12
26.14
25.97
25.79
25.52
22.60
22.40
21.76
21.35
21.28
21.21
21.49
21.67
21.65
21.26
21.55
21.20
20.74
20.61
20.67
20.67
21.00
21.29
21.13
21.37
21.35
21.35
20.61
20.62
20.15
20.29
20.36
20.52
20.60
20.80
20.49
20.32
20.30
20.06
20.01
19.75
19.85
19.73
19.76
19.92
19.65
19.54
19.62
19.78
19.98
19.70
19.60
19.75
19.58
19.82
19.70
19.46
19.35
19.30
19.48
19.38
19.24
19.36
19.16
19.12
19.45
19.19
19.39
19.56
19.45
19.06
18.91
19.15
19.49
20.08
19.98
19.49
19.59
19.16
19.34
19.51
20.11
19.90
19.58
19.36
19.04
19.32
19.06
18.66
18.65
18.36
18.01
17.95
17.89
18.05
18.22
17.81
18.02
18.04
18.23
17.98
17.79
17.39
17.11
17.16
16.86
17.12
17.73
18.12
18.30
18.24
18.15
18.40
18.25
18.00
18.28
18.05
18.66
19.32
19.00
19.36
18.75
18.85
18.56
18.18
18.67
17.88
17.72
17.88
17.84
18.21
18.49
17.10
17.15
17.48
17.54
17.50
17.47
18.18
18.00
17.66
17.59
17.33
17.49
17.32
17.36
17.40
17.75
17.41
17.87
18.13
18.61
18.56
18.40
18.25
18.34
18.38
18.56
18.90
19.38
19.68
19.84
19.57
19.88
19.99
19.31
19.22
19.45
19.40
19.75
19.83
19.78
19.51
19.65
19.42
19.49
19.19
19.07
19.41
19.96
20.39
20.77
20.57
20.44
20.57
20.82
20.78
20.63
20.62
20.89
20.89
21.49
21.60
21.61
20.90
21.11
21.03
21.33
21.45
21.62
21.72
21.77
21.10
21.26
21.34
21.02
20.68
20.51
20.82
20.80
20.71
20.42
20.58
21.00
21.88
22.32
22.33
22.10
22.27
21.57
21.73
21.59
21.02
20.98
21.24
21.40
20.93
21.22
21.12
20.90
20.65
20.68
20.70
20.73
20.70
20.77
20.96
20.84
20.66
20.60
20.37
20.08
20.15
20.40
20.42
20.25
20.35
21.17
21.10
21.01
21.03
21.52
21.92
22.13
22.30
21.04
20.65
20.82
20.79
20.55
20.84
20.60
20.53
20.89
20.93
20.96
21.11
21.23
21.28
21.31
21.51
21.36
21.03
20.80
20.87
21.14
21.31
21.23
21.18
20.88
20.97
20.76
20.85
20.03
19.86
19.59
19.22
19.11
19.40
19.12
19.23
19.10
19.48
19.12
19.23
19.14
19.15
19.11
18.99
19.34
19.16
19.27
19.29
19.06
18.86
19.09
19.13
19.13
19.31
19.38
19.58
20.10
20.68
20.47
20.50
20.46
20.69
20.98
21.35
21.81
22.16
21.91
21.94
22.26
22.09
21.87
21.50
21.80
21.93
21.74
21.90
21.96
22.15
22.47
22.21
22.28
22.12
22.01
22.18
22.23
22.70
22.63
22.99
22.67
21.97
22.16
22.30
22.08
22.18
22.36
22.16
21.96
21.49
21.31
21.83
21.93
22.20
22.67
23.23
24.24
24.17
24.10
23.94
24.29
23.70
23.48
23.38
23.79
23.92
23.74
24.27
24.59
24.60
24.68
24.96
24.97
24.57
26.00
25.97
25.95
26.33
25.06
25.26
24.55
24.72
24.53
24.50
24.00
23.54
23.85
23.62
23.80
24.30
23.91
24.13
24.13
24.68
23.92
23.98
24.02
23.80
23.22
23.10
23.70
24.11
23.89
24.15
24.23
24.79
24.45
23.96
25.09
25.28
25.75
26.18
25.99
26.15
25.47
25.35
25.66
25.46
25.35
24.93
24.85
25.41
25.68
25.81
25.87
25.98
25.89
25.91
25.76
25.86
26.37
26.38
25.81
25.60
25.54
25.66
25.84
25.88
25.43
25.55
25.75
25.48
26.72
26.97
26.30
26.64
26.80
26.01
25.89
25.94
26.26
26.27
26.90
26.50
26.80
26.84
27.49
26.90
25.93
25.15
25.37
26.14
25.85
25.53
25.51
25.17
25.52
24.63
25.07
24.37
25.11
26.19
26.34
26.08
26.25
26.31
27.22
27.98
27.73
27.78
26.93
27.28
27.16
26.29
25.72
25.91
26.19
26.41
26.96
27.31
27.45
26.83
26.76
26.66
25.35
24.67
22.67
22.88
22.26
22.75
22.54
21.99
23.08
22.69
19.88
19.33
19.00
18.61
19.98
20.69
20.00
20.29
20.50
20.69
21.10
21.77
21.20
20.12
19.92
20.05
20.27
20.68
20.90
21.21
20.46
20.11
20.16
20.38
20.30
19.82
19.94
20.69
20.77
20.49
19.97
20.01
20.00
20.20
19.87
20.07
20.12
21.20
21.12
21.28
20.66
20.85
21.75
21.09
21.75
22.13
22.27
21.86
21.09
20.79
21.18
21.97
21.85
21.93
21.87
21.75
21.08
21.42
22.08
21.24
20.69
20.91
22.13
22.11
22.55
22.46
21.99
22.56
22.69
22.56
22.71
22.62
22.26
23.29
23.58
23.25
23.58
23.17
23.40
23.37
23.64
23.76
23.84
24.97
25.00
24.88
24.09
23.66
23.88
23.41
23.60
23.47
23.14
23.18
23.20
22.94
23.48
23.87
22.90
22.76
22.68
21.81
22.05
22.66
22.86
22.58
22.28
22.85
22.37
22.36
22.41
22.65
21.59
21.49
21.48
21.57
20.93
20.66
20.71
20.92
19.81
20.62
20.64
20.47
20.71
20.91
21.99
22.09
22.09
22.09
22.30
21.67
22.01
21.67
22.23
22.23
22.19
22.35
22.52
23.02
22.80
23.67
24.23
24.38
24.52
24.12
24.36
24.26
24.01
23.59
23.39
23.05
23.49
22.97
23.15
23.41
23.59
22.87
22.58
21.54
20.52
20.61
20.97
20.33
20.16
20.19
20.16
19.36
19.48
18.55
19.26
19.23
18.50
18.63
18.70
18.57
19.20
17.27
18.73
18.52
17.20
17.31
16.93
16.02
16.25
15.60
15.19
16.99
15.93
14.99
15.88
15.50
16.04
15.25
14.58
14.51
14.28
14.25
15.86
14.94
16.17
16.03
15.64
16.26
15.06
13.87
14.63
14.35
13.93
13.52
14.43
13.32
13.00
13.11
12.49
12.23
13.11
13.56
13.13
13.97
13.80
12.56
13.28
13.66
12.77
13.29
13.94
14.30
14.27
14.01
14.75
14.59
15.64
15.26
14.26
14.44
14.34
14.07
14.23
14.18
14.13
14.69
14.66
15.20
14.91
15.37
14.44
14.55
14.15
13.79
13.67
13.08
13.29
13.74
12.86
13.26
12.82
13.12
13.38
13.81
14.01
13.37
12.90
13.63
13.73
13.88
14.25
14.73
14.91
14.08
14.08
14.00
13.88
13.21
13.36
12.68
12.78
12.08
12.73
13.03
12.71
12.74
12.31
12.28
12.76
12.31
12.41
12.55
13.92
13.96
14.52
14.70
14.25
14.90
15.24
15.15
14.65
15.52
15.00
14.94
15.82
15.42
14.72
15.03
15.03
15.70
15.95
15.86
15.45
15.27
15.98
15.98
16.01
15.62
15.89
15.60
15.00
15.36
15.67
15.53
15.62
15.28
15.05
15.35
15.78
15.81
16.66
16.16
16.12
15.77
15.29
15.37
15.21
15.13
15.54
15.19
15.52
15.65
15.58
15.18
15.05
15.48
15.46
15.72
15.72
16.50
16.19
15.94
16.13
15.92
15.92
16.42
16.46
16.35
16.31
15.98
15.86
16.14
15.87
16.01
15.68
15.81
16.10
16.31
16.29
16.38
16.55
17.04
16.72
16.54
16.25
15.94
16.02
16.04
16.49
16.83
18.05
18.50
18.79
18.90
18.90
19.14
19.48
19.36
19.47
19.37
19.40
19.33
19.25
19.37
19.32
18.86
18.70
18.50
18.76
18.64
18.81
19.05
18.77
18.45
18.77
18.80
18.71
18.89
18.76
19.10
19.43
19.47
20.25
20.32
19.72
19.47
19.42
19.64
19.80
19.93
19.76
19.51
19.36
19.55
19.65
19.41
19.56
19.54
19.53
19.88
19.54
19.37
19.74
19.48
19.57
18.90
18.97
19.10
19.63
19.75
19.88
20.17
20.40
20.49
20.83
20.67
20.18
20.41
20.18
19.86
20.12
19.78
19.83
19.74
19.03
19.22
19.11
19.01
18.50
18.59
18.89
18.93
19.46
19.50
19.84
19.68
19.82
20.23
20.32
20.12
19.30
19.24
19.40
19.39
19.34
19.11
19.20
19.66
19.72
19.87
20.46
20.37
19.99
20.01
20.15
19.90
19.98
19.80
19.38
19.07
19.63
20.09
20.04
20.10
20.33
20.30
20.40
20.59
20.40
20.88
20.87
20.80
20.60
20.83
20.95
20.61
20.96
21.48
20.80
21.05
21.08
20.84
19.91
20.32
20.00
20.24
19.92
19.40
19.61
19.91
19.68
19.02
19.47
19.35
19.65
19.69
20.06
20.43
20.72
20.66
20.84
20.82
20.87
20.39
20.70
20.63
20.53
20.87
20.70
20.52
20.53
20.79
20.77
20.94
21.19
21.25
21.27
21.17
22.01
22.24
22.20
21.99
22.24
22.67
22.43
22.35
22.24
22.33
22.34
22.29
22.39
22.59
22.40
22.45
22.31
22.55
22.54
22.77
23.52
24.22
23.92
24.00
24.12
23.80
23.99
24.04
23.82
23.35
23.26
23.49
22.84
23.26
22.56
22.17
21.51
21.31
22.55
22.28
23.09
22.50
21.89
22.02
21.43
21.60
20.79
20.91
20.67
20.85
20.70
21.76
21.42
21.18
21.81
21.90
20.95
20.31
20.18
19.93
20.55
20.64
20.89
21.48
21.49
21.52
21.40
21.19
20.98
20.81
20.32
20.03
20.36
19.79
19.45
19.25
19.20
19.48
20.14
20.10
20.24
20.57
21.01
21.36
21.51
21.02
21.59
21.65
21.26
21.78
21.69
21.71
21.58
21.33
21.03
20.60
21.15
20.87
20.73
20.67
20.65
20.65
19.82
19.43
19.45
19.15
19.47
19.53
19.59
18.90
18.91
18.70
18.41
18.48
18.18
18.37
17.96
17.67
18.14
18.28
18.43
18.12
17.90
18.00
17.97
18.56
18.74
18.72
18.97
18.81
18.93
19.14
19.01
18.98
19.42
19.24
19.51
19.24
19.20
19.32
18.87
19.15
19.31
19.40
19.52
19.56
19.77
19.24
19.32
19.32
19.19
19.21
19.64
19.76
19.84
19.87
20.04
20.19
20.47
20.05
20.57
20.34
20.48
20.97
21.24
21.23
21.16
21.04
21.21
21.53
21.30
21.07
21.08
21.02
21.14
21.25
21.09
21.39
21.34
21.33
21.16
21.48
21.70
21.69
21.70
21.58
21.82
21.81
21.91
21.50
21.47
21.28
21.30
21.46
21.23
21.10
20.89
20.84
20.84
20.88
20.94
21.02
21.03
20.85
21.15
20.94
20.77
20.66
20.69
21.05
21.30
21.29
21.08
21.08
21.01
20.95
20.82
21.24
21.55
21.75
21.75
21.46
21.46
21.48
21.56
21.57
21.68
21.69
21.64
21.46
21.80
21.76
21.57
21.45
21.75
21.97
22.14
21.81
21.15
21.29
21.86
21.47
21.39
21.49
21.79
21.56
21.21
21.13
21.20
20.79
20.87
20.84
20.18
19.81
19.90
19.93
20.19
20.15
20.29
20.38
20.37
20.34
20.28
20.46
20.18
19.72
19.49
19.71
19.95
20.03
20.02
20.12
19.76
19.78
19.58
19.75
19.62
19.86
21.41
21.46
21.94
22.48
22.63
22.80
23.15
22.91
23.23
23.50
23.61
23.25
22.76
23.03
23.41
23.71
23.41
23.64
23.55
23.88
23.54
23.22
22.86
22.61
22.68
22.50
22.21
22.51
22.00
22.09
21.73
21.83
22.06
21.82
21.76
21.38
21.39
21.82
21.42
21.42
21.19
21.33
21.65
21.40
21.71
21.20
21.34
21.49
21.39
22.16
22.53
22.44
22.75
23.23
23.09
22.85
22.45
22.48
22.27
22.37
22.28
23.06
22.99
22.81
23.13
23.03
22.90
22.53
22.55
22.33
22.24
21.72
21.81
20.85
20.79
20.11
20.60
19.93
20.76
20.65
20.89
20.79
20.67
19.77
19.19
19.38
19.71
19.80
19.42
19.77
20.30
20.24
20.13
19.99
19.64
19.54
20.08
19.90
19.70
20.28
20.76
21.12
21.54
21.97
21.93
22.20
21.94
21.62
22.16
22.24
22.54
22.31
22.21
21.34
20.62
21.22
21.85
22.03
22.29
22.88
22.99
23.12
23.39
23.50
23.28
23.40
24.24
23.61
24.03
24.59
24.63
24.70
25.13
24.98
24.54
23.90
23.85
24.20
23.74
24.28
24.75
23.84
24.06
24.85
24.63
25.34
24.94
24.34
24.29
23.57
23.24
22.70
22.73
23.46
23.58
24.91
24.92
24.64
25.01
25.35
25.66
24.71
25.01
24.00
23.56
23.31
23.31
23.23
23.10
23.84
23.68
24.02
24.40
24.56
24.23
24.55
24.25
24.54
25.11
25.40
25.25
25.47
25.59
25.80
25.75
25.14
25.04
25.39
25.63
26.38
26.71
26.90
26.90
26.75
26.73
26.74
26.42
26.55
26.49
26.74
26.72
26.64
26.85
26.86
26.70
26.70
26.78
26.58
26.83
27.37
27.16
26.73
26.66
26.70
26.89
27.24
26.88
26.86
26.92
26.54
26.61
26.91
26.84
27.07
26.99
27.49
27.46
27.75
27.73
27.74
27.75
27.78
27.90
27.88
28.19
28.19
27.80
28.16
28.12
28.38
28.11
27.93
28.07
27.76
27.45
27.85
28.48
28.09
28.41
28.47
27.95
27.69
27.60
27.45
27.31
27.86
28.22
28.38
28.40
28.95
29.18
28.56
27.90
27.76
27.37
27.19
27.24
27.63
27.02
26.88
26.50
26.19
26.07
26.15
26.03
25.44
25.65
25.74
26.09
26.13
25.84
25.14
25.04
25.43
26.07
25.94
26.41
25.99
26.52
26.54
26.98
27.34
27.42
27.51
27.64
26.71
26.94
26.05
26.01
26.22
25.83
26.65
26.67
26.86
26.55
26.16
26.17
25.56
25.39
24.74
25.25
25.13
25.38
26.21
26.06
25.52
25.26
25.01
25.13
25.50
26.02
25.76
25.70
25.93
25.91
26.23
26.31
26.50
26.60
26.70
26.88
26.69
26.48
26.27
26.59
26.33
26.23
26.11
25.73
25.04
24.91
24.84
25.00
24.67
24.27
24.83
24.42
24.39
25.10
24.19
23.26
23.34
23.19
23.36
23.37
23.31
23.37
23.15
23.18
23.13
22.80
22.54
22.65
23.09
22.66
22.76
22.84
22.55
22.47
22.68
22.51
21.90
21.76
21.68
21.48
21.73
22.35
21.79
21.67
21.27
21.46
21.59
21.46
21.69
21.95
21.63
22.26
22.06
21.84
21.73
20.91
20.83
20.80
20.77
20.28
19.96
20.03
20.19
20.25
19.51
19.36
19.72
19.89
19.93
20.09
19.53
19.57
19.54
19.97
19.85
20.16
20.16
20.08
20.65
20.67
20.49
20.53
20.57
20.96
21.10
21.03
20.77
20.64
20.65
20.51
20.23
20.62
21.38
21.32
21.16
21.25
21.09
21.45
21.80
22.00
22.00
21.88
22.11
22.68
21.25
21.17
21.11
20.95
20.96
21.05
21.28
21.37
21.04
21.36
21.16
21.18
20.99
20.81
21.00
21.03
21.19
21.25
21.23
21.12
21.09
20.73
20.25
20.42
20.23
20.58
20.93
20.88
21.03
21.27
21.51
21.75
21.89
21.58
21.69
21.64
21.66
21.65
21.38
21.26
21.14
21.18
21.04
21.33
21.15
21.77
21.83
21.84
21.43
21.46
21.05
21.14
20.94
21.09
21.75
22.26
21.83
21.68
21.38
21.92
21.93
22.24
22.44
22.88
23.38
23.66
23.38
23.40
23.76
23.95
23.99
24.11
23.96
23.91
24.15
24.25
24.36
24.50
24.08
23.84
24.20
23.94
24.04
24.08
24.15
24.07
24.05
23.92
24.08
24.27
24.21
24.28
25.24
25.36
24.70
24.65
24.59
25.01
24.71
24.46
24.99
24.92
25.10
25.47
25.00
24.19
24.20
23.58
23.88
24.01
24.05
24.23
23.89
23.72
23.76
24.06
23.19
23.14
23.25
23.99
23.90
23.94
24.25
24.15
23.24
23.04
22.77
22.75
22.93
23.06
23.26
23.24
23.38
23.34
23.20
23.22
22.92
22.80
22.70
22.45
22.51
22.64
22.52
22.57
22.03
21.91
22.28
22.52
22.17
22.26
22.44
22.27
22.19
22.29
22.06
21.98
22.07
22.64
22.60
22.67
22.91
22.98
22.81
22.63
23.44
23.39
23.74
23.90
23.91
23.77
23.62
23.70
23.70
23.41
22.98
22.92
22.83
22.89
22.60
22.81
22.83
22.48
22.59
23.10
23.26
23.45
23.39
23.70
23.92
23.88
24.14
24.07
23.74
23.78
24.24
24.36
24.52
24.50
24.47
24.33
24.26
24.03
24.25
24.06
24.09
24.17
24.43
24.60
24.39
24.52
24.60
24.70
24.56
25.23
23.87
23.75
23.65
23.90
23.84
23.70
23.55
23.74
24.26
24.82
24.93
24.82
24.42
24.47
24.29
24.45
24.66
25.15
25.14
25.06
25.32
25.43
25.70
25.60
25.85
25.96
25.79
25.78
25.46
25.59
25.43
25.31
25.53
25.50
26.51
26.67
26.54
25.85
25.59
25.31
25.13
24.81
24.72
24.90
24.68
24.74
24.54
23.95
23.82
23.52
23.99
24.21
24.29
24.47
24.55
24.70
24.76
24.76
24.50
24.74
24.42
24.63
24.62
24.80
24.76
24.76
24.50
24.61
24.50
24.63
24.64
24.84
24.73
24.76
24.57
24.50
24.70
24.82
25.02
25.43
25.17
25.12
25.46
25.38
25.31
25.62
25.81
25.99
25.89
26.41
26.16
26.49
26.91
26.98
26.43
26.18
26.56
26.77
26.93
27.04
26.95
26.84
26.75
26.75
26.26
26.33
26.48
26.69
26.45
26.41
26.17
26.20
26.37
26.34
26.30
26.37
26.45
26.33
26.01
25.82
26.04
26.04
26.20
26.15
26.29
26.71
26.88
26.96
27.32
27.26
27.66
27.60
27.66
28.17
27.91
28.24
27.93
27.96
29.87
30.01
29.95
29.93
30.09
30.20
30.23
30.50
30.88
30.78
30.93
30.90
30.98
30.98
31.14
31.03
30.79
30.89
31.26
31.25
31.49
31.71
34.65
33.70
33.70
34.06
34.79
34.50
34.25
34.25
34.23
34.19
34.35
33.89
33.74
34.05
32.82
32.85
32.68
32.60
33.02
33.13
34.10
33.94
34.17
34.41
34.34
34.50
35.15
34.94
34.81
34.80
34.79
34.65
34.92
34.57
34.57
34.91
35.00
35.33
34.91
35.02
35.02
34.62
34.54
34.93
34.98
35.17
34.82
34.71
34.42
34.75
34.14
34.26
34.90
34.82
33.99
33.52
34.03
34.11
33.47
34.27
33.62
31.91
31.47
32.14
31.28
30.85
31.38
31.58
32.61
32.27
32.69
33.18
33.20
33.74
33.92
32.58
34.01
34.31
34.54
33.76
33.82
33.58
33.26
33.31
33.38
33.68
33.95
34.24
34.71
34.35
35.95
