0.0
4.14919443831
-2.82037533512
-7.44416873449
-1.94647201946
0.488997555012
1.74129353234
-0.248138957816
0.0
1.45000503474
2.25494233937
-1.71035320312
3.87931034483
0.189593427428
2.36118598383
1.49923396805
-5.11888692763
0.0623376623377
4.33604336043
-1.46336252937
-0.531236719082
1.75135135135
0.883411495256
2.9530653492
1.64346039717
-0.0798266621051
0.0798904359735
1.88372093023
3.68941403424
0.0723938223938
-7.00179533214
0.917223417507
-1.46172729301
2.35267245317
-2.84065690191
-2.37244068898
1.43956043956
6.12244897959
-0.798241554836
-1.98435196734
2.40362285183
0.0697188008366
-3.84357541899
2.5787965616
5.43806646526
0.230135658915
2.00148257969
-0.687116564417
3.16455696203
-0.151668351871
-4.09696969697
-6.31387690211
2.53842571029
-1.28735632184
-3.80362671384
5.16279069767
-1.14942528736
-4.26936619718
2.55021439856
-0.292529252925
1.43802784752
-1.55056179775
0.496838301716
-3.61340879408
-1.14052076609
1.99736611062
-2.4202184622
1.92097795241
-1.21832884097
-2.81852472758
0.866624392306
-0.137203166227
4.33872921484
1.0347129506
0.0
-0.61919504644
-1.9620596206
-5.26802218115
3.80556443876
5.47560152912
1.71546203111
0.946663588086
-0.368069933287
0.0
1.3168628365
0.433052434457
-1.44191948322
-0.710113389073
1.52325581395
0.0698161508029
0.0
1.24882186616
-1.23341866418
-4.57472795914
2.34090909091
1.07971513898
3.02958579882
0.368214752346
0.0832144555397
-4.61503571834
3.8262302802
1.11904761905
-1.31578947368
-0.734693877551
1.02497643732
0.67607638477
-0.881730543146
3.34102782165
0.68501529052
0.0
-0.231876983158
-0.0365987556423
0.109916951637
-2.74379379974
-2.60296159186
2.36854571293
1.12574850299
1.59386786714
-4.70724637681
0.220776202649
1.91852202748
-1.23976608187
-1.29300392519
0.627323420074
0.607760635811
3.0843373494
-1.26100404473
-5.01694915254
2.24121996303
0.510915002322
-1.2272049547
-1.96761861929
-1.24361536753
0.558284948638
1.91169776969
0.722063037249
-0.852272727273
1.73410404624
0.0
0.138921046539
-3.00920727599
0.849280942136
-0.282294489612
-0.494382022472
-2.1978021978
1.04374861204
0.760796598792
-0.963988919668
0.344674227263
-0.0666666666667
-0.968309859155
-0.547165681768
-1.21081081081
-2.5084317032
-1.93281653747
1.10774375588
0.85370994941
0.338409475465
-0.724409448819
0.136669470143
0.189593427428
-1.42248987644
0.385657702731
1.19185739901
-0.981723237598
0.662321278385
0.528429507504
1.32790747483
0.387013545474
0.562162162162
0.271002710027
-1.98682532937
2.72866186422
1.86791194129
1.12435349674
0.999318646377
1.80346820809
1.76470588235
-0.140977443609
2.31999038346
-0.822603719599
2.60550458716
-5.42572882925
-2.05099150142
-1.94444444444
0.133511348465
-0.0667111407605
-1.83366077276
0.548726953468
-0.621659941106
-2.45744680851
-1.57068062827
2.41286863271
1.14979932748
0.479564032698
-1.47121993127
-0.139410187668
2.60783450704
-0.131868131868
-1.29081245254
1.17427568042
0.0
2.38202247191
2.00573065903
-2.85046208663
-0.277592715967
-0.0665778961385
-2.24536283762
-1.40106951872
-1.57894736842
-1.67667149658
1.57695542473
0.189593427428
0.0632377740304
-2.56726227151
0.453889003507
-0.380228136882
-0.0718833436024
2.50526315789
0.200400801603
-0.2
-0.398406374502
0.0734445493652
-0.71875
1.45846544071
-1.11819416867
-0.125247886442
0.0
-3.46599496222
0.374190938511
-1.23851378346
0.240288346015
0.260991768721
-5.12380952381
-9.96398559424
1.30298818624
0.374923707385
-1.92406362237
1.46637744035
1.20302072357
0.0615060188033
2.53153153153
-1.0607005972
-2.12004885709
0.764835164835
0.717194970781
0.221847546366
-0.0532150776053
-1.95652173913
-3.51539558688
-2.25520747909
1.19502074689
1.09908549375
1.17137764197
-1.0
3.87569832402
-0.598698481562
1.59555712271
1.00614370938
0.169461291473
2.21533412344
-3.35682819383
3.18181818182
0.917431192661
2.10772833724
-1.95628214548
-1.90990990991
3.62210604929
-2.17351598174
2.04081632653
0.018641066269
-3.68940754039
0.677812923633
-0.806813088301
2.59358042858
-0.947435547053
-1.69263836647
-0.196639256346
-0.151717983043
1.25609976505
-1.61806543385
-1.45435430173
2.85662791746
-3.29411764706
1.35135135135
-0.544624033732
2.3188926838
0.916099773243
-0.135869565217
-0.853165693758
-1.46017699115
0.221729490022
2.87408759124
-1.55393874068
-0.775401069519
-0.0445434298441
-0.602142920393
-3.63512245072
0.670045528735
4.12343470483
3.80687093779
0.176727746256
-1.58366898572
3.04688236959
-1.82441192813
2.60357278601
1.55360416868
1.78764364994
0.0589680589681
-2.19167547823
-1.30917370268
0.553276733759
1.97470817121
-1.05871029836
1.81283684468
2.14192773496
1.30805110525
-4.46575607866
1.20588235294
-2.46701090075
-3.6750483559
1.64778578785
-0.853986818899
-2.48913830558
1.45087235996
-6.12068965517
-0.429184549356
3.55555555556
-3.26741186586
0.16363792955
-0.786123216269
-0.678944241704
-0.966548999832
-0.0252079657172
1.27648710748
0.823680823681
-1.01910828025
-1.86682223519
1.77268871925
1.32347885871
-0.487471136577
-0.940359200271
0.562276367354
-0.777683854607
0.126957257723
-5.85657370518
1.44693234177
0.536367330354
-0.0324965472419
1.72727272727
0.298408488064
1.39519246932
0.176812326345
-0.818371607516
2.0451640392
-1.0372744139
-0.695084163805
-0.491666666667
-1.23456790123
-0.0740192450037
-0.172413793103
1.40704354342
-0.191125145421
-1.4252948886
0.106601066011
0.985425637628
-0.0992720052945
-1.10447516976
1.55367231638
1.48397976391
1.94258208699
-0.37677684535
0.942173048665
0.6
0.612423447069
-1.34645261523
1.54250657318
-2.6948661095
0.368056149961
0.334936447956
1.60558464223
-0.217675228559
2.86609941782
-0.0805441202792
-1.57667576852
1.1583355609
1.98091776465
-2.48981038455
-0.782417582418
-0.784997819451
1.46017699115
1.50916277398
3.979077153
-2.9902138456
-0.98690113045
-0.0179404377467
2.04118993135
-2.35073292814
0.792792792793
-0.260580465451
-0.393806497807
2.15781292859
-1.3351375733
2.45863758203
0.623139880952
-2.12107419208
-0.588235294118
1.2832263978
-0.501595987232
0.577875619152
0.312845049687
0.0736648250461
0.788863109049
-1.87596758037
1.34748500231
-2.0432148992
0.0542740841248
1.14364135407
2.3887587822
2.4472168906
0.0960614793468
-0.430416068867
-0.428571428571
1.05871029836
3.09585235166
-1.38943248532
7.07176532216
1.39154450818
1.82801514332
2.35828166519
3.83996320993
-5.11617759354
-1.56770106303
-0.267723281217
-3.04225937078
-2.12398373984
1.58992360107
-0.360045262833
-2.38979817251
-0.0501806503412
-0.100260677762
1.31030980193
0.0101584721658
-3.33857030636
-4.05125306199
1.57909847832
-1.24751913808
-0.367231638418
2.94687863513
0.203982515784
0.763433493198
-4.86078778285
0.93045112782
-0.281162136832
-1.83992640294
-1.02886278795
3.09771895241
1.11047835991
0.938877179536
-1.77848875506
-1.78373382625
-2.0814479638
1.02395319071
-0.968764146673
-0.852782764811
-0.125515510131
0.531771068049
-2.16912088881
-1.2624064078
0.209387541441
-0.330434782609
-1.47361206306
0.490744726647
0.693541395752
-1.62046908316
0.256519880291
0.619461412716
1.43118945807
-0.555410917296
0.567289230232
0.623518046896
-2.19874602766
-2.04442200909
0.0252461499621
0.448013524937
2.34449346829
-0.215814917127
-0.137931034483
0.834492350487
-0.656303972366
-1.27877237852
-1.8410041841
-0.25041736227
1.11411208643
-0.604026845638
-0.184223748116
-1.00306723037
0.391145139814
0.200133422282
1.44657812368
0.913436913095
0.334047109208
-0.298889837746
1.21002592913
0.564971751412
0.348887919756
1.28091872792
-0.518498989366
1.81639226915
2.06392694064
5.59305689489
-0.78453884424
-2.13483146067
0.357075737643
-0.967801972827
-1.82715147086
-1.59129731188
0.624208431337
1.73953060285
-1.11040320379
-1.01801801802
-2.00406109296
3.44292237443
0.754508649245
-0.920776734433
0.164368550817
-1.52863951084
-2.45592491887
-0.140141893667
-1.41611259822
-0.932420872541
1.19459833795
1.34222300202
-2.65584970111
0.948275862069
-2.52100840336
-1.20381901204
0.963956412406
0.252100840336
0.907317900449
-1.98636968085
-2.18681408016
2.38035788598
-1.16805132845
0.363246099232
-0.304526748971
0.829875518672
-0.659521846661
1.50627615063
-0.903889211377
-0.667215815486
-0.654664484452
0.410846343468
1.50125104254
1.35249366019
1.64103445313
0.596369922213
-0.814402057437
-0.265047879617
1.69550473872
-0.21690091966
0.23480302635
1.84217518377
-1.06028741675
-6.40531452473
-1.3750707757
-1.03266090298
-0.175803100527
1.04974160207
1.32547864507
0.55121349239
-2.29885057471
0.720531088083
-0.12936610608
-0.968852590279
-0.0959923206144
0.587383327969
-0.972111553785
-1.1421819614
2.0498392283
1.43509458578
-2.51192368839
-0.15873015873
-0.912236552375
0.125984251969
2.23796490098
-0.0563198970151
-1.49786019971
-0.0950118764846
-0.472813238771
-1.24513618677
-1.14624201862
0.378378378378
0.0695464029055
-0.507419082033
1.42701185278
0.992282249173
-0.439077936334
-0.739357148416
0.42203985932
0.922858495031
1.424
-0.0799360511591
-0.26309495336
0.787464845319
-0.503677646306
-0.516980831941
1.76446782679
-0.715204114433
-1.2380952381
0.414408670704
-1.62289298314
1.39109697933
-0.198333994447
-0.826121164437
-1.08949416342
0.587084148728
0.741266461636
2.26612903226
-0.0966806316468
1.23154718212
0.155203398138
-2.19701206359
1.76422764228
-3.45368916797
1.29601653813
-0.261697065821
-2.9029029029
0.557491289199
0.8984375
3.22580645161
2.14168039539
0.438487631339
1.66540499621
2.57981018119
-1.3281116976
0.69438491213
7.13629684056
-0.110091743119
-2.46957766643
-6.64884731039
-0.191746561067
-0.744724865536
-4.58708353071
0.932345206789
-0.270205833267
3.02955866699
1.88537582381
2.71636675236
-3.80018135356
-2.0113085622
-1.90174326466
0.0396353547364
0.413913874075
1.31451612903
-1.99952580416
-0.212933753943
0.173803128456
-2.10363495746
0.318100706028
0.0776457799519
1.2261259137
0.752296484004
-0.762278978389
0.291614123581
1.52024323892
0.264741275572
-0.240096038415
4.09897525619
-0.513883133029
-0.0662635633231
-1.54937617223
-1.15266806384
-0.902628005432
1.0411622276
1.283413717
2.08628890929
0.646732739795
2.04851289963
-1.41951837769
0.989845549962
-1.90021764607
1.67673844583
3.85397330505
-0.150044130627
-2.11663066955
2.84318080853
2.34609438938
-5.42655658755
1.58120031449
-0.478177708225
0.454148471616
3.26479076479
-2.54021270985
0.699238803328
-3.06306306306
-3.35820895522
-0.289375775114
-3.43313373253
1.57327061877
-1.41509433962
-0.183544808874
-2.86046511628
0.163056137899
-0.440630797774
2.88713910761
-1.56580286542
1.88242801308
-0.302186878728
-1.24087017985
0.307231763038
-0.866848887153
-0.194855806703
-0.419124495498
-1.26446470994
1.46967340591
0.241640034297
1.52738208294
-1.13449651827
-0.676095741374
-1.01538461538
0.3861003861
1.56862745098
-0.406186533354
-0.536088881983
-1.73308902122
0.963539659292
0.839486980179
2.59170653907
-3.2631335339
-0.16942626107
1.16867939229
0.117004680187
0.15625
1.66799046863
-0.158604282316
1.65255945183
-0.83932853717
0.312725523214
0.857258390619
1.54389422682
-1.52042054185
1.7695473251
0.529538308787
0.465502909393
-3.08547490534
0.461314341211
0.10532285506
0.162298141686
1.55760672491
-1.3094753965
-0.283860502839
-2.72189349112
0.380137799952
-0.723327305606
0.094436137562
1.08989657916
-1.55846189991
0.845048175644
0.0632211158527
-1.12517580872
0.755786490316
0.292143703119
0.261241291957
0.541228907991
-1.45882352941
-1.13979995348
2.07360506529
1.01535017589
-0.596042279266
-0.608214849921
2.17093051408
-0.513849859494
-0.352028162253
1.53533712429
-0.032483352282
0.0975451146155
0.440888308295
-0.962238214603
0.479363015925
0.678936605317
-0.130708275468
-2.14245743065
-1.20053708238
0.587908159212
0.816980376452
-1.57666535278
1.46376579747
-0.540970564837
0.721153846154
-1.09367570138
0.646087580761
0.488938762424
0.856911883589
-1.11910471623
1.31195335277
-0.819277108434
2.31755424063
0.553673250145
-0.370492343158
-3.16511201467
-0.0955794504182
-3.05019305019
-0.361621912749
0.184999614584
-0.673761580277
-2.79824365558
2.90243528871
-1.30007558579
0.432703256661
0.0531672489746
0.881158531913
0.369145581789
-0.619076734943
-2.10983091426
-0.141949943967
-0.0970294073742
1.07121303561
-0.689241833983
1.42086467594
-0.881156800723
-0.0978105484915
-0.24767337136
-0.299311583358
3.59689922481
-0.753962148023
0.115535700531
0.0616570327553
1.52582159624
1.65447025135
2.29454841334
-3.07570977918
-0.133889895251
0.737860996509
0.912730184147
-0.990883868411
1.07363192052
1.62025728709
1.07810056785
-1.27559311017
0.219851803599
-1.31779831258
0.793715072487
0.251705099058
-2.13746523639
0.318852132324
1.18567510889
-0.633165023643
1.21684108055
-1.20221207021
1.02834008097
-2.0618556701
0.87193024558
1.37041842361
-2.49070925911
1.176
-0.935171976541
-0.645669291339
1.06636956868
-0.585443037975
0.150542746217
0.0
-1.36761487965
-0.311623558741
0.438184663537
-2.05395462906
0.307503075031
-1.26005768939
0.251122441215
0.481725034409
0.933858146176
-0.269396551724
0.479505027069
-0.767459708365
1.31405022938
-0.286866180803
0.0775915580385
-0.777581030102
1.17619566911
-1.33722717492
0.246533127889
0.371172285803
0.325833979829
-0.26307644692
0.217121588089
0.679209930518
0.368280833725
0.235626767201
-2.19695805807
-4.52511917858
-0.944424264439
-0.792792792793
-0.43057050592
-1.44978783593
0.297914597815
1.02472232175
0.107604017217
-0.570613409415
0.856053521329
-0.792178133029
0.842029507017
0.535417118877
-0.460929060137
-0.785994998214
-1.37420718816
-1.43779954157
-0.36678200692
1.6603348811
-0.36450301416
-1.1639185257
-0.0761509172724
0.438047559449
-0.601285506946
0.815217391304
0.10462439841
-0.534202858332
0.832458901714
0.492091388401
-0.154418474065
1.65536924724
-1.72498422271
1.86428571429
0.951831554658
0.507319901435
0.414816971108
0.592972181552
-1.64878680971
0.477465094408
-0.144477353175
-1.68323863636
0.377842731874
-1.11385266126
-0.091562191858
-0.0985083028427
-0.441330998249
1.13354587318
-0.32483581668
-1.2826768909
2.07058488686
103.474735775
-2.58110014104
-0.533108866442
-2.39627550322
0.123389086921
-0.491132332879
0.825309491059
-1.94227137847
0.135062128579
-0.644122383253
-0.200883889112
1.31614654003
0.149476831091
-0.621201890614
-1.89454160042
-0.0264900662252
-0.422052228963
-0.144870275254
0.330338266385
-0.0792183786638
-1.95469255663
-0.412530617507
-0.627722264924
-1.02700646634
0.101535727884
-0.893081761006
0.416824554756
-0.540201005025
0.708502024291
0.25367833587
0.433121019108
-0.506970849176
-0.941619585687
1.42620654527
0.434838214605
1.26926563917
0.468445022772
0.0651041666667
-0.916010837311
-2.57667169432
0.492610837438
-0.138748738648
0.303643724696
-3.16098995344
0.8276714021
-0.0493888134337
-0.381303813038
0.693584344811
-1.47651006711
-0.0853450377957
1.33432171979
-0.369276218612
-0.282312507672
-0.646341463415
-1.18100747168
-0.575125808771
0.0359582883855
-0.76127036993
-1.38416422287
0.756411771658
0.439221272555
0.0356252226576
-0.343195266272
0.261034646417
-0.882041632365
1.99112390548
-1.87146892655
0.306965761511
1.75396444017
0.677310111272
0.339805825243
-0.925814596609
0.349903474903
-0.979689366786
-0.711743772242
-1.38043986898
6.30518592215
-1.63914373089
-0.438436244063
0.183016105417
-0.618406693343
0.450669914738
2.625
0.603621730382
0.543684410166
1.39743589744
-1.14068441065
-0.692259282568
0.569620253165
-1.01491041223
0.529033883361
-2.28923076923
-0.184275184275
0.518646579402
1.63152610442
-0.796812749004
0.828521215164
0.70796460177
-0.752823086575
-0.919940328195
1.20785103171
1.15820287642
0.498848810437
0.205075621635
-0.964711855801
0.600178776657
-0.810639645345
0.0760552668272
0.292397660819
1.27462340672
-0.231213872832
2.43421052632
0.862641008626
-1.14143269483
1.80312541739
-4.99936556275
-0.942684766214
-0.400600901352
0.150451354062
0.0627273867771
0.138190954774
0.214024927609
-1.96247840039
1.30032508127
-1.01485148515
-1.07737512243
-0.232075241236
1.01172115978
-0.892638786989
-1.17220543807
-0.0965833635156
0.0966767371601
0.388208176635
-1.42310452045
1.49289962374
-0.3266392451
-0.229330114665
-1.05099725308
-0.0358166189112
0.673076923077
-0.893388921977
-3.45025876941
-1.08077360637
0.17094017094
-0.71283095723
1.91420664207
0.696702275894
-0.416281221092
-0.63196598874
0.612716763006
0.874635568513
1.15606936416
0.402700461921
1.06535791238
-0.724896019014
-1.40597539543
0.993965211218
0.835222527145
0.7089641913
0.12030798845
0.984084558377
0.133819951338
-0.868306801737
0.448213204119
-1.30320420851
-0.428571428571
-1.11830488523
0.461210974456
-0.318283626076
-0.91110851536
0.990916597853
-0.106057035117
-0.375675041089
-1.1029838616
0.842992623815
-0.939457202505
1.25660598943
-0.467562828755
0.351906158358
-0.791341789829
-1.33195544839
-0.217690192484
-2.48044692737
-0.0558347292016
1.09505531723
-0.0902323482969
-0.0338256849701
-1.23608017817
-0.233307410288
2.08687762277
0.765714285714
-0.0571102227299
-0.995137396811
0.7864144062
0.102681118083
-0.28441410694
0.595101853971
-0.918471482027
-0.485217783796
0.887978142077
5.76760987357
-2.29411764706
1.6989710457
-0.143369175627
1.30718954248
1.21278941566
-1.70981336544
1.29284059032
-0.15830491963
-0.291403593978
-1.42429682825
0.747618473411
-0.300553017552
1.97376486453
2.12845874546
0.528634361233
-0.20097977641
0.479616306954
1.85113767836
0.167396343034
-0.728620733734
-0.571936959837
-1.65
0.0250062515629
-0.361280677713
-0.111996017919
-0.273020600645
-0.76354679803
-0.0861326442722
-0.257731958763
0.221402214022
-1.28703254007
-0.603427468018
-0.813981326311
-0.476530855373
-0.332462597958
0.441264162194
0.0
-0.991852639036
0.0472533963379
0.86987607245
2.34146341463
-0.0609384521633
-0.327988338192
1.70496664196
-0.772342773078
1.67019818023
1.94409148666
0.0254194204372
1.2742952761
-1.74528898444
0.36811373445
-1.48805802176
0.351361525913
0.950088674943
0.228542407313
-2.93320187331
1.85789605825
0.504668180671
0.0504922999243
0.750349739285
0.83354706335
0.489690721649
-0.487304437035
2.47043363995
0.941769465446
-1.8359375
-1.03092783505
2.26673695308
0.410215694058
-0.852794542115
-1.74036354261
0.544394037589
-0.541446435478
0.8581458848
1.35740643121
0.783636605127
-3.57325819672
-4.07862407862
0.0245760629147
0.234018967853
0.420531849103
-1.25793844651
-0.967585873246
0.486144871172
0.623700623701
-0.559406542624
-0.169964793007
1.75416924027
0.260094129304
0.623130608175
-0.01246105919
0.112275449102
0.2
0.515140092977
-1.06898694842
0.675760230259
-1.44301924026
0.883414209282
1.90186382655
-0.466935890964
0.341901988097
0.215736040609
0.407747196738
-0.0254777070064
-0.745985586041
-1.01376720901
-0.893078640536
-0.160990712074
-0.431565967941
-0.503005766164
-1.25984251969
0.486914181376
-1.01217014098
0.30215131738
-0.012084592145
0.828560984525
-0.400485436893
0.819772421387
1.23869689087
-0.89614534741
-1.02065613609
-1.95377650703
-0.908983591075
-0.294256120527
1.39634801289
-0.21436227224
2.37746891002
-0.182548375319
-0.940325497288
2.06718346253
-0.428816466552
-1.44892538034
-0.719251977943
0.6394016166
-0.432432432432
-1.31578947368
0.333016175071
0.887928965683
0.0
-0.880114176974
0.238435860753
-0.545411429926
1.18776244751
-0.655542312277
-0.166587339362
-0.673679234133
-1.60483777183
-0.933179723502
1.27173025318
0.187025131502
1.77254342137
0.166825548141
-0.415331672007
-0.390070921986
0.786275911365
-0.627441695276
-0.106433301798
-0.400471142521
-1.80430256766
-0.288317379772
0.382032877981
0.301904319554
-0.611656087709
1.19117131846
-0.314318975553
0.0465874679711
-0.162790697674
0.0348958939165
-0.22051996286
0.57196218046
0.339657999532
0.364405783472
-0.246247654784
0.12915345779
0.614294152392
-1.54687136543
0.338429221613
0.669642857143
0.495867768595
0.272286018705
-0.412638528649
-0.399248473462
0.721466587818
0.0947081804191
-0.91495601173
1.22298741392
2.23355183297
1.87979223349
6.534914361
-1.33887950084
1.35704874835
-2.55488509436
1.07708279263
-0.580570249
1.81268882175
-0.613577023499
1.82108201515
-1.62155093501
-0.533298647242
0.156331422616
-0.76276664512
-0.154898670453
0.181042286305
-0.514601826836
1.46195013706
-0.493570593584
1.5967273687
0.224837984394
-1.05993195499
-0.766134268277
-1.39564660691
0.30824556897
1.03815208928
-1.87189609067
0.434838214605
1.46638982611
0.103923096908
0.0
0.430528375734
-0.454545454545
0.561577641374
0.75
-0.210084033613
-0.235787267488
-0.287356321839
0.498818587556
0.514579759863
-0.394269943488
-0.743542916775
0.696177590963
-0.7043172036
-0.32501300052
-0.349786241741
0.0
-0.885978428351
2.64926848557
0.516693163752
-0.409024937327
-1.6990920882
1.39400315623
5.17289073306
-0.958904109589
-0.842162455854
1.08471783606
-1.32773336946
-1.58666666667
-1.48430316564
1.68291705623
-0.33280085197
-0.410977064828
-0.026507620941
1.23440225413
0.323058285099
-0.52222817354
0.174379610999
-0.214161424173
0.72805716597
0.528598536189
0.176510522743
-1.40562248996
-0.4
-0.398406374502
0.560897435897
0.930044480388
1.14519427403
0.493218249075
0.898534697263
0.472222222222
0.0
-0.497512437811
0.583819849875
-0.332502078138
0.725648897572
-0.139353400223
-0.222469410456
-0.208130983766
0.208565072303
1.31004366812
-0.46270330903
0.0280504908836
0.436681222707
-0.126617895329
0.140884756269
-0.238931834153
0.409257691222
-0.895104895105
-1.65061898212
-1.45045411414
0.888949671772
-0.544069640914
-0.956486595716
0.310810810811
0.379815518177
0.559268858273
-0.054533060668
1.1724137931
0.207325501037
0.0276510438269
-0.645604395604
0.344589937974
-0.793108163544
-0.068324678874
0.687947165658
-0.68324678874
-0.245365321701
1.14435406039
1.44055944056
0.463678516229
0.08437631838
-0.864352432734
0.476257178877
1.19064493267
0.24154589372
0.442414728129
-0.919117647059
-2.41479232786
-2.99825993843
-1.24256444151
1.00133511348
0.0133529176125
-0.886712546321
-0.145368045461
0.665158972995
0.481219088357
-1.87565582371
0.342195314556
1.49612610206
-0.385894876913
0.0133084908171
0.0133102622122
-0.949241924852
-0.131665569454
-0.183992640294
-1.41228297486
-0.477111540941
-0.10305294345
-0.550858314117
1.49525419321
-0.453015790836
-1.15148413511
-1.35049854853
1.21359223301
0.191987712786
-0.242594484168
0.153452685422
-0.191448627951
-0.165647298675
-0.996593919516
-0.163727959698
1.37895812053
0.797940797941
0.413543551305
0.571874187679
-1.18160801438
0.972636493321
0.207927225471
-0.773694390716
0.077429345722
0.518874043326
-0.61879592626
0.180808472168
-0.794362588085
-0.750254323499
0.0508905852417
1.57663478935
-1.04859335038
-0.114957210372
1.01935483871
-2.03514094299
0.508194638547
0.923195281446
-0.813938700242
-0.493545937737
0.623965363555
0.204159755008
0.862290862291
0.258064516129
0.531845894409
-0.11661052086
0.351059680146
2.21956406167
-0.607661822985
2.02156334232
1.64383561644
0.41265474553
0.0688231245699
0.0
-0.137457044674
-0.60117502391
1.44144144144
1.47679324895
-0.098356048897
0.736022646851
-0.492957746479
-1.55296727676
-0.67483817656
-0.411466191195
-1.07191316147
0.779433884863
0.109514031485
-0.97600650671
0.77868852459
0.301452452727
-0.909708078751
-0.351779190908
0.298547971231
0.135888028265
-0.108592371386
0.848733744011
0.233260153677
1.29256428075
-0.442784004428
-0.151975683891
0.807799442897
-0.719026548673
0.319045637398
-1.95838433293
-0.635135135135
-1.18840966751
0.133707714935
-0.28
0.0934205258241
-1.49861969239
-0.911814510877
-0.0390625
-0.0520562207184
0.707732634338
-1.62454873646
1.35912179822
1.09657814771
-0.197784810127
-1.50649350649
-0.593854892848
-4.81690833129
0.431938788103
0.061743640405
0.235177620993
-0.382244143033
0.160553291342
0.884624968851
-1.63010172815
-0.354176844162
-0.871670702179
-2.89207618152
-0.468055230517
0.766419054357
-0.83021515435
0.340255778482
-0.234109797495
0.541367541485
0.556213017751
-1.62980209546
-0.659188157743
-0.950744558992
-0.941790536707
0.627997259648
-0.0798630918426
0.55064815877
0.693080743907
-0.631313131313
0.414937759336
2.77185501066
0.320855614973
-0.189775827304
0.692702734981
0.347555129434
-0.453352421856
0.672591880855
-0.727316084416
0.491253294992
-0.239062873536
-1.0057981304
-0.31847133758
2.2061482821
0.838803792852
2.38984316654
-1.7247706422
1.46456497456
0.511477045908
0.250125062531
0.0750938673342
-1.23609394314
0.484411874301
1.3596877754
-0.575791713606
-0.634328358209
1.01771579344
-0.412912912913
-0.361550928812
1.91867852605
-0.731584258325
-2.30437461491
0.470471709793
-0.431459566075
0.707635009311
-1.0320678216
9.83805668016
1.35412392286
0.0273635244219
0.508800880088
1.52170878124
0.575680988486
0.792527596943
-0.268172194778
-0.239369191777
-0.112517580872
0.537330316742
-1.35304784489
5.2562032007
-1.37561540689
-0.989247311828
-1.09188882586
0.170454545455
0.700901158633
0.430972561414
0.476327944573
-0.244780417567
0.652173913043
0.641773628938
0.380673499268
-0.160795205379
-0.175105793083
-0.131157097056
-1.66236744053
-1.42675519141
-0.575842696629
-0.0140429714928
0.126546681665
-0.238462617478
1.35058288314
0.342368045649
0.257437070938
-1.43783478996
-0.935623516269
0.237961926092
-0.362622036262
-0.0278862242052
0.51857042747
-0.20979020979
1.28913443831
-1.28653335198
0.224246671338
-1.68113545542
-1.09036390895
-0.217598259214
-0.822767736714
0.33834077683
0.873720136519
-0.231544538273
0.424018602106
0.0547420281922
-0.854816824966
-1.40468227425
0.133958472873
0.0670241286863
0.241870464929
1.1278706346
-0.594353640416
-1.12194470415
-1.38303477345
-0.0394996708361
0.197889182058
0.797872340426
-0.357758049556
0.0530292986875
0.0397877984085
-0.46204620462
-0.065963060686
0.35747385145
-1.1387434555
-2.63795080923
-2.02272443501
0.250344223307
0.541152781274
0.277637556789
0.367321089297
0.0126678489992
0.126839167935
0.0
-0.0507099391481
0.381776533469
-1.26900364367
0.214051876102
0.0
0.659062103929
-0.366207854527
-0.389937106918
-0.73667124485
-0.768182381365
0.52310374891
-1.36363636364
0.0245760629147
-0.31847133758
0.20866576654
0.394331484904
1.14670322822
-0.223852754632
-0.703877500617
-0.589246255831
1.85046261565
-1.12498454692
0.409632571996
0.952380952381
0.301659125189
1.27291242363
-0.367786937223
-0.202506011897
-0.302839116719
0.60936904913
0.587409015451
-0.0510529674537
0.307258993727
-0.913357858683
0.0253774901662
0.587109125718
0.410098679995
-0.560723843507
0.396622313204
0.295136661106
-0.421671351904
0.397690827453
0.68457762852
-0.219100399536
-0.115859938208
-0.218368657675
-1.01716465353
-0.894657258065
-0.251382604324
0.823723228995
0.126887450831
-0.555205047319
0.96827621353
-0.456563094483
-0.805132721097
0.607518035692
0.40665904181
-0.341945288754
5.70281124498
0.538358008075
0.418975537235
0.162447542981
-0.0811578520222
-0.457789147704
-0.509042196919
0.013397642015
0.134156157768
-0.0670331143585
-2.40743163679
-0.533576262363
-0.0910154726303
0.0910983862571
0.339514233481
0.459136822773
-0.157170923379
0.183702926125
0.118234366789
2.1744966443
0.566954643629
0.570187347271
0.890289001507
-0.218668853355
-0.408329930584
-0.447154471545
-0.966183574879
-0.281011641911
-0.585339896235
0.534973920021
-1.35883905013
-0.250032899066
0.943145589798
-1.41435306443
-0.0261848651479
-0.676202860858
-1.13139624582
-0.243683468001
0.762470922719
0.272126474018
1.03430217334
0.381127612038
-0.444851498103
0.196643943367
-1.52336689904
0.388802488336
0.534201954397
-0.104125992451
0.43137254902
0.354191263282
-0.625733281189
-0.0130344108446
-0.570243649559
-0.155279503106
0.259470679813
-0.644496004125
-0.218649517685
0.60817805383
0.363636363636
0.0389762245031
-4.32566811684
-1.34886572655
-1.47396399662
-1.00466451381
-0.959488272921
0.416319733555
-0.166251039069
-0.847756976333
0.176928520878
-0.679475164011
0.838747784997
-1.0520163647
0.848756336202
-1.55506556806
0.186024880828
-0.761509172724
-0.264672036824
-0.183781300253
-0.82023239918
-0.181942233341
0.906483075158
-0.22896393818
0.045813767037
-0.705106334584
-0.0341064120054
-0.531493836933
0.408765754513
0.697461696776
0.969752943893
2.04995287465
-1.23341866418
0.750293083236
0.305738476011
-2.46587911458
-0.263097689316
-0.285160260066
0.0570645971239
-0.227738556138
0.849793293523
-0.377531174923
1.13386555594
0.208695652174
0.19749070632
-1.20509583381
0.322394933794
0.069132388524
-1.375
0.0682283375028
0.205104831358
-0.397230734309
0.0
1.02040816327
-0.751024123805
-2.2795507617
-0.321436488583
-0.71530758226
-0.230566534914
-0.4372540446
0.340024130745
1.06418357167
-0.726312314295
1.31564276954
0.0781075652756
-0.477512493059
0.0
-0.14415613218
1.41700404858
-0.168406871
-0.0561041292639
1.78163544998
-0.239261706734
-0.29535385664
-0.136131593874
1.48514851485
1.03524485286
-0.324637681159
0.571361940299
0.822948506936
-0.3981264637
-2.76670841398
-0.498470601563
-0.21478634411
-0.684854608735
0.360563380282
-0.448681996635
0.507328072153
1.23259529788
-1.28436232537
-0.671441360788
-1.79140564897
-0.175534832693
1.36788256228
-0.783405053514
1.92307692308
1.25256205876
-0.475974614687
-0.942972608891
-0.0112246043327
0.0786340148281
0.101203193523
-2.97839842898
-0.326228795128
0.568678915136
-0.261780104712
-0.14159677595
-0.108802089
-0.680786686838
-0.910161687547
-0.203034836504
-1.22440363099
0.905314730003
-0.318505149167
-0.0636604774536
-1.66927490871
0.461167592496
-0.219619326501
-0.208724692131
1.54726579059
0.201762769459
-0.233075537663
0.436263034688
-0.2970507108
-0.496146943946
9.36273377973
0.394065832174
0.407308274177
-0.197444831591
0.0116157509583
-0.0464414257518
0.186111434221
0.209814663714
-0.660027790644
2.93206197855
-1.1662151019
-0.188124632569
-0.468110005851
2.61798967215
0.531208499336
4.17557539932
0.366069174451
-2.47445525052
1.27166188755
0.703075957313
-2.35380654652
-0.15911872705
-0.499330166849
1.07090103397
-1.8247734139
2.16049382716
-1.36385776912
-1.54657714902
-0.239205836622
0.420369925534
1.27721688359
0.146181020831
-1.99379178606
-1.24970525819
-1.58951154426
-0.634078856352
2.46898995865
-2.31940918532
-0.299125632766
1.15210054696
0.174865936116
-0.0815375655213
1.08324502531
0.520771688957
-1.81289947705
-0.243450034779
0.220750551876
0.784543325527
0.364320131625
0.913187855787
1.94656027083
0.012091898428
1.14970645793
0.801380840833
1.12205460666
0.0249407656815
-0.0249345468146
3.3900489817
-1.17197452229
1.71028763928
-0.155239327296
3.12166488794
0.066746762782
-0.33262373603
-1.23521681997
0.488577842335
0.29135213879
-2.49225206612
-0.743399128429
-0.255689082076
-1.79535467671
-1.92094569634
0.794340325183
1.87128587685
-0.113665066936
0.0758341759353
0.71283095723
-0.908173562059
0.227560050569
-2.80167117228
1.35757877693
0.425265791119
0.125234815279
-0.112584438329
1.24113475177
-0.891176101418
-1.64197530864
-0.356747447411
1.0064612326
0.852130325815
1.78571428571
-0.114664288444
0.102027802576
-0.65881160522
1.25721616421
1.88210691413
1.36459989401
-3.16869788326
-0.599336903851
-0.834597875569
1.99922610602
-1.24824863075
-3.01420630019
1.86233798918
1.91074634522
-0.839267548321
-0.430488731324
0.406814136791
1.0274852299
-0.115458627325
-1.51610865445
-2.66847024102
0.506735879372
0.923038543096
-0.434674615002
0.411522633745
0.388082123185
0.364367382837
-0.945861854387
2.39582005862
0.268336314848
-0.735667174023
-2.29272524476
0.0495970241785
-2.71411338963
0.680106873937
1.42892338014
0.682128240109
1.89561481107
1.68337188383
0.894593543368
0.351288056206
-0.0520156046814
-1.2076053443
-0.903882877148
1.28949065119
-0.270061728395
1.40845070423
-0.350877192982
0.825471698113
-1.73812282735
0.634879502462
-0.7075775119
-0.166966349859
-1.01703534198
-0.493358633776
1.9605314072
1.85233841303
-0.678496868476
1.09484236908
-0.472627018511
-0.949284785436
-1.10596707819
0.257864878804
1.71803278689
0.0262363898727
-0.1702462022
-1.47096774194
3.52658295485
-1.26615668689
-0.236842105263
0.969841902484
-0.370615486433
-0.748817656332
1.22340425532
0.30678938242
0.901749663526
0.242849433351
1.50643659271
0.0822368421053
0.731740991302
-0.192917183409
3.2877882152
1.07898144152
-0.11495904584
-0.272284322155
1.89836448598
-1.41088396199
-0.558339298497
-1.66126988596
3.48193473193
-0.40626813697
0.291036088475
-0.434656621269
1.96483971044
-1.38403263403
-1.16630669546
0.739773716275
0.305543430816
-2.2332859175
-0.706214689266
-0.351864883885
0.140944326991
1.89573459716
-1.2200312101
-1.13604488079
1.29279727234
0.342124019957
0.573476702509
-2.9632721202
0.0974794596853
0.885080078674
-3.1301034295
-1.21000268889
1.0597826087
0.877192982456
-0.109529025192
-0.612328207919
1.43547273982
1.59865376525
0.877068892347
-0.310252432661
-1.89540675152
2.19143220698
0.0141402714932
0.0
-2.45517241379
1.25698324022
0.674915635546
0.409431032049
1.56294809292
0.794912559618
-2.7957291374
2.49100071994
1.12114152592
-1.80154418073
-0.299358517463
1.84378629501
-1.2189875233
1.27814088598
-2.34042553191
-2.99944964227
2.80056577086
2.46376811594
0.627096397842
-1.66355944357
0.40316774658
4.71954161641
-2.91318986971
1.36518771331
2.72865853659
1.5479876161
2.53968253968
5.05252626313
4.5319853582
7.23364485981
-1.40066347217
-8.9902717209
0.421088091629
8.57717629846
-4.52243757639
1.38077535847
-1.77360459051
-4.21385742838
3.17924041932
-5.44361390965
3.23771179332
-1.25890342886
-6.12657440522
2.896
-0.0799360511591
-2.72161741835
0.296365621588
-2.28623685414
1.68939863608
3.46375881976
-3.8099645226
-0.184757505774
4.11991022764
4.94616419919
-7.74483936055
2.17253409451
3.71710526316
-2.20363519382
5.78526459078
3.48652931854
-7.3572593801
-3.09832437559
-0.597108736644
-3.44409042634
-1.5239802779
7.34562951083
2.44824186658
0.247076264207
2.65471761921
-1.18629908104
4.30463576159
2.19056099733
-2.38178025035
4.31628581792
-1.60599571734
0.737012403379
-4.61248285322
-0.443837487197
3.29747839887
0.158954433063
0.443498314706
1.67748917749
-0.108108108108
-0.43057050592
0.668231894528
-3.14850446038
-0.643030935002
-2.78763304612
1.17948717949
-1.16573745565
1.92870673325
-0.870604301809
1.45479736751
1.15627189909
1.47555555556
2.19840116279
-0.235635309045
-2.21552640907
4.63649851632
-0.589970501475
0.332963374029
2.19281663516
-1.23226288275
-0.796443785886
-2.58029592205
-1.9982316534
5.13106525376
6.26234689846
-1.97521301317
1.57356412274
-1.37730358875
-1.60335941974
-3.17871003511
5.931871574
-0.409436537337
2.64158495097
1.11290975314
4.21762969211
0.593975392448
0.148714680263
-0.380952380952
4.05197093151
-4.19831223629
1.69491525424
0.604360025901
1.91377034756
6.11577964519
-0.649350649351
-3.79294957608
5.43401552576
1.62562754004
-0.570477775137
-7.51813585403
-2.79914529915
-2.5
0.0
1.11649462819
-2.64561115669
-0.894308943089
3.64440699389
3.35292836926
-6.87347931873
2.11180124224
-1.46878824969
-3.93885949442
1.39082058414
3.45323741007
-2.15205148833
-1.83613030602
-2.83905620564
0.0383803492612
0.0576036866359
2.51968503937
-1.12884390814
-3.29380764163
-0.412371134021
0.774461654703
-1.47031453564
-1.88093498904
1.76547110203
3.540504137
-2.47701257272
0.433471541651
-2.12137981922
-4.89473684211
-0.610287707062
1.41467727675
-1.68636995828
-0.138888888889
-0.483759502419
-1.02599179207
0.0855724798905
-1.20054108894
0.629572911349
-2.19670494259
1.65792590086
-0.705526625231
4.54864769933
-1.725923369
0.0345303867403
-2.21171703529
0.389830508475
1.37457044674
2.91777188329
0.856072766185
-3.17734415472
3.33690221271
-0.901856763926
-0.963222416813
-3.69370888851
-1.11741160774
0.773109243697
-0.584795321637
-1.78864456843
0.411929477673
0.580046403712
-0.198478332782
-0.198085176626
-0.688524590164
2.84943517113
1.54083204931
-1.06707317073
-0.455235204856
-0.101061141991
3.3060727336
0.718541885734
-0.730688935282
-2.41086587436
-0.607492406345
-1.16744496331
-0.232945091514
-1.05367138624
0.813278008299
-0.692269655513
3.2505105514
-0.440528634361
-0.118463360975
-1.17076434186
-1.15721606877
-0.230908791028
-2.20967741935
-2.20820189274
0.762873490146
-1.44110275689
-0.560747663551
-0.726766661512
-6.85582601181
0.0144050705849
-0.700901158633
0.0429307384087
1.68800931315
-1.68812589413
-0.879183210437
-2.24563349044
0.152714146883
0.278435194209
-0.78729281768
-0.685871056241
2.80637427725
-0.602747406784
-1.36872666943
-0.371900826446
1.79472798654
1.76940639269
-0.383795309168
-0.62155671705
-0.617717253966
-1.94107929515
0.110253583241
-0.165107319758
1.7642117054
-0.293173251431
-0.403225806452
-0.249653259362
2.82373074729
-0.651742703315
-0.619543790482
-0.462508759636
-0.474264193053
-2.03607543045
-1.62656271004
0.527027027027
-0.751072961373
-0.160685591859
-0.928628283364
0.654292963012
0.361833288663
0.107324926214
-0.573562758437
0.739048642838
0.431848852901
0.406504065041
-1.6131182509
1.44711928591
0.189701897019
1.72294968987
0.861949117197
-1.4927417146
-1.230894089
1.0801203172
-1.86502079699
-0.267630135153
-0.200320512821
0.308104487609
-2.50750946846
-0.260518431679
0.986582478295
-0.393081761006
0.487162606978
-0.497838333552
-3.12222363244
1.24646620406
1.30174433741
1.07894736842
2.06822455009
-1.35135135135
2.59616691586
-0.955842757135
0.297056440724
-0.0135007425408
-1.8420355155
0.0663042036865
-2.31865284974
-1.01295037825
0.0384812724474
0.971376764668
-0.142265907915
-0.897205844655
-0.964711855801
1.25964010283
0.711974110032
0.795929018789
-1.40228997813
0.154619250097
-0.385059684251
1.51140065147
-0.891012396694
-1.51341727076
0.280576457085
1.63318211277
-1.39314928425
0.423565652676
1.03747892621
-3.29821921244
-1.16509667824
-1.30886850153
-0.195336344769
-0.955259975816
1.19921683798
1.55337392817
-0.61751265901
-0.564902370134
-0.646656905808
-0.27983939652
-0.436099333737
-1.07849011384
-0.808272910971
0.274135876043
1.48784323213
-0.421585160202
0.630303030303
-1.39835066332
-0.0716589036188
-0.699715370019
0.404858299595
-0.0832837596669
0.322272618763
0.335329341317
0.155931390188
-2.05592105263
0.472143531634
2.44256348247
1.49729995091
-0.427715996578
0.245007962759
-0.814094775213
1.91950464396
0.323021493353
0.0621581302834
0.0124331717021
-1.31288343558
2.89104910996
0.853068500127
1.30272152715
-1.51168699187
0.127194098194
-2.05556247664
1.37661025511
-1.60308189387
0.411779386074
-1.19590679324
-0.502944062807
1.0411502231
1.21691130348
-0.44960659423
0.413844996238
-0.511540860886
-0.533631173989
-0.677924318994
0.16049382716
-0.024685262898
-1.7224648229
1.38974295905
-0.829369435297
0.52721922511
0.369185331036
-0.147456377488
0.147674132414
-0.489835904972
-0.632757361889
-1.7808055456
2.08638360176
0.146627565982
-0.619307832423
0.906751623576
0.840232299518
-0.0864197530864
-0.442477876106
-3.46464167062
0.84958717243
-0.333929636255
-0.403848438057
-0.189685832839
0.824766913698
0.855937311634
-0.646784045994
0.252161383285
-0.786275911365
-0.533238535371
-0.717647058824
1.48042024833
-0.166865315852
-1.60666119385
-0.501750291715
-0.406740267286
-0.612150612151
-0.983531564501
-0.60247811754
-0.30598368087
-1.22019478339
0.744332919815
-1.26934639795
2.42928832117
1.25880586673
2.78964862298
1.94844487474
-3.88507618937
1.09360301035
-1.61962054604
0.99310667134
1.07463391592
0.0
0.785527255415
1.79307002665
3.71952751948
-1.38785625774
1.39464756879
0.151000377501
0.378931413414
-2.77538990544
2.67305510024
1.588318176
-0.850901701803
0.510594842992
2.94349540079
1.8196414236
-0.240256273358
0.173820029416
-3.40953118946
-1.11111111111
0.204760685948
-2.04337470227
-1.37240356083
-0.185116623473
-0.184774575018
-0.355959248803
1.79932525303
-0.112331502746
2.48145305705
-0.912547528517
-0.101291466194
0.624283348197
-0.632991517914
0.560152768937
1.13299858375
-0.601484514973
-2.95578738202
-0.861856685545
-1.1441090555
-0.12156576708
-1.54398563734
0.602046959663
-0.0120394895257
2.60654725139
-0.332430435853
-1.1801922375
-0.133657351154
-2.89085545723
-1.64790530347
-1.31699496106
0.599078341014
0.126888914523
0.405374102386
0.935234977788
-2.13934332456
0.229331498681
-0.897727272727
0.31919744642
0.492610837438
-0.840622515052
1.0561359201
3.5790725327
0.107130103559
0.0
0.695193575452
-0.784873349982
0.574094007894
2.200220022
1.42573766427
-0.518006906759
0.783095090118
-0.371517027864
1.21584356982
-1.50617283951
1.69491525424
1.40038192234
-3.03666214048
-1.05044582875
-1.92860565405
1.63136109082
-0.737160120846
-0.253134040501
-1.16750059566
-1.08413858119
0.271771239513
0.0591156301726
-0.43555032372
-1.30126641106
-1.53300537696
0.993645291739
-0.0923467620917
1.28609844499
-1.64443422263
0.89337510152
-0.9765625
-0.149133876334
0.53050397878
-1.03857566766
1.06113033449
-2.43079000675
-1.14584492157
1.11361079865
-0.291610587707
1.03116147309
0.113442994895
-1.11061251963
0.0785898731335
-0.0785281579538
-0.579968770912
1.25352907962
-1.02827763496
-1.19271120928
0.121627598408
-0.506050605061
0.475295678125
0.110656191214
6.23016339485
1.00926145809
0.285782329126
-0.966981132075
-0.586166471278
-1.99908088235
0.810748204772
0.559049615653
0.656506447831
-1.10144927536
-0.28901734104
0.301484230056
0.046403712297
2.32668566002
0.345443716498
-1.87025131502
0.635219385955
0.129564193168
1.56717310683
-1.26387904559
0.308056872038
0.21372595583
0.285782329126
-2.40557815224
-0.531730435788
-0.494593972855
0.0690607734807
3.19515381874
-0.578649031649
0.677683985257
-0.249051233397
-1.1488862837
-0.629077353215
0.034960960261
-0.68287037037
0.0347342827371
-1.1106022441
0.936091528949
-0.219095940959
0.289117613045
-0.620618319733
0.311275074937
-0.0230520977409
0.254217702796
0.278099652375
-0.564581172946
0.138456213223
0.0
0.615277455305
-0.104372028296
-1.05565117613
-0.672441303852
-1.03767200541
0.704225352113
-0.0681044267877
-0.0453823462673
0.204638472033
-0.0908677873694
-1.39993280323
-1.14038972542
2.05649717514
-1.19459640505
0.426056732818
2.00137236962
-0.545950864422
0.148080646999
0.0455840455841
-0.227401932916
-0.385094574697
-0.563126478207
-0.760031295406
-1.44304912976
0.353747512713
-1.45969498911
-0.108813928183
-0.108695652174
-0.357413625041
-0.431359861965
-0.247418244406
1.04347826087
1.92776423665
0.255470398756
-0.243767313019
-2.1468068958
1.95666592969
-0.941743320193
-1.60543044931
0.672524134939
-0.227272727273
-1.44
0.62251797789
3.510721031
-1.74653422115
0.648209184795
1.69832402235
2.22729868646
-1.28537602886
-0.325915936165
-2.16602528862
0.275633958104
-1.5628391578
-0.47526463599
0.335970521296
0.162831089883
-0.775527789746
0.400129771818
-1.10160427807
0.397294105015
-0.544639043144
0.267694613984
-0.458324451077
0.676038201524
-0.032181935207
-0.618336886994
1.54812168453
-0.527676071505
-0.0860770389499
0.129282482224
1.498086386
-0.44633137383
-2.02645051195
-0.170357751278
-0.212494687633
-1.89701897019
-0.549393593863
-0.781651753574
0.020574015019
0.299215848122
0.0929464009088
0.654885654886
1.34850400337
-0.71129707113
-0.406292322117
0.292550412705
0.198911222781
-1.16916709778
0.666597229455
0.576157552902
1.70466652461
-0.0851607408984
-0.813008130081
1.22915775973
1.15688182506
0.565401761444
-0.776782824469
-0.140056022409
-0.695410292072
-0.964187327824
3.21522309711
-0.0218674830527
0.837927232635
0.0882807327301
-0.253164556962
-0.0659993400066
-1.14180078295
1.35567067122
-0.624315443593
-1.39323901069
1.7137207514
-0.600567809565
-0.217912399216
-0.842696629213
-0.931178422348
0.678879310345
0.498158977691
1.59533502035
-1.47425474255
-0.827778972264
-0.0966598646762
-1.83447548761
-1.88269370022
0.551279384231
-1.13122171946
-0.745126058998
0.358533087482
1.09776304888
0.709219858156
-0.322278823162
1.27395241103
-0.513250235676
0.919661733615
0.350058343057
0.0212201591512
-1.65901502504
0.482281400713
0.326075523299
5.71555654398
2.10036330609
0.582391229873
0.493458801928
0.426414659445
1.75911809546
-1.05592944999
4.80359965949
-0.628398791541
5.29329431225
-4.95827790543
5.70113767097
-3.68135927112
-1.59922461837
-0.924258792462
1.43674662121
1.4827628815
4.53371221906
0.715493690647
-0.103963612736
-3.41408309276
-0.772200772201
2.68576544315
-2.27471566054
-2.54567600487
0.036554161082
-1.09664979513
1.67871584365
2.84814114682
1.62653688525
-3.09048032767
1.6527882917
3.40508806262
-2.0071592943
0.526924559825
-2.05186304129
-1.47587746496
0.12417732522
1.66645625552
0.0
3.75949698716
4.71879286694
-1.47317205028
-1.59595690916
-1.42894598846
3.64130434783
-1.24781966993
3.81668756094
1.21246299168
-1.4997916956
-0.716944712533
-2.83991962492
1.12435654294
-3.77997914494
0.392567390735
-2.47575293517
0.719794344473
-1.38167068069
3.9667896679
-3.16488004084
0.849420849421
-1.24555160142
-2.2365805169
-2.06862983694
6.67185877466
0.0259672812257
-5.392457929
0.506172839506
2.50569476082
3.25362602901
-1.96003074558
-1.98392767454
0.428751576293
-0.489396411093
-2.61517780765
3.58227848101
-1.64342629482
-2.39397253615
0.513008427996
0.0
0.0
1.7903767251
-0.13657809784
2.74269677255
0.719516895799
3.03150648663
-0.77499014843
-2.04580545548
0.621439668566
-4.68904244817
0.921544209215
0.67703109328
-1.44569380946
-1.46109825886
-0.315572278189
2.39870743226
-2.11678832117
1.99776647227
1.48595894724
1.14635078334
-0.443824499112
-0.012679092177
1.34926754048
-3.10048561823
0.3875
-1.19797455848
-1.49635036496
-0.0972289742343
1.39248305607
-1.1691633175
0.464945552429
-2.10803689065
-0.819672131148
0.453460620525
0.515773059854
-0.596160724931
-0.510083036773
0.632684732004
-0.605125771239
0.813397129187
-0.747952036092
-0.987422122958
-0.850815850816
0.175131348511
0.0467235136082
-0.37239613639
-0.63598519889
-1.2559945193
0.137205579694
0.137394092054
0.726559797025
-0.732684602175
-0.0915017728469
-0.34195828109
0.194152581087
-0.375469336671
-0.0909400932136
-0.0568052715292
1.00986917604
-1.01101897081
0.0454597113308
1.126307321
-0.730176839703
0.102786660576
-0.0456621004566
-0.182315405652
-0.159271899886
-0.340136054422
0.147609855797
0.341802438191
0.194063926941
0.125728654703
-0.0342778793419
0.528371238227
2.48381400824
-0.608400608401
-1.43005420367
-0.103686635945
-0.845327850126
-1.36338028169
-0.135028693597
-1.25555555556
0.491290754801
-0.200579451749
0.436485730274
0.494882465414
0.383877159309
0.124349988695
-0.740574506284
-0.0224366165582
0.780101752402
-0.360482144869
-0.493218249075
-0.0224139863275
0.495551300822
1.08151183971
0.653145410794
1.08884512916
2.06904705604
-0.902167545401
-1.73842965692
1.36538685961
-0.821759259259
-1.20068610635
0.367267301733
0.380184331797
-0.777320530407
0.401698611271
-1.5368968245
-0.349099099099
-0.582176444245
-0.0447627573859
0.0
-0.267857142857
0.0893655049151
0.145430137599
0.811999548889
0.749914782411
0.513933302878
0.332302051106
0.160679444508
0.461201429724
1.04858441105
0.0582886453719
0.503807850029
1.1975337918
0.993892946952
-1.12479280133
0.392250089148
-0.790094339623
-0.211814544599
0.235904694503
-1.10813017613
1.51568975725
0.0473877502666
1.88292094146
0.278382958122
0.133317173676
-2.50502185986
-1.01754385965
-0.581395348837
0.962667292792
-1.78715554018
0.696621386277
-0.840432880497
-0.663311985361
0.14889474287
-0.580733318151
0.319853781129
0.933932895192
-0.115167568813
1.1415259173
-0.382919470875
-1.12436897659
0.0
-2.72321428571
0.358422939068
-0.468227424749
0.145137880987
0.651758624565
0.0337230215827
0.804532577904
0.455321570859
1.66647378776
-1.3471857518
-0.578887627696
-0.988986289054
-2.07989435457
0.0440383133326
0.933437048561
0.705013428827
1.26926563917
-0.574647887324
-2.03112926372
-1.22124086795
0.471078001753
0.0548065329387
0.0328947368421
1.243339254
-1.76663031625
0.317251941801
-0.316248636859
0.0763941940413
0.0436728900535
-0.758478708419
-0.119047619048
0.108342361863
-0.259347309272
-1.2801365479
-0.530560271647
0.372776653531
0.729535457569
0.571860164005
0.76103500761
-0.915652267586
0.259207257803
0.314192849404
-0.14064697609
0.73016564952
-0.907127429806
1.0034904014
-0.0762942779291
-1.64022298456
0.495582848524
2.3712363516
-0.54842601733
0.396432111001
-1.35781012383
-2.04298786976
0.213265088505
0.374612008991
-0.213606749973
0.0534302201325
0.396953116618
-0.554785020804
0.969514165679
0.259207257803
-0.247791424262
0.432806751785
-0.932575838782
-0.267265341031
-0.255918106206
-0.688340569734
-0.558129738837
-0.429904582154
1.52224824356
0.707547169811
0.48475708284
0.0862533692722
-0.0431080935446
-1.52817574021
-0.61174981542
0.073886426008
1.93673337637
0.443099535286
4.28265524625
0.384658898065
0.660517025396
-0.249914801772
0.490867579909
-1.8487394958
0.314712824548
-0.703125
-1.38674884438
1.6558514209
0.937323546019
-0.292759824344
-0.414891231218
0.112258643916
2.02725919139
-0.806634855715
-0.542372881356
-1.19459640505
0.617838687935
0.0899482797391
-1.4842711564
0.2109002109
-0.243605359318
-0.68184317607
0.30888030888
-0.329851566795
0.719822812846
0.199733688415
-0.705156456589
-0.208905992303
-0.611954977598
-0.391858060303
-1.93210930828
0.601374570447
0.67027027027
0.23840485479
-0.806191551113
-0.873734683005
0.892281229843
-1.17922022735
1.10633727175
-0.096576885932
0.128935210057
0.464162348877
0.937023316627
-1.15239633818
-2.03629457691
0.116193091793
-0.733983432945
-0.125667609174
-0.0104712041885
-0.943885489057
-0.495407162762
0.63356875779
-0.82406262876
-0.215849522047
-0.31762295082
-0.489396411093
-0.668422118696
-0.593979663747
-0.160820182933
-0.18059596669
-0.91460383736
-0.0596125186289
-1.13937727139
1.00198412698
0.248632521134
-0.994486018117
0.783963481195
-0.709429500443
-1.16856558574
0.459792604187
-0.428599259692
0.0389787565777
-0.811907983762
0.58331713008
0.0778361548939
-0.435919790759
-0.91188327894
0.998545807077
0.418613707165
-0.79196445818
1.75921375921
-0.547356074675
-1.21656850439
-0.413461538462
0.22164402043
0.47443841983
-1.12015318334
-0.200649722912
0.114788597666
-1.10680162709
-0.094509025612
0.646818225055
0.0380626129984
-0.877192982456
-0.357142857143
0.939189830187
0.218672751474
-0.45428733674
0.686106346484
-1.39071603082
1.1885518684
-0.848496276044
0.740811093171
-0.959458188317
0.624704212021
-0.816748028539
0.794852384557
-0.1323001323
0.0378143316317
0.0283687943262
-0.188768286928
-1.61574890891
-0.517321016166
0.529346210996
1.8154311649
-0.367404616109
0.635191505499
0.476281196418
-0.690568536562
-0.0850661625709
-1.48058478443
-0.444980068601
2.85087719298
1.05019751421
-0.0385245112203
-0.84041638812
0.153036824486
-1.40513013957
-1.66002040249
-0.00927299703265
-0.157392833997
-0.175600739372
-1.56477438137
-0.506879073135
-0.0180995475113
-0.0813816800796
-0.816143497758
0.387143243
-0.287278929886
-0.295381310419
-0.25890545487
1.10118241719
0.344171723576
0.126961095493
-1.1829016937
0.413929631963
-0.26027643152
1.04289471298
-0.307386312268
0.53626613343
1.31688000737
-0.0736173737002
-2.19602196022
0.270733688295
0.535293050263
1.09144272219
-1.95143884892
0.153111771593
-0.78634617103
-0.938302204125
1.2548176033
2.56480970767
-0.739118532713
1.94418604651
-0.683665927568
-1.31291028446
-0.507982583454
0.813900320073
0.0365931753728
0.533431435666
-0.657834627684
-1.87376725838
-0.526174975475
-1.07631230701
-0.0705280789915
-0.960447044442
-0.529789821087
0.252503265128
0.446038131887
-0.261688764829
-0.727398683755
-0.611068078148
-0.077399380805
-0.402569593148
0.361041863664
-0.18876018876
-0.307929176289
0.257267815796
-0.196850393701
-0.502426977774
-0.827632801284
0.126839167935
0.288331071913
0.357446808511
-0.280064499703
-0.716211661611
0.312737722931
-0.0591316100693
-0.244375158001
0.892705322224
1.52783772119
-0.0431406384815
0.250843352651
0.16461618437
1.76335743255
-1.09008459056
0.236013986014
0.0612262748185
1.41932050031
-0.238938053097
-0.282386163078
-0.228913541116
0.317965023847
-1.1610650371
-0.278575781318
-0.147774687065
-1.45622751413
-0.722850582533
-0.943475697077
0.431472081218
-0.337268128162
-0.528390505745
-0.583673809722
-1.12127957787
-0.230319980258
1.29989167569
-0.908265213442
0.256622516556
0.499168053245
-0.381236532405
0.365995674597
0.67833514781
-0.175555927102
0.352348993289
0.548291859975
-0.71189279732
0.598196983739
1.30590645271
-0.348728417113
-1.48315736551
-1.14314115308
-0.560131795717
1.31864463362
-0.926079047462
-1.37008644593
-0.179094757408
-0.332657200811
-0.444264943457
0.487012987013
-0.234836828893
-0.747468252692
-0.400256163945
-0.287356321839
0.392659668243
-0.842272546683
-0.0397140587768
-0.332488917036
0.158579130986
-0.794462361362
0.569575191836
-1.23447144308
0.0312622118015
-0.31941414771
-0.178863053115
-0.924570459974
-0.0462071621101
-0.215169445939
0.0615148019992
0.673478866698
-0.897583429229
-0.511372309571
-0.160024384668
-0.696178584941
-1.01123595506
-0.00749007564976
4.56610275689
0.85308056872
0.110706942907
-0.291729086178
-1.38402923567
0.031111456794
0.799686397491
0.615287528595
0.150102701849
0.118642727201
-0.963496788344
-2.83887662684
-3.24742268041
-0.447181291694
-0.226740784084
-0.0584795321638
-0.138696255201
-0.940053510738
-0.760674560459
-0.0502080045904
-0.591800356506
1.53478607109
-0.231130371975
0.595800334229
-0.0145296040683
0.746541755105
0.131916452913
0.198266999559
1.11375111375
-1.98675496689
-0.744004622941
0.20266357846
0.619037215061
0.23359369297
0.37368112544
1.31393363522
3.44801105821
0.977047146402
-0.654803173869
-0.337811900192
1.71807887544
-0.109212887121
3.46246973366
-2.22537878788
-0.502512562814
-1.19472459271
-1.09721476253
0.485736314572
-0.977248434876
0.413983440662
0.230520977409
-1.49863760218
0.242792109256
0.949754901961
-0.760109455762
-0.00760051683514
-0.476550680787
-0.549161212668
0.0526870389884
-1.10168229865
-0.289467824538
1.90605854323
-0.3542357552
-0.87411281285
-0.171539379475
-0.0223696965178
0.411799940102
0.792393026941
-0.0452591083956
1.3454628851
0.754833243472
-1.84471157481
-0.354075636583
1.15065152785
-0.906139092351
-0.518329326923
0.528621054221
-1.22333283604
0.72883011496
0.188196326408
-1.01341281669
-1.07621996167
-0.637222588442
0.389705882353
-0.102835316586
0.206094509053
1.08630952381
-0.326312666864
-0.736160188457
1.39583488841
1.19344361357
-0.57078482914
-0.701021701842
-1.95949404109
-0.697015900675
-0.642042995239
-0.194398444812
0.652221175447
0.980607391145
0.0659050966608
-0.488231436275
-0.232642675391
-1.10719677906
-1.22150415453
0.492435055667
-0.348481615817
0.947663148826
-1.31075527845
0.22012355322
-0.360832036225
-1.03626943005
0.273818717967
0.58615819209
0.439778692013
-0.106284985474
-0.381167501941
1.02688440419
-0.305701692023
0.249447651629
-0.588068584384
-0.212104072398
0.00707063565014
-0.674204649203
-0.112241318836
0.161607644744
-0.398908251102
0.442851117672
-1.00897641083
-0.642975663717
-0.467932837875
0.241429261226
0.387784779447
0.936604459356
-0.202287946429
0.0279095729835
-0.2574987821
-0.443428254694
-0.110734306872
-0.461559658308
0.742591435908
0.698860856803
-0.389836407936
-0.0556599179016
0.027837706173
0.314158056409
-0.913115661317
-0.461337189286
-0.123787910047
0.345041750052
0.242114001107
-0.0829416643627
0.549030509417
-0.29104012196
-0.475862068966
-0.0413621949538
-0.759389751659
1.8322418838
-0.890699440724
0.36729036729
-0.565049614112
0.304119435997
-0.310066836629
0.00689084895258
-0.281728853157
1.0484654909
0.194796159733
2.02285470935
0.556705445721
-0.454706927176
0.693947631993
0.164815478323
0.301875943362
-1.2211572595
0.192061459667
-0.212947189097
-0.64880112835
-0.37937333146
0.295941375423
-1.5265056897
-0.0901213171577
-0.242047026279
0.0692041522491
0.256712689933
-0.39391845197
0.0691562932227
0.45852438516
-0.0277816363384
-0.0138888888889
-0.152544723339
0.278125434571
0.146229371214
-0.409153952843
-0.476223341846
0.297660251973
-0.124446902655
0.200900588847
0.284840905933
-0.373754152824
-0.255436658612
-0.357707917727
-1.00108962136
0.1022564592
0.672568801043
0.928170672577
-0.352015461071
1.68444693992
0.0421289144783
0.161755397707
0.359966120836
1.79623509125
0.367779620682
-1.07012912891
-0.121134387915
1.93201626961
-2.63772010466
1.99798038084
3.59411193305
0.699774266366
-0.953942465345
-0.0298018179109
-0.61458718993
-1.71033478894
-0.145348837209
-2.36287518626
1.42497301187
-4.20544639779
-2.38239450838
-0.648569136133
-0.992982920694
0.0331103900404
-0.716633793557
-1.08603758861
0.30658838878
-1.12866817156
-0.411073286659
-0.230695289971
-0.319386777387
-0.704046682735
0.350073197123
-0.361491628615
-0.423113356489
-0.314762354422
0.100825508854
-0.911645332501
0.831077252408
-0.332580321285
