164.50
155.31
150.50
145.50
150.75
153.00
154.38
155.94
156.50
157.94
158.00
153.50
150.25
153.00
154.25
151.63
160.00
161.00
161.13
157.00
164.56
168.50
164.50
162.88
161.44
163.50
162.88
156.63
155.00
153.50
154.25
156.50
154.25
147.88
139.50
139.00
137.63
131.13
126.50
136.00
137.00
137.00
137.75
133.50
129.50
126.63
123.88
123.13
123.75
129.75
128.75
137.00
142.50
145.00
142.00
146.63
147.75
155.88
155.50
149.63
152.13
151.50
148.50
149.75
155.50
146.00
144.00
141.38
139.06
144.38
146.25
150.75
143.50
133.00
135.25
139.50
139.25
142.75
151.00
158.00
152.50
155.00
149.63
151.38
147.63
143.38
144.75
145.00
152.06
148.50
47.75
49.13
50.50
52.56
51.00
50.75
50.81
50.25
49.25
50.75
50.00
49.25
49.63
50.69
53.81
55.81
56.25
55.38
54.25
56.19
55.50
53.75
53.75
54.75
56.38
55.50
52.19
52.75
54.06
52.38
53.44
53.63
56.00
53.19
52.81
51.69
50.88
52.75
51.31
52.50
53.63
54.88
54.25
55.63
55.19
57.00
56.00
55.13
55.13
56.75
59.25
57.25
55.19
56.25
58.75
55.88
57.00
56.94
55.88
58.88
59.25
58.88
58.13
59.69
58.75
60.13
59.94
58.75
57.44
59.00
59.00
59.50
58.31
58.00
56.63
57.50
59.13
58.81
59.00
59.50
58.44
60.00
60.00
59.19
60.00
61.94
61.88
61.19
60.56
58.69
58.00
57.56
56.81
58.25
59.00
60.06
59.00
58.75
61.31
61.00
62.44
61.56
61.69
60.56
58.00
56.94
54.88
56.00
51.44
54.50
55.25
52.88
55.25
55.44
56.56
54.81
57.75
56.44
55.88
56.38
58.38
59.88
58.50
58.50
59.88
60.38
61.31
58.19
57.88
56.94
55.88
57.25
57.50
57.19
56.06
52.50
52.88
51.69
54.00
52.88
55.19
56.69
56.25
53.69
53.50
53.88
54.00
54.00
55.69
56.25
56.44
56.50
55.19
55.38
57.13
54.94
53.00
53.00
53.44
54.19
54.25
54.50
54.50
51.50
56.56
53.25
51.88
49.00
46.75
46.56
48.94
47.94
49.56
50.63
49.63
48.88
46.25
47.50
47.13
46.38
47.30
47.00
47.80
47.10
47.49
48.24
48.41
47.35
46.50
47.90
47.05
48.02
47.00
47.05
46.92
47.30
45.28
43.97
44.70
44.94
44.75
45.50
43.48
42.75
44.00
43.82
43.10
44.80
44.18
42.05
41.00
39.25
40.10
39.80
39.25
39.30
37.00
35.15
35.15
37.50
38.00
39.30
38.40
41.75
37.95
39.06
37.89
37.45
36.75
36.98
37.90
39.30
37.97
38.55
38.13
39.15
42.48
42.71
41.25
41.25
40.50
41.50
42.55
43.99
42.19
42.75
42.60
42.96
43.50
41.30
40.68
42.70
42.50
41.95
42.41
41.75
44.30
44.37
43.60
45.55
45.75
44.93
44.60
43.58
42.45
42.75
42.12
42.39
42.40
42.55
41.40
41.16
41.50
41.41
41.85
40.32
39.25
38.95
38.54
38.95
39.00
40.70
40.75
39.21
39.40
38.25
39.73
39.00
39.90
39.97
39.10
38.50
38.18
36.95
37.60
38.52
39.30
38.37
38.00
37.85
38.00
37.98
38.10
37.65
38.00
39.00
39.25
39.70
40.38
41.49
40.82
40.00
39.95
40.00
39.70
39.71
39.85
39.46
39.60
38.60
38.15
37.42
37.76
36.70
37.23
37.75
38.16
38.03
37.39
36.78
36.00
36.10
36.35
36.10
34.90
33.83
29.00
29.65
27.05
25.22
25.25
26.95
28.00
27.37
27.30
27.65
28.90
29.20
28.92
30.28
29.15
27.36
27.97
30.00
29.77
28.75
29.99
31.00
31.85
30.15
30.09
29.07
30.10
30.46
29.55
30.44
30.57
29.85
29.95
29.14
29.77
30.00
30.00
30.56
32.04
32.45
32.71
32.68
32.75
33.43
33.75
33.83
34.00
33.55
33.58
34.44
34.87
34.04
33.65
33.32
32.35
32.95
33.35
34.61
34.75
34.30
34.84
33.00
32.85
32.40
32.25
33.15
32.96
34.06
34.14
34.23
34.35
34.95
35.29
36.32
35.65
36.00
36.50
38.04
37.50
37.15
37.43
37.55
37.02
36.73
37.40
37.08
37.16
37.48
37.11
36.72
36.10
36.93
36.31
34.78
34.87
35.18
34.90
33.43
34.25
32.62
33.25
33.35
33.44
33.35
35.17
34.65
33.68
33.80
34.00
33.50
34.05
35.38
35.35
35.94
36.46
37.49
38.92
39.39
39.98
40.00
40.72
40.51
40.60
40.47
40.98
41.95
41.95
42.05
41.42
41.10
40.85
40.17
40.31
41.29
40.46
39.90
40.38
39.55
40.05
40.35
41.00
41.35
41.30
40.25
40.55
40.88
41.57
41.00
43.29
43.43
42.89
43.00
42.40
42.82
42.02
41.00
41.08
41.90
42.22
41.80
41.07
41.15
42.71
42.10
41.72
44.00
43.77
44.75
44.55
44.20
43.70
42.30
42.83
43.03
42.50
41.60
41.75
42.49
42.64
41.00
40.48
41.12
39.15
39.16
39.85
38.38
37.04
34.95
36.50
37.65
38.41
37.65
36.78
37.15
37.10
36.00
36.45
36.85
36.65
37.00
36.36
36.88
37.41
37.10
36.33
34.37
35.03
34.35
33.28
33.50
33.90
32.82
31.00
29.25
27.75
30.43
30.05
31.00
33.25
34.88
34.35
34.12
33.02
30.85
33.18
33.10
34.75
35.25
35.20
34.47
36.40
37.20
36.70
37.00
36.62
37.03
37.83
37.43
38.25
36.80
35.50
35.91
35.55
33.45
33.75
34.62
33.63
34.80
36.11
34.28
33.35
33.80
35.25
32.85
31.60
32.08
31.25
31.28
31.48
32.50
32.89
30.92
31.30
32.45
31.25
29.96
28.53
27.69
27.79
27.48
29.95
30.17
32.75
32.27
33.85
33.70
33.75
33.81
33.98
33.95
32.50
33.31
34.25
35.00
36.30
36.17
36.98
36.31
37.00
36.10
35.06
35.25
35.00
35.07
36.08
36.96
37.94
36.75
37.30
38.78
39.41
39.51
39.38
38.20
39.43
38.94
38.62
37.58
38.05
36.55
37.05
36.75
36.45
36.47
36.66
35.98
36.82
36.80
35.50
36.45
37.10
36.66
36.55
36.25
35.93
35.50
35.80
36.69
36.72
37.85
37.59
37.45
37.40
38.77
38.35
38.31
37.80
37.00
37.27
35.76
35.39
35.28
33.27
34.18
35.03
35.16
34.45
35.65
35.25
35.18
34.30
33.77
33.55
33.85
33.18
32.50
32.49
33.60
34.30
34.26
33.65
33.37
32.98
33.07
33.00
33.11
33.80
33.16
32.72
32.89
32.03
32.57
31.88
31.50
32.23
33.39
33.48
35.74
36.85
36.30
37.00
36.90
36.00
35.20
34.80
34.20
33.63
33.24
34.30
35.13
35.09
36.60
35.77
35.00
34.50
35.23
34.65
35.61
36.90
36.36
37.08
36.47
37.87
36.70
36.00
36.94
37.75
37.83
37.86
37.27
38.63
38.45
39.13
38.46
38.58
39.53
40.42
40.55
40.41
40.99
40.15
39.45
39.35
40.09
39.95
39.99
40.72
41.64
41.20
42.00
42.33
42.53
43.46
43.50
43.08
43.07
43.05
43.65
43.75
43.92
44.59
44.01
44.01
43.53
42.93
42.13
42.53
42.54
42.32
42.46
41.34
41.91
41.98
42.98
43.55
44.10
43.45
43.32
44.94
46.00
45.75
45.10
45.25
45.45
44.52
44.90
45.08
44.39
45.85
45.15
44.65
44.65
44.15
43.42
43.15
42.45
43.80
44.35
44.38
44.27
44.95
44.93
45.74
45.50
45.70
45.79
45.61
46.15
45.32
44.79
44.99
44.57
44.70
45.08
45.58
45.34
45.49
45.30
45.28
45.52
45.25
45.20
44.85
44.69
45.20
45.64
46.75
47.05
46.57
47.02
45.85
45.36
44.96
45.35
45.24
46.05
46.88
46.59
46.54
46.81
46.93
47.33
47.93
48.16
49.01
48.30
48.38
47.95
48.28
48.40
47.68
47.40
48.01
46.60
47.54
47.56
46.90
47.37
47.18
46.82
47.10
47.75
46.40
46.10
45.44
46.03
45.51
44.40
43.95
44.45
44.25
44.41
45.10
45.38
45.36
45.76
45.99
45.80
45.94
45.72
45.90
45.56
46.23
45.74
45.08
45.40
46.15
45.48
45.30
45.60
47.12
47.21
47.48
47.68
47.88
47.92
48.33
48.31
48.43
48.08
47.95
48.44
48.48
47.85
47.89
47.80
47.95
48.90
49.68
49.85
50.02
50.25
50.15
49.96
50.95
50.88
50.24
50.95
51.89
52.50
52.26
52.06
52.35
52.85
53.00
52.65
53.62
53.40
53.52
53.69
53.65
53.43
53.10
53.06
53.05
53.35
53.30
53.42
53.35
53.35
53.40
53.10
52.87
53.05
53.15
51.65
51.65
51.87
51.28
51.10
50.90
51.56
51.00
50.45
50.38
50.24
49.95
50.33
51.15
51.76
51.85
52.75
52.33
52.35
52.45
52.58
52.06
52.40
51.00
49.80
49.95
50.42
50.17
49.10
49.58
50.58
50.28
50.35
49.92
49.05
49.10
48.99
49.35
49.20
49.27
48.70
48.30
48.11
48.00
47.90
48.47
48.50
48.78
49.09
48.85
49.34
49.82
49.80
50.15
50.60
50.92
50.65
50.85
50.76
51.00
51.15
51.23
51.45
51.38
50.80
51.47
51.19
51.40
51.47
51.81
51.28
51.36
51.20
51.00
51.44
50.94
51.12
51.37
51.33
51.00
50.85
50.95
50.52
49.85
49.58
49.30
49.40
49.20
48.95
48.35
49.35
48.00
48.00
48.11
49.10
49.45
49.93
50.03
49.80
50.28
49.65
50.17
49.55
49.34
49.45
50.09
49.95
49.50
49.35
49.75
49.65
49.90
49.66
49.83
49.90
49.80
49.97
50.12
49.80
49.80
50.00
50.05
50.42
50.50
51.05
50.94
50.90
51.30
51.26
51.33
50.92
51.19
51.20
51.25
51.08
50.95
50.82
51.05
50.81
50.83
51.28
51.47
52.60
52.88
52.75
53.27
52.78
52.27
52.22
52.71
52.15
51.93
52.40
52.90
52.05
52.05
52.40
51.70
51.27
51.82
52.45
52.82
53.07
52.80
54.80
54.03
55.00
54.88
54.85
54.70
54.97
55.40
55.59
56.00
55.90
56.04
56.03
55.50
55.95
56.30
56.02
56.36
55.70
55.75
56.45
56.00
56.05
56.21
55.70
55.28
55.60
55.38
56.40
55.95
56.14
55.94
56.10
55.85
56.44
56.79
56.43
56.30
56.25
56.27
56.31
56.60
55.91
55.05
54.34
54.28
53.66
53.67
53.41
53.25
53.00
52.55
53.00
52.60
52.37
52.05
52.61
52.62
52.77
52.90
53.28
55.68
56.10
55.50
55.35
55.55
55.30
55.07
55.05
55.11
55.11
54.65
54.40
54.65
54.40
54.03
53.78
53.92
54.25
54.40
53.95
54.25
54.83
55.10
55.10
54.90
54.20
53.55
54.10
53.62
54.10
53.20
52.67
52.45
52.45
52.20
50.75
50.65
50.36
51.09
50.85
51.47
51.90
51.10
51.20
51.35
51.72
51.75
51.47
51.05
52.00
52.05
51.12
50.72
50.88
50.35
50.95
50.20
50.28
50.55
51.55
51.85
52.05
52.53
53.00
52.90
53.36
53.40
52.95
52.80
52.49
52.48
52.02
51.70
52.15
53.00
53.68
53.15
52.95
52.85
52.70
52.70
52.88
53.36
53.65
53.90
54.26
54.23
54.07
54.90
54.40
54.66
54.45
54.75
55.06
54.97
55.30
54.72
54.55
54.98
54.68
53.75
53.75
53.50
53.85
54.29
53.46
53.60
53.75
52.65
53.50
54.09
54.05
53.62
54.00
54.08
53.52
53.15
53.15
53.80
54.28
54.90
54.80
54.27
55.20
55.45
55.00
54.90
55.00
55.25
55.85
55.86
55.80
56.23
56.45
56.45
56.50
56.50
56.03
55.92
56.12
56.21
56.28
56.01
55.00
55.60
54.95
55.78
55.32
55.13
55.38
55.55
56.96
57.40
57.35
58.10
58.35
57.65
57.25
57.78
59.25
58.98
58.20
56.70
56.90
57.35
56.92
56.85
56.50
57.33
50.75
50.90
49.65
50.15
50.40
50.01
49.17
48.90
48.22
48.29
47.85
47.98
47.77
48.97
47.20
47.95
49.53
49.73
50.20
49.35
49.83
49.80
49.24
50.05
49.90
49.73
49.35
49.25
49.50
49.49
50.50
50.98
50.93
50.02
50.00
50.27
50.90
51.90
52.50
52.98
52.95
52.35
51.92
52.00
51.51
51.57
51.29
51.11
50.71
51.48
50.80
50.65
51.49
51.79
51.80
51.20
51.92
52.40
52.45
52.37
51.50
51.35
50.82
51.70
52.44
51.90
52.64
52.82
53.58
53.70
53.58
53.70
53.08
52.65
53.06
52.59
51.50
51.90
52.50
53.15
53.22
53.15
52.51
52.45
52.60
52.57
52.22
52.10
51.97
52.95
53.14
53.00
53.30
53.68
54.05
54.48
54.50
53.97
54.28
54.59
54.87
54.30
53.95
54.11
53.60
53.73
53.55
53.59
53.81
53.25
54.45
53.77
53.96
54.00
54.41
55.00
53.96
53.55
53.55
53.10
53.18
53.40
52.85
52.40
51.76
52.81
52.42
53.45
52.80
52.44
51.68
51.77
51.25
51.20
51.09
51.10
52.30
51.88
52.73
52.20
51.77
51.50
52.00
53.63
53.88
52.90
52.45
52.25
53.00
53.65
53.60
53.42
53.57
52.60
52.70
53.20
52.60
52.07
52.01
51.88
52.30
52.33
53.42
54.22
54.41
54.00
54.50
54.78
54.55
53.83
53.40
53.25
53.40
53.49
52.84
52.18
53.00
53.57
52.91
52.38
52.73
52.78
52.50
52.63
52.96
52.50
52.43
54.00
53.24
53.05
52.55
52.50
52.20
52.11
52.54
51.98
51.15
51.40
51.20
51.20
51.95
51.74
51.00
51.65
50.90
51.95
51.75
51.90
51.92
52.00
51.40
52.38
51.97
52.30
52.32
52.06
51.65
52.15
52.42
52.81
53.03
53.53
53.26
53.10
53.00
53.22
53.00
52.83
53.00
52.68
52.30
52.56
52.15
52.40
52.08
51.51
52.50
52.58
52.69
53.42
53.88
53.52
53.41
53.68
54.12
54.12
54.49
54.85
55.84
55.88
55.80
56.08
55.19
56.00
56.28
56.25
56.45
56.80
57.60
57.55
57.90
57.98
57.64
58.22
57.93
58.20
57.76
56.65
56.71
56.86
57.76
57.28
57.54
58.00
57.55
57.51
57.30
58.20
58.65
59.05
58.91
58.88
58.94
59.30
59.54
59.57
59.84
59.40
59.40
59.55
59.70
58.65
58.95
58.77
58.80
58.80
59.42
59.85
59.80
59.06
59.77
59.15
59.68
59.97
61.92
61.70
61.45
61.50
61.34
60.69
60.88
61.55
61.64
61.05
61.18
60.23
59.65
59.03
59.90
59.24
59.25
59.35
58.85
59.16
58.50
59.23
58.30
58.00
57.70
58.78
57.81
57.75
57.68
58.02
58.30
58.30
58.17
58.40
58.23
58.68
58.65
57.69
57.23
57.60
58.52
59.00
58.75
58.26
58.42
58.00
58.02
57.00
56.03
56.20
56.10
55.43
55.35
56.12
56.34
57.07
56.11
56.30
54.25
55.58
56.40
56.26
56.04
56.27
57.40
57.58
57.40
56.95
56.30
56.65
56.65
56.40
55.80
56.00
56.08
56.02
56.20
56.32
56.09
57.00
57.48
58.50
58.30
58.50
60.53
61.50
61.15
61.10
62.15
61.82
62.07
60.50
61.51
62.78
63.50
63.39
62.98
63.28
63.00
62.75
62.92
62.65
63.42
63.91
63.80
63.99
64.24
64.22
64.01
63.95
63.80
64.00
64.96
65.00
65.10
65.00
64.67
63.60
62.60
62.79
63.06
62.50
63.17
63.77
63.98
63.08
63.35
62.00
62.43
62.17
62.31
61.10
61.26
61.65
61.46
62.61
62.18
61.02
61.70
62.49
60.15
60.53
63.30
62.53
63.20
64.10
65.18
65.62
65.22
63.00
61.68
61.15
60.63
58.77
60.97
58.45
59.67
60.90
57.88
59.57
60.70
60.67
60.00
61.02
59.50
57.20
56.12
59.68
59.10
59.15
59.73
60.88
59.90
60.88
59.49
57.87
57.79
58.70
58.73
60.00
59.17
58.49
57.78
58.88
58.92
59.98
58.40
58.90
58.60
61.33
61.02
60.36
59.35
58.18
59.22
59.48
59.70
59.15
60.75
60.11
59.92
60.25
61.11
60.95
62.50
62.32
62.65
63.21
61.64
60.84
59.37
58.65
56.00
58.55
58.63
59.03
60.41
60.75
60.35
61.35
60.33
58.62
56.78
58.22
57.31
56.00
55.25
56.28
56.64
59.43
58.98
58.52
58.18
57.35
56.42
54.59
55.74
53.93
56.05
57.30
57.86
58.49
58.37
57.75
57.91
57.90
57.00
57.55
55.67
53.70
52.93
52.17
52.46
51.89
52.19
51.20
51.91
53.45
52.38
51.71
50.85
52.09
51.20
49.99
49.53
49.70
47.94
47.86
44.62
44.10
43.86
42.61
44.30
43.00
41.15
42.33
46.40
47.66
46.10
47.67
47.69
46.69
48.88
48.61
46.82
46.11
45.30
45.90
44.51
45.32
45.50
46.96
45.48
45.54
44.23
45.54
44.32
45.10
45.01
45.31
45.42
44.02
42.20
41.77
43.05
42.11
40.88
41.56
41.61
43.84
42.07
43.13
39.69
42.67
44.20
42.21
46.26
47.35
47.36
45.45
44.98
43.21
44.90
47.48
46.00
46.66
46.54
46.80
46.59
45.00
44.40
43.34
43.08
43.89
43.39
45.55
45.12
45.57
44.14
44.52
46.84
47.90
48.08
48.52
48.33
52.19
50.33
49.90
50.89
48.95
48.40
49.28
50.00
49.33
49.51
49.99
48.84
47.93
47.40
45.52
46.09
45.56
46.30
46.28
47.07
46.25
45.34
45.20
45.90
46.60
45.14
43.87
44.50
42.89
43.84
44.37
45.04
42.45
42.31
42.22
41.28
40.65
41.49
40.42
39.01
38.17
37.95
40.11
39.97
40.48
39.61
41.59
39.08
38.51
39.77
36.75
37.53
40.44
41.97
42.31
36.38
38.35
39.54
36.73
36.51
35.65
37.95
37.05
37.18
37.09
37.30
38.39
37.49
36.33
37.76
38.89
37.87
36.66
38.60
39.20
37.29
36.83
36.84
38.19
38.35
37.85
37.91
39.36
39.92
40.75
40.50
40.00
38.20
41.29
40.36
38.79
37.46
38.04
36.99
34.20
35.35
34.10
39.93
39.92
36.98
38.44
37.66
36.62
38.16
34.44
34.91
35.30
33.35
29.83
30.73
27.00
27.95
22.47
24.74
29.05
27.10
24.85
22.92
23.95
25.28
25.15
25.16
22.58
23.80
24.26
25.29
25.57
25.74
27.31
29.26
29.00
27.50
25.14
25.92
23.47
20.96
19.85
20.00
19.47
18.95
18.96
18.49
18.42
19.19
21.72
20.91
22.22
22.39
20.15
20.04
21.26
20.53
22.57
24.04
22.27
21.01
19.36
20.40
19.64
19.41
19.99
19.14
19.33
18.69
18.00
18.08
17.96
17.82
17.97
18.57
19.20
20.30
20.53
19.80
20.16
19.01
18.64
18.43
18.18
17.87
16.84
16.35
16.33
15.20
15.57
16.09
17.80
17.26
16.94
16.35
17.07
16.19
16.40
17.35
17.91
17.50
16.30
15.91
16.05
14.93
14.11
14.26
12.59
13.27
12.30
13.44
13.62
12.15
11.68
11.27
12.13
11.27
10.66
9.99
11.14
11.58
11.76
13.14
13.36
12.37
12.83
14.31
13.19
13.00
13.82
13.55
14.11
14.51
13.78
13.17
13.34
15.26
14.80
15.08
15.12
15.14
16.49
19.18
19.93
17.85
20.38
20.67
20.75
18.03
18.75
19.93
22.69
24.24
23.62
24.37
25.72
24.94
24.56
26.90
27.27
28.27
26.16
27.27
26.33
24.69
24.01
24.71
24.79
26.01
25.32
23.66
24.00
23.21
24.75
23.86
24.48
25.55
24.80
24.72
24.63
25.60
24.59
26.05
27.15
26.64
25.39
24.96
25.37
24.55
24.06
24.42
24.32
23.23
23.58
22.61
24.33
23.90
23.99
23.49
22.74
22.19
23.45
22.53
23.06
22.60
23.55
24.40
24.82
26.97
28.04
28.28
29.02
28.91
28.99
28.60
29.49
28.00
27.38
28.27
28.04
28.90
28.49
28.85
31.60
32.06
32.51
32.27
31.23
31.89
31.97
30.74
30.89
31.29
31.83
32.96
33.70
33.09
32.57
33.06
34.36
33.82
33.58
31.86
32.23
32.55
33.43
33.53
33.97
34.41
33.75
33.96
34.90
35.83
35.09
34.40
34.20
34.07
33.73
33.60
33.19
34.57
34.06
33.85
31.95
32.76
33.54
33.26
34.21
34.96
35.06
34.91
35.27
34.56
35.14
35.13
35.68
35.61
35.09
36.19
34.99
34.94
35.72
35.12
36.13
34.95
35.24
36.35
36.25
37.28
37.67
38.94
39.95
40.05
39.62
40.66
41.28
41.30
41.30
40.84
41.81
41.57
41.77
40.71
40.89
42.21
40.92
41.03
39.68
39.88
39.21
39.01
40.01
40.34
40.74
40.74
41.32
40.93
40.70
40.66
40.94
41.60
41.35
41.69
41.01
40.60
40.90
40.81
40.83
41.23
41.26
41.76
41.74
41.27
41.85
42.04
42.52
42.24
42.93
42.99
41.36
39.10
37.54
37.96
38.67
37.60
37.84
38.68
38.91
38.03
37.66
37.76
37.27
37.58
37.81
37.79
38.81
39.53
39.07
38.89
39.10
38.74
38.10
37.67
38.15
38.20
38.12
38.46
38.25
39.10
40.22
39.54
39.94
39.57
40.48
40.62
40.87
41.18
40.90
40.33
39.90
41.10
41.04
41.37
41.57
41.27
41.31
41.01
41.68
41.83
42.39
42.88
42.22
43.69
44.01
44.39
45.46
46.22
46.49
44.81
46.11
46.16
45.66
47.92
47.12
46.71
46.23
46.63
47.52
46.21
46.70
45.41
44.35
42.24
42.99
42.79
43.56
43.85
42.03
41.25
41.56
39.35
39.67
37.57
39.91
37.96
39.46
39.03
40.17
39.18
39.46
41.31
39.47
38.69
37.94
38.83
38.70
39.49
40.47
40.46
41.44
42.70
42.14
42.76
42.64
41.99
41.82
41.51
42.52
41.49
39.82
39.55
39.81
40.16
39.07
41.70
42.11
42.40
43.27
43.95
43.97
43.10
41.50
40.87
42.31
41.87
43.14
44.81
45.59
44.60
44.76
43.74
45.01
44.84
44.75
43.77
42.56
43.81
43.19
43.31
42.51
42.10
41.53
41.88
41.73
41.45
41.00
40.95
39.72
39.39
40.02
40.00
40.69
39.73
40.55
41.27
41.30
41.48
40.33
40.75
40.72
40.75
40.96
40.10
40.79
41.04
41.56
43.16
42.51
42.36
42.91
43.25
43.50
43.50
43.35
42.37
41.59
39.30
38.46
38.18
37.88
38.17
37.94
38.92
39.12
39.75
39.01
39.39
39.50
39.76
40.40
39.09
39.14
39.69
40.91
41.09
41.49
41.95
42.39
42.63
43.61
43.68
43.98
43.53
43.33
42.93
42.95
42.30
41.90
41.89
42.16
42.47
41.67
42.51
42.50
42.08
42.75
43.84
44.41
44.66
44.66
45.46
44.90
45.79
45.76
46.47
46.29
46.09
46.08
44.49
43.58
42.97
43.27
43.03
42.72
43.00
42.80
42.76
42.51
43.30
44.41
44.09
45.38
44.93
44.20
44.98
45.44
44.81
44.93
46.03
45.20
44.74
45.76
46.05
44.87
44.91
44.49
44.55
44.13
43.54
43.39
43.65
43.53
43.96
44.66
45.60
45.66
46.27
46.42
46.50
46.42
46.55
45.60
44.94
44.20
43.28
43.59
43.73
43.70
43.06
43.43
44.36
43.86
43.96
45.20
44.60
43.78
43.86
42.95
43.37
43.02
44.07
44.75
44.36
44.62
45.25
45.56
45.54
45.69
46.06
45.83
45.70
45.61
45.24
45.59
46.20
46.24
46.36
46.22
46.32
45.92
46.10
45.85
46.10
46.89
46.47
47.19
47.10
47.15
47.55
48.33
49.37
49.66
49.95
49.53
49.90
50.06
50.42
50.14
49.79
49.77
49.42
49.94
50.79
51.19
51.75
50.74
51.15
50.44
50.15
50.83
51.39
51.31
49.99
49.45
49.13
49.05
48.83
48.02
48.20
47.96
48.54
47.94
47.25
48.68
48.35
49.02
49.55
49.35
49.30
48.49
49.67
49.84
50.97
51.69
52.27
52.21
52.78
52.95
52.50
52.92
52.57
52.24
51.60
51.50
51.74
52.17
52.23
52.99
51.66
51.71
51.24
50.60
50.13
50.49
49.39
48.49
48.05
47.42
45.85
43.58
44.70
43.22
45.92
45.16
45.19
45.27
44.30
43.86
45.20
44.70
46.42
48.74
47.93
49.21
48.37
49.00
49.64
48.67
47.25
48.73
49.22
49.08
46.34
47.56
48.16
49.62
49.63
49.26
48.98
49.39
47.25
46.19
46.85
48.65
47.45
47.59
46.08
44.52
42.51
43.45
43.30
44.67
44.45
45.27
46.11
46.40
47.18
45.87
45.21
46.71
45.50
46.86
48.32
49.51
50.00
51.57
51.48
51.32
49.58
49.87
50.78
51.27
50.87
51.56
50.39
49.85
49.97
49.79
49.23
49.29
48.03
46.95
46.15
46.01
45.50
44.86
46.07
46.15
47.11
47.70
48.34
49.16
48.88
48.17
48.83
48.54
48.19
48.57
46.84
47.62
46.84
46.87
46.69
48.12
47.74
47.73
47.96
47.73
47.17
47.65
48.30
48.02
47.84
48.87
48.32
48.96
48.45
49.19
49.13
49.59
50.13
50.71
49.13
50.02
49.10
49.40
50.37
49.67
49.43
49.50
50.37
50.72
51.85
51.88
51.53
51.84
51.85
51.82
52.24
52.02
52.42
51.54
53.31
52.72
52.77
52.79
52.93
52.93
53.57
53.46
53.03
53.56
52.65
52.42
51.84
52.74
53.03
53.20
53.17
54.66
56.06
57.31
56.60
56.72
57.08
56.78
57.28
57.75
59.00
58.38
58.28
58.18
57.90
57.89
57.98
57.23
57.22
57.10
56.80
57.04
58.01
57.73
57.96
58.16
57.72
57.52
56.96
57.24
57.94
58.85
59.85
60.05
59.95
60.50
61.13
60.68
60.06
59.86
59.17
59.87
59.17
59.02
58.42
58.34
57.37
55.74
55.82
56.48
55.82
55.99
56.28
56.25
55.84
55.58
54.62
53.47
53.46
54.61
56.06
55.13
56.46
55.16
56.15
55.11
55.48
56.09
56.19
57.12
57.59
56.81
56.29
56.01
56.34
56.40
57.65
58.51
58.72
59.14
58.54
58.49
59.04
58.29
57.47
57.02
58.06
59.22
58.29
57.66
55.92
54.73
55.71
55.82
56.87
58.06
58.53
58.19
57.52
56.38
57.20
57.81
57.38
57.53
57.55
56.22
55.77
56.37
56.07
56.74
57.51
57.37
57.00
56.54
56.60
56.42
57.60
57.18
57.59
57.21
57.55
58.31
58.41
57.52
57.36
57.89
57.29
57.18
57.39
59.24
59.25
58.93
58.63
58.40
58.45
57.56
57.80
57.14
56.66
56.46
57.18
57.99
57.16
57.80
58.66
58.49
58.88
58.41
58.30
58.34
57.78
57.89
58.91
58.83
57.65
56.76
56.19
55.61
55.55
55.48
55.96
56.15
57.39
56.21
56.54
56.63
55.60
55.60
56.00
55.06
54.76
53.59
53.59
54.81
55.09
55.97
56.19
56.25
55.46
54.16
55.75
55.86
56.09
55.90
55.89
56.30
56.25
56.67
57.00
57.35
57.66
57.51
56.90
57.75
57.42
56.89
57.19
57.55
57.62
57.16
56.44
56.47
58.33
58.80
59.08
59.28
59.68
60.42
60.44
60.50
60.78
60.15
60.82
61.10
59.87
59.62
59.22
59.14
59.57
59.36
59.08
59.24
59.37
59.33
59.46
59.78
59.93
60.56
62.06
61.70
62.09
62.45
62.08
62.57
61.67
62.06
61.87
61.86
62.77
62.06
61.73
62.43
61.84
62.22
63.26
64.41
64.73
64.66
64.73
65.63
65.24
65.42
65.64
65.06
65.99
65.45
65.83
65.59
66.59
66.40
66.60
67.31
67.42
67.38
67.66
66.42
65.77
65.56
65.64
65.45
65.47
65.46
65.53
64.50
64.12
64.04
65.33
67.12
66.81
67.41
67.75
68.12
68.01
67.88
68.25
68.43
69.92
70.22
70.07
69.92
70.25
70.16
70.09
69.95
71.33
72.61
72.28
73.31
74.47
75.43
73.88
74.09
75.91
75.80
76.02
76.13
75.89
76.50
75.98
74.75
76.68
77.98
77.61
76.94
74.46
74.79
73.69
74.08
74.92
73.76
73.38
72.57
72.63
73.64
74.38
75.01
75.53
75.43
74.02
75.31
76.91
77.74
77.39
77.54
77.33
78.61
78.09
75.35
75.44
73.62
74.43
75.03
74.85
75.06
75.50
75.16
75.48
75.15
74.53
75.62
75.47
75.87
75.46
75.79
76.18
75.11
75.49
76.04
75.27
74.86
75.12
74.41
74.01
73.66
73.87
73.76
72.80
71.70
71.81
72.15
72.59
72.52
73.16
73.92
73.59
74.22
74.70
75.29
75.58
76.34
75.60
76.99
77.81
77.62
77.29
76.39
76.13
76.00
76.06
74.97
75.64
75.13
74.11
73.88
73.50
73.03
72.38
73.19
74.67
75.33
75.63
75.64
77.94
80.11
80.47
80.77
80.56
80.77
80.76
82.72
83.12
83.70
82.79
82.12
82.41
81.63
82.55
82.33
81.31
81.59
81.23
80.57
81.61
83.03
82.85
82.38
82.96
82.63
83.92
84.32
84.75
85.26
85.88
86.02
84.89
84.21
84.27
85.59
86.17
85.38
85.28
83.78
83.32
83.96
84.71
84.30
85.94
86.71
88.00
88.34
88.90
88.82
89.19
89.87
90.90
89.15
89.70
90.17
88.66
89.89
89.26
88.52
87.08
87.46
88.00
91.83
91.97
90.64
90.49
88.56
87.15
85.85
86.29
86.45
85.28
84.99
83.19
83.51
84.50
85.96
87.83
88.36
88.69
88.37
88.86
88.80
88.89
88.80
89.06
88.79
90.00
90.16
89.65
90.25
90.60
91.05
92.59
92.56
94.11
93.62
93.83
92.68
93.20
90.55
90.51
91.27
91.67
90.48
92.78
91.64
91.37
91.36
89.70
90.27
91.08
90.40
90.85
90.67
91.17
89.03
86.63
86.90
88.47
84.90
85.09
85.87
86.84
87.16
86.38
86.71
87.01
87.26
87.02
87.44
87.34
87.61
87.53
86.77
86.00
87.25
86.79
87.88
88.46
89.42
89.65
89.17
88.20
87.60
87.18
87.82
87.57
87.79
88.11
89.60
91.31
91.12
91.00
91.79
91.61
91.59
91.92
92.94
95.08
95.09
94.94
95.35
94.95
94.36
94.37
94.75
95.46
95.58
95.33
95.09
94.26
94.83
94.25
95.00
95.42
95.19
95.58
95.50
94.92
95.44
93.55
94.27
95.23
94.79
94.81
93.96
93.32
93.29
93.51
93.19
93.33
92.74
91.90
91.83
92.11
90.07
87.41
86.60
86.65
86.04
86.79
86.09
87.92
87.00
87.44
87.50
87.78
87.29
87.58
88.01
88.64
88.89
89.56
89.61
89.25
88.84
89.37
89.90
90.13
90.11
89.64
89.40
88.85
88.10
88.01
88.18
88.35
87.16
88.61
89.33
90.68
89.58
88.55
88.47
88.51
87.16
87.63
88.20
86.90
86.39
86.66
87.68
86.45
85.41
87.33
85.78
84.76
83.27
81.30
80.29
80.91
82.79
84.70
85.62
85.13
85.69
86.01
87.07
88.24
88.59
89.94
90.32
90.62
91.76
92.13
91.71
92.21
92.28
91.16
91.70
91.07
90.24
90.21
90.30
89.83
