65.00
65.00
67.94
71.50
71.62
70.00
68.75
69.06
68.50
67.39
65.50
64.62
64.00
63.25
62.75
61.50
60.94
61.50
59.25
59.00
59.88
60.75
59.69
58.81
58.38
56.88
56.69
54.06
50.75
51.75
54.75
53.38
52.56
51.69
54.19
53.25
52.88
51.50
51.88
50.50
48.38
46.88
50.75
49.75
46.31
46.94
46.44
45.94
48.44
47.81
50.62
53.50
52.56
54.62
53.94
52.12
55.00
54.81
53.75
52.88
52.88
53.75
52.94
57.56
58.00
57.56
56.38
55.00
57.50
59.00
62.00
59.25
56.55
56.19
53.50
52.94
54.25
56.00
51.62
49.12
48.62
47.44
47.19
48.38
48.88
49.75
51.25
50.62
50.50
49.81
50.75
50.38
52.31
52.94
52.75
52.75
51.81
51.50
50.25
50.12
49.50
48.69
49.44
49.00
49.19
50.00
49.69
49.00
48.94
48.62
48.88
49.28
47.25
47.88
47.88
47.31
46.81
45.94
45.62
45.19
45.62
45.12
46.25
46.11
44.50
43.75
45.00
45.06
44.06
43.94
44.94
47.25
45.25
46.75
45.44
44.62
44.62
44.25
43.88
43.75
43.00
43.62
44.94
46.12
45.88
45.31
45.56
45.81
46.00
45.75
46.62
48.56
48.44
47.25
49.38
49.94
49.88
49.88
50.25
49.44
50.00
48.58
47.88
47.75
47.06
46.56
45.72
45.31
44.89
45.56
46.12
47.00
42.12
41.25
40.50
41.12
41.00
40.69
40.06
40.38
40.02
39.38
38.75
39.88
39.69
38.50
39.12
39.75
40.88
41.62
44.38
45.38
44.75
44.56
44.94
44.62
43.56
41.94
40.56
41.38
40.06
41.56
40.56
40.56
40.69
43.12
42.62
41.94
42.31
45.00
45.38
43.94
43.75
43.06
42.62
43.31
44.50
44.06
42.69
42.44
42.69
43.44
41.62
42.56
41.50
41.19
40.75
41.00
40.69
40.19
41.56
42.31
42.81
45.88
46.19
44.00
43.19
43.38
41.94
42.19
43.19
44.44
43.75
45.50
45.62
44.50
46.50
48.00
48.31
48.56
49.31
48.31
48.00
47.94
49.25
47.94
48.31
46.44
46.88
45.00
43.19
44.75
44.31
43.75
42.62
42.31
42.06
41.88
42.00
40.94
40.99
43.24
43.71
43.25
42.25
43.74
43.37
42.99
42.25
41.99
42.44
42.84
42.49
43.95
43.20
42.65
42.43
43.29
42.03
44.52
44.22
43.69
43.74
44.72
46.35
46.03
47.80
48.00
47.10
45.48
45.36
43.71
43.00
42.34
43.64
43.50
42.84
40.98
41.03
41.97
42.45
41.49
41.71
40.70
40.96
40.25
41.47
43.50
42.62
43.46
45.62
45.05
45.65
45.39
45.18
46.38
45.94
45.04
44.13
44.80
44.56
46.00
46.22
45.19
45.28
45.48
45.29
46.16
45.75
45.80
45.94
46.97
46.00
46.78
46.75
48.69
49.70
49.18
49.64
49.31
47.39
45.77
45.62
46.82
45.80
46.40
46.07
46.53
46.70
46.34
46.83
46.95
47.14
46.80
46.80
46.23
45.76
46.17
47.04
47.59
48.20
47.16
46.52
46.91
47.04
47.17
48.24
48.12
47.20
46.93
46.19
46.48
45.93
45.47
45.55
45.47
44.85
44.63
45.19
45.11
45.14
44.23
42.92
43.21
43.19
42.13
41.62
42.82
42.03
42.67
42.57
42.86
42.64
41.52
41.40
42.07
41.59
41.74
41.51
40.64
40.86
40.86
40.97
41.37
41.14
42.25
42.20
41.64
41.24
40.53
40.97
41.16
41.16
40.48
38.73
38.39
34.45
35.36
35.08
34.10
33.61
36.00
35.48
35.70
36.15
37.52
37.74
37.25
38.27
38.00
37.98
37.70
38.04
39.51
41.75
41.09
40.50
41.25
40.83
40.61
40.70
41.86
42.10
41.29
40.30
41.31
40.81
40.23
39.99
41.35
41.63
42.02
43.03
43.21
43.23
42.77
42.33
43.39
43.26
44.11
43.92
44.77
45.18
44.78
45.65
44.50
44.43
44.01
43.99
44.34
43.42
43.95
45.26
44.97
43.82
43.20
43.87
43.00
41.52
41.49
42.12
43.22
42.95
42.31
41.85
42.30
42.25
42.45
42.64
42.51
42.92
44.05
45.12
44.65
44.20
44.10
43.06
43.02
41.96
42.27
40.30
40.51
40.68
40.44
41.27
43.04
43.99
43.50
42.38
43.11
44.17
43.58
43.23
42.30
42.20
41.80
42.72
44.56
44.49
44.00
43.50
44.90
45.51
46.33
46.66
47.31
46.95
47.04
47.10
46.84
47.86
48.65
47.67
47.99
47.52
47.08
47.23
47.24
47.00
47.59
48.47
48.47
49.09
48.93
48.19
47.80
46.70
47.51
48.37
47.15
47.10
47.35
46.67
45.70
46.50
46.58
46.62
47.62
46.90
46.94
46.86
48.10
47.98
47.74
47.36
46.35
44.84
44.66
44.17
43.90
43.27
44.50
44.63
45.37
45.38
44.75
45.72
46.14
45.97
45.40
45.65
46.50
46.63
46.48
46.59
46.16
46.06
46.77
47.25
46.54
46.10
46.48
46.03
46.00
44.65
43.95
44.66
43.56
44.30
44.63
43.56
44.39
43.92
43.18
44.72
44.85
44.42
44.00
42.91
43.11
43.24
43.19
44.47
44.40
44.46
43.97
43.47
44.95
45.12
44.85
44.07
43.79
43.28
42.05
41.15
41.00
40.11
38.30
36.82
37.05
40.28
41.60
41.88
43.95
42.05
41.91
41.53
39.09
38.10
39.76
41.14
42.20
42.63
42.39
41.20
42.81
41.74
41.28
41.39
40.65
41.11
41.58
41.12
41.32
41.14
39.78
39.98
40.31
38.88
38.73
37.25
39.17
39.80
40.81
41.11
40.16
40.08
39.76
39.51
39.82
38.35
39.38
38.38
37.09
38.30
38.55
37.00
36.07
39.63
37.31
37.74
38.06
37.30
37.35
36.12
38.39
39.64
39.51
41.47
40.62
42.05
41.30
42.20
41.75
40.97
40.70
41.65
40.60
41.20
41.44
41.25
41.91
41.68
42.55
43.40
42.97
42.33
41.19
42.08
41.76
42.78
42.63
42.00
42.23
42.62
44.16
43.10
43.70
43.00
44.65
44.62
44.00
44.28
43.90
43.11
43.80
42.52
43.00
43.75
43.06
42.56
44.33
44.08
43.51
42.53
42.96
42.75
42.65
42.60
42.31
42.31
42.40
43.44
43.66
44.71
44.58
43.58
44.29
44.03
43.73
44.00
42.50
42.38
42.16
41.65
40.65
40.96
39.92
38.46
38.73
38.73
37.21
37.87
38.16
37.60
37.40
36.70
36.95
36.95
36.40
36.05
37.18
37.09
37.90
37.11
36.87
37.54
36.87
36.30
36.88
36.72
36.67
36.50
35.57
35.67
35.11
36.00
35.47
35.41
35.41
37.30
37.82
38.70
40.08
39.84
39.60
41.64
40.00
40.24
40.42
39.85
39.63
38.86
39.52
40.57
40.16
40.48
40.51
39.80
39.04
39.36
39.48
40.30
40.81
40.25
40.63
40.47
41.01
41.85
41.85
41.12
41.73
42.37
42.53
41.99
43.00
42.80
43.06
42.65
42.19
42.90
43.64
43.24
42.87
42.60
42.19
41.25
41.07
40.82
40.90
40.99
41.90
41.83
41.23
42.14
42.62
42.67
43.44
43.19
43.25
42.87
43.43
43.79
43.72
43.58
44.18
44.02
43.78
43.13
42.53
41.86
41.77
41.85
42.49
41.83
41.64
41.72
42.20
41.58
42.16
41.96
42.20
41.74
41.94
42.18
42.08
41.96
41.60
42.57
42.00
42.85
42.68
43.45
44.69
44.39
43.97
43.87
43.94
43.54
43.57
42.80
42.78
42.73
42.96
43.23
43.69
43.30
43.77
43.63
44.75
45.02
45.06
44.87
44.45
44.32
44.34
44.23
44.53
44.74
45.22
44.82
44.45
44.37
45.08
44.50
43.81
43.36
44.51
44.07
43.97
42.47
42.11
42.26
41.27
41.54
40.28
39.62
39.98
40.48
40.01
40.10
39.96
40.78
40.67
41.04
40.98
40.89
40.42
40.50
40.39
40.07
40.59
40.63
41.03
40.95
39.20
39.65
39.07
39.38
39.99
39.85
40.49
40.40
40.21
39.93
39.80
40.10
40.08
40.42
40.85
40.68
40.48
40.19
39.73
39.43
39.57
39.21
39.39
39.96
40.55
41.27
41.46
42.70
42.34
43.16
43.96
43.41
43.96
43.96
43.95
44.07
44.43
44.06
44.48
44.62
44.73
44.80
45.34
45.60
45.45
45.46
45.94
45.76
45.89
45.51
46.00
45.67
45.09
45.26
44.19
44.29
43.79
44.48
44.47
44.38
44.16
43.98
43.25
42.72
43.08
42.58
43.67
43.93
43.90
43.80
43.62
43.76
44.17
44.45
44.45
44.59
44.60
44.78
44.46
44.96
45.15
45.44
45.28
45.53
45.16
45.27
45.05
45.09
45.63
44.85
45.07
44.56
44.64
44.35
43.38
41.95
41.55
42.30
41.01
41.34
41.74
41.37
41.55
40.80
40.70
41.15
41.96
41.74
42.36
42.48
42.22
42.84
43.71
43.98
44.16
43.60
43.43
44.06
43.69
45.00
45.07
44.98
44.99
44.63
44.20
44.83
44.65
44.99
44.52
43.41
43.31
42.95
43.08
43.57
43.64
43.11
42.00
41.63
41.87
41.62
42.11
41.69
41.19
41.94
41.93
41.84
41.99
42.38
42.75
42.79
43.22
43.20
43.18
43.24
42.52
42.82
43.61
43.85
43.79
43.76
43.51
43.57
43.83
43.76
44.09
44.35
44.00
44.40
43.97
43.76
43.73
44.15
44.42
43.88
43.62
42.91
43.09
42.77
43.09
43.24
42.95
42.76
42.62
42.50
42.72
42.75
42.15
42.07
42.28
41.90
42.31
42.25
42.63
42.87
42.99
42.69
43.00
42.52
41.55
41.34
41.77
41.13
40.74
40.21
40.94
41.21
41.43
41.25
41.70
41.62
41.92
42.50
42.57
42.55
42.24
42.26
42.02
42.62
42.66
43.19
42.76
42.90
43.30
43.15
42.81
43.02
42.99
42.66
42.54
42.59
42.18
41.71
41.78
41.57
42.11
42.38
42.80
43.15
43.21
43.23
44.05
43.59
43.46
43.43
43.34
42.84
42.66
42.76
43.05
42.33
42.27
42.54
42.02
42.18
41.40
42.92
42.80
42.87
43.00
43.17
43.21
43.80
44.18
44.12
44.63
44.21
44.46
44.50
44.53
44.15
44.35
44.90
44.88
45.22
45.12
45.55
45.46
45.33
45.32
45.97
45.97
45.73
45.47
44.99
45.41
45.87
45.98
47.06
47.45
48.39
47.96
47.75
47.96
48.92
49.00
49.01
48.93
49.15
49.05
48.95
49.05
49.12
48.06
47.42
47.41
47.37
47.44
47.19
47.21
46.87
47.07
47.49
47.38
47.23
46.71
46.01
46.58
46.48
46.97
47.23
47.56
47.85
48.16
48.10
48.71
49.30
49.57
49.67
50.63
51.10
51.21
51.75
52.45
52.31
53.95
52.82
53.31
53.54
53.96
53.30
53.88
53.33
53.10
54.55
53.95
53.77
54.47
54.04
53.47
53.94
53.13
51.73
51.58
52.14
51.38
51.74
51.21
50.98
51.24
50.29
51.12
51.24
50.83
50.43
50.77
50.95
51.54
50.70
50.38
50.05
48.69
47.36
46.55
47.20
48.13
47.25
48.44
48.10
48.58
47.03
46.47
45.96
47.11
47.19
47.74
48.62
48.21
48.05
48.27
47.59
47.43
46.57
46.24
46.54
47.08
48.04
47.61
46.97
47.35
47.08
46.72
47.03
46.87
46.51
47.06
46.56
46.10
46.72
46.71
46.31
46.35
47.25
46.86
46.93
46.83
47.17
46.94
46.79
46.70
46.60
45.43
44.68
44.52
44.94
44.63
43.01
42.83
42.99
42.60
42.69
43.50
44.15
43.97
44.25
44.20
44.06
43.68
43.90
44.30
44.14
44.20
44.04
41.15
41.71
41.93
42.68
42.28
43.03
43.05
43.00
42.71
42.24
42.62
42.51
41.79
41.35
41.51
40.82
40.97
40.83
40.73
40.56
40.38
40.00
40.01
39.74
39.72
39.41
39.57
39.41
38.85
39.48
39.78
39.60
39.84
40.10
39.75
40.08
40.10
40.51
40.30
39.45
39.01
38.96
38.78
38.63
38.43
38.04
38.61
39.17
38.84
38.52
37.98
37.83
37.88
38.35
38.52
38.67
38.23
38.00
37.91
37.83
38.61
38.77
38.64
39.62
40.80
41.50
41.37
42.00
41.69
41.73
42.49
43.01
43.31
43.10
43.02
42.08
42.26
42.50
42.30
42.35
41.89
42.26
42.45
42.91
43.15
42.82
43.15
43.11
43.43
42.75
43.32
43.16
43.10
43.48
43.08
42.99
42.86
42.86
43.28
43.18
42.91
42.50
42.15
41.95
42.80
42.89
43.01
43.02
43.26
43.02
42.50
43.06
42.82
42.74
42.92
42.67
42.55
41.14
40.24
40.07
39.95
39.73
39.89
39.52
39.55
39.26
39.21
39.81
39.83
39.34
39.15
39.49
38.89
38.90
38.88
39.18
39.55
40.20
40.69
40.15
40.99
40.92
41.52
41.51
41.66
40.89
40.57
40.32
40.05
40.24
40.61
41.04
41.00
40.55
40.86
40.56
40.31
40.90
41.51
41.92
42.87
42.64
42.56
42.75
42.86
43.16
42.97
42.55
42.56
42.39
42.48
42.51
42.21
42.83
42.94
43.12
43.20
42.70
42.97
43.03
43.11
43.30
42.97
43.67
43.69
44.36
44.61
44.54
43.96
43.95
43.57
44.10
44.20
44.63
44.77
44.78
45.15
45.47
45.64
45.71
44.90
44.19
44.53
44.68
43.75
43.02
42.81
42.38
42.01
42.11
42.30
42.56
42.15
42.53
42.86
43.30
42.43
42.17
41.09
40.89
40.66
40.34
39.98
40.23
40.93
40.84
40.27
40.24
41.94
41.76
41.81
42.04
40.88
40.89
41.53
41.60
41.84
41.57
41.04
40.54
40.78
40.77
40.28
39.55
39.67
39.86
39.76
40.34
40.03
40.01
40.57
40.67
40.26
39.77
40.14
39.66
39.22
39.66
39.84
39.64
39.63
39.21
39.20
39.62
39.07
39.05
39.97
40.40
40.41
40.33
39.85
39.74
39.69
39.45
39.25
39.47
39.60
39.93
39.97
40.48
40.47
40.14
39.66
40.00
39.84
40.18
40.50
41.43
42.25
42.26
42.05
42.64
42.24
42.32
43.01
43.21
43.00
43.37
42.84
42.72
42.96
43.21
43.42
44.95
45.44
44.98
44.65
45.12
45.08
45.36
44.95
44.89
45.00
44.97
45.45
46.00
45.63
45.73
45.55
45.85
45.80
45.60
45.51
45.08
45.91
45.76
46.45
47.25
47.30
47.48
47.18
47.35
47.63
47.26
47.87
48.03
48.62
48.43
48.00
48.20
48.15
46.93
46.45
46.91
47.01
46.64
47.05
46.90
47.42
47.20
47.14
48.40
48.75
48.73
49.09
49.47
48.98
48.57
49.15
49.19
49.03
48.71
49.04
48.70
48.05
48.07
48.38
48.26
48.92
49.73
50.51
50.72
50.40
50.84
50.10
49.67
50.28
49.66
49.19
48.96
48.38
49.56
50.58
50.25
50.10
50.61
51.01
51.14
51.07
51.10
51.33
51.79
51.77
52.47
52.63
53.01
52.64
52.99
53.14
51.30
50.73
50.87
50.09
49.86
50.82
50.44
50.82
51.14
51.53
50.34
50.01
50.43
49.96
50.86
51.14
51.30
51.35
51.03
51.36
49.81
49.29
49.38
49.43
49.06
49.89
49.56
49.32
49.68
49.17
48.66
49.40
49.31
50.30
49.85
49.29
48.76
49.28
49.19
49.86
49.97
49.58
49.69
49.17
49.36
50.54
50.88
51.24
51.63
51.56
51.61
50.61
50.42
50.46
50.90
51.50
51.91
52.38
52.07
52.04
52.11
51.34
51.46
51.25
51.72
52.32
53.10
53.19
52.24
50.98
50.37
51.13
50.73
50.11
50.92
50.50
51.47
51.75
52.21
52.16
52.25
52.30
51.45
50.63
51.18
50.93
50.84
51.80
52.13
52.06
51.97
52.05
51.21
51.18
51.50
51.55
52.00
53.30
53.35
53.14
52.62
53.26
49.90
49.19
47.75
46.82
47.05
46.73
47.33
47.14
46.35
47.64
47.40
49.43
49.06
48.59
47.95
47.16
46.92
48.00
47.31
47.74
47.75
48.92
48.94
49.08
48.83
48.12
48.70
48.44
48.75
49.00
48.40
48.42
47.50
47.29
47.57
47.66
47.89
48.04
47.78
49.30
49.88
49.90
49.69
49.61
49.41
49.86
50.00
49.56
50.22
50.00
49.38
49.63
49.55
49.00
49.48
49.01
48.80
49.06
49.37
48.59
48.31
48.15
46.87
46.57
46.81
47.54
48.34
48.37
49.01
48.23
49.51
47.94
47.96
47.69
48.38
47.15
47.54
46.79
46.81
46.10
45.91
45.37
45.31
44.83
45.00
44.35
44.69
43.94
44.59
46.04
46.09
46.15
46.86
46.50
46.70
47.25
47.19
47.69
45.89
45.85
46.22
44.73
43.64
43.18
42.58
44.19
45.35
45.23
45.07
44.40
44.30
44.09
43.74
44.08
43.38
43.28
42.75
44.78
45.28
44.66
46.02
45.12
44.30
42.80
42.70
42.54
45.36
45.45
44.72
44.84
45.15
44.56
45.18
45.95
45.64
44.61
44.74
45.18
45.44
45.93
47.12
46.66
46.22
45.49
46.22
46.46
45.56
45.96
46.89
47.30
47.61
47.24
46.42
46.68
46.43
47.30
46.47
45.00
44.21
46.57
46.58
47.31
46.98
45.83
47.47
45.47
45.45
46.66
47.30
46.83
46.40
46.44
46.76
47.75
48.84
49.08
49.50
48.99
49.46
49.04
49.64
49.33
48.80
48.93
51.10
51.21
52.02
52.25
50.16
49.98
49.69
49.88
49.18
48.67
48.91
48.94
49.86
49.70
49.65
48.54
49.33
48.44
49.58
49.01
49.58
49.52
49.63
49.50
48.95
48.17
48.43
47.62
47.00
47.63
47.80
47.91
47.04
46.64
46.77
47.73
46.32
46.21
45.72
45.89
46.31
47.20
47.13
47.15
46.62
47.40
46.23
45.47
43.96
44.11
42.82
42.69
42.89
42.64
41.65
41.80
41.52
41.89
40.92
41.51
41.47
40.98
41.16
42.13
43.93
44.20
44.05
45.21
45.02
44.17
43.81
42.89
43.56
44.27
43.81
43.31
42.16
43.93
44.01
43.36
45.31
46.38
45.79
45.14
45.24
45.70
44.74
44.23
44.02
44.16
44.79
43.68
43.89
44.34
45.27
44.44
45.31
45.01
44.00
44.25
45.26
44.35
44.36
45.44
46.39
44.74
46.27
45.70
45.94
48.04
45.39
44.69
43.74
42.61
41.99
39.45
40.30
40.47
38.79
38.80
37.46
36.10
36.12
33.76
33.40
37.23
36.19
32.20
33.85
33.77
36.17
33.28
31.50
31.49
29.33
27.80
30.73
31.52
32.04
32.04
32.03
33.23
30.86
29.01
30.46
30.10
28.76
27.21
29.29
27.43
26.96
26.92
24.26
21.95
23.03
24.29
24.13
24.63
25.06
22.22
23.60
23.61
23.69
24.12
26.34
26.38
26.55
25.94
26.61
26.17
27.59
27.11
25.71
25.60
24.99
24.50
24.76
24.98
24.49
25.11
25.30
26.18
26.33
27.65
25.66
25.99
25.41
24.93
25.21
23.88
24.65
24.97
23.32
24.48
23.92
24.16
23.18
23.27
24.71
23.78
22.96
22.65
23.35
23.28
23.79
24.57
24.84
23.67
23.13
22.91
22.40
21.21
21.14
20.88
20.38
18.91
19.71
19.23
18.90
18.76
17.44
17.55
18.21
16.97
16.87
16.14
17.92
18.35
19.06
19.49
20.26
20.58
21.52
21.51
20.66
22.33
22.76
22.86
23.48
22.70
21.93
22.33
23.44
25.23
25.97
25.44
24.32
24.92
26.48
26.81
26.65
27.40
28.34
28.42
26.74
28.06
27.74
27.46
28.78
27.50
27.51
28.02
27.90
27.87
29.40
29.07
28.76
27.91
28.38
27.63
28.11
26.63
26.97
26.93
28.22
28.34
28.20
27.30
27.77
28.31
27.56
27.79
28.47
29.90
30.05
28.89
28.71
27.00
26.21
26.93
26.77
27.11
27.00
25.79
25.20
24.80
25.17
24.97
24.10
24.40
24.83
25.29
25.38
26.01
25.62
25.80
24.78
25.33
24.04
24.18
24.50
24.61
25.26
25.55
26.98
27.44
27.57
28.33
28.32
28.47
30.15
30.04
30.36
30.10
29.54
30.81
30.93
31.90
32.14
32.08
32.46
32.83
32.38
32.98
32.49
33.23
32.36
31.06
31.33
31.89
31.94
32.71
32.33
32.40
32.38
32.33
32.56
31.93
31.05
31.06
31.63
31.71
31.83
31.36
32.09
31.81
32.28
33.15
33.90
33.69
33.74
33.78
33.70
33.13
32.27
31.74
32.68
32.52
32.14
30.60
30.54
31.36
31.89
31.78
32.60
32.95
33.06
33.34
34.56
34.57
34.10
34.62
33.87
33.44
34.05
33.23
32.42
32.68
32.09
32.97
31.82
32.27
32.55
32.19
33.38
33.38
34.61
33.76
34.11
33.87
34.31
34.94
35.29
35.25
34.60
34.51
34.76
34.67
35.15
34.40
34.58
35.10
35.38
34.83
32.34
32.40
31.63
31.59
31.91
32.23
32.70
32.19
32.66
32.01
31.87
32.15
32.70
33.06
33.42
33.70
33.88
34.05
33.67
34.26
33.93
34.04
34.39
33.94
34.26
34.00
34.30
34.09
34.01
34.84
34.52
33.15
32.50
32.82
32.80
32.86
32.32
32.61
33.66
33.63
33.49
32.52
32.73
32.19
32.88
32.38
32.55
32.28
32.74
33.13
33.62
34.03
33.98
33.68
33.98
33.52
33.72
34.03
34.03
34.26
34.56
34.97
35.37
35.25
35.20
35.35
35.49
35.48
35.94
36.49
37.07
36.86
37.79
38.31
38.77
37.83
37.69
37.72
37.78
37.24
37.91
38.42
38.81
38.79
39.14
39.19
38.90
38.61
38.87
39.33
38.66
39.37
39.16
39.07
39.47
40.22
40.95
39.40
39.46
40.57
39.84
40.12
38.60
37.87
36.69
36.23
38.24
38.10
39.26
38.59
37.65
37.65
37.08
36.82
35.71
36.10
35.40
35.48
35.08
36.79
36.17
35.24
36.19
35.78
34.41
34.09
35.49
35.58
36.99
37.61
36.86
37.86
37.76
37.80
38.36
38.31
37.45
37.26
36.52
36.66
36.23
35.24
34.59
34.49
34.06
34.05
35.25
36.29
36.90
36.52
37.31
37.09
37.17
35.98
36.05
36.81
36.56
37.73
38.34
38.99
40.38
40.27
40.51
40.67
41.62
41.43
42.41
42.48
42.13
42.41
42.17
40.50
40.77
40.32
40.39
41.42
41.42
40.59
40.34
40.37
39.59
39.71
39.49
41.01
40.32
40.77
42.00
42.09
42.51
42.00
42.39
42.18
42.29
42.80
42.67
42.93
43.38
43.95
44.61
44.83
44.62
44.42
45.58
45.30
45.67
44.53
44.62
44.85
44.42
45.77
45.87
46.23
46.66
46.09
46.29
46.88
46.49
46.67
47.11
45.98
47.08
47.13
46.83
47.70
47.22
46.96
47.03
47.28
46.90
47.42
47.06
48.36
48.18
48.37
47.61
47.19
47.19
46.52
46.31
45.68
45.66
46.53
47.10
46.80
46.05
47.06
46.31
46.92
46.99
48.35
48.63
49.24
48.93
48.96
48.88
48.32
48.62
48.56
49.13
49.24
49.45
49.86
49.72
49.97
49.80
49.77
49.63
49.82
50.02
49.69
49.88
50.03
49.89
50.22
49.98
49.76
49.03
48.97
49.10
49.39
49.80
49.70
48.88
48.12
48.35
48.89
49.04
50.32
50.27
50.29
50.68
51.66
51.85
51.93
52.53
53.33
53.71
53.83
54.33
54.58
54.52
54.11
54.67
55.59
55.98
54.38
53.71
53.04
54.07
54.87
53.22
53.06
54.55
53.87
53.26
54.26
53.71
52.59
52.90
53.02
52.40
51.53
52.33
52.99
53.83
53.67
53.46
53.68
54.10
53.93
54.59
55.37
54.97
55.19
55.59
56.06
56.02
55.57
55.40
54.85
53.75
53.82
54.11
54.89
53.80
54.67
55.37
55.91
55.12
55.06
55.62
56.75
56.79
56.19
55.47
54.51
53.87
54.63
55.41
55.89
54.12
53.89
52.91
52.92
52.30
53.29
53.43
52.74
51.60
51.25
52.16
51.97
52.56
53.30
51.57
51.17
50.29
49.85
50.29
49.74
50.46
49.78
49.50
50.29
49.54
49.34
49.57
50.39
51.72
51.32
51.32
51.96
51.75
52.66
53.32
54.05
54.47
54.45
55.20
55.84
55.42
54.80
54.34
54.60
53.82
54.09
53.47
54.10
54.26
54.81
54.85
54.10
53.69
52.28
52.30
51.42
51.55
50.05
50.50
47.24
47.27
44.06
46.71
44.83
46.96
47.36
47.72
46.89
46.73
44.40
43.79
43.82
45.42
46.11
45.46
46.09
47.50
48.22
48.27
47.82
46.76
46.14
47.44
46.40
45.27
44.28
44.66
45.52
46.48
47.12
46.38
45.96
44.61
41.65
40.46
41.54
42.26
40.89
41.35
39.97
38.49
40.23
41.21
41.86
41.90
43.17
43.42
43.98
43.77
45.09
43.78
44.98
43.80
44.13
45.15
46.09
44.94
46.10
48.73
49.36
48.07
46.88
47.83
48.85
48.70
48.99
49.81
47.59
47.51
48.52
48.25
48.30
47.10
46.07
46.41
45.48
45.40
44.08
43.86
45.01
45.08
47.72
47.29
47.02
47.98
47.94
48.08
46.52
45.04
43.91
43.49
43.22
43.70
43.98
43.24
45.01
45.18
45.57
46.17
46.23
45.46
45.85
45.78
46.51
47.02
46.70
46.04
46.43
47.14
47.30
48.10
48.40
48.54
49.45
49.40
49.42
49.35
49.41
50.59
50.94
50.72
50.97
50.89
51.56
51.40
52.01
51.78
51.61
51.65
52.06
51.15
50.60
49.66
49.46
50.53
51.48
51.60
51.28
51.43
50.99
51.20
51.39
50.85
51.33
51.45
50.89
50.03
50.23
51.08
51.50
51.20
52.68
52.66
53.56
53.38
53.25
52.71
52.61
52.22
52.63
53.25
53.32
52.95
52.75
52.90
53.39
53.30
52.63
52.70
51.95
51.05
51.45
52.41
52.02
52.72
53.40
53.27
52.61
52.62
51.82
52.68
53.80
53.74
53.72
53.46
53.71
53.67
53.26
52.89
52.74
52.68
52.09
52.02
51.57
50.84
50.15
49.85
48.84
47.97
48.87
48.58
48.73
48.66
48.40
49.17
48.43
48.26
47.21
47.02
47.34
48.63
49.03
49.50
48.66
49.89
49.11
49.55
50.24
50.32
51.06
51.04
49.54
49.96
49.29
48.83
49.62
49.69
50.57
49.43
49.59
49.61
48.90
47.47
47.65
47.14
46.85
47.63
47.57
48.35
48.92
49.20
48.87
48.71
47.74
48.16
48.77
49.71
49.67
49.70
49.94
49.02
49.47
50.16
50.36
50.30
50.54
51.08
50.23
50.14
50.28
50.56
50.65
50.56
50.40
50.79
50.24
50.35
49.95
49.80
49.94
49.58
49.75
48.83
48.78
49.85
50.56
50.63
51.05
50.23
51.13
52.24
51.69
51.27
51.62
51.87
51.80
51.19
50.45
50.50
50.84
50.27
50.36
49.50
49.44
49.75
50.35
50.26
49.50
49.12
48.78
48.69
49.01
49.74
49.85
50.42
49.34
49.76
45.25
44.91
45.17
45.18
44.52
45.00
44.15
44.33
44.55
43.83
43.26
43.34
43.13
42.91
42.26
42.10
41.95
42.93
42.80
42.42
43.12
43.35
43.44
43.24
43.54
43.14
42.39
42.48
42.62
42.87
43.18
43.22
43.69
44.30
43.98
44.09
44.63
44.89
44.85
45.33
44.93
44.84
45.09
45.07
44.71
44.98
45.87
45.29
45.73
45.80
46.05
46.44
46.20
46.15
46.27
46.25
45.97
46.36
46.99
47.82
47.50
48.07
48.33
48.15
47.96
47.63
47.45
47.98
47.44
47.60
47.44
47.29
47.50
47.76
47.98
47.58
47.23
46.94
47.18
46.54
46.52
47.24
46.43
46.97
47.51
47.90
48.09
48.31
48.68
48.74
48.68
49.15
49.33
49.71
49.59
49.92
49.90
49.71
49.65
49.84
49.36
49.27
49.11
48.97
48.89
49.16
49.01
49.03
48.79
49.04
48.69
48.80
49.23
49.74
50.29
49.82
48.78
49.60
49.15
48.59
49.19
50.41
52.49
52.75
53.29
52.90
54.10
54.51
53.37
53.51
53.94
53.89
54.65
54.70
55.38
55.46
54.45
55.16
55.55
55.49
55.89
55.93
56.38
55.57
55.35
55.35
55.89
56.02
56.30
55.79
56.13
55.79
54.61
54.79
55.44
55.52
54.85
54.23
53.88
52.68
53.70
54.02
53.47
52.59
52.91
52.66
52.88
53.53
53.57
52.50
52.72
52.54
52.40
53.00
53.76
53.91
53.92
54.54
54.41
54.63
54.38
57.25
57.47
57.14
57.17
57.12
57.38
57.59
57.66
57.54
57.68
57.69
58.45
59.92
59.59
59.20
59.60
59.76
59.74
59.88
59.71
59.37
58.74
58.28
57.53
57.53
57.15
57.55
57.90
57.57
56.75
56.79
56.66
56.62
56.39
57.23
57.61
57.11
57.50
58.04
58.83
58.06
58.88
59.70
59.62
60.44
60.33
59.42
59.41
59.32
59.32
59.51
59.01
58.56
58.69
58.99
57.76
58.65
58.11
57.07
56.94
58.29
57.93
58.36
58.14
59.06
59.64
59.62
59.46
60.17
60.22
61.38
61.90
61.56
61.48
61.02
61.20
61.09
60.31
60.30
60.77
60.85
62.00
62.09
62.05
60.94
61.79
62.11
61.70
61.49
60.79
61.60
61.70
61.58
61.32
61.54
61.38
61.74
60.50
60.26
60.11
61.34
61.39
61.44
60.29
59.95
60.24
60.84
61.18
62.19
62.71
62.55
62.74
63.83
64.25
64.25
64.65
64.97
63.71
63.78
62.96
62.33
63.13
63.94
63.54
62.66
63.55
63.73
63.99
64.02
63.73
63.02
61.75
59.97
60.24
59.57
60.71
61.54
61.01
59.99
61.61
61.90
62.96
63.45
63.45
64.29
63.51
63.98
64.50
64.71
64.26
65.35
64.87
64.58
64.92
65.51
66.00
66.62
65.89
67.26
67.24
67.50
67.24
67.35
66.01
66.43
65.71
65.77
66.38
66.80
66.07
66.58
66.98
66.49
67.23
66.51
66.57
66.62
67.10
67.76
68.12
68.01
67.34
66.76
66.79
67.52
66.47
66.09
66.59
66.90
67.72
66.98
67.03
67.35
67.34
67.11
66.66
66.77
67.18
67.32
66.76
66.85
67.39
67.19
68.05
68.10
67.78
68.19
67.69
67.72
66.83
67.02
67.03
66.69
67.22
67.51
68.10
68.16
68.41
68.97
69.31
69.26
68.87
69.32
69.34
69.67
69.43
69.47
68.97
68.08
68.30
68.11
67.79
67.89
67.40
68.43
67.98
67.34
67.82
67.70
65.44
65.44
65.41
65.36
65.80
65.64
65.33
65.04
64.94
64.89
65.01
64.58
65.03
64.89
65.55
65.54
64.95
65.37
65.20
64.93
65.32
66.20
65.39
64.31
64.21
64.63
64.03
64.77
64.40
65.04
65.03
65.49
65.11
65.20
65.25
65.87
66.29
66.22
66.30
65.86
66.15
66.16
65.93
66.15
66.11
65.83
65.82
65.92
66.00
65.36
65.27
65.21
65.13
64.78
65.30
65.83
69.25
71.20
71.25
71.49
71.04
72.83
71.79
72.50
72.05
71.76
70.48
70.23
70.64
70.16
69.00
68.52
67.31
66.54
65.71
65.88
66.43
66.23
66.98
67.81
68.82
68.65
68.59
69.00
67.88
67.95
66.80
67.66
69.15
68.88
68.51
69.81
70.12
70.41
70.73
70.81
70.48
70.55
70.80
70.47
71.16
71.25
71.43
