64.94
64.50
65.94
67.25
70.69
69.31
68.75
68.50
68.38
67.25
65.31
64.38
62.50
63.06
60.56
59.31
60.81
60.50
58.62
58.50
59.25
60.00
58.88
58.69
58.25
56.75
56.62
53.94
49.50
50.06
51.00
52.50
52.06
50.81
51.69
52.44
51.25
50.38
50.12
50.31
47.81
46.88
48.19
48.81
46.12
45.25
45.25
45.56
45.06
47.50
47.94
51.31
52.19
52.50
53.12
52.12
52.69
54.12
53.00
52.19
52.00
52.06
52.50
53.81
57.06
57.44
55.69
55.00
55.62
57.62
59.62
59.00
54.56
54.25
52.88
51.00
51.94
54.06
50.62
48.00
48.44
47.44
47.12
47.19
48.06
49.19
50.25
50.19
50.50
49.56
49.25
49.75
50.00
51.94
52.38
51.31
51.38
51.25
50.25
50.00
49.06
48.69
48.94
49.00
48.12
49.25
48.69
48.56
48.56
48.44
47.88
48.06
47.12
47.31
47.25
47.06
46.38
45.75
45.56
45.12
45.12
45.00
44.69
44.69
44.00
43.12
43.75
44.69
44.06
43.75
44.00
44.75
45.25
46.12
45.31
44.31
44.38
43.94
43.31
43.69
42.88
42.88
43.50
45.00
45.50
45.19
45.25
45.38
45.62
45.56
45.50
47.00
48.06
46.81
47.25
48.19
48.94
49.50
50.12
48.81
49.25
48.50
47.56
47.38
46.88
46.56
45.56
45.19
44.88
44.88
45.44
46.56
41.12
40.81
40.31
40.19
40.38
40.25
40.00
39.75
39.56
38.56
38.75
39.06
38.81
38.19
38.31
38.62
40.38
40.56
41.31
44.38
44.25
44.56
44.69
44.50
43.44
41.25
39.88
40.25
40.00
39.75
40.19
39.88
39.62
41.06
41.00
41.31
40.12
41.81
44.56
43.62
43.06
42.50
42.38
42.88
42.50
42.62
42.31
42.00
41.50
42.44
41.12
41.69
41.19
40.69
40.31
40.56
39.81
39.69
39.94
40.69
41.88
42.88
44.31
43.12
42.81
42.69
41.69
41.75
42.75
43.81
43.50
43.19
44.94
44.12
44.56
45.75
47.06
47.62
47.75
48.12
46.56
46.38
47.75
47.50
47.56
46.12
44.69
43.94
42.44
42.75
43.50
42.62
42.12
41.81
41.81
41.44
41.56
40.25
40.54
40.40
42.76
42.45
42.13
42.25
43.04
42.50
41.90
41.50
41.41
41.61
42.11
42.27
42.55
42.51
41.49
42.05
41.63
42.27
43.42
43.01
43.40
43.55
44.90
45.76
45.85
46.55
46.61
45.45
44.18
43.40
42.75
42.34
42.66
42.65
42.20
39.86
40.53
40.96
41.56
41.01
40.95
40.06
40.70
40.00
40.10
42.26
41.80
42.59
43.51
44.15
44.71
44.57
44.30
44.44
45.41
44.86
43.96
44.58
43.76
44.07
45.77
44.70
44.40
44.82
44.33
44.30
45.73
45.36
45.44
46.00
45.97
45.76
45.95
45.95
48.13
48.56
48.59
48.84
47.15
45.54
45.50
45.60
45.72
45.55
45.08
46.02
45.44
46.21
46.35
46.50
46.25
46.35
46.75
45.89
45.31
45.55
46.00
47.10
47.02
46.70
46.28
45.82
46.67
47.05
46.74
47.61
46.21
46.25
45.81
45.82
45.59
45.19
44.84
44.91
44.60
44.18
44.10
44.97
44.75
43.95
42.50
42.11
42.45
41.90
41.38
41.72
41.85
42.51
42.01
42.27
42.59
41.52
41.03
40.92
41.12
41.54
41.37
40.20
40.33
40.51
40.80
40.54
40.88
41.09
42.20
41.64
40.80
40.45
40.31
40.75
40.56
40.25
38.38
38.17
33.99
34.51
34.00
33.77
32.64
34.52
34.31
34.51
34.40
35.77
36.28
36.77
36.72
37.62
37.50
37.36
37.60
37.65
39.60
40.27
40.11
40.40
40.68
40.18
39.90
40.06
41.71
40.80
39.75
40.00
40.36
39.85
39.88
39.80
41.00
41.85
41.75
42.75
42.82
42.39
41.56
42.75
42.83
43.10
43.70
44.23
44.52
44.75
44.91
44.47
44.01
43.77
43.45
43.68
43.10
42.93
44.05
44.90
43.65
43.04
43.05
42.50
41.50
41.40
41.72
42.81
42.55
42.31
41.85
42.05
42.25
42.26
42.40
42.32
42.32
42.70
44.50
44.62
44.13
44.00
42.83
42.81
41.89
41.77
40.30
39.79
40.40
40.35
40.44
41.75
42.60
43.15
42.27
41.58
42.65
43.37
43.12
42.01
41.90
41.60
41.54
43.10
43.95
43.90
43.44
43.85
44.98
45.80
46.37
46.27
46.32
46.55
46.25
46.84
46.63
47.70
47.61
47.35
47.24
46.80
46.69
46.61
46.77
46.85
47.76
48.39
48.46
48.80
47.81
47.66
46.65
46.25
47.64
47.15
46.31
46.75
46.21
45.18
46.02
45.76
46.24
46.92
46.80
46.40
46.17
47.24
47.76
47.05
47.15
46.01
44.40
44.36
43.51
43.69
42.85
43.34
43.61
44.51
44.90
44.56
44.65
45.75
45.76
45.11
44.45
45.99
46.34
46.38
46.10
45.80
45.76
46.10
46.15
46.15
45.88
46.01
45.42
45.60
44.65
43.77
44.10
43.36
43.52
44.10
43.42
43.21
43.70
42.25
43.00
44.02
44.17
43.76
42.69
42.45
43.16
41.75
43.15
44.35
44.25
43.52
42.75
43.82
44.72
44.85
43.90
42.60
42.85
39.90
40.13
40.64
40.05
37.40
36.30
37.00
36.40
39.85
40.60
42.10
41.62
40.84
41.12
38.42
37.96
39.00
39.40
40.60
41.55
41.80
41.17
39.70
41.10
40.65
40.66
40.23
40.40
41.01
40.70
40.35
40.80
39.43
39.00
39.63
38.80
38.50
37.24
38.24
39.00
39.92
41.01
40.08
39.34
39.35
39.16
38.57
38.35
38.20
37.55
36.75
37.27
37.90
36.70
35.02
36.13
37.31
37.61
37.39
37.14
36.00
36.02
36.00
38.62
38.90
39.94
40.42
41.68
40.63
40.68
41.20
40.65
40.39
40.00
40.38
39.64
40.85
40.65
40.40
41.37
41.51
42.32
42.30
42.05
41.13
41.23
41.26
42.25
42.37
41.81
41.62
41.61
42.04
43.09
42.91
42.65
42.90
44.60
43.42
43.66
43.10
43.08
42.41
42.51
42.27
42.63
42.72
42.54
42.60
44.08
43.12
42.28
42.63
42.45
42.50
42.37
42.12
41.76
41.60
42.16
43.08
43.40
44.15
43.58
43.65
43.40
43.56
43.57
42.45
42.28
41.94
41.35
40.45
40.75
39.80
38.33
37.90
37.76
37.20
37.00
37.94
37.24
37.30
36.57
36.70
36.50
36.03
35.85
36.35
36.64
37.67
36.97
36.63
36.86
36.87
35.76
36.38
36.33
36.44
36.43
35.50
34.88
35.05
34.71
35.47
35.40
34.91
36.04
36.88
37.47
39.20
39.26
38.99
40.01
39.71
39.79
40.09
39.49
39.21
38.75
38.56
40.10
40.10
39.86
40.42
39.76
39.03
38.80
39.26
39.40
39.77
40.17
40.25
40.16
39.90
40.76
41.56
40.81
41.08
41.76
42.06
41.45
42.18
42.52
42.67
42.30
42.00
42.08
42.60
42.90
42.62
42.27
41.91
41.10
40.52
40.60
40.60
40.74
40.67
41.64
41.07
41.21
42.40
42.50
42.50
43.05
43.13
42.75
43.15
43.35
43.40
43.19
43.50
43.70
43.52
42.99
42.45
41.52
41.71
41.70
41.86
41.74
41.31
40.85
41.61
41.40
41.75
41.68
41.75
41.38
41.73
42.04
42.02
41.76
41.50
41.67
41.70
41.29
42.23
42.53
43.28
44.20
43.09
43.49
43.70
43.13
42.75
42.80
42.47
42.27
42.51
42.82
43.00
43.13
43.17
43.05
43.70
44.62
44.71
44.81
44.29
43.82
43.20
44.11
43.60
44.08
44.54
44.45
44.32
43.74
44.38
44.30
43.64
42.90
43.03
44.05
43.52
42.14
41.83
41.66
41.06
41.02
39.97
39.60
39.61
39.67
39.55
40.00
39.86
40.42
40.55
40.19
40.62
40.50
40.25
40.40
40.10
39.86
39.87
40.51
40.50
40.78
38.96
39.30
38.60
39.11
39.20
39.41
39.72
40.36
39.96
39.80
39.53
39.46
39.94
40.06
40.40
40.27
40.35
40.01
39.50
39.40
39.31
39.00
39.17
39.64
39.84
40.96
41.32
41.78
42.09
42.44
43.25
43.37
43.26
43.70
43.77
43.50
43.99
44.04
43.86
44.05
44.20
44.47
44.72
45.32
45.36
45.36
45.22
45.53
45.62
45.40
45.54
45.30
44.63
45.00
44.10
44.18
43.40
43.99
44.16
44.10
43.91
43.73
43.00
42.45
42.58
42.52
42.70
43.75
43.50
43.66
43.58
43.17
43.63
43.96
44.33
44.16
44.00
44.21
44.27
44.46
44.96
45.36
45.23
44.80
44.75
44.75
44.49
44.79
45.40
44.78
44.56
44.41
43.60
44.19
43.03
41.70
41.48
41.89
40.94
41.10
41.47
40.88
41.06
40.54
40.45
40.72
41.42
41.51
41.84
42.10
41.79
42.36
43.33
43.33
43.70
43.48
43.12
43.56
43.24
44.06
44.60
44.66
44.63
44.56
43.75
44.06
44.29
44.32
44.19
43.22
42.94
42.75
42.66
43.17
43.30
42.57
41.93
41.10
41.57
40.84
41.45
41.65
41.01
41.40
41.78
41.70
41.89
42.12
42.00
42.47
42.93
42.90
43.01
42.61
42.50
42.64
42.92
43.26
43.67
43.69
43.37
43.42
43.29
43.30
43.70
43.80
43.42
43.87
43.91
43.76
43.55
43.67
44.02
43.62
43.12
42.63
42.55
42.56
42.76
42.64
42.80
42.50
42.54
42.45
42.50
42.38
42.15
41.32
41.80
41.44
41.14
41.71
42.40
42.26
42.62
42.45
42.23
42.36
41.38
40.79
41.21
40.78
40.62
39.88
40.38
41.05
40.91
41.00
41.06
41.59
41.46
41.75
42.31
42.50
42.24
41.91
41.90
42.11
42.62
42.76
42.63
42.73
42.60
43.10
42.77
42.78
42.90
42.51
42.22
42.35
41.99
41.67
41.54
41.35
41.65
41.87
42.36
42.78
43.07
42.91
43.25
43.58
43.30
43.30
43.01
42.42
42.60
42.57
42.56
42.31
42.12
42.16
41.98
41.69
40.98
41.58
42.17
42.60
42.65
42.94
43.05
42.96
43.68
44.00
44.12
44.03
44.31
44.09
44.22
44.06
44.10
44.35
44.46
44.68
44.71
45.07
45.30
44.87
44.90
45.15
45.56
45.45
45.22
44.89
44.84
44.46
45.67
45.91
47.01
47.80
47.72
47.55
47.61
47.83
48.55
48.89
48.85
48.88
48.85
48.90
48.87
48.91
47.57
47.38
47.32
47.17
47.21
46.91
46.66
46.75
46.75
46.80
47.28
47.12
46.65
46.01
45.74
46.38
46.41
46.69
47.42
47.56
47.80
47.80
48.06
48.77
49.22
49.41
49.64
50.21
50.84
51.04
51.60
52.24
52.04
52.64
52.65
52.88
53.23
53.06
53.45
53.10
52.68
53.30
53.84
53.60
53.67
53.41
53.47
53.20
53.11
51.40
51.42
51.45
51.20
51.21
50.91
50.94
50.93
50.16
50.52
50.88
50.62
50.20
50.16
50.88
50.70
50.68
50.27
49.20
48.41
46.96
46.38
46.15
47.60
47.25
47.52
47.61
48.05
46.95
46.01
45.80
46.26
46.94
47.10
47.81
47.85
47.84
47.80
47.42
46.70
46.38
45.80
45.84
46.12
47.24
47.10
46.91
46.94
46.80
46.36
46.75
46.75
46.41
46.40
46.26
46.10
46.13
46.71
46.21
45.61
46.77
46.77
46.79
46.41
46.85
46.50
46.55
46.50
46.57
45.43
44.59
44.52
44.21
44.45
42.76
42.71
42.47
42.40
41.71
42.80
43.91
43.63
43.83
44.20
43.88
43.61
43.87
43.66
44.01
43.57
44.04
40.88
41.27
41.85
42.33
42.00
42.44
42.60
42.86
42.62
42.24
42.40
42.41
41.56
41.05
41.10
40.77
40.75
40.80
40.73
40.54
40.36
39.93
39.81
39.65
39.22
39.17
39.20
39.32
38.66
38.97
39.45
39.39
39.50
39.85
39.65
39.70
39.87
40.29
40.10
39.31
38.65
38.61
38.57
38.30
38.20
37.87
37.90
38.52
38.83
38.48
37.95
37.64
37.80
37.69
38.29
38.31
37.93
37.86
37.60
37.73
37.60
38.60
38.61
38.86
40.02
40.95
41.30
41.37
41.64
41.54
41.71
42.67
42.82
42.92
42.86
42.08
41.75
42.09
42.10
42.19
41.77
41.90
42.21
42.37
42.73
42.70
42.72
42.88
43.21
42.73
43.02
43.05
42.80
43.23
42.95
42.80
42.69
42.56
42.85
43.11
42.76
42.27
41.90
41.93
42.03
42.82
42.74
42.96
42.93
42.93
42.45
42.27
42.61
42.59
42.61
42.63
42.12
40.76
40.22
39.99
39.88
39.70
39.85
39.46
39.53
38.62
38.99
39.42
39.62
39.22
39.13
39.00
38.85
38.52
38.78
39.03
39.04
39.60
39.79
39.53
40.26
40.63
40.71
41.22
41.35
40.80
40.12
40.17
39.90
39.96
40.28
40.32
40.56
40.28
40.39
40.11
40.31
40.31
40.82
41.45
42.60
42.60
42.50
42.41
42.61
42.72
42.90
42.35
42.36
42.27
42.16
42.06
42.03
42.28
42.59
42.47
42.75
42.68
42.78
42.90
42.72
42.91
42.79
43.05
43.24
43.80
44.22
44.26
43.70
43.80
43.41
43.38
44.12
44.13
44.39
44.70
44.52
45.29
45.17
45.34
44.74
44.16
44.00
44.10
43.58
42.96
42.31
41.66
41.89
41.59
42.17
41.95
42.09
42.15
42.24
42.85
42.40
41.76
40.82
39.53
40.28
40.27
39.75
39.72
40.25
40.56
40.13
40.12
40.21
41.68
41.48
41.69
40.81
40.52
40.94
41.57
41.48
41.40
40.87
40.38
40.64
40.13
40.25
39.44
39.29
39.64
39.16
39.70
39.96
39.44
40.01
39.85
40.11
39.40
39.61
39.60
39.12
39.07
39.50
39.52
39.30
39.10
39.14
39.10
38.94
38.82
39.28
39.99
40.35
40.11
39.84
39.72
39.50
39.38
39.12
39.32
39.35
39.65
39.96
40.00
40.25
40.07
39.60
39.73
39.50
39.74
40.10
40.80
41.11
41.94
41.92
42.05
42.03
42.05
42.41
42.78
42.74
42.90
42.84
42.52
42.48
42.73
43.01
43.40
44.74
44.63
44.46
44.68
44.87
44.92
44.82
44.77
44.79
44.61
44.78
45.71
45.29
45.24
45.14
45.31
45.36
45.47
45.36
45.08
45.12
45.64
45.34
46.45
46.80
46.77
46.58
46.94
47.26
46.98
47.44
47.51
48.25
48.18
47.88
47.60
47.69
46.55
45.90
46.50
46.56
46.52
46.60
46.71
47.14
46.70
46.98
47.03
48.41
48.14
48.44
48.76
48.77
48.29
48.50
48.88
48.89
48.47
47.93
48.36
47.81
47.58
47.75
47.88
48.34
48.67
49.84
50.15
50.21
50.46
49.55
48.34
49.50
49.51
48.61
48.70
48.22
48.46
49.89
50.04
50.01
50.00
50.36
50.65
50.95
50.88
50.73
51.33
51.61
51.82
52.00
52.33
52.36
51.77
53.01
48.63
50.13
49.95
49.83
49.58
50.01
50.21
50.50
50.90
50.31
50.29
49.11
50.27
49.51
50.10
50.68
50.68
51.00
50.62
50.28
49.73
48.94
48.83
48.67
48.99
49.10
49.49
48.71
49.57
48.87
48.44
48.49
48.87
49.37
49.71
49.22
48.56
48.76
48.75
49.71
49.64
49.20
49.15
49.13
48.80
49.47
50.25
50.60
51.18
51.03
51.15
50.15
50.21
50.05
50.27
50.60
51.42
52.10
51.84
51.55
51.65
51.26
51.15
51.02
50.75
51.72
52.32
52.65
51.90
50.88
50.17
50.21
50.59
50.11
50.34
50.30
50.85
51.38
51.51
52.10
51.50
52.00
51.23
50.32
50.12
50.68
50.45
50.93
51.70
51.80
51.81
51.55
51.21
50.96
51.01
51.16
51.30
52.30
52.62
52.83
52.45
52.65
49.69
47.83
47.13
46.46
46.68
46.73
46.15
46.74
46.25
45.75
46.92
47.31
47.28
48.00
47.62
47.10
46.86
46.20
47.04
46.80
47.44
47.91
48.41
48.44
48.50
48.02
47.99
47.94
48.39
48.36
48.21
48.01
46.56
47.11
47.11
47.30
47.70
47.60
47.59
47.80
49.38
49.41
49.13
49.38
49.20
49.31
49.78
49.19
49.50
49.71
49.29
49.30
49.24
48.84
48.87
48.76
48.51
48.50
48.93
48.31
47.75
47.82
46.84
45.66
46.29
46.84
47.24
47.97
48.44
48.21
48.04
47.85
47.04
47.23
47.39
46.97
46.80
46.42
46.39
45.47
45.77
45.04
44.84
44.57
44.43
43.79
44.12
43.88
43.81
44.88
45.54
45.65
46.01
46.36
46.29
46.53
46.74
47.23
45.77
45.30
45.49
44.60
43.62
42.94
42.25
42.78
44.21
45.07
44.80
44.13
44.11
43.91
43.42
43.51
43.00
42.57
42.63
44.09
44.43
44.41
44.76
44.82
43.76
42.55
42.00
41.26
42.12
44.17
44.33
44.33
44.66
44.29
43.76
44.68
45.46
44.53
44.56
44.57
44.63
44.76
46.20
46.28
46.04
45.07
45.77
45.73
45.38
45.06
45.54
46.38
46.87
46.85
46.15
46.06
45.58
46.59
46.43
44.86
44.09
44.99
46.50
46.05
45.57
45.00
46.24
45.40
44.57
45.55
46.80
46.50
46.03
46.00
46.34
46.53
47.64
48.42
49.00
48.69
48.50
48.82
48.68
49.07
48.60
48.50
49.37
50.62
51.54
51.68
49.77
49.46
49.58
49.16
48.83
48.53
48.67
48.13
49.15
49.25
49.25
48.49
48.49
48.20
48.47
48.96
48.91
49.16
49.15
49.23
48.67
47.91
48.23
47.42
46.72
46.96
47.25
47.82
46.78
46.23
46.44
46.54
46.30
45.89
45.17
45.53
46.00
46.52
46.50
47.07
46.28
46.45
46.09
45.45
43.87
43.63
42.82
42.36
42.58
41.92
41.63
41.06
41.10
40.95
40.87
40.99
40.54
40.70
40.43
40.45
42.00
43.71
43.52
44.20
44.87
44.05
43.60
42.83
42.80
43.63
43.69
43.22
42.11
42.31
43.46
43.33
43.16
44.75
45.65
44.57
44.35
45.23
44.46
44.07
43.52
43.27
44.25
43.42
43.50
43.75
44.45
44.43
45.05
44.37
43.68
43.24
44.63
44.35
44.07
43.75
45.00
44.74
44.02
44.26
43.82
45.40
45.17
44.49
43.42
42.49
41.29
39.45
39.90
39.86
38.71
38.70
35.87
36.00
35.19
33.76
30.81
33.75
35.36
31.92
31.36
32.58
33.64
33.26
30.77
30.02
29.05
27.76
27.53
30.00
30.76
31.38
31.65
32.27
30.48
28.84
28.90
29.70
28.45
27.16
26.08
27.28
26.63
26.01
24.08
21.75
21.32
23.21
23.16
23.25
24.27
22.16
22.26
22.50
22.31
22.50
24.61
25.75
26.01
25.70
25.06
25.65
26.22
26.90
25.53
25.22
24.39
24.40
24.55
24.60
23.98
24.59
24.75
25.20
25.82
26.55
25.45
25.51
25.28
24.73
24.76
23.76
23.17
24.36
23.28
23.30
23.37
23.10
23.09
22.11
23.50
23.71
22.80
22.37
22.60
23.16
22.68
23.65
24.17
23.44
22.75
22.02
22.35
21.18
20.88
20.75
19.83
18.83
18.42
19.07
18.86
18.29
17.39
17.28
17.69
16.79
16.46
16.05
16.29
17.79
17.86
18.91
19.56
20.03
20.40
21.38
20.47
20.90
21.92
22.05
22.87
22.51
21.51
21.90
21.62
23.90
24.86
25.20
24.04
24.22
25.44
25.99
26.12
26.17
26.70
27.92
26.66
25.52
27.50
26.50
27.57
27.16
26.95
27.81
27.75
27.36
28.17
28.60
27.97
27.53
27.30
27.51
27.45
26.40
26.74
26.65
27.16
28.15
28.10
26.94
27.29
27.21
27.45
26.92
27.71
28.84
29.78
28.44
28.45
26.40
25.69
26.25
26.15
26.71
26.61
25.57
25.16
24.59
24.66
24.69
24.04
24.05
24.54
24.43
25.02
25.19
25.42
25.63
24.78
24.40
24.01
23.91
24.26
24.08
24.25
25.09
25.73
26.90
27.13
27.59
27.51
27.83
28.28
29.65
29.92
29.54
29.19
30.02
30.48
31.01
31.61
31.51
32.19
31.95
32.12
31.88
32.01
32.30
31.77
30.81
30.98
30.54
31.54
31.99
32.20
32.26
31.97
31.48
32.10
31.67
30.91
30.53
30.96
30.92
31.63
30.75
30.75
31.63
31.38
32.08
33.28
33.50
33.37
32.87
33.50
33.10
32.13
31.55
31.94
32.50
31.74
30.58
30.06
30.39
31.42
31.61
32.02
32.34
32.87
32.68
33.92
34.04
34.01
34.08
33.52
33.30
33.18
33.00
32.32
32.36
32.00
32.30
31.44
31.64
31.65
32.09
32.46
32.77
33.56
33.20
33.80
33.75
33.91
34.48
34.28
34.75
34.17
34.22
34.60
34.45
34.68
33.99
34.01
34.96
35.09
34.77
32.02
32.12
31.53
31.02
31.60
31.71
32.32
32.06
32.34
31.95
31.65
31.90
32.26
32.55
33.00
33.40
33.56
33.58
33.65
33.97
33.54
33.72
33.76
33.83
34.05
33.67
33.96
33.90
33.80
33.92
34.03
33.10
32.25
32.54
32.54
32.25
31.93
32.40
32.92
33.00
33.26
32.50
32.03
32.10
32.29
32.04
32.00
31.88
32.24
32.74
33.02
33.48
33.78
33.45
33.69
33.04
33.13
33.58
33.87
34.02
34.03
34.71
34.98
35.12
34.84
34.90
35.35
35.10
35.53
35.95
36.89
36.61
36.52
37.82
38.04
37.81
37.50
37.50
37.37
37.13
37.50
37.84
38.43
38.43
38.45
38.80
38.67
38.45
38.50
38.52
38.56
38.48
39.02
38.70
38.55
39.25
40.32
39.31
39.19
39.72
39.80
39.82
38.42
37.58
33.66
35.75
37.78
37.65
38.13
38.51
37.41
36.79
36.98
36.00
35.69
34.59
35.36
33.77
34.94
35.49
35.95
35.19
35.32
35.21
34.32
34.06
33.95
35.38
36.16
36.85
36.79
37.07
37.03
36.97
37.94
38.01
37.41
36.73
36.41
36.14
36.12
35.00
34.55
34.09
33.75
33.73
33.99
35.26
36.20
36.32
36.81
36.62
36.45
35.93
35.62
35.61
36.25
37.09
37.54
38.37
39.79
39.99
40.05
39.91
41.05
41.10
41.60
41.92
41.47
42.18
41.26
40.19
39.79
40.14
40.00
40.81
41.05
40.26
39.95
40.32
39.57
38.71
39.36
39.50
40.32
40.12
41.12
41.84
42.36
41.86
42.14
42.08
42.20
42.56
42.47
42.45
42.83
43.34
43.88
44.33
44.35
44.15
44.85
44.85
44.82
44.39
44.25
44.46
44.21
44.87
45.63
45.58
46.25
45.99
45.86
46.47
46.16
46.12
46.28
45.71
45.74
46.69
46.63
47.26
46.04
46.36
46.69
46.78
46.60
47.06
46.44
47.67
47.94
47.89
47.35
46.60
46.76
46.13
46.14
45.13
45.43
46.15
46.67
45.90
45.80
46.38
46.12
45.63
46.32
47.70
48.04
48.59
48.71
48.85
48.30
47.82
48.14
48.54
48.56
49.02
49.06
49.18
49.53
49.81
49.57
49.61
49.33
49.44
49.80
49.56
49.56
49.96
49.28
49.55
49.73
49.35
47.22
48.25
48.94
49.12
49.10
49.53
48.68
47.65
48.31
48.29
48.26
49.13
49.41
49.73
50.09
50.74
51.45
51.41
51.81
52.51
53.40
53.35
53.50
53.61
54.11
53.80
54.21
54.45
55.11
54.12
52.91
52.36
53.10
54.22
53.16
52.76
53.71
53.05
52.90
53.09
53.11
52.06
51.82
52.50
51.30
51.10
52.09
52.71
53.44
53.53
52.89
53.26
53.76
53.93
53.70
54.57
54.90
54.93
55.20
55.00
55.60
55.14
55.03
54.70
53.70
53.17
53.35
53.89
53.19
53.73
55.00
54.89
54.71
54.91
54.54
55.69
56.21
56.00
55.09
54.05
53.59
54.34
54.79
55.37
53.89
53.31
52.55
52.50
51.92
52.19
52.95
52.42
51.23
51.19
50.50
51.55
52.05
52.45
51.46
50.63
50.11
49.75
49.86
49.52
49.78
49.70
49.36
49.75
49.37
48.64
49.34
49.46
50.79
51.25
49.87
50.92
51.19
51.91
52.54
53.32
53.56
54.36
54.33
55.52
54.66
54.34
54.32
54.40
53.62
53.60
53.03
53.75
53.93
54.39
54.60
54.04
53.46
52.07
52.29
51.29
50.96
50.04
48.97
47.21
45.87
43.60
43.71
44.70
44.79
46.85
47.00
46.29
46.51
44.00
43.65
43.61
44.00
45.08
45.14
44.18
46.52
47.21
47.80
47.74
46.28
44.87
46.71
46.14
44.92
43.76
44.03
44.38
45.69
46.36
45.33
45.93
44.57
40.83
40.21
40.40
42.01
40.80
40.55
39.94
38.48
37.10
40.00
40.95
41.40
42.53
42.88
43.54
43.02
44.12
43.68
43.20
43.62
43.15
44.45
45.22
44.94
44.99
47.82
48.30
48.03
46.21
47.17
47.67
47.87
47.96
48.78
47.29
47.07
48.20
47.95
47.63
47.00
45.55
45.91
45.05
45.06
44.07
43.79
44.64
44.81
46.73
47.12
46.95
47.47
47.62
47.38
46.38
43.31
43.60
43.16
43.06
43.35
43.60
43.06
44.06
44.48
45.19
45.54
45.90
45.33
45.46
45.23
46.27
45.84
46.00
45.96
46.10
46.99
47.01
47.29
47.84
48.44
48.46
49.13
49.20
49.07
48.76
49.21
50.73
50.72
50.16
50.35
51.42
51.11
51.75
51.44
51.26
51.21
51.44
50.92
50.59
49.34
49.29
49.34
50.85
51.31
51.24
51.18
50.73
50.44
51.17
50.63
50.82
51.11
50.66
49.90
49.97
50.54
51.09
51.00
51.46
52.42
52.63
53.30
52.71
52.60
52.34
51.95
51.88
52.88
53.25
52.58
52.42
52.69
52.52
52.91
52.25
52.50
51.59
50.84
51.31
51.56
52.01
52.24
53.02
53.14
52.10
52.46
51.54
51.78
53.23
53.37
53.63
53.33
52.97
53.06
53.04
52.80
52.23
51.85
51.85
51.90
51.33
50.66
50.01
49.84
48.80
47.81
48.04
48.31
47.81
48.07
48.22
48.60
48.35
47.71
47.16
46.44
46.80
47.74
48.95
48.58
48.58
48.75
48.95
48.90
49.57
49.83
50.65
50.69
49.43
49.50
48.90
48.50
48.95
48.92
49.98
48.73
49.39
49.28
48.50
47.40
47.30
46.15
46.25
46.91
47.13
47.51
48.02
48.70
48.20
47.53
47.45
47.74
48.48
48.97
49.46
49.44
49.70
48.68
49.26
49.55
49.98
50.06
50.14
50.22
49.85
49.86
49.94
50.16
50.40
50.20
50.30
50.03
50.19
50.09
49.85
49.62
49.68
49.54
49.50
48.72
48.63
49.19
49.82
50.49
50.63
50.06
50.00
51.13
51.48
51.13
51.30
51.19
51.35
50.85
50.44
50.15
50.42
50.16
50.15
49.31
49.15
49.56
50.04
49.95
49.46
49.04
48.76
48.50
48.59
49.12
49.61
49.61
49.07
49.07
44.89
44.71
44.93
44.92
44.50
44.50
44.03
43.85
44.17
43.50
43.15
43.02
42.96
42.40
42.21
41.82
41.67
42.39
42.50
42.35
42.70
42.90
43.10
42.63
43.34
43.08
42.26
42.26
42.25
42.56
42.61
43.01
43.25
44.18
43.63
43.98
44.22
44.45
44.80
44.70
44.50
44.47
44.76
44.28
44.60
44.10
45.55
45.11
45.34
45.41
45.47
46.10
45.67
45.67
46.21
46.11
45.62
46.19
46.40
46.87
47.32
47.61
47.93
47.87
47.92
47.52
47.25
47.43
47.39
47.55
47.30
46.82
47.34
47.44
47.50
47.50
47.13
46.57
47.06
46.36
46.02
46.60
46.43
46.48
46.87
47.45
47.28
47.76
48.56
48.55
48.62
48.98
48.99
49.14
49.46
49.69
49.64
49.23
49.29
49.54
49.26
49.13
48.86
48.52
48.56
48.90
48.80
48.85
48.55
48.56
48.30
48.21
48.75
49.29
49.76
49.32
48.74
49.22
48.59
48.23
48.74
49.28
50.11
52.25
52.61
52.56
52.93
53.81
53.30
52.57
53.90
53.73
54.00
54.36
54.64
55.00
54.43
54.42
54.97
55.25
55.25
55.66
55.83
55.33
53.81
54.56
55.65
55.33
55.79
55.79
55.42
55.39
54.46
53.88
54.93
54.95
54.51
54.18
53.36
52.16
52.97
53.70
53.46
52.36
52.28
52.02
52.39
52.73
53.39
52.49
52.04
52.28
52.19
52.46
53.42
53.61
53.63
54.13
54.06
54.36
54.10
54.68
56.93
56.90
56.91
57.00
56.50
57.01
57.11
57.12
57.16
57.61
58.10
59.34
59.30
59.04
59.05
59.31
59.29
59.29
59.06
59.20
58.37
58.16
57.47
57.31
57.06
57.17
57.34
57.55
56.64
56.26
56.50
56.45
56.09
56.23
57.20
56.53
57.35
57.65
58.09
57.66
58.17
59.24
59.29
59.12
60.27
59.42
59.25
59.18
59.20
59.22
58.94
58.24
58.20
58.29
57.72
57.50
57.89
57.04
56.46
57.41
57.47
57.48
58.03
58.30
58.87
59.33
59.12
59.33
59.90
60.00
61.42
61.33
61.33
60.66
60.91
60.84
59.71
59.76
60.20
60.71
60.62
61.74
61.77
60.37
61.28
61.57
61.62
61.27
60.59
60.97
61.28
61.38
61.16
61.30
61.34
61.59
60.32
59.88
59.97
60.58
61.09
61.11
60.20
59.85
59.96
60.52
60.41
60.62
61.78
62.32
62.56
62.71
63.78
63.92
64.12
64.39
63.67
63.55
62.87
62.10
62.08
63.25
63.10
62.50
62.67
63.42
63.31
63.65
63.57
62.89
61.26
59.95
59.69
59.35
59.69
60.72
60.53
59.95
60.36
60.64
61.93
62.65
62.79
63.35
63.26
63.05
63.66
64.08
64.21
64.11
64.87
64.58
64.40
64.75
65.19
65.98
65.41
66.61
66.90
67.33
67.05
66.91
65.95
65.52
65.38
65.68
66.07
66.44
65.66
65.73
66.87
66.00
66.68
66.49
65.90
66.30
66.81
67.01
67.53
67.66
67.00
66.40
66.18
66.87
66.39
65.91
66.07
65.98
67.20
66.58
66.89
66.78
67.10
66.73
66.45
66.23
66.84
66.70
66.36
66.62
66.63
66.91
67.07
67.81
67.49
68.02
67.41
67.59
66.34
66.32
66.85
66.43
66.88
67.12
67.50
67.92
68.13
68.05
68.63
69.05
68.73
68.55
68.54
69.36
69.30
68.85
68.83
67.84
67.86
67.73
67.59
67.27
67.28
67.58
67.83
67.22
67.34
67.30
64.35
64.87
64.68
64.75
65.29
65.10
64.95
64.98
64.53
64.69
64.97
64.50
64.64
64.81
64.89
65.07
64.61
64.45
65.07
64.85
64.97
65.37
65.24
64.17
63.70
63.78
63.81
63.89
64.22
64.13
64.89
64.73
64.78
64.71
64.64
65.50
65.81
66.04
66.16
65.77
66.03
65.88
65.84
65.52
65.90
65.58
65.73
65.75
65.66
65.35
65.21
64.63
64.79
64.52
64.75
65.04
68.19
69.75
71.22
71.00
70.86
71.02
71.78
71.72
71.63
71.57
69.85
69.72
70.21
69.95
68.98
67.82
67.18
66.48
65.62
65.37
64.55
65.50
66.58
66.95
68.08
68.63
68.25
68.14
67.67
67.33
66.22
66.51
68.11
68.27
68.20
68.68
69.62
69.94
70.03
70.63
69.96
70.22
70.50
70.21
70.33
70.91
70.62
