-2.72049689441
1.19421747329
-13.0030621172
2.60323159785
14.4030808729
-10.8083352416
113.336590132
3.1234256927
-8.05928670681
12.9479466388
16.9113149847
-6.57142857143
1.53756890049
-2.9014084507
-6.67718191377
-6.99266503667
-3.65135453475
-6.5801056338
-8.82825040128
0.10042177144
-17.4158235197
0.5336001334
0.620805369128
0.3367003367
-4.10074265418
-3.18849640513
-3.86175807663
-6.25440202845
-8.26980230004
-13.646507476
-3.76892515838
1.60375300022
3.43037689009
3.67337388863
25.7058823529
-12.3372437798
14.0399882388
3.53120243531
-5.15374621048
-1.46514935989
2.38858141567
15.5503197577
-7.94732765298
-14.0822574205
-11.7778299671
3.99316155819
7.35448348191
-11.0125991601
3.65175332527
-1.99099312633
-8.41202648432
2.81218613994
3.60735345127
-7.24932975871
7.24554341576
-11.7706747844
0.705088902514
-4.42426018166
12.714663144
