77.88
76.50
77.81
80.19
84.00
83.56
83.62
82.81
83.12
83.00
82.38
83.69
82.69
83.31
83.00
83.81
82.69
79.75
78.88
77.88
81.38
83.25
80.06
80.06
79.50
78.69
76.00
75.31
72.69
74.44
77.44
78.38
77.31
75.00
74.50
73.12
71.50
70.00
69.88
72.94
73.19
75.56
74.25
72.00
72.00
77.50
77.44
76.31
74.38
74.62
74.69
75.88
77.00
74.31
75.62
74.44
74.31
75.62
75.75
75.62
77.75
77.69
77.81
77.69
79.94
79.50
80.06
79.06
78.12
78.69
79.69
78.81
78.00
75.12
75.00
76.00
77.06
77.19
80.12
79.31
78.62
77.69
77.69
78.00
77.00
77.81
78.69
79.38
78.75
79.62
81.50
81.69
81.75
82.25
80.50
80.94
79.94
82.25
81.62
82.06
80.69
81.56
81.81
82.31
80.88
78.62
79.00
78.75
80.88
79.94
79.12
79.88
81.00
81.75
81.75
82.62
82.50
81.75
81.81
82.00
82.69
82.75
81.94
81.56
81.00
77.69
78.75
76.56
77.56
78.00
78.00
78.12
78.61
77.38
76.44
77.75
77.50
78.12
78.00
76.88
75.88
75.12
75.75
77.00
79.62
79.19
79.75
81.25
81.00
79.94
80.69
80.38
81.06
81.00
81.12
81.56
81.25
81.62
82.75
82.25
82.75
83.00
83.75
82.50
82.44
82.56
82.25
81.19
81.38
81.75
82.56
83.00
83.50
82.25
83.44
84.75
85.25
84.81
86.62
89.00
87.88
86.44
85.56
84.88
84.31
86.00
86.69
88.56
89.00
89.38
90.50
88.75
87.94
89.06
89.25
91.50
93.38
92.94
89.56
87.44
87.31
86.44
85.81
86.31
87.12
86.50
87.00
87.56
86.25
87.56
87.56
89.94
88.12
87.38
86.81
88.62
89.00
88.19
89.56
88.31
89.25
89.88
89.94
89.81
90.56
91.19
92.12
93.94
92.75
92.31
88.69
86.56
87.94
88.75
87.75
85.69
86.50
86.81
85.62
85.94
86.75
85.12
84.12
84.06
86.12
85.12
84.75
84.62
86.81
87.19
86.62
86.00
86.50
85.25
81.94
82.81
82.75
81.44
80.44
81.38
80.94
80.56
79.62
79.00
78.69
79.25
80.12
81.00
82.00
80.69
79.69
80.20
82.75
82.80
82.90
83.25
83.60
83.81
84.00
84.75
85.37
84.40
83.50
81.55
83.00
82.65
83.50
83.50
82.76
82.65
81.90
80.90
80.77
82.18
82.87
83.20
83.41
84.01
85.26
83.75
82.48
81.95
81.45
81.68
81.25
80.61
79.58
75.20
76.51
77.79
79.07
77.80
77.40
79.00
79.06
77.00
77.83
79.30
79.10
81.92
83.00
81.60
81.51
82.12
83.50
83.71
83.69
84.30
85.90
87.20
87.70
88.55
88.20
88.55
88.15
86.26
85.45
86.11
87.25
87.60
88.89
88.03
86.65
88.10
88.65
89.04
88.27
88.80
88.72
88.48
86.98
87.30
87.71
87.80
87.99
88.30
88.17
89.71
89.83
89.22
88.95
88.39
89.30
89.41
89.50
88.55
88.75
88.32
88.05
87.70
86.71
87.85
88.02
88.38
87.21
86.16
86.55
87.45
86.86
86.86
86.30
86.18
85.75
84.05
84.10
85.33
85.56
84.95
83.45
42.60
43.15
42.15
40.52
41.15
41.29
41.86
42.16
41.75
41.51
41.39
40.80
40.73
40.88
40.99
40.60
40.75
41.26
40.82
41.00
40.86
40.18
40.35
40.05
40.62
40.51
40.72
41.00
40.50
40.38
40.15
40.11
40.51
40.10
40.60
40.35
40.40
39.77
39.02
36.13
36.80
35.01
35.40
35.25
35.78
36.50
38.90
38.05
38.60
39.00
39.66
39.96
40.02
40.38
40.90
41.77
41.51
41.41
41.32
41.42
40.16
39.61
40.20
40.46
39.78
39.30
40.30
40.48
39.27
39.35
39.05
39.37
39.00
38.26
38.65
39.15
39.81
39.40
39.90
38.42
36.79
36.93
36.76
37.60
37.80
37.41
37.35
37.00
36.81
37.11
37.19
37.04
37.60
38.50
37.30
37.30
37.51
36.75
36.91
36.41
36.52
36.54
37.41
37.41
38.14
38.50
38.82
39.12
39.45
39.66
39.16
38.90
39.41
39.60
39.49
39.50
39.10
39.06
38.45
38.50
38.88
38.46
38.60
38.28
38.01
38.50
38.51
38.70
38.71
37.95
37.80
38.30
38.80
38.26
37.85
38.13
38.21
37.99
37.96
37.60
38.12
38.67
38.90
38.72
38.45
39.06
39.05
40.62
40.60
40.58
41.25
41.65
42.11
42.19
42.38
42.60
42.67
43.18
43.46
42.95
43.01
43.31
43.34
43.52
43.33
43.20
43.12
42.84
42.95
43.58
43.71
43.80
43.87
43.40
42.95
42.25
43.03
42.47
42.50
42.34
41.25
41.60
41.90
41.92
42.05
42.06
41.64
40.42
40.20
40.01
39.80
39.60
39.89
39.69
40.31
40.21
39.12
39.03
38.85
39.25
38.75
38.68
40.07
39.51
39.94
39.74
39.50
39.73
39.84
40.30
40.01
39.55
39.51
39.12
39.58
38.99
38.74
38.71
38.91
39.11
38.96
38.93
39.14
39.22
38.50
39.35
39.69
38.99
39.41
39.00
39.25
39.34
38.90
39.30
40.07
40.48
39.80
39.62
39.79
40.16
39.70
37.70
37.06
36.15
33.87
34.52
35.30
34.50
31.70
29.75
29.99
30.50
33.09
33.75
35.34
35.20
35.25
33.51
32.80
32.32
33.07
33.00
34.10
34.95
35.10
34.80
34.91
36.58
36.51
36.45
35.61
35.80
36.34
35.86
35.95
36.44
35.32
34.65
34.75
33.41
32.51
32.95
33.98
33.65
34.18
34.47
33.50
32.80
33.70
32.97
32.76
32.22
32.50
32.49
31.80
31.70
32.50
32.79
31.18
32.03
32.25
32.65
32.68
33.00
32.42
32.07
32.53
33.68
34.23
35.20
35.48
35.75
35.60
35.50
34.46
33.97
34.32
34.14
34.22
32.57
33.30
33.11
33.72
34.02
34.30
34.20
34.01
34.41
33.60
33.78
33.00
33.83
34.22
34.53
34.86
34.85
34.60
34.05
33.92
33.82
34.25
34.63
34.10
34.30
34.17
34.41
34.34
34.39
34.25
34.65
34.66
34.52
35.30
35.20
35.01
34.91
35.12
35.65
35.40
35.21
34.60
34.72
34.21
34.97
35.20
35.41
35.14
34.81
35.10
35.10
34.88
34.85
34.75
34.89
34.70
33.90
33.39
33.21
32.40
31.58
32.05
32.96
33.19
32.99
34.03
33.85
33.95
33.17
33.06
33.16
33.01
32.69
32.32
32.60
33.36
33.47
33.45
33.53
33.82
33.54
33.63
33.81
33.92
34.20
34.17
34.22
34.41
34.08
34.35
34.55
33.23
33.92
34.04
34.32
34.62
35.21
35.26
35.57
35.30
35.55
35.73
35.52
35.62
34.87
35.13
35.61
34.94
35.20
35.00
34.45
34.40
34.32
34.20
34.26
34.61
34.48
34.47
34.70
34.50
34.81
34.90
34.50
34.82
34.70
34.69
34.99
35.48
35.40
35.06
35.11
35.13
35.17
35.21
35.32
35.12
35.08
35.23
35.02
35.12
35.08
35.59
35.72
35.75
36.20
35.82
35.95
36.36
36.55
36.88
36.78
37.15
37.21
37.23
37.71
37.87
37.45
37.73
37.56
37.05
36.85
36.79
36.65
36.75
36.60
36.31
36.21
35.91
35.55
35.86
35.80
36.00
35.51
35.31
35.49
35.32
35.25
34.94
34.91
34.90
35.17
35.28
35.26
35.30
35.21
35.17
35.58
35.32
35.32
35.46
35.21
35.12
35.31
35.25
35.61
36.35
35.58
36.35
36.39
36.56
36.66
36.83
36.45
36.46
36.70
36.50
36.32
36.36
37.05
36.99
37.30
37.50
37.90
37.97
37.78
37.90
37.80
37.80
37.94
37.57
37.46
37.27
36.81
36.75
36.81
36.35
36.75
36.83
37.00
36.55
36.61
36.41
36.60
37.01
37.75
37.82
37.74
37.81
37.84
38.05
38.36
38.20
38.30
38.49
38.52
38.33
38.27
37.25
36.95
37.12
37.64
37.62
37.01
36.12
36.44
36.55
36.20
35.93
35.75
35.49
35.45
35.96
35.92
35.90
35.40
35.37
35.14
35.05
35.11
35.16
35.40
35.46
35.84
36.13
36.22
36.27
36.45
36.25
36.61
36.86
37.53
37.58
37.76
37.77
37.60
37.86
38.42
38.98
39.30
39.20
39.20
39.56
39.81
40.09
40.53
40.69
40.40
40.98
40.96
40.54
40.31
40.02
40.52
40.43
40.31
40.22
40.08
40.50
40.81
40.95
40.75
40.88
41.11
40.41
41.16
40.57
40.39
40.38
40.05
40.09
40.10
40.21
40.50
40.98
41.55
41.62
42.13
41.80
41.86
41.90
42.15
42.21
42.29
42.30
42.11
42.31
42.01
41.60
41.68
41.65
42.40
42.32
42.43
41.14
41.36
41.65
41.69
42.16
41.96
41.47
40.83
40.46
39.91
40.01
40.32
40.86
41.26
41.43
41.43
41.60
41.95
42.00
41.88
42.16
42.60
42.80
42.51
42.50
43.55
43.47
42.70
42.40
42.60
42.77
42.97
43.06
43.12
42.50
42.55
42.83
43.25
43.21
43.51
43.05
41.59
42.00
42.26
42.55
42.73
43.01
42.55
42.44
42.52
42.45
42.50
43.00
43.28
43.01
43.06
43.38
43.71
43.55
43.21
43.62
43.72
43.10
43.62
43.71
43.93
44.25
44.65
44.65
44.65
44.40
44.83
45.26
44.25
44.00
44.23
44.17
44.20
44.33
44.74
44.90
45.21
45.22
45.14
44.85
44.95
45.20
45.48
44.40
45.74
45.17
45.08
45.08
45.10
45.15
44.60
45.76
45.98
45.86
46.31
46.14
45.58
45.00
45.23
45.12
44.50
44.53
44.56
44.86
44.20
44.32
44.76
45.14
44.85
44.51
44.90
44.93
45.35
45.09
45.24
46.03
46.45
46.88
46.65
46.95
47.10
47.12
47.37
47.38
47.36
47.30
47.72
48.12
48.49
48.71
47.68
47.60
47.65
48.13
47.61
47.99
48.36
48.52
49.10
48.40
49.33
49.74
49.41
49.33
48.18
48.53
48.65
48.70
48.23
48.25
48.50
48.63
48.52
48.70
48.50
48.25
48.32
48.51
48.25
48.58
49.45
49.76
49.96
49.26
48.90
49.31
49.43
49.16
49.40
49.56
49.80
49.99
50.30
50.87
51.06
51.59
50.82
51.21
50.84
49.94
49.60
49.92
49.50
48.90
49.35
49.89
50.35
50.38
50.32
49.65
49.64
50.00
50.86
50.75
51.17
50.86
51.00
50.80
51.02
51.00
49.87
49.68
49.45
49.25
49.52
49.81
49.63
49.82
50.40
50.52
50.90
51.00
50.35
50.44
50.91
51.10
51.31
51.23
51.11
51.35
51.93
53.31
53.54
54.28
54.61
54.84
55.09
55.60
55.96
56.07
56.52
56.84
58.02
58.02
58.25
58.37
59.53
61.50
62.10
61.99
62.03
62.30
62.75
62.58
62.80
60.70
59.50
60.17
60.04
60.27
59.47
60.64
61.53
61.80
60.81
59.61
58.55
58.36
58.04
57.38
59.54
59.93
60.12
59.85
59.97
60.17
60.00
59.36
59.80
58.94
58.60
56.10
55.40
57.35
57.01
57.39
58.45
59.60
59.27
58.10
56.00
56.10
56.47
56.15
56.07
57.11
57.50
57.60
57.00
56.55
54.50
53.58
52.78
53.08
53.42
53.52
53.96
54.14
54.62
54.81
55.71
56.29
56.10
56.33
56.76
57.00
57.02
57.42
56.70
56.70
57.57
57.79
58.18
58.65
59.12
60.12
60.32
59.50
59.10
59.02
58.15
58.32
58.84
57.94
57.46
57.60
58.46
59.03
58.29
58.97
58.72
59.40
59.37
58.31
57.88
57.69
57.93
57.99
57.85
58.15
59.45
59.50
58.85
58.97
58.75
59.14
59.27
58.87
58.50
57.76
58.44
59.11
59.57
60.06
60.63
60.41
59.07
57.84
57.78
58.37
58.51
58.37
58.74
58.50
58.41
58.12
58.19
58.65
60.10
60.46
60.25
60.70
61.00
61.60
62.35
61.73
61.89
61.80
62.88
63.90
64.21
64.77
64.08
63.60
63.50
63.75
63.85
64.11
63.30
62.40
60.41
58.90
57.90
58.80
58.30
58.84
58.51
57.32
57.14
58.66
56.30
55.65
54.50
55.06
55.31
56.25
56.20
55.28
54.79
56.06
56.01
56.17
57.39
57.25
56.87
56.75
56.85
55.84
56.18
56.16
56.26
56.13
57.15
57.15
58.50
59.12
59.21
59.96
58.64
58.26
58.00
58.37
58.68
59.33
59.55
58.57
58.82
58.05
58.50
58.91
59.05
59.20
58.05
57.63
57.66
57.30
56.90
56.65
55.60
56.05
56.10
55.78
56.42
58.06
57.87
58.76
59.27
59.16
59.32
59.60
59.51
61.08
60.12
60.42
60.35
60.12
60.75
59.55
59.57
60.31
62.79
62.30
61.91
61.21
61.03
61.65
60.40
59.68
59.74
58.60
59.11
58.80
59.05
59.51
60.21
60.65
59.96
59.63
60.18
59.90
59.10
59.53
59.98
60.81
59.94
59.45
59.15
58.86
58.44
59.45
59.44
60.41
60.85
60.99
60.33
60.37
60.62
60.92
60.91
60.93
60.86
60.95
61.00
60.82
60.87
60.43
61.55
61.60
61.23
61.50
61.80
61.20
61.00
61.61
62.45
62.93
63.33
64.10
64.24
63.13
63.01
61.00
62.52
63.32
63.82
63.20
62.89
63.20
63.17
63.43
63.00
63.25
62.06
61.35
61.54
59.94
59.86
59.50
59.56
60.19
59.15
60.52
60.86
60.11
59.76
60.01
60.51
60.00
59.90
58.80
57.82
58.50
58.13
56.65
56.64
57.96
58.17
57.21
57.26
57.25
57.65
58.01
57.91
58.97
59.80
61.13
61.35
61.71
61.63
62.66
62.49
62.78
63.20
63.35
63.69
63.97
63.57
63.95
63.65
64.12
63.91
64.20
64.92
65.47
66.45
66.24
66.76
67.21
68.12
68.04
67.94
68.48
69.01
69.18
68.39
68.85
68.79
68.17
67.31
67.01
67.72
69.30
69.36
69.04
69.61
70.34
69.75
68.84
67.75
67.60
67.37
67.50
67.08
66.85
66.78
64.62
64.11
64.70
64.43
64.42
64.90
65.13
63.93
64.29
64.30
63.87
64.50
66.14
66.92
66.79
66.90
65.25
64.84
66.94
66.50
66.50
65.96
66.25
66.86
67.87
68.42
68.97
68.77
69.07
69.33
68.72
69.58
69.36
70.66
71.28
70.51
70.01
70.27
70.43
71.33
71.90
72.18
72.23
73.65
74.05
73.87
73.75
74.00
72.61
71.76
72.30
72.49
72.12
71.85
72.14
72.65
74.17
76.05
75.81
76.51
77.47
76.25
75.28
75.44
74.82
75.31
75.94
77.25
77.13
75.36
74.90
75.74
75.16
75.29
75.40
76.01
76.65
76.20
73.51
72.21
72.22
71.85
71.44
70.64
70.77
71.20
71.25
71.41
71.19
72.20
72.50
73.47
73.75
73.36
73.45
72.80
73.33
73.48
73.81
74.45
75.06
75.04
74.53
74.24
74.91
74.33
74.59
74.99
74.72
75.01
74.29
74.25
74.20
75.04
75.26
71.38
71.18
70.05
69.31
69.02
70.20
70.56
71.20
70.90
70.70
69.73
69.64
70.40
69.52
70.11
71.02
71.87
73.47
74.65
74.51
75.00
75.21
75.57
74.94
75.28
75.63
76.03
76.88
76.68
76.75
76.68
76.46
77.08
77.04
77.95
77.76
77.15
78.00
79.10
78.50
78.76
79.57
79.88
79.38
79.05
79.37
79.80
80.22
80.22
80.26
80.40
79.31
79.63
80.73
80.95
80.31
81.01
82.08
83.30
82.73
82.69
81.89
82.66
81.91
81.96
83.12
83.47
83.80
83.65
83.05
81.76
81.23
82.34
81.95
82.25
83.45
85.04
85.86
85.71
82.77
83.12
82.11
82.11
81.56
80.85
83.18
83.06
84.12
84.64
84.15
85.37
86.25
86.32
85.90
87.29
89.39
88.73
89.01
88.75
91.20
91.27
91.30
90.84
89.35
86.53
85.49
84.28
84.92
83.61
83.51
81.53
80.42
82.52
85.35
83.60
82.10
82.51
81.99
81.36
78.76
81.98
82.80
82.51
83.03
83.05
83.74
84.72
83.00
83.22
84.36
85.41
85.31
86.28
87.02
85.21
83.88
84.57
86.73
87.71
87.87
88.30
89.16
91.87
91.84
92.09
91.30
90.21
91.51
91.68
92.14
92.21
91.30
90.72
90.33
90.64
90.16
90.99
91.55
91.87
92.81
94.15
94.46
93.33
94.15
92.00
89.67
90.00
90.50
90.62
91.50
92.29
90.76
90.50
88.00
86.84
86.51
87.76
87.16
87.61
86.52
83.74
83.37
85.74
83.85
84.50
84.00
84.97
86.73
86.91
85.47
84.00
86.01
87.50
87.81
88.14
87.71
88.76
89.51
90.77
91.58
90.00
90.87
90.86
91.18
89.40
89.04
90.44
90.93
92.32
93.33
93.64
93.67
93.52
93.51
92.78
93.51
91.88
90.25
89.68
89.50
90.07
90.00
90.08
88.49
85.91
83.49
82.80
79.50
77.55
83.03
83.60
82.54
84.45
84.35
83.10
84.85
84.85
82.10
81.09
80.36
80.96
81.04
83.30
84.50
85.32
84.39
86.52
86.17
86.18
86.03
87.07
88.40
89.12
88.85
86.25
86.58
85.50
86.05
84.44
81.97
82.00
83.55
85.68
84.90
84.79
83.54
86.12
84.35
82.75
85.04
84.33
84.91
86.07
85.00
84.58
84.26
86.69
87.90
88.31
88.69
88.23
89.11
88.66
88.49
88.53
89.65
90.76
92.20
92.93
93.38
93.81
93.28
92.14
91.71
92.32
91.79
92.17
88.30
89.11
89.26
89.00
88.67
88.52
87.97
87.60
88.53
89.59
89.96
91.61
92.78
93.93
93.46
92.41
90.66
89.03
88.88
89.25
88.42
87.42
85.61
85.00
86.12
86.67
87.16
86.82
87.77
86.82
86.32
87.79
87.48
87.20
85.50
84.77
85.09
86.34
85.95
86.37
86.14
86.81
86.75
87.24
86.90
86.38
84.86
84.12
83.76
84.31
84.48
81.87
79.41
79.10
79.93
81.11
81.57
80.60
79.73
80.76
80.65
79.75
80.53
80.19
79.45
76.14
76.21
77.24
77.31
76.31
77.04
76.51
76.80
76.91
76.19
76.30
76.37
77.38
79.00
79.15
78.64
78.82
80.00
79.89
80.01
77.28
77.01
75.70
74.69
76.00
73.26
73.54
73.62
75.51
73.25
71.51
74.82
74.55
78.22
78.53
77.58
77.02
78.50
78.61
74.06
75.17
74.93
76.44
77.55
73.73
74.96
74.00
67.47
56.51
63.88
68.71
61.33
59.17
65.60
69.74
69.21
63.90
64.39
64.00
65.00
67.06
73.06
71.44
73.25
72.50
75.07
72.84
69.40
70.48
72.80
71.59
68.70
67.54
71.90
73.00
73.03
73.05
68.30
69.15
75.31
76.92
76.58
79.20
74.31
74.93
75.73
75.02
72.68
78.19
77.51
78.87
79.41
77.84
78.86
80.07
81.06
76.20
75.02
73.27
74.52
74.45
76.04
77.09
77.58
78.29
78.90
80.68
79.63
77.56
77.90
77.38
76.01
76.46
74.32
74.01
76.52
76.00
76.00
76.59
75.78
77.87
77.62
77.14
76.64
76.00
75.66
76.67
77.05
76.43
78.70
78.70
75.69
73.61
72.70
74.44
71.16
71.27
71.77
70.21
69.06
69.65
70.50
70.87
67.90
64.84
64.08
64.79
62.13
61.86
62.87
65.34
65.35
65.72
66.37
66.57
66.36
66.86
67.94
65.67
66.86
69.15
68.76
69.82
69.29
67.58
67.74
66.50
69.70
69.40
69.01
68.03
67.89
69.25
67.76
66.35
67.23
66.82
66.58
65.18
64.87
64.56
64.50
65.91
65.05
65.36
67.11
66.22
66.08
67.67
67.16
67.44
67.62
69.39
68.84
69.55
69.43
65.60
68.59
69.50
70.07
69.35
67.99
68.39
67.91
68.17
68.13
68.95
70.25
71.44
71.33
72.07
72.03
72.00
72.37
72.84
73.12
73.10
72.25
71.58
70.84
71.16
70.42
68.69
68.51
68.18
68.08
68.86
69.13
69.11
70.41
68.00
66.36
66.37
65.50
65.71
64.75
64.46
65.46
66.89
67.48
67.85
68.13
69.33
69.52
69.73
71.26
71.75
71.11
70.30
69.91
69.43
70.30
70.00
69.61
69.41
69.35
69.03
67.95
68.15
68.17
67.65
66.51
66.26
66.09
67.87
69.21
69.93
70.55
69.90
69.99
69.95
68.95
68.11
68.12
67.83
68.13
69.70
70.09
70.40
69.75
69.04
69.45
69.18
69.80
69.68
69.00
69.70
68.85
68.35
68.41
68.64
68.95
68.04
67.09
66.50
66.11
67.78
67.96
68.70
68.63
69.44
69.52
70.75
71.51
72.31
73.00
72.36
72.51
73.01
72.97
73.13
73.30
73.84
72.10
71.05
71.16
71.16
71.04
71.58
71.50
72.45
72.45
72.53
71.71
71.73
73.33
74.49
74.71
74.05
74.03
75.32
74.80
75.66
74.35
74.35
75.29
75.35
74.91
73.91
73.59
72.41
72.10
72.21
72.32
69.28
68.82
68.42
68.13
67.64
68.22
68.50
68.20
68.16
68.74
68.80
68.39
68.11
68.19
68.80
69.34
69.42
69.22
69.65
69.52
69.26
69.35
68.65
68.42
67.93
66.50
66.00
65.69
65.50
65.00
64.57
64.02
65.35
66.47
66.56
64.68
63.56
64.34
64.56
64.16
64.41
64.28
65.08
65.57
65.35
65.43
65.25
64.15
64.77
64.37
64.92
65.09
65.15
65.38
65.08
65.78
66.23
66.22
66.78
66.98
66.50
65.90
66.00
66.80
67.01
66.43
66.32
66.45
66.23
66.24
66.17
66.59
66.79
66.60
67.19
67.72
67.80
66.97
66.85
68.07
68.58
68.07
68.36
68.15
67.71
67.57
68.50
68.57
68.22
68.18
68.93
68.20
68.61
68.24
67.73
67.18
66.00
65.83
58.46
63.23
64.52
64.23
64.50
64.32
62.91
62.26
62.42
62.00
60.21
59.16
60.13
58.46
59.12
60.10
60.28
59.14
59.23
60.60
59.29
59.20
59.38
59.82
61.16
61.18
61.32
61.49
61.90
61.95
62.40
62.85
61.79
60.90
59.87
59.10
58.47
57.00
56.92
56.17
55.94
56.77
57.26
58.13
58.30
58.20
59.04
58.62
58.59
57.81
58.10
57.67
57.60
58.66
58.80
59.63
60.39
60.73
60.29
59.60
60.61
61.88
62.27
61.85
61.25
62.18
61.45
60.20
59.56
59.80
59.25
60.14
59.63
58.90
58.55
58.90
58.79
58.42
58.33
58.05
58.96
58.50
59.72
60.37
60.75
60.45
60.63
60.91
60.95
60.54
60.75
60.36
60.45
60.63
60.95
61.25
61.41
60.90
61.36
61.68
61.27
61.27
61.47
61.80
61.84
62.43
63.18
63.37
63.63
64.31
63.93
64.57
64.87
64.82
65.03
64.59
65.35
65.65
66.13
66.16
65.81
65.09
66.05
65.99
66.63
67.21
67.32
68.29
69.40
69.46
70.10
70.15
70.73
70.43
70.44
68.56
68.56
69.64
69.36
68.79
68.32
69.19
68.90
68.30
68.32
70.38
70.95
70.89
71.06
71.42
71.48
71.33
71.62
72.07
71.93
71.79
71.57
71.78
71.88
72.23
72.65
72.83
72.81
72.96
73.34
73.05
73.02
73.64
74.42
74.14
74.67
75.09
74.58
75.02
75.67
75.98
76.50
77.72
78.13
76.77
78.06
78.09
77.93
78.49
79.34
78.87
79.01
81.04
83.26
82.46
82.85
83.36
82.64
81.77
81.61
82.23
81.89
82.67
82.86
83.05
83.50
84.73
85.47
85.46
85.29
85.49
84.70
83.55
85.05
84.70
84.69
83.75
83.56
81.20
80.10
81.46
79.75
78.80
80.23
80.85
81.86
82.33
82.00
82.55
82.82
83.45
82.61
83.51
84.11
84.17
84.07
84.56
84.96
84.91
85.36
84.78
82.67
82.56
82.38
83.36
82.44
82.97
84.87
85.56
85.89
86.26
86.29
86.53
87.03
86.47
85.04
83.91
81.59
81.85
82.16
82.50
80.44
79.42
80.22
80.12
79.60
80.43
81.34
80.90
80.07
80.94
80.84
81.19
82.15
82.72
81.76
80.65
80.18
80.08
79.97
80.52
80.96
79.72
78.84
79.94
78.37
78.33
78.69
78.62
80.01
79.57
77.23
76.78
76.72
78.38
79.22
80.27
80.59
81.26
80.85
81.87
81.46
81.12
81.50
82.08
82.09
82.26
82.08
82.80
83.17
83.75
84.54
84.20
84.04
83.24
81.15
79.76
78.74
77.82
76.46
73.51
72.07
69.90
67.03
67.46
68.63
71.60
72.75
72.83
73.50
70.21
69.67
69.58
70.52
72.27
71.27
70.21
72.98
72.97
73.34
73.45
71.50
69.91
71.75
72.54
70.59
69.87
70.81
71.16
72.68
73.57
72.50
73.44
71.83
68.17
67.93
69.50
72.42
71.86
72.67
72.63
71.15
69.21
72.21
72.63
73.03
74.65
75.71
76.31
75.84
77.07
77.12
77.02
77.92
77.83
79.18
79.55
79.05
79.28
80.69
80.44
78.00
75.45
76.50
77.44
77.38
78.12
78.63
77.03
77.64
79.34
78.39
78.50
78.06
77.10
77.11
76.06
75.88
74.53
73.90
75.33
76.14
78.37
79.37
79.65
79.80
80.29
80.35
79.55
80.34
79.21
80.14
78.66
79.78
79.88
79.38
80.61
82.00
83.30
84.21
84.95
84.01
84.09
84.57
85.90
85.10
84.92
85.11
84.97
85.38
84.47
83.94
83.82
85.40
84.96
85.77
86.72
87.03
86.66
85.81
86.51
85.77
84.59
83.46
83.38
83.19
84.05
84.49
84.94
84.73
84.67
83.35
83.89
83.85
83.91
84.08
84.92
86.04
86.65
86.47
87.01
86.78
86.55
86.21
86.41
85.85
85.91
85.42
85.19
84.63
84.05
84.13
85.61
85.74
85.25
85.92
86.03
86.32
85.77
85.10
85.02
86.07
86.54
85.14
84.91
86.09
86.31
85.00
84.49
84.35
83.68
81.88
82.15
82.36
82.86
83.13
84.57
85.02
84.98
85.03
84.39
85.64
85.72
85.15
85.96
85.87
86.13
85.83
85.31
84.40
84.10
82.92
82.88
82.55
82.54
81.96
81.53
81.79
81.68
81.03
81.07
81.52
79.96
81.71
81.68
81.32
79.59
78.41
77.47
77.20
77.13
78.08
80.35
79.46
80.17
80.62
80.28
80.73
82.22
82.35
83.31
84.06
82.05
82.11
79.78
81.21
82.71
82.02
84.46
84.54
85.62
85.15
84.20
83.02
82.83
83.24
83.32
84.26
84.66
84.10
85.07
85.62
85.27
84.33
83.50
84.66
85.26
85.50
87.08
86.79
86.18
85.50
86.80
87.37
87.68
87.68
87.51
87.15
87.77
87.90
87.91
87.96
88.16
87.63
87.26
87.02
86.98
86.93
87.61
87.42
87.74
87.02
87.14
86.52
87.06
87.85
89.27
89.40
89.55
89.41
89.43
91.25
91.55
91.40
90.57
90.09
91.64
91.30
91.54
91.10
91.19
90.93
91.60
91.28
91.17
91.91
92.23
92.04
92.11
90.67
91.17
90.51
90.54
91.80
92.61
92.97
91.75
91.08
90.01
89.77
89.68
90.01
90.11
90.20
90.06
89.70
90.73
87.70
87.03
86.61
86.95
86.44
85.88
85.37
85.06
87.09
86.77
87.48
88.01
88.03
87.24
86.28
87.63
87.82
87.47
87.19
87.10
87.24
87.77
88.24
88.40
88.91
88.27
87.92
88.10
88.56
88.38
87.98
87.01
86.80
86.57
85.75
85.07
84.70
87.24
88.16
88.37
87.57
87.29
87.75
88.37
88.86
89.32
89.00
89.07
89.60
89.83
90.21
90.42
90.75
91.13
90.77
91.20
90.38
89.74
89.36
88.84
89.42
89.16
87.61
88.11
87.97
87.92
88.24
88.06
87.80
88.38
88.90
88.36
88.40
87.70
87.76
88.31
89.03
88.92
88.46
89.29
89.05
88.68
88.35
88.54
89.01
88.83
89.41
88.79
88.55
88.02
88.30
87.90
88.32
88.66
89.36
89.47
89.99
89.98
90.28
89.86
89.22
88.40
88.15
88.59
88.20
88.23
88.41
86.27
86.09
85.02
85.78
86.43
87.29
87.94
89.35
87.65
87.60
88.01
87.76
87.48
87.74
88.92
89.93
90.14
91.03
90.69
89.79
89.43
90.02
90.41
90.50
90.53
91.46
92.38
91.81
91.36
91.00
91.76
91.59
91.60
90.46
90.48
90.22
89.61
89.00
90.49
90.87
90.23
89.59
89.61
90.29
90.77
91.26
91.00
88.79
88.85
88.02
88.48
88.73
90.03
89.56
89.96
90.12
90.14
90.57
91.90
92.25
92.38
93.04
92.72
93.09
92.77
93.14
93.71
94.41
94.78
94.84
94.42
94.42
93.84
93.61
93.46
93.38
91.25
91.34
91.01
91.28
91.13
91.28
90.43
89.69
89.14
88.90
88.06
87.65
86.78
86.83
86.39
86.45
86.76
86.82
86.58
87.28
87.23
86.79
86.83
86.90
87.33
86.80
87.31
87.28
87.88
87.86
88.15
88.49
88.65
88.37
88.98
88.59
87.64
87.28
86.93
86.81
86.61
85.61
85.78
85.28
85.34
85.68
85.27
85.47
84.83
84.79
85.50
86.51
86.64
86.72
87.01
87.30
86.84
87.13
86.95
87.97
87.82
87.61
88.44
88.69
89.20
88.27
90.00
91.24
92.12
91.76
91.48
92.50
92.50
92.07
92.68
94.03
95.06
95.16
94.37
94.63
94.29
94.83
94.15
93.48
93.30
92.92
93.23
93.92
93.92
94.59
95.60
95.39
94.16
94.28
94.66
96.13
96.03
97.01
99.00
98.60
98.39
98.33
99.38
100.99
100.31
100.43
99.39
99.14
98.89
99.42
100.15
99.03
99.12
98.27
98.65
98.63
98.25
98.67
98.04
97.84
96.01
94.82
94.75
94.77
94.65
93.06
91.70
89.64
89.39
89.38
89.25
89.75
89.36
89.40
90.64
90.40
91.60
93.36
93.80
93.75
94.94
95.41
95.96
95.53
95.16
95.78
94.83
95.87
93.40
93.27
93.99
94.66
93.52
93.55
93.33
93.29
93.75
94.07
93.13
93.01
94.31
94.48
94.80
94.41
94.06
96.47
97.32
97.28
97.18
97.56
97.28
96.75
96.75
96.63
96.24
96.28
96.74
97.07
98.97
99.69
99.89
100.22
100.33
99.86
99.93
100.31
101.23
100.71
101.20
100.98
101.58
102.41
102.79
102.17
101.26
101.53
101.94
102.11
100.33
100.32
100.42
100.45
100.72
101.47
101.27
100.93
101.05
101.02
100.37
99.67
99.59
99.96
99.96
100.60
101.19
101.00
101.00
101.57
101.63
102.17
101.45
102.06
101.68
102.94
103.88
102.47
101.53
100.85
100.66
100.52
100.79
101.04
101.68
102.02
102.17
102.81
102.04
101.32
102.16
101.74
102.54
102.29
101.86
102.06
103.50
103.53
103.95
102.96
102.83
103.52
102.57
98.93
98.18
98.31
97.78
98.20
97.63
98.32
98.54
97.82
98.48
98.60
98.14
99.10
99.43
99.04
99.26
98.08
98.50
99.02
99.09
99.01
98.72
97.81
98.86
97.97
98.11
97.45
96.96
95.83
95.82
95.63
95.40
96.02
96.80
96.48
96.87
96.27
96.03
94.84
94.20
93.80
93.80
93.62
92.72
92.06
92.58
93.91
93.33
92.42
91.63
90.90
90.76
90.06
86.91
88.18
90.50
90.63
92.36
92.98
93.87
93.22
92.77
93.93
93.62
93.22
94.31
94.80
93.89
94.65
94.28
95.72
96.07
95.61
95.11
93.83
94.65
94.19
94.53
94.13
95.26
