1.95287071996
-5.17283950617
-4.91841765465
0.294325406169
1.42089552239
-0.297619047619
0.59880239521
-2.27059925094
2.01791044776
-1.17994100295
-0.946704067321
2.2344366113
-1.54117647059
0.890207715134
0.226029026886
0.670658682635
3.08641975309
2.68762677485
-4.82625482625
-0.372640942421
-0.739768524042
1.73585821801
1.85459940653
0.160990712074
2.29288066886
3.52786885246
0.487612018977
2.70709258257
-3.34903192046
-3.6187113857
-0.8625
2.72213662044
3.84
-0.583244962884
1.0989010989
2.48592226343
2.46270757107
-3.31972789116
-2.40339928296
-0.986063633973
-1.22077922078
1.73074382349
3.77022210036
-8.825
0.477267018337
-1.01939333665
4.42684668311
1.51555086979
-1.77346278317
-0.64308681672
-2.5078369906
3.41026970954
2.99145299145
-2.75324675325
2.74886575927
-0.741721854305
-2.26537216828
0.953998954522
-3.13924050633
-1.86335403727
2.39124904604
0.794871794872
-3.10559006211
-2.42424242424
3.44827586207
-2.44648318043
2.75263951735
1.67412140575
-1.42353237591
-0.700525394046
-0.075
1.5873015873
4.30463576159
-0.905630660192
-1.61415289256
-1.9746835443
-1.10165247872
-1.38271604938
1.09835247129
-0.706407237576
3.86150083666
-0.397435897436
-0.319488817891
0.967741935484
-2.51572327044
-0.625
-0.546991546494
1.25881168177
-2.52760736196
-1.73619483964
1.10935023772
-1.90145898111
0.444444444444
2.29786188253
-0.0859422958871
-0.366972477064
-1.87252430681
0.373493975904
0.0723414516518
1.84184675835
-1.1410536538
-1.34131736527
0.22806385788
0.446105618519
4.73544639475
-0.151305005674
-3.64475762362
1.46696252465
1.32400699475
1.09862356358
-1.93188854489
-0.541938662397
-1.7308157831
0.218340611354
-2.29912301493
0.380680466334
0.972972972973
-0.833829660512
1.52376345386
-0.517324350337
-0.287907869482
1.58420667804
-0.0730638090599
1.13300492611
3.43949044586
-1.31992457574
3.39225370419
-1.59866990664
-0.420275089149
0.512032770097
-3.02879841112
2.48060043251
0.782051282051
0.567302733368
-1.51111111111
0.716204118174
-0.635404752828
0.729646697389
1.29668049793
-0.168284789644
2.48076412842
-1.06313164457
-5.35403726708
0.625
-0.236937273974
0.2375
-3.4749034749
1.76817288802
-0.3182374541
1.00135987143
0.111386138614
-0.320750061683
0.0740740740741
-0.46694519538
-1.42926356589
1.53732628213
-1.7639241271
-1.24090204033
1.07332368548
-0.694610778443
0.457170356112
-1.63313609467
1.88087774295
0.0
0.156985871272
0.351429956374
1.42576204523
-0.342969132778
-1.04242424242
-1.05540897098
0.457831325301
-0.89552238806
0.299401197605
-1.74158625559
-0.897959183673
-0.0699219205221
0.633282514366
-3.10227272727
-1.82954038376
1.86363636364
1.73410404624
0.220136716487
-0.219653179191
0.745399487538
-0.877395520665
-2.94677871148
0.12340139107
0.0336662551902
-2.54811898513
0.693756194252
1.74789915966
0.067272115708
-0.279516994633
-1.84372256365
-2.34701532526
-0.469333333333
-0.393115172121
4.0
3.06343241089
0.0
1.44408502773
0.0693641618497
-2.19357756671
-0.696159892208
2.66282420749
-0.5046450281
-0.638176638177
0.216994061215
-2.10196779964
0.280300482117
-3.11753204432
4.38825263635
0.788571428571
-1.34175217048
-0.348314606742
-1.86349101334
0.901201602136
0.357302367128
-0.422503891483
0.0667556742323
-0.55321973888
-0.341823795347
0.420772893367
-1.17093455898
-1.86855670103
-1.19893899204
-0.201185938162
1.4175257732
0.0644745325596
4.63233640657
1.06818181818
-0.912059452764
-2.07299592017
2.61371350984
2.46956521739
-1.98863636364
-0.564971751412
3.20699708455
-0.935767097967
-1.28863040255
2.56140350877
1.64051355207
-2.61634637648
-0.929005619911
2.34769339124
0.519174041298
-2.37299850248
-1.97606142728
0.923076923077
1.00138121547
-0.0690131124914
-2.44614003591
4.53958944282
2.85955598456
-0.444444444444
0.446428571429
1.07317073171
1.23456790123
-0.917431192661
-1.28003864268
1.22234445667
1.94392523364
1.42821031345
-0.402819738167
-1.00934579439
-1.9068573524
0.232786081843
-1.06666666667
1.85185185185
0.997506234414
-2.17126128324
-2.57872846108
0.790513833992
0.602482226774
-2.13443396226
0.545411429926
-0.0237079184448
-0.165680473373
-1.58397391102
0.116604477612
1.14400283052
1.02466340998
1.73333333333
-1.80909307308
0.262529832936
0.335249042146
-0.819380121126
0.850299401198
-0.35799522673
1.82260024301
1.54225786552
-0.429975429975
-2.1752193246
-0.763267740012
0.299043062201
-0.724379527372
-1.91030867793
-0.162809629027
2.6623686724
0.552220888355
0.798644724105
-0.373719107896
1.5299877601
0.541471818853
0.743863129184
1.06502944493
2.71557271557
1.04031209363
-1.72523961661
-2.96378968254
2.53019707565
0.459828841487
-3.34567901235
1.75879396985
2.18228498074
-1.0165184244
-2.75546768813
-1.42509135201
-0.496909465519
-1.77380952381
2.51403465951
-0.0731707317073
-3.0159668835
-0.188879707236
-0.493363091742
0.805210183541
-0.845368087355
-3.21590909091
0.582923762716
-1.79593669323
0.270118176702
-0.235796092522
0.519187358916
-0.225225225225
2.65895953757
0.464576074332
-1.65619645917
-0.725705862343
-0.619788145143
-1.09228711547
1.83881952327
0.524874486536
-1.59443072086
-0.435997764114
-0.0558659217877
0.867801194635
-1.62971175166
1.6338028169
-0.067559959464
1.76463847829
-0.750597065848
-0.192962542565
0.341685649203
-1.20400585124
0.135211267606
-0.224845418775
-2.06980072663
-0.786455488804
2.40492170022
0.246692083427
-0.234925606891
-0.345596432553
-0.466045272969
0.15559013114
1.27180641531
-0.0562429696288
0.45197740113
0.147108747312
0.729510999658
-0.769143762018
-0.562366437971
0.440578400362
-0.0451671183379
1.53634487503
0.460723335637
-0.606754436176
-0.399087799316
0.412182276162
0.390804597701
0.230414746544
0.0922509225092
1.11940298507
0.953502060035
-0.585137507314
-0.616422423819
-0.0116292592162
0.808909730363
1.24629080119
95.5663881151
-0.645756457565
2.02352941176
3.73443983402
-2.75338238785
-1.38108614232
-0.0234027615259
0.754539023815
1.55651340996
0.384615384615
-0.311526479751
1.13911778963
1.00367197062
-1.28081198647
0.315151515152
0.732600732601
-0.967351874244
-0.12077294686
0.607533414338
-0.843373493976
0.50859772342
2.02619224117
-0.687116564417
0.891309730131
-0.786047654139
-0.4402054292
-1.94244604317
1.58343483557
1.33300419649
0.321941555225
0.572851805729
0.0
-1.47239263804
-1.14022319262
0.78239608802
0.0
-0.82444228904
2.71481942715
1.69706180344
2.78573288206
3.7547271745
3.32123918504
-0.0836586726157
-1.15766262404
0.749791724521
-6.27277459656
-2.48730964467
0.793041698644
-2.25056264066
0.376506024096
-1.82355840315
-0.270336692062
-0.610649731314
-0.29225523624
-2.88552507096
0.451413637444
-0.472925041381
1.53661464586
-0.239520958084
0.74806949807
2.57425742574
-0.345337937839
-1.41050583658
0.611695620259
2.53386853989
-1.7258382643
-1.217730151
0.934119960669
3.09173846934
0.0253485424588
-2.56853544085
1.83601609658
0.939324701701
-0.202685583988
0.997952917093
-1.06329113924
-1.86335403727
0.474288567149
-1.08641975309
4.6511627907
4.06023124496
-0.932338838572
1.43204539314
-2.50263435195
0.211193241816
-1.45681581686
1.77389462536
1.12449799197
0.673854447439
-0.934579439252
0.133689839572
-0.690387679235
-1.69668493866
-1.46604938272
4.15215644254
-1.94378775939
1.38482023968
2.01032328172
-1.63014430786
2.68935236004
-1.13944655453
-1.6279690419
-0.213049267643
-2.08604954368
0.130548302872
-0.519480519481
-1.28205128205
-1.51515151515
-0.477506911284
0.0251382604324
1.2213740458
-0.757575757576
-0.151285930408
-0.85
0.882723833544
-0.125944584383
1.17227319062
-0.3808073115
2.31168831169
-0.36231884058
-1.67938931298
2.07792207792
-0.36231884058
0.625
0.999473961073
-2.26221079692
0.257731958763
-0.919305413687
0.513347022587
2.66139657444
-1.91263892479
-0.921895006402
0.128205128205
1.69491525424
0.0521784503
-1.51593011305
1.61879895561
0.0261164794986
-0.545454545455
0.260416666667
-0.621118012422
-0.923076923077
0.25706940874
0.335310807325
-0.564247242883
-0.408684546616
-3.85559921415
-0.682926829268
0.687622789784
-0.488758553275
-0.9200968523
-1.66666666667
-1.52403282532
0.352941176471
-1.64313816246
0.74609466076
-0.0466091820088
-1.33363991722
-1.15909090909
2.04081632653
-0.277520814061
-0.848429259344
-0.297210791038
-0.13698630137
0.620261888353
0.0
0.138026224983
1.44690781797
-2.03475080018
-0.477815699659
0.273785078713
0.0
-1.23929698062
1.57930876631
1.25144843569
1.21979826413
-1.41073080481
1.21722846442
-1.06530801297
1.83962264151
2.66343825666
-0.721153846154
-1.60832544939
0.142112742776
-0.565237870937
-0.141110065851
1.6009557945
1.20918984281
2.60545905707
-0.592007893439
1.35
0.755667506297
-1.17002738362
-1.27795527157
-0.269607843137
0.517368810052
3.41401273885
0.383631713555
-2.27443139215
1.65142276423
1.02669404517
-2.62434391402
-1.40463282405
2.19088390834
-1.39061335982
0.174129353234
1.54079312958
-0.452602464169
-1.63245115014
-1.14914425428
1.66542381307
0.978915662651
-1.14143920596
2.41423125794
-1.45254194841
2.17502558854
-0.38236043844
-0.834175935288
1.0472541507
-0.684931506849
0.741119345771
0.256213169357
-1.68765743073
0.863821138211
0.536398467433
-2.19835123657
0.250438266967
1.42240284481
-0.93105183694
1.24840764331
-1.875
1.0101010101
0.380228136882
-1.98757763975
-1.63734115347
0.664206642066
1.22011952191
0.626409421198
-1.50542941757
0.396432111001
1.40703517588
4.10672246926
3.04582210243
1.56036134684
2.18181818182
1.5625
-1.15136197697
2.47482014388
7.25308641975
7.03666997027
-2.1021992238
-8.87120542293
0.0884955752212
-3.39127956683
-3.41315717038
1.85029436501
-2.96517954298
9.24219910847
0.11901219875
3.41538461538
-2.69461077844
-2.62390670554
-4.72222222222
-0.277008310249
1.03554436048
2.55453501722
-4.25941192635
-2.01938610662
0.78697421981
-0.834230355221
2.70867882808
-0.713501646542
-1.59330272752
2.43430152144
-1.41805290428
-0.623306233062
3.59348680517
0.649901102006
-0.169252468265
5.44318857823
-0.591366055588
0.148060408647
-1.57388516468
0.911764705882
-2.27076746191
0.549132947977
3.00684727597
-1.43779342723
-0.93023255814
4.02177199879
-0.39156626506
2.59579728059
-1.55156677822
0.458435207824
2.41001564945
-2.02391904324
-4.50951683748
4.05240706886
2.88401253918
-5.95518867925
3.88973966309
-1.59734779988
0.362976406534
-0.391684242242
1.49847094801
-0.395979287237
-2.84107724179
-2.1713954835
-1.11651875179
-3.7741046832
2.16718266254
-2.12121212121
0.833333333333
0.0
2.33086981239
0.142328494165
1.32679550043
-1.25320421532
1.35681293303
4.24315377671
-2.4941314554
1.24777183601
-2.88517022504
1.16754232341
-3.70994940978
1.33864995728
1.82714617169
-0.375613984398
2.18482432831
-0.499412455934
1.91616766467
-3.1884057971
-1.00430416069
-0.343151272519
-0.653409090909
-0.11350737798
1.09007458405
1.87025131502
-1.09826589595
1.88457008245
-2.86041189931
0.459770114943
0.636205899364
-0.916905444126
0.373885533506
0.0
-1.08108108108
1.85453491742
-1.51255707763
0.0571102227299
0.401376146789
-0.456621004566
-2.28667038483
0.957207207207
-0.0562746201463
1.10953058321
-1.5406162465
-0.13986013986
0.931677018634
0.283125707814
1.96304849885
-0.31654676259
-0.543789353177
-1.494220468
-0.0845070422535
-2.41891148983
3.49928876245
0.428571428571
-2.07050923335
1.41884222474
0.39886039886
-0.903444381705
1.40280561122
-0.455970361926
1.06566820276
2.35849056604
1.28396536279
0.239449266687
2.20250841236
2.73412947832
-2.57195345989
-3.51550960118
1.86578393018
-2.69399707174
-1.38608143228
0.0
1.46498681512
1.54715858375
0.779610194903
-0.773579291877
0.719208870243
2.04892966361
-1.2979172955
-0.927033492823
-0.918518518519
-0.088809946714
0.446030330062
-1.60912814511
0.529411764706
-0.410076157001
0.886524822695
-0.412007062978
-0.117577895356
-1.27684271619
0.671925211803
-1.97594501718
1.04166666667
-0.661109514228
1.28093158661
-0.636389933468
1.49735760423
-1.24673818498
0.290782204129
-1.88302425107
-0.567375886525
-0.955324529362
0.0
-1.13888888889
1.95412064571
-1.00925147183
-0.5298382599
-0.167037861915
-0.305301137941
3.09012875536
-1.96353436185
-0.140056022409
1.8544935806
-1.3231981982
1.34094151213
1.35916714864
0.319118073687
-0.60553633218
1.01951645791
-1.54860911959
-0.513552068474
1.0377630441
-0.970596631459
0.458847146544
-1.55279503106
0.226372382569
0.597779675491
0.977292325381
-1.75091781982
1.6652311226
-1.05113636364
-0.789177001127
-1.5538290788
1.66431593794
0.710227272727
-0.593052809941
0.198075834748
-0.366506907246
-0.225035161744
0.0562904587672
0.908832717978
-0.226693114197
-0.451339915374
1.1700913242
-0.79275198188
-1.31321598212
-0.445062586926
-0.0833796553641
-1.98855897576
0.713305898491
1.33444537114
-1.18131868132
-0.492072170585
-1.08166576528
-1.12299465241
0.645855758881
-0.482056775576
-0.320341697811
-0.213106020245
-1.7277486911
0.0
0.711837595571
-0.991908117985
1.69896469339
0.883770755222
1.24728850325
-0.0271076172404
-0.135354629128
0.108401084011
0.654664484452
-0.108991825613
0.907341215287
1.28098022835
-0.746268656716
-0.275633958104
0.610094287299
0.0277392510402
1.12201963534
-0.58561070831
1.01408450704
-0.280898876404
0.849858356941
0.312588803637
0.773195876289
-0.795454545455
-1.89520624303
1.41322781232
-0.951847704367
0.140173815531
1.1914893617
-1.42617449664
0.027972027972
0.903189387525
0.311438278596
-0.730747611017
0.707613925842
-0.786295984274
0.735502121641
-1.11888111888
-1.37931034483
-0.739320920044
0.0
-0.517570144375
0.575342465753
-1.19112073633
0.298669562856
-0.243770314193
0.654307524537
-0.326086956522
-0.674763832659
1.42348754448
-0.652706010335
-0.162910670649
-1.12751677852
-0.798934753662
-0.397877984085
-0.711087700816
-0.288865546218
-0.20964360587
0.500395048723
-1.29971406291
0.944633954343
0.289473684211
0.0
0.715610919693
0.58651026393
-0.53036329886
2.36156351792
-0.647249190938
0.243309002433
0.735294117647
-0.917431192661
0.433604336043
-0.672947510094
1.00598151169
-0.64829821718
1.14754098361
-2.00803212851
-0.55910543131
-0.503311258278
-0.892622735626
-0.652060511215
0.788643533123
0.237154150198
-0.913838120104
-0.467775467775
-0.671140939597
0.649519355677
-1.07941403238
0.646663217796
0.103573278094
0.704041720991
2.67737617135
-0.664893617021
-0.660501981506
0.291467938527
-0.684210526316
0.502512562814
4.15977961433
-0.765445598688
-0.272628135224
0.991189427313
0.804884818207
0.306236080178
1.01237345332
-0.559284116331
-0.804438280166
0.0832870627429
-0.661886376172
0.722222222222
1.12359550562
1.28022759602
-0.818284424379
0.368167657887
-0.0848896434635
-0.618672665917
-0.72585147962
-1.26791620728
0.220994475138
-0.52212146194
-0.301369863014
-0.109469074986
-1.29659643436
0.652528548124
-1.6577540107
-0.637619553666
-0.396930404869
-0.316539171722
-0.394114555964
0.687830687831
-1.74161684429
-1.05452674897
-1.34483633596
-0.479797979798
0.32936407398
-0.704402515723
-0.200853627919
-0.549313358302
-1.30606209956
-0.245821042281
-0.780487804878
0.910657149889
-2.28475228475
0.677966101695
0.731707317073
0.244498777506
1.51402333085
-1.39500734214
0.442477876106
0.0
0.993048659384
-0.543209876543
-0.929549902153
-1.32754042964
0.363372093023
0.584795321637
-1.2274368231
0.873998543336
0.931144327371
-1.59151193634
1.66707526354
0.245760629147
0.692897797575
0.148698884758
-0.074294205052
-0.320908417675
-0.540142401178
-0.876125578
-1.97996183206
0.0238606537819
0.0
-0.757755150367
1.02870813397
-0.357568533969
-0.190340233167
-1.29168623767
0.638147010163
-0.797186400938
0.803592531316
0.331989566042
-0.8231420508
1.1417697431
0.334128878282
0.359281437126
-1.74158625559
-0.164473684211
-0.514258999532
0.824888050907
2.61185006046
-1.61789198192
0.598372426999
-0.689327311623
-0.402462121212
-0.518134715026
2.31325301205
1.36785539814
0.441609421001
1.64588528678
-0.372670807453
-1.20274914089
-0.851788756388
-1.10709987966
-0.0961769656167
0.16859344894
-0.930565497495
-0.804733727811
0.142213794738
0.692124105012
-1.29564193168
-1.53096729297
0.677253619804
-1.10854503464
-0.869963369963
-0.410396716826
0.297278756003
0.993071593533
0.81490104773
-0.80831408776
0.767977658832
-0.0930016275285
-1.69142857143
1.46103896104
1.36342266102
-0.0235017626322
-2.586996337
0.367647058824
-1.06842464196
0.365046771618
1.34104046243
2.85374554102
-1.29107981221
-0.93023255814
0.631874561198
-1.24797781373
0.511033681765
0.843288826423
0.211267605634
-0.304235899836
0.305164319249
-0.467289719626
-2.32770424464
0.619977037887
0.415033433249
0.277456647399
-1.02974828375
-0.182731841023
0.52812858783
0.415033433249
-1.43181818182
0.250626566416
1.01265822785
-1.20509322419
0.296465222349
-0.521778584392
-1.45316342499
-0.089345543891
-0.466874166296
0.558909009613
-0.378619153675
-1.23185217774
0.419703998233
2.30508474576
-0.292924740874
-0.426295714606
0.360279216393
-0.403677954698
-0.290697674419
-0.842572062084
-0.595106898832
0.110326566637
-0.28602860286
0.0220070422535
0.508737005087
-0.549934007919
0.308914386584
-1.11280820423
-0.152505446623
0.0
1.61611689174
-0.484688257325
0.154457193292
-0.022060445621
-0.176172649196
-0.873171796551
-0.477949163589
-0.583153347732
0.108108108108
-1.36489656643
1.40570934256
0.894610517129
1.57358156028
-0.965759438104
0.596158092294
0.354531353867
1.27917414722
-0.80142475512
-0.377023730317
1.64562669071
-1.00424012497
-0.620980261699
-0.353591160221
0.577906201378
0.312151616499
-0.752378844877
-0.132596685083
-0.418133802817
0.686904498117
-2.10412147505
-0.732127476314
-1.14942528736
-0.169995750106
-0.190880169671
0.169959634587
-0.86352148273
0.232214481739
-0.273684210526
0.0631978091426
0.0843348091925
-0.252365930599
-1.69526566053
0.331881352417
-2.58638108709
1.2893982808
2.30318257956
-0.146351662137
-0.271059216013
-1.1745312178
0.789200415369
-0.372439478585
-1.14542851299
-0.0613246116108
-0.81103000811
-1.41914851089
0.583031765179
-0.200642054575
0.10042177144
0.850719060158
1.83580858086
-0.472182303428
-0.63239494084
0.553846153846
0.910784516663
-1.14589727849
0.122925629994
0.225872689938
-0.225363654989
-1.1743267868
0.898876404494
0.699444558733
-1.23933360423
0.819336337567
0.805285979765
-1.70489141465
-1.83303446902
-0.396904147648
0.438509069165
1.74406814034
-0.724783571572
0.0201369311317
-1.50733835779
1.69423154498
0.344059906901
-1.18
-0.0999000999001
-0.655021834061
-1.04105283834
-0.56640625
-0.563216158477
-0.309777347531
0.545065213159
0.234146341463
0.19550342131
1.95335858083
-0.198925800676
0.259274032708
0.885311871227
-0.639744102359
-0.596184419714
0.338983050847
-1.02624827314
0.0197394393999
0.296970896852
0.818363273453
0.602409638554
-2.46768507638
-1.21880441091
0.779879118737
-1.30844718107
2.14229559748
-0.333006856023
-0.156463915509
0.195963158926
-0.448692937963
2.33579556798
0.683417085427
0.525358658315
-1.25698324022
0.662783691504
-0.380152060824
0.260782347041
-1.46273967187
0.0791295746785
-1.01821029959
-0.834951456311
0.881488736533
0.650630914826
0.555114988105
-1.34950127127
-0.389635690629
-0.715667311412
-0.0966183574879
0.936220011703
-0.639534883721
-3.13497278018
-1.22380864083
-1.08217168012
-1.39265689998
-0.198555956679
-0.681247759053
0.432120993878
-1.41995030174
0.409909107111
-1.26693647721
-0.158116654954
-2.66757865937
0.602098744194
-2.15451944117
1.99141630901
-1.96903399529
-2.79731719287
-3.36705659184
-0.0789764650134
1.94847020934
-0.925335035099
-0.586835844568
-0.81799591002
0.904761904762
-0.158478605388
3.79996709985
0.695709789631
-1.11384111384
-0.375326370757
1.54101077051
0.0995189915409
-1.95153683526
-1.85155626496
0.804505229284
2.05254515599
1.34797803295
1.84745762712
0.186788928511
1.06401235627
-1.63740715733
-0.604026845638
-1.56895127993
-0.164880461665
0.982350982351
-1.37931034483
0.0821692686935
1.39976670555
-0.464421960524
-0.231673010094
2.1639898563
0.68085106383
4.55597081331
-1.85152838428
-2.35374381716
2.60763038152
-3.60998650472
-0.235610905419
-0.900600400267
1.16416399528
1.52449468996
4.25
-1.80606698229
-1.22965015587
2.19469026549
-1.27555477896
-0.98615916955
0.347222222222
-0.706774694018
1.36292154464
-0.104730319427
4.50565487049
2.08566108007
0.656044985942
-0.946899368734
0.391425908667
-2.15210651103
1.51823736345
-1.35159817352
-0.526889534884
-1.14942528736
-0.960512273212
-1.02112676056
1.06761565836
-1.66229221347
-0.29658060014
0.297462817148
-0.78125
0.261096605744
1.26916975145
-2.92607802875
0.102774922919
-0.119760479042
-0.170794192997
-1.18143459916
-1.44710578842
-1.26457546395
0.0657354149548
2.2517223996
-0.268141444612
1.1013215859
1.49613069647
-1.93929173693
0.355390082924
1.11225188227
1.68783713242
-1.44057623049
-3.04289990023
1.74251395703
-0.688844086022
0.20202020202
-0.950475237619
0.133578226749
0.217536813922
1.99692780338
0.739339752407
0.0171969045572
-1.07179312691
-0.372881355932
1.91742960788
-2.70588235294
-0.734067400734
0.570469798658
0.0
-0.666666666667
2.12765957447
-0.810400135067
-0.96973750209
1.37288135593
0.82023239918
0.740230676536
-1.29141886151
-1.02589976455
-0.734557595993
-1.72272354389
-0.1638001638
1.04270109235
2.28542407313
1.52973530423
0.120461194287
-1.20707242435
-0.42322668021
0.118644067797
0.203804347826
-0.506928016222
1.31826741996
-0.0171174255392
-0.324176761645
-2.15358931553
-2.88586251621
1.64798945287
-0.622338683262
-0.650829808005
0.26101141925
-3.00632911392
1.08765195138
1.05058994666
-0.96046102129
0.0160102465578
-1.94662480377
-1.43896023518
0.154966682163
-0.677235647222
-0.0153893505694
1.80166066113
-1.1919504644
-0.030950170226
-0.123647604328
-0.154320987654
1.98300283286
1.68026884301
3.20396366639
2.71416454623
0.648796312105
-1.72818791946
1.88034188034
-1.51515151515
0.780454699695
1.34112792297
-0.818553888131
-0.373768263677
4.54706927176
-1.52177715585
3.56884057971
-0.307025465053
-2.60334212841
-0.611888111888
1.7793594306
1.07913669065
-1.26087728645
0.30281439259
-0.460992907801
-1.70791216452
-2.03175687212
1.15716753022
1.40105078809
-0.470629248736
-0.226086956522
1.86005314438
-0.123849964614
-0.229479258605
0.389863547758
-1.31164742917
-0.348553502963
-1.49356223176
-1.8864746505
-0.486087831043
-0.350759979957
-0.399268008651
2.33231188287
0.685635927323
0.534206444942
-2.22409435552
0.474013881835
-0.739371534196
-0.301558049925
1.13520840393
-0.673174015483
1.57264957265
-0.611620795107
-0.338638672536
-1.33645172068
0.621953269457
2.46296934206
0.623916811092
-0.397030899361
0.572916666667
0.875656742557
0.0
2.20153928763
-0.675555555556
0.0177809388336
0.124621684173
-3.93364118351
-0.170735871607
0.497597803706
-1.93504963823
0.0505050505051
-0.768459739392
-0.680272108844
1.05633802817
-2.18140068886
-0.926226844329
1.41727092947
-1.33333333333
1.6025111515
-1.09477124183
0.393700787402
1.24564025909
0.433694745621
-2.18632729646
-2.88385358897
0.573705179283
1.29136400323
0.0
0.912200684151
-0.935936743586
2.34516928159
0.26494452724
0.78437917223
0.824499411072
-0.285234899329
0.0839630562553
-0.35140562249
-0.813278008299
-0.495458298927
-0.345622119816
0.829737802854
0.71870299181
-0.976497848395
0.834445927904
0.926393801583
-1.607557176
-0.838126540674
-0.213184650705
1.66722240747
0.217209690894
0.234466588511
1.34080108622
-0.439337614059
-0.771294433266
-1.92402565368
-0.344149459194
-1.0058403634
0.966420966421
0.642927794263
-0.098814229249
-0.540540540541
-0.326530612245
0.130783063593
-0.195790504161
0.557834290402
-0.538511749347
0.261780104712
0.427209990141
-0.278551532033
-1.16599190283
-0.659588159588
0.11273957159
1.23919778249
-0.984824023248
-0.0967741935484
0.878620240807
-0.162443144899
-0.789685737309
-2.34497954045
-1.18195956454
0.594493116395
-1.66153846154
0.916006831237
0.719311962471
1.3470681458
1.08939442486
-1.04629042486
-0.536108483128
-1.93289005721
1.41132193822
0.726583478124
-1.078125
0.455187568671
-0.359712230216
0.093926111459
0.661834226284
1.96015424165
0.387096774194
0.0645577792124
2.95779328681
0.484221071965
-0.926385442514
-0.542941757157
0.645802285147
0.482529118136
-2.30819245774
-0.0974342318935
2.29235880399
-1.16565424397
-0.327278677794
-0.875912408759
2.66444629475
-0.579470198675
2.68616116967
-1.25902299815
1.30952380952
0.961538461538
2.80670785525
-1.98961937716
-2.23274695535
0.544217687075
2.45687401986
0.0
-1.15397864278
0.155252716923
-0.223752151463
-1.22407344441
-1.39145012573
-2.40510471204
-2.00416867084
1.66259168704
-1.28720836685
-0.639488409273
-1.44950370254
1.00254614895
-0.317258883249
-1.46920912785
0.0156323276536
-0.156079288278
-1.27889060092
1.40625
-0.944126296239
-0.0773275595422
0.63813229572
0.500547473799
-2.18788249694
-0.578034682081
-1.29129129129
0.195576952008
-0.791044776119
-1.09241216416
-0.645350542681
-0.43808411215
0.160889278924
-0.465861115155
-0.780008666763
-0.0577450555796
-0.0288641939674
-0.0721084511105
-0.559300157751
0.693140794224
0.815256951521
1.65754032855
-0.749118683901
-1.47612156295
-1.04539596162
-0.54123344253
0.83297429269
-1.54128959276
0.411756353826
0.470756062767
0.994093070163
1.62518301611
0.93098862125
-0.631424375918
-0.554906542056
1.93509973206
-0.753434776186
1.31716808861
2.87958115183
0.370942812983
-1.00979192166
1.00448153299
0.0928074245939
-2.48868778281
1.2213740458
2.16814849477
-1.03426983637
-0.200277307041
-0.230556409468
-2.0623212404
-1.04275286757
-0.489178772606
0.53651266766
0.149253731343
2.43082097539
-1.80153130161
-1.05466428996
-0.296208530806
1.45755071375
-0.967261904762
1.00706448219
-1.65558019217
-1.09649122807
-2.04783044537
0.605100129664
0.346971230302
-0.803097662412
0.258806613947
-0.529176201373
0.0429245957934
-1.57724264188
-0.851717397375
0.223901483347
0.875211744777
-0.812097451694
0.506614128905
-0.182609917123
-1.33056133056
-1.04238101769
0.523921136082
-2.15837043033
-0.64334539606
0.25530771298
-0.0134354426978
-0.0268636668905
-0.467914438503
2.93105820834
-0.561029009305
0.89741819688
-1.30808011991
0.658345905911
0.732246476927
-0.124189319719
-2.27885652643
-2.45955543864
-1.01549277438
-0.50518134715
-0.732930435901
-0.371509095568
2.29327742105
0.792497688548
0.278145695364
0.185774946921
-1.16721311475
-1.43485005171
-1.74012447606
1.84993531695
2.37054694742
-1.92232757501
1.19610935857
0.276789244761
0.609998673916
-0.841551610782
-1.18243243243
-0.478468899522
0.913480360172
3.40035082985
1.91144114411
-0.709994538504
0.812112869924
0.776806769316
1.54951401606
0.0140884756269
-2.31213872832
1.43794499511
-1.1454595639
0.694830461367
-2.13518291854
0.864197530864
-2.13451469996
-0.547396528705
1.87704026115
-0.122265996468
0.560109289617
-1.59967737599
0.391363022942
-1.305274374
-0.608948901244
-0.171798599181
0.278293135436
0.895841690066
-0.887887622581
0.319064078702
0.83109919571
-1.12657388999
-0.198412698413
0.345102203345
0.0664098817904
0.560972352077
0.120353035571
-0.39957378796
-0.186120712576
-0.238726790451
4.97006821662
0.209263392857
0.9719678828
1.39980002857
0.0428693912546
-1.43661971831
-0.893355667225
-0.292275574113
1.02643419573
0.352758572033
1.37319410671
-1.5629400169
0.466826991088
1.18809046665
-1.74402250352
-1.25
-1.67963949201
-1.51963421194
-0.879765395894
-0.596263415927
-0.316999075419
0.198517734251
-0.891920251836
1.04705102717
-0.93224789916
-0.833333333333
-0.402023083906
-0.14245014245
0.546875
-0.992651798376
1.04207372672
-0.801137097816
-0.0258364552383
-0.972239989766
-0.293367346939
0.255754475703
0.955331784147
-2.88365095286
0.707070707071
0.763358778626
-1.65165165165
-0.782122905028
0.23643603783
1.23456790123
-0.351493848858
-0.200451014783
-1.06593951413
0.16139044072
-0.346406037362
-0.675841730155
-0.0491279783837
2.55699710291
-2.26517296565
-0.0246153846154
0.147910760508
-0.392879066912
-0.427872860636
-1.75354311794
-0.39478406508
0.99069711248
-0.265092179781
0.86290714633
-1.4728774997
1.07722101186
-1.64285714286
0.997955993748
-1.24673474234
0.0
-0.0474721101353
0.765367137049
2.02537823328
-0.870827285922
-0.457500601974
1.29268292683
-1.61967606479
-1.67512091542
-1.36141494066
-0.48633626679
0.605778191985
3.6464622072
-1.7556346382
2.15705283568
0.182105135365
0.672207284283
-1.98850023958
-0.143540669856
-0.333810205055
-1.10822919123
-0.632614807873
0.234852043213
-1.50358547305
-1.12076852699
1.08670520231
-0.905029212968
-2.59986610132
-0.786006863722
0.702341137124
0.684700864295
-2.26001097093
-1.23523675371
0.380683054166
-1.60530821918
2.86217525319
-2.1015195603
5.16831009861
3.0844724851
-0.488315312173
1.0337131446
-0.827120223672
0.774829772247
3.77680311891
-1.74766578884
-2.52042007001
-2.50284414107
5.14354066986
-1.07679564549
1.91751085384
-0.252616383977
1.76276165993
1.26441056155
-4.12407891609
-0.461374659884
1.65965123271
-0.514477147643
-0.202985074627
-2.26397479286
0.669642857143
2.55421686747
-2.61644960695
-0.19906323185
-0.384929429605
-1.71959188353
0.0114652602614
-0.308606697908
2.02915451895
1.04878623615
-2.39245456637
-0.810039931546
-1.09456104717
-0.0563888575617
-0.660990365225
-2.72449869224
-0.390794615719
0.032576827017
-0.238327375149
0.63229041753
-0.250108742932
-0.443867056404
-0.645369474024
0.442955920484
-1.47951037786
1.85385949696
0.996386729443
0.450945886494
-0.481611208406
0.7498897221
-2.14740476961
-0.49393321164
0.507230736024
-0.877192982456
-1.41320396541
0.0844416297235
-0.0632911392405
-0.26301946344
3.15823746473
1.35298647014
-0.48166392994
-0.846629762292
0.611554002403
-0.694067888515
-1.49556671296
2.71011630459
-0.924013479726
3.94350282486
0.648242920505
0.308008213552
-3.00951537951
3.64678899083
-2.48266607023
2.95912492804
2.7324343506
-2.69337016575
0.660410149461
2.15410107705
-0.716803760282
1.17703007966
-4.22455021635
0.896139705882
-1.41578887756
3.04621848739
-0.810372771475
-1.75159235669
-0.756293035331
-0.639300134589
0.348902644907
0.828415796641
-2.00177935943
-1.66229221347
-0.0655737704918
-0.575899163316
1.93841382366
-1.78416013925
-0.862812769629
1.6889668787
1.43508732896
-1.67359439947
-0.0109373291042
-0.759795940519
-1.39141603339
-0.24556907965
-1.21295222023
1.21703853955
-1.4
1.39822819938
0.192492781521
-0.341042310562
1.90052128584
0.942775707082
1.29927817879
-1.64919178681
-0.109098843552
1.50609080842
-0.583507651657
2.03325095484
2.8776147001
3.12239304016
-1.37517630465
3.18981200728
-1.19832234871
-2.96511627907
2.45413390517
-1.39786209327
0.0587682181476
-0.234521575985
-0.49008168028
-0.290866783013
0.59691011236
4.05553525758
0.822691552063
-0.549517645622
0.220291274018
-1.81446767604
-1.37473334913
-1.29839747339
-0.0701344243133
0.210846901722
-1.88484082289
-1.23723041998
1.35757017948
-0.286795916026
-2.19903511724
-0.845477806208
0.559346683074
0.0111881852764
2.72382484772
-0.843304843305
1.22274772177
-0.573460259204
3.17122234055
2.44878167051
0.0363812757701
-4.86848177204
0.825869489357
-1.24066628374
1.32697008497
0.139876442476
-3.02927546061
4.78502901812
-0.670588235294
-1.10529377545
0.880281690141
-1.22884303269
0.0696055684455
1.149964797
0.75668006621
-2.80395311423
-1.69453230908
0.32868638785
-0.574712643678
-0.202429149798
-0.770003347841
-0.100334448161
0.167504187605
1.04942450914
-1.20401337793
-1.21145374449
-2.24997308645
-0.524737631184
-0.659574468085
-0.275832802886
-0.137726454074
0.180428783698
1.7494600432
0.151416828899
0.0108166576528
0.719032574355
-1.37530890727
3.75696767001
0.100435219284
0.111719360965
-0.621738647718
1.40734068903
-1.23429333926
1.24971853186
-0.414844713533
-0.546387154327
-0.255811366922
-1.52245345016
-1.47836408762
-1.79101314116
-0.211505922166
0.950144122985
1.2539184953
1.99558985667
1.00222717149
-0.696671458587
1.20872971461
0.664713835061
1.0818813347
2.45012250613
-0.0466472303207
-3.98611577651
2.90356031801
-2.55978443921
1.34258732507
-0.81254937366
1.7803813462
-1.47125396107
0.42050232981
-0.710900473934
0.899464875327
2.37789952209
1.03639147332
-3.18129988597
0.897376898297
-0.776255707763
1.37715542183
-0.161756210283
-1.79280608192
-0.249009620826
1.0753918316
-0.97428344851
1.51811385854
1.17523853852
1.93334124066
-2.0334650244
0.67852129153
0.0702411613205
3.92991848157
1.7077094419
0.597535167434
-1.48393426539
-1.73535791757
0.144822592324
2.30892702803
0.235148514851
-1.10159118727
1.26425384234
-0.271940667491
-4.1242000474
4.91110282233
0.89061716006
4.07310704961
-2.2335673261
0.0255330014043
1.1492768595
-1.62601626016
0.7164790174
1.66493236212
-1.65024945631
0.929632020658
0.493058258726
0.705605644845
-1.82168056446
-1.09123207715
-1.91661481021
0.0622665006227
2.02007368822
-1.55096935585
-0.64620355412
-0.874599655087
1.46231721035
3.47904811174
-0.897205844655
2.46913580247
0.687648770167
-1.49798098215
4.79115479115
-2.64451827243
-0.410269984119
-2.50322580645
5.80204778157
-4.16066989402
1.52763018066
-3.1768488746
-2.33638990077
0.925456389452
1.53172866521
-0.435729847495
-3.27259204165
0.0247985120893
8.89819065622
-4.63559103786
-1.17078136931
1.3935483871
-0.564536823197
0.801862390067
1.64322334692
-1.20779220779
13.2352941176
9.04425914047
-14.6688560482
0.855644493514
16.2149157979
-10.2231821454
2.07231040564
-9.26790238698
4.88111888112
10.7325383305
-8.2682199176
1.95538818076
4.46361022848
-11.7152017099
0.281312793034
-0.532978014657
1.25472207232
-0.228832951945
-4.12956510517
5.1567376849
5.33161806747
-5.39553752535
-0.0945690353958
1.88575361321
5.39677934136
-8.59302479777
2.34799131379
0.408830744072
-3.86479758941
3.96349768455
7.16683695811
-9.62933649914
-3.79441624365
0.883369606965
-3.43676597849
0.923268870867
7.85896918315
-4.25202937766
-1.67236792094
3.48760980726
-0.430809399478
-3.76884422111
1.79028132992
-2.33545647558
0.0624843789053
-0.534493474208
0.625390869293
-3.83690161174
2.56600049346
5.27272727273
2.63929618768
0.14684287812
-0.252996005326
-0.897334389021
-1.82666148465
-1.06382978723
-0.7252831149
-1.55330076412
-2.21705046546
0.0122503981379
1.65628891656
2.61980830671
-1.06208117335
1.95952043316
1.34570159394
-1.77104722793
3.75499334221
-2.0349595617
-1.8437900128
2.37252588806
-3.74716124148
1.31663044868
0.2434648898
-0.712468193384
-0.405473897618
-0.416403785489
2.92207792208
0.679916317992
-0.273829704003
-1.8305171531
0.592325521504
-2.65730759589
-0.697037590241
1.0820332159
4.38665615971
2.09171359614
-0.850837543207
0.844617240917
4.64365881033
-0.917431192661
-0.30487804878
1.30562965043
2.78499278499
-3.87016229713
0.0555170020819
1.5503875969
4.49189985272
4.60637806193
0.854568054692
-2.00974421437
5.56091288975
-2.82679993753
-0.83630168809
-4.18459712123
2.46312908621
-2.05510052122
-0.0744047619048
0.343437360012
-3.06846142712
-0.115657076767
1.22932825992
3.38931759722
-6.29519353467
1.65753819545
-1.11174458381
-1.50217604942
1.78622463561
1.96706979455
0.778267254038
-1.63224035823
-1.45195729537
-0.26973310619
0.556745182013
1.9502255858
-0.36252900232
-1.26002290951
2.67568362246
0.472673559823
-0.645729380687
1.08292538199
0.988764044944
2.23617705621
-1.41929639136
2.28571428571
-1.46096484553
-1.29187321616
0.66535611674
-1.41621943948
-1.98714202221
2.65486725664
-1.97029848552
-0.278592375367
0.813008130081
-1.35608048994
-0.507761497171
-2.64124293785
2.20874837592
-2.18864727478
1.50494481869
0.0143348623853
0.940529590508
-1.97163120567
-0.0283607487238
1.30728343629
1.78388653312
-0.639256138312
-1.40381034236
2.21083455344
-1.34334825943
-0.173035328046
-3.35841694537
-1.59078442128
1.1653718091
-1.23321457934
0.0137042620255
-0.273336066694
0.0683807439825
-0.975081256771
-0.283592167454
0.365952832746
1.33223458316
1.64735446042
0.294035284234
-0.0279955207167
0.54890921886
3.21034282394
-0.159535895577
0.73046018992
-2.04636519748
1.20202751629
-2.16775290451
0.95837505364
-0.921201814059
3.0223390276
0.57268722467
2.31370192308
0.452761847268
0.439593754737
1.30528255528
-0.882800608828
-0.785261250378
-3.24371712449
-0.0292141396436
-0.0875656742557
-0.609225413403
-2.1711366539
0.685812258894
-2.26225387516
-0.94065569235
-0.632302405498
1.19627208235
0.643987120258
1.00395927602
0.468816593266
-0.368011323425
0.0708215297451
0.813936884192
0.430230890578
0.374262271484
0.419196299509
1.54117129018
-1.41802922877
0.523636363636
0.791672775253
2.49436513899
0.0902391337043
-2.22058823529
-0.860183700248
-1.90217391304
-1.93548387097
0.877192982456
-0.966792770071
0.719729043184
1.05533371363
1.40274765004
1.08171319982
0.337342329129
-0.117198945209
-1.32986412258
-2.08067940552
0.212765957447
-0.212314225053
0.957416404687
-0.0285714285714
0.733918549432
-1.20841626386
0.715922107675
-0.214316330904
0.603708495041
-0.372332808249
1.20289855072
0.101552299434
0.334788937409
-1.27891938497
0.752859417982
0.67045620172
1.99197264754
1.03634725143
-1.4797277301
-1.57296824934
-0.0145623998835
-0.550325850833
-0.317597805688
-1.22629402538
-0.185027042414
-2.19933184855
-1.50808884014
-0.246170678337
-0.67916327085
0.821692686935
-0.395580411949
-1.51800107469
1.18254723393
0.464290591288
-2.24269122948
1.44907908992
-0.162249864792
3.19520022325
-0.665280665281
0.571508224143
0.617110799439
-1.65517241379
-0.110223201984
-0.370624571036
0.330532984437
-0.411466191195
1.40472878999
-0.786532358217
-2.63334676878
-0.799680127949
-0.318852132324
0.830542531815
0.363000806668
-1.74372523118
-0.35540344873
-0.653851183471
2.13703753172
-0.266418009857
-1.27564439769
0.329858820425
1.06680890785
0.996632996633
0.650671004473
1.12405757368
0.219810413518
0.538674033149
-0.590416037347
4.5056679581
0.751770998988
1.08139704808
0.307827616535
0.0146606069491
-0.4378922785
-0.0875018229546
0.454145912687
-0.582580833091
-0.607990735379
0.348634514817
0.101788570598
0.850564598915
-1.38828633406
-0.388936905791
-0.856898029135
0.315186246418
0.402761795167
-1.10953058321
0.500357398142
0.401894646189
-0.0143513203215
0.824772102445
-0.230980222318
1.82272526826
1.9940029985
0.907715582451
0.379650721336
-0.106189320388
0.579798596277
0.892857142857
0.822598168555
-2.64430341493
-1.16487455197
0.540540540541
2.90482076638
-0.123456790123
0.699300699301
-1.3036809816
0.539707016191
-0.597792765175
0.679012345679
-2.23295111648
0.790754257908
-0.303214069133
0.1366327615
0.718654434251
0.708346165691
-0.93058733791
0.629413570771
0.215384615385
-0.611620795107
-0.137425561154
0.0917010545621
0.045871559633
-1.60974875884
-0.0150421179302
-0.449236298293
-0.654567093127
0.0
0.62874251497
0.754147812971
-0.405588102749
-1.17280285036
-0.0445169906514
0.522076372315
0.104524413917
0.0298730395818
0.676691729323
0.301659125189
-0.360685302074
-1.12927191679
0.372856077554
0.1045088086
-0.931814820293
-0.850564598915
0.427098674521
0.831600831601
-0.766283524904
-1.30890052356
0.0727696114103
0.0728226041363
0.0728756741
0.512745385292
0.485794199912
-0.439689286238
-1.07293025953
0.0725478816019
0.525087514586
-0.982091276719
-0.0721604849185
1.49406767248
-1.32967191791
0.771919603845
1.31326545669
-0.103183962264
2.06108018655
0.453377663594
3.56863358898
0.298273155416
-2.34554652767
1.19453924915
-0.693267601294
0.262588816806
1.79245283019
0.521574205785
0.764452938366
0.544435548439
3.51400629869
-0.903416557162
1.14636982888
0.803885446324
0.674422525712
-3.49821021803
1.65398610652
2.04219409283
-2.50123416159
-1.2833008447
3.41004535528
0.387858347386
-3.16786414108
2.01565883725
-3.00533204072
0.0484966052376
0.798435717777
-1.82370820669
0.0
-0.143769968051
-0.792393026941
-0.0475209884366
1.92121407814
1.37479541735
1.71466622274
1.64128595601
1.07747562853
2.05969628207
0.385491501665
0.812577283166
0.0707088562842
-1.5489035851
-1.66010610988
-0.646148614181
0.0510377679483
-0.271462504242
-0.80780881858
0.269996625042
-0.0168719419605
2.26017943409
-0.80438131097
-0.882103477523
1.34089736978
-2.0377231391
-0.569323509712
-1.10945520782
-0.690675875678
-0.16417665408
0.944647000331
1.10589812332
-3.64869228285
-1.24362244898
0.0
0.0159464200287
1.19412619009
-0.768614891914
0.839657678024
2.55009107468
0.265648347999
0.534134535136
0.0501002004008
-1.54554422887
1.11388196176
1.45049755439
0.679232467312
-1.02521008403
0.950118764846
0.0509251400441
0.735294117647
-2.20735785953
1.35593220339
-0.186093723566
-2.95517977344
-0.245660006551
-0.424005218526
1.27167630058
-0.329218106996
-0.4914004914
-0.245098039216
0.327868852459
-0.0163907556138
0.0163934426229
0.0492045268165
0.312602829878
-1.25101543461
0.0162495937602
0.146460537022
0.490596892886
-0.971659919028
0.0648193161562
-0.563970351273
0.763110894626
-0.323676970384
-1.19923249121
0.56279144557
-1.69143218463
-1.06349702846
0.140955364135
-0.823237030134
-0.263361735089
-0.231839258114
-0.522755227552
-0.398162327718
0.168737536432
-1.64453832227
1.78132678133
-1.34828056355
-0.467430639324
-0.0301477238469
0.211480362538
-0.496016834511
1.309578194
-0.830564784053
-0.406076101669
-0.687079910381
-1.31191037736
-0.191260850375
-2.03228596137
-0.885714285714
-0.455062571104
-0.438906980037
-0.702938282019
-0.97452317973
1.18326524863
0.72360953462
2.23382651581
-0.101434574699
-1.8489546295
-0.326056138361
0.498646530845
1.75413163236
-1.28792215226
0.938899321104
-0.316774658027
-0.158136860265
-2.48142436562
-0.209848908786
0.407360584352
-0.168279343711
-0.209907640638
-0.542797494781
-0.208333333333
-0.249376558604
-0.248756218905
0.249376558603
0.459290187891
-0.512323456106
0.0692808646252
-0.0692328994738
-0.687568756876
-0.10989010989
-0.546448087432
0.260238323517
-0.558430945247
0.0681477443097
0.0136314067612
0.328227571116
-1.91817572099
-0.467289719626
0.267737617135
-0.638467677574
-0.542399788332
0.61227206176
-0.73985995508
-1.16218333769
-0.169469430322
-1.45169578623
-1.10532333884
0.600715746421
0.630225080386
-1.55735629273
0.496246341774
-0.114387391967
-1.230228471
-0.27541311968
1.12672490189
-2.09469509172
-3.84936241211
0.599448507373
-0.035953978907
0.192122958694
-0.774454902895
1.14485418173
0.520896426408
-0.78125
0.458826370442
-2.46142974915
2.33819452814
-0.860317839646
-0.226514067716
-0.733727810651
-1.10018726592
-1.87205696566
1.27951611027
0.738223576283
-0.222144276862
0.860849056604
-0.329102021627
-0.862269867164
0.869769628585
0.42492917847
0.141843971631
0.260725290353
3.68640943721
-0.901120311739
-0.315610585093
1.21636564689
2.62262009835
-2.27944800394
0.383426097712
-2.4022211492
0.339147286822
-0.0484261501211
-0.15713767678
-1.06433867496
0.179705283335
0.264264264264
-1.46762930524
0.427909188161
-0.649504015116
-0.223871803935
-0.643877312105
0.281756280817
-0.676305970149
-0.22105875509
0.92766557069
2.38037989901
0.02405002405
-0.335570469799
-1.00842330051
1.43200962696
-0.835322195704
-2.15995329831
-0.822139879574
0.162375318952
-1.37268359643
-0.41011619959
0.503778337531
-0.727438054103
1.1613199954
1.57673440785
0.955076052352
2.65068990559
-0.0846535252146
-0.589083914403
-0.191984641229
2.73668639053
0.0863664404689
0.222579448498
0.785144566301
-0.211416490486
-1.62711034989
-0.716628203571
0.931715091333
1.11565637784
-0.762701439291
-0.81747193753
-0.521907998544
-0.2904514099
-1.00634958668
1.75545532122
0.860691011927
0.184774575018
1.10848175364
0.3625
-0.941059930659
-0.517368810052
1.75482577087
0.694181496908
-1.43070415526
2.18662598525
-0.70689219894
0.253100480891
-0.865637937524
-1.06739481196
0.939614131797
1.75930647629
2.16202135973
-1.46303901437
-2.14743187241
-0.772585669782
-1.38854755468
-0.768199000122
0.502450980392
0.0367782272894
-0.959203496843
-0.072797864596
0.634920634921
0.0122115032361
-0.715324927255
0.291828793774
-0.915662650602
0.423472474289
-1.17182829128
0.396158463385
-2.0230533992
-0.234686693264
0.768594064089
0.237051084509
1.27235625975
2.27105327768
2.09299410954
0.238693467337
2.26104830421
0.154400411734
5.25460455038
-1.30981021117
6.59638125089
-2.02400893356
5.30648243422
-4.95948588991
-0.583333333333
-3.08251447032
1.07482993197
-0.88996763754
4.53904708204
1.63323782235
-0.541464804788
-4.72440944882
0.163176502584
2.46621150899
-1.19768722467
-1.99676200756
0.284129346503
-0.148608484193
0.721186555994
1.87136124203
1.3914265636
-3.39443312967
1.13979675913
2.54893676947
-1.15534521158
0.26517794836
-1.36288546256
-1.85110120254
-0.724346076459
1.15332428765
-0.418862315903
2.83451438099
3.94280762565
-0.100995527341
-3.36029001673
-1.63214922507
1.16553350909
-2.44991878722
1.72105190693
2.08011243851
-2.30674172731
-1.51453684922
0.0812017864393
0.448613376835
-3.56581017305
0.0131113150649
-1.15344738206
1.03443760639
-2.22762770452
0.826126242416
-1.79997464824
0.58651026393
-0.355736246983
-1.77212030451
-0.0498939753025
0.918932527694
-2.01060811644
-0.989252564729
0.490918016691
4.34114483289
2.83118251251
-1.8482616001
-1.88942429622
0.433010697911
-1.04599873976
-0.514042126379
3.06241116423
-1.66454891995
-1.27947817361
0.96251266464
-0.164369705399
1.07348242812
0.500899049576
-0.0513478818999
1.2872188272
1.15743785348
1.94422097077
0.920162381597
-2.55801687764
-1.41687248148
-4.3635007459
0.814638425868
0.0
-0.820385332505
-0.457807473398
-0.320670942279
1.51496181295
-1.80722891566
1.61149281699
-0.596051161058
1.37210473313
-0.737223541172
-0.162175648703
0.792153904187
-3.01219512195
-1.34744947064
-1.38806501364
-1.09129312368
-0.0703564727955
1.30672368734
-1.2782924827
0.601698914582
-1.44186046512
-0.0232504068821
0.303171641791
0.751879699248
-0.444444444444
-0.256649556696
0.75223319229
0.401227283455
-0.164938737041
-0.945267825884
-0.879120879121
-0.666436860853
-0.525774374214
0.0228649822796
0.332645102088
-0.0458610410456
0.518612423649
1.09518816265
0.397707334191
2.08980176738
-0.273907347862
0.526756853825
-1.63683466792
-0.967930029155
-0.683344915451
1.19549929677
0.518378887842
1.28878281623
-0.734423122483
-0.295263965986
0.653827864955
-1.51036178433
-0.245269796776
-1.09737784452
-0.402669121031
-0.114916111239
-0.366384245477
0.126103404792
0.103282074822
0.739884393064
-0.380052977082
0.57917294104
-0.78151936559
1.33938970417
0.0349528137015
1.17882824472
0.628706998814
-1.46113383986
-1.50817407322
0.976517089049
-0.0813102567081
-0.404905136511
-0.632256581216
0.450346420323
0.685966748053
0.796906129146
-0.257159555815
-1.70056302424
0.473331794043
0.885161891451
-0.255576208178
-0.749452323302
-0.390490410015
1.44471629966
1.00023534949
0.188634755954
1.12064854554
2.08105147864
-0.640870616687
-1.07655502392
0.783604581073
-1.26175455303
-1.68519602106
-0.349854227405
0.551125703565
-0.0234466588511
-0.455128953203
-0.718340864326
-0.621761658031
0.906239107703
-0.0116171003718
-0.301135047487
-0.804227941176
0.974477958237
0.642148277875
1.27704859879
0.106534090909
0.547488693168
0.852238626816
0.567358763882
-0.312876052948
1.19337554798
0.403472307128
-0.462455884143
0.317421560249
0.540076101632
-0.694783032667
0.109823062843
-0.109702584105
-0.689989105435
0.645711500975
0.183083119736
2.68204035593
1.47526389419
0.911190965092
0.115636643968
0.296391752577
-3.21776003991
-0.632048580989
-0.185551707076
0.710103401022
-1.21831159242
0.781346893216
-1.82637282357
-1.30978130257
0.132354710624
-1.62168560606
-0.576674120278
3.48313238339
0.0
1.07090103397
-1.40776699029
-0.961538461538
0.120336943442
-2.88652565151
0.269510194516
-1.08947612425
0.829730045577
0.908018867925
1.37477585176
0.649741306702
-1.50509599431
0.309082263433
-1.5795015795
0.493827160494
-0.793187915549
-0.556779955922
0.0
0.302501454334
0.868442671048
0.744856940175
-0.774284373534
-1.47942672215
-1.06346483705
-0.125628140704
0.817501439263
-0.0690369347601
1.19934792734
-1.90748143918
0.114351057747
-0.53457688808
-0.407793384685
0.0907029478458
-0.271370420624
0.340367597005
-0.0680272108844
0.227272727273
-0.755610691327
0.305429864253
0.511654349062
0.560256117082
-0.307762452981
0.481044553888
-0.84043157297
0.353316617278
-0.408626560726
0.227531285552
0.802752293578
-0.114547537228
0.206611570248
-0.240467193404
-1.86537813237
-1.03425266904
0.49172999553
-0.156215130551
0.0781686208822
-1.84149950674
-1.15926327194
0.4243281471
0.283687943262
1.19244783041
-1.03802447552
-0.435161009574
0.0435350457118
0.152605188576
0.559026635975
-0.62091503268
0.382722799344
-0.381263616558
0.0872219799389
0.0218102508179
-0.563869008892
-0.356564019449
-0.140267587398
0.596982524693
1.20839283753
-0.153559284852
0.153795452049
-0.524532837941
-0.941762286209
-1.0814862405
-0.0962772785623
1.44329896907
-0.043388653867
2.22887558217
0.333778371162
-0.608205241623
-0.209666740234
-0.603268619063
-0.46943231441
1.47335770466
-0.397219463754
-1.06975221046
3.88977092311
1.27483633858
-0.160532049077
-0.125973431058
0.982999884353
0.46473800395
-0.0812630601347
-0.358588779641
-1.39158206912
0.194285714286
-0.57947960459
-1.21225726793
0.530354321824
1.45392100744
-0.851305334847
-0.0226963231957
-0.0226911731336
0.6049537724
0.481706617731
-0.615524905961
-0.306818181818
-0.677200902935
0.214907815858
-0.651758624565
-0.514253773058
0.982163016482
0.567665758401
-0.888938899516
-0.77043322912
1.26639529625
-0.506243671954
1.90301501777
0.356649792913
-0.172275180889
0.241768362883
2.06815511163
-1.67533217793
-2.43490023673
0.180688876341
-0.460881294964
1.17138633004
-0.621609403255
0.385749943272
-1.07744107744
-0.569132909274
0.0334896182184
0.0558472020552
0.0670615848888
-0.809312638581
-0.660792951542
-0.131984161901
0.242557883131
-0.711548987411
-0.414259239071
0.680496103611
-0.708369659983
1.20216168523
0.778037123486
-0.0777432252332
0.998317442513
-0.657454869623
-0.0556854883617
1.74504249292
-0.40627468683
0.373810602628
-0.203481799683
-0.236833201759
0.169453230908
0.181077410593
-1.07478728168
0.393391030684
0.428942318546
-0.683856502242
1.71037628278
-0.915150830415
-1.13928292193
-0.0223338916806
0.134183160013
0.539629005059
-0.736524941413
0.0558284948638
0.958178333897
-0.29223333708
-0.213100044863
0.0
-0.112032265292
-0.634531893577
0.51471410988
0.675904021629
0.214495371416
-0.0564143066682
0.521719405694
-1.25433979169
0.303302628623
-1.23155442139
-0.496798410245
0.521584729775
-0.727112482098
0.20975932877
0.722784387857
0.178233262783
0.853836647568
0.462753950339
-0.191506139462
0.10148849797
-0.605245460659
0.258456006293
2.89050757313
-0.138552130239
0.615706319703
-0.623412606788
-0.949113779302
-0.726529685549
-1.35498320269
-0.145365090015
1.54422618372
0.0795454545454
-0.238068246231
-0.876502977863
1.6912352874
-1.26368046937
-1.54410131082
-0.618238021638
-0.62534284147
-0.599781897492
0.736021091948
0.987353006434
0.0443951165372
-1.10855010427
-0.142481367821
0.595369349504
-1.15518744551
-0.821444012105
-0.301724137931
0.661676971472
0.435777317791
0.284059871081
-0.92011257848
0.325803649001
-0.010858942339
1.79064883387
-1.08244041111
0.737966736425
1.27161182376
-0.642801728915
-1.33406232914
0.362159789289
0.72960424497
0.802317806998
-1.74093945034
0.827997350408
-1.01628237351
-0.45686935712
1.02197802198
2.1897810219
-0.480554313813
1.13019891501
-0.706991358994
-0.768374164811
-0.2665482008
-0.343110127283
0.0553709856035
-0.375110326567
-0.0551328702172
-0.961013432347
-0.737127371274
-1.16777373045
0.560224089636
-0.482470247668
-0.139186295503
0.160857908847
-0.05359056806
-0.171196233683
-0.974782792965
-0.830093516865
0.358536328166
-0.388655462185
0.221075902727
0.0210592818785
0.189893448676
0.808252685313
0.234516576058
0.064
1.09996764801
0.848287112561
0.393056010481
0.13119055428
0.14232537771
-0.479407278274
1.1684303351
0.923350762042
0.548098434004
0.505902192243
0.89609800363
0.284381754067
1.13897837092
0.103650811931
0.474427215922
-0.643826166935
-0.617001828154
0.493742105867
0.310988251555
-2.27375056281
1.79901455254
0.126204681046
0.0114744693058
-0.695077484047
0.469376073268
0.114613180516
-0.897319400273
0.250512411751
-1.14813147231
0.977494885201
-0.475113122172
-0.304499830833
-0.30357544412
-0.714445188658
0.336021505376
0.699300699301
1.03703703704
0.446428571429
0.25246729401
0.0803950844148
0.195627157652
0.999535099954
0.046511627907
-0.092936802974
0.678362573099
-0.949953660797
0.488940628638
0.456087007368
0.410991075622
-1.02278010228
-1.04657849339
-0.74200913242
0.933287245074
-0.595578971481
-0.194330132602
-0.0799543118218
0.366846268486
-0.852466469652
0.422326218468
-0.916082334314
0.511538024326
-0.294684347728
-0.787135949623
0.135119918928
-0.903816112475
-0.222667557337
-2.47557003257
0.119578215023
-1.31945934349
1.37016093954
-0.830367734282
-0.247418244406
0.312938383511
0.0864024192677
-0.675820639348
-2.15177915398
-0.188580408591
0.0314399496961
0.781580059147
-0.0105607772732
-0.336806651931
-0.0841308234304
0.869841943354
0.501066098081
0.342319212666
-0.0427715996578
-0.921707808031
-0.295764233654
0.573674705195
-1.58912702561
-0.198247078464
0.135826977327
1.53829832379
-1.15352348993
0.0524603924037
-1.96461633409
0.485788113695
-2.80289330922
0.110630594388
0.76003242805
0.172571312557
-0.715581535981
-1.6650148662
-0.600926017141
1.19629149636
-0.879446640316
1.45363408521
0.241181790775
-0.150511739916
-1.39507272188
0.327575938058
0.98235765838
-0.756068444091
1.99898528666
-0.575060532688
0.344199230613
-0.161714170204
-0.221863654699
0.670050761421
0.63342868819
0.938434567392
2.23510806537
-0.0737463126844
-0.763199163617
0.567763642099
1.19161612938
1.98567708333
2.3431426985
0.0333259275717
0.491181067202
-0.244988864143
-0.861117244425
1.18409294013
-1.45310435931
-0.263504611331
-0.382806518648
-2.84773137817
0.0425215265228
0.127727514635
-1.48893782112
0.357781753131
-1.46204894235
0.134980791195
0.542854160142
-0.0521702838063
-0.446660434195
0.806282722513
-1.05677579776
2.89978678038
0.0426621160409
-1.29487314454
-0.534031413613
1.58493777258
-0.21229168878
0.60871422469
0.181876537927
-0.901187446989
-0.411783338613
1.04555638536
-0.898710086699
0.286289895027
-0.348689771767
-0.284480033716
0.221752903907
-1.60016625104
-1.49437052201
0.020475020475
-0.0511613629387
-0.224604389995
0.0204227509445
0.585456039441
0.599297375491
-0.687532067727
0.123291893558
0.568299235379
0.0620347394541
-1.16492949111
-0.830968788002
-1.26075645387
-0.477992431787
-0.505300703458
0.557935638139
-0.129353233831
0.4899510049
-0.398366696544
-0.751210833251
-0.275998028586
-0.937408456205
0.986096045755
-0.588177629644
-0.874550578175
0.2337586442
-0.426728736301
0.772087568413
0.362923001471
-0.273892203854
-0.127002735444
0.0684328868902
1.49831315737
0.0397061743101
-0.128878754833
0.198668918248
-1.33294129178
0.522167487685
0.177654954599
-0.0394632991318
0.296853354443
-0.207366446134
0.736098677012
0.590354212528
-0.44825181791
0.349860055978
-0.507210343113
-1.03346456693
0.0788022064618
0.0591366055588
-0.480627758705
0.285264607515
-0.964442279591
-0.262339681306
0.488185901191
-0.301761900127
0.0974373964728
-1.15573533661
-0.526920866066
1.60615204906
0.577638535344
0.107811428011
0.810196620887
0.526420341677
-0.670876085241
-0.206753962784
-0.99424895214
-0.0584510472479
-0.175046192745
-0.695316272332
0.955445061909
0.81580499312
-0.915465523958
0.283230784256
-1.32986412258
1.4270354804
-0.408838703397
-0.339542103221
-0.444272744833
-0.681055155875
-0.0287686996548
1.06609808102
-1.14017437961
0.791887976823
0.290556900726
4.35617545987
0.141700404858
-1.32827324478
1.96537678208
-0.788037987472
0.722499236797
-1.4738319631
1.02299199838
0.243679561377
-0.605510142295
0.0
0.0605877006968
-0.492363344051
0.0301537842999
-0.210631895687
0.423045930701
0.791878172589
-0.253164556962
-0.893215576074
0.110519441374
-0.040172742794
0.110597225015
0.984871560565
-0.625567551206
0.762505083367
-0.906709651421
1.52398486243
0.390183797104
0.599111662018
-0.226733999794
1.30507412821
-0.529650015578
-1.17007082008
0.360527400082
0.486492081565
-0.525123558484
0.60078723845
0.531084036239
0.219160926738
1.66578249337
-1.2365084355
1.0589854919
0.40404040404
1.2814990308
-0.471596998928
-0.660136286201
-0.634786288616
1.23165899111
-1.31064369517
3.03855369201
0.240174672489
0.836635843241
0.320265046935
0.365772555974
-0.419426048565
-0.66878631729
-0.610221205187
-2.00747463962
0.558359282723
-1.04133460844
-0.40215895862
0.832355138192
-1.46161934805
0.539169045354
0.148226574907
-2.33688346603
1.52214990552
0.782903089293
-0.578521089723
-1.23623519634
-0.341650274356
0.321977565434
-0.134840784151
1.07989096247
0.760616944855
-0.452203175939
-0.0210282830407
0.252977759039
-0.773977617404
-0.219160926738
