79.50
77.38
78.00
80.62
85.94
84.19
83.75
83.25
83.50
85.50
82.75
84.25
85.19
84.00
85.44
84.00
84.06
83.31
80.00
78.62
83.31
83.25
83.44
83.50
79.50
81.00
76.75
76.25
76.00
74.50
77.75
79.00
79.00
77.31
76.25
74.12
72.69
72.56
71.00
73.50
75.38
76.00
76.50
74.00
72.12
77.50
78.00
80.00
76.50
75.12
77.19
78.00
79.31
76.19
75.75
77.00
74.62
75.75
77.25
75.62
78.19
81.44
78.88
77.75
79.94
82.00
80.56
81.00
79.00
78.94
80.00
79.94
79.81
78.62
76.00
76.25
77.44
78.62
80.25
81.00
79.62
80.44
78.31
78.19
78.38
78.00
78.75
79.88
80.50
79.69
81.81
82.44
81.94
83.25
82.00
81.50
80.19
82.38
83.44
82.81
82.38
81.69
82.00
83.00
83.56
81.06
79.00
79.00
82.00
80.12
80.00
79.88
81.25
81.94
82.50
82.62
83.94
82.50
82.00
84.38
83.38
83.25
83.44
82.06
81.56
80.69
78.81
78.94
77.75
78.62
78.50
78.12
80.31
78.50
77.44
79.94
78.06
78.62
78.56
78.69
77.00
77.00
76.31
77.00
80.06
80.06
80.94
81.44
82.75
81.25
80.88
80.88
81.62
81.00
82.44
82.19
83.00
81.69
82.75
83.19
83.00
83.81
83.75
83.38
83.00
82.69
82.81
82.31
81.75
82.00
83.12
83.56
83.50
83.06
83.50
85.75
85.81
85.56
86.88
89.12
89.06
88.19
86.25
86.31
85.88
86.00
86.75
89.31
89.62
89.38
90.94
90.19
88.62
89.94
89.44
91.69
93.94
93.00
93.19
90.50
88.88
89.00
86.38
86.31
88.38
90.00
88.50
88.19
86.50
87.56
89.44
89.94
90.94
88.00
87.75
88.94
89.00
90.88
89.88
89.62
89.75
90.75
90.31
90.69
90.56
91.19
92.50
94.06
93.50
92.56
92.19
89.50
87.94
88.81
90.25
87.12
86.50
88.06
88.56
87.19
86.75
86.75
84.50
84.25
86.12
87.25
85.00
84.88
86.81
88.81
87.62
87.00
86.69
89.12
85.62
82.88
83.50
82.62
82.25
81.62
81.75
81.88
81.06
80.56
78.88
79.75
80.50
82.25
82.31
82.50
80.05
81.50
82.75
84.15
83.80
83.25
84.95
84.50
84.75
84.75
85.86
84.95
83.95
83.20
83.20
83.60
84.80
84.00
84.00
82.85
83.90
82.50
80.80
82.70
82.95
84.10
84.10
84.21
85.60
85.99
83.20
82.30
83.75
81.85
81.40
81.30
80.43
79.75
76.75
77.99
79.30
79.70
77.90
79.05
81.00
79.30
77.90
79.90
81.00
82.10
83.50
83.05
81.95
82.12
83.50
84.70
84.55
84.30
85.95
88.00
88.00
89.30
89.10
88.90
88.80
87.65
86.50
86.11
87.55
88.10
89.10
89.30
88.10
88.20
89.06
89.45
89.15
88.95
90.45
88.80
88.81
87.85
87.73
88.90
88.40
88.30
89.00
89.80
90.83
90.55
89.65
89.00
89.50
90.48
90.37
89.00
88.80
89.22
88.75
87.90
87.70
88.50
88.02
88.40
88.05
86.35
86.82
88.25
87.65
87.50
87.60
87.05
86.50
85.50
84.15
85.45
86.15
86.22
84.50
43.20
43.15
43.50
42.48
41.40
41.30
42.55
42.40
42.20
42.45
41.52
41.90
41.26
41.00
41.75
40.80
41.30
41.40
41.46
41.50
41.35
41.29
40.42
40.85
40.85
40.51
41.14
41.70
41.10
40.97
40.79
40.47
40.60
40.85
41.19
40.48
40.70
41.24
40.15
39.48
37.45
35.50
36.00
35.61
36.75
36.70
39.50
39.25
39.08
39.60
39.70
41.15
40.39
41.20
41.06
42.28
42.09
41.95
41.66
41.80
40.80
40.29
40.49
40.68
40.50
39.30
40.40
40.63
39.75
39.46
39.45
39.80
40.00
38.85
39.00
39.28
39.90
39.40
40.02
39.90
38.10
37.31
37.40
37.97
38.30
37.75
38.05
37.52
37.15
37.35
37.63
37.40
38.00
38.85
38.75
37.50
38.07
37.67
37.15
37.60
36.64
36.80
37.58
37.55
38.55
38.60
38.85
39.15
39.61
39.95
39.88
39.30
39.85
39.70
39.75
39.90
39.60
39.24
39.39
38.60
38.89
39.00
38.62
38.64
38.85
38.50
38.60
38.98
39.45
38.50
37.95
38.51
39.15
39.10
38.60
38.34
38.69
38.05
38.29
38.68
38.50
38.98
39.18
38.90
38.88
39.45
39.40
40.85
41.00
40.92
41.40
41.75
42.15
42.50
42.55
43.35
43.50
43.25
43.59
43.95
43.44
43.50
43.75
43.98
43.64
43.67
43.50
43.22
42.95
43.58
44.05
44.20
43.90
44.38
44.10
43.10
43.35
42.70
42.50
43.13
41.95
42.10
41.99
42.48
42.52
42.46
42.45
40.50
41.05
40.10
40.60
40.00
40.00
39.90
40.59
40.95
40.12
39.49
38.85
39.75
39.80
38.82
40.47
40.00
39.95
40.28
39.95
39.79
40.02
40.75
41.00
40.00
39.70
39.85
39.60
40.00
39.07
38.98
39.98
39.15
39.42
39.73
39.20
39.35
39.30
39.45
40.00
39.95
39.41
39.00
39.25
40.25
39.60
39.74
40.10
40.77
40.80
40.15
39.95
40.35
40.35
40.25
38.23
37.26
36.10
35.01
35.90
35.76
33.65
32.40
30.70
30.90
33.94
34.00
35.90
36.37
35.52
35.25
33.85
33.65
33.15
33.75
34.31
35.77
35.27
35.10
35.40
36.80
37.09
36.55
36.91
36.28
36.44
36.80
36.20
37.45
36.35
35.02
34.75
34.25
33.69
33.06
34.71
34.25
34.39
35.00
34.43
33.59
33.83
34.40
33.00
32.56
32.59
32.62
32.50
32.88
33.35
33.90
32.82
32.18
33.10
32.85
33.40
33.00
33.70
32.10
33.08
34.01
34.50
35.25
36.30
36.35
36.05
35.75
36.01
34.65
35.50
34.20
34.86
33.50
33.45
34.32
33.80
34.50
34.51
35.35
34.95
34.70
34.65
34.25
34.15
33.95
34.25
35.01
35.00
34.90
35.38
34.81
34.10
34.10
34.55
34.98
35.15
34.30
34.91
34.77
34.40
35.15
34.30
35.15
35.00
34.63
35.40
35.90
35.38
35.15
35.65
36.05
35.75
35.62
35.35
34.88
34.74
35.00
35.25
35.45
36.05
35.15
35.10
35.35
35.19
34.98
35.40
35.18
35.09
34.41
33.76
33.35
33.20
32.50
32.25
33.45
34.43
33.23
34.16
34.50
34.98
33.70
33.85
33.55
33.85
33.37
32.70
33.05
33.70
33.76
34.00
33.95
33.93
33.65
33.91
33.94
34.15
34.39
34.70
34.23
34.75
34.10
34.79
34.75
34.57
34.38
34.55
34.45
34.98
35.30
35.37
36.00
35.95
35.65
35.75
35.70
35.62
35.45
35.25
35.95
35.71
35.26
35.98
35.00
34.90
34.49
34.60
34.26
34.89
35.17
34.47
35.10
34.69
35.17
35.05
35.00
34.88
35.25
34.72
35.32
35.48
36.15
35.48
35.21
35.20
35.33
35.37
35.59
35.57
35.32
35.30
35.17
35.19
35.32
35.64
35.85
35.80
36.51
36.45
35.97
36.53
36.73
36.97
37.30
37.29
37.26
37.60
37.75
38.20
38.19
37.93
38.31
37.67
37.30
36.98
36.83
36.94
36.84
36.45
36.63
36.43
35.95
36.03
36.10
36.10
35.85
35.65
35.86
35.32
35.62
35.40
35.27
34.92
35.50
35.80
35.41
35.72
35.74
35.25
35.70
35.75
35.68
35.87
35.57
35.50
35.70
35.40
35.61
36.35
36.50
36.75
36.80
36.75
36.94
36.86
36.88
36.50
36.98
37.02
36.35
36.77
37.10
37.36
37.55
37.79
37.98
38.00
38.00
38.10
38.25
38.10
38.10
38.00
37.70
37.37
37.55
36.75
36.85
36.65
36.80
37.38
37.10
37.00
36.78
36.77
36.92
37.35
37.90
37.86
37.79
38.27
38.25
38.10
38.37
38.45
38.75
38.49
38.91
38.66
38.63
37.80
37.10
37.12
37.81
37.98
38.00
37.31
36.45
36.92
36.52
36.24
35.90
35.90
35.56
36.12
36.10
35.99
36.35
35.52
35.55
35.06
35.25
35.64
35.48
35.50
35.90
36.42
36.50
36.32
36.45
36.32
37.13
36.90
37.70
37.82
37.97
37.94
37.91
37.95
38.63
39.00
39.49
39.35
39.25
39.62
39.81
40.10
40.58
40.93
41.02
41.10
41.52
41.08
40.91
40.45
40.70
40.87
40.58
40.68
40.35
40.50
40.96
41.43
41.35
41.05
41.43
41.40
41.46
41.15
41.26
40.80
40.05
40.48
40.23
40.31
40.58
41.01
41.78
41.89
42.20
42.11
41.90
42.20
42.23
42.50
42.45
42.62
42.46
42.58
42.20
42.03
41.80
41.72
42.50
42.35
43.00
42.30
41.45
41.78
41.95
42.24
42.10
42.21
41.25
41.01
40.70
40.20
40.35
40.87
41.41
41.65
41.90
41.99
41.97
42.06
42.02
42.23
42.70
43.39
42.58
43.30
43.74
43.85
43.72
42.56
42.69
43.25
43.25
43.07
43.68
43.25
42.90
42.90
43.64
43.38
43.90
43.50
42.63
42.30
42.27
42.65
42.80
43.30
43.05
42.80
42.56
42.98
42.66
43.00
43.78
43.65
43.10
43.50
43.85
43.71
43.50
44.00
43.99
43.35
43.65
43.99
44.01
44.40
44.80
44.77
44.89
44.43
44.91
45.31
45.28
44.50
44.25
44.52
44.53
44.40
44.80
45.10
45.49
45.45
45.25
45.10
44.95
45.37
45.70
45.80
45.74
45.78
45.11
45.27
45.27
45.32
45.25
46.06
46.13
46.29
46.32
46.86
46.25
45.57
45.24
45.51
45.15
45.00
44.56
45.02
44.77
44.40
44.78
45.19
45.45
44.99
44.96
45.00
45.37
45.35
45.24
46.20
46.71
46.98
47.07
47.00
47.21
47.59
47.53
47.63
47.55
47.31
47.78
48.38
48.50
49.20
48.10
47.65
47.65
48.15
48.42
48.15
48.45
48.75
49.12
49.35
49.33
49.80
50.00
49.55
48.95
48.54
48.95
48.80
48.50
48.30
48.85
48.89
48.60
48.74
49.35
48.60
48.32
49.40
48.56
49.00
49.48
50.00
50.35
49.81
49.31
49.55
49.50
50.13
49.50
49.60
50.13
50.10
50.38
50.91
51.20
51.59
51.68
51.21
51.26
50.70
49.70
50.28
50.14
49.36
49.90
50.30
50.45
50.40
50.55
50.48
49.65
50.05
51.23
51.52
51.25
51.80
51.02
50.81
51.13
51.01
51.02
50.34
49.83
49.30
50.12
49.86
49.83
50.05
50.59
50.56
50.95
51.45
50.65
50.80
50.94
51.20
51.50
51.24
51.37
51.50
51.98
53.33
53.85
54.47
55.12
54.85
55.48
55.88
56.34
56.25
56.69
56.92
58.70
58.13
59.50
58.50
59.60
61.50
63.26
62.97
62.05
62.70
63.12
63.58
63.15
63.10
60.90
60.37
61.06
61.29
60.00
60.88
61.59
62.65
61.75
60.90
60.30
59.04
58.89
58.65
59.83
60.10
60.95
60.50
60.25
61.35
60.75
59.99
59.94
60.15
59.28
58.45
55.65
57.35
58.05
57.55
59.28
59.96
59.96
59.25
57.35
56.50
57.00
57.33
56.85
57.35
58.05
57.75
57.53
56.94
57.25
54.99
53.50
53.50
54.34
53.78
54.83
54.38
54.85
55.06
56.05
56.40
57.00
56.45
56.95
57.20
57.30
57.62
57.36
57.00
58.20
58.25
58.25
58.94
59.25
60.79
61.10
60.40
59.85
59.65
59.12
58.33
59.35
58.81
58.44
57.75
58.56
60.50
58.65
59.68
59.39
59.97
59.89
59.89
58.59
58.02
58.48
58.50
58.75
58.20
59.95
59.85
59.80
59.82
60.04
59.23
59.36
60.09
58.97
58.54
58.65
59.16
59.75
60.12
61.00
60.95
60.42
59.05
58.15
58.52
59.54
59.11
59.15
58.85
58.93
59.24
58.43
58.80
60.10
61.55
60.62
60.95
61.44
61.61
62.85
62.20
62.01
62.87
63.00
64.00
64.38
65.04
65.31
64.60
63.70
64.32
64.65
64.50
64.61
63.55
62.35
60.55
58.70
59.08
59.60
58.99
59.38
58.50
57.80
59.05
58.30
56.50
57.00
55.28
55.31
56.95
57.25
56.55
56.05
57.03
56.09
56.50
57.83
58.57
57.80
56.81
57.37
57.30
56.29
56.82
56.42
56.39
57.54
58.10
58.51
59.55
59.48
60.19
59.55
59.00
58.21
58.37
59.42
59.38
59.77
59.87
59.21
59.24
58.81
59.05
59.08
59.86
59.62
58.22
57.67
58.08
57.78
56.75
57.00
56.05
56.25
56.10
56.42
58.60
58.57
58.76
59.80
59.20
59.68
60.50
59.51
61.26
61.72
60.68
61.81
60.53
60.90
61.34
60.79
60.36
62.88
62.75
62.77
61.90
61.65
61.70
61.59
60.00
60.55
60.05
59.43
59.26
59.81
59.90
60.37
61.00
60.60
60.01
60.34
60.20
59.52
59.59
60.04
60.83
60.95
59.90
59.45
59.94
58.92
59.68
59.55
60.67
60.97
61.80
60.77
60.66
60.63
61.11
61.15
61.11
61.45
60.95
61.25
60.90
61.36
60.65
61.63
61.60
61.77
61.90
62.20
62.05
61.29
61.94
62.49
63.10
64.00
64.20
64.76
64.85
63.98
61.50
62.57
63.40
63.82
64.60
63.77
63.90
63.60
63.60
63.50
64.10
63.46
61.51
62.11
61.45
60.25
59.90
59.95
61.30
60.00
60.78
61.53
61.70
60.21
60.40
61.50
62.10
60.00
60.30
58.38
59.89
59.05
57.75
56.65
58.48
58.95
58.77
57.66
57.35
57.72
58.15
58.10
58.97
59.80
61.22
62.65
61.80
61.90
62.75
63.70
63.00
63.20
64.00
64.15
64.57
64.50
64.40
64.62
64.45
64.57
64.35
65.36
65.51
67.40
66.25
67.43
67.24
68.37
68.07
68.60
69.00
69.24
69.69
68.87
69.35
69.54
69.90
68.30
67.18
68.40
69.30
69.71
70.08
69.79
70.72
70.05
69.72
69.43
68.05
67.85
67.68
68.49
67.00
67.69
66.36
65.25
64.82
65.21
64.90
64.90
66.49
65.51
64.30
65.28
64.60
65.06
66.68
67.13
67.18
67.29
66.40
65.49
67.26
67.00
67.76
66.21
66.85
66.88
68.08
68.45
69.83
69.50
69.84
70.01
68.85
69.67
69.72
72.00
71.46
71.15
70.69
71.58
70.71
71.44
72.16
72.91
72.53
74.20
74.55
74.10
74.43
74.00
74.95
71.95
72.55
72.77
73.02
71.90
72.29
72.65
74.30
76.42
76.78
77.20
78.11
77.82
76.30
76.20
75.25
75.31
76.45
77.51
78.95
77.26
75.30
76.85
76.09
76.00
75.51
76.30
76.77
77.01
76.26
73.85
72.45
73.88
71.85
71.81
70.99
71.21
72.50
71.49
72.67
72.50
73.65
73.55
74.50
74.62
73.89
73.65
73.45
74.39
74.58
75.00
75.65
75.86
75.40
74.28
75.46
74.93
74.80
75.90
75.19
75.26
74.90
74.72
74.62
75.29
75.52
74.89
72.23
70.90
70.95
69.35
70.70
71.00
72.15
71.95
70.80
70.37
70.10
70.71
70.77
70.12
71.12
72.44
73.53
74.66
75.44
75.37
76.16
75.83
76.24
75.35
76.10
76.59
77.10
76.77
76.80
77.60
76.97
77.50
77.64
78.27
78.17
77.93
78.38
79.50
79.00
78.84
80.03
80.24
80.30
79.50
79.83
79.83
81.00
80.50
80.57
81.19
81.06
79.69
81.21
81.01
80.84
81.25
82.14
83.42
83.40
83.12
83.18
82.66
83.27
82.18
83.90
83.56
83.96
83.95
84.17
83.40
81.77
82.68
82.77
82.32
83.45
85.07
86.09
86.19
85.88
83.36
84.20
82.40
82.64
81.32
83.81
84.15
84.50
85.00
85.39
85.63
86.53
86.95
86.40
87.70
89.70
89.33
90.17
88.82
91.54
92.01
91.93
92.52
91.24
90.41
87.91
86.00
86.77
84.99
85.75
84.62
81.95
83.15
85.71
85.69
82.51
85.24
83.34
83.27
80.85
82.29
83.85
84.50
83.73
84.05
83.75
85.11
84.86
83.49
84.93
86.54
85.31
86.91
87.67
86.72
85.67
85.19
86.77
87.85
88.10
88.50
89.62
92.30
92.42
92.87
92.08
90.68
92.43
92.90
93.13
92.45
93.32
91.63
91.34
91.20
90.60
90.99
91.69
93.60
93.10
94.15
94.74
95.08
94.63
94.70
91.17
91.47
90.87
92.49
92.74
92.36
92.93
91.46
89.83
88.69
87.02
87.76
89.78
88.01
88.94
86.24
84.35
87.46
85.70
85.16
84.63
84.98
87.96
87.05
88.12
85.23
86.88
87.50
88.52
88.97
88.18
88.76
89.89
91.25
91.75
92.36
91.77
91.29
92.16
90.65
90.72
91.06
91.52
92.74
93.51
93.68
94.81
94.05
94.61
94.15
93.86
93.24
92.50
91.86
90.11
90.75
91.01
90.84
89.89
88.45
87.47
84.00
80.00
80.01
84.29
86.70
83.50
85.22
84.54
84.22
87.70
86.04
84.11
82.69
80.97
82.00
81.85
83.60
84.71
85.65
85.19
86.52
86.31
87.71
87.46
87.17
88.75
89.40
89.12
88.77
86.83
87.47
86.80
86.93
83.91
82.75
83.96
86.61
85.33
87.74
83.88
86.61
87.81
84.18
85.17
86.26
85.23
86.82
86.05
85.69
84.80
86.85
88.00
88.48
89.32
88.73
89.72
89.53
88.90
88.74
90.06
90.90
92.48
93.36
94.00
94.10
94.27
93.41
93.21
92.57
92.42
92.25
90.10
90.05
89.70
89.28
90.07
89.00
89.37
88.43
88.87
89.85
90.33
91.85
92.91
94.47
94.63
93.76
92.64
90.04
89.13
89.87
89.58
88.09
87.68
85.30
86.25
89.79
87.61
88.77
88.80
87.98
86.53
88.49
87.87
88.08
88.04
86.30
85.10
87.53
87.25
87.69
86.84
86.81
87.87
88.50
87.97
87.86
86.12
86.15
84.30
86.28
86.00
85.65
81.89
81.30
80.63
81.84
82.56
82.98
81.20
81.01
81.87
80.83
80.90
81.82
80.55
79.63
76.50
78.50
78.68
76.90
78.52
78.57
76.81
77.60
77.09
77.46
76.38
78.54
79.28
80.00
80.27
78.82
80.67
81.06
81.50
78.04
77.01
77.68
76.00
76.76
76.07
73.88
74.56
75.52
74.94
71.99
75.60
76.29
80.49
80.20
78.57
77.95
78.54
79.03
78.92
75.62
77.19
77.77
77.85
75.65
78.00
74.85
77.60
63.86
64.90
75.05
70.76
63.31
67.05
70.37
72.45
68.74
65.88
64.01
67.58
68.87
74.87
75.00
74.37
73.45
75.13
76.25
73.12
70.48
75.10
72.65
71.35
69.54
73.80
73.50
73.50
76.20
71.84
69.78
76.82
78.39
77.38
79.86
77.89
75.59
76.16
77.54
75.67
78.59
79.02
79.22
80.33
78.04
81.32
80.41
82.57
80.56
76.80
75.21
75.50
74.62
76.04
78.28
78.02
78.42
80.06
81.27
82.14
79.25
77.91
78.88
76.54
76.46
77.04
74.70
77.62
77.08
76.25
77.69
76.40
78.68
78.27
79.37
77.58
78.25
76.06
76.85
78.55
77.57
78.81
80.39
79.28
76.61
73.57
74.99
72.72
71.51
71.87
70.94
72.25
69.72
71.40
71.77
69.79
67.00
65.84
65.56
64.18
62.98
62.88
65.59
67.38
66.01
67.39
67.04
66.81
68.51
70.40
68.64
66.99
69.60
69.70
70.68
70.05
68.54
69.04
67.04
70.73
69.76
69.66
69.03
68.57
69.95
68.64
67.24
67.59
68.61
67.84
66.02
65.29
65.64
65.31
66.21
65.29
65.36
67.32
68.64
67.13
68.50
68.08
68.04
69.00
69.40
69.48
69.77
69.98
69.52
69.31
69.74
70.31
71.00
68.72
68.62
68.39
69.80
68.54
69.80
70.46
71.44
72.39
72.67
73.25
72.48
73.56
73.97
74.00
73.43
72.64
73.34
71.06
71.23
71.85
70.10
69.28
69.30
68.31
69.67
69.45
70.60
70.67
69.57
67.67
67.61
66.56
66.80
65.10
65.17
66.20
67.20
68.20
68.30
69.11
69.42
69.88
69.82
71.36
72.41
71.88
71.07
70.30
70.36
70.96
70.25
70.48
70.01
70.01
69.12
68.70
68.23
69.22
68.52
67.37
66.70
66.09
68.09
69.45
70.04
71.70
70.05
71.07
71.20
69.45
68.93
68.35
68.47
68.22
69.85
70.80
70.83
70.89
69.11
70.18
69.86
69.95
70.27
69.15
70.03
69.87
69.00
68.86
68.81
69.36
68.98
68.39
66.97
66.79
68.01
68.48
68.97
68.96
69.51
70.25
70.84
71.51
72.73
73.15
73.38
72.65
73.02
74.33
73.81
73.30
74.52
72.57
73.37
72.05
71.32
72.07
71.95
71.82
72.96
72.46
73.04
72.68
72.05
73.65
74.73
75.25
74.77
74.38
75.44
75.70
76.00
74.65
74.49
76.00
75.97
75.58
75.69
73.95
73.47
73.00
73.32
72.89
70.80
69.97
69.58
68.36
68.56
68.47
68.62
68.75
68.35
69.08
69.28
68.71
68.84
68.72
69.19
69.45
69.90
69.69
69.94
69.72
69.96
69.54
69.65
68.74
68.56
68.12
66.52
66.55
65.64
65.66
65.85
65.15
65.77
66.73
66.88
66.27
64.70
64.91
65.11
65.08
64.69
64.62
65.44
66.34
65.80
65.59
66.10
65.26
65.01
64.61
65.26
65.36
65.66
65.77
65.35
65.96
66.77
66.32
67.16
67.39
67.58
66.67
66.55
66.91
67.50
67.04
66.49
66.94
66.57
66.81
66.44
66.66
67.19
66.94
67.27
67.84
67.99
67.83
67.01
68.11
68.80
68.47
68.72
68.50
68.12
67.75
68.62
69.00
68.52
68.50
69.03
69.01
68.87
68.45
68.90
68.11
67.15
65.94
65.79
64.50
65.42
64.62
64.64
64.87
64.50
63.74
64.05
62.46
61.47
59.16
60.74
58.99
60.08
60.50
61.21
60.38
59.51
61.23
60.74
59.98
59.62
61.58
61.50
61.68
62.06
61.89
61.97
62.42
62.78
64.10
63.13
61.71
60.82
60.15
59.31
58.00
57.33
56.98
56.85
57.17
57.37
59.13
58.76
58.29
59.60
59.22
59.36
58.84
58.33
57.68
59.13
58.71
59.26
59.70
60.62
60.73
61.42
60.15
60.64
61.98
62.86
62.28
61.92
62.56
61.85
60.55
59.70
59.96
59.60
60.49
60.67
59.93
59.02
58.97
58.96
58.69
59.36
58.72
59.56
58.75
60.04
60.49
61.20
60.89
60.66
61.50
61.38
61.39
60.84
60.76
60.85
61.19
61.04
61.65
61.56
60.99
61.51
61.99
61.63
61.77
61.95
62.32
62.52
62.59
63.18
63.96
63.81
64.36
64.31
64.84
65.05
65.64
65.19
65.59
65.47
66.29
66.51
66.68
65.96
65.95
66.43
66.10
66.72
67.32
68.23
68.40
69.44
69.49
70.29
70.96
71.00
71.38
71.01
69.62
68.84
69.65
70.20
70.10
68.80
69.25
69.30
68.86
68.55
70.38
71.19
71.01
71.20
71.91
71.87
72.05
72.18
72.41
72.23
71.87
71.92
72.11
72.24
72.43
72.94
72.94
72.81
73.20
73.41
73.29
73.16
73.72
74.71
74.67
74.90
75.21
75.13
75.02
75.94
76.65
76.67
77.79
78.63
77.98
78.21
78.85
78.22
78.71
79.84
79.78
79.92
81.14
83.59
83.06
83.25
83.45
83.50
82.44
81.68
82.23
82.07
84.79
83.06
83.97
83.91
84.97
86.00
87.20
85.79
85.87
86.41
84.59
85.46
85.92
85.84
84.60
84.12
83.80
81.02
81.67
80.17
81.23
80.38
81.77
81.87
83.10
82.65
82.78
82.99
83.86
83.16
83.80
84.82
84.72
84.26
84.68
85.73
85.16
86.00
85.95
84.24
83.58
82.38
83.80
83.11
82.97
85.05
85.77
86.29
86.43
87.48
87.03
87.43
88.10
86.59
85.19
83.52
83.27
83.01
83.08
82.51
80.62
81.29
80.22
79.99
80.88
82.27
81.98
80.22
81.05
80.97
81.60
82.74
83.28
83.55
81.77
80.24
80.93
80.61
80.61
81.24
80.95
80.00
80.05
79.53
78.59
79.85
78.65
80.23
80.16
78.74
78.55
76.88
78.57
79.85
80.39
81.19
81.30
81.40
82.27
81.58
81.30
81.51
82.27
83.05
82.42
82.29
82.90
83.84
83.86
85.20
84.20
84.67
83.79
81.74
80.79
80.82
78.90
77.94
76.68
75.01
72.74
70.79
70.74
68.81
72.36
73.04
73.35
74.29
72.41
70.07
72.15
70.60
72.96
73.64
70.88
73.33
73.59
74.36
74.15
72.11
70.14
72.24
73.39
72.17
70.34
71.76
71.96
73.43
74.52
72.91
73.87
73.88
69.94
68.46
70.01
73.33
72.43
73.12
72.76
72.05
70.25
72.67
73.30
74.47
74.73
75.78
76.74
76.22
77.10
77.87
77.57
78.57
78.32
79.59
79.92
79.83
80.16
81.91
80.99
80.59
75.82
77.37
78.19
78.07
78.82
79.25
77.90
78.53
79.63
79.53
78.86
78.24
78.12
78.22
76.53
76.38
75.03
74.51
75.84
76.41
78.42
80.20
80.67
80.88
80.63
80.61
80.75
80.63
80.73
80.61
79.59
79.93
80.74
80.24
80.66
82.02
83.56
84.28
84.97
85.15
84.09
85.16
85.97
85.79
85.64
85.92
85.00
86.07
85.10
84.39
84.16
85.75
85.30
86.34
87.08
87.50
87.08
86.77
87.64
86.24
85.27
84.92
84.23
84.28
84.24
84.87
85.22
85.83
85.33
84.02
84.34
84.42
84.86
84.45
86.07
86.04
86.84
86.58
87.37
87.15
87.23
87.45
86.47
86.66
86.17
86.24
86.01
85.00
85.06
84.50
85.89
86.59
85.89
86.20
86.08
86.46
86.59
85.48
85.36
86.18
87.14
86.36
85.32
86.48
86.60
86.75
85.30
84.56
83.98
83.75
83.11
82.65
82.97
83.24
84.65
85.06
85.51
85.55
84.53
85.64
86.65
85.28
86.50
85.96
86.46
86.56
86.36
85.11
84.29
83.75
83.04
83.37
82.69
82.27
82.00
81.96
82.15
82.37
81.42
82.14
81.79
82.29
82.86
82.64
81.08
79.88
77.87
78.09
77.59
78.37
80.98
80.08
81.62
80.74
80.94
80.86
82.57
82.51
83.73
84.40
85.04
82.68
81.22
81.51
82.81
82.66
84.78
85.44
85.69
85.33
84.26
84.52
84.08
83.48
83.41
84.45
84.83
85.18
85.34
86.02
85.87
84.80
85.21
85.14
85.56
86.59
87.28
87.37
87.02
86.10
87.07
87.55
87.88
87.75
87.84
87.67
88.10
88.17
88.19
88.19
88.89
88.07
88.14
87.20
87.79
87.16
88.07
87.57
88.07
87.38
87.61
87.33
87.52
87.89
89.27
89.82
89.75
89.63
89.71
91.50
91.92
91.43
91.48
90.14
92.03
91.31
92.11
91.72
91.83
91.48
91.79
92.12
91.65
92.08
92.59
92.15
92.83
91.80
91.57
91.51
91.35
91.89
92.62
92.97
93.57
91.67
91.13
90.46
90.63
90.56
91.03
90.25
91.76
90.04
90.86
90.24
88.27
86.61
87.27
86.75
86.75
86.09
86.14
87.40
87.51
87.81
88.25
88.32
88.40
86.53
88.37
88.07
88.55
87.38
87.27
87.76
88.17
88.58
88.61
89.09
89.16
88.00
88.36
88.75
89.54
88.38
87.66
87.13
87.21
87.05
86.10
85.04
87.79
88.46
88.50
88.31
87.82
88.40
88.75
88.97
89.46
89.18
89.16
89.76
90.09
90.27
90.50
90.88
91.57
91.67
91.21
91.17
90.69
90.44
89.41
89.88
89.37
89.21
88.50
88.35
88.25
88.46
88.34
88.57
88.54
89.14
88.79
89.02
89.88
88.50
88.50
89.67
89.07
89.13
89.48
89.60
89.63
89.01
89.01
89.45
89.02
89.41
89.20
88.74
88.89
88.95
88.12
88.40
89.50
89.41
89.56
90.64
90.13
90.59
90.65
90.10
88.61
89.11
88.69
88.45
88.95
88.88
88.29
87.19
86.21
86.28
87.27
87.61
88.39
89.45
88.89
87.81
88.26
88.26
88.52
87.98
89.00
90.25
90.62
91.05
91.14
90.87
89.80
90.15
90.64
90.80
91.07
91.61
92.67
92.83
91.56
91.38
92.94
91.76
91.97
91.95
90.53
91.18
90.68
89.45
90.89
91.93
90.38
91.13
89.63
91.16
90.97
91.36
91.79
90.24
89.76
88.95
89.58
89.42
90.24
89.85
90.39
90.37
90.63
91.10
91.96
92.64
93.28
93.80
93.25
93.19
93.19
93.56
93.80
94.69
94.87
94.86
95.31
94.69
94.77
94.51
94.22
93.93
92.69
92.46
91.42
91.33
91.18
91.93
91.20
90.43
89.85
89.34
88.66
88.01
87.82
87.13
86.95
86.58
87.15
87.50
86.62
87.28
88.63
87.39
87.70
87.01
88.06
87.49
87.34
88.40
87.88
88.59
88.15
88.88
88.71
88.91
89.64
89.53
88.29
87.59
87.59
87.40
86.85
86.06
85.99
85.75
86.04
86.31
85.57
85.86
85.35
85.52
85.90
86.51
87.47
87.48
87.13
87.69
87.50
87.29
87.52
87.98
88.23
87.83
88.45
88.97
89.45
89.74
90.00
91.34
92.42
92.64
91.80
92.85
92.67
92.22
92.68
94.15
95.98
95.40
95.75
94.85
94.96
95.21
94.75
94.36
93.65
93.27
93.60
94.19
94.07
94.97
95.95
95.90
95.38
94.50
95.13
96.28
97.02
97.43
99.50
99.39
99.00
98.33
99.42
101.24
101.53
100.49
100.60
99.77
99.94
99.61
101.19
100.20
99.99
99.91
98.80
99.16
98.79
99.18
98.57
98.88
97.25
96.18
95.08
95.35
94.93
94.00
92.85
91.92
90.37
90.31
89.51
90.12
90.45
89.56
91.01
90.59
91.81
94.07
93.80
93.85
95.48
95.61
96.54
96.56
95.58
95.96
95.76
96.59
95.20
93.67
94.37
95.15
95.36
93.64
94.44
93.58
93.95
94.41
94.65
93.44
95.10
94.76
95.10
95.56
94.61
96.47
98.49
97.65
97.53
97.83
98.30
97.25
97.01
97.75
96.98
96.51
97.49
97.58
99.05
99.69
100.03
100.53
100.59
100.48
99.99
100.72
101.57
101.13
101.96
101.28
101.69
102.60
103.12
103.09
101.71
102.33
102.18
102.36
102.00
100.59
100.42
100.69
100.85
101.81
101.55
101.61
101.23
101.54
100.80
100.53
99.59
100.21
100.10
100.61
101.45
101.48
101.19
102.46
101.93
102.57
102.58
102.57
102.61
103.28
104.11
104.18
102.34
101.94
101.67
101.21
101.15
101.15
101.95
102.33
102.33
102.96
102.88
102.40
102.17
102.53
102.56
103.38
102.69
102.36
103.64
103.64
104.42
103.93
103.29
104.21
103.73
101.98
98.62
98.74
99.48
98.20
99.77
98.81
99.28
98.21
98.82
99.10
99.24
99.28
99.50
99.55
99.80
98.89
98.81
99.12
99.78
99.04
99.38
99.43
98.86
99.00
98.74
98.92
97.69
97.36
96.32
96.53
95.73
96.23
97.91
97.15
97.08
96.90
96.28
95.87
95.66
94.33
94.71
94.11
94.11
92.39
93.60
94.01
94.27
93.42
94.05
92.44
91.32
91.49
89.00
88.58
91.13
90.63
92.86
93.96
94.31
94.19
93.85
94.44
95.42
93.87
94.99
96.56
94.50
95.36
95.18
95.80
96.87
95.78
95.90
94.96
94.87
94.85
95.08
95.08
95.37
