0
48.1491636962
12.875270814
16.4324324324
66.6166316421
142.254545455
-28.3480979677
27.5083056478
-28.1622911695
34.7266881029
15.0999259808
57.0930232558
-40.4432132964
10.736196319
-28.7820862916
-11.9288119288
-21.0706150342
9.06832298137
8.34454912517
18.6900958466
0.320512820513
4.05780989439
-7.93244626407
10.8338060125
-7.50262329486
-9.19485469271
12.3060460139
-23.1180584122
-15.2370990237
10.4351174432
-12.8523489933
-10.4298166516
26.7911585366
12.2326775021
7.14940421632
26.934264107
2.93413173653
-6.6517607602
-3.66182014001
-22.7215980025
-2.27734851566
-6.99697428139
14.5084452144
2.75923453494
8.08080808081
19.0040068689
11.9871794872
-8.71854885898
-9.24057355284
-5.94405594406
22.2222222222
-12.8723404255
-8.203125
-2.70783847981
-18.81989973
11.383161512
4.91212257774
-2.88840262582
-10.9855862875
11.9494112516
