-1.59366177944
-4.22535211268
-2.04219246701
-5.82917412186
-1.56191892897
-1.95535714286
-5.17318137299
-7.625912084
-7.86117136659
-1.37538969375
-0.107028184088
4.77656497808
5.40236353405
10.9453215248
-0.401826484018
-4.82981071216
-5.87460484721
-9.49834479246
-14.2338177015
-12.5329499161
-6.35879500835
-11.5907150066
-13.3367662204
-7.49961814572
-4.06896551724
-1.7109375
1.28961232995
4.16858237548
4.0775772991
5.29288365338
-7.66123214543
-7.34426229508
-1.69491525424
-3.63817401961
-6.24101671836
5.26235856937
3.38983050847
-3.41239813737
-4.08463120776
0.0984401029835
-0.521226771416
-4.70892254684
0.777240064526
-0.0513987811146
0.235294117647
2.92334007153
5.80238474975
1.02222222222
1.54339397554
-6.46741445407
-10.9156392852
69.2198946151
70.0680272109
67.5243567325
80.8680020544
89.8238232974
5.69138820973
2.67753201397
9.76144776529
6.50984682713
5.46311702718
2.52054031472
3.16253002402
0.523704520397
4.45714285714
10.9538461538
17.4901832461
31.4736842105
9.11278195489
1.08303249097
-1.69388989716
-6.14250614251
-10.1513240858
0.757575757576
3.74531835206
-4.17391304348
-6.07240732728
-11.1982082867
-2.94117647059
1.04450499546
8.45646023263
2.33210332103
13.8486055777
8.36653386454
12.9230769231
5.59336099585
13.029696363
4.58333333333
3.61624834875
0.862068965517
8.79378837125
12.1631736527
8.59728506787
19.8021760633
5.22496371553
1.61467889908
-2.73025118311
-7.73213092852
-11.2223393045
-9.55037742041
-15.3463808636
-13.1383399209
-2.33240906867
-9.4465648855
-4.31778929188
0.0
1.8190598841
-5.67692307692
-3.54348826507
-4.22556390977
-5.05825099543
-9.89266028431
-3.15852205006
-3.33629893238
3.00495662949
8.2880868732
9.75959242159
7.82329317269
6.10446821901
5.50743585553
-1.47891755821
-2.80099040545
0.597931480284
-1.83783783784
-6.40868767207
0.697084917617
4.02446877012
-3.13087038197
-0.766283524904
-4.20512820513
-9.3363975869
-7.6282527881
-4.3855710223
-6.11510791367
0.190839694656
5.38904026642
-1.27715795655
-2.55250875146
2.20588235294
8.45406782359
0.947432762836
7.80186738408
12.5041023958
5.62286424355
-4.19463087248
-1.22264150943
-3.52671755725
-10.1312490783
1.57778479015
1.94371015394
2.71317829457
3.65564171546
7.53250872185
-0.0945775535939
1.27559055118
-1.52671755725
-2.49961425706
-6.14674802798
-4.6015037594
-3.0534351145
-0.847714199213
-2.62920673077
0.946514423077
-3.08947828621
-4.46324387398
0.0909090909091
3.5953307393
0.467924528302
7.42016280526
12.0444517078
12.0923913043
4.79530256076
8.16326530612
1.80079681275
1.88145188145
-5.03225806452
-2.86755386565
0.212696335079
4.04576355497
5.01835985312
12.3391918826
10.1378467981
2.8263795424
9.15837104072
3.04504504505
-1.88444444444
-2.13456284153
3.26615705351
-1.67289553301
3.37120506612
10.0352112676
14.3973432311
15.5591246738
0.231894398858
-1.48623853211
-6.30498533724
-2.02870813397
-14.4892703863
-2.18112022335
-2.46957766643
-0.583090379009
3.22007111814
8.75653472741
13.0597751036
16.2713275073
1.8559762435
-2.87797390637
-3.92825112108
-10.6784140969
-12.8084179971
-5.05726872247
0.0
4.69483568075
13.3639632441
9.4084954347
6.83358433735
-2.68857356236
4.28907168038
-5.09952606635
-1.69756097561
-1.06165021419
5.9335443038
-3.09356614158
2.92682926829
0.490196078431
3.8692203521
5.59732664996
8.63917525773
11.8751364331
-2.14888718342
0.48600311042
-4.12494993993
-7.40740740741
-16.4203612479
-4.15593968371
0.625978090767
-1.96309383589
8.73987959311
27.643223102
30.251497006
40.0547945205
31.0185185185
16.0722891566
5.37423312883
2.45398773006
-7.7350859454
1.64705882353
24.5872110477
-1.35560396998
-2.69818529131
8.02839978154
4.6511627907
-10.2640086207
13.9586206897
7.05521472393
-3.78349973726
-5.06493506494
-4.82051282051
-13.4431709647
-3.12035661218
-8.15637065637
-9.66682308775
-8.36466165414
6.53777664716
5.21104742053
11.2483221477
12.1578947368
13.6752136752
2.77124183007
8.11267605634
7.78356481481
6.29370629371
20.5408886027
27.5
25.93118127
16.9147496617
25.4385964912
5.71817562968
-2.62901655307
-0.212389380531
13.4305448964
13.4554140127
11.119515885
14.1111111111
8.4036838066
8.58333333333
6.03630223723
7.91836734694
21.6764308247
12.9116117851
0.0
-1.29166666667
7.4090311267
7.61396702231
22.7006911217
12.2544434051
18.5185185185
12.3092072871
3.41023069208
-9.61076405574
12.1720881427
4.86794407043
2.83544303797
6.68806848582
16.3870246085
5.18763796909
22.6031746032
29.5081967213
18.2163187856
18.7250996016
31.7818181818
15.0474799123
2.0749665328
16.0792951542
3.93374741201
-13.3039092055
-21.3218390805
-16.9076751947
-20.8139534884
-13.025210084
-11.544896821
-7.98519301957
-6.10966057441
-0.750144258511
2.46002460025
13.986013986
24.3261012492
22.7564102564
2.06124852768
-8.65168539326
-21.35
-18.4887459807
-20.5702647658
-11.7922077922
-12.6594700687
4.54783063251
-0.902814657461
3.09711286089
3.66182014001
8.75133404482
-4.35
-5.1863041289
-5.69306930693
-18.8019239178
-20.1873935264
-10.5545617174
-13.3129637713
-8.39002267574
11.7790811339
23.5789473684
16.0955347871
21.5384615385
11.7587430309
-5.0139275766
-8.47784200385
-11.732355637
-8.00390434358
-3.1894013739
5.74374079529
9.14826498423
22.9988726043
23.0630630631
23.5151515152
22.4158653846
15.9756097561
0.339366515837
-4.96575342466
-10.8589951378
-7.65815760266
-8.5331846068
-4.8439181916
-3.73626373626
-3.69406867846
-6.09692548202
1.99089874858
10.6611078023
5.50724637681
18.6419753086
14.9101796407
-1.56774916013
-10.4055496265
-2.5974025974
-8.93760539629
-2.62390670554
0.563063063063
4.1689827682
-3.06513409962
-3.21001088139
-8.28877005348
-8.35913312693
-5.61385099685
-3.28215987295
-4.37044745057
-7.88177339901
-4.2962962963
-4.93765586035
-3.32650972364
-0.207684319834
12.9032258065
10.7162383816
9.38352427714
7.30367929709
9.12181303116
5.76470588235
4.63386727689
10.3552077062
7.75147928994
10.2435977514
3.15533980583
4.29594272076
-8.98630136986
-6.16324264298
-6.31948507899
-3.51288056206
4.68457214241
11.7575015309
14.2041851617
14.8521505376
18.6111111111
11.4902506964
12.8541810643
12.6428571429
9.65364775239
6.7457375834
11.4906832298
19.6856906534
11.4649681529
7.69841269841
10.3025347506
14.590747331
-0.738916256158
5.54621848739
9.75609756098
-12.3297491039
-22.052704577
-18.4738955823
-20.9302325581
-21.3159698424
-7.92079207921
-12.3936816525
-11.8584070796
-7.15607649599
-14.024749558
-2.88461538462
-1.55502392344
1.37559808612
-3.68389780154
3.41255332115
-9.46024376088
-5.74971815107
-3.2967032967
2.49695493301
-0.9656004828
1.83215130024
0.453001132503
0.173812282735
-8.26815642458
-10.2869518138
-10.618066561
-7.4908328968
-10.1041666667
-7.06126687435
-5.66905005107
-4.82654600302
-5.21350546177
-4.0959040959
-7.00144857557
-1.0611419909
3.86422976501
2.80755487494
0.451580531862
5.1269035533
4.81991525424
-3.72046254399
-4.15851272016
0.352467270896
-3.99610136452
-12.3491179201
-8.71959614502
-3.40264650284
-4.24300867888
-1.25120307988
5.07317073171
14.6238821673
9.12841670964
7.68431983385
5.9123343527
5.94315245478
3.93657736468
6.5970313359
6.35008282717
7.56578947368
4.6511627907
-1.34843581446
0.441744892325
-5.82423296932
-12.1387283237
-11.2337974076
-9.69313200195
-13.5560859189
-7.76978417266
-1.14285714286
3.06778822365
4.58481915436
6.45325203252
10.0844772967
7.80287474333
7.21485411141
8.69324473976
3.96196513471
-0.577427821522
1.82958703607
-4.31472081218
-4.99736980537
-2.11995863495
-3.78787878788
-0.416449765747
7.59148006554
2.75675675676
3.9226222461
16.060961313
14.6181384248
3.50480497456
7.1842410197
6.22146118721
-2.29095074456
-1.93095377414
5.23497917906
3.41521869383
15.949702184
14.5669291339
9.55128205128
8.45161290323
17.2050561798
5.88647512263
1.6
-5.33980582524
-6.1175045427
-15.0864639237
-16.0588235294
-15.7303370787
-5.39609644087
-1.5503875969
2.50611246944
1.5531660693
7.61789600967
5.44794188862
0.179211469534
2.12234706617
1.51607034566
-0.181050090525
2.10135970334
2.76243093923
-1.95838433293
-2.59893679858
-5.42237442922
-1.46163215591
-1.86746987952
-3.1416716064
4.82972136223
8.28182941904
10.7962213225
6.75241157556
13.4498991258
5.55555555556
7.79480346436
-4.87804878049
-2.62993112085
-3.69170984456
0.262123197903
0.941492938803
11.2062812277
10.6722106722
5.82590815627
9.70524802301
5.23708421798
-4.36860068259
5.32846715328
6.96480938416
5.8599695586
9.61986035687
12.003058104
-15.7959434542
-13.3968253968
-14.7859922179
-17.898089172
-20.4863221884
-1.75120772947
-7.40740740741
-10.6086956522
-5.30759951749
1.79455445545
0.0
0.650887573965
4.1038020519
1.221001221
3.25878594249
3.43535290443
7.09759188847
8.08871493803
1.86567164179
-1.6959798995
3.55756791721
0.317863954228
-0.904977375566
7.2715143429
4.12034009156
3.8280725319
10.0
2.65428002654
1.90346702923
5.52104899931
5.75284090909
4.07569141194
7.18349928876
9.36802973978
7.89277736411
1.88133140376
-1.50537634409
7.410236822
7.08598726115
2.99079754601
-1.63701067616
2.0482809071
-0.380517503805
-7.03182827535
-7.18861209964
-2.29485396384
-5.3324099723
-7.91871058164
-8.71621621622
-2.02231520223
5.34798534799
11.2480739599
14.16
13.0634071811
23.5142118863
15.4822335025
-2.47933884298
-6.29685157421
-0.758150113723
-4.04958677686
-0.588730025231
17.1654929577
10.521955261
1.53964588145
-8.33333333333
-9.375
-15.2870991797
-9.72326103216
-9.47735191638
-8.07799442897
-9.20415224913
-8.89945652174
-9.2328581127
-5.02978160159
-4.90066225166
0.0
1.5873015873
5.06419400856
10.1311953353
6.33802816901
4.55861070912
10.8645753634
5.65184626978
7.43931088489
8.97927858787
6.63580246914
-2.68056589724
-2.21075902727
-2.07055214724
-0.153256704981
0.232018561485
7.09728867624
8.56
8.66666666667
8.0298013245
8.11036789298
9.71128608924
4.51505016722
5.6338028169
7.56901157614
14.1221374046
4.478976234
19.0049751244
15.8002038736
18.710359408
15.4185022026
27.2093023256
8.88407367281
0.718685831622
-8.33333333333
-9.10910910911
-21.7470427662
-5.9123343527
-4.22812192724
-1.80780209324
-8.76712328767
-2.04991087344
-12.8774422735
-13.4468085106
-10.7809847199
0.45871559633
5.84905660377
3.2080659945
5.09838998211
1.46425495263
-11.4541023558
-16.4696611505
-15.8179012346
-9.47368421053
-7.56369426752
1.23355263158
-1.3986013986
-3.42771982116
-11.7857142857
-10.7954545455
-12.5808770669
-5.78330893119
-6.67593880389
-8.13648293963
-5.43989254533
-6.58159838818
-5.46712802768
-3.03438975051
2.14477211796
-1.12881806109
2.54820936639
0.1386001386
5.10276399717
5.21861777151
11.5555555556
4.23546302943
4.18772563177
0.0
5.82089552239
-1.24359912217
1.97657393851
4.76550680787
8.53846153846
0.979653353429
1.71130952381
2.32209737828
0.916030534351
-0.0768639508071
2.31303006939
2.59541984733
-2.12609970674
-5.8231488138
-8.38028169014
-11.1643835616
-9.27977839335
-8.76254180602
-8.60709592641
-7.06806282723
-6.29011553273
-4.87483530962
0.335570469799
7.71408351026
7.75740479549
11.6045845272
4.04386566141
7.50360750361
3.06345733042
-0.28129395218
-0.852272727273
5.19105984138
3.66492146597
1.70623145401
7.72727272727
6.66666666667
4.7583081571
4.046692607
2.50950570342
-2.00445434298
0.0
-0.525920360631
-6.06725146199
-8.10621942697
-6.58807212205
-7.43338008415
-9.27062031357
-5.13176144244
1.63352272727
6.73575129534
3.70909090909
4.9356223176
5.10204081633
3.301540719
-1.67394468705
2.00296735905
5.58912386707
5.4573405073
4.68509984639
8.27423167849
0.447093889717
-1.19402985075
-7.92639773531
-8.30985915493
-10.7594936709
-4.41595441595
-3.59712230216
4.58919319023
3.49854227405
4.09956076135
4.0
5.14372163389
4.08320493066
5.70107858243
0.146627565982
-1.02639296188
-3.57403355215
-4.34782608696
-3.35070737156
4.60122699387
4.60122699387
3.78501135503
0.742390497402
0.674662668666
-3.83480825959
-6.52329749104
-5.23672883788
-5.93575418994
-6.90858339149
-5.50522648084
-2.71966527197
-6.94259012016
-5.41611624835
-4.46666666667
-5.09259259259
-6.09037328094
-2.60078023407
-4.77987421384
-3.22580645161
-0.65703022339
-4.26332288401
-7.73845230954
-3.46083788707
-5.60292326431
-9.13432835821
-4.08899579074
4.57967377666
3.00187617261
4.58598726115
5.2135678392
5.99107711918
-1.30030959752
-1.78132678133
-5.53549939832
-2.985984156
-6.60714285714
-5.05584950029
-6.2751871042
-4.31778929188
-5.47235023041
-2.4956471271
-2.24137931034
-1.30681818182
-2.30596175478
-0.287191269385
-4.17130144605
-3.22580645161
-6.03310197544
-4.2025862069
-2.90016731735
4.29234338747
7.34328358209
11.0254890338
8.34792761238
6.15748963884
2.68016676593
-2.84222737819
-5.5431131019
-2.22602739726
-7.29967069155
-10.3577148959
-8.29787234043
-2.45767340251
-5.65428109855
-2.09564750134
1.1885467315
3.12671420735
3.09684684685
3.80100614869
3.79252649191
-0.856989823246
-3.44279661017
-4.41334768568
-6.23689727463
-6.02725366876
-2.55741127349
-2.07468879668
-4.66906105695
-0.365535248042
-0.934579439252
1.59066808059
9.23512747875
11.180832858
8.93060295791
8.75211744777
5.77678070667
0.341102899375
-1.51685393258
-1.18043844857
-3.06513409962
-3.88140161725
-5.27732902531
-5.67037625861
-5.32197977648
-3.74077976818
-2.87958115183
-2.31457127827
-1.66753517457
-1.82863113898
-3.11383358857
-5.63241106719
-7.67362797475
-6.02350636631
-8.24544582934
-5.72666025024
-1.0752688172
-0.579430226944
-1.16166505324
2.30505149583
-2.39549084077
-3.21665089877
-3.31465919701
-1.71265461465
-1.87680461983
0.661938534279
4.03543307087
6.77966101695
5.31062124248
2.87128712871
7.96324655436
0.594059405941
0.350175087544
-3.85356454721
-2.88461538462
-6.71428571429
-2.8379028379
-4.58233890215
-0.1443001443
-0.952380952381
-0.662251655629
-1.09419600381
-0.427756653992
0.726744186047
-0.379506641366
0.142112742776
1.89045079981
4.36507936508
4.24242424242
5.7701956849
1.004784689
-0.912584053794
-3.35570469799
-5.39894887721
-8.1989866421
-3.15106580167
-4.49541284404
-8.90829694323
-6.31154879141
-2.16313654799
-3.4451901566
-5.09360034828
0.881057268722
0.359389038634
0.634920634921
2.8531983433
4.17233560091
3.46399270738
0.405953991881
-3.28947368421
-3.93457117595
-3.33187198597
-3.34801762115
-4.35720448663
-1.34141064474
-2.91845493562
-4.87906588824
-4.42105263158
-4.56978180321
-0.51657339647
-2.01850294365
0.208942749687
-1.41137401411
1.29274395329
-2.27177114009
1.23456790123
-0.992966487381
1.26103404792
0.0
-0.710108604845
-1.59195643067
1.76842105263
-2.5
-0.580431177446
-1.19686339249
-1.56701030928
-4.11788453775
-2.63367916999
-5.6338028169
-8.0106302202
-8.42145015106
-8.36108028117
-6.8055039048
-6.71532846715
-3.01914580265
-9.09715070374
-6.34095634096
-5.97902097902
-2.9057406095
-0.622027076473
3.29787234043
4.94545454545
6.79611650485
8.70570107858
6.30105017503
7.63358778626
4.12722453616
11.2126245847
8.98404701931
3.92077607114
6.20186461289
6.57788539144
-0.660066006601
-0.956340956341
2.82626766417
1.73195876289
2.86425902864
2.36486486486
3.70849504097
5.75824175824
5.20607375271
2.16284987277
1.41327623126
0.129533678756
-3.31491712707
0.0868432479375
3.87665198238
0.689952565761
1.17955439056
5.23255813953
4.11392405063
2.20621341738
3.8048343778
-1.03761348898
-1.84372256365
-4.32525951557
-5.48936170213
-3.58221838584
2.8
1.92393736018
3.39892665474
3.66122629025
-1.73876166243
-3.84615384615
-6.2893081761
-6.56080234016
-3.81841323717
-0.673967986521
-4.21612771183
-3.86940749698
-2.92089249493
-2.76402640264
-1.69772256729
1.24326564443
5.03810330229
5.97592433362
6.22261174408
7.42882562278
5.55555555556
6.82948891904
3.9785426911
-1.42548596112
-3.60205831904
-1.21002592913
-3.6181342633
0.0
5.65951620265
11.5255858441
9.56439393939
7.34674777726
5.2210724365
1.90697674419
-3.59612724758
-2.31267345051
-3.95505617978
-3.18761384335
-1.19485294118
2.1186440678
3.2967032967
5.95238095238
2.80898876404
1.11524163569
-1.84842883549
-3.32563510393
-5.57553956835
-4.42953020134
-4.52528837622
-3.26329906124
-2.65287769784
-0.758589915216
0.0
-1.05355575066
-6.36249476769
-6.31844987363
-4.88115449915
-6.17128463476
-2.31560891938
1.05752961083
-0.586264656616
0.856164383562
1.70794192997
1.9676432007
1.80878552972
-0.375469336671
-1.35135135135
-0.0426803243705
-1.84549356223
-2.06663854914
1.13924050633
2.46646473388
2.09150326797
4.15735359857
5.75379125781
6.90121786198
3.3542039356
2.96096904441
1.03884372177
1.4479638009
0.180750112969
3.85508592661
4.35393258427
1.18829981718
4.39300897496
3.45956054231
2.86669851887
3.99221032132
5.6494447127
3.26829268293
2.83653846154
0.0478011472275
-3.29566854991
-0.144648023144
-2.93560606061
0.921882581271
4.96738585048
5.93516209476
1.36852394917
15.4729360306
15.8516020236
11.5901455767
9.98354360943
9.52890792291
-3.68615060558
-6.85863874346
-5.40254237288
-4.95307612096
-1.52872957301
-1.70807453416
-0.365153886281
-3.0303030303
0.788229111929
1.11940298507
1.20481927711
-0.673575129534
3.84
-0.10498687664
-2.84826514759
-4.21475163071
-5.66959921799
-7.40740740741
-6.38820638821
-1.27811860941
1.73557937723
6.78496868476
4.92227979275
3.56234096692
3.16455696203
3.65079365079
4.13043478261
6.9844789357
8.7437742114
3.54997269252
4.41988950276
-2.79978869519
-4.85232067511
-5.39267015707
-6.24679979519
-5.38421327757
0.798722044728
-0.105374077977
-0.313152400835
3.55249204666
2.90478752017
1.62337662338
1.76943699732
2.45989304813
2.22222222222
-0.214707461084
1.14942528736
3.26688815061
3.25786858089
-0.539083557951
-1.68865435356
-4.89328474753
-6.23052959502
-6.11715914982
-3.78630705394
-2.92008196721
-3.80570856284
-3.5553329995
-2.32911392405
4.55531453362
4.16221985059
3.68639667705
2.14833759591
1.90918472652
-5.62947799386
-3.99590163934
1.3150973172
2.08877284595
2.0
1.71785528371
1.50806032241
0.369588173178
2.13333333333
-0.783289817232
0.0520833333333
-1.02933607823
-4.43995963673
-4.96705524582
-3.28282828283
-1.03092783505
0.0514933058702
2.85417747794
2.33402489627
2.0618556701
0.0
2.26434965771
1.15485564304
-0.413223140496
0.414078674948
-0.25706940874
-1.60621761658
-1.09034267913
0.258933195236
-0.514933058702
0.672877846791
-0.103519668737
3.77155172414
3.98492191707
3.02387267905
3.20512820513
3.20512820513
-0.429184549356
-1.90174326466
0.372736954207
-0.847457627119
-0.106723585912
2.69972451791
3.32969432314
4.27540255414
6.3661971831
7.02455739577
2.60033917467
0.770077007701
0.614525139665
-1.60753880266
-3.41974627689
-2.53443526171
3.76712328767
0.0
-0.660792951542
-0.603070175439
2.94951786727
-0.341296928328
1.12994350282
1.05731775181
1.78571428571
-0.451722190853
0.744985673352
2.31213872832
3.81282495667
3.7037037037
3.08498253783
1.45348837209
-0.688863375431
-1.08571428571
-2.59301014656
-3.48314606742
-4.65631929047
-4.49561403509
-3.42163355408
-4.26335671883
-4.86370924639
-2.22222222222
-1.61812297735
-0.712328767123
2.54565578307
3.77149195785
3.65168539326
3.34448160535
1.84151785714
1.80281690141
0.838926174497
-0.503074343208
1.07042253521
-0.610094287299
-0.782560089435
1.01694915254
1.24504810413
-0.392817059484
1.4631401238
-1.43250688705
-1.11731843575
-1.7787659811
-2.30263157895
-1.27777777778
1.90903986524
4.06976744186
5.69917743831
6.16996507567
4.71204188482
0.735294117647
-1.31956397017
-2.63157894737
-0.578703703704
-0.347826086957
3.15052508751
0.926462072959
1.27462340672
-0.173310225303
-2.26628895184
-4.77777777778
-4.16204217536
-5.21691378364
-4.94233937397
-4.85175202156
-3.74331550802
-4.60561143462
-4.60974332111
-4.45960125918
-3.58627858628
-3.50877192982
-2.97894196199
-2.35294117647
-4.7
-1.93679918451
-2.61306532663
-1.61697827185
0.773195876289
1.83299389002
-1.30784708249
2.57731958763
2.11558307534
-0.0515198351365
1.18495620814
2.10580380072
0.831600831601
0.414507772021
1.19916579771
0.465838509317
-0.307219662058
-1.48489503328
-1.5306122449
-2.98431967628
-2.42424242424
-1.26390293225
1.19170984456
2.99527062533
3.18371607516
2.27272727273
3.66876310273
1.63243812533
1.11583421892
1.80658873539
2.76008492569
-1.19109269808
-2.81473899693
-4.85338725986
-5.75863795694
-5.51654964895
-2.91603821016
-0.559796437659
-1.93356470005
-0.745526838966
1.9427402863
2.95031055901
4.24403183024
5.82371458552
4.90093847758
1.34715025907
0.88772845953
-2.1287642783
-2.20625962032
-1.84237461617
-0.669068450849
-0.777202072539
0.0519480519481
-0.611932687404
7.06849315068
7.58582502769
8.42696629213
8.69565217391
11.2308564946
2.29820627803
2.26500566251
-0.112233445567
0.113058224986
-0.731981981982
1.82648401826
1.02974828375
2.41379310345
0.283446712018
1.42775556825
-0.567536889898
-0.963172804533
-1.80586907449
-3.07692307692
-4.83695652174
-4.0827436037
-5.00538213132
-4.11255411255
-0.27397260274
3.13901345291
1.88574597892
0.868621064061
1.70610897083
1.55815247635
-0.0560224089636
-0.441744892325
2.04986149584
1.39508928571
1.41083521445
-0.390625
1.39977603583
0.725446428571
1.01465614431
0.282965478212
2.4
0.733220530175
1.64492342598
1.42938822184
2.79232111693
0.401606425703
2.48554913295
2.08453966416
1.86371578334
1.23674911661
1.33720930233
2.18546958063
1.40927774516
0.0582750582751
-0.817757009346
0.584795321637
-0.703812316716
-0.641773628938
-1.66189111748
-2.05949656751
-3.00623936472
-2.62707024557
-4.08505875769
-2.24089635854
-2.12765957447
-0.676056338028
2.09912536443
2.2896393818
2.8818443804
3.41632889404
3.07781649245
-1.26655152562
2.64394829612
1.69988276671
-0.0578703703704
-1.26146788991
-1.02564102564
-2.63157894737
-2.56996002284
-1.48232611174
-1.41322781232
-0.510204081633
-0.114285714286
-0.284738041002
-1.34983127109
0.283446712018
0.512820512821
-0.114155251142
0.342857142857
0.508762012436
-0.675675675676
0.171232876712
0.286204922725
1.09763142692
2.78907611854
2.71833429728
0.979827089337
1.27536231884
0.115673799884
-0.174013921114
0.992990654206
-0.573065902579
-3.36134453782
-5.77656675749
-8.15130527437
-10.1783840504
-8.01265155509
-7.98969072165
-4.42708333333
-0.792811839323
2.03426124197
1.28136679124
1.99789695058
3.72771474878
4.18502202643
1.90943807965
0.861604738826
2.36813778256
-1.43769968051
-3.86447856008
-1.29240710824
-0.05382131324
1.14316820904
3.47107438017
5.94503645541
2.65339966833
-4.22680412371
-6.0358056266
-8.14777327935
-8.79795396419
-8.17258883249
-2.70812437312
-2.15215215215
-0.503524672709
-0.153217568948
0.152516522623
1.11561866126
0.654911838791
-0.550826239359
-3.26086956522
-6.60018993352
-5.55555555556
-5.65589353612
-5.13064133017
-3.01868711069
0.958772770853
2.15264187867
1.05667627281
0.910834132311
-1.78823529412
-2.7052238806
-3.81176470588
-3.70027752081
-3.78228782288
-0.747314339094
0.093370681606
-0.747314339094
1.21722846442
-0.0461041954818
0.375058602907
-0.695410292072
-2.54893035958
-1.43054914629
0.463177396943
-1.0667903525
-0.553250345781
3.72993389991
4.13262854397
2.85850404955
2.52020922492
3.18744053283
0.0
-0.239693192713
-2.2356776898
-1.08184383819
-0.0475511174513
2.41779497099
2.8092656481
4.88519785051
2.55668113845
0.23832221163
-1.28878281623
-3.1965648855
-4.30107526882
-3.53652861796
-4.02561756633
-3.67816091954
-3.67647058824
-1.33763837638
3.56626506024
9.02743142145
6.93215339233
5.83657587549
7.27362691737
2.82457879088
-1.18284869394
-2.53953042645
-0.194174757282
-0.785468826706
-1.51293313812
-1.12085769981
2.7572624323
4.19828022256
3.50609756098
-0.0487804878049
0.391389432485
2.1629778672
-1.9831432821
-1.15519839277
3.06686777275
2.35353029544
2.05338809035
4.18388429752
1.52983171851
-1.63204747774
-0.0500500500501
-1.71543895055
-1.87531677648
-2.29197807673
2.69172168614
1.88679245283
1.12244897959
2.22797927461
3.56037151703
-1.10497237569
0.409626216078
-2.0
-1.5306122449
-1.27356087621
2.68179473956
2.9520295203
7.00909577314
7.33844468784
8.93451720311
8.08249721293
5.56483027268
4.53020134228
1.44444444444
0.782997762864
2.74914089347
0.111420612813
-1.05146651909
0.334448160535
1.07405313737
-3.42920353982
0.391498881432
3.37528604119
2.63157894737
0.740318906606
4.87238979118
2.69959793222
1.0989010989
-11.6279069767
-10.2249488753
-11.7707267144
-13.3399701344
-16.2711864407
-6.25592417062
-6.18705035971
-6.32790028763
-3.92156862745
-2.77777777778
0.237529691211
-1.13798008535
-0.902612826603
-2.33535730967
-2.0295202952
-2.86109829257
-4.09276944065
-5.47822182308
-3.07831598008
-0.0461041954818
0.603528319406
1.10344827586
1.4116575592
-2.47240618102
-4.23841059603
-5.11013215859
-4.26936619718
-3.85288966725
-0.483304042179
-2.66437473141
-1.34724033029
-0.699300699301
-1.67886353853
-3.14893617021
-0.3426124197
-2.00170357751
-0.435161009574
1.08790252393
0.384451089278
-2.42373589636
-1.75732217573
-4.60772104608
-5.47099958865
-3.78133990958
-1.9262295082
-2.24948875256
-1.79372197309
-1.13867425783
-0.612745098039
0.909842845327
1.20033112583
-0.081466395112
0.65493246009
0.575184880855
-0.452861259778
-0.124018189334
3.49915682968
2.21757322176
0.870285951098
0.788381742739
0.582120582121
-0.210349179638
-3.16045380875
-2.85829307568
-3.98406374502
-9.9588169225
-11.1069558714
-7.49625187406
-6.75675675676
-5.63909774436
-1.62062615101
-0.705532862978
-1.58613057912
-0.597014925373
-1.15198810851
1.15499254844
4.37984496124
0.295967443581
-1.03397341211
0.0
0.562008242788
-5.32110091743
-0.0369822485207
-0.0369139904024
0.111607142857
-1.07487027428
0.516414607156
-0.147710487445
-0.587155963303
-1.57451482973
-2.10449927431
-1.81093806592
-1.99058993847
-0.511135450894
0.0732869182851
2.3393984404
1.54468554616
1.20879120879
-0.109409190372
-0.146359312111
-2.88496213487
-4.46240337316
-4.1095890411
-4.22633601118
-4.00421496312
-3.31241283124
-0.801673056814
-1.55601659751
2.10413694722
5.52260934025
8.43100189036
7.4531835206
9.00866943083
7.68049155146
0.334696913351
0.877192982456
1.32827324478
1.22090805036
-0.8
1.01427498122
-1.39150056412
-2.91083271923
-4.72555434387
-3.77565982405
-5.23317906728
-5.50817341862
-2.05701912667
-0.108932461874
0.367917586461
2.29424617626
2.10449927431
0.690406976744
-0.433839479393
-0.73046018992
0.21897810219
0.181752090149
1.02790014684
7.58459743291
5.55127216654
5.99613152805
8.73517786561
6.9913589945
-0.963020030817
0.270583687669
-1.14722753346
-2.99079754601
-2.71303018724
1.80392156863
0.0773694390716
1.31731886866
0.346287033474
-0.494296577947
-3.18906605923
-3.50877192982
-2.12362533182
-0.763650248186
-0.151860288535
1.58118010027
4.24124513619
3.69642154935
2.58519388954
3.70078740157
0.309477756286
-1.53256704981
-2.41749808135
-2.5572519084
-2.27010388611
0.2326483133
0.500577589526
-2.32383808096
-1.57776108189
-3.16691505216
-4.01935243766
-2.66116941529
-1.14857354576
0.150489089541
1.93695404482
0.336071695295
0.489642184557
-0.147983721791
-0.598354525056
-1.97319434103
-3.21647994218
-4.15162454874
-3.15299175923
-3.84753685725
-5.28913963329
4.37570728027
5.36325599087
4.8066090875
5.78166603271
8.53425181783
0.11329305136
0.0380517503805
1.6024418161
-0.416666666667
-0.910125142207
1.96380438968
3.46456692913
2.70376175549
1.9305019305
-0.0757862826828
-3.52897473997
-5.4355919583
-5.51647537949
-4.77941176471
-0.789473684211
4.13926499033
1.43504531722
2.62158054711
4.37452033768
0.263852242744
-3.65262765561
-3.32238043081
-3.27085630283
-4.54212454212
-2.46323529412
-1.79355783309
1.74591381872
0.665926748058
0.552486187845
-0.2566923359
-1.90305206463
-3.33931777379
-3.08354248835
-3.38078291815
-3.87733521325
-2.17773094485
-2.10896309315
-1.48357470858
-2.29485396384
-4.79865771812
-4.75075276012
-4.81766477083
-4.77632021527
-2.3097826087
-0.467601870407
1.01385603244
-1.22273628553
-0.100806451613
-1.57138080909
0.910010111223
2.14014497756
2.61105459478
2.94015911449
0.470272085993
-1.52671755725
-1.66327223354
-0.0338983050848
-2.62714718761
-6.02904040404
-4.04458598726
-6.14845492195
-4.31397988972
-1.88367481824
5.88235294118
7.16723549488
4.66822274091
3.59543010753
0.531561461794
-1.12359550562
-3.20449289726
-2.40807028962
-4.30868167203
-1.01940151266
-2.38709677419
-3.69074132994
-3.72807017544
-3.77475247525
-5.61762880199
-2.63819095477
-0.285532994924
0.567107750473
0.497512437811
1.38451856514
1.04728657569
-0.126742712294
0.761904761905
0.374531835206
-0.966033032097
-2.17323812481
-2.29102167183
-1.19196988708
-1.23304562269
-2.72809942407
-3.06951549804
-2.50528222155
-3.36465595635
-1.72674946986
1.66409861325
3.35925349922
1.47013782542
0.856007337206
-0.211608222491
-2.46468289751
-1.98170731707
-0.820170109356
-0.243976822202
2.44657788789
2.49537892791
0.367197062423
4.50793650794
4.5266177877
2.37793278377
3.83877159309
4.81077613855
-1.2539184953
-3.20888614625
-3.28120208525
-5.444646098
-3.10752019888
-1.87634573977
-2.0253929867
-4.31338028169
0.946564885496
8.60614242322
13.7508747376
13.6379251116
13.0723291307
10.2322450353
1.12627986348
-4.54241816967
-1.08732585797
3.78787878788
5.16814159292
2.12617636807
8.87272727273
7.05711167697
3.52941176471
0.355239786856
2.39114917916
-0.25389916576
1.96587537092
2.07423580786
1.2954300108
2.07650273224
-0.325379609544
-3.78301213419
-4.58333333333
-4.37026841019
-4.18848167539
-1.03756708408
-0.461811722913
2.16388790351
2.75813295615
0.174825174825
-2.68105849582
-0.810429880197
1.43936667866
2.61248185776
5.65201329885
8.21401657875
6.09345794393
6.39356814701
5.47263681592
6.44907589461
1.14329268293
1.94359756098
0.966370313104
-0.608596424496
-1.6247582205
4.33399602386
7.85039046445
6.46090534979
11.9676320273
7.57386600083
0.15929908403
0.537190082645
0.829875518672
-2.4106400665
-1.35467980296
2.48979591837
-2.96712109062
1.17548278757
3.43938091144
5.54592720971
4.79041916168
5.94732370433
1.27551020408
-0.725565514298
-4.07315045719
-0.637484062898
1.03004291845
2.7972027972
0.991379310345
3.75161707633
-0.296610169492
-2.10084033613
-4.94391358538
-7.01402805611
-5.96107055961
-3.23903239032
-2.45901639344
-0.905722519555
2.80181293778
3.00751879699
1.16134384073
1.7090454356
-3.41948310139
-3.46062052506
-4.04809619238
-0.863486842105
-1.23507616303
-1.68100078186
2.73804658766
0.726685506661
-5.14820592824
-5.66990291262
3.22841000807
1.19933829611
2.86544850498
6.43420506434
3.08246597278
-0.721153846154
-0.206355757326
-1.27101271013
0.62656641604
4.2570951586
6.0773480663
0.790349417637
4.31993156544
2.7027027027
3.67806144526
-1.2589173311
0.627877773127
-4.6103631171
-6.34793089594
-7.2632423756
-6.3286163522
-8.22128313484
-4.2578125
-1.81459566075
-2.31281850255
-0.780031201248
-2.3997000375
-4.29906542056
-3.53881278539
-3.11431826814
-0.543056633049
3.77431906615
4.94311494704
1.70278637771
1.69949787563
0.116504854369
-3.01886792453
-3.84760467748
-2.00985968904
0.154738878143
1.49783208514
3.59655981235
5.61752988048
3.04806565064
1.21378230227
-3.2048836322
-4.26646706587
-4.74383301708
-2.84738041002
-4.55904334828
-4.82933914306
0.678221552374
-0.302686341279
-0.0758725341426
4.32748538012
6.08628659476
0.64467197573
0.609059763989
1.50173276858
1.46360759494
1.72413793103
7.0211038961
7.00610997963
6.08660130719
2.34817813765
7.1368597817
4.36255823803
5.54600171969
5.74514038877
8.14360770578
3.0276816609
4.6078865751
1.66083916084
7.27525486562
3.2083145052
5.95783684693
5.96244131455
8.74524714829
2.27488151659
2.83457249071
0.738688827331
-2.47252747253
-3.92694063927
-4.82634190347
-1.10294117647
-3.43290236291
-0.636942675159
-2.31935771632
0.0
-1.04592996817
2.00090950432
-0.0454752160073
-1.01545253863
-7.35478478897
-6.74300254453
-9.31958762887
-10.6823720552
-7.55102040816
-1.56314273961
-4.4183218484
-2.64953833802
0.530828909759
1.07260726073
0.330169211721
1.81593066447
0.809388911372
1.15654688145
0.539195354625
-0.574476815757
-1.74371451744
2.74428274428
1.93684210526
3.432003432
9.38061041293
10.781671159
2.90971330766
3.39573356552
1.39190952588
-3.34056399132
-5.11508951407
4.4235924933
0.745614035088
5.45871559633
1.09649122807
-3.41704405105
-3.15880571181
0.307963044435
-4.38596491228
-2.89608177172
1.973131822
6.05782469022
0.753546099291
3.87243735763
10.7547169811
12.0941176471
6.50048875855
19.7452229299
19.6837513631
23.3275159977
23.3313987232
6.17540217955
1.61812297735
10.681955341
-3.15492957746
-3.79676158571
1.63502109705
3.80739081747
-4.82481332567
2.95823665893
9.80993255671
17.8371659416
-2.45767340251
-2.57414661444
-3.09162450815
-8.21609454136
-6.45348837209
-0.109110747409
2.76020701553
5.01770956316
1.08077360637
-2.10586226522
6.69383003492
5.07552870091
-1.8539976825
5.7761732852
8.3898827884
4.4376899696
9.74801061008
19.2812715964
9.55833882663
-1.15853658537
6.67963683528
-7.99267846248
-12.515114873
1.40374331551
7.04960835509
-3.68519675203
6.91454664057
3.76411543287
-13.2753623188
-10.7226107226
-7.61684939411
-9.3435836783
-6.18010594467
2.43467933492
-1.49253731343
2.90973871734
1.5006002401
2.10336538462
2.87110568112
7.26600985222
2.99694189602
2.39704978488
3.93504059963
0.862600123229
-0.368098159509
-3.59669811321
-4.90940970193
-10.0056211355
-6.29330254042
-7.06955530217
1.55688622754
4.32926829268
8.14589665653
10.0381194409
10.9424414927
5.56257901391
9.26049300466
4.77707006369
2.40728692258
-0.503461296413
-2.94478527607
-10.2809324567
-6.99052132701
-3.51537978657
6.1456245825
6.466361855
7.10627400768
6.56565656566
-2.56880733945
-12.1478873239
-9.13946587537
-2.67912772586
-2.04081632653
0.925925925926
5.83850931677
10.2027468934
4.42420299284
7.51329787234
7.42705570292
12.1169916435
2.00133422282
4.06228842248
3.79572118703
3.5003431709
0.279329608939
4.16956219597
-3.14754098361
-0.412371134021
2.75035260931
5.13950073421
-1.70765027322
1.53129161119
-6.18955512573
-8.57511283043
-11.8446601942
-9.2936802974
-8.9696969697
-4.43622920518
-2.51414204903
-9.01060070671
-3.23741007194
-0.422450211225
-6.23916811092
-6.13569321534
4.10790925812
-0.536672629696
-5.09736540664
-4.57552370452
-6.66299559471
-6.95949800342
-0.474777448071
1.92644483363
1.79573512907
1.50922302963
-2.23089793642
-4.04328018223
-5.25442477876
-0.94496942746
3.35066435586
1.35669869983
0.688073394495
2.61066969353
-2.33441910966
-5.77027762657
-5.24906266738
-9.4025974026
-8.79917184265
-5.92441266599
-5.79487179487
-4.89047376465
-1.83579806221
1.95250659631
4.53817405232
4.78237506717
4.86111111111
8.64265927978
4.75400773908
4.52008928571
-0.587606837607
-0.847457627119
-2.95698924731
-0.0552486187845
0.111731843575
1.24391563007
3.62239297475
0.486223662885
-2.16216216216
-8.20512820513
-5.71137174911
-5.88842975207
-5.89730554143
-6.89481630599
-1.86210367388
-2.3406374502
-2.95739348371
-2.13930348259
-0.200904068307
2.63429752066
5.24109014675
3.90625
5.84518167457
5.23255813953
5.16023900054
2.74636510501
3.17033852767
-0.210194429848
0.0528820729773
-3.0542390732
-0.428954423592
-1.01063829787
2.86486486486
2.0507285483
4.11184210526
2.86817429675
3.46725371491
0.872410032715
-0.215401184707
-2.61612386546
-8.48056537102
-9.69184890656
-10.5802047782
-12.1985815603
-13.2468735526
-7.64568764569
-8.12785388128
-6.26142595978
-3.15934065934
-1.5503875969
-1.24309392265
-0.363967242948
-0.590640617901
-3.23438192291
-2.27272727273
-2.0297699594
-1.47915732855
-0.811176205498
4.29759704251
5.99905526689
3.45310312646
3.71920037192
4.12951665885
4.38977327545
0.761542122799
0.894538606403
-1.73595248972
-3.96575033799
-6.02901178604
-4.5
-3.146374829
0.0457038391225
0.863636363636
2.12962962963
3.92064241852
1.76334106729
1.81479758027
0.732600732601
-1.4598540146
-4.76833108412
-6.34506736202
-6.92940666955
-4.16849495393
-4.61270670148
-4.83732876712
-1.62462590851
-1.32478632479
-3.55480321625
-1.836821871
2.45614035088
3.26710816777
3.44827586207
0.0847098686997
0.472103004292
-3.14358538658
-1.90558683413
-0.220555800618
2.92066259808
-0.214132762313
-0.296484540449
-2.45035910435
-5.65959217645
-3.53238015139
-2.26035998326
-3.15832649713
-2.87238407879
0.0416319733555
-1.9381443299
-0.912484446288
1.75292153589
0.785773366419
-0.620604054613
2.32067510549
2.42141036534
4.08340573414
2.80612244898
5.96229723805
3.04347826087
2.74989087735
-1.15929583512
-1.71333054743
-4.24013434089
-4.12671946644
-3.1289640592
-2.63377926421
2.26495726496
0.463939266132
0.502723083368
-1.82648401826
-0.333333333333
-1.18243243243
1.06564364876
-0.125523012552
1.47430497051
1.0951979781
1.28314798973
0.25641025641
-0.0836120401338
-0.544616673649
-0.377675199329
-3.22847682119
-3.34572490706
0.461990760185
0.0419111483655
-0.459482038429
1.64072360118
1.55201342282
1.40545144804
1.74840085288
3.27868852459
1.88598371196
0.846023688663
-1.13684210526
-1.38772077376
-3.25542570952
-3.1146179402
-1.90871369295
-1.77832919768
-0.668337510443
-2.95666261644
-2.03417412531
-1.3104013104
-1.42682429678
-2.9197080292
0.406669377796
1.57024793388
-0.892857142857
-1.68336673347
1.06557377049
-1.046277666
-0.860303154445
2.75229357798
8.61993905094
6.13310134841
8.51528384279
5.44276457883
6.48312611012
2.22518914108
1.14386273647
-0.521285838401
0.346770697876
-2.7633851468
-5.18987341772
-3.27659574468
-3.64169108414
-2.90404040404
-3.21771834517
-0.252525252525
-2.08333333333
-0.747818861654
-2.14168039539
-1.76518883415
-2.22222222222
-0.2079002079
-1.10928512736
-0.205507603781
0.123304562269
-1.21951219512
-2.27549776514
-2.01288244767
-2.48496993988
-3.49067830226
-5.85533869116
-5.81706850364
-3.98144568999
-3.92760877936
-2.58887171561
0.191717791411
-0.0764818355641
-1.48514851485
-1.40470766894
-1.03250478011
-0.76103500761
-1.83933933934
-0.718336483932
-0.340522133939
-1.20891575368
-0.867597133157
-0.0375234521576
1.61352285824
2.32288037166
1.14635078334
1.1060259344
1.17691723614
-0.951293759513
-2.89473684211
-1.35695439126
-0.832072617247
-2.00892857143
-3.41786108049
-1.40845070423
-1.99482822313
-2.72259013981
-1.32158590308
-0.402635431918
-1.7837641063
-1.81356546971
0.629396519807
0.739644970414
-0.762804213585
2.0051986632
0.108932461874
1.69427710843
1.84557438795
8.00313848568
8.98421691623
5.39609644087
2.31124807396
-0.710545998504
-0.156678417548
-0.922213311949
5.06634499397
6.56814449918
10.2225886232
9.52380952381
6.30861040068
6.41848523748
4.5045045045
5.98514635212
-1.52091254753
1.29533678756
1.60869565217
-0.17130620985
-3.49915682968
3.09233449477
1.75746924429
0.174216027875
2.50219490781
4.17215634607
0.218245307726
0.0
-1.58594084869
-2.1897810219
-1.72637030643
-2.46913580247
-2.48500428449
1.56726164562
1.88101487314
2.65839610102
5.90622182146
4.10347903657
6.24421831637
7.27358047865
6.16180620884
4.96923805017
5.06091846298
-3.8256227758
-5.49889135255
-6.3436123348
-7.5678040245
-7.57903854482
-5.30749789385
-5.72742474916
-0.21978021978
0.571931368236
0.173535791757
5.2304964539
2.79329608939
-2.56959314775
-3.72723422279
-1.07296137339
-3.54852501069
0.258509263249
1.21369744257
-0.798319327731
-2.18303946264
-3.10687655344
-3.97186594952
-4.15454923141
-3.91602745256
-2.0156314274
1.72777075432
13.1554307116
12.6872659176
13.0534002738
10.2494331066
5.89022757697
-3.8703870387
-3.91363022942
1.06088560886
4.35399905348
5.65770862801
7.34299516908
6.82364247958
6.69291338583
5.70285142571
4.68904244817
0.877192982456
-1.09315589354
-1.26336248785
-3.1492248062
-1.69820475497
-0.484966052376
-1.03480714958
-4.05594405594
-4.40018527096
-6.01915184679
-5.67246111619
-2.25287356322
-0.878003696858
-0.369173973235
1.85787273572
-1.04119511091
-1.62822252374
-1.00640439158
-0.914494741655
-1.68949771689
0.821542674578
1.60845588235
-0.591177808095
-1.92825112108
-2.18847699866
-2.53558718861
-3.15976858033
-2.78514588859
-3.79637618637
-2.94755093195
-3.76712328767
-3.56223175966
-1.52372659991
-0.940170940171
-0.816852966466
-0.511073253833
-1.31300296485
-1.83760683761
0.472305710605
0.30185424752
2.71216097988
3.01047120419
0.992662926198
-1.77140447069
-4.21313506815
-5.77081615829
-6.0270602706
-4.84599589322
-3.18497345855
17.9824561404
20.3970223325
22.2556390977
25.2572016461
26.1720762494
4.64048954615
2.75369709332
1.99386503067
1.25
-0.256937307297
0.615700359159
0.874485596708
2.08768267223
-0.621118012422
1.24869927159
2.20241216571
0.0514668039115
-1.1861784425
-0.15503875969
-2.43654822335
-3.19796954315
-0.76608784474
-0.767656090072
-0.616332819723
-0.253164556962
0.76726342711
-0.203873598369
0.0512032770097
-0.460122699387
0.304723209751
-3.02579365079
-3.58722358722
-3.55555555556
-3.31191300049
-2.66930301532
-1.61054172767
-0.828460038986
-2.50361097737
-3.43675417661
-3.52885073915
-1.443001443
-1.72413793103
-1.6571969697
-0.61669829222
-1.1315417256
-2.02639019793
0.28818443804
1.68512277323
1.68837433671
0.188946622579
-1.48560817084
-2.80112044818
-3.125
-0.955566172957
0.0945626477542
0.326036329762
-0.925069380204
-2.14513920584
-5.07936507937
-3.99455288243
-2.36471123238
-1.9056261343
15.8033826638
17.9144385027
17.1185539607
17.7825388324
18.6221743811
1.28479657388
-0.79575596817
1.18343195266
1.46739130435
1.19825708061
0.214592274678
1.5625
0.161637931034
-0.540540540541
-0.917431192661
1.30434782609
1.97802197802
1.86608122942
2.09713024283
3.40401785714
2.5069637883
1.96078431373
4.77285796435
6.27565982405
5.41176470588
4.72578763127
2.64519838988
-0.343839541547
-3.01478953356
-2.07373271889
-0.810185185185
1.16346713205
0.0573394495413
1.44258511252
1.22448979592
1.40845070423
0.762016412661
1.27758420441
-4.09518539015
-4.24343941932
-3.45609065156
-2.34688036634
-1.26146788991
4.75362318841
4.30984274898
3.64063417499
4.42319187089
4.9969897652
1.89013585351
1.35773317591
-0.409356725146
-4.50913242009
-3.37405468296
-2.08212839792
-3.31050228311
-2.73037542662
0.631820792648
-1.60274756726
-1.08695652174
-0.227790432802
-0.113636363636
-2.13603147836
-1.74353205849
3.24867099823
4.02843601896
6.02409638554
6.91105769231
6.78678678679
1.6206482593
2.11736237145
1.52905198777
2.27412415489
2.84126003706
2.52307692308
0.425273390036
-2.67857142857
-0.671550671551
-0.369230769231
1.49906308557
2.93933708568
8.31721470019
7.05882352941
6.13977792293
5.88624338624
6.17529880478
2.85145888594
3.09973045822
1.72757475083
1.00200400802
-0.528401585205
-2.77240490006
-3.38541666667
-2.7149321267
0.267916945747
0.598006644518
2.51156642432
0.13037809648
-0.896860986547
-5.86380832282
-3.95660497766
-2.76349614396
-3.52201257862
-0.825921219822
2.78677900194
0.448717948718
-0.0642260757868
3.04601425794
0.96215522771
-0.0647668393782
-0.383141762452
-1.58027812895
-5.62691131498
-5.28554070474
-5.15970515971
-3.86740331492
0.828553218611
2.12367270456
3.06825297433
2.8427037271
5.36869340233
1.29115558425
8.02968960864
6.89424364123
13.5581061693
9.9573257468
12.8186453023
-6.90954773869
-6.56660412758
-13.0380536494
-12.125
-13.3753943218
6.06262491672
6.03448275862
6.79546968688
3.62694300518
2.52263906856
-0.464190981432
-1.56657963446
-4.63786531131
-1.21561100448
-1.34014039566
-4.67762326169
-0.584036340039
3.01047120419
-1.57430730479
-3.80601596071
0.0
-4.22622747048
-6.54434250765
-2.75566442131
-2.27954409118
-4.81347773767
-2.54391278013
-1.0889292196
3.09343434343
8.74103065884
6.47021140295
3.25203252033
2.86247666459
0.0
-3.28075709779
0.709677419355
5.26662277814
3.14505776637
-1.9801980198
-5.37313432836
-6.96278511405
-11.117612639
-8.29899941142
-6.31884057971
-3.84615384615
-5.07122507123
-0.465928945836
-2.96973158195
0.524475524476
1.33798720186
0.978135788262
-2.1094640821
-0.624290578888
-2.55536626917
-6.77874186551
-6.35775862069
-5.34268753373
0.170551449687
-1.34453781513
1.4301430143
2.93954520244
2.88728484175
-3.93227744402
1.36286201022
-2.31058570661
-5.20504731861
-4.91024287223
-4.23640167364
-6.32978723404
0.703463203463
3.25732899023
5.22222222222
6.69642857143
7.98391728891
5.6
2.27651304831
1.80995475113
-3.86266094421
-6.29709364909
-5.66037735849
-4.15114422565
-5.60597971169
-1.84307530279
0.0538502961766
-1.74788135593
1.40313005936
1.40768814293
5.61735261402
2.93791574279
5.23968784838
4.74844544941
0.325909831613
0.334821428571
-0.496414782129
-2.86951813752
-4.79009687836
1.37665198238
-1.80821917808
0.276548672566
-0.858829844337
-2.15903106898
-4.01691331924
-3.18302387268
-4.69161834475
-1.06213489113
-0.419507079182
-1.20104438642
-1.1017838405
-1.7607457276
-3.63357215967
-3.63820111167
-3.86546184739
-3.88300554715
-2.57315842583
-1.46243066062
-0.201714573878
1.84049079755
1.38036809816
0.865139949109
0.151515151515
0.151515151515
-2.6381284221
-3.12035661218
-2.72277227723
-3.08370044053
-1.0
0.954773869347
0.798801797304
0.647732934728
2.611752888
-0.941059930659
-1.92212912765
-1.62082514735
-0.248508946322
-1.58180919427
0.248262164846
0.594942984631
0.792079207921
1.20724346076
1.76056338028
1.92307692308
2.90816326531
3.69609856263
2.42143225142
1.0162601626
-0.20202020202
-1.1598587998
-3.65974282888
-3.91089108911
-1.15519839277
-1.14827758362
-1.53922542205
-1.7015070491
-1.46341463415
-2.30618253189
-2.435460302
-3.35892514395
-1.62601626016
-2.75142314991
-3.09082263433
-2.93144208038
-1.65172251062
0.432276657061
3.53634577603
4.0059347181
5.9619238477
8.38874680307
3.996003996
1.49551345962
1.86397984887
1.16573745565
-2.63944223108
-0.199401794616
0.753390256153
-0.301356102461
0.25406504065
3.39855818744
2.924576706
1.58163265306
-0.35035035035
-2.38095238095
-2.8028028028
-1.76411290323
-0.608519269777
4.49790794979
5.66037735849
6.78781400321
5.64430244941
17.3111243308
15.808600848
14.1831238779
13.1197097944
12.522468544
1.57099697885
0.242865816636
0.239952009598
-1.13568439928
0.0
0.976205003051
0.857317819963
0.482218203737
2.07443563148
2.20453153705
2.69423558897
1.36561142148
2.91563275434
-1.79748352307
-1.50784077201
-4.60251046025
-2.24514563107
-3.99047051817
0.180072028812
-2.00945626478
-2.16374269006
-3.85064177363
-2.2700814901
-4.85436893204
-0.0590667454223
-0.175131348511
1.18063754427
2.14030915577
4.66228332337
2.73058252427
-0.232964472918
-0.819672131148
-1.92419825073
-1.23966942149
-1.72927847346
3.12312312312
4.08287629494
4.70085470085
6.00750938673
2.82035561006
2.84126003706
1.10905730129
-1.91616766467
-4.19664268585
-0.305623471883
0.746733042937
7.34126984127
8.3009079118
8.45253576073
4.27023581899
1.26023944549
-5.20376175549
-3.50438047559
-2.28716645489
-4.03669724771
-4.91312162972
-6.94282380397
-6.87645687646
-11.0734463277
-6.78449258837
-3.74855824683
-0.174723354688
-1.09510086455
-6.94006309148
-7.97481636936
-8.44772967265
-10.3862212944
-9.72944849116
-0.575013068479
-0.729166666667
-2.1694214876
-0.312174817898
0.104166666667
1.21693121693
0.62893081761
1.89473684211
1.69312169312
-2.68626457172
-3.37423312883
-0.365535248042
-0.210084033613
-0.943396226415
1.91115702479
0.359158542842
-0.0521920668059
-0.0524934383202
-0.209205020921
1.30821559393
3.12169312169
1.86071238703
2.03535083021
2.90635091496
1.64893617021
-1.04712041885
-1.20798319328
-1.05988341282
-1.84891706286
-0.529100529101
1.27253446448
0.740740740741
0.372340425532
3.38612779902
3.50492880613
2.4443237371
1.88679245283
-0.26525198939
-2.13789417424
-1.88070929608
2.05099778271
1.97910940077
4.6640755136
7.65247410817
8.1976744186
4.33776749566
6.06413994169
2.85551113649
0.172910662824
-1.14942528736
-1.08695652174
-0.348634514817
4.0404040404
3.15101070155
3.20284697509
3.73887240356
-2.54813137033
-6.1872909699
-6.5036131184
-7.86885245902
-8.12431842966
-4.43722943723
-4.77707006369
-5.61385099685
-3.48101265823
-2.60223048327
-2.78800631247
-0.370174510841
0.157645822386
-1.09546165884
-1.9781363873
-2.41273100616
-2.22337125129
-3.84032339565
-3.0839231547
-2.63558033452
-1.31712259372
-2.61832829809
-1.59124813526
-2.94406280667
-2.66403552047
-2.47035573123
-0.501002004008
1.41200201715
2.30923694779
3.15521628499
4.0616966581
1.57760814249
-2.50737463127
-2.59168704156
-4.052734375
-4.13997042878
-3.24963072378
0.197044334975
0.0489236790607
0.0
-3.24272770625
-3.19351763584
-3.47123157394
-2.43436754177
-2.56898192198
0.479156684236
1.74587778855
0.0475737392959
-0.945626477541
-0.189933523267
0.433108758422
0.19436345967
2.18765192027
1.53624579933
1.15273775216
-1.42314990512
-2.87871637565
-2.51184834123
-1.5595463138
-2.11565585331
0.524558893658
0.236518448439
0.52405907575
0.809909480705
-0.885368126747
-0.663192799621
1.83044315992
0.430622009569
1.59728944821
4.12421154779
1.05313547152
-0.479386385427
0.336053768603
-0.385728061716
-2.87464655985
-3.82136279926
-4.3119266055
-4.58085203848
-5.21023765996
-2.21198156682
0.64874884152
0.97267253358
-0.455996352029
0.969081679742
0.836431226766
-0.415320719889
3.59884836852
5.68674698795
3.93285371703
3.21342925659
4.03264522324
-0.287081339713
-0.384061449832
-1.74363807729
-1.65094339623
-0.998098859316
1.40708393984
1.26397666505
1.19217930377
-1.25756870051
-2.99677270632
-4.31754874652
-2.28028503563
-0.897920604915
4.0717401842
5.39358600583
5.27859237537
2.2340942205
1.1956001913
1.17704757234
-0.290697674419
-1.01596516691
-1.85891325071
-0.0478011472275
0.0490677134446
-0.434153400868
-0.768122899664
0.816914944738
2.64965652601
-1.64092664093
-0.48007681229
-1.27962085308
-2.16267042783
-4.18429713211
-2.3102310231
-12.8087065718
-12.9537953795
-11.1899791232
-11.4119117035
-9.12596401028
1.61633347512
3.01742456439
0.251151109251
-0.456053067993
-4.22650800164
-2.52902155887
-3.48646431501
-1.92939244663
-0.822368421053
-0.733197556008
-1.51082074316
0.0821018062397
1.20481927711
1.37557315548
0.82135523614
1.6604400166
-1.37651821862
-3.02175664786
-2.79578606159
-0.368248772504
-1.5931372549
2.6600166251
3.37359433569
1.18901189012
-0.771416971173
0.575184880855
-1.15036976171
-1.27467105263
-0.813338755592
0.2442002442
-1.17742590337
-3.25914149444
-4.2896497442
-4.94781600309
-5.28141865844
-5.0134978789
-2.13924542979
-1.20528771384
0.0386697602475
0.464756003098
0.816485225505
0.586854460094
0.508010941774
1.41176470588
1.25490196078
1.53967627319
-0.428515777172
0.0
-1.50637311703
-2.63459335624
-3.72481946028
-2.06028233499
-2.02909647779
-1.40898705255
0.537428023033
-0.113895216401
-0.417933130699
-0.985595147839
7.27124183007
7.33415739596
8.52904820766
8.22368421053
9.59700872455
1.95751770096
1.71835708298
1.84641208561
3.57751277683
2.64392324094
2.38805970149
2.3595023595
1.49063032368
-1.2200252419
-1.01308569016
-0.424628450106
-2.55016722408
-2.81456953642
-2.50205086136
-2.47015232606
-3.16611842105
-1.88679245283
-0.861715223636
-1.6935483871
-1.30028443722
-0.77519379845
0.453234445818
0.952775476388
1.51453131396
3.53386621792
5.05786540934
3.58514724712
3.87263339071
4.75986277873
3.30291177749
1.34665508254
2.35910878113
2.65017667845
3.64444444444
0.0
-1.11683848797
-1.92802056555
-2.329594478
-2.17391304348
1.00965759438
1.393728223
1.78805058875
2.33995584989
3.32434860737
1.83281180152
2.22617987533
1.68514412417
-0.788436268068
-1.98150594452
-0.84219858156
-0.48737261852
-0.132860938884
-1.04031209363
-2.44845360825
-2.37992211164
-3.99829859634
-3.71002132196
-2.78128950695
-3.0
8.14225549836
9.14577530176
10.1456082668
10.7843137255
13.0475741875
-0.465766185375
0.372786579683
0.0940291490362
0.990099009901
-0.188058298072
1.03529411765
1.75438596491
0.0470366886171
-0.188235294118
1.72166427547
-0.140977443609
-0.612629594722
0.2357378595
1.77203065134
1.95026816187
5.13833992095
2.61121856867
1.3862332696
-0.571428571429
-2.65780730897
-4.21202082347
-4.1261010663
-3.5500230521
-3.66972477064
-4.31425976385
-5.03370786517
-3.83415069104
-1.40909090909
-0.818926296633
0.0454338936847
-0.2689376961
0.628084342755
-0.407424173834
-1.0801080108
-0.811176205498
-0.446229361892
-2.15100965759
-3.02897278314
-2.28671943712
-2.80332895313
-1.8826619965
0.975177304965
2.61261261261
3.36363636364
4.96551724138
5.49653579677
2.63876251137
1.32359653126
2.08816705336
-0.229357798165
-1.50136487716
-2.26767452201
-3.35244816939
-5.60665790626
-4.00704535447
-3.80743982495
0.987876066457
0.487588652482
1.87416331995
1.92998204668
2.466367713
0.632625395391
1.98915009042
2.60989010989
1.5959872321
1.73357664234
1.51376146789
2.5498377376
0.0916590284143
0.274348422497
0.458295142072
0.322135296825
-0.553250345781
0.971772327626
0.229147571036
1.39405204461
1.77985948478
0.836820083682
-0.0924641701341
0.878409616274
-1.42006413193
-1.34011090573
-0.278164116829
-3.1781557744
-3.09139784946
-0.86285195277
-3.09001343484
-3.79125780553
-3.29004329004
-2.91431056981
-4.63404071026
-1.67327168648
-1.8818380744
0.697471665214
-0.562283737024
1.94260485651
1.11308993767
0.0
0.218435998253
0.390794615719
-2.41275312365
-4.01709401709
-2.84863945578
-2.59574468085
-1.28589798543
0.913043478261
1.65073848827
1.55440414508
1.68758113371
1.39069969578
0.261551874455
0.261324041812
1.93661971831
1.04940970704
-0.0434404865334
-0.347523892268
-0.991806813282
-0.612423447069
0.263042525208
-4.79735318445
-5.53959786623
-4.76386036961
-5.22388059701
-6.82189542484
-0.820344544709
-0.611745513866
-1.45690004047
-2.82030620467
-0.810372771475
-0.974817221771
-1.04923325262
0.121555915721
1.30612244898
-0.080971659919
-0.845751107531
-0.0806451612903
-1.28
-2.15654952077
0.162206001622
0.526315789474
1.10069302894
2.04081632653
1.66463662201
-0.202347227843
-0.523560209424
-0.688259109312
-0.122299225438
-0.364077669903
0.243407707911
0.526315789474
-0.603621730382
-2.19298245614
-1.23851378346
-2.14370782056
-2.10067380103
-0.877542879936
-1.41509433962
-1.61163522013
-1.29310344828
-0.825471698113
-2.33735878457
-2.07852193995
-0.74131876707
-1.5052103435
-1.58607350097
-1.07899807322
1.16822429907
-0.77429345722
-0.231035810551
-0.270061728395
0.933488914819
0.195083886071
2.37812128419
3.88
2.97973778308
2.96355626752
2.80786201364
1.48833467418
-0.119856172593
-0.237812128419
-0.715705765408
-1.07142857143
1.30399348003
2.45599672534
2.43605359318
2.06980519481
1.98300283286
-1.40618722378
-0.892494929006
-0.283400809717
-0.68520757759
-0.362903225806
0.160965794769
-1.36054421769
-0.72347266881
-0.918530351438
-0.441589723003
-0.6
0.160320641283
0.0804505229284
0.441235459286
-1.07227958697
-0.635930047695
-0.438946528332
-1.42743854084
-1.1106703689
-0.158604282316
-0.15873015873
0.360432519023
2.10526315789
0.920736589271
2.77098614507
0.8
-0.597133757962
-1.86730234406
-0.199760287655
-2.07501995211
-1.22481232714
0.439824070372
2.15097402597
1.500405515
3.5965274907
8.44044558698
9.07108591365
6.85169124024
7.40418118467
6.00350569676
0.387096774194
0.0
-1.91407911527
-1.28976784179
-3.18201103097
-2.22876366695
-3.49326599327
-2.32654756959
-3.48547717842
-2.11794019934
-2.81977932162
-3.3360455655
-3.25562700965
-4.17495029821
-4.67141726049
-3.39518357679
-2.26640159046
-1.07355864811
0.15929908403
-1.63551401869
-3.76139817629
-4.98677748394
-5.45112781955
-5.56600225649
-4.21484520701
