31.88
30.69
31.19
32.31
34.50
34.44
34.00
35.12
37.00
37.00
36.50
37.00
36.39
35.06
34.38
34.88
34.88
34.50
35.19
36.19
37.00
36.00
35.62
35.75
37.00
37.81
36.12
35.00
35.00
35.00
35.56
33.75
34.00
34.00
33.50
34.00
33.06
32.38
32.19
32.12
31.88
32.00
32.62
31.69
30.00
32.44
34.38
35.00
34.31
33.25
35.25
36.50
35.81
35.00
36.69
35.62
35.25
34.88
34.75
35.06
36.38
36.50
36.56
38.00
39.75
38.62
38.38
38.81
39.81
39.81
40.38
39.62
37.94
38.00
39.56
41.31
41.50
43.50
43.44
43.50
42.75
42.12
41.81
42.94
42.69
43.00
44.62
46.12
44.62
43.39
42.70
43.09
44.00
44.50
45.00
45.19
44.19
43.94
44.19
44.25
45.66
45.12
44.19
44.50
45.00
43.56
42.75
43.44
43.50
44.25
46.00
44.38
45.84
46.59
47.00
47.94
46.75
46.25
46.88
45.75
45.88
46.25
47.00
46.48
46.23
48.00
47.69
47.44
46.56
45.81
47.81
49.00
47.97
46.12
45.06
46.11
44.88
46.44
45.00
45.88
47.56
44.00
43.50
44.61
43.88
43.38
45.75
46.12
44.75
45.50
44.92
44.92
42.75
42.00
42.88
42.72
42.00
43.44
44.00
42.75
43.75
42.50
43.03
43.09
43.81
42.84
42.56
42.00
43.14
43.16
40.81
39.88
40.31
40.50
41.00
40.25
41.06
41.38
41.25
41.94
41.02
40.92
42.50
44.31
44.12
43.50
43.25
43.69
44.92
44.25
44.25
42.75
44.75
44.62
43.12
44.50
44.12
44.62
42.62
43.69
44.94
43.75
43.00
43.38
45.38
43.00
44.94
45.38
44.12
43.88
43.19
43.50
43.19
43.62
44.50
44.81
45.38
44.62
44.12
42.19
42.81
43.06
43.31
43.00
43.00
43.50
43.00
42.31
44.88
45.00
45.62
44.31
43.50
44.19
44.50
43.38
43.44
43.50
43.62
44.00
45.81
45.56
45.44
46.50
47.44
46.38
42.50
44.38
44.69
45.25
45.75
46.00
46.12
43.56
41.81
42.38
41.88
43.25
42.31
41.00
41.44
41.69
40.75
41.12
41.38
42.12
42.88
42.94
44.44
44.31
43.30
44.28
45.15
45.21
44.90
45.75
45.85
44.50
44.75
45.04
46.12
45.03
45.20
44.25
45.26
44.87
44.81
45.09
44.82
45.25
45.21
45.00
44.10
43.61
43.83
43.10
41.95
42.00
42.45
40.35
39.90
39.00
38.55
37.37
37.60
37.22
35.98
35.67
37.53
38.74
39.98
39.93
39.99
40.95
38.95
39.02
39.75
40.80
41.08
41.97
41.00
40.00
40.70
40.90
42.41
40.90
39.80
40.76
41.00
40.52
40.91
42.50
43.12
43.30
43.62
43.19
42.25
43.46
43.77
44.01
44.45
43.74
43.00
43.31
42.97
44.62
44.76
44.85
44.76
44.04
43.55
42.92
41.86
43.04
43.20
42.89
42.81
43.47
42.95
42.85
43.75
43.51
43.11
42.93
42.66
43.25
42.63
43.22
44.00
44.50
44.87
42.79
42.02
42.21
41.57
42.15
40.05
40.90
40.44
39.76
40.05
41.15
40.81
38.85
37.60
38.43
37.87
38.58
41.01
41.13
41.42
40.08
39.86
40.10
39.99
39.84
40.10
41.22
41.14
40.74
40.74
40.34
40.26
40.10
40.75
41.10
40.93
41.07
41.21
41.19
41.75
41.41
40.64
40.68
40.68
41.33
40.95
40.15
39.60
38.30
38.31
38.59
39.34
38.45
37.00
38.17
38.14
37.80
37.02
36.54
35.80
36.03
36.98
38.55
39.75
40.10
41.10
41.50
41.25
41.02
41.79
41.00
40.74
41.75
40.26
40.86
41.37
41.10
41.65
41.86
42.33
43.00
42.65
42.96
43.01
42.70
42.57
42.45
41.90
42.74
42.20
41.96
42.31
42.14
42.30
42.13
42.06
42.58
42.38
42.65
42.73
43.18
43.18
43.63
43.65
43.90
43.60
43.17
43.48
43.31
43.69
43.44
43.53
43.33
43.10
41.34
40.35
40.24
39.50
39.44
40.33
40.64
41.10
41.40
41.00
40.77
40.62
40.35
40.40
39.85
39.90
39.70
39.40
39.70
39.59
40.05
41.01
40.60
40.52
40.41
40.23
40.13
40.10
40.80
41.80
41.50
41.70
41.57
40.98
41.25
41.67
42.15
41.15
41.99
41.29
40.06
40.70
40.91
41.18
41.09
40.80
41.11
40.48
40.95
40.60
41.11
40.82
41.02
41.25
40.96
41.64
41.89
40.60
40.54
39.98
40.01
40.05
39.85
40.05
39.95
41.37
40.66
40.73
40.08
40.15
40.51
40.20
39.94
39.92
39.74
40.11
39.91
40.00
39.00
38.00
38.47
38.70
39.34
38.90
39.29
39.00
39.90
37.85
38.22
37.80
37.11
36.70
36.49
37.57
36.76
36.27
36.35
37.46
37.37
36.75
36.55
35.75
37.17
36.50
36.22
36.97
37.37
36.49
35.82
37.09
36.43
35.90
35.90
36.20
35.49
34.79
35.09
34.67
34.60
33.43
34.58
35.06
33.91
34.50
35.35
34.12
35.02
35.34
35.34
36.05
36.21
35.75
36.08
34.03
34.27
33.58
35.00
36.75
35.00
33.90
32.80
32.50
34.39
34.41
33.10
31.03
32.60
32.20
28.78
28.55
29.26
27.98
26.82
25.92
26.05
27.89
28.07
29.46
30.85
31.17
32.35
31.50
30.90
29.75
30.45
31.67
33.16
32.51
32.86
31.78
33.10
33.59
33.12
34.07
33.69
34.22
34.92
34.54
34.55
33.24
33.11
32.81
33.08
31.28
32.28
31.93
30.75
30.62
30.95
30.85
29.95
29.77
30.20
29.51
29.45
29.05
28.74
28.64
28.00
29.30
30.25
28.58
29.02
30.50
29.99
29.64
28.55
28.30
29.70
29.25
29.98
30.15
30.93
31.79
31.91
32.75
33.49
32.15
31.30
31.03
30.57
31.90
31.56
31.25
32.05
31.77
32.14
32.05
32.62
33.64
33.58
33.87
33.14
33.57
32.60
33.05
33.05
32.92
33.00
33.09
33.00
32.37
31.61
31.81
31.65
31.53
31.30
31.18
30.94
30.70
31.00
31.23
31.73
31.61
31.12
30.50
31.05
30.48
30.28
30.10
30.49
31.16
31.38
30.02
29.79
30.81
30.57
31.53
31.78
32.00
31.63
30.90
31.14
30.80
30.90
31.02
30.45
29.95
30.04
30.50
30.71
31.01
30.25
29.81
30.00
30.55
29.71
30.36
30.43
29.84
29.68
29.78
29.30
29.57
29.19
28.75
28.57
28.56
29.40
29.09
28.64
28.94
28.68
28.69
28.90
29.40
29.82
29.37
28.64
29.19
29.39
29.98
29.30
29.00
29.16
29.28
28.95
29.70
30.02
30.79
30.80
31.96
30.99
32.00
31.71
31.79
31.81
31.16
31.89
32.48
32.30
32.80
32.50
32.34
31.70
31.74
31.51
32.12
32.21
31.36
31.36
31.60
31.82
31.15
30.99
30.37
30.70
30.80
30.75
30.99
31.55
31.91
32.04
31.85
31.90
32.65
33.25
33.29
33.21
33.53
33.61
31.80
31.10
31.50
32.16
31.88
31.97
31.75
31.28
31.02
31.01
31.69
32.40
32.75
33.09
33.17
33.31
33.28
33.52
33.08
34.60
36.18
36.05
35.60
35.57
35.38
35.40
35.33
36.00
35.00
34.15
34.53
34.65
34.23
34.40
34.31
34.22
33.66
34.20
33.84
33.86
33.35
32.76
33.39
32.54
32.43
32.93
32.55
33.04
32.78
32.57
33.39
33.36
32.68
33.07
32.50
32.45
32.94
32.97
32.91
32.87
31.56
31.11
31.42
31.47
31.27
30.74
29.79
29.55
29.87
30.01
29.91
29.81
29.92
30.46
30.88
30.60
30.51
31.47
31.68
31.77
31.84
31.90
31.86
31.99
32.11
32.05
31.45
31.14
31.60
30.90
30.53
30.56
30.89
30.38
30.80
31.05
30.78
30.75
30.65
30.66
30.96
30.75
30.67
30.88
30.60
30.88
30.56
31.00
31.50
30.62
31.01
30.84
30.97
31.50
31.27
30.88
31.60
31.61
31.45
31.65
31.86
31.77
31.48
31.80
32.40
33.45
34.08
34.07
34.18
34.42
33.65
33.18
33.89
33.78
33.83
33.57
34.17
34.03
33.95
34.37
34.20
34.43
34.39
34.10
34.68
34.40
34.44
34.60
34.35
34.44
34.27
34.30
34.52
34.72
34.75
35.00
35.07
35.33
35.55
36.50
36.48
36.79
36.45
36.06
35.61
35.14
35.15
34.82
35.00
34.53
35.63
36.14
36.14
36.84
36.20
35.85
36.71
36.63
37.41
37.71
38.27
38.40
38.85
38.09
38.04
38.15
37.73
37.38
37.75
37.41
37.28
37.27
37.05
37.17
37.25
37.13
36.65
36.90
36.65
36.96
37.37
37.17
37.51
37.30
36.37
35.24
35.29
34.95
35.42
34.90
34.70
33.95
33.70
34.14
34.18
34.31
34.29
35.02
35.14
35.05
35.59
36.00
36.13
35.80
35.67
35.60
35.67
35.39
35.81
37.34
37.62
37.58
36.70
36.90
36.54
36.42
36.29
36.44
35.88
35.57
35.76
36.22
36.61
36.63
36.55
36.36
36.00
35.91
35.71
35.40
35.60
35.50
35.55
35.17
34.89
34.81
34.45
34.74
34.89
35.40
35.34
35.45
35.74
35.55
35.62
36.02
36.14
35.83
35.66
35.15
35.09
35.22
35.27
35.43
35.20
34.90
34.96
34.81
33.82
34.06
34.34
34.28
33.93
33.94
33.87
33.72
33.94
34.00
33.62
34.16
34.01
32.58
32.38
32.11
32.33
32.00
32.51
32.30
31.74
32.10
31.62
31.93
31.96
32.20
32.45
32.40
31.65
31.18
31.20
31.48
31.77
31.43
31.15
31.40
31.38
31.85
31.48
31.74
31.65
31.53
31.91
32.31
32.65
32.29
32.67
32.35
32.70
32.55
32.74
32.77
32.44
31.86
32.13
32.12
31.85
31.78
31.72
30.99
30.89
30.20
29.93
29.66
29.62
30.08
30.18
30.60
30.97
31.30
31.29
31.18
29.99
29.80
30.31
29.86
29.55
29.08
28.50
29.00
29.00
28.30
28.44
27.74
27.78
28.33
29.04
28.71
28.95
28.80
28.70
29.45
29.06
28.79
28.41
27.99
27.47
27.15
27.45
27.62
27.32
27.99
27.77
27.23
27.07
26.90
26.79
27.16
27.33
27.77
28.23
28.46
27.89
27.21
27.20
27.50
27.37
27.09
27.16
27.33
28.32
28.98
25.75
24.29
24.97
25.95
26.07
26.50
26.94
27.26
27.01
26.89
26.45
26.45
26.27
26.29
26.30
26.44
26.15
26.03
25.33
25.25
25.30
24.88
24.98
24.48
24.26
24.59
24.59
24.68
24.35
24.16
23.86
24.07
23.91
24.23
24.91
25.55
25.05
25.05
25.15
25.48
25.22
24.95
25.06
26.80
26.59
26.31
26.40
26.86
26.29
26.61
26.61
26.59
26.85
27.18
26.76
26.74
26.75
26.36
26.53
26.29
26.05
26.01
25.83
25.71
25.42
26.04
26.17
26.23
25.64
26.29
26.27
26.15
25.93
26.90
26.86
26.90
26.60
26.46
26.88
27.28
27.45
27.71
27.60
27.42
26.76
27.25
27.22
27.03
26.91
26.92
26.69
27.17
27.41
27.50
27.83
27.85
27.61
27.97
27.66
27.65
27.63
27.86
28.23
28.20
28.44
28.72
28.58
28.76
28.84
28.67
28.90
28.35
27.90
28.17
28.20
27.96
28.01
27.96
27.65
27.53
27.68
27.89
28.39
28.43
28.60
28.78
28.76
28.61
28.79
28.90
28.52
28.08
27.90
27.84
27.58
27.10
27.05
26.77
26.75
27.14
27.12
27.07
27.23
27.60
27.57
27.25
27.38
27.06
26.59
26.50
26.42
26.24
26.70
26.77
26.50
26.64
26.94
26.93
26.60
26.25
26.21
26.70
26.39
26.44
26.16
26.20
26.05
26.16
25.88
25.55
25.36
25.09
25.06
24.87
24.89
25.10
25.14
25.48
25.30
25.33
25.87
26.30
26.51
26.33
26.34
25.98
26.03
25.70
25.90
25.60
25.40
25.31
25.25
24.87
25.19
24.80
24.86
25.09
24.97
25.29
25.24
24.80
24.65
24.39
24.45
24.30
24.84
24.50
24.32
24.12
24.13
23.97
21.90
21.25
21.09
21.20
21.06
21.10
21.50
21.74
21.55
21.60
21.87
22.26
22.27
21.91
22.16
22.21
22.43
22.25
21.89
21.37
21.35
21.60
21.74
21.38
21.64
21.67
21.59
21.47
21.20
21.38
21.30
21.35
21.14
21.10
20.98
20.60
20.94
22.31
22.85
22.79
22.58
24.32
24.00
24.04
24.06
23.96
23.63
23.60
23.45
23.32
23.78
24.55
24.58
24.85
24.85
24.44
24.75
24.58
24.67
24.28
24.00
24.97
24.71
24.89
24.59
24.83
25.05
25.99
25.94
25.68
26.05
25.78
25.28
25.09
25.18
26.37
26.34
25.68
25.58
25.50
25.61
25.81
25.82
25.64
26.19
26.14
26.37
26.60
26.19
26.26
26.06
26.34
25.98
26.19
26.17
26.19
26.08
25.97
25.97
25.95
26.05
26.39
26.47
26.31
26.40
26.16
26.02
25.81
25.35
25.24
25.20
24.92
25.12
25.10
25.17
25.09
24.69
24.65
24.35
24.42
24.50
24.44
24.93
24.82
24.95
24.87
24.79
24.72
24.97
24.86
25.33
25.12
25.18
25.17
25.22
25.41
25.54
25.51
25.04
24.81
24.50
24.89
24.90
24.27
23.89
23.82
23.72
23.99
23.84
23.85
24.00
23.58
23.66
23.90
24.19
23.94
23.84
23.91
23.86
23.53
23.29
23.04
23.11
23.53
23.43
23.06
22.95
22.69
22.65
22.64
23.01
22.80
22.90
23.24
23.47
23.58
23.68
23.68
23.68
23.87
23.49
23.18
22.87
22.42
22.41
22.58
23.30
23.71
23.83
24.79
24.96
25.11
25.65
26.11
25.99
25.99
25.61
25.51
25.98
26.05
26.16
26.15
25.97
25.82
26.08
26.40
26.75
27.00
27.05
26.64
26.98
27.14
27.24
27.23
27.54
27.60
27.73
27.56
27.96
27.84
27.72
27.45
27.59
27.88
28.25
28.19
28.20
28.04
28.16
28.20
28.47
28.21
28.16
28.35
28.40
28.41
28.30
28.36
28.31
28.41
28.33
27.99
27.90
27.65
27.56
27.29
27.65
27.59
27.66
27.72
28.10
27.68
27.68
27.73
27.26
27.43
27.28
27.22
27.20
26.65
26.54
26.69
26.55
26.99
27.29
26.62
25.84
25.71
25.89
26.25
26.53
26.76
27.21
27.05
26.95
27.10
26.89
26.97
27.05
27.07
27.49
27.86
24.90
24.82
24.80
24.86
25.17
25.15
25.17
25.39
25.56
25.64
25.83
26.20
26.21
26.07
25.97
25.93
26.15
26.07
25.90
26.29
26.38
26.30
26.16
26.17
26.20
26.46
26.64
26.77
26.89
27.17
27.22
26.95
26.37
26.82
26.36
26.29
26.06
26.10
26.24
26.62
26.80
26.88
26.83
26.52
26.44
26.38
26.22
26.39
26.58
26.53
26.30
26.30
26.07
25.87
25.62
25.84
25.14
24.96
25.04
24.79
24.70
25.19
25.27
25.41
25.41
25.38
24.94
24.86
24.99
24.99
25.36
25.54
25.85
25.79
25.66
25.67
25.49
25.18
25.41
25.26
25.34
25.67
25.81
25.84
26.00
26.00
26.04
26.46
26.67
26.94
26.90
26.78
27.07
26.97
26.35
26.15
26.32
26.72
26.61
26.46
26.59
26.60
26.87
27.08
27.38
27.35
27.16
26.80
27.04
27.23
27.10
27.32
27.36
27.44
27.42
27.37
27.34
27.28
27.53
27.56
27.41
27.49
27.68
27.52
27.28
26.79
26.29
26.52
26.37
26.11
26.35
26.39
26.47
26.26
26.21
25.71
25.92
25.38
25.40
25.59
25.61
25.63
25.57
25.73
25.81
25.90
25.92
25.88
25.58
25.45
25.98
25.91
26.08
25.96
25.13
24.99
24.90
25.03
24.89
24.78
24.15
23.79
23.76
23.51
23.63
23.85
23.51
24.11
24.35
24.61
24.14
23.99
23.89
23.58
23.53
23.39
23.94
24.17
24.24
24.65
24.62
24.74
24.76
24.47
24.67
24.55
24.84
25.08
24.71
24.62
24.25
23.96
24.19
24.19
24.23
24.29
24.13
24.54
24.88
24.52
24.59
24.42
24.24
24.58
24.75
24.43
24.85
24.94
25.08
25.30
25.58
25.45
25.54
25.54
25.45
25.26
25.00
24.63
24.55
24.54
24.07
24.02
24.05
23.98
24.29
24.31
24.51
24.45
24.61
23.95
23.67
23.67
23.93
23.32
23.11
22.83
23.02
23.55
23.61
23.29
23.39
22.71
22.72
22.35
22.98
22.30
22.88
23.44
23.60
23.76
23.55
23.47
23.98
24.17
24.40
24.37
23.83
23.81
23.64
23.10
22.97
23.37
23.27
23.22
23.24
23.33
23.20
22.92
22.90
22.73
22.91
23.18
22.83
23.23
23.47
23.92
24.08
24.02
23.97
23.59
23.40
22.96
22.50
22.23
22.86
23.05
22.61
22.99
23.18
23.10
23.36
23.59
23.63
22.96
22.59
22.67
22.30
22.20
22.68
22.74
22.45
22.33
22.37
22.47
22.40
22.50
22.78
22.83
22.75
22.55
22.28
22.25
22.24
22.05
21.59
21.35
21.15
21.72
21.28
21.21
20.64
20.57
21.00
20.61
20.59
20.61
20.78
20.69
20.56
20.50
20.93
21.38
21.51
21.34
21.35
21.48
21.00
20.89
20.92
20.45
20.56
20.71
21.10
20.40
20.47
20.20
19.79
19.88
20.04
20.43
20.23
20.24
20.11
20.44
20.61
20.52
20.42
19.92
19.97
19.79
19.91
19.97
20.06
20.08
20.03
20.23
20.05
20.01
19.78
19.53
19.33
19.30
19.40
19.36
19.18
19.01
18.80
18.67
17.96
18.02
17.94
17.55
17.73
17.99
17.77
17.72
17.77
17.77
17.33
17.38
17.69
17.88
17.17
17.28
17.47
17.73
17.62
17.75
17.39
18.19
18.03
18.03
17.81
17.65
17.58
18.26
18.39
18.32
18.09
18.35
19.07
18.81
18.89
18.36
18.53
18.88
18.67
18.60
18.98
19.71
19.43
19.21
19.84
19.88
19.72
19.64
19.78
19.97
19.64
19.34
19.28
19.37
19.75
19.51
19.28
19.08
19.27
19.11
19.17
19.20
18.67
18.51
19.14
18.24
18.20
18.39
18.62
18.05
17.81
17.17
17.99
18.55
18.07
18.01
17.99
18.64
18.66
17.65
18.44
18.94
18.79
19.00
18.94
17.65
17.13
15.67
15.14
16.68
17.13
16.27
16.97
16.91
17.34
17.34
16.74
17.10
16.57
16.39
17.82
17.19
17.86
17.71
17.76
18.41
17.00
16.37
16.86
16.60
16.77
15.83
16.73
16.28
15.92
16.29
15.56
14.45
15.67
16.04
15.94
16.07
16.43
15.28
16.02
16.62
16.27
16.55
16.93
16.47
16.57
16.56
16.92
16.63
17.36
17.25
17.12
17.30
17.18
17.03
17.01
17.10
17.29
17.75
17.71
18.27
18.16
17.80
17.49
17.65
17.44
17.36
17.59
17.24
17.39
17.50
17.20
17.48
17.21
17.45
15.65
15.82
15.44
15.12
14.58
14.89
15.20
14.57
14.50
14.84
14.71
14.07
14.38
14.65
14.58
14.25
14.16
14.03
13.71
13.27
13.59
13.08
12.70
12.31
11.66
11.87
12.50
12.67
12.73
12.63
13.09
12.79
14.02
14.54
14.15
14.26
14.25
13.70
13.63
14.02
13.92
14.26
14.38
14.04
13.70
13.62
13.99
13.77
13.55
13.71
13.51
13.48
13.55
13.48
13.34
13.86
13.90
14.16
13.59
13.52
13.04
13.28
13.17
13.49
13.39
13.43
13.36
13.58
13.98
14.28
13.91
14.16
14.40
14.15
14.93
15.27
15.34
15.01
15.19
15.10
15.11
14.83
14.96
15.02
14.66
14.69
15.19
14.76
14.98
14.89
14.64
14.51
14.31
14.13
14.05
14.63
14.76
14.13
14.16
14.58
14.92
15.00
14.79
14.73
14.72
15.33
15.19
15.26
15.00
14.90
14.48
14.57
14.59
14.61
14.29
14.20
14.76
14.90
15.02
15.07
14.96
15.26
15.70
15.87
16.15
16.48
16.62
16.03
15.75
15.94
15.93
16.04
16.07
15.87
15.79
15.96
15.91
15.83
15.86
15.80
15.77
15.88
15.98
16.37
16.23
16.64
16.73
16.80
16.77
16.86
16.81
16.70
16.38
16.28
16.08
16.39
16.21
16.17
16.34
16.25
16.36
16.21
16.42
16.32
16.51
16.64
16.80
16.43
16.44
16.40
16.57
16.77
16.55
16.31
16.15
16.40
16.78
16.69
16.70
16.92
17.10
16.78
17.37
17.66
17.77
17.98
17.93
17.41
17.56
17.25
17.12
17.26
17.21
17.55
17.03
16.95
16.89
16.93
17.02
16.96
17.43
17.56
17.62
17.62
17.59
17.94
17.94
18.19
18.11
18.36
18.53
18.31
18.59
18.25
18.17
18.85
18.74
18.64
18.49
18.06
17.76
18.24
18.32
18.30
18.40
18.29
18.41
18.22
18.30
18.61
18.61
18.58
18.60
18.63
18.56
18.50
18.19
18.93
18.66
18.60
18.53
18.68
18.83
18.77
19.21
19.38
19.49
20.00
19.94
19.24
18.96
18.85
18.78
19.00
18.63
18.66
18.79
19.24
18.62
18.03
17.96
17.84
17.88
17.74
17.87
17.80
17.72
17.67
17.73
17.99
17.95
17.67
17.81
17.69
17.55
17.75
17.60
17.32
17.33
17.48
17.35
17.23
17.15
17.29
17.08
17.26
17.26
17.21
17.23
16.91
17.15
17.54
17.61
17.39
17.14
17.28
17.26
17.15
17.08
16.90
16.96
17.07
17.14
17.25
17.29
17.18
17.07
16.99
16.80
16.79
16.76
16.60
16.48
16.91
16.82
16.46
16.53
16.86
16.72
16.91
17.26
17.18
16.74
16.46
17.00
17.01
16.90
16.56
16.20
16.11
15.81
15.82
15.23
15.40
15.22
15.06
15.11
15.37
15.23
14.99
15.20
15.23
14.76
14.52
14.55
14.52
14.91
15.46
15.33
15.52
15.48
15.47
15.21
15.10
14.97
14.88
14.46
14.64
14.54
14.28
14.26
14.23
14.14
14.29
14.62
14.82
14.77
14.93
14.79
14.84
14.87
14.56
14.73
14.55
14.50
14.81
14.58
15.02
15.27
15.00
15.09
15.00
15.48
16.34
16.44
16.19
16.24
16.42
16.57
16.00
16.20
16.08
16.03
16.27
16.10
16.03
15.92
16.10
15.82
15.99
15.90
16.09
15.86
15.91
16.28
16.40
16.46
16.33
16.56
16.77
16.99
16.97
17.08
17.27
17.17
17.06
17.28
17.14
17.22
17.04
17.40
17.17
17.43
17.40
17.17
17.18
16.90
17.23
17.26
17.38
17.46
17.38
17.48
17.73
17.66
17.75
17.80
17.39
17.66
17.63
17.50
17.62
17.49
17.28
17.57
17.42
17.62
17.45
17.59
17.38
17.18
17.05
16.99
16.83
16.98
16.85
16.75
16.60
16.48
16.83
16.80
16.63
16.57
16.69
16.49
16.56
16.30
16.70
16.69
16.72
16.81
16.77
16.72
16.76
17.02
17.19
17.11
17.08
17.22
17.03
17.17
17.38
17.56
17.61
17.49
17.59
17.60
17.49
17.51
17.68
17.99
18.11
18.18
18.34
18.26
18.22
18.37
18.22
18.34
18.38
18.32
18.24
18.36
18.45
18.47
18.36
18.48
18.15
18.22
19.22
18.96
19.17
19.30
19.04
19.16
19.05
19.03
18.83
19.05
19.05
19.28
19.37
19.19
18.89
18.76
18.90
18.86
19.24
19.14
19.19
19.77
19.66
19.61
19.68
19.66
19.36
19.47
19.81
19.76
19.30
19.88
20.18
19.98
19.94
19.92
20.30
20.35
20.27
20.38
20.34
20.31
20.38
20.54
20.45
20.29
20.33
20.46
20.67
20.46
20.46
20.49
20.53
20.40
20.53
20.39
19.79
20.14
20.19
20.63
20.83
20.97
21.02
20.44
20.64
20.39
20.55
20.60
20.86
20.61
20.89
20.92
20.98
21.14
21.18
21.03
20.69
20.59
20.52
20.78
20.90
20.93
21.45
21.05
21.00
20.84
20.74
20.74
20.68
20.75
20.11
20.46
20.58
20.19
20.24
20.26
20.27
20.43
20.28
20.65
20.08
20.17
20.55
20.67
20.60
20.75
20.78
20.78
20.23
20.16
20.04
20.00
19.99
19.91
19.75
19.64
19.94
19.90
20.10
20.07
19.81
19.63
19.30
19.36
19.25
19.01
18.14
18.03
17.36
17.49
16.66
17.60
17.05
17.81
17.86
18.34
18.31
18.49
17.71
17.67
17.68
18.24
18.39
17.96
18.21
18.88
18.88
18.98
18.91
18.46
18.65
19.01
18.82
18.28
18.25
18.33
18.41
18.49
18.15
18.06
18.24
17.84
17.49
17.45
17.77
17.75
17.56
17.98
17.68
17.33
17.59
17.98
18.23
18.44
18.92
18.85
18.82
18.76
19.04
18.69
18.97
18.81
18.73
19.06
19.36
18.87
19.28
19.84
19.82
19.26
19.33
19.53
19.88
19.66
20.07
20.08
19.34
19.79
19.99
19.79
19.87
19.57
19.47
19.53
18.96
18.90
18.45
18.45
19.09
19.40
20.07
20.03
19.89
19.84
20.23
20.47
20.19
20.56
20.39
20.76
20.86
21.14
21.03
21.14
21.46
21.68
21.63
21.83
21.77
21.53
21.71
21.64
21.97
21.77
21.60
21.57
21.82
21.94
21.90
21.99
21.84
21.94
21.97
21.84
21.90
21.71
21.66
21.72
21.63
21.48
21.58
21.40
21.31
21.11
21.20
20.95
21.05
21.01
21.14
21.05
21.30
21.33
21.11
21.33
21.19
21.22
21.36
21.03
21.18
21.26
21.22
21.13
21.49
21.41
21.50
21.27
21.37
21.46
21.48
21.54
22.01
21.93
21.91
21.94
21.88
21.80
21.77
21.73
21.82
22.16
22.50
22.41
22.42
22.65
22.59
22.54
22.39
22.34
22.05
21.99
21.95
21.92
21.85
21.98
22.31
22.45
22.34
22.56
22.38
22.63
22.88
23.06
23.08
22.90
22.78
22.66
22.60
22.38
22.45
22.42
22.45
22.83
22.65
22.59
22.30
22.64
22.56
22.57
22.54
22.37
22.09
22.14
22.13
22.18
22.04
21.87
21.64
21.61
21.60
21.91
21.94
22.14
22.10
22.19
22.19
22.56
22.61
22.62
22.71
22.67
22.60
22.73
22.47
22.44
22.61
22.53
23.00
23.00
22.87
22.67
22.54
22.65
22.44
22.34
22.67
22.81
23.13
23.62
23.67
23.80
23.70
23.60
23.38
23.33
23.49
23.83
23.71
24.04
23.94
23.92
24.28
24.26
23.74
23.83
23.87
23.94
23.72
23.98
24.04
24.02
23.79
23.91
23.69
23.70
23.74
24.01
23.89
23.85
23.96
23.84
23.86
23.78
23.92
24.34
24.24
24.10
24.17
24.07
24.25
23.80
24.02
24.01
24.16
24.41
24.52
24.75
24.84
24.83
24.96
24.85
25.04
25.12
25.32
25.35
25.52
25.40
25.31
25.16
25.12
25.12
25.57
25.80
25.84
26.04
25.76
25.60
25.19
25.31
25.61
25.43
24.87
24.55
24.55
24.58
24.71
24.17
24.16
24.17
24.11
24.05
23.81
23.66
23.86
24.14
24.28
24.35
24.53
24.49
24.25
24.67
24.85
25.02
25.09
25.17
25.64
25.61
25.56
25.41
25.64
25.51
25.33
25.18
25.36
25.64
25.35
25.43
25.08
25.08
25.24
25.14
24.89
25.08
25.91
25.85
25.96
25.98
26.02
26.47
26.76
26.52
26.74
26.62
26.61
26.83
26.54
26.68
26.65
26.85
27.00
26.84
27.70
27.51
27.28
27.63
27.17
27.51
27.32
26.96
26.88
27.14
26.99
27.00
27.06
27.29
27.71
27.57
27.41
27.38
26.84
27.03
27.41
27.37
27.39
27.69
28.07
28.12
28.27
28.19
28.25
27.94
28.02
28.11
28.02
28.04
27.99
28.29
28.11
28.38
28.16
28.60
28.64
28.86
28.84
29.23
29.03
29.16
29.10
29.16
29.11
29.92
30.64
30.67
30.45
30.94
30.87
30.59
31.06
30.93
31.08
30.60
30.26
30.09
30.43
29.07
28.90
29.27
28.96
28.72
29.03
28.73
28.60
28.72
29.37
29.40
29.56
29.25
28.96
28.70
28.78
29.30
29.11
29.04
29.01
28.28
28.25
27.23
27.75
27.66
27.48
28.11
28.26
28.37
28.42
28.43
29.08
29.09
29.16
29.40
29.10
28.64
28.46
27.71
27.99
28.10
28.18
28.01
27.78
27.70
27.65
27.97
28.13
28.35
28.44
28.77
28.81
28.79
28.68
28.68
28.49
29.09
29.35
29.42
29.28
29.19
29.37
29.54
29.67
29.23
29.11
29.37
29.19
29.34
29.26
29.13
29.21
29.19
29.27
29.03
28.80
28.37
28.46
28.53
28.24
28.16
28.34
28.02
28.00
28.21
28.10
28.21
28.01
28.37
28.27
28.28
28.30
28.45
28.67
28.31
28.51
28.71
28.64
29.04
28.84
28.97
28.80
28.71
28.49
28.52
28.88
28.73
28.89
29.01
28.77
29.00
28.62
28.24
28.29
28.77
28.72
29.35
29.16
29.80
30.26
30.51
30.40
30.68
30.60
30.61
30.61
30.74
31.25
30.93
30.69
31.17
31.26
31.24
30.97
30.91
31.32
31.24
31.38
31.87
32.00
32.20
32.01
31.66
31.92
31.97
32.12
32.14
31.89
31.88
31.73
31.83
31.22
31.27
31.25
31.54
31.58
31.34
30.65
30.25
30.25
30.25
30.14
30.77
30.71
30.25
30.35
30.29
30.55
30.64
30.69
30.63
30.46
30.52
30.55
30.74
30.95
30.93
30.69
30.54
31.00
31.18
31.17
31.09
31.23
31.27
31.01
30.09
29.66
30.42
30.11
30.82
30.40
30.60
31.44
30.65
30.84
31.22
31.47
31.88
31.61
31.70
31.94
31.88
31.48
31.55
31.46
31.99
31.89
31.99
32.23
32.11
31.98
32.69
32.75
32.46
32.43
32.39
32.42
31.98
31.12
31.23
31.42
31.93
31.71
31.91
32.18
31.49
31.82
32.18
32.10
31.88
32.12
31.95
32.29
32.40
32.16
31.20
30.87
31.23
30.61
29.86
29.87
29.89
30.09
30.25
30.86
31.00
30.92
30.71
30.75
32.04
31.76
31.28
31.15
30.75
29.96
29.43
29.02
29.17
29.03
29.13
29.20
29.10
29.06
29.12
29.28
29.25
29.57
29.66
29.49
29.61
29.61
29.60
29.63
29.71
29.59
29.64
29.76
29.42
29.35
29.50
29.43
29.45
29.53
29.61
29.48
29.71
29.59
29.78
29.45
29.30
29.80
29.59
29.67
29.68
30.08
30.37
30.53
30.49
30.15
30.05
30.00
30.07
30.24
30.41
30.96
30.55
30.73
30.35
30.49
30.39
30.34
30.19
30.10
29.73
29.26
28.70
28.86
28.75
28.41
28.28
28.04
28.34
28.25
28.08
28.21
28.73
28.64
28.84
28.94
28.89
28.82
28.92
28.91
29.21
29.49
29.38
29.39
29.26
29.40
29.37
29.65
29.40
29.23
29.44
29.63
29.43
29.92
30.05
30.35
30.58
30.40
30.18
30.05
30.31
29.98
29.72
29.77
29.57
29.15
29.06
29.22
29.17
28.79
29.38
28.99
29.13
28.47
28.46
28.19
27.70
27.83
27.93
28.28
28.30
28.60
29.11
29.03
29.09
29.49
29.84
29.95
30.19
30.28
30.04
30.04
29.92
30.20
30.32
30.42
30.42
30.34
30.32
30.59
30.44
30.44
