3.87748452265
-1.60307790959
-3.4664190653
-6.34782608696
0.174216027875
1.29411764706
-3.18906605923
-5.08108108108
0.0
1.3698630137
-1.35135135135
1.6762846936
3.79349686252
1.97789412449
-1.43348623853
0.0
1.10144927536
-1.96078431373
-2.76319425256
-2.18918918919
2.77777777778
1.06681639528
-0.363636363636
-3.37837837838
-2.14229039937
4.6788482835
3.2
0.0
0.0
-1.57480314961
5.36296296296
-0.735294117647
0.0
1.49253731343
-1.47058823529
2.84331518451
2.10006176652
0.590245417832
0.217932752179
0.752823086575
-0.375
-1.90067443286
2.93467970969
5.63333333333
-7.5215782984
-5.64281559046
-1.77142857143
2.0110754882
3.18796992481
-5.67375886525
-3.42465753425
1.92683607931
2.31428571429
-4.60615971654
3.00393037619
1.04964539007
1.06077981651
0.374100719424
-0.884198516828
-3.62836723474
-0.328767123288
-0.164113785558
-3.78947368421
-4.40251572327
2.92594510616
0.625325690464
-1.1079618655
-2.51193167546
0.0
-1.41158989599
1.91822311964
4.42804428044
-0.157894736842
-3.94337714863
-4.2362624062
-0.457831325301
-4.59770114943
0.138121546961
-0.137931034483
1.75438596491
1.49572649573
0.741449414016
-2.63157894737
0.585617240572
-0.720930232558
-3.63065889736
-3.25238508239
3.36172120126
2.83475455174
1.61592505855
-0.905082385704
-2.06818181818
-1.12359550562
-1.11111111111
-0.420447001549
2.26295541978
0.568957669549
-0.565738854945
-0.135593220339
-3.08804204993
1.19680851064
2.10454854039
-0.696629213483
-1.11111111111
3.30578512397
1.89473684211
-1.58839779006
-0.137931034483
-1.69491525424
-3.80434782609
3.65029292474
-3.184991274
-1.60978750805
-0.872340425532
-1.96078431373
2.54545454545
1.08108108108
-1.34385665529
2.46994535519
-0.283347863993
-0.8
-1.59574468085
1.11876075731
0.540774388925
-3.6875
0.650031453135
0.526981450253
1.89003436426
1.63719711853
-4.18322526668
-2.42857142857
2.14717531791
4.01127493495
2.35241899689
-2.27716330514
2.74064171123
-3.35917312661
3.2
-1.91804707934
-3.53238015139
8.09090909091
1.14942528736
-2.48823133826
1.66362807657
1.15260488704
-5.18032786885
-0.80225498699
3.06145251397
-1.64835164835
1.29118432769
0.0
5.07602339181
1.78571428571
-2.05223880597
0.374531835206
1.71428571429
-3.31491712707
-1.27272727273
2.92397660819
-2.28571428571
2.94117647059
-1.23169881478
-0.139243443955
-1.64346039717
2.26423902894
0.657894736842
1.33333333333
-2.64255910987
-0.0463392029657
5.75839255085
2.33199598796
-1.06673282064
-0.469135802469
-1.21951219512
1.86335403727
-1.97272284462
-0.773320444659
0.315151515152
-1.6452074392
2.24280838615
0.244379276637
-3.71764705882
-4.08485669149
0.430643699003
1.42528735632
0.578034682081
-1.00709544518
-2.73820124666
1.51412429379
0.0
3.50877192982
-4.46927374302
0.291349170775
3.47866419295
-3.10112359551
0.861287398005
-1.12057373375
4.69263256687
-2.44907301442
-2.78148642635
2.72
1.74418604651
-0.875979714154
-4.40722785368
5.53488372093
-4.31686693369
-0.96959012781
2.85584768812
0.546946216955
1.59759203519
-0.712643678161
0.717758740449
-0.985786336543
-1.97752808989
-0.69180986387
-1.2560599383
1.7032720753
1.13327289211
4.57454373074
-1.44825975239
-0.580585229912
-0.577233895174
0.720930232558
0.0
-1.14942528736
1.16279069767
1.63082013708
-5.72638146168
-0.266666666667
-1.35905304691
2.9564432408
1.86206896552
-1.56143923965
-0.696629213483
2.58183494698
-0.138121546961
-0.137931034483
-0.275103163686
-0.863636363636
-3.95110237939
0.548726953468
0.264084507042
-2.27956989247
-1.98145025295
2.28546787408
9.12941176471
-4.23614240649
-0.693667487134
-1.23756906077
-1.09289617486
-0.54347826087
-0.260190806591
5.8769513315
4.18560153073
-1.34497404436
1.19388729704
-3.1676300578
2.22169699835
3.19512195122
-1.06177606178
-0.599664188055
2.30674846626
-0.899805447471
-0.628322861286
-1.75688509022
-1.7723880597
-0.139729855612
-3.37533753375
0.293387497179
2.33256351039
-2.21318879855
-1.926910299
-0.132714001327
0.690423162584
-1.85792349727
-0.218102508179
3.03370786517
-0.558659217877
-0.643872113677
-2.34171725932
2.42060848323
-0.37610619469
2.14689265537
-2.23155103844
0.869177624248
0.13389868333
-0.620980261699
0.602409638554
-0.950276243094
0.0884760008848
0.466666666667
2.04081632653
1.12359550562
-0.501939310974
1.69373549884
2.74135876043
-0.119047619048
-1.06007067138
5.20446096654
1.12781954887
2.30769230769
1.1673151751
3.1576130586
-0.61170212766
1.02095647501
3.44635908838
0.869077656294
-4.95603517186
-3.12338668043
-3.10155077539
0.125219133484
-0.150037509377
-2.34432234432
5.13478818999
-0.179395181958
-1.83647798742
-2.57352941176
-0.681596884129
-2.12056230641
2.36585365854
2.5
-1.7199017199
-0.488997555012
-3.56048101863
3.69193154034
2.76381909548
-2.35525024534
-0.585365853659
1.18460019743
-0.953312148619
-3.74117647059
-1.43784786642
-0.415704387991
-0.733608436497
0.995600833526
2.22485207101
-2.78416935113
-0.708247658213
-0.54533060668
-0.989876265467
1.62322816644
1.72093023256
-0.715770030016
0.791249709099
-3.69789332138
-0.312779267203
-0.200668896321
0.201072386059
1.6348773842
1.1251435132
1.4678471575
2.53225035834
-2.74163568773
-0.37037037037
0.722779202611
0.186872226115
-1.51828847481
1.21071012806
0.233372228705
-2.05714285714
0.551597333946
0.927858965437
0.41928721174
0.632911392405
-1.36416184971
1.45437485339
-1.36510874595
-1.77272727273
-1.12359550562
-0.824604412748
4.86094881982
1.83246073298
-0.450130300877
1.53957180659
-1.37603795967
5.24344569288
-2.0782396088
1.137487636
1.71026156942
-0.724094881398
-2.67314702309
0.833129135016
5.04504504505
3.32446808511
-2.15977101223
1.47874306839
-1.84033177812
-5.92538405267
-0.291757840992
-0.700144857557
3.34331337325
0.551931761164
-0.598503740648
0.275068767192
0.376506024096
-0.648379052369
-2.71712760796
0.194457948469
0.981836033382
0.0
0.991571641051
0.19870839543
0.399002493766
-1.59509202454
-0.851581508516
0.415343268996
-0.340881421963
-0.339723368115
0.0485554746298
-1.34131736527
0.821057715528
1.89468503937
-0.0983284169125
0.0
-1.57270747641
0.927960927961
1.99252801993
1.38888888889
3.39425587467
-0.0261028452101
-0.725576574242
-1.90645653279
2.31469440832
3.91891891892
-3.06523447734
0.0786575773466
0.899470899471
2.10696920583
1.31362889984
2.06703910615
-0.638356924785
-2.56895619254
-4.07263294423
-3.01886792453
-0.872817955112
-2.43309002433
-0.963855421687
0.606060606061
0.560702096538
-1.84254606365
1.92682926829
0.638193421699
-2.41916167665
3.70094386488
-1.4684287812
-1.23277737491
0.656934306569
-1.32052821128
-0.501672240803
-1.11032364753
-1.55813953488
0.820633059789
-0.721601489758
-0.116252034411
0.725995316159
0.305379375147
0.282685512367
1.31264916468
-1.96537201685
1.27962085308
0.571973307912
-0.827227605767
0.403417180826
-0.378250591017
0.40351293615
0.166428911079
-1.22123062471
0.471920717319
-0.63305978898
-0.187222092207
-1.04214914312
0.0
-1.03140041256
-0.0458190148912
-0.569476082005
0.688073394495
0.996062080148
-0.712971481141
0.392519048719
-0.869764248112
0.575506445672
-0.206753962784
0.461573967228
0.533642691415
4.25737784228
2.45353159851
0.273359840954
1.87341772152
0.152129817444
-2.20679394991
-0.762795275591
-1.11922141119
-0.724637681159
0.975609756098
0.56414029924
0.369276218612
0.669144981413
-0.123762376238
1.38017565872
-0.125313283208
0.503778337531
0.761421319797
-0.755667506297
0.277847941399
-1.14856429463
-2.34089246525
1.00985221675
0.197433366239
0.272209849047
0.447427293065
0.249190132071
0.0748129675811
-1.71568627451
-2.39234449761
0.722891566265
-0.479616306954
0.312725523214
1.43972669595
-0.654545454545
-1.00791936645
-1.13879003559
2.43013365735
-2.00047630388
1.69532574473
3.07039440839
-1.57248157248
-0.513321926179
-0.65565808645
0.2190313945
0.710784313726
-0.754074434444
1.55632411067
-1.14774114774
0.862068965517
-1.24057406957
0.710436060755
-0.487567040468
-0.557575757576
0.7080078125
-1.6330451489
-0.596801145858
3.17733990148
0.14800197336
1.40070035018
-0.0749812546863
-0.0998751560549
0.501882057716
-0.499375780275
0.250312891114
-3.43243896543
1.74618789966
-0.171863491284
1.62175648703
-0.174346201743
-0.88866946433
0.771144278607
0.650976464697
0.0501002004008
0.45294413689
-0.922463226128
0.501127536958
-0.225
2.5641025641
2.63157894737
-1.22173121913
-0.594315245478
-1.62684290798
1.13110539846
-0.99261898702
0.74358974359
-2.25563909774
5.41611624835
-0.968079539508
1.11111111111
1.8593371059
1.11716621253
0.575500137024
-2.8746340165
2.2034820457
1.35097877033
-0.220082530949
-2.96316070475
0.2408348943
1.68707482993
0.547195622435
2.23776223776
-3.82028517622
1.83561643836
0.773053561568
-2.02867189613
-1.070377308
2.41161962181
1.87046342825
-3.42410353195
1.81169365907
1.47632311978
0.0
-0.828729281768
2.00056353903
2.01207243461
-0.854944428612
1.21142197866
0.202312138728
3.49985043374
-3.32562174667
-1.36908157444
3.39132999115
-1.71014492754
-2.4045261669
3.60492379836
-2.56996002284
-0.905489530277
0.0
-1.96948682386
-0.4418668876
1.28671328671
-0.914634146341
6.02409638554
-0.700320980449
2.05479452055
-4.05714285714
-4.7619047619
5.0
3.24483775811
3.35365853659
0.923076923077
-5.49578365804
-0.0581226387678
3.95770392749
6.67096358363
-4.81595092025
1.24223602484
11.8832522585
0.805604203152
-2.42652084757
4.57469621158
4.32513049963
3.47222222222
-0.499040307102
-6.59734671925
-0.641254007838
-4.71826205024
-4.5056726094
-1.02662816811
-3.64760432767
2.69841269841
1.94174757282
3.86554621849
-2.29885057471
-3.85222608147
-4.4933655006
1.99938480468
-1.06512477176
3.39836375079
-3.98791540785
-1.45876749032
1.4190821256
-2.78837687115
1.12793113684
-1.54880187025
-2.00458190149
1.10017371164
-0.0289435600579
3.94103489771
0.392630625189
0.914355379457
-0.816203143894
5.75447570332
-3.09789343247
1.09614782336
3.83739837398
0.424559111692
-1.0662358643
0.32414910859
3.00500834725
0.604635539133
-1.4238410596
2.33819044392
0.203735144312
1.3769363167
1.07863604732
0.349162011173
2.28571428571
-4.43686006826
-3.14049586777
5.84324702589
-1.51619572708
-4.85245901639
1.70056685562
1.18083670715
3.81786339755
0.883392226148
-4.7138047138
1.53846153846
-2.43495663776
-0.563847429519
-2.52182347236
-2.70525322428
-0.376057662175
-2.56488549618
-2.20961481039
4.16796267496
2.71565495208
0.870125684821
1.5047432123
-4.16927899687
1.0773130545
0.992
-2.49609984399
0.881334592383
-1.15121344119
0.280811232449
-1.74739423666
-3.03210463734
0.178677784395
-0.856214939474
2.20277610139
-1.28090557045
2.9754601227
-1.36157337368
0.0
0.39489671932
-0.242424242424
-0.271985494107
0.272727272727
1.94624652456
2.40430243594
-0.628733102798
0.505529225908
0.380589914367
0.73482428115
0.384862091084
0.775694893342
0.781758957655
-0.967741935484
-0.736471341659
-1.57579577687
0.379626700411
1.57455012853
2.03278688525
-1.77133655395
1.87007874016
0.660501981506
0.598006644518
-1.27910790423
-2.15019255456
-0.70108349267
4.53031312458
0.77207116482
-3.3106134372
0.785083415113
-3.04471931494
-0.786658275645
-0.6875
1.16977552956
2.36245954693
-0.770712909441
1.1038961039
-0.323624595469
-0.386847195358
1.87192118227
1.6694490818
-0.299600532623
-1.50819672131
-0.683816346467
-0.967429861335
2.51239669421
1.47601476015
-0.633333333333
-1.80032733224
2.82733086503
-2.14097496706
-0.230036148538
1.97721179625
0.539083557951
-0.335795836132
1.63822525597
-0.913087588772
1.3018156903
1.53043478261
0.630031501575
0.0350140056022
-2.85714285714
1.06565830182
1.57122905028
-1.03662750518
0.906555090656
-0.0348553502963
-0.726643598616
-1.70068027211
-1.40845070423
1.53217568948
2.54888268156
-1.88420692018
-0.680503572644
-1.96797865243
2.32081911263
1.03448275862
-0.548696844993
-0.409836065574
1.13989637306
-2.52525252525
-1.06595602931
-2.50081195193
-0.0324675324675
-3.62953692115
3.13004194902
-3.15625
0.914538000631
-0.251651462724
-0.0628733102798
2.08600770218
-2.28911884603
-1.81650246305
0.557275541796
-1.5243902439
0.923076923077
0.494743351886
2.01892744479
-0.126023944549
0.729927007299
-1.89912826899
-0.279416330332
2.71045918367
0.0
-0.759493670886
-0.691389063482
2.15088282504
0.516295579219
2.04148831083
-1.07491856678
-0.324675324675
0.162601626016
-0.774443368829
-1.77496038035
-1.12817298652
-0.405742821473
0.596546310832
-0.156739811912
-2.29709035222
-1.8045112782
-0.120156203064
0.240891297802
-0.954369221593
-0.238024397501
5.69182389937
2.25080385852
-1.26984126984
-2.05223880597
0.878293601004
-0.281513919299
0.692913385827
1.50255754476
0.838168923275
0.0322476620445
-2.14578731461
-2.19135802469
-1.06870229008
-1.02750075552
-0.241181790775
-0.420294205944
0.0901442307692
-0.715990453461
1.33010882709
-4.39306358382
-4.36705362078
0.360610263523
1.26404494382
0.0843407365758
0.537026568683
-0.0564971751412
0.198131899236
-1.86111111111
2.85714285714
2.48901903367
-1.10049232551
-0.34632034632
1.22699386503
-0.494186046512
0.262314194112
0.263004091175
1.66369578134
-1.57894736842
1.06382978723
-0.0590667454223
1.52923538231
1.80097680098
-1.88679245283
2.61216963737
0.339192106075
-1.51837230489
1.16743471582
-1.48305084746
0.793166564979
0.644765121277
-2.45582509733
0.089928057554
2.08078335373
-1.17931660115
1.75384615385
0.154083204931
-1.4875531269
-0.090991810737
0.182315405652
0.121691512017
4.15082382763
1.44648023144
-0.986632718014
-0.15888147442
0.639590661976
1.72413793103
3.18898959382
0.812182741117
-1.07130900569
-0.466511162946
0.33433634236
0.335457900034
-0.367647058824
-1.77281680893
-1.36010362694
0.915032679739
0.294985250737
-3.05052430887
-0.662878787879
-0.28328611898
-0.219849246231
-0.188087774295
0.125549278092
-0.40637699281
-0.373715353472
0.1872074883
1.90779014308
0.995504174695
-1.45569620253
2.26537216828
1.21192269898
-0.098167539267
-1.06830689544
1.67873601053
-1.36363636364
-0.805152979066
0.877192982456
0.0975609756098
0.326264274062
-0.0326157860404
-0.968992248062
0.682926829268
0.260841212912
-0.680051813471
0.915032679739
-0.906735751295
1.04712041885
-1.41935483871
-1.5873015873
2.87393860222
-1.25765881974
0.551232166018
-0.419761059089
-1.68253968254
0.735529261273
1.26295336788
-2.27848101266
-0.0316355583676
0.508744038156
-0.631911532385
-0.659133709981
0.28328611898
0.921219822109
-1.00628930818
-1.85185185185
-3.13901345291
-1.8485915493
0.0293513354858
-0.321825629023
-0.697269029634
2.2882615156
1.41651597348
-2.09501327825
0.325636471285
-0.147797812592
0.774501042598
-1.7559262511
0.411401704378
0.235640648012
-1.22199592668
0.497076023392
-0.668022073773
0.116312881652
0.850439882698
-1.67243367935
0.813953488372
-0.116144018583
-0.462427745665
0.727802037846
-0.261324041812
0.496060694485
-0.0874635568513
-0.63731170336
-0.576036866359
-0.0863309352518
-0.714285714286
-0.199600798403
-0.735918482876
-0.618846694796
-2.60273972603
0.0548245614035
-0.842620277249
0.932784636488
1.08153078203
1.26368997473
1.3375071144
-0.0284495021337
0.947731188972
-0.514285714286
1.36113524471
-3.08728599495
-1.41117874931
0.0
-1.90010857763
1.7679558011
0.976290097629
-2.34268591664
0.2184002184
-2.08500400962
-0.79554494829
-1.46328717011
-0.338541666667
-1.1583011583
1.99527435022
0.131440588854
-0.288335517693
1.11317254174
0.936329588015
-0.980132450331
0.908847901631
0.348712446352
0.0268312315535
0.59379217274
-0.322841000807
-0.214765100671
0.323188796122
1.30968622101
-0.677506775068
0.682128240109
-0.838744588745
-1.0971367407
0.538068334678
-0.906424953346
0.563002680965
2.55705251581
3.20658342792
-0.141683196373
0.972818311874
-1.32693393563
1.4899713467
0.576368876081
2.20913107511
0.741839762611
-1.28881077914
-0.117027501463
-0.378898280385
0.058326042578
-2.08452312964
-0.341491178145
0.256776034237
-1.51728013487
-1.13888888889
-0.359811790756
0.921787709497
0.364451920381
0.196629213483
-0.196243341744
0.791183950268
-1.17285674393
-4.09748259239
-0.744284954811
0.10643959553
2.39782016349
-0.542005420054
0.985221674877
0.329489291598
0.358225406448
-0.411635565313
1.5607580825
0.871520944616
-0.531319910515
-1.27001656543
-1.06528270964
-0.0546000546001
0.218878248974
0.522552255226
1.0
0.250626566416
0.560067208065
0.875706214689
-0.561797752809
0.281690140845
-0.14064697609
1.08046630651
0.802522212668
0.229819017524
1.04499274311
-0.834772596431
-0.429922613929
-1.4406779661
0.169779286927
-0.310296191819
-0.811415780638
0.534458509142
-0.196518809657
-1.11049416991
-0.332042058661
0.86519676249
0.476724621425
1.45092460882
0.170988885722
-0.369108461102
-0.141763538418
-0.451594693762
0.653409090909
0.859598853868
-0.171624713959
0.430910657857
2.92726197516
-0.704638872578
-0.815375655213
0.175029171529
1.03153551429
-0.0294637595757
0.206672571597
0.444839857651
-0.648202710666
-0.176470588235
1.13027959548
-1.58079625293
0.441046750956
4.38919582566
0.617665225448
0.840859545313
-0.680482523972
1.03125
-1.56874807751
0.650154798762
1.76433522369
-1.1214953271
1.51802656546
-0.970873786408
-0.0938673341677
-0.745341614907
-0.770416024653
0.154320987654
2.36966824645
1.50737652341
-0.0641025641026
-0.889453621347
-0.912810827825
1.0817690105
0.898876404494
-0.796178343949
0.06373486297
-1.47566718995
1.17534942821
-0.819155639572
0.284360189573
0.380589914367
-1.19084926355
-1.23800680904
-1.04134762634
1.11489625271
-1.16314661769
0.989180834621
-1.07033639144
0.460829493088
-0.580329871717
-0.0915471467806
1.01726263872
1.82046453233
-0.840336134454
0.0311332503113
0.847723704867
0.220264317181
0.189155107188
2.35559858019
0.323729362253
2.28476821192
0.90210491146
0.910316925152
0.135043889264
-1.52925531915
-0.331345261763
-1.37254901961
-1.19470455279
-1.05431309904
0.0319590923618
0.35279025016
3.96798932978
0.637583892617
-1.68261299901
1.50703281983
1.04906937394
1.61623108666
2.0350877193
-1.72413793103
0.0
2.47349823322
-0.492264416315
2.52343186734
-0.143988480922
-1.94140487116
-2.44490358127
1.14942528736
-0.829015544041
0.520833333333
0.348432055749
-2.5466893039
1.34205092911
0.937825633901
1.33755719817
1.50053590568
1.89297415362
1.17863720074
-1.09289617486
-0.615496017379
1.0980966325
-2.39371204001
0.79222182211
1.98310686743
0.591060214259
0.631970260223
0.410600970511
-1.36229749632
-0.622027076473
-1.58444364422
-1.6294721927
-0.808151791989
2.04374327716
2.49908122014
0.0367647058824
-1.09090909091
0.474972597735
1.03359173127
-0.257731958763
-0.622027076473
-3.49576271186
-2.27743271222
12.5436893204
6.01070399341
-2.72326792151
-3.77649325626
-0.460299194476
-1.62264150943
-1.63325909428
-1.17388114453
0.925583117364
0.446262551134
1.66351606805
0.0
0.685192234488
-0.076074553062
-0.0380228136882
-0.52950075643
1.10898661568
0.461006530926
2.76352151599
0.316831683168
-0.197628458498
1.68810289389
-0.400320256205
2.04248366013
0.906842539159
-1.34200894673
0.0
-0.364667747164
1.35523613963
0.78642384106
1.25733445096
-0.872455338596
0.669176076955
-1.32067684688
-2.72982737856
-2.50489236791
1.99600798403
0.0
-0.397614314115
-1.29513343799
1.03092783505
1.08216432866
-0.438946528332
-6.49253731343
0.789770590448
1.06423413151
-0.340909090909
-1.71258376768
2.16812476227
-1.20255543029
0.0
0.0752162467093
-0.96834264432
-1.21412803532
1.56950672646
0.074794315632
-0.0373831775701
1.47951441578
-0.640784018093
0.912894636744
0.921305182342
0.153787004998
0.696864111498
0.46674445741
1.14083398899
-2.38095238095
-0.496752006114
-0.228745711018
2.30109204368
-2.47242297452
0.0761324704987
0.458891013384
0.848438102584
-3.60594795539
0.148920327625
-0.148698884758
1.12781954887
0.529100529101
-1.5625
-1.46627565982
-0.619307832423
-0.9382894262
0.398550724638
0.656455142232
2.466367713
-1.79816513761
0.110213078619
0.702922678505
0.445930880713
-0.037147102526
0.861745972274
-1.76665439823
-0.875592849325
-0.327272727273
-1.18577075099
-0.0718132854578
0.869250271641
-1.28709331427
1.12075198843
0.0361663652803
0.0723850886717
-0.825556353195
-1.31066241587
0.106382978723
-0.84388185654
-0.974930362117
0.489853044087
-0.625869262865
-0.277392510402
0.592954307639
-0.795847750865
1.94003527337
1.61290322581
-0.958466453674
-0.106382978723
0.858369098712
-0.17850767583
0.178826895565
1.12115732369
0.435888122049
-0.541907514451
-0.75295804948
-1.76118351532
-0.140696447415
-0.594405594406
-0.625434329395
0.0695410292072
0.524292205523
-0.625217089267
-0.38062283737
1.33239831697
1.56695156695
0.645161290323
0.215517241379
0.942712110225
1.77121771218
0.184842883549
1.04594695555
0.0747663551402
-1.43699336772
0.0737463126844
0.184706316956
-0.587587219978
-1.34057971014
0.108813928183
1.17431192661
-0.474799123448
1.18255728012
1.76758179767
0.339622641509
0.302800908403
0.685975609756
-1.72284644195
-0.261486738887
1.01886792453
-0.525525525526
-1.1135857461
0.0371333085778
1.24060150376
1.33333333333
0.152613506295
-1.83520599251
1.17468738158
-0.189107413011
1.07033639144
-0.152671755725
0.575815738964
-0.420489296636
1.08191653787
1.2915851272
0.749211356467
1.07612594659
0.119712689545
0.763972657821
-0.0803535556448
-0.836653386454
-0.159108989658
-1.33437990581
0.711462450593
-0.1184366364
-2.0873598763
-1.63498098859
-0.792153904187
0.683630839347
-0.0379650721336
1.3856812933
-0.192086054552
1.28404669261
-0.772200772201
1.171875
0.787401574803
0.355590675622
0.237623762376
1.52794531564
-1.27034537515
1.57258064516
-0.241351568785
-0.91669988043
0.48057669203
-1.26532226176
0.198098256735
1.77419354839
0.608519269777
1.06601066011
-0.245398773006
0.617283950617
-2.17391304348
1.38775510204
0.740131578947
0.829187396352
-0.0414421881475
0.66750104297
9.45205479452
3.05882352941
0.758653390232
-0.518867924528
0.664767331434
-0.189573459716
-1.86046511628
-1.10395584177
0.881670533643
-0.231481481481
-1.23456790123
-1.75202156334
-0.0449034575662
1.64308534916
-1.12815884477
-0.2251238181
-0.980829246545
0.808988764045
1.64458656921
2.43331773514
0.0936768149883
-1.15740740741
-0.64397424103
1.68381665108
-1.20147874307
-0.138440239963
0.370541917554
0.55891942245
1.27358490566
-0.841908325538
0.37558685446
-0.234192037471
0.993377483444
0.189573459716
0.571973307912
1.84466019417
-1.62368672397
-6.14074406096
-2.36323851204
0.263273365511
0.930026572188
-7.15460526316
1.33333333333
-0.166389351082
-0.0831255195345
0.417362270451
1.39652983496
0.127118644068
0.639658848614
0.557461406518
-1.93439865433
-3.13645621181
-0.122050447518
-1.08651911469
0.0
1.67757774141
-1.25252525253
0.691619202604
-0.364815565464
1.60626029654
1.16666666667
-3.88466159391
1.05220558478
-0.723182000804
1.22000813339
-0.966572694321
-0.878243512974
-3.61677568295
0.192752505783
1.01246105919
-1.42034548944
1.04732350659
1.97784810127
0.757273814269
-0.357426528991
-4.51270383011
0.113895216401
2.57009345794
0.390930414386
0.313725490196
-0.42951971886
-0.77489345215
-0.0387296669249
0.702028081123
-2.10003818251
0.191277735272
-0.872203261282
-0.864661654135
1.56548300878
-0.26656511805
0.767459708365
-1.06302201974
1.3856812933
-0.801832760596
0.076423385556
-0.0763650248186
0.421779141104
0.423565652676
0.0
0.0770712909441
-0.383877159309
-1.28836680561
-0.302228938421
0.608133789434
-0.340909090909
0.917431192661
0.53804765565
0.813638124758
1.81459566075
0.435816164818
0.15873015873
1.12359550562
-0.796178343949
0.0796812749004
-0.278108859754
0.318852132324
1.6200891049
0.162271805274
1.23203285421
-0.28665028665
-0.326530612245
0.245499181669
-1.96550340955
0.44319097502
-0.521042084168
0.32167269803
0.322710770472
0.283171521036
-1.00120144173
0.442477876106
-1.85550730359
0.835987261146
-0.238284352661
0.0397298371077
-0.198255352895
-0.747737111373
-0.509005481597
0.117600940808
1.87699680511
0.927045546151
1.26530612245
-1.56689433507
-0.0401606425703
2.59579728059
1.59062369192
0.293870696893
0.421585160202
-1.12546894539
0.629194630872
-0.041928721174
-0.625
1.78117048346
-0.338123415046
-1.00418410042
-1.1988424969
1.04427736007
0.419463087248
-0.292764533668
0.209555741827
1.40246493838
1.03048518678
1.08506944444
-0.302899177845
-1.78495537612
0.426803243705
1.60450997398
0.479302832244
1.14587924196
0.176600441501
0.0441696113074
-1.60799652325
0.921052631579
-0.436681222707
-1.46299483649
-0.97997443545
-0.466497031383
-0.422297297297
0.0
0.0
-0.795978215333
1.61770966369
1.33735979292
1.35548753826
2.00713648528
0.0446229361892
-0.752878653676
-3.09012875536
-1.72922817377
-0.503566932438
-3.87252924566
-0.68108974359
-0.597371565113
-2.10526315789
-1.7617770969
0.461716044633
0.0
1.48379539242
0.392003136025
-1.8090839107
-0.268714011516
-0.420489296636
0.038240917782
0.693107431652
0.580945003873
-0.996932515337
-1.21212121212
-1.30841121495
-0.925925925926
-0.184842883549
1.53903903904
-1.26019273536
-0.589535740604
-0.367107195301
0.0367242012486
-1.12563543936
-0.217391304348
-0.468806346917
0.616835994194
-1.43061516452
0.431034482759
0.4329004329
0.983606557377
-0.507430228344
-1.04017216643
-1.30973451327
0.212841433132
-0.0354609929078
0.570613409415
-0.426136363636
-0.141843971631
-0.948366701791
0.921658986175
0.177556818182
-0.670194003527
-0.176056338028
-0.035198873636
0.388692579505
-0.211565585331
0.176616036736
-0.35198873636
0.282386163078
1.21471954269
0.322580645161
0.904159132007
0.326560232221
0.989373396849
-1.30198915009
0.217470097862
-0.253073029646
-0.21645021645
-1.35231316726
1.51734104046
0.0
-0.18031013343
1.72413793103
-0.619759387532
0.549853372434
0.220426157237
0.0735294117647
2.06378986867
0.414468726451
-0.562008242788
0.527306967985
-1.63023341979
-1.09930377428
2.51690458302
3.01857585139
0.50563982886
-0.695249130939
-1.37142857143
-1.05540897098
-0.859491778774
-1.65380374862
0.591497227357
0.371057513915
-0.553505535055
0.780959464485
-0.296625880608
-0.295748613678
-0.0738825267824
-1.5278283012
-1.32806891601
11.8875502008
0.322320709106
0.0806451612903
-0.241351568785
-1.23162495034
0.0795228628231
-0.0794596742153
-0.866482867271
-0.66510172144
-0.312012480499
-0.735578784359
-1.41221374046
-0.0381533765738
0.537015726889
0.385059684251
0.154261473197
-0.841300191205
0.306866129651
0.656370656371
-1.48345378471
-0.341167551175
0.304182509506
0.535168195719
-0.038211692778
-0.114503816794
-0.98261526833
-0.675675675676
-0.485618229361
-0.446262551134
-1.03054839897
-0.183688464364
1.00185528757
2.19946909367
-1.67785234899
1.74506828528
0.266260935717
0.88257866462
-0.153256704981
-0.533536585366
-1.42749812171
-0.671641791045
-0.297619047619
0.186358553858
1.16892911011
0.302571860817
0.227445034117
0.610221205187
-0.644183402804
-0.71482317532
0.188465887674
0.874524714829
0.0
0.882240122746
0.773096250483
0.975800156128
-0.851393188854
2.78440731901
0.721153846154
-0.319488817891
1.00847115772
0.364372469636
-1.9452163557
-0.316580925999
-0.550964187328
0.0
0.118203309693
1.76423416199
0.321802091714
-0.520208083233
0.0
-1.45899053628
-0.704776820673
-1.19922630561
0.2326483133
0.506625097428
-0.0389559797429
0.706159278148
1.23113582208
-0.90515545061
0.593824228028
-0.315706393054
-1.28554733152
-0.542425416505
-0.116099071207
-0.615384615385
0.0
-0.153609831029
-1.5873015873
-0.787401574803
-1.00222717149
0.148698884758
0.448095593727
-1.07129663835
0.37078235076
2.35294117647
0.764818355641
-0.645896656535
-1.49700598802
0.413378429162
0.566893424036
-0.48890560361
-0.0375939849624
-1.00483810942
-0.775480059084
-1.09569028488
0.109689213894
0.699558173785
1.34328358209
-0.887573964497
-0.697759823724
0.479704797048
-0.805270863836
-0.146198830409
-0.291545189504
0.072939460248
0.18268176836
0.109729334309
0.219941348974
-0.908100254268
-0.10885341074
0.547245530828
-0.291014914514
-0.686416184971
0.581395348837
0.879765395894
1.82904068682
1.90186382655
-0.867269984917
0.568828213879
0.995787054768
-0.910815939279
-0.151572565366
-0.302228938421
0.799695354151
0.190766882869
1.94476857254
-0.810185185185
2.12765957447
-0.0787401574803
-0.742477530285
-0.0780944943381
-0.0780335544284
0.234649980446
-0.62184220754
-0.30995738086
-0.34749034749
-0.0771604938272
0.15455950541
1.17279124316
0.510805500982
-2.04003079292
0.270165959089
-0.651840490798
0.462249614792
3.3028253084
0.560224089636
0.361445783133
-0.519376747903
0.562474889514
0.44390637611
2.60869565217
1.5132408575
0.126262626263
1.06337728626
-0.507829030893
-0.922431865828
1.44619310932
-2.48859394442
-0.985626283368
-1.05648110524
1.94697597349
0.625260525219
0.418585182085
1.31467345208
0.212494687633
0.598546387345
-2.29741019215
-0.95159288374
-0.288778877888
-1.66328600406
0.121852152721
-0.485044462409
-0.080775444265
1.18512464242
-0.810701256587
0.488798370672
-1.16747181965
-0.956937799043
1.49736948604
0.365556458164
1.52577319588
1.21035058431
-0.950806118231
0.0
-0.16508460586
-0.247015232606
0.663075010361
-1.67074164629
-1.36655948553
1.46818923328
-0.284668564457
0.696150696151
0.742574257426
-1.38323840521
-0.686868686869
1.30986492018
-1.69014084507
-0.360866078589
-0.558213716108
-0.869565217391
-1.09460516028
0.510805500982
-0.352388410337
0.0
0.353634577603
0.752177355503
1.04
1.50223304913
0.325865580448
0.040749796251
1.95263813876
0.208159866778
-0.12474012474
0.291909924937
-1.27624536846
-0.082270670506
-0.815993472052
0.245398773006
-0.65014221861
2.75574112735
1.18293198141
0.0
-1.08650229837
2.61578044597
0.908697533535
1.226456417
-0.825369244136
-2.25053078556
-0.254129606099
1.37398024903
-0.427533133818
2.99427564949
-0.044014084507
1.65548098434
-2.74151436031
3.04932735426
-2.53496503497
-2.38907849829
-0.677966101695
-0.673400673401
0.891719745223
0.3408606732
-2.12677231026
-0.786098469177
-0.94262295082
0.123102174805
2.26605119597
0.0839983200336
0.719120135364
2.33766233766
0.565955594253
-1.71159606333
0.429737859905
0.21533161068
-0.0860585197935
-0.385769395628
0.560344827586
1.22164048866
0.0873362445415
0.74791025077
-0.785683107813
-1.164797239
1.53307052124
-1.72191132157
-1.0225820196
-1.88127090301
-0.664451827243
0.249791840133
0.208594075928
1.61085205596
0.811965811966
1.91637630662
2.04444444444
1.21457489879
-2.75590551181
-0.824295010846
1.94604157452
-1.65289256198
-0.819672131148
0.34632034632
-1.11301369863
-0.974989402289
-0.169276343631
2.9181184669
1.63789287295
-0.352889280988
1.65919282511
0.45045045045
-2.1164021164
-0.263852242744
1.29175946548
0.537393640842
-0.178810907465
-0.445037828215
0.3125
-0.444444444444
-1.22914837577
-0.219010074463
0.351648351648
0.886917960089
1.2118491921
0.134831460674
0.044964028777
0.861678004535
2.13061602594
1.12412177986
0.945626477541
-2.62430939227
2.06766917293
0.3300330033
2.76162790698
0.34030140982
-2.04761904762
1.8922852984
0.0971345313259
-0.0970402717128
-0.818094321463
0.434992750121
0.632295719844
0.292682926829
-2.05446727186
-2.10477081384
-0.604370060437
0.796626054358
-0.0468384074942
-0.6052141527
2.28571428571
0.526567735759
-0.143403441683
2.29828850856
-0.535019455253
-0.724287783679
-1.84834123223
3.43137254902
-0.341963849536
1.33663366337
2.07175341081
-0.452716297787
-0.798403193613
-1.90895741557
0.988630746416
-0.0494071146245
0.646444554948
-1.614481409
-0.824842309558
0.438596491228
0.48971596474
2.51004016064
-0.250375563345
0.909550277918
-0.602712204922
-0.300450676014
-0.448654037886
-0.0996015936255
0.249625561657
-0.988630746416
0.897755610973
0.199900049975
1.16279069767
1.28008192524
1.03466114847
0.155440414508
-0.515463917526
0.206611570248
0.938477580813
0.894266175697
1.1170212766
0.696304231387
3.95322939866
-0.332963374029
0.445930880713
2.22222222222
-1.0152284264
-1.44524735964
1.23804164322
0.282167042889
-0.281373100732
0.0
2.53894979804
-0.287686996548
-1.75240248728
-1.06263982103
4.13511939429
-0.636574074074
-1.08757870635
-1.46644106035
0.624290578888
-0.732394366197
2.07015526164
-4.3980208906
0.887409872435
0.0
1.23526108928
0.906515580737
0.398179749716
-3.72398685652
-0.706905927134
0.382096069869
1.27142067441
-1.41689373297
-3.77556371264
1.38224348751
-0.423504499735
2.88671023965
-0.917431192661
-1.85381355932
1.12479914301
0.376344086022
-2.00210748156
-3.7037037037
1.44107050952
1.1452368558
-3.17540322581
-0.201207243461
0.811359026369
0.40733197556
-0.707785642063
-0.951427140711
1.68024439919
1.55118924509
0.311203319502
-0.464636035106
-1.92405063291
1.23013839057
1.19294605809
1.04821802935
-0.98598858329
0.837257980115
-0.312989045383
-0.15625
2.8387787895
0.864397622907
-3.29153605016
4.93421052632
0.21978021978
-1.0331702012
-1.23523093448
3.15789473684
1.34755755194
3.72743156669
-4.55808782657
-3.01886792453
2.65633646929
0.333148250972
0.111172873819
-3.48712446352
-0.10718113612
5.7223796034
-4.284164859
-2.6399155227
0.798296966472
-1.10526315789
0.316789862724
7.30878186969
3.03561004086
9.31716656031
3.50066050198
-9.23261390887
-2.62697022767
5.28580208974
-4.1249263406
0.354819633353
-2.47981545559
0.0
3.58422939068
-2.10526315789
3.19855159928
1.09823062843
-8.02469135802
3.66492146597
-3.75139977604
0.846979107849
-0.281531531532
-3.53068984248
8.29411764706
3.8485033598
-2.90628706999
1.56626506024
-1.0137149672
5.93809222994
-5.37955768081
2.76412776413
2.26130653266
-2.27133210559
4.69151670951
7.68166089965
-7.78557753669
-2.30673316708
0.627352572146
-0.808960796515
-2.19111381619
7.52617801047
-4.61922596754
-3.61010830325
2.15119852489
-1.6918429003
-2.24453632605
2.79295689132
-0.60350030175
0.06038647343
-2.12765957447
1.74383644017
-4.20506912442
0.63768115942
0.759345794393
-1.04046242775
0.69848661234
0.880798590722
0.117577895356
-0.526315789474
-1.0989010989
-2.59154929577
0.225861095426
-3.06513409962
0.605726872247
2.02247191011
1.77244139508
-0.906515580737
1.20412844037
0.460829493088
-1.30756111427
2.03016241299
-0.862564692352
-0.628571428571
1.74418604651
-1.60183066362
1.56885531668
-1.37535816619
11.5015974441
-1.07458912769
2.46113989637
2.1164021164
3.7037037037
-2.08193418402
-2.03947368421
4.32395332876
0.48275862069
-2.29110512129
0.883752549286
4.5486851457
-2.15577190542
-1.84300341297
0.480109739369
2.31578947368
0.635593220339
0.926585887384
2.33406272794
3.31574981161
-2.35467255335
3.89908256881
2.99212598425
3.16815597076
5.57461406518
-1.76916596462
-5.04
-1.34175217048
-0.471327572663
0.791765637371
-3.5141329259
2.34558248632
-8.77318116976
-3.57634112792
2.75618374558
-0.771388499299
0.0701754385965
4.01459854015
0.513573000734
-2.7817403709
0.718390804598
-2.38429172511
-0.834492350487
2.42165242165
2.48175182482
0.587371512482
-2.64474624732
1.59767610748
1.62361623616
-1.16703136397
1.48038490007
0.222551928783
-0.516605166052
0.519287833828
1.04947526237
-3.7518037518
-0.287769784173
-1.83615819209
4.19426048565
0.51775147929
3.68098159509
-1.80722891566
0.83523158694
-2.37212750185
0.746825989544
-0.297840655249
0.523952095808
-1.62002945508
-2.86123032904
-2.10084033613
2.65995686556
-1.76553672316
-1.66666666667
1.7667844523
-5.22438044206
-2.2265880812
-0.456323337679
2.19853431046
-1.18499012508
0.596026490066
-0.066181336863
1.88806473365
-0.868983957219
-0.399467376831
2.45566166439
-0.204220558203
-3.29163923634
2.91327913279
-1.46862483311
0.604432505037
1.70765027322
0.895933838732
1.39762403913
1.27388535032
0.569395017794
-3.96445659604
-0.880758807588
4.45859872611
-0.21186440678
-2.88065843621
-2.27882037534
-0.533333333333
1.41987829615
0.40733197556
0.0679347826087
-3.97912589693
0.921658986175
-0.45871559633
1.73333333333
0.671140939597
2.90055248619
-0.617707618394
-0.137080191912
-0.136892539357
2.23932820154
0.633802816901
-3.79403794038
-0.939597315436
-0.798934753662
-0.331785003318
0.735294117647
-1.96592398427
-2.8025477707
-1.07120352867
-1.73374613003
-2.00242718447
-0.842358604091
3.68059887711
1.77777777778
-1.19196988708
0.0627746390458
-0.68578553616
-0.186683260734
1.26023944549
0.506649778341
-1.06516290727
0.314267756128
0.505369551485
-0.189155107188
0.379746835443
0.190234622701
-0.692695214106
-0.625782227785
-2.38240684178
0.862600123229
-2.46394230769
-0.537955768081
-0.416666666667
0.178890876565
-0.533807829181
0.29744199881
0.658682634731
1.9536019536
0.614250614251
1.24378109453
-1.89139719341
1.11042566317
0.247371675943
-1.04039167687
0.553846153846
-0.672371638142
0.925354719309
-1.27892813642
0.612745098039
-1.15081768625
-0.78125
-0.952380952381
2.25197808886
-0.0608272506083
0.243902439024
-1.02595051298
-1.19260584377
1.32930513595
1.47148988351
0.990712074303
-1.5243902439
-2.26460071514
0.53924505692
-0.0598802395209
-1.30023640662
-1.05263157895
1.90703218117
-3.39666090961
-1.64212910532
-0.619020821609
-1.16796440489
0.278862242052
2.98678920161
-0.854214123007
1.79710144928
0.759345794393
-0.811123986095
0.290528762347
-1.93732193732
3.0534351145
0.47197640118
0.355239786856
-0.236266981689
-0.528789659224
0.353773584906
-2.69650028686
-0.740318906606
-0.340522133939
0.0
0.170551449687
-1.95094760312
0.0
-1.37438152831
0.441744892325
-1.36165577342
-0.917431192661
1.20152921901
-1.50618612157
1.86301369863
0.440286186021
-3.6074270557
0.586979722519
0.536480686695
0.811249323959
2.38095238095
1.68918918919
-2.63157894737
-0.436681222707
0.109289617486
-0.54347826087
0.601421541826
-0.651819663227
1.04281009879
-0.437158469945
-1.66577109081
0.0
0.16146393972
-0.10752688172
-0.161030595813
0.377155172414
0.324324324324
1.70423309511
-3.90913893291
1.44694533762
0.322580645161
0.377765785213
-0.802997858672
-0.796601168348
0.319659030368
-2.29047371161
-0.877192982456
-0.564391995895
-2.55
0.300902708124
3.63825363825
1.47679324895
0.583554376658
0.372736954207
-1.15789473684
1.98604401503
-0.16077170418
-0.691857370942
-2.33887733888
3.32975295381
3.2723239046
0.389755011136
0.67264573991
-0.223713646532
0.789177001127
-0.727476217124
0.393258426966
0.451467268623
0.282965478212
-0.338409475465
-1.44524735964
0.222841225627
1.58460667799
-0.78607523863
0.678349349915
0.797720797721
-1.12676056338
0.852272727273
1.61662817552
-0.0577034045009
-0.858123569794
0.749279538905
0.696459663378
0.466472303207
-0.80971659919
1.22950819672
-1.04287369641
0.0
0.290528762347
-0.116076610563
1.89237137788
-1.39941690962
-2.22348916762
-0.397501419648
1.26509488212
1.4585764294
-0.810185185185
0.115874855156
0.64139941691
0.409836065574
1.0650887574
-0.353773584906
-0.644405389572
-0.408401400233
-0.63768115942
-0.231347599769
0.640279394645
0.644405389572
0.470865214832
1.13095238095
0.0595592614652
0.178997613365
0.963855421687
0.728155339806
-2.54287403903
0.535077288942
2.18712029162
-0.423472474289
-1.95729537367
0.837320574163
-1.12359550562
-2.02780996524
0.46565774156
2.6284348865
1.70109356015
-3.17647058824
-0.0587889476778
0.650887573965
2.05314009662
2.22222222222
0.558659217877
1.89753320683
-0.063211125158
3.87393302692
-1.1038961039
1.1826544021
1.06241699867
-0.330906684315
-1.69160702668
0.919238345371
1.60106737825
-1.38157894737
-0.196979645437
3.18428184282
1.65289256198
-0.20618556701
0.206611570248
-2.61569416499
-3.55756791721
0.848010437052
-1.22422680412
0.258397932817
0.0646412411118
1.7094017094
0.728476821192
0.868403473614
0.604838709677
2.90456431535
-1.22950819672
0.687757909216
1.82072829132
0.140252454418
0.210822206606
0.636492220651
-1.04968509447
-2.25718194254
-1.34952766532
0.338524035207
-1.07166778299
0.946585530764
-0.33692722372
-0.201748486886
2.12912087912
-1.15410726409
1.23711340206
0.344827586207
-2.09318028359
1.57750342936
-2.92942743009
-1.63719711853
1.8
-0.596421471173
0.6
-3.1007751938
-5.26315789474
-0.608272506083
1.54416306362
-0.307881773399
-1.09622411693
-0.905250452625
3.5625
-1.23456790123
0.746268656716
0.311915159077
-1.47510755993
1.05590062112
0.436681222707
0.690954773869
-1.11801242236
1.76991150442
-1.0631644778
0.566037735849
-1.18085767557
1.45018915511
-0.314267756128
-2.27272727273
-0.731707317073
-0.364520048603
0.796080832823
-1.38888888889
-1.25223613596
-1.29487934079
0.117855038303
-0.644028103044
-1.10017371164
0.582411182295
0.644783118406
-1.27314814815
0.816802800467
-0.464576074332
1.05633802817
-2.06896551724
1.33954571928
-1.49168100975
0.172413793103
1.33954571928
-0.058207217695
1.65680473373
-1.91526407429
-0.173812282735
-0.690448791715
-0.458190148912
0.460299194476
-0.572082379863
-1.41003948111
0.39637599094
-0.507042253521
-0.280898876404
2.35767682576
-1.5288788222
0.170164492343
0.742857142857
-0.681044267877
0.743281875357
1.21527777778
-1.65054069437
0.861079219288
-1.1350737798
0.974212034384
-0.795906765208
1.2082853855
1.1641443539
0.762463343108
0.353148911124
0.950683303624
-0.883392226148
0.771513353116
0.597014925373
0.903614457831
0.728155339806
-2.07961972668
0.178571428571
1.02224894768
0.36210018105
-0.718993409227
1.21285627653
-0.42270531401
1.59509202454
-2.39520958084
0.0599161174356
-0.179425837321
-0.535395597858
0.238521168754
0.299043062201
-0.238663484487
-1.52761457109
-0.988947062246
0.467562828755
0.175644028103
-0.813008130081
1.11567821491
-0.815375655213
-1.2082853855
-1.02505694761
-0.283929585463
0.686106346484
-0.568504832291
-0.0568181818182
0.62893081761
-0.11422044546
-0.961538461538
-1.72317954419
-0.662617338487
-0.38503850385
-0.872410032715
0.438116100767
0.219538968167
-0.81654872074
0.823271130626
-0.654307524537
-0.217627856366
0.327510917031
0.438596491228
-0.653594771242
-0.487804878049
-0.108283703303
0.599128540305
-0.649350649351
1.81818181818
-0.384193194292
-5.20291363163
1.37130801688
-1.09546165884
-0.673575129534
1.36554621849
-0.62630480167
0.577427821522
0.105097214924
1.06213489113
-1.15485564304
0.0
-1.19294605809
-0.464636035106
0.937988535696
1.58814187401
0.692963752665
-0.740740740741
0.212089077413
-1.97505197505
0.522466039707
-0.260552371027
-2.93373798685
0.559511698881
0.254971953085
-0.355691056911
0.101729399797
1.54958677686
-0.564971751412
-1.71630489652
0.253036437247
2.38341968912
-2.91750503018
-1.48662041625
1.001001001
0.200601805416
0.100401606426
-1.87192118227
-0.2457002457
0.394671928959
-0.53974484789
0.196656833825
0.147710487445
-0.343473994112
-0.778967867575
0.440097799511
0.788565795959
-0.196753566158
-0.635386119257
-1.01596516691
1.02639296188
0.0
-0.146412884334
-0.19483682416
0.637254901961
-0.633219678519
0.686611083865
3.03183425973
-1.73783515392
-0.247647350173
-2.13281628696
-0.96015362458
-0.66762041011
-0.23786869648
2.83757338552
-0.968992248062
1.22609122119
-0.778588807786
-0.242718446602
-1.24640460211
1.21300339641
-1.34035423648
-0.143403441683
-0.285986653956
-0.756859035005
-0.188857412653
0.713266761769
1.6433059449
0.485672656629
0.341130604289
-1.25120307988
-0.574162679426
-0.143334925944
-2.42424242424
1.90023752969
0.238095238095
0.767754318618
0.482160077146
0.0
0.290135396518
-0.33734939759
3.18249627051
-1.71065493646
-0.583090379009
1.93164933135
-0.247035573123
-0.0987166831195
-0.0493339911199
-0.783162016642
0.739644970414
-1.79176755448
2.83864541833
-0.446207238473
-1.84914841849
-0.580551523948
0.339805825243
-0.722891566265
-0.144369586141
0.0
2.71873455264
0.347222222222
0.59880239521
0.2
0.0500250125063
0.401808136615
0.810126582278
0.560081466395
-1.50451354062
0.201005025126
-0.995024875622
0.149476831091
1.31246845028
0.916963830871
1.70984455959
-0.309917355372
0.571428571429
1.26249342451
4.796030871
0.610094287299
3.85944700461
-0.743281875357
4.98199279712
-5.34090909091
3.22580645161
-4.26726558113
-0.279955207167
-2.61723009815
0.163844893501
-0.973499188751
4.40429136081
0.226372382569
-0.0565610859728
-3.0701754386
-0.815660685155
2.39420935412
-1.37287204833
-3.54872881356
0.0
-0.526870389884
0.370174510841
2.43770314193
-1.01876675603
-1.89374013677
1.00956429331
2.95404814004
0.164383561644
-0.436442989634
-0.434546442151
-0.432666306111
1.87327823691
0.498338870432
-0.986842105263
2.24215246637
2.00114351058
0.229226361032
-1.80078784468
0.112676056338
1.08200455581
-2.33592880979
1.69683257919
2.01961915753
-1.47811256396
-2.16907675195
-1.37136588042
-1.13882863341
-2.53699788584
0.371352785146
0.159404888417
0.319829424307
-1.47058823529
1.87265917603
-1.47601476015
0.850611376927
0.427122263748
-1.73137460651
-1.54958677686
2.59671436142
-2.1265560166
-2.82258064516
0.100908173562
2.90758047767
-0.362131401966
-1.02406554019
-1.76056338028
1.11902339776
-2.04285002491
-0.0498007968127
3.82626680455
-2.2738756948
-1.00050025013
1.01061141991
-0.402617010569
1.53295861012
0.513610683102
-0.307219662058
3.00632911392
0.31746031746
2.43902439024
0.0
-3.35254059717
-1.59793814433
-3.33831589437
0.199700449326
0.703871292107
0.252016129032
-1.92782995551
-1.17244748412
1.38682516097
-1.79961089494
0.833742030407
-1.78227360308
-0.479386385427
-1.32450331126
0.523062291964
-0.520340586566
-1.49114631873
-1.0147601476
0.231160425335
-0.916170407696
0.275608635737
1.11472364143
-0.829111008752
0.323475046211
-1.50204824761
0.918695452458
0.787037037037
0.139082058414
-1.14573785518
-0.546946216955
0.182648401826
-0.409276944065
0.686813186813
-0.455788514129
-0.136549840692
0.595238095238
-0.27397260274
0.87517273146
0.230840258541
-0.276243093923
0.416088765603
0.698324022346
-0.463392029657
0.841121495327
0.422336931018
0.947418285173
-0.424528301887
1.19331742243
-0.475059382423
0.1903855307
-0.614947965941
0.427553444181
-1.17370892019
-0.14064697609
1.04216011369
-1.03141115799
0.660689004247
-0.14137606032
-0.65543071161
1.56918687589
-0.70821529745
-0.376293508937
0.188501413761
0.425934690014
-1.6751977664
0.373657169547
-0.418604651163
1.08133521392
-0.467945718297
-0.419384902144
-0.0931098696462
-0.278551532033
-2.13539300318
0.364797081623
0.0912825193975
-0.136736554239
0.274223034735
0.366972477064
0.137804317869
0.184077312471
-0.412465627864
-1.53429602888
-1.51111111111
0.401606425703
-0.0446030330063
-1.01545253863
0.265604249668
0.221827861579
0.669941938365
0.223813786929
1.31519274376
0.272851296044
0.182232346241
0.136861313869
0.320366132723
-0.591446769791
-1.47915732855
-0.623608017817
0.492390331244
-0.975177304965
0.804289544236
-1.10472823685
-1.09265734266
-0.780572419775
-0.0866551126516
0.786026200873
0.526777875329
0.529567519859
0.265486725664
0.983020554066
-0.311804008909
0.133809099019
-0.133630289532
-1.66447656592
0.794701986755
0.265604249668
1.30044843049
-1.50176678445
0.354609929078
-0.0443066016837
0.133096716948
0.759946356728
1.26754187415
-0.225835591689
0.0451875282422
-0.225428313796
0.635208711434
0.777320530407
1.06284658041
0.138824618232
0.0462962962963
-1.41487905066
-0.136736554239
-0.903342366757
0.180995475113
-0.405588102749
0.0
-1.64007092199
-0.221141088014
-0.0442086648983
-0.396301188904
0.176444640494
0.309734513274
-0.571931368236
1.15709835336
0.133689839572
-0.751879699248
0.355082112739
-2.04347826087
0.0
0.56843025798
0.88222320247
0.576752440106
-0.485651214128
0.935828877005
0.447627573859
-1.45566828408
-0.613765892153
-1.38348465197
-2.07451312447
-0.211237853823
-0.546218487395
0.42194092827
0.423728813559
0.940975192472
0.214316330904
-0.681140911026
-1.42677297524
0.506115563054
-1.37271214642
0.417710944027
0.0836120401338
-1.48270181219
0.0824402308326
2.19039595619
-0.377675199329
-0.167574361123
-0.292397660819
0.927487352445
-1.08423686405
-0.249584026622
0.0832639467111
0.966792770071
-0.501882057716
0.928661882651
-0.042194092827
-0.16849199663
-1.12453144523
0.502302218501
0.167714884696
-0.459098497496
0.503355704698
-0.0838222967309
0.336417157275
-0.585284280936
-1.72555464256
0.412541254125
0.580912863071
-0.289615225486
0.415454923141
-0.742268041237
1.89075630252
-0.915903413822
0.0416493127863
-0.620860927152
-1.02417042196
-0.448613376835
-0.929292929293
-0.36231884058
0.0402738622634
-0.520833333333
0.442655935614
-0.758785942492
-0.31847133758
-0.789889415482
-0.118343195266
-0.666144200627
0.472440944882
0.355590675622
0.596184419714
0.15923566879
0.0
-1.75987485334
-0.891472868217
-0.15479876161
-0.768049155146
1.08695652174
0.625
1.62763001191
-0.47412090083
-1.17141741507
0.707825403067
2.25170888621
1.30346232179
0.0
-0.122050447518
-0.526102792392
2.23417459661
0.0413907284768
-0.0413736036409
0.248859394442
0.24948024948
1.0079798404
0.633981403212
-0.838222967309
-1.15990057995
-0.576606260297
-0.287474332649
-0.733795352629
0.163331972234
0.989690721649
-1.70247263883
-0.724346076459
-0.679456434852
-0.278995615783
-0.317838696861
-1.83307332293
0.117141741507
0.195618153365
0.590318772137
-0.897035881435
0.509604076833
0.710619818397
0.595710881652
-0.709779179811
-1.09204368175
1.14398422091
-0.31458906803
1.39553429027
0.0
-0.633914421553
0.397772474145
1.00441944556
-0.757575757576
-3.20339637206
0.232108317215
-0.423728813559
-0.0769822940724
-0.153727901614
-1.70003777862
-1.08370702541
0.904977375566
-0.822737471952
0.450788880541
0.0375798571965
-0.819977636974
1.09269027882
-0.524737631184
0.112570356473
-0.744878957169
-0.555555555556
0.596125186289
-3.10469314079
0.690657942566
0.843108504399
-1.26673905176
1.69304379831
-1.23591421301
0.695461200586
1.3353115727
0.297619047619
-0.957995578482
0.555761393109
-0.037037037037
-0.221729490022
-0.842799560278
-1.51569830386
0.50779833152
0.583728566217
0.109569028488
2.01192250373
-0.702922678505
-1.38635534476
0.146145414688
-0.0730193501278
-1.08342361863
-1.35375846099
-0.177809388336
-0.530597806862
0.28378857751
-0.212389380531
1.10952040086
-0.28551034975
-0.320170757737
0.321199143469
-0.0713266761769
0.178635226867
-1.06044538706
0.640341515475
-0.951374207188
0.78125
-1.53846153846
-0.139664804469
-0.762300762301
0.0693481276006
-1.33424563804
0.688942473303
-0.445816186557
0.20618556701
-0.205761316872
0.171762281003
-2.70721925134
-2.3498694517
-0.0978154548419
0.72249589491
-1.58371040724
0.226757369615
0.91533180778
-1.51320025757
0.420303912059
-0.482625482625
1.56862745098
1.12359550562
0.564971751412
-1.11731843575
4.6783625731
0.588235294118
-1.26409292791
1.07044198895
0.8356545961
-1.06786083362
1.04420466411
0.454545454545
-0.41782729805
-2.21314266258
-0.102040816327
-0.541271989175
1.05982905983
1.00138121547
0.905923344948
-0.277970813065
-1.7747440273
0.652696667812
0.241046831956
0.103412616339
2.58132956153
0.106194690265
3.74586852736
-1.87387387387
0.325379609544
0.655021834061
-2.24119530416
-0.530785562633
-0.387733521325
-0.175932441942
-0.0351741118537
-2.23521320495
-0.0343760742523
-0.240054869685
-0.816326530612
1.03092783505
1.6061452514
0.632466619817
2.70660411404
-1.00035727045
-0.391459074733
-0.28388928318
0.606926097822
0.827933765299
0.28880866426
0.180831826401
-1.14408294601
-0.568787771063
-0.776014109347
-0.316455696203
-1.14702815433
-0.138840680319
0.0694685654741
0.383542538354
0.0
0.666900666901
-2.06256445514
-0.885860306644
-0.237933378654
0.478142076503
0.308324768756
-0.612870275792
-0.575490859851
-0.438153016515
1.50530277113
0.412229474407
-0.885257065032
0.616649537513
-0.511247443763
0.273410799727
0.446275317542
-0.273878808627
0.0685166152792
-0.273317389819
0.826730967964
0.798611111111
1.51568558336
-0.316233309909
-0.24535576586
1.0269121813
0.284090909091
-0.635144671842
1.142041399
0.0714285714286
-0.744416873449
0.391459074733
-0.389932647997
0.71403070332
-1.26894606979
0.353731871242
-0.035360678925
-0.0706713780919
-0.527240773286
-0.767352633415
1.2716354645
-0.701508242722
-0.696621386277
0.244413407821
-1.37741046832
0.693481276006
-0.448740075941
0.590277777778
0.313479623824
0.772200772201
-0.105189340813
-1.24653739612
0.522102332057
-0.55382485289
-0.413650465357
0.834202294056
-0.793103448276
1.32774283718
1.34560906516
-0.176740897844
-1.66840458811
0.174094707521
-2.1465076661
0.651577503429
-2.14765100671
-1.52015862525
-0.819403474271
0.361842105263
-0.912646675359
0.261437908497
-0.0326690623979
0.0
-0.422901756669
-1.632
1.03459424507
0.782013685239
-1.53994225217
-0.287907869482
0.0640204865557
0.871811430417
0.194111937884
-1.30906768838
0.256081946223
-0.44614404079
-1.53749607782
-0.40625
-0.621118012422
0.59356451109
1.10549589387
-0.814536340852
-0.156396621833
-0.46699875467
-0.0622277535781
0.783944810285
0.0313676286073
0.47273873306
-0.314169022934
1.95387572069
-0.159897665494
0.064
-0.919467343056
-0.126662444585
0.765794511806
2.25122349103
1.32231404959
0.0
0.0
0.36496350365
-2.04744881378
0.195376098991
1.52066115702
-0.329489291598
0.198085176626
-0.851063829787
-0.293733681462
-0.162919517758
0.195886385896
0.558108995404
-0.196592398427
-0.0981996726678
-0.618087182824
-0.678513731826
0.0646621403168
0.782013685239
0.49115913556
-1.48387096774
-0.577293136626
0.0320821302534
0.257317465423
-0.448286903618
-0.127918132395
0.838439213157
3.05749418411
1.44976399191
-2.49835634451
1.02955828628
-2.30369889682
1.38157894737
-0.653594771242
-2.67175572519
2.57748776509
-0.616083009079
-1.21716848174
-0.7944073721
-1.2860727729
0.854160075925
-0.283911671924
-0.751408891672
0.188205771644
1.2706480305
-0.221870047544
0.286077558805
-1.65676773992
0.313577924114
-0.312597686777
-0.744647843624
0.373715353472
0.406504065041
-2.17191801774
-0.18320610687
0.893407270487
0.0925069380204
0.123494905835
-0.0925354719309
1.37585991245
2.76349614396
-0.352225424272
-0.604710375557
-1.59724397119
0.693787448754
-0.626762770291
-0.839030453698
2.19117180057
-1.03708359522
-1.1187072716
0.249221183801
0.69008782936
-0.747198007472
0.532081377152
-1.052957572
-0.33950617284
0.746268656716
3.07692307692
1.06899902818
-1.15273775216
2.02548186867
2.51172136638
-0.0334784064279
-0.0669120107059
-0.664672648721
-0.528925619835
-1.97666882696
-0.451612903226
0.25873221216
0.683816346467
-0.130081300813
-4.02621722846
0.88161209068
1.53452685422
0.417335473515
1.30081300813
2.63684913218
1.80088345226
1.41281874569
-0.514226945492
0.482259731312
-0.343288705802
-0.239726027397
0.343642611684
0.13764624914
-0.206043956044
-0.546448087432
0.102564102564
-1.08217788299
-0.303438975051
0.576466598847
-0.405268490375
0.0
0.0337837837838
-0.101248734391
-0.269269606193
0.405542412977
-0.168690958165
-0.403225806452
1.15567641061
0.238500851789
-0.508474576271
0.237852531431
-0.0679117147708
-0.270910938029
-0.270178993583
0.440976933514
-0.774150117805
0.405542412977
-0.63801208865
1.12054329372
0.511945392491
-1.67785234899
0.70969922271
-0.269632625548
-0.033692722372
-1.32978723404
-0.954889693777
-0.524074680642
0.13119055428
1.12769485904
0.332778702163
0.166666666667
-0.232790156302
-0.562169312169
-0.559026635975
-1.77648578811
1.34206219313
-0.585746827205
1.25205930807
-0.45916693998
0.329055610398
0.164798945287
0.49685326267
0.299003322259
1.2445341406
1.60628844839
1.9512195122
-0.554400554401
0.382608695652
1.19676170363
0.459688826025
0.855920114123
-1.05857445307
0.318584070796
0.605413105413
-0.460829493088
-1.80995475113
0.314245810056
-0.693481276006
-0.345542501728
0.173070266528
0.242886884108
-0.345781466113
0.0345901072293
-1.02704553235
-0.949474398101
0.374404356705
-0.0340251786322
0.444292549556
-0.47619047619
0.102145045965
-0.944350758853
0.850340136054
0.58159425248
-0.713315217391
-0.641241984475
0.67957866123
-1.63770053476
-0.432612312812
-0.988467874794
-0.752125572269
0.592105263158
0.728959575878
0.432612312812
-0.857802705378
1.10073382255
0.874831763122
-0.167954316426
0.676361176868
1.44082332762
0.309704060564
-0.547570157426
0.171408981831
1.31990274401
-2.00816882233
1.34529147982
-0.480604188122
2.31822971549
0.0351370344343
0.957786449095
1.76895306859
-0.467121810995
-0.358037952023
-1.23762376238
-0.0706713780919
-1.04895104895
-1.75197526623
0.275576989321
-0.206256445514
-1.35639199729
-1.17292225201
-0.367278797997
-0.794965220272
-0.297225891678
0.798934753662
0.0
0.401069518717
-0.927152317881
-0.395778364116
-0.328731097962
0.0
0.263678312459
0.065963060686
-0.882641386074
0.492772667543
0.0
