32.38
31.50
31.88
32.75
34.88
35.00
35.00
35.31
37.12
37.62
37.25
37.06
36.88
36.56
35.25
35.44
35.00
35.44
35.69
36.50
37.19
37.00
36.62
36.12
37.00
37.94
37.69
36.50
35.56
35.31
35.88
35.06
34.38
34.00
33.81
34.00
33.31
33.25
32.44
32.88
32.44
32.00
33.50
32.56
31.50
33.12
34.38
35.25
35.12
34.19
35.62
36.56
36.31
36.06
37.00
36.12
35.94
35.88
35.50
35.56
36.75
36.81
36.88
38.62
40.00
39.19
38.62
39.44
40.31
40.50
41.00
40.38
39.06
38.88
39.62
42.50
42.12
44.25
43.75
43.50
43.56
42.88
43.50
43.25
43.44
43.31
44.94
46.38
45.69
45.19
43.62
43.38
44.25
44.88
45.31
45.56
44.75
45.19
44.50
44.94
45.75
45.44
44.44
45.00
46.12
45.94
43.94
43.81
44.19
44.44
46.00
45.75
46.38
46.94
47.00
48.12
47.81
46.88
47.19
46.81
46.50
46.38
47.11
46.94
46.69
48.11
47.81
48.00
47.62
47.00
47.94
49.00
49.25
47.88
46.00
47.31
47.00
46.50
46.56
46.25
48.19
45.00
45.00
44.88
44.50
44.06
45.94
46.50
46.69
46.00
46.00
45.88
45.56
43.62
43.25
43.31
43.31
43.75
44.62
43.69
43.75
43.62
43.38
43.44
43.94
43.94
43.31
42.81
43.44
43.88
42.75
40.62
40.56
40.62
41.00
41.06
41.56
41.44
41.69
42.00
42.12
41.00
43.81
44.44
44.25
44.12
43.38
44.88
45.38
44.62
44.81
44.31
45.00
44.94
44.62
45.00
45.25
45.38
44.25
43.75
45.06
44.88
43.25
43.44
45.75
44.44
45.25
46.00
45.62
44.75
44.44
44.00
43.88
43.69
45.25
45.31
46.12
45.25
45.69
43.56
43.75
43.25
43.69
44.75
43.81
43.88
43.81
43.19
45.19
45.69
46.19
46.44
44.12
44.50
44.94
43.94
44.25
44.50
44.69
44.62
46.38
46.19
46.44
46.50
48.00
48.06
46.33
45.44
45.94
46.12
46.31
46.88
46.75
46.44
43.94
43.44
43.38
43.25
43.75
42.38
41.75
42.12
41.38
41.81
41.50
42.44
42.94
43.19
44.94
45.12
44.90
44.60
45.15
45.21
45.24
46.00
46.71
46.20
45.28
46.05
46.12
45.29
45.48
44.75
45.53
45.95
46.00
46.00
45.15
45.25
45.44
45.48
44.98
44.52
44.07
44.47
42.84
42.45
42.83
42.25
40.25
39.50
39.20
38.40
37.99
38.21
37.50
36.01
37.78
39.50
40.00
40.29
41.02
40.95
40.87
39.98
40.37
40.85
41.08
41.99
42.03
40.13
40.81
41.74
42.49
42.75
40.69
40.90
41.26
41.47
41.25
42.59
43.20
43.96
43.75
43.48
43.42
43.65
43.89
44.05
44.45
44.42
44.24
43.44
43.25
44.79
45.04
44.99
44.90
44.35
44.50
43.20
42.67
43.09
43.50
43.20
43.31
43.47
43.50
42.99
43.80
43.75
43.85
43.50
43.20
43.43
42.79
43.71
44.09
44.90
45.00
43.70
43.23
42.69
42.41
42.99
42.08
41.09
41.06
40.85
40.20
41.20
41.35
40.23
39.01
39.13
38.65
38.80
41.19
41.47
42.23
41.79
40.25
40.40
40.43
40.23
40.21
41.97
41.34
41.36
41.00
40.99
40.64
40.89
40.95
41.40
41.00
41.29
41.88
41.45
41.75
41.88
41.73
40.92
40.83
41.50
41.33
41.20
40.67
39.90
38.74
39.68
39.55
39.34
38.41
38.53
39.95
38.15
38.00
37.46
35.95
36.87
37.25
38.55
39.86
40.20
41.24
41.50
41.51
41.36
41.95
41.74
40.98
41.92
41.64
41.10
41.81
41.85
41.98
42.20
42.33
43.00
42.98
43.25
43.09
42.94
43.04
42.79
42.49
42.75
42.80
42.89
42.48
42.65
42.59
42.49
42.42
42.58
42.71
42.95
42.90
43.39
43.53
43.80
43.90
44.00
44.04
43.74
43.65
43.76
43.90
43.56
43.68
43.94
43.54
43.10
41.21
40.76
40.50
39.74
41.03
41.23
41.30
41.94
42.00
41.25
41.30
40.60
40.70
40.44
40.00
39.80
39.88
39.70
39.98
40.54
41.06
41.29
41.01
41.00
40.89
40.78
40.63
40.95
41.94
41.99
41.94
41.88
42.46
41.75
41.67
42.15
42.00
42.25
41.80
41.38
40.80
41.10
41.34
41.36
41.59
41.58
41.20
41.10
41.47
41.22
41.47
41.44
41.78
41.65
41.71
41.90
41.75
41.10
40.68
40.45
40.28
40.10
40.40
40.35
41.44
41.24
40.99
40.73
40.30
40.65
40.80
40.45
40.18
40.03
40.25
40.30
40.19
39.65
39.24
38.60
38.92
39.48
39.63
39.44
39.15
40.00
39.30
38.62
38.25
38.02
37.18
37.06
38.40
37.74
36.94
37.04
37.64
37.85
37.35
37.11
37.09
37.50
37.12
36.77
37.16
37.66
36.99
35.88
37.28
37.05
36.96
36.25
36.22
36.35
35.70
35.55
35.00
35.60
35.07
34.95
35.29
35.15
34.88
35.69
35.31
35.40
35.93
35.48
36.11
36.47
36.51
36.50
35.70
34.94
35.19
35.28
36.96
37.04
35.23
34.09
32.90
34.54
34.74
34.53
32.93
32.70
32.70
29.11
29.30
29.33
29.30
27.89
27.50
26.75
27.98
28.89
29.58
30.85
31.29
32.36
32.35
32.05
31.35
31.35
31.86
33.50
33.30
33.06
32.83
33.15
33.90
33.74
34.20
33.98
34.39
35.00
35.01
35.00
34.81
33.59
33.42
33.55
32.90
32.59
32.68
32.00
30.89
31.17
32.25
30.64
30.24
30.25
31.00
29.84
29.63
29.40
28.95
28.76
29.73
30.29
30.00
29.50
30.60
31.00
30.60
30.00
29.26
29.91
29.80
30.25
30.75
31.00
31.95
32.44
33.01
33.60
32.80
32.16
31.20
31.45
31.95
32.40
31.49
32.23
32.23
32.40
32.89
32.74
34.00
33.86
33.98
33.87
33.84
33.55
33.35
33.26
33.44
33.48
33.09
33.65
32.95
32.25
31.85
32.34
32.40
32.05
31.31
31.15
31.32
31.11
31.79
31.94
31.98
31.62
31.06
31.26
31.00
30.90
30.62
30.65
31.44
31.65
31.38
30.35
30.85
30.81
31.58
31.83
32.09
32.13
31.60
31.25
31.13
31.11
31.10
30.94
30.76
30.11
30.76
31.09
31.59
31.01
30.20
30.21
30.80
30.60
30.41
31.20
30.44
30.39
29.93
29.91
29.70
29.87
29.41
28.81
28.80
29.57
29.50
29.15
29.18
28.95
28.77
29.49
29.56
29.92
30.15
29.31
29.30
29.65
30.05
29.75
29.50
29.22
29.56
29.28
29.75
30.10
30.90
30.84
31.99
31.61
32.00
32.55
32.15
32.40
31.79
31.98
32.70
32.80
33.09
33.74
32.71
33.33
31.84
32.25
32.13
32.64
32.50
31.81
31.95
32.07
31.95
31.22
31.30
31.14
31.19
31.09
31.10
31.67
32.10
32.34
32.30
32.30
32.82
33.35
33.67
33.65
33.68
33.75
33.52
31.84
31.67
32.44
32.09
32.09
32.05
31.93
31.50
31.63
31.77
32.44
32.75
33.93
33.49
33.56
33.93
33.69
33.73
34.70
36.92
36.72
36.30
35.98
35.60
36.06
35.96
36.00
35.75
35.29
34.64
34.98
34.82
34.85
34.67
34.76
34.10
34.74
34.56
34.35
33.80
33.64
33.50
33.90
32.81
32.95
33.45
33.09
33.34
33.20
33.39
33.95
33.13
33.31
33.30
32.90
32.98
33.20
33.14
33.10
32.42
31.81
31.67
31.71
31.58
31.15
30.25
30.28
29.96
30.13
30.27
30.05
29.98
30.55
30.95
30.69
31.01
31.82
31.84
32.20
32.15
32.00
32.08
32.04
32.30
32.37
32.04
31.37
31.83
31.80
30.94
30.85
31.00
30.90
30.84
31.13
31.45
30.96
31.00
30.79
31.02
31.05
31.06
30.94
30.95
30.98
30.90
31.00
31.62
31.20
31.14
31.01
31.32
31.50
31.47
31.33
31.62
31.90
31.49
32.10
31.90
32.00
31.77
31.86
32.48
33.85
34.49
34.22
34.50
34.50
34.42
33.69
34.12
33.80
34.04
33.76
34.30
34.23
34.39
34.50
34.44
34.45
34.71
34.55
34.75
34.74
35.05
34.80
34.58
34.52
34.44
34.69
34.65
34.94
34.89
35.00
35.33
35.39
35.95
36.50
36.80
36.80
36.82
36.73
36.14
35.71
35.21
35.19
35.00
35.11
35.65
36.57
36.48
36.84
36.87
36.41
36.77
36.69
37.61
37.74
38.45
38.49
38.89
38.85
38.18
38.16
38.07
37.79
37.96
37.73
37.67
37.50
37.40
37.50
37.39
37.30
37.41
37.14
37.09
37.01
37.44
37.50
37.70
37.79
37.97
36.10
35.65
35.37
35.68
35.60
35.03
34.82
34.20
34.51
34.58
34.54
34.71
35.10
35.19
35.32
35.81
36.23
36.19
36.04
36.33
35.99
35.68
35.89
35.87
37.43
37.90
37.77
37.44
37.25
36.90
36.58
36.65
37.09
36.45
35.99
36.25
36.40
36.80
36.91
37.00
36.75
36.24
36.01
35.75
35.62
36.00
35.91
35.70
35.84
35.15
35.07
34.80
34.99
35.24
35.51
35.61
35.67
36.01
36.18
36.20
36.09
36.30
36.11
35.95
35.40
35.35
35.45
35.38
35.51
35.49
35.18
35.05
35.17
34.80
34.19
34.63
34.60
34.40
34.23
34.04
33.94
34.33
34.33
33.99
34.25
34.46
34.20
32.90
32.54
32.60
32.82
32.71
32.55
32.25
32.30
31.94
32.15
32.13
32.33
32.64
32.57
32.45
31.62
31.37
31.51
32.08
32.11
31.67
31.56
31.55
31.88
31.95
31.78
31.98
31.95
31.98
32.35
32.73
32.52
32.71
32.69
32.79
33.05
33.00
32.89
32.86
32.26
32.15
32.63
32.18
32.06
31.89
31.47
31.09
30.90
30.57
30.05
30.04
30.30
30.39
31.50
31.06
31.43
31.50
31.47
30.11
30.30
30.42
30.31
29.95
29.66
29.05
29.09
29.48
28.84
28.60
28.50
27.90
28.35
29.04
29.10
28.96
28.95
29.32
30.50
30.00
29.27
28.48
28.41
27.70
27.55
27.50
27.87
27.75
28.05
28.42
27.86
27.45
27.20
27.18
27.30
27.66
28.09
28.47
28.52
28.60
27.39
27.70
27.55
27.57
27.35
27.33
27.43
28.37
29.10
25.95
25.60
25.19
25.98
26.59
26.64
27.10
27.30
27.19
27.25
27.35
26.60
26.52
26.52
26.60
26.51
26.44
26.25
25.88
25.51
25.34
25.72
24.99
25.06
24.74
24.72
24.83
24.72
24.71
24.68
24.16
24.21
24.20
24.41
25.02
25.86
25.88
25.18
25.52
25.52
25.53
25.05
25.06
26.84
27.20
26.77
26.50
26.90
27.15
26.79
26.80
26.87
27.01
27.25
27.34
26.85
26.91
26.85
26.58
26.83
26.42
26.15
26.10
25.90
26.02
26.08
26.53
26.60
26.09
26.33
26.41
26.54
26.15
27.05
27.16
26.91
26.89
26.76
26.90
27.41
27.72
28.23
27.75
27.85
27.41
27.25
27.30
27.20
27.10
26.99
27.06
27.22
27.45
27.64
27.84
27.98
27.98
27.98
28.10
27.68
27.90
27.90
28.25
28.23
28.49
28.75
28.73
28.85
28.87
28.89
28.94
28.76
28.35
28.23
28.39
28.16
28.22
28.25
28.10
27.61
27.88
27.94
28.45
28.49
28.68
28.89
28.84
28.79
28.89
29.21
29.02
28.40
28.17
28.00
27.82
27.41
27.17
27.08
26.79
27.27
27.23
27.12
27.23
27.67
27.61
27.43
27.47
27.82
27.32
26.89
26.62
26.60
26.78
26.85
26.96
26.98
26.96
26.94
26.95
26.55
26.43
26.71
26.85
26.59
26.50
26.25
26.29
26.29
26.20
26.05
25.84
25.42
25.46
25.19
25.01
25.16
25.25
25.48
25.60
25.44
25.90
26.38
26.61
26.65
26.49
26.24
26.09
26.05
25.98
25.85
25.65
25.53
25.48
25.19
25.25
25.30
25.12
25.15
25.04
25.44
25.57
25.45
24.94
24.80
24.60
24.52
25.47
24.86
24.68
24.40
24.29
24.13
22.58
22.09
21.31
21.32
21.30
21.24
21.53
21.93
21.84
21.68
22.25
22.29
22.39
22.24
22.26
22.29
22.47
22.61
22.09
21.94
21.51
21.80
21.74
21.70
21.79
21.99
21.86
21.78
21.56
21.44
21.42
21.40
21.42
21.27
21.12
21.05
20.98
22.39
23.01
23.09
22.93
25.20
24.29
24.46
24.15
24.05
24.00
23.81
23.64
23.47
23.92
24.57
24.75
24.95
24.99
24.74
24.83
24.85
24.79
24.53
24.23
25.12
25.07
24.99
25.03
24.87
25.34
26.08
26.34
26.07
26.12
26.13
25.78
25.32
25.70
26.40
26.84
26.08
25.66
25.64
25.65
25.86
25.82
25.88
26.26
26.35
26.48
26.75
26.60
26.30
26.27
26.45
26.40
26.27
26.24
26.40
26.38
26.04
26.00
26.04
26.15
26.48
26.60
26.53
26.52
26.47
26.24
26.02
25.81
25.55
25.43
25.37
25.29
25.24
25.34
25.11
25.13
24.81
24.76
24.53
24.61
24.55
24.93
25.07
24.99
25.07
24.84
24.88
25.05
25.23
25.44
25.59
25.39
25.60
25.45
25.57
25.70
25.72
25.30
25.39
24.86
24.93
25.01
24.95
24.35
24.10
24.14
24.13
24.00
23.90
24.10
24.00
23.80
24.15
24.20
24.41
24.32
24.18
23.89
23.77
23.66
23.50
23.19
23.64
23.65
23.60
23.20
23.21
22.99
22.80
23.45
23.11
23.01
23.30
23.80
23.72
23.69
23.93
23.90
23.96
23.83
23.48
23.18
22.87
22.66
22.76
23.39
23.86
24.04
24.94
25.13
25.26
25.67
26.30
26.66
26.29
26.46
25.71
26.03
26.11
26.25
26.30
26.04
25.89
26.29
26.49
26.81
27.12
27.08
27.37
27.09
27.15
27.35
27.35
27.75
27.75
27.88
27.83
27.97
27.89
28.00
27.70
27.75
27.89
28.33
28.33
28.23
28.33
28.22
28.21
28.51
28.49
28.24
28.49
28.41
28.50
28.44
28.58
28.60
28.59
28.43
28.25
27.95
27.83
27.60
27.50
27.74
27.66
27.74
27.88
28.22
28.50
27.76
27.78
27.32
27.45
27.45
27.49
27.40
27.06
26.88
26.70
26.76
27.09
27.47
26.73
26.57
26.07
26.02
26.36
26.75
26.95
27.24
27.30
27.15
27.29
27.05
27.17
27.08
27.46
27.88
27.86
27.80
25.13
24.99
24.98
25.19
25.60
25.23
25.45
25.67
25.80
25.95
26.24
26.55
26.34
26.12
25.99
26.23
26.20
26.17
26.42
26.57
26.63
26.42
26.34
26.26
26.51
26.81
26.82
27.02
27.27
27.41
27.30
26.67
26.84
26.89
26.35
26.40
26.16
26.31
26.69
26.87
27.00
26.94
26.68
26.52
26.55
26.47
26.41
26.68
26.58
26.50
26.36
26.30
26.09
25.92
25.92
25.90
25.48
25.22
25.16
25.05
25.26
25.49
25.52
25.55
25.50
25.40
25.08
25.03
25.10
25.36
25.61
25.86
25.96
25.79
25.74
25.70
25.51
25.46
25.44
25.61
25.77
25.89
25.92
26.01
26.16
26.09
26.51
26.98
26.97
26.95
26.86
27.24
27.14
26.75
26.47
26.45
26.75
26.75
26.78
26.70
26.76
26.97
27.24
27.40
27.40
27.27
27.10
27.09
27.36
27.32
27.38
27.38
27.48
27.52
27.60
27.54
27.48
27.55
27.61
27.56
27.63
27.70
27.73
27.54
27.33
26.79
26.55
26.54
26.42
26.38
26.64
26.67
26.53
26.47
26.38
25.97
25.88
25.75
25.74
25.75
25.83
25.78
25.75
25.96
26.11
25.95
25.98
25.89
25.72
26.00
26.09
26.10
26.15
25.30
25.24
25.14
25.30
25.14
25.10
24.75
24.30
24.05
23.92
23.71
23.95
23.95
24.14
24.63
24.62
24.64
24.09
24.20
23.99
23.95
23.57
24.00
24.35
24.50
24.67
24.88
24.83
24.85
24.79
24.75
24.73
25.00
25.17
24.94
24.84
24.61
24.45
24.33
24.29
24.64
24.35
24.23
24.63
25.07
24.95
24.83
24.72
24.54
24.68
24.81
24.78
24.92
25.05
25.22
25.52
25.65
25.67
25.69
25.71
25.64
25.45
25.34
24.98
24.86
24.91
24.55
24.15
24.21
24.05
24.35
24.32
24.57
24.75
24.63
24.60
24.13
23.92
23.99
23.83
23.42
23.18
23.25
23.56
23.96
23.87
23.51
23.40
22.85
22.74
23.18
23.00
23.00
23.50
23.67
23.97
23.81
23.73
24.10
24.20
24.50
24.45
24.40
24.20
23.83
23.47
23.33
23.56
23.48
23.30
23.43
24.06
23.26
23.28
23.10
22.93
23.03
23.35
23.20
23.34
23.92
24.01
24.21
24.14
24.24
23.90
23.81
23.40
23.03
22.35
22.90
23.06
23.25
23.01
23.25
23.48
23.52
23.79
23.78
23.55
23.03
22.90
22.67
22.41
22.73
22.88
22.84
22.62
22.67
22.55
22.67
22.59
22.82
22.92
22.88
22.80
22.67
22.42
22.28
22.44
22.02
21.66
21.42
21.98
21.80
21.37
21.32
20.85
21.09
21.05
20.70
20.82
20.81
20.75
20.89
20.72
20.97
21.38
21.60
21.46
21.46
21.57
21.42
21.08
21.10
20.90
20.63
20.92
21.10
20.54
20.61
20.49
20.24
20.00
20.16
20.45
20.50
20.30
20.34
20.45
20.65
20.60
20.58
20.30
20.04
19.93
19.97
20.05
20.10
20.10
20.13
20.29
20.25
20.17
19.93
19.73
19.60
19.47
19.54
19.50
19.46
19.20
19.13
18.76
18.60
18.17
18.02
17.94
17.96
17.99
17.97
17.95
18.54
17.93
17.83
17.51
17.75
18.15
18.02
17.48
17.64
17.77
17.86
17.87
17.89
18.22
18.57
18.36
18.05
18.10
17.81
18.29
18.49
18.45
18.53
18.49
19.12
19.25
18.95
18.91
18.61
19.12
19.09
18.95
19.16
19.75
19.54
19.62
19.87
20.11
20.03
19.85
20.09
20.13
20.09
19.71
19.43
19.44
19.82
19.87
19.60
19.25
19.30
19.34
19.57
19.36
19.59
18.84
19.19
19.18
18.45
18.42
18.72
18.53
18.04
18.12
18.33
18.99
18.65
18.50
18.19
18.79
18.72
18.66
18.44
19.09
19.16
19.39
18.95
19.00
18.05
17.38
15.90
16.91
17.50
17.29
16.99
17.53
17.49
17.95
17.26
17.25
17.03
17.24
18.00
18.12
18.04
18.25
18.01
18.45
18.18
17.04
17.00
17.30
16.79
16.56
16.75
17.09
16.42
16.39
16.50
16.03
15.83
16.49
16.53
16.10
16.46
16.35
16.09
16.75
16.85
16.98
17.25
16.98
16.80
16.98
16.98
17.12
17.57
17.57
17.57
17.53
17.51
17.40
17.14
17.17
17.30
17.81
17.97
18.30
18.48
18.44
17.82
17.69
17.82
17.69
17.61
17.44
17.39
17.77
17.83
17.52
17.34
17.52
16.53
16.02
16.00
15.48
15.12
15.16
15.38
15.17
14.76
15.02
15.12
14.71
14.40
14.68
14.94
14.42
14.40
14.43
14.03
13.75
13.66
13.43
13.37
12.58
12.17
12.22
12.70
12.75
12.75
12.92
13.13
13.19
14.14
14.72
14.99
14.29
14.58
14.26
13.95
14.08
14.16
14.60
14.62
14.36
14.04
13.87
14.04
14.10
13.77
14.19
13.71
13.71
13.72
13.72
13.54
13.94
13.99
14.27
14.02
13.64
13.44
13.31
13.38
13.56
13.65
13.60
13.72
13.58
13.99
14.36
14.25
14.43
14.51
14.42
15.21
15.60
15.50
15.29
15.23
15.29
15.33
15.19
15.09
15.18
15.05
14.86
15.20
15.45
15.10
14.92
14.94
14.83
14.49
14.43
14.32
14.82
15.07
14.70
14.46
14.70
15.18
15.32
15.05
14.81
14.96
15.36
15.37
15.37
15.28
15.04
14.80
14.61
14.84
14.80
14.68
14.29
14.77
14.94
15.05
15.10
15.12
15.29
15.78
16.47
16.40
16.50
16.65
16.66
16.08
16.26
16.18
16.15
16.18
16.00
15.91
16.17
15.98
15.95
16.00
15.90
15.87
15.98
16.04
16.45
16.45
16.72
16.79
16.98
16.88
16.93
16.89
16.83
16.72
16.50
16.22
16.41
16.40
16.29
16.40
16.47
16.44
16.39
16.44
16.61
16.80
16.71
16.93
16.88
16.51
16.63
16.74
16.94
16.89
16.53
16.52
16.50
16.98
16.84
16.94
17.03
17.13
16.99
17.60
17.74
17.89
18.14
18.43
18.03
17.60
17.54
17.57
17.43
17.43
17.56
17.49
17.20
16.95
17.21
17.25
17.02
17.43
17.74
17.82
17.86
17.77
18.00
17.95
18.24
18.17
18.48
18.90
18.63
18.62
18.41
18.45
18.85
18.99
18.88
18.95
18.58
18.07
18.26
18.50
18.48
18.53
18.46
18.55
18.38
18.48
18.89
18.87
18.80
18.69
18.72
18.71
18.59
18.48
18.94
18.93
18.81
18.67
18.71
18.95
18.99
19.30
19.50
19.68
20.07
20.36
20.15
19.92
19.25
18.90
19.09
19.10
18.97
18.99
19.33
18.85
18.44
18.19
18.00
18.15
17.98
18.03
17.89
18.08
17.86
17.75
18.10
18.15
17.94
18.02
17.73
17.81
17.86
17.88
17.60
17.40
17.50
17.60
17.32
17.35
17.32
17.23
17.28
17.38
17.31
17.35
17.30
17.25
17.58
17.71
17.78
17.38
17.34
17.39
17.27
17.28
17.14
17.05
17.12
17.16
17.31
17.33
17.25
17.18
17.16
17.01
16.82
16.87
16.82
16.56
17.01
16.97
16.85
16.64
17.01
17.00
17.00
17.39
17.34
17.21
16.81
17.25
17.19
17.09
16.94
16.54
16.27
16.25
15.94
15.67
15.42
15.38
15.10
15.41
15.45
15.59
15.42
15.22
15.34
15.04
14.89
14.57
14.75
15.11
15.52
15.60
15.53
15.57
15.47
15.55
15.38
15.24
14.98
14.73
14.71
14.78
14.48
14.48
14.33
14.36
14.41
14.63
14.98
14.86
14.94
15.10
14.96
14.93
14.94
14.84
14.65
14.72
14.87
14.80
15.09
15.36
15.44
15.42
15.13
15.48
16.48
16.52
16.48
16.28
16.48
16.60
16.34
16.23
16.25
16.17
16.40
16.35
16.13
16.02
16.24
15.97
16.06
16.09
16.12
16.21
16.10
16.37
16.43
16.59
16.45
16.65
16.90
17.00
17.15
17.22
17.36
17.26
17.26
17.33
17.28
17.27
17.24
17.41
17.43
17.48
17.50
17.50
17.29
17.20
17.25
17.38
17.51
17.50
17.50
17.54
17.85
17.83
17.85
17.87
17.74
17.75
17.90
17.65
17.73
17.60
17.49
17.60
17.57
17.84
17.81
17.66
17.58
17.48
17.12
17.15
16.96
17.01
16.97
17.02
16.75
16.66
16.89
16.83
16.73
16.73
16.70
16.62
16.62
16.47
16.75
16.81
16.73
17.11
16.97
16.88
16.80
17.06
17.35
17.30
17.29
17.22
17.13
17.26
17.44
17.56
17.65
17.55
17.70
17.70
17.56
17.59
17.84
18.00
18.24
18.33
18.38
18.34
18.32
18.40
18.48
18.35
18.44
18.49
18.37
18.38
18.54
18.76
18.61
18.51
18.56
18.33
19.39
19.21
19.25
19.30
19.30
19.18
19.13
19.05
18.95
19.06
19.05
19.31
19.39
19.37
19.13
18.87
18.96
18.96
19.32
19.49
19.20
19.84
19.90
19.66
19.75
19.70
19.58
19.55
20.26
19.86
19.70
19.94
20.29
20.38
20.09
19.99
20.36
20.50
20.46
20.40
20.57
20.52
20.44
20.61
20.56
20.53
20.34
20.55
20.73
20.75
20.57
20.61
20.64
20.46
20.58
20.88
20.55
20.17
20.33
20.75
20.86
21.06
21.20
21.00
20.67
20.67
20.63
20.74
20.96
20.84
20.98
20.99
21.13
21.21
21.19
21.28
21.04
20.64
20.69
20.86
20.98
21.05
21.45
21.45
21.13
21.06
20.96
20.97
20.87
20.89
20.65
20.62
20.73
20.41
20.29
20.43
20.28
20.50
20.48
20.96
20.60
20.26
20.61
20.73
20.76
20.76
20.80
20.95
20.74
20.29
20.18
20.20
20.20
20.01
19.94
19.67
20.03
20.00
20.20
20.17
19.99
19.90
19.62
19.62
19.49
19.46
18.97
18.17
17.96
17.72
17.64
17.62
18.00
18.01
18.10
18.39
18.44
18.60
18.18
17.97
18.17
18.30
18.42
18.29
18.32
18.95
18.99
19.13
19.15
18.94
18.72
19.03
19.13
18.62
18.28
18.40
18.61
18.52
18.64
18.13
18.37
18.26
17.71
17.70
17.79
18.09
17.96
18.11
18.05
17.88
17.59
18.02
18.25
18.72
18.92
18.90
19.08
18.86
19.06
19.15
19.13
19.05
18.95
19.20
19.40
19.33
19.32
19.95
19.92
19.75
19.75
19.69
19.94
19.87
20.12
20.10
19.76
19.98
20.15
19.91
20.00
19.94
19.67
19.63
19.38
19.11
18.79
18.64
19.10
19.48
20.07
20.21
20.19
20.18
20.42
20.63
20.54
20.67
20.55
20.96
21.03
21.25
21.37
21.40
21.54
21.73
21.75
21.83
21.90
21.80
21.76
21.85
22.00
21.95
21.72
21.78
21.84
22.00
21.97
22.00
21.95
22.17
22.00
21.91
22.05
21.99
21.67
21.75
21.80
21.60
21.58
21.79
21.53
21.31
21.25
21.18
21.10
21.08
21.25
21.06
21.43
21.42
21.36
21.38
21.48
21.32
21.43
21.38
21.34
21.37
21.28
21.35
21.65
21.50
21.58
21.55
21.59
21.57
21.74
21.64
22.04
22.10
22.00
22.10
21.96
22.00
21.98
21.86
21.97
22.26
22.80
22.59
22.45
22.76
22.73
22.66
22.45
22.36
22.23
22.56
22.16
22.05
22.00
22.06
22.35
22.60
22.58
22.73
22.53
22.80
22.98
23.11
23.30
23.10
22.99
22.98
22.70
22.59
22.57
22.52
22.79
22.99
22.97
22.77
22.60
22.68
22.80
22.64
22.63
22.68
22.42
22.17
22.33
22.42
22.22
22.22
21.80
21.67
21.64
21.93
22.15
22.18
22.38
22.21
22.48
22.74
22.86
22.72
22.82
22.79
22.94
22.85
22.56
22.61
22.71
22.70
23.00
23.09
23.00
22.89
22.60
22.68
22.77
22.40
22.78
22.90
23.18
23.73
23.77
23.83
23.87
23.67
23.53
23.51
23.69
23.94
23.84
24.49
24.18
24.00
24.33
24.37
24.05
23.90
24.06
23.94
23.87
24.08
24.18
24.08
24.07
23.98
23.97
23.78
23.83
24.10
24.01
24.02
24.11
23.99
24.07
23.90
23.95
24.38
24.36
24.26
24.23
24.21
24.26
24.18
24.05
24.09
24.38
24.41
24.66
24.84
25.15
24.99
25.02
25.00
25.15
25.41
25.35
25.47
25.59
25.52
25.49
25.40
25.39
25.24
25.62
25.93
25.93
26.09
26.00
25.74
25.36
25.55
25.66
25.66
25.75
24.82
24.87
24.72
24.96
24.62
24.40
24.42
24.38
24.33
24.10
23.92
23.88
24.24
24.28
24.38
24.53
24.52
24.45
24.69
24.93
25.08
25.30
25.27
25.79
25.78
25.61
25.60
25.78
25.75
25.65
25.37
25.47
25.70
25.79
25.44
25.52
25.21
25.33
25.22
25.18
25.10
25.91
25.99
25.99
26.05
26.25
26.56
26.77
26.83
26.88
26.64
26.62
26.96
26.67
26.68
26.74
27.30
27.00
27.14
27.84
27.67
27.57
27.80
27.48
27.60
27.50
27.36
27.03
27.23
27.18
27.19
27.14
27.43
27.71
27.75
27.54
27.50
27.35
27.10
27.54
27.64
27.45
27.70
28.20
28.21
28.38
28.36
28.31
28.23
28.08
28.11
28.06
28.24
28.23
28.40
28.32
28.39
28.51
28.66
28.66
28.90
28.84
29.32
29.34
29.44
29.20
29.17
29.35
30.00
30.82
30.88
30.99
30.99
30.94
30.94
31.06
31.10
31.15
31.13
30.66
30.17
30.58
29.89
29.73
29.33
29.63
28.93
29.18
29.02
28.77
28.80
29.37
29.50
29.69
29.58
29.37
29.02
28.83
30.04
29.33
29.11
29.50
28.90
28.45
28.27
27.77
28.05
27.97
28.15
28.62
28.59
28.64
28.96
29.15
29.36
29.40
29.45
29.81
29.23
29.11
28.38
28.15
28.36
28.66
28.72
28.30
27.92
27.70
28.10
28.30
28.47
28.51
28.90
28.81
28.89
28.96
28.94
28.79
29.24
29.41
29.53
29.55
29.25
29.41
29.91
30.43
29.76
29.45
29.41
29.36
29.42
29.45
29.30
29.26
29.23
29.41
29.44
29.09
28.68
28.49
28.75
28.58
28.33
28.36
28.37
28.28
28.49
28.48
28.40
28.45
28.54
28.52
28.54
28.36
28.52
28.74
28.75
28.65
28.85
28.84
29.27
29.15
29.13
29.04
28.94
28.88
28.70
29.00
28.80
28.95
29.01
29.02
29.04
28.83
28.69
28.44
28.77
28.93
29.36
29.28
29.81
30.26
30.74
30.64
30.94
30.86
30.91
30.69
30.81
31.35
31.28
31.07
31.26
31.40
31.34
31.33
31.24
31.35
31.30
31.60
31.87
32.21
32.20
32.15
32.02
32.10
32.16
32.16
32.50
32.27
32.08
32.02
31.93
31.71
31.43
31.40
31.61
31.69
31.49
31.34
30.77
30.48
30.63
30.31
30.78
31.01
30.96
30.50
30.45
30.56
30.85
30.70
30.81
30.60
30.83
30.95
31.02
30.99
31.12
30.95
31.03
31.05
31.31
31.42
31.29
31.41
31.34
31.23
30.96
30.25
30.75
30.46
30.85
30.66
31.69
32.00
31.18
30.91
31.28
31.47
31.98
32.00
31.85
32.00
32.09
31.96
31.71
31.77
32.08
31.99
32.00
32.24
32.41
32.14
32.74
32.95
32.96
32.66
32.55
32.62
32.57
32.02
31.44
31.53
32.06
32.08
32.12
32.49
31.90
31.99
32.41
32.38
32.48
32.18
32.25
32.39
32.49
32.69
31.71
31.39
31.25
31.43
30.50
30.13
30.15
30.22
30.40
30.94
31.25
31.18
30.90
30.80
32.35
32.09
31.94
31.58
31.06
30.27
30.01
29.48
29.44
29.21
29.38
29.40
29.28
29.18
29.55
29.71
29.54
29.92
29.87
29.64
29.99
29.82
29.76
29.75
29.80
29.82
29.74
29.79
29.87
29.43
29.50
29.55
29.59
29.60
29.71
29.62
29.71
29.71
29.92
29.85
29.48
29.84
29.79
29.75
29.84
30.22
30.42
30.64
30.63
30.49
30.20
30.04
30.12
30.33
30.62
30.97
31.31
30.75
30.64
30.71
30.69
30.57
30.35
30.17
30.49
29.54
29.32
29.10
28.96
28.71
28.39
28.44
28.40
28.59
28.36
28.44
28.79
28.90
28.94
29.03
28.98
28.99
28.98
29.09
29.31
29.57
29.67
29.49
29.41
29.53
29.55
29.66
29.65
29.44
29.53
29.64
29.60
29.92
30.12
30.47
30.72
30.84
30.37
30.23
30.45
30.37
29.98
29.84
29.99
29.41
29.29
29.31
29.41
29.12
29.39
29.44
29.47
29.29
28.80
28.30
28.01
28.01
27.97
28.52
28.49
28.87
29.27
29.21
29.30
29.63
29.98
30.20
30.20
30.30
30.41
30.26
30.13
30.28
30.40
30.54
30.62
30.56
30.41
30.68
30.56
30.49
