68.62
67.00
65.06
67.81
69.81
74.75
72.06
73.62
74.81
75.25
73.12
71.75
71.94
74.50
73.00
71.12
71.00
73.12
75.50
75.69
77.38
77.31
76.31
76.88
74.25
75.50
74.12
70.00
67.62
65.50
65.75
65.50
66.38
63.44
62.50
66.00
63.31
61.06
60.19
62.44
61.50
60.06
60.06
57.44
56.00
53.94
58.50
61.75
56.38
55.88
56.25
60.44
64.94
61.62
61.62
63.06
63.56
62.88
60.88
59.75
62.94
64.00
63.81
62.38
68.31
67.94
67.00
65.38
65.06
66.44
67.56
65.38
64.94
63.75
64.25
66.00
69.00
69.88
71.94
72.00
71.25
69.62
69.50
67.06
69.00
68.56
66.88
69.94
70.00
68.69
68.25
68.31
68.25
69.62
70.50
69.75
69.19
72.00
73.50
74.00
74.19
74.62
74.12
74.19
74.06
72.31
69.00
69.38
69.94
70.50
69.31
70.12
70.62
73.69
73.00
72.56
71.50
72.06
70.75
71.62
72.38
73.25
74.62
73.94
74.81
74.12
76.06
76.88
76.50
75.38
74.25
74.88
74.25
73.31
69.06
67.00
67.25
66.19
65.06
64.19
66.75
69.44
71.38
70.75
73.00
72.06
71.12
74.25
75.12
74.12
73.75
72.69
71.38
70.94
71.31
72.38
73.25
73.31
73.50
73.19
71.38
72.00
72.50
72.12
72.50
72.88
72.50
70.56
71.00
69.06
67.00
67.62
65.25
67.25
67.50
67.62
68.12
68.06
67.25
67.19
67.44
68.81
68.00
71.62
72.62
71.38
70.88
72.62
74.00
74.31
74.44
74.88
74.12
75.00
76.25
75.50
77.00
76.50
77.12
75.50
75.94
77.81
77.19
79.56
83.25
84.06
85.00
86.44
85.94
87.62
88.69
90.00
89.19
88.00
86.75
89.50
89.00
90.50
89.94
90.25
88.69
90.75
91.56
89.62
88.06
90.94
90.62
89.88
89.81
91.94
93.00
95.75
91.50
88.50
92.50
89.12
90.50
90.00
90.00
90.69
90.88
91.31
91.00
90.00
88.12
93.00
93.00
92.88
90.88
92.75
93.62
95.00
93.38
92.81
88.44
85.00
84.00
83.94
84.06
83.50
81.88
81.38
83.00
81.50
82.12
83.62
80.88
79.75
79.56
82.75
82.30
80.89
80.80
82.75
84.50
83.97
84.49
84.37
80.85
82.90
82.97
82.25
80.30
78.00
77.50
77.31
78.69
78.71
77.05
77.10
78.00
79.91
80.50
79.45
79.50
78.90
76.11
75.55
75.70
75.50
73.10
72.00
71.93
73.21
71.40
72.49
69.55
67.50
68.85
70.00
72.50
73.50
74.30
74.20
75.40
74.26
72.95
74.48
75.00
77.05
78.50
77.39
76.40
79.50
78.50
79.89
78.73
75.50
74.45
74.25
73.46
74.61
75.00
76.44
75.15
75.55
75.05
75.05
76.29
76.10
76.90
77.32
75.20
75.94
75.95
76.35
77.60
78.99
77.65
76.60
75.20
73.60
72.65
73.45
74.39
73.25
72.00
73.90
74.48
75.25
73.78
74.60
73.50
71.81
71.95
73.00
73.91
73.18
73.90
74.60
75.15
70.07
68.25
66.90
66.40
65.60
65.40
64.05
65.00
64.70
64.14
64.00
64.48
63.13
61.60
61.25
62.05
62.95
64.99
67.55
66.98
66.45
65.70
65.48
65.00
65.40
65.14
66.45
67.51
68.04
67.25
68.11
67.55
67.77
67.55
67.78
69.48
69.80
70.00
69.00
70.00
69.35
70.28
69.95
70.10
68.00
68.80
68.25
67.90
66.65
65.65
65.20
65.32
67.20
65.35
64.00
67.95
67.15
68.95
67.00
64.00
65.70
63.00
62.44
63.98
67.80
66.85
68.32
68.45
67.73
67.10
67.95
68.30
67.73
68.45
68.25
68.80
70.00
68.81
67.65
66.25
65.39
68.20
66.20
66.40
66.45
65.50
65.02
64.73
63.81
64.00
65.53
64.60
65.44
64.85
65.20
64.10
64.43
64.88
64.97
65.20
64.50
64.00
64.14
65.58
65.85
67.05
66.71
66.10
67.00
67.15
68.50
67.28
66.51
66.15
66.65
67.45
60.75
58.55
58.15
58.58
57.99
58.51
59.33
60.20
59.70
60.03
59.02
59.65
59.55
59.15
59.76
58.55
58.44
58.10
58.73
58.40
59.60
59.10
59.50
58.85
58.17
58.60
58.44
59.47
58.01
57.18
57.29
58.25
57.98
58.55
59.02
59.43
58.00
59.00
58.52
58.06
59.16
59.32
60.30
60.04
59.69
59.13
59.26
61.26
60.60
61.14
60.83
61.12
60.65
61.36
62.74
62.75
61.90
62.67
63.17
62.63
62.52
63.25
63.85
60.90
59.26
59.28
58.42
58.09
57.70
57.88
57.60
57.35
57.41
57.63
57.60
57.67
56.15
56.09
55.08
54.05
53.75
53.00
52.59
54.50
54.95
55.40
56.00
57.14
56.95
56.60
55.30
54.84
55.10
54.47
54.50
54.05
55.30
55.85
55.60
55.92
55.25
55.90
55.78
55.99
56.98
57.09
56.90
56.60
58.03
58.21
57.70
57.28
57.45
56.50
56.04
56.40
56.85
57.05
55.22
54.95
54.25
52.25
52.67
53.40
50.78
51.80
52.00
52.51
53.27
52.52
52.05
50.25
49.05
48.77
48.00
50.30
50.30
50.89
48.95
46.65
47.50
46.98
47.11
45.50
42.78
44.30
45.00
44.75
44.60
43.63
42.01
41.30
39.66
39.10
42.20
44.22
47.48
47.75
48.30
49.36
47.35
47.75
46.23
47.28
49.19
50.25
50.15
50.60
49.10
51.00
50.58
50.00
50.55
50.88
51.80
53.52
52.56
52.48
51.00
49.76
50.65
49.45
47.50
48.00
48.97
48.60
49.41
50.15
48.90
48.90
48.81
49.59
47.10
46.07
45.18
45.05
44.65
46.30
47.70
47.90
46.26
46.30
46.95
46.85
45.81
44.36
45.00
44.50
45.63
46.01
47.31
50.60
50.95
51.20
50.75
49.35
50.40
49.98
51.47
50.49
54.40
53.65
53.60
54.24
53.50
54.30
53.69
54.21
55.28
55.42
55.90
55.11
54.10
52.81
54.07
55.88
56.56
57.61
59.50
58.95
59.73
59.60
59.20
59.91
60.45
59.06
58.46
59.75
58.40
57.01
58.76
59.01
58.40
56.42
57.85
58.51
58.00
56.55
56.52
56.55
56.85
57.22
57.00
55.99
56.20
57.58
58.50
58.75
59.60
59.11
59.00
59.78
60.00
59.55
59.81
59.29
58.25
57.76
56.73
55.63
55.35
53.30
52.98
54.15
55.80
54.37
55.40
55.10
55.45
54.15
54.41
53.58
54.85
54.10
52.92
52.60
54.83
54.91
54.30
53.15
53.38
52.00
52.75
52.10
52.80
53.35
52.45
50.95
51.62
51.10
51.55
50.78
50.77
51.26
51.11
50.80
52.22
53.30
54.46
55.43
56.24
54.66
55.00
54.25
55.07
54.55
55.10
55.60
56.77
56.15
57.90
56.82
56.71
55.65
56.08
55.42
56.65
57.10
56.11
56.30
57.45
59.04
57.57
58.15
56.65
57.10
57.60
58.18
57.80
59.10
58.96
58.90
58.56
58.48
58.23
58.87
59.60
59.61
59.23
58.80
56.10
54.90
55.15
55.75
55.18
56.15
55.74
54.90
55.80
55.98
56.18
56.78
59.23
58.95
58.28
58.56
59.49
59.31
59.23
61.21
62.18
63.24
62.30
62.45
61.25
61.90
60.63
60.88
61.10
60.50
62.03
61.20
61.00
61.75
61.66
61.45
60.90
61.55
62.40
62.00
61.73
61.40
60.30
59.50
57.50
58.20
56.65
57.48
56.98
55.56
55.85
55.01
54.10
54.20
53.51
54.40
55.90
55.60
55.02
54.05
53.11
53.35
53.55
53.50
50.91
52.30
51.40
50.15
50.31
50.05
50.31
49.95
50.15
50.95
50.69
50.61
51.85
52.34
52.99
53.90
53.48
53.49
53.35
53.77
53.06
53.08
52.29
51.45
51.05
50.65
50.35
50.73
50.85
50.76
51.38
51.00
50.25
50.23
50.46
50.40
49.15
49.49
49.55
49.65
48.80
49.05
48.55
48.25
46.90
45.52
45.50
45.00
44.93
44.92
44.48
44.05
44.25
44.60
43.68
43.11
42.61
43.95
43.41
42.72
44.24
46.28
46.30
46.10
46.20
46.00
43.56
42.32
42.01
41.50
40.98
41.25
42.55
43.42
43.98
43.52
43.01
43.88
43.56
43.09
43.77
44.23
43.93
44.18
44.25
44.65
44.36
44.38
44.71
44.91
45.50
45.69
45.90
48.88
48.10
48.01
47.96
47.95
47.60
46.30
45.69
45.74
46.25
46.15
46.00
46.10
46.35
46.11
46.45
47.75
47.80
47.90
48.08
47.88
48.02
48.60
48.99
48.74
48.70
48.25
48.37
48.62
48.32
48.82
48.95
49.08
48.95
48.47
48.54
48.50
47.45
48.02
48.42
48.42
47.30
47.72
47.45
48.25
47.45
47.02
45.75
45.07
45.35
45.22
45.30
44.35
44.58
43.72
43.70
43.90
43.35
43.75
44.30
44.48
44.20
44.55
45.60
45.40
45.00
45.15
45.09
44.63
44.93
44.40
45.65
47.25
46.90
46.94
46.10
46.25
47.15
46.80
46.90
47.25
47.35
47.00
47.01
47.85
47.80
47.80
48.12
47.05
46.70
46.05
46.40
46.00
46.00
46.75
46.95
46.38
46.70
46.61
46.03
46.75
47.00
47.35
47.40
47.99
47.60
48.10
48.25
47.80
48.10
47.61
47.53
47.35
48.20
48.12
48.33
48.10
47.70
47.46
47.84
47.92
47.30
47.13
47.50
47.65
47.30
46.86
46.51
45.85
46.05
45.86
45.69
45.55
45.62
44.95
44.80
44.50
45.25
44.79
45.30
45.16
45.04
45.10
45.03
45.15
45.30
45.22
44.92
44.79
44.00
43.75
44.30
44.65
44.80
44.75
44.40
45.00
44.65
45.56
45.28
46.95
46.42
46.35
45.45
45.05
44.85
44.90
44.59
44.65
45.28
45.65
45.65
45.64
45.01
45.49
45.45
45.73
45.40
45.40
44.85
44.68
44.60
44.75
44.25
43.04
44.68
44.78
33.40
33.69
34.27
34.24
33.12
31.15
30.80
30.34
30.53
31.18
30.30
30.10
30.30
31.10
31.16
31.27
31.10
30.56
30.48
30.55
31.15
31.51
29.34
28.24
27.60
27.94
26.68
26.08
25.83
25.60
26.55
26.20
26.45
27.25
27.65
27.27
27.20
27.12
27.13
27.25
27.36
27.92
27.66
27.85
27.73
28.60
28.58
28.15
28.25
28.69
29.01
28.75
29.05
29.95
30.55
30.84
31.27
31.35
32.00
32.39
32.30
31.99
32.25
32.28
32.23
31.99
31.47
31.13
31.50
31.52
31.13
31.48
31.25
31.00
30.40
30.87
31.29
31.20
30.76
30.50
30.25
31.00
31.12
31.33
28.02
28.06
27.93
28.45
28.41
28.20
28.31
28.80
28.80
28.75
29.11
29.28
29.10
29.02
29.48
32.60
31.54
31.80
31.80
31.90
32.06
31.85
31.66
31.69
31.75
31.75
31.74
31.99
32.28
32.19
32.50
32.00
31.63
31.85
32.05
32.00
31.95
32.09
32.08
31.77
32.15
32.41
32.67
32.38
32.69
33.24
32.40
33.70
33.45
33.05
33.81
34.60
35.24
34.75
34.65
34.40
34.97
34.28
34.08
33.89
33.61
33.45
33.70
34.07
34.15
34.33
34.93
34.85
34.02
34.10
33.88
33.55
33.75
33.57
33.00
33.23
32.75
32.89
32.50
32.86
32.75
32.69
32.40
32.45
32.20
32.17
32.23
32.06
32.04
32.17
31.50
31.30
31.02
31.55
31.74
32.00
32.50
32.00
32.20
32.24
31.91
31.13
30.40
30.78
31.00
31.40
30.80
31.11
31.25
30.30
30.05
30.70
31.07
31.75
31.75
31.92
31.91
31.92
31.83
31.45
31.38
31.05
30.78
30.63
31.43
31.02
31.24
30.66
30.69
30.65
30.39
30.85
30.69
31.18
31.18
31.01
30.60
30.70
30.30
30.47
30.39
27.45
27.78
27.55
27.85
27.72
27.48
28.11
28.00
28.32
28.66
28.84
28.87
29.43
29.01
29.14
28.81
28.80
28.70
29.00
28.68
28.55
28.18
27.68
27.66
28.00
27.90
27.24
27.59
27.25
27.42
27.65
27.15
27.80
27.35
26.50
27.10
27.24
26.80
26.83
27.10
26.89
27.12
27.00
26.92
26.94
26.75
26.92
27.01
27.38
27.73
28.45
28.24
28.45
29.40
29.22
29.48
29.15
29.70
30.08
30.00
30.20
30.11
29.99
29.92
30.41
30.48
30.60
30.80
31.01
29.60
29.74
29.69
29.63
29.77
30.11
30.03
30.20
29.02
28.75
28.53
28.90
29.70
29.60
30.95
32.11
32.14
31.89
31.61
32.10
32.04
32.08
32.35
32.52
32.75
32.92
33.09
33.22
33.45
33.49
33.56
33.53
33.11
33.12
33.36
33.32
33.14
32.73
32.70
33.34
33.80
34.41
34.87
34.27
34.55
34.50
34.24
33.70
33.90
34.48
33.70
34.32
34.51
34.58
35.00
35.98
36.52
35.81
35.55
35.54
35.02
35.09
35.05
34.75
34.94
35.11
34.96
34.60
34.57
34.75
34.78
35.10
35.00
35.00
35.47
35.54
35.86
35.55
36.10
36.12
35.91
36.04
35.73
35.72
35.77
35.47
35.75
35.38
34.62
34.50
34.41
34.42
33.90
33.65
33.90
33.73
34.45
34.62
35.19
34.32
34.29
34.30
34.00
34.42
34.67
34.24
34.50
34.08
34.44
34.77
34.45
34.44
34.61
34.48
34.53
34.85
35.00
34.54
35.25
34.32
34.36
34.25
34.00
34.48
34.31
33.01
33.51
33.65
33.85
33.70
34.08
33.92
34.00
34.06
33.61
33.56
33.56
34.40
34.49
34.62
34.92
35.18
35.04
35.10
34.90
34.99
35.18
36.07
36.90
36.64
36.70
36.70
37.00
37.00
37.18
36.50
36.94
36.15
36.37
36.85
37.09
37.39
38.00
39.28
39.16
40.27
41.00
41.11
40.38
40.80
41.11
41.64
41.35
41.01
41.00
41.20
40.95
40.85
41.23
41.25
41.30
38.60
40.00
39.58
39.85
40.82
39.80
40.25
40.90
40.94
40.81
40.52
40.99
41.01
41.40
39.90
40.70
41.48
41.05
41.08
41.20
40.85
41.04
41.17
41.94
41.97
42.15
41.81
42.00
42.45
41.94
42.15
41.93
42.00
42.00
41.40
41.86
41.99
41.65
42.35
42.68
43.40
43.89
44.17
44.48
45.36
45.46
45.70
45.90
46.10
46.37
45.88
45.50
45.99
45.71
45.35
45.08
45.81
44.76
44.00
42.77
43.20
43.48
43.69
44.40
44.71
44.95
44.40
44.06
44.01
44.07
43.72
44.10
44.40
44.65
45.32
44.55
44.70
44.91
43.79
43.95
44.29
43.64
43.31
43.71
43.89
43.75
43.38
43.31
43.27
42.95
43.00
43.12
43.45
44.03
43.62
45.10
43.16
44.30
43.85
44.25
44.48
44.80
44.95
45.05
45.86
45.42
45.53
45.78
46.01
45.99
46.19
45.76
44.90
44.90
45.12
44.61
44.74
44.88
44.02
44.06
44.00
44.10
44.14
43.91
44.07
44.39
44.45
43.85
43.20
44.34
44.28
44.26
43.95
44.25
43.94
44.25
44.26
43.98
44.53
44.43
43.95
43.65
43.16
43.29
43.34
43.29
43.50
43.80
44.32
44.26
43.84
43.41
43.68
44.08
44.59
45.29
45.23
45.25
45.46
45.70
45.80
45.52
49.39
50.01
50.30
49.59
49.76
50.79
51.31
51.65
51.69
52.38
52.26
51.81
51.65
51.30
51.40
51.64
51.85
51.87
52.19
51.67
51.10
52.00
52.06
53.00
52.69
52.56
53.03
54.10
54.38
53.90
53.69
53.82
53.15
52.62
52.52
52.05
51.67
51.00
50.44
50.30
50.30
50.67
50.36
50.65
50.89
50.90
50.65
50.00
49.05
48.92
48.70
48.43
49.08
50.59
50.95
49.91
49.95
49.70
49.90
49.50
49.02
48.50
49.20
50.55
50.51
50.65
50.00
49.98
49.55
51.54
52.95
52.35
53.00
51.97
50.37
50.30
49.62
51.43
51.66
51.20
50.88
52.17
51.58
51.44
50.41
50.56
50.05
49.60
50.08
49.62
50.02
50.27
50.71
50.50
50.85
49.83
49.22
49.43
50.04
50.49
49.54
49.40
50.20
49.96
50.10
49.74
50.50
49.74
49.25
48.80
50.83
51.50
51.42
51.87
51.68
52.48
52.52
51.75
52.00
52.58
51.58
51.61
53.20
53.51
53.21
53.63
53.08
53.19
54.00
53.18
53.25
53.00
53.11
53.67
54.85
56.36
56.20
57.07
57.66
57.80
57.71
57.88
58.04
55.00
55.98
55.19
54.46
55.52
55.91
56.42
56.50
56.96
58.43
57.90
58.23
57.33
56.78
57.65
57.37
59.26
59.80
60.20
58.76
57.39
58.45
59.78
59.49
60.67
60.99
61.00
59.31
59.50
59.85
59.80
59.63
59.88
59.34
59.06
59.21
59.11
58.02
58.35
58.15
57.45
56.95
57.09
58.09
59.70
60.12
60.03
59.88
58.93
57.84
57.84
55.14
51.50
51.18
50.39
49.94
47.76
49.51
45.70
46.33
46.20
45.82
47.32
46.17
45.63
45.55
44.55
45.65
46.91
47.80
47.00
47.95
46.82
47.09
46.23
46.18
46.55
46.20
45.42
44.85
44.69
43.71
43.76
43.27
42.06
41.80
41.28
42.19
42.30
42.32
40.50
42.34
43.31
43.59
43.62
44.35
44.53
44.72
44.76
38.75
38.39
38.43
37.14
38.31
40.57
40.51
40.93
41.64
41.50
41.13
41.88
41.49
40.11
39.40
40.64
39.62
38.77
38.70
40.08
40.75
38.24
37.40
37.81
38.92
39.37
38.97
38.85
39.23
39.00
39.01
39.50
39.27
39.82
40.21
39.95
39.79
39.73
39.12
38.99
38.93
38.80
38.67
39.11
38.96
38.28
38.13
38.37
38.59
37.60
36.68
36.50
35.86
35.65
35.36
35.12
34.68
34.82
35.40
35.21
35.77
36.75
36.80
36.31
36.98
37.41
38.87
38.28
37.59
36.75
37.10
37.14
36.65
36.81
36.63
36.36
36.54
37.12
37.28
32.35
31.69
32.17
32.37
32.68
32.08
32.46
32.88
33.09
33.31
33.49
34.64
35.06
34.91
35.84
35.60
35.90
35.62
36.06
36.30
35.47
35.25
34.86
35.00
35.17
34.98
35.42
35.91
36.31
35.62
34.80
34.46
33.86
34.96
35.50
34.43
33.12
33.81
33.11
32.27
31.76
31.43
32.64
31.99
31.47
30.76
31.63
32.03
31.89
30.95
31.42
31.73
31.39
31.29
30.04
28.58
28.45
25.26
27.23
31.32
28.83
27.26
27.54
29.26
30.38
29.10
28.44
26.51
27.03
26.90
29.46
29.34
30.02
30.93
30.53
30.68
28.56
28.10
29.56
27.81
27.40
27.39
27.96
26.73
25.68
25.83
25.18
23.90
24.84
25.85
25.40
25.68
26.37
25.87
25.65
25.33
24.67
27.01
27.36
26.41
26.80
25.90
26.95
27.05
27.19
27.39
28.06
28.47
29.36
29.36
29.40
29.11
28.66
29.70
30.46
31.45
31.08
29.61
29.68
28.90
28.73
28.41
27.93
27.81
28.40
28.13
28.23
27.25
27.74
28.07
27.86
28.86
28.52
28.85
28.09
29.88
30.25
28.60
30.01
30.66
30.47
29.10
29.23
29.27
28.14
28.71
28.93
28.10
27.62
27.91
28.19
28.17
25.47
23.82
23.68
23.21
22.60
22.35
20.15
21.63
22.14
21.86
24.26
26.98
26.01
26.30
27.03
26.62
27.20
27.61
27.96
27.77
26.93
26.78
26.81
26.49
27.21
27.00
26.28
26.54
26.38
27.26
26.12
25.91
25.62
26.44
25.90
25.50
24.41
23.40
23.07
23.27
23.40
23.42
23.23
24.12
24.23
24.60
24.50
24.68
24.70
25.35
24.58
24.50
24.89
25.77
26.25
25.61
25.74
25.98
25.73
26.15
26.00
26.47
26.41
26.94
27.71
27.51
27.39
27.47
26.73
25.86
25.93
25.92
25.69
26.12
25.83
25.01
24.45
25.00
25.91
25.74
25.28
25.15
25.49
26.48
27.06
27.85
28.10
27.73
26.97
27.85
27.89
27.76
26.90
26.42
26.90
27.34
27.69
27.83
27.75
28.73
29.57
29.52
30.27
31.12
30.71
30.01
30.21
30.20
30.45
30.14
29.87
29.68
29.71
30.29
30.46
30.34
30.73
31.00
30.60
30.87
30.66
31.64
31.65
32.99
32.91
32.82
32.60
32.92
32.27
32.29
31.37
30.83
30.45
30.93
31.10
31.65
32.15
32.34
32.82
32.73
32.03
32.18
31.79
31.83
31.39
31.23
30.91
31.21
32.02
31.97
31.74
31.18
31.42
31.94
32.39
32.39
32.46
32.72
32.74
32.74
32.82
33.27
33.11
33.91
33.75
32.39
32.76
32.50
32.59
32.59
32.03
31.17
31.12
31.09
31.33
32.49
32.61
32.88
33.51
33.73
33.04
33.30
33.98
33.80
34.27
35.09
35.45
36.75
36.28
36.29
35.98
36.16
36.29
36.50
36.71
37.21
36.52
36.65
36.30
37.41
37.38
37.27
37.67
38.02
37.75
37.36
37.48
37.79
37.86
37.14
36.99
37.13
36.88
36.80
36.82
37.30
37.21
37.47
37.87
37.88
37.82
38.31
39.24
39.98
39.55
40.64
41.08
39.90
39.28
38.50
38.49
38.74
38.26
38.56
38.36
39.40
38.39
37.05
36.58
36.93
36.50
36.22
36.63
37.72
37.73
37.28
37.23
37.86
36.90
36.70
36.44
36.70
37.03
37.58
37.69
37.29
37.22
37.49
37.21
36.95
36.35
37.05
37.04
37.77
37.99
38.07
38.06
38.08
38.57
38.43
38.33
37.82
37.58
37.96
37.49
37.64
37.94
37.53
37.38
36.84
36.80
36.96
36.69
36.74
36.22
35.99
35.68
36.05
36.09
34.57
33.84
35.58
34.85
34.50
34.98
35.33
35.29
35.60
35.42
35.41
33.91
33.92
33.35
33.97
33.68
33.35
32.92
32.97
32.20
32.23
31.20
31.87
31.30
31.98
32.92
33.64
33.43
33.63
34.43
33.85
33.19
33.41
33.86
34.14
34.35
35.05
35.08
35.71
36.14
35.90
36.04
35.19
35.20
35.18
35.60
36.13
35.55
35.32
34.83
34.46
34.28
34.77
35.87
35.91
36.20
36.13
36.21
36.25
36.53
35.94
35.52
35.48
35.36
35.17
35.00
35.32
35.14
35.00
34.35
34.86
35.10
34.78
35.00
34.82
35.06
35.20
35.31
34.65
34.80
34.77
35.19
35.49
35.30
34.55
34.70
34.76
34.42
34.56
34.63
34.92
34.66
35.38
35.69
35.73
35.77
35.35
35.99
36.14
36.62
36.10
36.52
36.49
36.50
36.36
36.54
36.71
36.67
36.82
37.41
37.29
37.10
37.21
36.76
36.49
36.86
37.04
37.35
36.82
36.86
36.67
36.86
37.27
37.27
36.91
37.00
36.61
37.10
37.07
37.30
37.31
36.88
36.67
36.73
36.44
36.57
36.73
36.86
36.67
35.65
35.55
35.05
34.90
35.04
34.71
34.31
34.81
35.14
35.30
35.49
35.34
34.82
34.52
34.58
34.45
34.75
35.16
35.29
35.30
35.47
35.34
35.50
35.70
35.84
36.20
36.40
36.59
36.64
36.66
36.67
36.23
36.25
36.14
36.37
36.25
36.11
35.96
36.29
36.24
36.04
36.56
37.17
37.26
37.24
37.20
35.59
34.63
34.07
34.12
33.80
34.18
33.99
33.77
33.41
33.35
33.49
33.29
33.34
33.90
32.99
32.89
32.94
33.15
33.23
33.12
32.97
32.97
32.80
32.74
32.96
33.06
32.75
32.52
32.08
32.06
32.20
32.60
32.45
32.67
33.15
33.00
32.98
32.91
33.21
32.47
32.50
31.83
31.80
31.26
31.78
32.09
32.52
32.50
32.83
32.72
32.54
32.49
33.03
33.07
33.05
33.34
33.14
33.28
33.43
33.50
33.68
33.42
33.62
33.34
34.90
34.20
33.94
34.07
34.27
33.70
34.44
35.20
35.64
35.98
36.44
36.24
36.36
36.45
36.53
36.11
36.55
36.77
36.70
37.03
37.06
37.19
37.25
37.60
37.38
36.67
36.89
36.66
36.69
36.37
36.39
36.60
36.18
35.79
35.70
35.81
35.53
35.88
35.88
35.03
35.51
35.47
35.14
35.40
35.29
35.91
35.57
35.13
35.02
34.65
34.59
34.95
35.22
35.17
35.51
35.50
35.76
35.88
35.96
35.74
35.70
36.17
36.33
35.68
35.57
35.89
35.84
36.29
35.69
35.92
35.59
35.26
34.64
34.25
33.16
32.90
32.24
31.77
31.12
30.40
30.50
29.79
31.39
31.65
32.01
32.38
31.75
30.79
31.69
31.45
31.93
32.25
31.60
32.08
32.30
32.95
33.05
32.67
31.63
32.55
32.76
32.60
31.56
31.56
31.94
32.39
32.68
32.10
32.22
32.67
31.18
30.92
31.27
32.03
32.34
32.35
32.40
32.59
31.27
31.44
31.37
31.91
32.49
32.36
32.25
32.48
32.97
32.84
32.37
32.80
32.70
33.16
33.26
33.52
33.32
34.08
35.03
35.02
33.81
34.48
34.50
34.33
33.90
34.35
34.02
34.57
35.36
35.39
35.54
35.16
34.92
34.94
34.39
34.09
33.44
33.29
33.74
34.50
35.20
35.73
35.91
35.78
35.43
35.28
35.67
35.31
35.58
35.22
34.93
35.92
36.50
36.43
36.72
37.06
37.38
37.68
37.78
37.69
37.60
37.59
37.88
38.25
38.14
38.75
38.34
38.75
38.42
38.62
38.45
38.53
38.65
38.90
39.32
38.96
38.97
38.57
38.84
38.73
38.38
38.97
38.55
38.94
38.50
38.21
38.27
38.55
38.39
37.94
38.10
38.11
38.26
38.08
38.62
38.47
38.06
38.10
38.49
37.94
38.15
38.47
38.15
37.62
38.01
37.98
37.33
37.62
37.48
37.72
37.87
38.39
38.15
38.17
37.94
37.65
37.88
37.54
37.70
38.26
38.75
38.63
38.17
38.14
38.30
38.55
38.60
38.76
38.58
38.71
38.61
38.71
38.09
37.88
38.11
38.44
38.55
38.31
38.55
38.34
38.30
38.48
38.80
38.64
38.94
39.32
39.31
39.11
38.51
38.52
38.34
38.30
38.20
37.85
38.08
37.96
38.21
38.20
37.73
37.66
37.46
37.40
37.57
37.69
37.40
37.61
37.18
37.18
37.40
37.75
38.07
38.48
38.62
38.61
38.40
38.52
39.02
38.72
38.95
39.17
39.36
39.60
39.91
39.82
40.08
40.41
40.89
41.25
41.73
41.67
41.33
41.71
42.18
41.38
42.87
43.06
43.22
43.29
43.93
43.95
43.62
43.22
43.22
42.91
43.05
43.75
44.64
44.45
44.45
44.04
44.44
44.20
44.54
43.98
43.89
43.98
44.58
44.50
44.26
44.02
44.04
43.35
43.50
42.95
42.91
42.64
42.98
42.97
42.95
42.86
43.33
43.14
43.39
43.65
44.43
43.97
44.35
44.35
44.08
44.55
43.48
43.76
44.12
44.36
44.95
44.95
45.22
45.11
45.07
45.05
44.97
45.43
45.50
45.90
46.42
46.17
46.21
46.17
45.89
45.60
45.74
46.74
47.08
47.29
47.94
46.81
46.19
45.95
46.10
45.79
46.42
45.75
46.25
45.82
45.69
45.55
44.51
43.69
44.47
43.77
43.70
42.96
42.84
43.32
43.42
43.80
43.99
44.00
44.03
43.75
44.95
44.54
44.47
44.38
44.33
44.45
44.53
44.46
44.66
45.21
44.94
43.90
43.63
43.59
44.15
42.45
42.42
41.43
41.45
41.21
41.00
40.28
41.86
41.89
42.46
42.04
42.25
42.39
42.87
42.71
43.31
43.38
42.89
42.81
42.88
42.77
43.00
42.95
43.12
43.34
43.19
43.66
43.43
42.24
41.39
41.05
41.35
41.10
41.06
41.19
41.37
41.42
41.04
41.46
41.60
42.36
42.50
42.58
43.31
42.75
42.27
43.01
42.33
42.92
43.60
43.30
43.82
43.40
42.95
45.42
44.54
44.71
43.83
43.78
43.70
44.00
44.03
43.86
43.95
43.95
44.13
44.05
44.00
44.51
45.00
45.39
45.04
45.09
45.73
45.91
46.68
46.67
46.89
46.64
46.72
46.86
46.86
47.45
47.95
48.67
47.95
47.27
47.88
47.75
44.80
45.90
46.25
45.51
45.10
45.12
45.25
45.54
45.84
46.12
46.73
46.58
46.29
45.96
45.24
47.60
46.46
47.05
47.94
47.29
47.02
46.93
48.93
48.20
49.02
48.64
48.77
48.65
48.07
47.89
46.74
47.77
48.33
47.88
47.71
47.42
46.87
46.47
46.53
46.60
47.03
47.46
46.26
46.09
46.48
46.93
47.37
47.72
47.62
48.43
48.40
48.51
48.56
48.28
48.03
47.47
47.85
47.81
47.92
47.53
48.05
48.27
48.29
48.50
48.44
48.44
48.39
48.48
48.35
48.66
48.44
48.16
48.52
48.55
48.28
47.79
47.47
47.65
47.56
47.63
47.98
47.80
47.32
46.78
46.97
47.09
47.52
47.13
47.79
47.57
47.60
47.86
48.03
47.80
47.88
48.25
48.11
47.81
48.47
48.33
47.79
47.63
47.67
47.78
47.57
47.64
48.92
48.45
48.22
48.27
47.92
47.84
47.69
47.60
47.42
46.80
46.52
46.61
47.13
47.37
46.70
46.31
46.60
46.80
46.25
45.57
45.41
45.75
45.31
44.87
45.92
45.59
45.56
46.15
45.93
46.91
46.95
46.74
47.52
47.63
48.04
48.05
47.98
48.22
48.49
48.95
49.66
49.59
49.79
49.74
49.82
49.60
48.91
49.13
49.38
49.28
49.51
48.57
48.74
48.30
47.93
47.87
48.75
48.86
49.44
49.43
49.44
49.77
49.74
49.74
49.88
49.49
49.81
49.96
50.10
49.82
49.83
50.90
52.53
52.65
52.15
52.62
52.03
51.77
51.21
51.27
52.86
52.37
52.70
52.46
53.31
52.91
52.59
54.28
53.26
53.65
54.29
54.71
55.44
54.45
54.95
55.22
55.44
55.11
55.85
55.87
56.13
56.00
56.24
56.73
56.10
57.04
57.40
57.06
57.35
57.44
57.40
56.39
56.61
55.53
55.95
56.31
56.68
55.83
56.50
54.86
53.88
55.43
55.89
56.21
56.09
56.65
56.48
56.53
56.61
55.37
55.28
55.22
57.89
55.55
56.22
55.79
56.45
56.45
56.56
57.09
57.75
57.32
57.53
57.61
57.50
58.51
58.55
59.47
58.11
58.75
56.19
55.55
55.10
55.62
55.31
55.63
55.81
55.66
55.74
56.22
56.20
56.40
56.63
56.93
56.71
56.91
57.52
57.91
57.52
57.78
57.97
58.20
57.49
57.92
58.52
58.28
58.11
58.06
57.95
58.03
58.42
58.61
58.81
58.38
57.73
58.76
58.37
57.61
57.70
58.47
59.39
58.91
58.66
58.45
58.28
58.65
58.62
58.13
57.94
57.87
57.92
57.89
58.13
58.30
58.32
58.13
58.17
58.82
58.58
57.76
56.58
56.95
56.72
55.88
56.21
55.87
56.70
56.55
57.39
58.05
58.80
58.80
58.85
58.68
59.40
59.04
59.34
59.67
60.40
59.89
60.42
59.73
60.12
60.57
60.42
61.22
60.84
60.67
60.21
59.88
59.65
59.51
59.53
60.13
60.75
60.37
60.15
60.31
60.28
59.72
59.03
59.40
59.09
58.78
59.17
60.17
59.32
58.66
60.00
59.31
58.55
56.57
55.37
54.01
53.85
54.22
54.57
55.23
56.26
56.80
56.91
56.60
56.02
55.71
57.95
57.95
58.87
59.99
59.60
59.39
58.24
59.72
59.28
59.50
59.23
59.71
59.49
59.63
59.21
