66.50
64.75
65.06
67.69
69.62
72.12
71.38
73.44
73.81
72.69
70.56
71.25
71.44
71.56
69.06
70.62
70.62
73.00
75.25
74.56
75.50
75.94
75.38
74.94
73.75
75.06
70.88
68.00
64.31
64.00
65.12
65.25
63.12
61.56
61.81
63.12
60.69
59.19
60.00
61.38
59.75
59.25
57.06
56.25
52.00
53.94
57.69
59.00
56.12
55.38
56.06
60.19
62.69
60.31
61.56
63.00
62.56
60.38
59.88
59.75
62.50
63.81
62.12
62.38
65.25
66.94
64.62
65.00
65.06
66.38
64.88
65.12
62.56
61.88
64.00
65.56
68.94
69.75
69.88
70.25
70.81
67.56
67.56
66.94
68.00
67.00
66.75
69.00
68.69
66.75
67.06
67.31
67.50
69.00
69.62
69.75
69.19
71.69
72.62
73.31
73.38
74.00
73.69
73.81
72.25
68.81
68.69
68.75
69.88
69.12
68.88
69.81
70.50
72.00
72.50
71.00
70.88
70.31
70.31
71.00
71.50
72.94
73.44
73.56
74.00
73.25
75.38
76.31
74.94
73.94
73.88
73.50
72.31
69.00
66.50
66.75
66.06
65.03
63.88
63.00
66.50
68.88
69.75
70.00
72.44
70.31
71.12
73.62
74.50
73.06
72.75
71.69
70.00
70.44
71.31
72.25
72.50
73.25
73.12
71.50
71.38
71.75
71.81
71.31
72.12
72.38
70.69
70.00
69.88
69.06
66.00
65.31
65.00
66.38
67.31
67.12
67.62
66.62
66.75
67.00
67.00
66.88
67.88
71.50
72.06
70.25
70.19
72.62
73.94
73.56
72.88
73.50
74.12
73.62
74.44
75.50
76.06
75.56
74.81
75.31
75.94
76.12
76.25
78.56
82.88
84.00
84.62
85.75
85.62
87.38
87.44
88.81
87.88
86.31
86.75
86.81
89.00
88.00
89.88
88.25
88.31
90.38
89.56
87.38
88.00
90.75
88.75
89.12
89.06
91.31
93.00
92.25
89.12
88.50
88.44
88.50
89.38
88.69
89.81
90.50
90.81
90.69
89.88
88.81
88.12
92.44
91.00
90.25
90.44
92.62
93.44
93.44
92.50
88.12
83.75
83.12
82.69
83.06
82.06
80.88
81.00
80.50
81.00
81.38
82.12
82.12
78.56
78.62
79.44
81.94
79.80
80.01
79.80
82.18
83.55
83.97
84.00
81.60
79.76
82.06
82.05
79.53
79.62
76.40
76.88
77.05
78.48
76.60
76.70
76.70
78.00
79.75
79.66
79.45
78.20
76.78
73.00
73.60
75.09
73.55
71.20
71.12
71.49
70.69
71.19
70.05
67.52
66.00
67.70
69.55
71.90
73.06
73.13
73.98
73.56
72.40
72.05
74.01
74.35
76.60
77.50
76.63
76.40
78.50
78.49
78.20
77.40
72.00
73.99
73.05
73.31
74.12
74.50
75.75
75.05
74.25
74.45
74.82
75.35
75.38
76.80
76.11
75.05
75.05
74.53
76.32
77.55
76.37
76.43
75.01
72.87
71.76
72.08
73.25
73.06
72.10
72.00
73.40
73.68
73.76
73.77
73.88
71.90
71.10
71.52
72.92
73.20
73.10
73.50
74.37
74.00
67.69
66.80
66.21
65.64
64.98
63.65
64.04
64.53
63.80
63.43
63.77
63.64
61.54
60.35
61.10
61.50
62.95
64.89
66.51
66.25
65.70
64.60
64.80
64.28
64.80
64.80
66.38
67.27
67.67
67.13
67.24
67.36
67.70
67.11
67.73
69.30
69.40
68.67
68.40
68.61
69.35
69.75
69.15
68.05
67.70
68.40
67.91
67.05
65.65
64.76
65.05
64.70
65.51
64.15
63.51
66.15
66.83
66.55
66.60
63.79
63.37
60.85
62.44
63.89
65.16
66.65
67.12
66.28
66.35
66.75
67.78
67.14
67.38
67.54
67.87
68.80
68.70
68.40
66.07
64.75
65.38
66.51
66.16
65.28
65.60
65.15
63.98
63.80
63.42
64.00
65.16
64.11
64.45
64.58
64.45
63.50
63.75
64.31
64.54
64.05
63.75
63.90
64.05
65.00
65.76
66.00
65.25
65.85
67.00
66.85
67.00
65.50
66.05
66.11
66.20
59.81
57.49
57.50
57.77
56.80
57.26
58.40
58.69
59.50
59.65
59.56
58.85
59.39
58.76
58.10
58.40
57.95
58.03
58.06
58.60
58.27
58.53
58.85
58.05
58.18
58.08
57.52
58.44
58.25
57.31
56.80
56.71
57.09
57.72
58.26
58.93
58.12
57.92
58.40
58.06
57.70
58.65
59.21
59.75
59.15
59.27
58.90
59.06
60.98
60.53
60.39
60.26
60.36
60.65
61.31
62.20
61.81
61.85
61.69
62.20
62.04
62.01
63.16
63.33
59.54
58.51
58.25
57.72
57.30
57.70
57.51
57.15
56.98
57.25
57.26
56.80
56.95
55.25
55.01
54.00
53.55
52.90
51.00
52.00
54.08
54.55
54.90
55.80
56.81
56.25
55.26
54.60
54.59
53.77
54.20
53.75
54.01
54.70
55.00
55.51
55.02
54.80
55.76
55.38
55.88
56.88
56.40
56.00
56.55
57.61
57.52
57.02
56.50
56.27
55.95
55.95
56.10
56.53
55.05
54.24
54.06
52.40
52.01
52.26
51.62
50.78
51.17
50.95
52.11
52.89
52.31
52.00
49.75
47.60
48.67
47.60
49.49
49.86
48.50
46.55
46.57
47.50
46.60
45.26
43.35
42.10
43.30
42.87
43.75
43.51
42.00
41.45
39.00
38.50
38.56
41.86
43.69
46.93
47.50
47.26
47.66
47.23
45.35
46.11
46.71
48.96
49.58
50.10
49.61
48.39
49.82
49.62
50.00
50.45
50.84
51.60
52.01
51.59
51.43
50.27
49.76
50.25
47.75
47.20
47.25
48.02
48.40
49.00
49.46
48.75
48.00
47.85
47.01
46.47
45.07
45.18
44.81
44.44
46.21
47.49
46.05
45.12
45.31
46.55
45.77
43.77
43.95
44.63
43.35
44.43
45.73
47.31
50.11
49.41
50.13
49.10
49.26
49.77
49.71
50.05
50.12
53.82
52.52
53.13
53.70
53.12
53.55
53.00
54.21
55.26
55.20
54.67
54.41
51.80
52.32
54.02
55.45
56.20
56.57
58.10
58.90
59.40
58.22
59.02
59.13
59.20
55.16
58.05
58.50
58.05
57.01
58.30
58.08
56.94
56.42
57.50
58.10
56.62
55.96
56.15
56.30
56.78
56.85
55.72
55.89
56.00
57.30
58.41
58.75
59.04
58.80
58.49
59.11
59.38
59.14
59.07
58.50
57.71
56.55
55.60
54.85
53.40
51.50
52.78
54.00
54.04
54.17
55.26
54.50
54.41
53.85
52.80
53.10
53.86
53.14
51.60
52.60
54.45
53.82
53.16
52.90
52.00
51.60
51.83
52.10
52.39
52.12
51.61
50.89
51.27
51.07
50.98
49.90
50.37
50.65
50.60
50.50
52.20
53.30
54.09
55.38
54.26
54.46
54.38
54.13
54.49
54.17
54.78
55.60
55.95
56.12
56.75
56.50
55.50
54.65
55.31
55.40
56.35
56.00
55.16
56.30
57.37
57.82
57.45
56.22
56.05
56.70
57.36
57.23
57.80
58.48
58.41
58.24
57.92
58.06
57.76
58.76
59.10
59.12
58.80
55.60
54.10
54.41
54.90
55.15
54.75
55.33
54.65
54.90
55.63
55.75
55.95
56.50
58.50
57.95
57.60
58.55
58.89
58.55
59.21
61.10
61.83
62.01
62.20
61.53
61.23
61.09
60.60
60.62
60.30
59.71
61.72
60.55
61.00
61.40
60.92
60.60
60.56
61.42
61.30
61.38
60.67
60.61
59.28
57.25
57.10
56.89
56.24
56.25
55.10
55.17
55.03
53.50
53.25
53.40
53.20
54.26
55.34
54.46
54.08
53.10
52.53
52.65
53.40
52.80
50.90
51.10
50.15
50.15
49.88
50.05
49.48
49.80
50.15
50.20
50.28
50.41
51.78
52.34
52.95
53.30
52.03
53.09
53.00
53.01
52.93
52.19
50.11
51.20
50.35
50.22
50.13
50.22
50.14
50.67
50.78
50.10
49.86
49.65
49.80
48.81
48.56
49.49
49.25
48.81
48.70
48.56
48.08
48.20
45.03
44.85
44.50
44.83
44.54
44.60
43.88
44.02
44.25
43.70
43.25
42.92
42.61
43.21
43.26
42.72
44.16
46.17
45.85
46.04
45.51
45.00
41.75
41.92
40.94
40.88
40.57
41.17
42.27
43.40
43.04
42.90
42.98
43.30
43.05
43.07
43.52
43.55
43.81
43.74
44.20
44.12
44.00
44.15
44.61
44.91
45.26
45.35
45.82
46.66
47.37
47.55
47.52
47.53
47.02
45.53
45.50
45.62
45.71
45.94
45.80
46.00
45.97
45.70
46.36
47.26
47.60
47.46
47.30
47.36
47.81
48.50
48.48
48.38
48.04
48.20
48.03
48.16
48.31
48.58
48.93
48.79
48.13
48.32
48.24
47.68
47.43
47.84
48.05
47.50
46.81
47.63
47.34
47.65
47.15
46.05
44.81
44.94
44.79
44.86
44.10
44.07
43.76
43.38
43.67
42.85
43.10
43.68
43.95
43.80
43.95
44.45
44.59
44.38
44.92
44.76
44.28
44.40
44.38
44.30
45.65
46.72
46.51
46.20
46.05
45.79
46.39
46.62
46.86
47.00
46.86
46.96
47.01
47.51
47.65
47.68
47.70
46.16
45.99
45.86
46.06
46.00
46.00
46.64
46.30
46.20
46.38
45.83
46.00
46.59
46.75
47.23
47.25
47.59
47.57
48.03
47.87
47.80
47.82
47.26
46.88
47.20
48.05
47.92
48.23
47.92
47.40
47.15
47.61
47.00
46.99
47.05
46.91
46.51
46.82
46.56
46.09
45.85
45.74
45.30
45.35
45.55
44.70
44.25
44.30
44.32
44.59
44.70
44.64
44.52
44.58
44.38
44.77
44.92
45.11
44.85
44.65
44.25
43.46
43.58
43.92
44.58
44.60
44.34
44.40
44.68
44.65
45.11
45.28
46.17
46.18
45.29
44.71
44.98
44.85
44.51
44.12
44.40
45.22
45.35
45.57
45.17
45.00
45.05
45.12
45.20
45.03
44.95
44.41
44.58
44.50
44.20
44.04
43.04
44.50
44.64
32.46
33.20
33.73
33.43
31.66
30.18
30.34
29.75
30.29
29.93
30.14
30.10
30.30
31.03
31.10
30.71
30.50
30.20
30.23
30.51
31.12
31.05
27.99
26.40
26.90
26.88
25.99
25.74
25.74
25.60
26.12
26.20
26.40
27.21
27.30
26.88
27.00
26.99
26.99
27.11
27.35
27.65
27.66
27.32
27.55
28.40
28.11
27.86
28.20
28.49
28.32
28.74
29.05
29.84
30.52
30.37
31.26
31.34
31.98
32.19
31.39
31.97
32.00
32.14
32.14
30.98
31.01
31.05
31.34
31.12
30.72
31.08
30.96
30.50
30.40
30.68
30.98
30.64
30.21
29.85
30.00
31.00
30.82
27.48
27.62
27.78
27.86
28.03
28.22
28.15
28.26
28.61
28.50
28.69
29.02
29.14
28.77
28.49
29.48
31.18
31.28
31.55
31.52
31.37
31.83
31.30
31.10
31.20
31.56
31.66
31.56
31.87
32.02
32.00
31.95
31.52
31.52
31.42
31.77
31.70
31.90
31.80
31.70
31.76
32.01
32.16
32.23
32.06
32.60
32.76
31.98
33.18
33.05
32.95
33.52
34.53
34.76
34.00
34.13
33.60
33.95
33.93
33.52
33.40
33.36
33.28
33.51
33.70
34.00
34.31
34.35
34.01
33.79
33.65
33.40
33.40
33.31
33.30
32.59
32.64
32.55
32.62
32.48
32.74
32.46
32.22
32.31
32.28
31.91
32.00
31.90
31.91
31.97
31.58
31.25
31.08
31.01
31.46
31.53
31.89
31.87
31.92
31.88
31.91
31.22
30.45
30.40
30.60
30.70
30.60
30.80
30.66
30.50
29.90
30.05
30.62
31.02
31.41
31.66
31.77
31.77
31.53
31.45
30.82
30.88
30.62
30.61
30.62
31.23
30.96
30.60
30.35
30.51
30.32
30.36
30.39
30.58
31.03
30.91
30.48
30.43
30.30
30.30
30.35
27.75
27.15
27.52
27.55
27.69
27.52
27.46
28.00
27.81
28.23
28.49
28.75
28.86
29.01
28.78
28.79
28.65
28.63
28.58
28.50
28.43
28.08
27.68
27.47
27.41
27.55
27.41
27.24
26.97
27.13
27.25
27.10
26.88
26.64
25.50
26.21
26.58
26.74
26.71
26.59
26.67
26.85
26.78
26.62
26.13
26.13
26.72
26.91
26.92
27.20
27.65
28.20
27.80
28.39
29.01
29.00
29.34
29.15
29.59
29.58
29.97
29.94
29.59
29.52
29.65
30.18
30.27
30.41
30.66
29.29
29.60
29.37
29.35
29.62
29.70
30.05
29.92
29.62
28.76
27.99
28.50
28.88
29.50
29.60
30.95
31.81
31.83
31.70
31.61
31.81
31.80
32.08
31.76
31.81
32.75
32.50
32.87
32.75
33.13
33.31
33.35
33.35
33.01
32.95
33.22
33.01
32.76
32.61
32.55
33.32
33.71
34.06
34.39
34.20
33.70
33.82
33.74
33.56
33.64
34.30
33.66
34.13
34.35
34.58
34.98
35.52
35.47
35.50
35.29
35.00
35.02
34.86
34.71
34.71
34.75
34.80
34.68
34.34
34.39
34.50
34.75
34.95
34.88
34.96
35.35
35.42
35.64
35.55
35.91
36.00
35.80
35.51
35.56
35.22
35.03
35.31
35.41
35.36
34.26
34.30
34.35
33.79
33.62
33.65
33.55
33.72
34.22
34.52
34.25
34.12
33.90
34.21
34.00
34.18
34.05
33.99
34.06
34.08
34.04
34.25
34.33
34.30
34.41
34.18
34.31
34.80
34.18
34.38
34.13
34.30
34.01
33.89
34.00
34.47
33.14
32.75
33.36
33.50
33.41
33.40
33.94
33.46
33.76
33.36
33.16
33.12
33.46
34.09
34.40
34.50
34.89
35.05
34.71
34.70
34.61
34.92
35.15
36.01
36.46
36.51
36.50
36.34
36.82
36.54
36.47
35.00
35.76
35.89
36.27
36.55
37.05
37.19
38.00
38.97
39.15
40.05
40.75
40.16
40.18
40.67
40.77
40.97
40.16
40.70
40.99
40.86
40.42
40.71
40.88
40.97
38.00
38.35
39.43
39.55
39.78
39.95
39.80
40.21
40.74
40.70
40.35
40.36
40.60
40.72
40.50
39.90
40.70
41.46
40.81
40.90
40.96
40.58
40.72
41.15
41.57
41.84
41.90
41.36
41.81
41.91
41.68
41.67
41.75
41.80
41.29
41.24
41.61
41.64
41.61
42.19
42.62
43.33
43.32
43.88
44.22
44.85
45.31
45.25
45.79
45.81
45.74
45.52
45.13
45.56
45.15
44.30
44.89
45.67
43.65
42.70
42.29
43.13
43.39
43.65
44.30
44.60
44.40
44.10
43.91
44.00
43.58
43.37
43.97
44.16
44.45
44.30
44.55
44.13
43.84
42.96
43.86
43.40
43.06
43.30
43.42
43.67
43.29
43.25
43.17
42.78
42.63
43.00
43.12
43.21
43.97
43.62
44.18
43.16
43.83
43.63
43.92
44.32
44.71
44.70
45.05
45.43
45.03
45.31
45.68
45.72
45.42
45.31
44.60
44.50
44.69
43.91
44.25
44.21
43.97
43.81
43.66
43.70
43.69
43.90
43.66
43.91
44.21
43.81
43.13
42.80
43.87
42.35
43.67
43.51
43.56
43.68
44.20
43.82
43.98
44.30
44.11
43.25
42.76
42.87
42.98
43.11
43.14
43.44
43.76
44.23
43.75
43.59
43.22
43.52
43.33
44.52
45.03
45.04
45.11
45.24
45.52
45.34
45.45
49.25
50.00
49.82
49.25
49.50
50.35
51.00
51.01
51.36
52.08
51.54
51.15
50.54
51.11
51.08
51.55
51.80
51.64
51.79
51.00
51.10
51.87
51.98
52.15
52.33
52.25
53.00
54.00
54.10
53.23
53.48
53.00
51.96
52.45
51.88
51.39
50.73
50.64
50.23
49.63
50.04
50.21
49.71
50.10
50.45
50.29
50.18
49.21
48.46
48.26
48.00
48.40
48.77
50.28
49.47
49.22
49.58
49.36
48.87
49.04
48.60
48.43
48.90
50.47
50.19
50.13
49.33
49.12
48.81
51.18
51.53
52.20
51.49
50.07
49.45
49.50
49.57
50.82
50.24
50.46
50.80
50.92
50.25
50.05
50.41
49.85
49.39
48.11
48.60
49.38
48.74
49.62
49.96
50.09
50.00
49.11
48.73
49.26
49.89
49.63
49.03
49.30
49.45
49.34
49.51
49.18
49.61
49.17
48.97
48.80
50.12
51.21
51.38
51.55
51.53
52.26
51.92
51.25
51.80
51.51
51.44
51.61
53.17
52.80
53.08
53.15
52.78
52.80
53.09
52.68
52.77
52.99
52.95
52.79
54.00
55.74
55.97
57.00
57.31
57.59
57.25
57.19
55.57
55.00
55.68
54.13
54.06
55.52
55.33
55.99
56.50
56.84
57.12
57.79
57.34
55.53
56.78
56.82
57.37
58.83
59.37
58.95
58.63
56.56
57.89
59.01
59.25
59.92
60.13
59.08
58.73
59.13
59.42
59.32
59.03
58.32
57.73
59.06
59.01
58.46
58.02
58.10
57.10
57.10
56.75
56.95
58.02
59.15
59.75
60.00
58.66
58.06
57.75
54.47
52.45
49.10
48.72
47.45
42.32
47.12
46.85
45.32
45.07
45.06
45.82
45.86
44.81
45.05
44.27
44.20
45.49
46.91
46.75
46.74
46.95
46.18
46.02
45.36
46.12
46.17
45.29
44.83
44.13
43.85
43.28
42.72
42.31
41.52
41.03
41.10
42.18
41.54
40.59
40.12
41.76
42.91
42.00
43.26
44.25
44.20
44.20
44.38
36.82
38.05
36.96
37.00
38.08
40.46
40.32
40.38
41.38
41.00
40.79
40.76
39.72
39.08
39.00
38.74
38.36
38.00
38.67
40.00
40.75
36.97
36.80
37.80
38.78
38.90
38.51
38.85
38.63
38.50
38.98
38.94
39.17
39.47
39.63
39.77
39.60
39.00
38.65
38.72
38.35
38.23
38.52
38.53
37.90
38.04
38.08
38.09
37.43
36.71
36.12
35.43
34.93
34.92
34.49
34.64
34.65
34.78
35.00
35.12
35.63
36.33
36.12
36.25
36.98
37.34
37.95
38.28
36.21
36.74
36.96
36.32
36.09
36.67
36.34
36.20
36.04
36.60
34.77
31.15
31.21
31.61
32.36
31.95
31.56
32.40
32.80
32.74
32.95
33.49
34.50
34.75
34.61
35.62
35.60
35.69
35.26
36.06
35.50
35.00
34.70
34.15
34.75
34.56
34.85
35.01
35.89
35.51
34.42
34.06
34.08
33.59
34.52
34.31
33.27
33.12
33.54
32.71
31.51
30.99
30.63
30.52
31.35
30.69
30.70
31.52
31.80
30.34
30.77
31.40
31.06
31.25
29.04
28.82
28.01
25.53
23.64
27.12
28.16
26.41
25.60
27.33
28.63
29.84
27.50
26.86
26.46
25.80
26.10
28.53
29.34
29.13
29.56
30.16
28.55
27.62
28.00
27.51
27.02
26.52
26.08
27.25
25.91
25.07
25.20
23.18
22.82
24.38
25.15
25.00
25.64
24.76
25.36
25.43
24.62
24.13
26.75
26.16
26.41
26.20
25.82
26.20
26.48
26.93
27.06
27.65
28.29
29.19
29.10
28.75
27.95
28.66
29.69
30.31
30.29
29.55
29.16
29.04
28.45
28.30
28.23
27.40
27.37
27.41
27.83
26.89
26.87
27.53
27.52
27.85
28.38
28.38
28.34
28.00
28.93
29.60
28.60
30.01
30.17
28.86
29.01
28.53
28.52
27.88
28.00
28.46
27.79
27.62
27.54
27.72
26.03
24.17
23.42
22.86
22.44
21.93
22.04
20.05
21.39
21.80
21.66
24.26
26.12
25.80
26.13
25.68
26.31
26.77
27.51
26.81
27.08
26.80
26.14
26.52
25.75
26.44
26.09
26.28
26.01
26.21
26.08
25.87
25.57
25.53
25.36
25.64
25.19
22.93
22.33
22.64
23.05
23.21
23.00
23.15
24.00
23.81
24.33
24.36
24.24
24.45
24.65
24.33
24.28
24.85
25.65
25.34
25.22
25.30
25.79
25.41
25.97
25.66
26.47
26.35
26.85
27.13
27.20
27.06
26.47
25.62
25.48
25.54
25.41
25.69
25.68
24.79
24.37
24.43
24.88
25.81
25.15
25.00
25.05
25.19
26.34
26.87
27.29
27.77
26.98
26.76
27.52
27.73
26.58
26.26
26.13
25.05
26.82
27.55
27.41
27.44
28.58
29.27
29.47
29.94
30.42
29.77
29.51
29.88
29.91
29.73
29.48
29.34
29.25
29.45
30.11
30.15
30.00
28.69
30.52
30.54
30.30
30.45
30.98
31.45
32.31
32.50
32.47
32.21
32.12
32.16
31.66
30.75
29.94
30.21
30.30
30.89
31.27
31.92
32.30
32.60
31.86
31.71
31.78
31.60
31.29
31.16
30.80
30.91
31.02
31.68
31.15
31.03
31.09
31.18
31.67
31.94
32.23
32.33
32.50
32.35
32.32
32.62
32.95
33.11
33.63
32.61
31.26
32.18
31.87
32.17
32.00
30.90
30.83
30.96
30.29
31.25
32.49
32.22
32.70
33.33
33.12
32.86
33.00
33.52
33.35
34.08
34.76
35.33
36.19
35.86
35.96
35.62
35.87
36.29
36.45
36.55
36.64
36.48
36.26
36.10
37.39
36.87
37.27
37.27
37.52
37.26
37.20
37.47
37.55
37.14
36.76
36.79
37.07
36.81
36.50
36.55
36.93
36.90
37.40
37.43
37.50
37.32
38.10
39.10
39.01
39.44
39.97
40.05
38.77
38.72
38.16
37.96
37.94
37.66
38.07
38.10
38.47
36.82
35.82
36.22
36.32
35.76
35.87
36.09
37.26
37.16
37.03
37.15
36.60
36.40
36.27
36.05
36.44
37.03
37.32
37.10
36.88
36.93
37.11
36.83
36.50
36.10
36.73
37.00
37.40
37.57
37.88
37.85
38.03
38.25
37.98
37.76
37.35
37.58
37.51
37.06
37.50
37.33
37.17
36.56
36.62
36.78
36.80
36.58
36.01
35.96
35.37
35.29
35.87
34.70
33.76
33.54
34.90
34.41
34.20
34.98
35.03
35.04
35.60
34.90
30.70
32.95
33.89
33.03
33.43
33.11
32.68
32.18
32.30
32.07
31.75
31.04
31.61
31.10
31.84
32.78
33.50
33.31
33.53
33.99
32.99
33.10
33.10
33.49
33.99
34.23
34.95
35.03
35.70
35.30
35.48
34.91
35.07
34.93
35.17
35.28
35.57
35.00
34.75
33.65
33.65
34.05
34.42
35.33
35.72
35.84
36.03
35.83
35.90
35.88
35.69
35.20
34.98
35.00
34.41
34.81
35.00
34.62
34.60
33.82
34.55
34.48
34.55
34.70
34.50
35.06
34.82
34.82
34.60
34.65
34.59
34.94
35.03
34.50
34.25
34.56
34.17
34.02
34.28
34.32
34.72
34.51
35.27
34.52
35.28
35.41
35.34
35.79
36.12
36.00
36.06
36.24
36.20
36.16
36.23
36.37
36.63
36.52
36.73
37.13
37.02
36.86
36.64
36.35
36.29
36.70
36.82
36.63
36.61
36.67
36.32
36.78
36.84
36.76
36.91
36.31
36.57
36.58
36.95
37.29
36.89
36.13
36.66
36.02
35.98
36.51
36.04
36.44
35.42
35.57
34.98
34.78
34.85
34.39
34.52
33.94
34.45
34.85
34.92
35.18
34.71
34.81
34.50
34.29
34.32
34.67
35.01
35.02
35.05
35.25
35.20
35.26
35.50
35.70
36.11
36.40
36.40
36.12
36.37
36.16
36.10
36.22
36.05
36.10
36.17
35.97
35.93
35.99
35.85
36.00
36.56
36.86
37.16
36.70
36.92
34.51
34.12
33.48
33.70
33.72
33.88
33.77
33.29
33.18
33.24
33.00
33.07
32.90
33.60
32.51
32.78
32.74
33.05
32.92
32.89
32.86
32.75
32.65
32.68
32.70
32.80
32.26
32.04
31.85
32.00
32.19
32.44
32.30
32.62
32.84
32.72
32.82
32.91
32.84
32.47
32.25
31.71
31.06
31.16
31.66
32.04
32.46
32.41
32.54
32.54
32.39
32.42
33.01
33.00
33.00
33.21
33.01
33.15
33.06
33.40
33.51
33.39
33.37
33.27
34.45
33.85
33.52
33.95
33.96
33.63
34.39
35.05
35.46
35.63
36.18
36.07
36.27
36.17
36.29
36.10
36.50
36.47
36.58
36.85
37.00
36.69
37.11
37.15
36.89
36.62
36.79
36.59
36.10
36.08
36.34
36.20
35.93
35.76
35.49
35.56
35.47
35.79
35.36
35.03
35.33
34.99
35.00
35.18
35.22
35.61
35.42
34.54
34.50
34.37
34.50
34.82
35.10
35.16
35.44
35.37
35.45
35.77
35.51
35.58
35.63
36.02
35.68
35.31
35.31
35.52
35.72
35.94
35.68
35.65
35.11
34.89
34.05
32.80
32.57
32.20
31.44
30.75
29.88
29.47
29.72
29.74
31.20
31.45
31.67
31.87
30.77
30.75
31.19
31.36
31.67
31.71
30.98
32.08
32.10
32.90
32.86
32.30
31.51
32.52
32.65
31.61
31.40
31.45
31.48
32.03
32.44
31.90
32.16
31.82
30.77
30.71
31.01
31.95
31.88
32.22
32.35
31.56
30.54
31.01
30.99
31.57
32.04
31.82
32.15
32.26
32.69
32.25
32.19
32.42
32.31
33.09
33.13
32.82
33.08
33.82
34.62
34.50
33.70
33.96
34.34
33.78
33.82
34.04
33.56
34.29
35.36
35.11
35.34
35.03
34.42
34.94
34.00
33.76
33.19
33.13
33.69
34.37
35.20
35.56
35.37
35.06
35.25
35.20
35.07
35.21
35.18
34.86
34.90
35.89
36.02
36.34
36.50
37.02
37.21
37.64
37.71
37.40
37.49
37.47
37.81
37.90
38.04
38.43
37.89
38.40
38.24
38.42
38.02
38.37
38.64
38.73
38.92
38.68
38.65
38.26
38.54
38.22
38.27
38.19
38.32
38.00
38.08
38.13
38.25
38.22
38.14
37.78
37.98
37.95
37.89
37.80
38.32
38.08
37.90
38.10
38.14
37.83
38.00
38.12
37.66
37.56
37.99
37.30
36.91
37.35
37.46
37.65
37.70
38.09
37.95
37.97
37.84
37.62
37.63
37.53
37.61
38.15
38.68
38.23
37.78
38.05
38.21
38.46
38.50
38.59
38.56
38.45
38.40
38.19
37.77
37.88
37.99
38.38
38.16
38.30
38.20
38.17
38.13
38.29
38.34
38.59
38.86
39.09
39.06
38.61
38.50
38.28
38.09
38.25
37.95
37.71
37.58
37.77
38.00
37.63
37.55
37.35
37.02
37.28
37.37
37.43
37.29
37.25
37.02
37.12
37.26
37.53
38.01
38.25
38.44
38.39
38.27
38.35
38.87
38.72
38.86
39.00
39.29
39.55
39.70
39.72
39.97
40.19
40.89
41.23
41.56
41.30
41.29
41.53
41.26
41.06
42.76
42.93
43.00
43.16
43.68
43.54
43.31
43.06
42.26
42.36
42.98
43.46
44.33
44.17
44.10
43.52
44.08
44.17
43.98
43.83
43.70
43.96
44.25
44.28
44.00
43.85
43.09
43.24
42.91
42.80
42.61
42.64
42.84
42.75
42.69
42.64
42.91
42.87
43.08
43.62
43.92
43.89
44.28
44.31
44.01
43.44
43.48
43.69
44.09
44.35
44.86
44.79
44.86
45.00
45.01
44.78
44.97
45.10
45.27
45.85
45.86
45.79
46.03
45.40
45.35
45.56
45.69
46.71
47.08
47.28
46.88
46.19
45.87
45.80
46.01
45.79
45.44
45.68
45.99
45.31
45.68
44.18
43.84
43.62
43.88
43.67
42.91
42.55
42.36
43.09
43.24
43.63
43.92
43.92
43.85
43.54
44.48
44.12
44.42
44.38
44.23
44.38
44.16
44.42
44.50
45.02
43.90
43.41
43.51
43.36
43.61
42.00
41.45
41.31
41.22
40.80
40.63
40.02
40.94
41.11
41.82
41.85
42.18
42.20
42.75
42.71
43.05
42.81
42.50
42.54
42.65
42.61
42.55
42.93
42.72
42.93
42.99
43.46
43.25
41.51
40.83
40.93
40.98
40.88
40.95
41.09
41.13
41.01
40.83
41.24
41.58
42.22
42.27
42.53
42.51
42.10
42.27
42.73
42.33
42.76
43.10
43.06
43.09
42.92
42.87
44.88
44.48
43.60
43.79
43.57
43.60
43.88
43.76
43.80
43.51
43.90
43.91
43.96
43.77
44.42
45.00
45.01
44.89
44.96
45.34
45.78
46.68
46.65
46.46
46.50
46.41
46.49
46.66
47.18
47.93
47.87
47.28
47.11
47.72
47.00
44.60
45.49
45.46
44.97
44.88
44.97
44.95
45.49
45.68
46.00
46.46
45.01
45.08
45.10
45.19
46.49
46.42
46.60
47.52
46.51
46.74
46.69
48.31
48.17
48.47
47.75
48.10
48.36
47.55
47.23
46.49
47.50
47.56
47.66
47.45
46.21
46.67
46.06
46.08
46.28
46.87
46.45
46.22
46.03
46.16
46.61
47.24
47.61
47.59
48.13
48.19
48.26
48.03
48.13
47.35
47.20
47.55
47.54
47.51
47.35
47.78
48.15
47.84
47.97
48.04
48.18
48.07
48.09
48.35
48.19
48.26
48.09
48.08
48.41
47.85
47.48
47.45
47.56
47.30
47.40
47.45
47.53
46.93
46.47
46.79
47.02
47.01
47.11
47.26
47.06
47.48
47.86
47.96
47.65
47.67
48.10
47.94
47.63
48.10
47.87
47.54
47.52
47.42
47.51
47.29
47.29
48.15
48.12
48.00
47.94
47.68
47.64
47.14
46.96
47.15
46.44
46.42
46.57
46.89
46.47
46.08
46.14
46.48
46.19
45.85
45.21
45.08
45.11
45.09
44.62
45.66
45.32
45.34
45.78
45.86
46.88
46.80
46.65
47.50
47.63
47.78
47.65
47.75
48.16
48.44
48.94
49.16
49.56
49.48
49.74
49.38
48.82
48.77
48.96
49.20
49.10
48.75
48.03
48.06
47.89
47.61
47.65
48.53
48.63
49.25
49.23
49.36
49.53
49.33
49.53
49.30
49.46
49.51
49.94
49.60
49.34
49.50
50.79
52.17
52.35
52.10
51.72
51.71
51.28
50.86
51.13
52.53
52.22
51.78
52.38
52.76
51.92
52.40
53.14
52.80
53.44
54.22
54.44
54.85
54.41
54.95
55.13
54.99
55.03
55.82
55.87
55.80
55.92
56.00
56.65
55.95
56.91
56.52
57.01
57.10
57.00
56.57
56.26
55.72
55.27
55.95
56.16
55.64
55.31
54.62
53.57
53.81
55.39
55.33
55.77
56.04
56.01
56.05
55.95
56.09
55.03
54.70
55.20
55.78
55.30
54.95
55.11
55.93
56.27
56.40
57.02
57.08
56.85
57.02
56.48
57.27
58.02
58.55
57.94
57.75
57.04
55.52
54.72
54.40
54.85
55.20
55.63
55.51
55.66
55.62
55.73
56.13
56.04
56.45
56.47
56.40
56.60
57.52
57.48
57.37
57.51
57.72
57.68
57.24
57.92
58.40
58.06
57.98
57.73
57.78
57.81
58.10
58.44
58.41
57.88
57.72
58.25
57.48
57.53
57.48
58.37
59.07
58.49
57.91
58.18
57.73
58.16
58.06
57.49
57.73
57.57
57.62
57.71
58.13
58.05
57.92
57.92
57.85
58.14
57.61
56.72
56.28
56.36
55.82
55.72
55.57
55.58
56.46
56.52
57.16
58.00
58.03
58.35
58.34
58.53
58.79
58.90
59.26
59.66
60.11
59.84
59.83
59.67
60.06
59.92
60.15
60.83
60.47
60.35
59.81
59.26
59.50
59.28
59.28
59.82
60.49
60.26
59.69
60.23
59.63
58.55
58.81
59.25
58.50
58.29
59.17
59.30
58.45
58.57
59.11
58.66
55.98
55.73
54.29
52.49
53.53
53.92
54.32
55.00
56.19
56.63
55.92
54.10
55.63
55.70
57.66
57.57
58.87
59.38
59.19
59.06
57.70
59.21
59.10
59.18
58.77
59.31
59.15
59.13
58.86
