-7.05154639175
-10.6164383562
-8.90650188071
-8.52173913043
1.10631408527
2.7397260274
2.0979020979
2.05648478201
3.18884594147
5.50889679715
-0.0987584650113
-1.79920340613
-1.59201295197
-5.15841843415
-10.6461460188
-7.7203489129
-5.29396462019
-2.79344262295
1.7585931255
4.47840531561
1.81601272534
7.7052395629
10.5072463768
15.0344827586
13.9115955192
14.9649497105
8.97709923664
9.09090909091
5.24193548387
0.854961832061
3.96070975919
5.64516129032
5.08390098023
0.714749837557
6.40025990903
5.2
4.64135021097
4.67826086957
8.95575221239
14.126807564
5.61520859004
-3.05955497382
-3.45869711216
-0.877192982456
-4.53097345133
-5.0158836315
-5.96923076923
-5.08366533865
-7.49756572541
-11.6359086644
-7.18497827436
3.37150127226
1.61943319838
0.818062827225
3.8661468486
0.6875
-1.84202310334
-0.595621377978
-8.43445692884
-9.05599054513
-6.22710622711
-2.2879804759
-5.16030534351
0.557396806267
0.5645520725
5.19420468557
-0.379881476979
3.0522341095
3.01055245189
1.6
-5.97101449275
-5.64874551971
-11.6485960523
-11.1172413793
-7.90936891854
-3.4965034965
0.359712230216
6.48312611012
4.69314079422
5.31400966184
6.41464503646
0.361010830325
-3.31997710361
0.449666376559
0.455882352941
-1.55311355311
1.65883734586
0.373455903476
-2.9014084507
-2.59275175476
-2.41635687732
-5.96355604638
-3.72009403955
-3.80707221244
-6.44599303136
-6.35961976168
-2.84334763948
-3.58666666667
-1.08549986599
3.00938707896
8.34058601683
7.761237173
7.77410547492
5.84397163121
4.51594286539
-1.34516313681
-1.07234772662
-5.24237472767
-3.34521524541
-4.8070320011
-1.57746478873
-2.94199278379
3.61173814898
0.690226394257
2.18947368421
-2.23079041586
-2.94949494949
-4.53872053872
-2.10810810811
-3.85912832276
-5.22056904203
-2.90309925461
-3.80878352118
-1.83072433006
-0.363000806668
2.32371794872
2.38318382648
5.1778171413
9.05671296296
10.6022304833
11.1308993767
12.5188309732
12.4750957854
7.89884483297
5.49019607843
-3.13398504888
-6.38837963616
-6.78571428571
-11.4459496821
-12.4072547403
-2.93050516327
-4.2920772034
-6.66666666667
-3.82876894443
-1.3954748679
-1.87594139395
2.39082365948
6.2925170068
5.24695676508
1.93343460848
0.260845689182
-1.21501706485
-4.1564792176
-3.34054638896
0.569444444444
1.33555926544
1.03448275862
1.89619377163
1.98620689655
-1.28873046339
-0.814129984821
1.84014608793
1.58886389201
3.73443983402
5.41985836103
7.93863568662
7.86363636364
5.75464684015
3.49474307715
1.83985869885
-0.82717872969
-3.40992243524
-0.458851391356
0.506027682691
1.22169249106
-0.89298784951
0.648107232288
-3.65088419852
-8.19784123514
-7.10034602076
-2.7615658363
-6.8468715697
-4.10284463895
-1.67920472864
-2.36486486486
-5.06756756757
-0.924415443176
-2.9079803479
-2.12989744938
-1.73947682911
-3.74609781478
-3.8431372549
-2.4355486462
-0.170626066413
-2.04214360042
-1.67540606216
-2.16140171377
-0.477050025786
-6.94919394235
-9.28613569322
-8.48548689139
-10.4455388844
-10.5317799054
-6.95454545455
-4.44243995941
-5.00333555704
-2.71866295265
-2.72666068223
0.136549840692
-1.45555555556
3.52209944751
-1.16727232684
-1.45953118089
-3.95628415301
0.693667487134
-4.59037996925
-0.884086444008
0.277192593414
3.38983050847
-1.10643947776
-1.02173913043
1.02547138604
0.8385509839
-3.40537000655
-2.4184841287
-3.03541315346
-2.15773006797
-1.30214080777
-0.348053078094
2.91111111111
5.94015185351
1.7900285526
1.18356409111
1.45663209005
-1.51017728168
-2.65217391304
0.0659340659341
-0.907280371764
1.46680103012
-0.131147540984
-1.47783251232
-1.62162162162
-0.132596685083
-3.64656381487
-1.28384939044
-1.44591029024
-1.19632557146
-2.68817204301
4.00583482944
9.04705882353
13.7318449166
12.119760479
10.7142857143
7.12826060825
4.14114187699
2.29616895874
0.22806385788
3.38461538462
0.374034749035
-0.994662785056
-1.05697971085
4.71342383107
2.92627311882
1.22129946263
0.231003039514
2.49034989416
-1.77777777778
-3.942565101
-3.07765151515
-2.04835060141
-4.93607954545
-3.98293029872
0.403176542456
1.81993491623
1.51112185687
1.80766449747
4.47058823529
2.7878940098
6.23559539052
7.02548842024
6.52118100128
2.59179265659
2.48391248391
1.32330046705
-2.57153661919
-2.51532974596
-1.8578553616
-2.57053291536
-3.83031815346
-0.251477429901
3.17624273725
7.79569892473
6.63190266078
5.89245607082
7.25556304788
6.19772384478
3.43389406367
0.999324780554
5.93421973408
2.88608297489
3.81494661922
5.84167157151
6.22579256922
3.58074804291
0.82540570789
-4.56459720147
-9.56753160346
-6.05121293801
-9.11725955204
-3.73063973064
1.09875017168
0.899570354458
-2.08498284508
-0.680450143941
-4.80769230769
-7.11825487945
-3.46079066753
-4.67924528302
-3.38811630847
-3.52504638219
-1.14754098361
-1.43094416762
8.00163021329
6.53198653199
10.0598965423
5.93107133316
4.56913827655
-2.69662921348
-2.26405159932
-2.83068783069
-0.066746762782
-0.557991231566
-0.942778577976
-1.20936280884
-1.0989010989
-3.11691670978
-1.63355985363
0.566236502502
0.273829704003
0.711462450593
-0.998719590269
-2.64631043257
-1.88630490956
-0.917312661499
1.06524633822
5.54054054054
8.41379310345
6.61157024793
4.04624277457
2.48362445415
1.38375119879
-2.29110512129
-2.31431646932
-1.2478428249
-0.906017579446
-2.43282983558
-0.0269469145783
2.86505190311
3.74604049029
1.12129085191
1.23139377537
0.637288135593
-2.6936026936
-2.66756032172
-2.04929011519
-0.765408889486
8.77581120944
10.0
12.6547870734
13.7416209628
14.5692307692
6.08668439994
4.8951048951
2.34930448223
2.33863423761
2.45901639344
-1.06811145511
0.988700564972
3.75240538807
5.14754098361
3.15447154472
2.57224515719
-1.17866004963
-7.68319763138
-9.36106983655
-7.42134577751
-4.1400304414
-0.693054058217
3.93906754885
3.92217418159
1.98035001535
-0.830188679245
-4.48661370991
-4.41241359023
-4.46968579436
-4.36059315813
-1.73539009196
-0.730140186916
0.206337509211
-0.044234739015
-1.33275387513
-3.20172290022
-2.17142857143
-1.52394775036
-3.10044292042
-0.173535791757
-1.31765372627
-1.06007067138
-3.25751193485
2.16026857393
0.18835120255
2.7365356623
4.02881929128
6.07685433423
3.81876041825
6.02150537634
5.2067381317
0.457902511078
2.11406844106
2.62830482115
-1.51285930408
-2.75502606106
-0.89298784951
-3.10934276452
-3.81451009723
0.608828006088
4.93827160494
9.38350680544
7.11917916338
0.966621356291
-1.35135135135
-6.33782201405
-8.75219170076
-6.37008572273
-1.32637853949
-2.4318781131
-0.408163265306
0.750772854409
-1.21185574536
-1.58404224113
-1.3013302487
-1.92994996426
-1.99105468186
-0.811006517017
2.83559577677
5.78158458244
3.99940529289
3.52501867065
3.05970149254
-0.28575725673
-0.63829787234
3.11206500077
3.39768339768
4.99921642376
3.56697819315
1.18406889128
-0.229427959621
-1.054400978
-1.43651529194
-1.5639374425
0.650054171181
1.55327741535
1.33168163518
-0.231160425335
0.866068666873
-0.446841294299
-0.325127728751
0.685999376364
-1.05215004575
-1.92628545427
-3.20656226696
-3.00345397207
-1.85156847743
-1.89977561705
-2.68634686347
-2.11678832117
-1.53777909212
-1.34359903382
1.0582010582
1.11940298507
2.25406777131
11.4168039539
13.1920710868
14.1698308595
15.3382682045
17.1768410005
3.76068376068
-1.3652452385
-3.02928870293
-2.5825926547
-4.7642845244
-2.4186822352
-0.752760120442
0.386424731183
1.41156462585
0.451807228916
1.55852956124
1.51129223977
2.44406196213
0.119189511323
1.59809588575
0.101746650839
-0.152594099695
-1.27442650807
0.136402387042
1.01322342435
0.631399317406
1.68965517241
-0.742115027829
0.68669527897
1.05866018743
2.87921348315
1.75438596491
3.07719054242
-1.00271923861
-2.63602568435
-4.15615009255
-2.46406570842
-3.16498316498
0.375298532924
1.45722612721
0.473372781065
-1.69890664424
-1.3616738625
-3.23539121822
-2.27843859943
-1.10349439893
0.337552742616
-1.6976820111
-0.704802491395
-2.94308943089
-1.6929651545
-2.30832646331
0.624178712221
-0.521767487363
-2.34995236583
-3.443897794
-1.87671897751
-2.85623105154
-2.91277505145
0.768
0.430347465732
-2.64608599779
-2.64098182383
-0.425598991173
4.60251046025
6.71882973295
8.67853474837
10.8298898072
9.28509905254
2.66323024055
2.22569987828
1.77700348432
1.16704406898
0.816255644321
1.04166666667
0.121866295265
0.192005585617
2.8853046595
4.21719457014
6.35155096012
7.18417615227
7.80955965374
6.99904122723
2.31481481481
-0.678525582248
-2.59905488913
-3.46957311535
-7.81332861941
-5.16332982086
-3.52087756546
-0.846999459362
0.382932166302
3.06066678812
4.53460620525
3.38394000366
2.11630474788
-0.831826401447
-1.22368184272
-1.85585585586
-2.14784320745
-2.17821782178
-2.34857849197
-0.340746054519
-0.197806149973
-1.35946327684
-3.39130434783
-0.474516695958
-1.48409893993
-4.3351109582
-2.68041237113
-0.519031141869
-1.07788595271
-1.5652173913
2.90316870243
3.85438972163
1.17276387187
2.00390140096
0.700525394046
2.29989134372
2.54345837145
3.96724294813
5.9962406015
8.39028094153
1.69429097606
5.33924441018
5.69340257742
2.24870267154
0.323747857551
1.7425519955
-2.03927492447
-1.04682146936
-0.325670498084
5.06202480992
7.81818181818
7.97145769623
4.3910192728
2.59433962264
-1.30331753555
1.53846153846
4.53964194373
6.45093062606
4.13426115432
5.91926375235
6.55737704918
7.6887766812
6.77506775068
7.26673984632
4.6170678337
3.95364689843
-2.08988764045
5.42857142857
9.75903614458
14.2214446388
12.7016645327
4.46009389671
-5.5330634278
-9.78260869565
-17.437061494
-19.5011337868
-14.1129032258
-7.27841501564
-3.88633514417
6.41194554238
3.58744394619
1.32788559755
-4.76663356504
-6.1936495492
-11.1414634146
-5.73671497585
-4.18868663143
-0.454725187821
2.04
-0.0195083886071
-1.89573459716
-1.52274479568
-5.98513011152
-4.87062404871
-2.6770457566
-1.97444831591
2.44865718799
6.03074497438
4.03800475059
10.0271568832
5.14960309383
4.84472049689
4.40329218107
2.26720647773
-3.56567284448
-0.887633649385
-1.62932790224
-1.35985386645
1.20876869494
4.85847063794
5.33361665958
8.65235671609
7.71753388719
7.86740331492
3.13725490196
-1.34171907757
-7.30256410256
-1.12408127972
-1.00634434478
-1.03492884864
1.59744408946
5.31432274789
4.51875282422
3.5803308407
0.826086956522
2.89283366206
0.608563355792
-6.42706131078
-11.0282258065
-9.59119496855
-8.55711422846
-9.33990147783
-7.30942582794
-3.0303030303
0.454096742349
-2.84267912773
0.51495345613
-3.5532035532
-5.67951318458
-5.23854069224
-5.30973451327
-6.91371681416
-2.12726600074
1.02459016393
-1.38376383764
-3.14285714286
-2.12919523638
-3.32618025751
-2.45320734145
-1.13097409704
6.06060606061
2.74378939562
0.993317681055
-2.70509193777
-4.84290921715
-8.14196242171
-8.29649778987
-6.20023716754
-6.21787431603
-1.72296144661
-4.04006677796
-0.993098804915
-1.53461217681
2.53315198912
-0.373895309313
1.13118352186
1.4341813215
2.04255319149
-0.305084745763
0.770679910944
3.62141357593
2.14509940705
0.42735042735
1.20068610635
2.69081955681
1.56361051883
1.73882185947
3.26566637246
2.40646407869
-0.140498770636
0.5
-0.792114064425
0.0706588941883
-2.2660944206
-3.47516528225
-6.4796259185
-3.89105058366
-4.01831129196
-2.5593844095
-1.37100819261
0.133779264214
-1.17037284735
-0.522853769607
1.58028887001
2.51971203291
5.43018335684
7.53326141676
7.11833785005
9.89729225023
12.7125193199
4.26470588235
0.415237407474
1.54100165107
-3.32189925979
-7.33977801647
-0.820419325433
1.33552872302
0.183789744532
3.41672890217
2.68382352941
1.55526754305
2.45548266167
3.44106463878
-0.649230198479
-0.910746812386
-0.643855776306
-0.0562008242788
-2.24865266679
2.7640106748
4.07582938389
4.33781190019
1.09848484848
2.00947867299
-0.0571537435702
2.20887424918
0.44341623289
1.63618864293
0.744843391902
2.53955850752
1.65452038605
1.19001170503
1.64351398943
3.07086614173
-1.93486590038
-4.24368162957
-5.87587219978
-7.05582833242
-10.0884955752
-4.48307410796
-4.46846846847
-0.0183587295759
-0.1452696568
2.07768744354
-0.237312887915
-0.179856115108
-4.0514356174
-1.85350204955
-3.23426573427
-3.60724969206
-1.95732675013
2.01257861635
0.718003949022
3.21183688199
0.282336333157
-0.386439487089
-0.819818214222
-0.322061191626
-2.70365168539
-3.76974019358
-2.08118335053
-3.756432247
-1.5154185022
-0.41958041958
2.66736401674
-0.0687521485046
-0.34188034188
-4.28402766065
-2.98507462687
-2.61460101868
-0.631938514091
0.515463917526
1.82036750816
-0.0677966101695
-0.724759817967
-1.79469976518
-2.23416764656
-2.05214465938
4.14827890556
7.89234406256
7.65619357169
7.16471647165
7.21370604148
0.550230741924
-1.345532831
1.13221329438
-0.0539762504498
-0.502422393684
0.0710479573712
-1.95250659631
-6.7914893617
-5.89231290213
-4.40823327616
-3.67835757057
-4.18001011293
-0.927487352445
-0.287016714503
-4.11184210526
-6.28507295174
-6.18279569892
-4.81540930979
-5.81968516457
-2.10916116567
0.353982300885
3.36711343576
0.483870967742
3.06456899377
2.57638315442
1.10623068163
-0.874918988983
1.40660778541
-1.4057198255
-1.80019461563
0.146627565982
1.11402359109
-0.48828125
0.226720647773
-0.339421367383
-0.566985258383
0.0491722668415
-0.534239922292
3.22634570378
7.02300640028
6.63326999482
7.05386909984
7.38873435327
5.57712672079
4.36901967864
4.38153624234
3.09334298119
6.08631501291
4.67393312396
3.51336198841
2.28697897455
-1.1091234347
-2.46447202734
-1.65334302326
-1.8705299835
1.49756645451
4.79940007499
3.94540014959
2.89773789493
1.5078183172
2.49424405219
3.9360872954
6.38551820171
6.36309405448
6.79920477137
3.61829025845
3.13504823151
-0.0993640699523
-1.52731544938
-0.749802683504
-0.592885375494
-2.43137254902
-4.33460076046
-3.25819283955
-5.62383612663
-5.06566604128
-4.67289719626
-0.922961009606
-1.85908161368
0.920879533922
0.414468726451
2.31401797667
3.30803658299
5.03807850029
5.05429417572
5.38018661902
2.87231949636
0.764705882353
1.16554721454
-0.996872556685
-1.23529411765
1.4368389543
1.53294843719
1.0379241517
2.36094437775
4.1028781384
1.27324171382
1.0460671897
0.804828973843
2.22949478421
-0.203707476064
1.74789224758
2.79156327543
1.61521161317
6.93350831146
7.89010989011
8.5733422639
7.75401069519
8.88245770258
1.78094390027
3.55029585799
1.22033898305
0.425151040501
2.58049783055
3.50230414747
0.779816513761
0.72843159572
2.97235023041
-0.182356963757
-1.9209039548
-4.80349344978
-5.68913696866
-5.81597222222
-4.94041170098
-4.11700975081
1.4171833481
10.3529969202
9.47968638632
11.419604056
12.506094588
11.2315270936
0.308935361217
-0.964705882353
-5.06532202613
-5.24370524371
-5.73485024379
-3.44194584672
-2.4334251607
1.1123986095
-0.711009174312
-1.32875143184
-0.274599542334
-1.29163834126
-2.15419501134
-2.24215246637
-1.60054102795
-1.15358516173
-1.42952870226
-1.8691588785
-1.10864745011
-2.91092142701
-2.83516483516
-3.09523809524
-4.48459086079
-6.04166666667
-4.35419719489
-4.87141961112
-3.91014975042
-0.169743263314
4.57516339869
4.59820451062
3.32685245193
4.68103635968
2.03507252652
-0.173988690735
-1.25405405405
0.39037085231
0.327653997379
-2.13983050847
-2.91385135135
-3.44467640919
-4.49461474731
-3.82352941176
-1.80986061993
-2.35051546392
-2.12505108296
-0.943783340172
-2.37899917966
-0.207598090098
0.206611570248
0.658165364048
0.890084868557
-0.245499181669
-1.41219811707
-1.38549307253
-0.491199345068
0.0
0.700453234446
0.742268041237
2.48486114011
2.56087321579
0.478369384359
0.185758513932
1.57068062827
1.65569942687
-0.293009627459
-0.04158004158
1.63624921334
0.994077834179
2.08017334778
6.20137808402
6.53377630122
6.28762541806
4.8104633119
3.96485694976
0.942337895445
3.15284441398
2.91418081689
2.6393629124
3.20855614973
2.01419089036
-0.522727272727
-2.22122503926
-0.340136054422
-2.67028739534
-2.45590533601
-2.35241899689
-1.58975491278
-2.32558139535
-1.4495985727
0.358503248936
0.378703497438
1.59264244056
-0.638204225352
-4.55512984249
-5.20390824129
-4.36727737537
-3.52737502705
-2.27956989247
0.513478818999
0.684345594525
0.643224699828
-2.20105820106
-1.98145025295
-0.510855683269
-0.510638297872
-2.22222222222
-1.2539184953
-0.773896674336
-2.34878403658
-1.48815761895
2.11946050096
3.125
2.04909284952
4.3600867679
2.7125941873
0.150085763293
-0.960512273212
0.88285960379
-0.860215053763
-0.300493668169
0.843243243243
0.0427076660261
-1.02301790281
-1.96078431373
-1.50105708245
-4.36311000827
-2.09073803052
-2.20925385577
-1.59751037344
-1.56087408949
-0.0206739714699
-0.0417972831766
0.418585182085
2.77185501066
0.208550573514
0.603161397671
-0.972682119205
-1.19933829611
-2.1897810219
0.756461441479
0.564735411002
0.855771237737
2.89361702128
1.71828595672
0.506863780359
0.652631578947
1.82784272051
0.298762270593
1.15879828326
2.24573526236
3.44076655052
2.59485390318
2.60564922268
2.30515916575
1.37915936953
2.70632968016
2.36607142857
2.74465691789
1.6060673656
2.44449428123
-1.43298059965
-0.797165633304
-1.22222222222
-0.466252220249
-0.955131052865
-0.0881057268722
-0.418963616318
-1.03364855949
0.378872297749
0.267260579065
2.1832095431
4.01376146789
3.17676423871
0.492721164614
-0.222222222222
-0.80375083724
-2.22022875084
-2.21877080098
-0.711585501445
-1.76817288802
-1.38705416116
-3.23350694444
-2.48810038944
-2.97734627832
-0.456323337679
0.821309655938
2.05980066445
2.87113287336
3.06871247498
3.3228558599
-0.088711465957
-0.725593667546
-1.85670598515
-1.46801051709
-1.59080866107
-1.48568931615
0.0660066006601
0.504939626784
0.528634361233
0.177069499779
1.77896375361
1.74613834788
1.58340767172
1.45251396648
2.05556810481
1.97278911565
0.472334682861
-0.178094390027
-0.710006656312
34.1515151515
32.3926748724
29.8860648554
34.3703260544
42.3113356489
6.52033570045
9.78905735003
11.3532856213
8.36304700162
5.32091785833
2.61676051673
-0.524590163934
-0.517799352751
-0.99486521181
-4.23566878981
-3.42290467051
-0.196335078534
1.34470318137
1.63078930202
0.576553491352
-0.981944884384
-2.39540083041
7.81471004243
14.4029850746
12.0200932903
16.8393782383
19.4582220527
6.43582988333
3.07692307692
5.52820901174
3.32695984704
-0.907372400756
-1.91952750092
-5.38573508006
-3.40160936357
-4.42251461988
-2.47050147493
-0.147438260229
1.25276344878
0.440852314475
-1.2274368231
-1.98771232382
-3.17630264097
-2.09235209235
-4.82517482517
-3.4170153417
-1.60028449502
0.466116887773
-3.38096897874
-0.452488687783
-0.208768267223
-3.20137693632
-5.84064821067
-5.87270341207
-9.6256684492
-9.02184235518
-7.80704538242
-7.37961225766
-5.40037243948
-1.57894736842
-1.12676056338
-2.14285714286
-0.806451612903
0.0
0.497822028625
2.20729366603
3.43719884356
2.87172941927
2.09125475285
3.24445872149
-0.761904761905
-0.128328521014
0.836550836551
2.96900489396
0.842241658568
0.638977635783
0.483558994197
1.13895216401
0.955204216074
3.41708542714
1.13085621971
-0.481231953802
-1.44323284157
8.35117773019
6.41711229947
11.2109234639
9.52213633169
9.75008799718
-1.16402116402
-1.33661625044
-3.36805555556
-0.836236933798
-1.21696801113
-2.94419719274
-3.332199932
-1.87393526405
-1.10268780152
-0.311958405546
-10.4262496167
-5.76738224928
-7.58816120907
-9.28415129728
-9.56112852665
2.87066246057
-2.86336756925
0.506329113924
1.298290057
0.694444444444
0.0
1.26063662149
-0.722588752749
-1.80348258706
-1.49253731343
-1.82719108083
-0.84375
0.410094637224
1.38713745271
0.374531835206
1.41331658291
0.0625390869293
-1.12289457268
-0.470662064638
0.88161209068
-0.531084036239
-1.41800246609
-0.957676861291
-1.36180748994
-2.27692307692
-3.11743341404
-1.36819702037
-3.34428187519
-3.0603060306
-1.9312009656
-2.27743271222
-4.72190034762
-3.70902817711
-4.22413793103
-3.74673250073
-2.50865051903
1.32081009686
1.4585764294
1.75438596491
1.50353773585
3.21428571429
1.73186025679
1.4501331755
0.884955752212
-0.235294117647
-2.38233585125
-4.12253077584
-2.76258992806
-0.76112412178
-0.584795321637
1.59386068477
4.26865671642
3.29964328181
2.09205020921
2.24215246637
2.63556498031
1.66919575114
2.5922537359
2.57510729614
2.51302482378
0.824679291387
1.25998770744
1.3601236476
0.523882896764
0.585696670777
1.70860515688
0.961836798014
0.810221252727
1.31127068373
1.12219451372
1.77047107177
2.80701754386
2.23000955718
1.52139461173
0.943989930774
-0.846394984326
-2.03125
-2.57603972688
-1.74400498287
-0.656455142232
-0.250156347717
2.4
5.46644844517
5.27868852459
3.29350984824
3.73013298735
1.46103896104
-1.64198325821
-1.92926045016
1.34162303665
2.83522348232
-0.645161290323
-0.576184379001
-1.58227848101
-3.3523086654
-6.04826073331
-2.85177060483
-2.00752823087
-1.09546165884
-0.722135007849
1.68897386871
2.47270391779
3.70852309694
4.10557184751
2.01793721973
0.287631831256
0.257566001288
0.19556714472
0.0
1.29785853342
3.13117996045
1.30463144162
0.755336617406
-0.93608779858
-1.12287455887
-2.41235123834
0.360065466448
-0.684931506849
2.24422442244
1.99607329843
2.2361065439
8.87384176764
9.93187522409
9.86221899927
9.8095580309
9.50666186532
1.44613159798
-0.817923186344
-2.50972074938
-1.41693234148
-2.25272791271
-4.05827263267
-3.0010348396
-3.28205128205
-3.2887975334
-3.07062436029
-1.1316872428
1.11614928497
1.91637630662
1.49513212796
1.41868512111
1.78010471204
1.73882185947
3.23741007194
4.20289855072
4.63432295438
2.94646065397
2.65938069217
1.01744186047
1.02489019034
1.50679897097
2.12844036697
0.919117647059
2.34287839345
1.8263138278
5.26112185687
1.30111524164
1.68224299065
0.410754294249
0.0745990302126
-4.82326951399
-0.664697193501
-1.10905730129
-0.520059435364
-0.408618127786
3.74331550802
0.296296296296
0.111028867506
-0.993012136815
0.0
-4.93827160494
-4.32317505315
-5.25946704067
-4.2942625836
-8.68385345997
-5.74948665298
-4.1765704584
-2.89410963568
-3.98783372761
-1.8315018315
-2.6973026973
-2.58021832617
-2.16522318454
-0.63801208865
1.41843971631
-1.28205128205
-0.787659993436
-1.60603080957
-3.34307043168
-4.42220787605
2.90933694181
1.49900066622
3.77551020408
3.80727762803
3.37003670337
-1.82663566921
-0.365084633256
-2.93826345328
0.0
2.88362512873
5.98380851813
4.25605536332
3.73287671233
-0.302317769567
-2.93235588137
-11.9069767442
-9.65926852141
-8.54995302224
-6.99781318338
-6.80124223602
0.97056981841
0.250705108117
-1.29829984544
0.628733102798
-1.67938931298
-3.591910655
-3.82760699216
-2.32487922705
-5.49613784908
-1.7401740174
-0.986252241482
-0.89605734767
-1.04571257843
1.35501355014
0.908265213442
0.420168067227
0.691729323308
1.94943649101
1.31177547285
-0.482072913528
-1.85567010309
-4.17867435159
-4.73012188044
-4.98550724638
-4.24120023081
0.384387936132
0.9014248328
1.86225243866
2.40427426536
1.07903178769
-1.51426907397
0.233168172544
-1.39900903527
-2.82665128353
-2.83366392746
-4.55808782657
-4.826629681
-3.59651587525
-3.47995545657
-0.338887319966
2.50712250712
1.95135746606
2.09409064831
2.74599542334
0.825740318907
-0.255754475703
1.14416475973
-0.114613180516
0.80738177624
1.76760359316
1.23705408516
-0.681818181818
-0.569800569801
-1.36518771331
-2.18253968254
-2.46913580247
-1.28996074033
-2.20117024241
-2.95335357439
-2.54143646409
-1.13730929265
-0.999444752915
0.673211781206
1.20111731844
1.65683796686
2.32756173716
1.72267720983
0.479143179256
-0.527924423451
2.21010332951
2.20481578184
2.87623474724
4.16911332942
6.32200886263
2.65173836181
1.98224852071
-0.174013921114
-0.988372093023
-3.28571428571
-2.30282095567
-1.65842304335
0.700934579439
0.2331002331
1.15606936416
0.929692039512
0.379672897196
-0.696055684455
0.497803806735
0.845234625474
-0.174013921114
-0.609579100145
0.145222189951
-1.4998557831
-0.579542161692
0.554097404491
-0.691842029403
-1.96469248292
0.960978450786
-1.76487332764
-0.377687391052
0.813716942749
1.97444831591
1.17855038303
2.15178831056
-0.405092592593
3.83222691611
3.45449083809
0.414201183432
1.29602356406
3.25664774425
-2.2418879056
-1.97290930506
-0.500441566088
0.414078674948
0.299670362601
0.713012477718
1.40340400119
-1.04864549956
-1.74367916303
-3.16308763784
-3.60824742268
-5.04678196768
-2.60992907801
-1.51688609044
-1.59908623644
0.605012964564
0.48433048433
-1.78322652549
-4.09003568488
-4.36919716002
-5.39656582175
-4.25531914894
-2.92128753043
-1.05920695274
-1.74403005098
-0.0272479564033
-0.757985923119
2.2683264177
1.23728347539
1.58081221041
-1.66130760986
-0.965147453083
-3.23875802998
-6.62387676508
-6.56990068755
-7.11796913888
-8.97999023914
-9.1439688716
-3.27787434815
-3.79715825576
-2.07165488667
-1.46669872566
-0.55622732769
-1.39569049951
-0.390434358224
-1.03714423541
0.629082990564
1.84729064039
-0.0978473581213
0.0732600732601
0.679941719281
6.43832088591
2.73279352227
3.10214375788
3.01886792453
1.77953534355
-3.07039440839
-2.27497527201
-3.1746031746
-3.68306275745
-0.833333333333
-1.20838471023
-1.26953125
-0.534369686665
-0.314009661836
0.393700787402
-1.24208475402
-0.799224993945
-2.32502965599
0.754441469944
-0.950524006824
-0.0973236009732
1.20098039216
2.35551238465
-2.0267048164
-2.19308700834
-2.23596574691
-2.76453765491
-1.38888888889
-1.08490566038
-0.261531145982
0.334128878282
0.695944324454
-0.547749464158
1.09680495947
1.54514727185
0.0955566172957
-0.453893932155
0.406504065041
-0.592557478075
-3.13376987839
-3.10185185185
-4.34186471664
-4.86806187443
-5.14838129496
-3.88851427287
-5.34618755478
-4.24507658643
-4.28913564119
-3.45126980682
-3.72213806535
-0.976350618355
0.131463628396
1.12285336856
0.875848478213
1.78414096916
2.19512195122
-0.371098013534
-1.04575163399
2.99954894001
5.87686567164
4.59183673469
5.40727105384
4.57963089542
0.430351075878
-3.96416573348
-4.30537061696
-2.49046443796
-0.746268656716
-0.518251464624
1.06382978723
3.30123796424
2.06091138081
-0.763016157989
-0.292069197933
-1.95295162006
-2.41610738255
-3.78938092091
-0.24625027983
1.27417519909
2.57227407239
1.56782549421
4.05777166437
3.06875865251
0.802752293578
-0.159090909091
0.41067761807
0.252815444725
0.0923787528869
0.762653108389
2.73173009573
2.43047440991
0.322803781416
-0.574052812859
-0.756880733945
-2.70331667424
-5.14298381734
-2.0993227991
-1.67080605103
-0.638103919781
-0.226654578422
1.92046995029
-1.09399419513
-1.46829810901
-2.5105532104
-3.54175776126
-2.93859649123
-1.12582781457
-1.70566367811
-2.6179143228
-0.565217391304
-0.848010437052
-0.461437046803
1.82587397016
3.28491620112
1.92776423665
2.81690140845
2.08613728129
0.604838709677
1.10709444193
2.75500910747
2.07667731629
1.66476624857
1.56996587031
0.453926463913
0.0911577028259
-1.03884372177
-1.4606741573
0.0
1.99074074074
2.18910107126
-0.44964028777
3.05697081982
-0.453001132503
-1.79586269607
-2.82869427472
0.519774011299
-3.33557197224
0.661194710442
-0.834084761046
-0.941492938803
-0.0903138405961
2.99746368457
1.363531315
2.7089604075
3.52750058018
2.00368493782
-0.595920238368
-2.21468926554
-2.21870047544
-3.05961754781
-1.47492625369
-0.0458190148912
2.35947258848
0.500568828214
0.633914421553
-2.08842479449
-3.81225209343
-4.71677319815
-3.49143610013
-3.24205914567
-1.8534670737
-0.591456736035
-2.13546160483
-9.30093606851
-9.28060413355
-8.29834033193
-8.1304085329
-7.55732801595
-2.48591959604
-2.61273466228
-3.08139534884
-5.15365527772
-4.34865534999
-0.713459313536
0.447122861586
1.21616320126
2.26429826274
1.70708050436
-0.115562403698
-1.13396117624
-2.41194486983
-1.57540826129
0.920125293657
-0.153846153846
-0.0960061443932
-0.722158874952
-1.21465173657
-2.63057567671
-2.34741784038
-3.1790295594
-2.82548476454
-3.05427782889
-2.4
-0.837988826816
0.730337078652
2.73192942516
3.62249761678
3.08784042961
3.76811594203
3.81026438569
3.84160756501
4.19149781486
3.98883127244
1.37120470127
2.42931103146
0.177619893428
0.218992633884
-1.16301990932
0.829547698993
-0.198728139905
2.86236297199
1.88640973631
4.49021627188
4.73727761688
2.44299674267
-2.12596860719
-2.33755942948
-2.51004016064
-2.48133951987
-1.4248444712
1.02368526696
2.06227254347
0.768919465803
1.87011919441
1.9018404908
-1.87118376994
-2.73352999017
-2.77395239032
-3.20270539089
-2.0824989988
2.8982569923
3.73317013464
-2.86642461303
-2.80355761794
-6.44436118396
-5.06061189148
-2.19473264166
4.40941739824
4.16918429003
4.6256370051
0.63903950426
-0.338039371644
-2.39532619279
-3.83497966299
-2.55920550038
0.388802488336
-1.15959119497
1.5625
3.40476667334
5.18280433909
4.00323493732
2.53929866989
1.16046418567
0.321478802491
-1.15170770453
-2.05940594059
-2.36127508855
-0.279329608939
1.13798008535
0.88141025641
1.69150221506
1.29559497708
0.159872102318
-0.384615384615
-1.08975629087
0.181561428283
0.722746436459
0.18018018018
-0.543587678679
1.22342559166
0.0605571255551
0.809552722121
-1.22602333399
-3.66563227308
-2.95834955236
-4.39984561945
-4.39241486068
-3.27084927314
-1.97718631179
-1.75908221797
0.251499322886
-1.43047873355
1.27857419605
0.862895493768
-1.05940219448
-3.40123341432
-1.35465663217
-3.74790229349
-2.02893105392
-0.339366515837
0.0
-0.262713454682
1.13143503677
-0.355672032946
-0.655553474433
0.75315383167
-2.47071742313
-5.90844570617
-4.94661921708
-6.43182614791
-7.76311219173
-5.41803704345
-2.59246456965
-3.53587366976
-0.523012552301
2.74803711635
3.28982656893
3.33988212181
7.49077490775
4.72886616761
0.250447227191
-0.107161993213
-2.60914941729
-5.41012216405
-5.4385359116
-4.24803014731
-3.87982832618
-0.742403314917
1.38004246284
0.450919181408
1.37176593159
-1.17068204954
-3.40226817879
-5.67423230975
-2.86388140162
-2.00782712268
0.941942113376
0.942760942761
0.705882352941
-2.15922202077
-3.29109758104
-3.32781456954
-0.535833891494
-0.485030941629
1.84656706396
2.15162212136
1.10478741212
0.640377485676
2.13529210796
0.710059171598
-0.418480080348
0.538539212386
1.31466621137
-0.289558848578
1.78970917226
4.13107896113
3.66364270761
3.0255057168
1.36395027624
-2.59805564868
-5.17355371901
-5.20919464197
-6.11065235343
-3.11140849783
2.54382949467
3.68466152528
10.2059413158
13.55963991
16.4167478092
15.6430133174
17.7360774818
14.8148148148
8.26395939086
6.9568839825
9.01408450704
7.50542299349
3.93649412788
3.7497366758
4.48313384113
0.962590242835
0.875273522976
3.25623175387
4.76715956742
-1.24650762949
-3.91002732815
-2.55863539446
-6.31180307174
-3.73911196091
-1.04210974054
3.1216128333
1.80160625136
1.58153451592
1.4658331537
3.47711267606
2.05752212389
3.99548532731
6.19609623241
6.01005484461
5.06358381503
6.62892191555
6.10778443114
6.78623364033
3.40264650284
1.88457008245
1.09706653947
1.90383207225
-1.40979689367
-2.01435517481
-1.25610607118
-3.2979704797
-7.41242937853
-6.31296171927
-3.37807606264
-3.99732023225
-2.58368905864
16.6007905138
16.5709812109
20.4851752022
16.7361835245
11.275
-6.93967631192
-6.30806845966
-9.37957987298
-8.03164708703
-2.77102576568
-1.49758454106
-0.776322173702
1.56288762094
6.34880163182
3.4708249497
4.46631339894
7.03713321215
4.37597099948
-1.87640730548
-2.35756385069
-4.36776061776
3.6887452881
1.5247108307
2.61874197689
3.42900685801
6.31092868138
-4.37693099897
-2.48654191233
-0.358147863904
0.97460887407
-1.61534578496
-0.842481490937
-2.05874968617
-2.275
-2.525
-0.999500249875
-1.43432310015
1.78890876565
2.48526774276
3.25245224574
3.6250647333
2.79358510088
0.539568345324
0.179671457906
1.49331936075
0.704041720991
1.28373067854
0.0771406531242
3.92104561216
3.19005136523
5.38609508107
6.82899524209
9.85875706215
5.51646495919
5.65552699229
4.93079584775
2.49569707401
-0.561797752809
1.13862795332
-2.28858498465
-6.3462057791
-5.73282855598
-1.65745856354
-5.00270416441
-4.93499602016
-3.46715328467
-2.7865404837
-5.85175552666
1.03825136612
1.94752502029
3.50782514841
2.81081081081
4.62585034014
-0.73230268511
1.0661563696
1.1739011739
0.108225108225
-2.46815286624
4.35890178319
16.7571018193
15.2974504249
14.7113594041
15.299877601
10.1996257018
-3.33230484418
-3.63967242948
-2.06686930091
-1.74383644017
-4.0119760479
-6.59942363112
-6.60056657224
-5.67660550459
-7.4826147427
-6.98969646338
-4.06414155377
-1.23111359821
-2.94936004452
-0.580752212389
0.560067208065
2.60992907801
2.2896393818
3.21654221712
2.52339098384
2.02857142857
-0.479954827781
-2.21102714805
-4.34065934066
-1.12139052425
0.488084984209
2.16325353331
4.56540825285
6.12244897959
0.535512965051
1.42690739662
3.4307875895
0.529567519859
1.41927853341
8.43520782396
6.38166047088
7.67748152907
6.45161290323
6.21859296482
4.03815580286
4.9756097561
-1.08039402606
-1.35928328699
-0.871731008717
3.65853658537
-2.56653992395
-1.93206606419
4.08360128617
1.06985525488
0.998668442077
9.12863070539
12.5175315568
18.6570011446
21.1589782692
2.10740992522
-0.720906282183
7.37951807229
-7.02376729337
-7.9649122807
-5.09677419355
-2.8028028028
-5.17672259907
-2.287694974
4.20475319927
15.5853840418
0.943078477602
-2.33612273361
-4.43855581318
-11.6316639742
-10.5105105105
-4.62576292965
-0.139275766017
8.36324479541
7.0193637621
7.38086707273
12.9945553539
7.48502994012
-2.34840518752
5.81778265642
7.38745671412
5.4343666284
5.57092058475
21.0950764007
12.0081967213
2.16194968553
1.23982952344
-3.80083618396
-11.8263473054
-1.81086519115
-4.64767616192
-2.45653817082
5.24
0.86825217063
-7.96296296296
1.40630938807
-1.92735359526
-5.4462934947
-2.03402366864
1.5037593985
-5.7327122895
-0.516224188791
-4.68637346792
-5.32212885154
-8.55964248883
-5.10030601836
-7.34540485138
-4.34482758621
0.918727915194
-1.72297297297
-3.25657894737
-5.58064516129
-5.01146413364
-5.57223890557
0.373007799254
3.54223433243
7.90114862513
7.12280701754
5.37974683544
6.00287562904
4.40967283073
1.91557289819
2.18716385801
3.1556039173
1.34790528233
-0.283687943262
1.43936667866
-1.69192809306
-4.2043085476
-5.14858327574
-1.22591943958
-2.25114315864
-6.18386243386
-3.74581939799
-3.85382059801
-7.21481962951
-7.24306688418
4.23991726991
0.605652759085
2.59032038173
7.02608695652
7.13037399511
1.29189944134
4.17104801963
4.4128113879
3.12051649928
0.280406589555
2.61554998209
9.56221198157
16.1157024793
18.9419795222
23.7744034707
20.4574881312
17.6151761518
6.42040457344
11.672224869
3.82882882883
5.60619872379
-7.86516853933
-15.9955670484
-19.9160625715
-16.5727170237
-18.6201780415
-7.71889400922
1.30988023952
-6.32594710508
-4.10810810811
-1.96363636364
-5.58375634518
-1.62002945508
5.38606403013
3.73831775701
1.88958873657
2.14814814815
2.6455026455
-0.44994375703
1.82717929197
0.859491778774
2.66159695817
1.57389635317
3.85514018692
0.0761904761905
3.52030947776
2.21531286436
3.29103885805
9.09090909091
14.2794949935
11.2785191563
9.72281449893
7.59385665529
1.59689253345
-3.89121338912
-4.16666666667
-3.49794238683
-4.79285134037
-5.7747051647
-2.88500609508
-3.84767949226
-2.09508460919
0.901639344262
-1.5612489992
-4.12933385275
-3.2245681382
-2.55202198665
-5.20590520591
-3.06558013194
-1.60981218858
-0.267993874426
-2.67481849446
-3.08734939759
-3.22944048066
-2.54015689204
-5.29369108049
-4.94006538322
-4.1155234657
-3.47952156578
0.71482317532
5.79209819716
6.17045892788
7.69828926905
7.81555295037
1.48911798396
-0.0383435582822
3.88621794872
5.28039295948
3.31045619701
2.10526315789
0.656117329217
-0.87370929309
-2.70808442851
-2.67190569745
-3.46255175009
-4.03703703704
-9.58707360862
-10.1931330472
-9.26916221034
-1.62902628656
-3.19110792399
0.832729905865
-0.285306704708
3.85042576823
2.11720226843
3.98956002983
1.69366715758
1.19090581018
-3.08575529243
-4.4436416185
-4.00858983536
-8.39797639123
-5.90831918506
-7.86776859504
-10.6808647951
-9.19727006825
-1.23251165889
-1.40609306997
1.03540414162
3.26557814062
2.4983344437
0.603217158177
0.878081729146
1.97547683924
-0.299003322259
-1.8954248366
-1.61556214969
-3.67599219258
-5.2291801162
-2.84054228535
-0.906735751295
-1.23738196027
-2.35069885642
-1.14869176771
-4.85257985258
-4.98461538462
-6.79817905918
-3.67197062424
-4.65470033465
0.742574257426
0.215849522047
3.6489462095
6.06945796819
8.69708994709
5.27687296417
4.7142395867
0.760697305864
-3.59824780976
-7.06822372465
-6.65855883247
-5.29051987768
-1.92726142369
-0.156201187129
2.07026348808
3.36266499057
4.37280561762
2.68113629109
3.22476620445
2.016
-0.655635341867
-1.63265306122
-0.94846664559
-0.545221295702
-1.26382306477
0.818382121498
-2.0301445709
-1.73967070519
-3.85445575085
-2.79484029484
-3.31710286062
0.277606415793
-2.15805471125
-2.61261261261
-1.95724179464
-2.57930625556
-3.85527876631
0.673194614443
1.30818375418
2.40518038853
5.34041224235
3.97779833488
1.96567862715
4.98243372724
4.84966052376
2.43122200896
5.73850668406
-1.80759803922
-4.28003668603
-5.09358698987
-6.49117559079
-8.74739660815
-1.74593618302
-0.818677986659
-1.54078549849
-1.123927832
-1.98308544765
-5.46385885031
-6.65157090292
-9.2155787164
-7.16639209226
-5.32854776367
-3.91030899645
-2.64535684762
0.690417011875
-1.24728850325
-1.57608695652
-0.543921675279
-1.11716621253
-1.33514986376
1.45804676754
-0.942126514132
-2.05114544486
-0.998111680604
-2.83293619275
-4.34210526316
-1.58940397351
0.697424892704
-0.882352941176
0.21225789334
0.662251655629
1.34228187919
0.783995674507
0.294985250737
1.59029649596
1.86184565569
1.94307608101
-0.0540394487976
0.34983853606
-1.48698884758
-1.74973488865
-3.07692307692
-2.21928665786
-1.03861517976
-3.26226560493
-5.67641910478
-4.48441854573
-6.81930083703
-8.48159883012
-2.86926147705
2.88139953692
1.83178534572
5.28771384137
6.18530020704
5.55701869897
1.80722891566
1.20104438642
-2.42792109256
-0.206611570248
2.34501347709
3.94772665396
4.67340803498
8.4178777077
6.96132596685
0.596529284165
-0.514626218852
-2.84121083378
-2.32994108195
-2.9230356664
-1.62710056015
-0.538793103448
3.14982196658
1.11020850257
1.9688269073
1.65401301518
-0.402468473303
-2.35357047339
-0.75248589089
-1.53473344103
-1.62710056015
-0.214190093708
0.944924406048
1.4725934006
0.704989154013
0.888051668461
-1.05960264901
-2.37216657881
-3.70273109244
-4.08322496749
-2.36468733579
-1.43603133159
-1.45454545455
0.184162062615
1.77342509264
1.68314186481
1.08207970441
2.23048327138
1.76706827309
0.185627154601
0.106980476063
1.71812080537
2.36477303615
1.54975530179
2.00162293752
1.46540027137
1.49863760218
1.60176746755
2.05327413984
3.52842341081
2.64623955432
1.77481974487
4.23143350604
6.72194255256
0.705019740553
2.57142857143
4.58236658933
0.520833333333
-4.19858156028
1.19863013699
-0.765523107457
-3.71404635577
-2.89407136836
2.8596440035
4.62824723798
2.97810218978
6.86362279916
5.7966706302
2.88201741219
1.85523114355
4.48444173276
3.5857805255
3.12691600245
4.68258956631
2.62172284644
2.88763339611
0.904553961323
0.616903146206
-5.35395597858
-4.89759572573
-4.98061437519
-6.69383003492
-5.45348498104
1.35664757311
1.14079855899
-0.828157349896
1.92821121329
-1.03896103896
-4.8479632817
-4.8829240434
-6.13548028873
-6.38711469036
-3.37423312883
-2.27081581161
-0.284738041002
2.53344719613
1.66572557877
0.702049985959
-0.723629279154
-2.2815804118
-0.846740050804
1.28681727195
3.39721254355
4.99707773232
3.72294372294
0.0
-2.48187395427
-5.12396694215
-5.18149071765
-4.93827160494
-2.1270718232
-1.72650041107
1.08604845447
0.810055865922
2.21536735838
2.87013356067
3.72370665151
2.98250645254
1.50269350723
1.3644115975
1.29533678756
0.342270393611
1.18978525827
0.570287995438
1.03388856979
-1.27877237852
-0.0285143997719
-1.48656375071
-0.820135746606
-2.65585686329
0.859845227859
0.0856164383562
-0.0571428571429
1.11524163569
0.647158131683
-1.35708227311
0.9507346586
1.62601626016
0.0
3.19396051103
2.40301100174
0.667053364269
-1.6
0.691045205874
-2.04778156997
-3.03200449186
-2.46110325318
-1.65776903625
-2.05865764241
-1.81513543703
-1.27494456763
-3.54706684857
-1.73937051353
-2.90251916758
-1.91728293618
-0.960746637387
0.880814753647
-0.875752599891
-0.544662309368
-1.21753246753
-0.6273867976
-2.70487412962
-1.58901158093
-1.42281879195
-0.431034482759
-0.40749796251
2.0218579235
1.67031763417
0.621285791464
0.297216968387
0.272405339145
-0.839880791114
-0.922409115572
1.03711790393
-0.4036598493
-1.18438761777
-0.108254397835
-0.993822186409
0.328587075575
0.459583671262
0.134770889488
-0.404312668464
-0.507749866382
-1.48367952522
1.45364783324
0.433134813211
2.17570917103
3.2275862069
1.25648729855
-0.136948781156
0.791268758527
1.70868347339
1.76866928692
4.45078459344
4.43363844394
4.0897472309
2.8522039758
3.12680949624
2.78592375367
1.42152596461
-0.226693114197
-1.75488253609
-2.95026692891
-2.03964378052
-1.93456614509
1.43719459615
1.84491207841
3.24920220482
-0.713063320023
-0.198750709824
-1.4447592068
-1.58865248227
-2.54452926209
-0.960451977401
-1.26156433978
-1.91719922201
-2.35457063712
-3.22845417237
-3.43698854337
-3.17589576547
-1.34320175439
-1.09589041096
1.0226644555
1.21479845389
1.51556902728
0.690035881866
0.828729281768
-0.082850041425
0.583171341294
0.693673695893
0.527192008879
-0.41265474553
-0.957330415755
-2.8332433891
-3.50736278447
-3.11827956989
-1.62381596752
-1.58815612382
6.83194004036
9.1148115688
9.83170947741
8.96490710705
9.10425844347
2.33038348083
1.27218934911
1.52877697842
2.13855421687
2.40601503759
2.50982763834
1.89930660235
-1.88235294118
-1.83323477232
1.06382978723
0.547278808148
0.515151515152
2.19416892095
2.20610456331
-0.423728813559
-0.544299969761
0.54844606947
1.46386093321
0.394417475728
-0.181268882175
0.669710806697
1.48423005566
2.18136491119
2.90352794255
2.82696489593
0.85968682837
-0.369685767098
-1.50399017802
-3.23262839879
-2.63157894737
-0.791958574475
-1.57671315949
-2.13277260439
0.607902735562
1.00824931256
1.38974675726
3.51537978657
7.11068211068
4.64376590331
2.56972735819
-0.0308737264588
-2.05963725792
-4.75022984983
-3.9119804401
-2.02640466687
-0.184899845917
-0.762660158633
-2.01201201201
-0.878521660103
-1.51194436045
-2.46468289751
-1.14595898673
-0.149925037481
-0.960096009601
-1.782001782
-0.952664483477
-1.19189511323
-0.35853002689
-1.56526875369
-2.43407707911
-1.00206307103
-0.562962962963
-1.67450058754
-0.528789659224
0.524322749782
-3.2230462065
-5.27645242773
-4.83645513
-5.31293463143
-5.45304323878
-3.70777258995
-2.54376367615
-1.32413793103
-1.20912338555
-0.46600877193
-0.979059015502
-0.1911001911
-2.55376344086
-1.86084142395
-2.19839142091
-1.34156157768
-2.52794039383
-0.481540930979
0.0539665407447
1.08401084011
1.08489286683
2.42572908149
2.74876305662
2.34741784038
0.408163265306
1.71034482759
1.49377593361
1.56337241764
1.82789651294
3.31740230531
1.28527521654
0.416666666667
1.0437235543
0.651004811775
-0.196408529742
1.76286607904
2.33086981239
0.169539417915
-1.28527521654
-0.391280044718
-0.845785170567
0.600514726909
2.43125904486
3.64900086881
2.49212260097
1.05413105413
-0.906772456787
-2.94943820225
-2.70498732037
-1.74500422178
-1.76322418136
-2.29789590255
-0.224215246637
-0.392927308448
-1.38773244518
-1.59735610025
0.528806011689
0.535362073824
-0.447052249232
1.23630233212
0.359314538419
-0.443336104184
-1.11451657843
0.0
1.13668655868
3.57858574291
5.74274831527
7.32655502392
8.78419452888
7.61467889908
10.853697239
7.6316619363
11.6900467602
5.38116591928
9.69473331097
0.99358974359
1.18059987237
-6.81605975724
-2.74143302181
-7.42236024845
0.450740502254
0.255918106206
2.61897157458
0.500939261115
-0.093080980453
-2.51098556183
-2.06766917293
-3.54282193469
-2.32415902141
-2.62839879154
-3.16109422492
-1.39017608897
0.651162790698
-0.788834951456
0.976205003051
3.32914572864
1.15625
1.60680529301
2.61519302615
0.892582333026
-2.57037943696
-0.77519379845
-2.33846153846
0.847723704867
4.36877610022
5.24959742351
2.02467573553
1.12009956441
-0.281778334377
-4.68462951623
-5.04587155963
0.126702565727
2.51993620415
1.52574698029
3.94653087206
3.44827586207
-2.41112828439
-1.81647353586
-3.40804421247
-3.91437308869
-4.15403274712
0.123800680904
-2.62275083867
0.0921942224954
-0.30487804878
-1.10944527736
-3.63853265732
-0.364630811304
-2.98151460942
-4.40104925678
-5.01281686129
-2.8115942029
-3.37639459777
-1.90114068441
-0.637127135824
3.20399764844
0.524475524476
-1.18944009283
1.18378218408
-1.25822133257
-5.42118432027
-3.78469301934
-3.52644836272
-3.70475919065
0.373134328358
2.91845493562
4.48154657293
5.67879325643
5.72461584815
5.06634499397
2.01401050788
-0.986078886311
-5.42657342657
-6.97869955157
-6.5388951522
-2.83607487238
-2.5988700565
0.393147992137
1.39244103438
-0.560538116592
-0.423609149958
1.17176336096
0.140607424072
-3.21782178218
-1.5724137931
-2.90649849191
-5.61100620448
-4.74149477632
-3.19488817891
-4.35356200528
-3.39072847682
-0.961795351322
-1.06016432547
-0.371352785146
-1.04438642298
-1.53886280647
-3.38151781105
-1.9235768131
-1.79734305809
-0.571131879543
-0.182244207238
0.3367003367
0.391440501044
-1.10767645544
-0.900437355287
-2.16505348956
-1.50510204082
-1.16069125613
0.103145951521
0.491209927611
1.23775141826
1.76531671859
-0.308562612497
1.33263652992
0.129433083096
0.884495317378
0.390930414386
1.27604166667
-0.931918198291
0.546590317543
0.760157273919
1.21340015827
0.760955129887
1.09918869406
1.05207785376
0.0262191924489
-1.6856846473
-0.0524521374246
-0.0261643118786
-1.27239678006
-0.157068062827
1.0747051114
-0.651380927566
0.130992926382
1.90526594337
0.711837595571
-0.780234070221
2.51068376068
2.30501206111
1.04278074866
0.877659574468
0.918635170604
-2.19435736677
-2.38095238095
-1.73410404624
-1.13068630029
0.55423594616
1.37711864407
1.37931034483
1.22340425532
0.0526177321758
-1.99172271081
-2.68041237113
-1.59227355782
-1.0786635096
-1.015625
0.389509218385
0.206611570248
-1.51670951157
-2.23765432099
-0.852052672347
0.156046814044
0.623700623701
1.64619806637
2.91159343568
2.05533596838
-0.155803687354
0.208333333333
-0.234619395203
-2.45287890524
-0.836164097204
0.627123072903
-0.0780640124902
-0.285937093839
0.702028081123
-2.47196738022
-2.79400558801
-2.18885212522
-1.78708195047
-0.978372811535
1.81629475869
1.91560962982
3.15043318456
2.03177910914
2.12989744938
0.837257980115
2.35824059353
-0.366204551399
0.946621088614
0.555261766261
1.64893617021
0.747463961559
2.3835029459
1.14361702128
0.719041278296
0.0266028198989
0.160427807487
-0.638637573177
1.12963959118
0.240256273358
0.24
-1.31926121372
-1.95669188625
-3.32813312533
-2.62542240707
-3.4749034749
-1.30208333333
-1.18587264759
-1.23266563945
-0.978120978121
-0.968646444048
-2.06579954093
-1.67300380228
-3.08611249378
-2.36240261372
-2.07189216176
-3.25684678016
-3.02359882006
-3.76047904192
-4.92234169654
-4.18560153073
-2.64232524622
-1.99951818839
-0.901970092571
1.16026105874
1.45595729192
-2.98298764857
-4.50885668277
-2.81430219146
-6.38153428377
-6.21301775148
-2.34410559854
0.138217000691
0.184885602034
3.51370344343
3.09713749413
1.40780060005
-3.74722838137
-2.72032374101
-3.35069051392
-3.74887082204
-1.3208836256
2.15175537939
-0.0224769611149
0.386363636364
0.499319110304
-0.83559168925
-0.942337895445
0.15758667267
-0.923215492006
0.0
0.773782430587
2.83802491924
1.53142857143
3.42338146251
2.68002796551
2.66355140187
0.510204081633
1.62601626016
0.256829325239
-0.348351137947
-0.742115027829
0.162601626016
-0.462427745665
-1.40423572744
-2.66726943942
-2.11123723042
-2.73384545865
-2.43627340402
-2.44778800808
-0.940438871473
0.985786336543
0.590909090909
0.567150635209
0.0449337227589
-0.512363555358
-2.87241148965
-2.52547629597
-2.28330747063
-1.11086425239
-0.751713464515
-0.421286031042
-0.176912870411
-0.791730811524
-1.68195718654
-1.92974848222
-2.54969749352
-2.416918429
-1.51613601906
0.394736842105
1.47414741474
1.44673388865
-0.536595836016
-2.11999152003
-3.77716817894
-5.23352793995
-2.99808632788
0.236660929432
2.78927870996
3.29119442023
3.58531317495
1.9068255688
1.86280955512
-0.108837614279
-0.260869565217
1.37946135319
0.500871080139
2.63157894737
4.7901459854
4.4267877412
3.74829622899
5.12820512821
3.27526132404
2.42990654206
2.27536568377
1.56898938625
0.275482093664
-1.91387559809
-3.342366757
-2.55656108597
-1.23062898815
-2.33183856502
-1.83404160143
-0.0451467268623
-0.540054005401
-1.17117117117
0.473079522415
0.449337227589
-0.73941295093
-0.089928057554
-1.74817437486
-1.92222713213
1.27417519909
2.50344510795
1.94820077928
2.14737793852
3.66468163078
4.24573055028
4.86512524085
5.3355866731
7.01499758104
5.97087378641
3.74015748031
1.41670737665
0.193517174649
-2.33876683203
-1.83464379319
-3.51377018044
-2.93978188715
-2.93496125851
-1.05189340813
-2.9146426093
-2.81495154592
-1.60951714486
0.117536436295
0.0701754385965
0.581665891112
0.324074074074
0.116767865483
-1.06976744186
-1.63368614818
0.116468669928
-1.05359596885
-1.5632183908
-0.578034682081
3.89672483863
5.09179926561
5.38257301472
5.86517400827
5.48780487805
1.57843613405
-1.28081198647
-0.0482509047045
-0.145808019441
-0.461277008983
-0.579430226944
-1.98957839886
-2.83638068448
-3.17647058824
-4.14242494764
-2.58701787394
-0.471475719
-0.721433558296
-0.538263515095
0.797560403472
-1.89201661283
-1.91907514451
-1.62545787546
-1.24797781373
-0.791249709099
-0.732936326157
-3.97424511545
-2.04081632653
-2.25886604924
-2.54025856203
0.068760027504
3.06636155606
1.06527651859
1.09614067139
0.432801822323
-0.13733119707
-1.55440414508
0.0453514739229
-0.927601809955
-1.01465614431
-2.71654419951
-2.13844797178
-2.69196822595
-2.06071349435
-2.48460861917
-1.31839156229
-3.15969257045
-4.00338911248
-4.20292931437
-2.10934136892
-3.08773424191
0.171086398631
1.39604810997
-0.800168456517
-3.04674457429
-3.43409418055
-2.48175182482
-1.66842661035
-0.793816586589
0.209117524049
3.46808510638
4.94637776319
3.54253225454
4.81716663017
6.31391729658
3.82151535233
1.5559013114
0.527588480985
-0.609357997824
-2.5774312324
-2.95819935691
-3.7235180826
-1.89777873625
-0.0869754294412
2.12342402123
-1.43672089584
0.0428173838578
-2.02831185295
-2.48091603053
-5.06089878202
0.981438020055
-0.764818355641
1.34903640257
-2.66253869969
-3.68122977346
-3.81695054381
-3.14814814815
-3.09192778585
-0.0206355757326
3.95290159798
3.13227513228
1.46137787056
0.500521376434
1.38075313808
-0.397905759162
-0.693568726356
3.43338371842
2.02127659574
2.99504417151
3.28790828466
1.90618976226
-2.05160744501
1.18406889128
0.194300518135
-0.687432867884
0.300751879699
0.254452926209
-2.02488926387
-2.72994540109
-2.9399499583
-3.64313806665
-2.84301606922
-2.28771640561
-1.26477296289
-0.353210056098
1.91983122363
1.56936597615
1.67644593462
0.625912789485
0.753611052962
-1.59850529375
-1.44359661786
-1.28258171287
-0.249739854318
-0.83039236039
-0.843968711404
-0.103007828595
-0.391510405934
-0.805119735756
-0.782698249228
0.226944501754
0.309981401116
0.123787910047
0.0206483584555
-0.0411776816965
1.04231811549
1.4465408805
1.87053383775
1.82926829268
2.33881163085
0.334658021334
-0.0628535512256
-0.0839983200336
0.955211207812
0.785729454237
1.50743099788
0.93042926623
0.868460072019
-1.19546979866
-0.884024415912
-0.821225521162
-0.942605781315
-1.60483534806
-0.955546323224
-0.710553814002
-0.627746390458
-0.933803693712
-0.0624869818788
-0.537190082645
-0.849564857024
-0.458237867111
1.06963087248
1.00988849148
1.53136144326
1.21644295302
0.460347353003
0.147027935308
-2.48256052524
-1.44717800289
-1.40612076096
-0.912295251918
-0.584673209438
2.07329842932
2.32705733023
1.83196462413
1.98773525058
2.4385026738
2.53382005583
0.211999152003
0.806622797707
1.45891439605
0.516018060632
0.215192597375
1.31013745704
1.92557334487
0.150408250967
2.5578831312
1.95261079421
2.91777188329
2.50609891328
2.89630776034
-0.80927384077
0.485008818342
-1.56657963446
-1.5931907464
-3.3547008547
-2.72340425532
-4.68585837361
-2.91508238276
-4.18235048097
-2.64198044518
-2.10372838992
-0.998543790306
-1.64138790775
-1.64541341012
-1.77768696363
-3.32259363673
-3.04558289633
-3.41159943809
-2.42825607064
-2.47110402551
-0.200964630225
0.547556276617
2.0897357099
0.890868596882
1.25100887813
0.667610762695
0.73544433095
1.01407284768
2.08763952046
3.05676855895
3.19415448852
0.102249488753
-0.96331215413
-1.90592051906
-2.57293354943
-3.05606152601
-1.64923572003
-2.0084354288
-1.24148978775
-1.37862137862
-0.161648817943
-0.0201085863664
0.100522718134
-0.339253641988
0.522193211488
-0.0605815831987
-0.300721732157
-6.36295180723
-5.45283018868
-5.19801980198
-5.67619047619
-3.98460057748
2.48890603897
3.21324245375
1.78294573643
1.00038476337
-1.10413097278
-1.96708908644
-1.64719402413
-3.56942627546
-1.86898244289
0.864055299539
-1.19603812372
-2.46590696806
-0.483541007997
-3.28647069564
-5.11932956823
-3.93177737882
-2.67272727273
-2.41379310345
-1.20851370851
-1.43652361286
1.19912790698
-1.45135280416
-1.6598250937
-1.31719473122
-0.393489536755
-2.18588946152
-1.50017649135
-1.68450605369
-0.425381070542
-2.01542236243
-1.07243319269
-1.0478519036
-0.835218374804
-1.57013258897
0.652672429
0.123217743355
2.63488080301
3.17773788151
1.88410949165
0.585521646558
1.46454724058
0.359776938298
1.90267105745
4.61137969505
2.11994926617
-0.053552302749
-0.251211196842
-2.35798499464
-5.26686630262
-2.09331204541
-0.779312787814
-0.853940579968
-0.249465431219
2.86283747056
2.4164244186
-1.12084063047
0.644583706356
0.35765379113
-0.683822206226
-1.80196253345
1.49306789904
-1.09792810342
-2.3231441048
-3.80820495067
-2.52173913043
-2.20754389014
-1.34521313767
1.00564573042
-1.61784741144
-1.81010928962
-3.50553505535
-1.68327035383
-3.32594235033
2.81912099457
4.87106017192
8.73609337954
5.45191088571
6.04087538434
2.43946188341
-0.940216427178
-1.89658257291
-1.1813137641
-1.88110026619
-0.446428571429
-0.371155885472
-1.06213489113
-1.65463826791
-0.599753042865
-0.709219858156
-1.9410745234
-2.36778430695
-1.93336785776
-2.10671731998
-2.6411185914
-0.688468158348
0.0172860847018
-0.01725923369
-0.991622499573
-1.49634415916
-0.343053173242
-0.669642857143
-0.223867745824
0.740613158801
0.684814244136
0.0
-1.15410726409
-0.735042735043
0.241712707182
-0.764525993884
-0.392960874765
2.41613071441
1.12359550562
-1.00837463681
-0.321761219306
-1.13175675676
-1.69172932331
-0.550111741447
-0.068317677199
0.802321611471
1.30047912389
0.584393262289
0.448972543602
0.687876182287
1.70138888889
0.171408981831
0.310344827586
-0.889953790861
0.0688349681638
-1.04792990895
0.326741186586
0.0517509056409
-0.256060088767
0.051652892562
2.59076489249
2.37676056338
1.59481247809
4.55113332143
3.84409082782
1.97699496765
0.442086648983
0.705965407695
-1.7534630896
-3.31892826275
-5.34195304525
-3.51475857362
-3.0126668949
-3.1913087761
-2.74041694687
-0.118946474087
-0.94642555349
-2.19320274569
-2.14285714286
-1.32714001327
-1.91666666667
-1.56379970055
-0.100351229303
-0.462962962963
0.332889480692
-1.92873488068
-1.53972153972
-1.2714663144
-0.460829493088
-0.0332778702163
2.73719563392
2.57056451613
0.950158359727
1.46960587842
-0.348200961698
-1.55397586378
-1.74975239353
-0.481088254811
-0.795228628231
1.12340710932
1.85216366392
1.9693654267
1.68690958165
2.81042411855
1.34239592184
-0.85141903172
-0.285330647868
1.40266849128
-2.44267198405
-0.608005404492
2.11387657688
6.12753829711
3.78128883366
9.95797551617
10.8178925697
8.58941132914
3.86679000925
2.17667331761
-1.40515222482
-5.65071516864
-6.23155702135
-4.25155004429
-1.28916741271
-1.22775800712
-1.1865294015
-0.569554711771
-4.19212491514
-5.92892033013
-5.65721000504
-3.2905838677
-2.35928547354
0.187043019895
0.0
0.438374641713
-0.470272085993
0.457084814627
-1.09317188026
-0.868258473869
-0.553319919517
0.269450993601
