2140400
3367000
3904600
6148600
3995000
2460200
2210000
2532200
2106400
3040800
4874600
3621200
3840200
4532400
5444400
5178200
4411200
3873800
7165400
4094800
5269600
3064200
4442000
6752800
7392400
4819600
5518600
3483600
3988000
4672400
6492000
3866200
3986200
2937000
2887800
3639000
4850000
4349600
7077600
3241600
3662800
3311600
3196000
3306200
3321600
3341400
4442200
4031600
2977800
4819000
6193600
6666400
5387400
3508200
3442000
5261000
3499600
3298200
2979600
2408800
2301200
4159400
5577400
4282400
3104000
2719200
2314200
2466200
3665200
4577000
4755200
4741400
5061600
2781000
2700800
3027400
4478000
5185600
3311000
3729200
2289800
1395200
2307800
3010000
1538400
3223000
3386200
3777400
2408400
4306200
2625400
2420400
2277800
2178200
2165200
1848000
2161000
3453600
3230800
4726800
3716800
1678800
3547000
2836800
3278600
3129400
2447800
1887000
1936200
7184600
3856000
1764800
2685600
3227200
2175600
3612800
4281800
5452200
2787000
2640200
1551800
1500000
3035600
2568200
3472400
5072200
1696600
2827400
2493600
2858200
2957800
3401800
3886000
3175200
1695800
1464800
2002200
4131200
4198200
3527200
1684000
2336000
2997400
3107800
1991400
1589400
3064800
1756200
2499600
3432800
2939800
2569000
2426800
2821600
2259800
1361200
2404200
1562800
3595800
1542600
2897400
3040800
3225400
3050200
1676200
2157200
1788400
2056600
2519400
1420000
1784800
3977200
4842200
3282800
2935600
2960600
3172800
5147800
10467000
4838200
6235000
10323800
4557800
8024800
5436000
3733800
6242600
6746200
3682600
3782200
3625600
3366000
3299800
3252000
2699600
3762000
4510000
4663000
3539000
3163600
2615400
5408200
5478000
34313400
10376400
7459200
6573400
4305800
3440400
3760600
4734000
2656600
1724800
2800000
2511600
2127000
3047000
2424800
2768400
2465400
2648200
2736600
2511800
2642800
2560200
4676600
3745800
1583600
4185000
3586800
3208800
4521400
4125000
6607200
7212600
5536800
4092000
5711600
5350400
5811600
4061400
3028800
5452400
3210800
4123800
4475800
3647600
4273600
2935400
2731200
3990800
2686200
3390400
4980800
4876200
4172000
3778600
4020400
3798600
3635400
4717600
4627400
4700800
11040400
4991800
3640600
5645400
3137400
2904200
4381000
2493800
3231400
4252400
2666600
2918800
3123600
3809000
3239800
2037200
3192600
2596200
5008800
3899000
4406800
3787000
4321800
3908000
5653600
3859800
5035000
6928800
4934800
4533600
3744400
5644400
5661000
3747000
4535000
2645000
4882000
5033800
11076600
7019600
8756000
5198800
4253600
4205800
9875600
7726200
8473800
8149000
5992200
4960000
4716800
4580800
5855200
4320600
3674400
3218400
2754000
6334000
4532200
2995600
2628200
2283800
4444000
4559000
3202800
2067200
2580800
2512200
2706800
3008800
3105800
2997200
3762400
2676200
2267200
1910400
2699400
2838000
2845400
3047800
2160600
2874800
4687000
6738800
8325600
4469600
4713200
2891200
2915400
3180800
2457200
3005400
3076400
2253200
1534600
3011200
3329000
3709000
3765400
3348800
5236800
4244800
13608800
12523800
7496600
8233200
7773000
8050600
4795600
5679600
4506800
4635400
5667200
7790600
6228000
3681600
4423800
4059400
3537200
3425200
3965600
4413400
2941400
2159800
3849400
7274000
2946800
3296200
2544600
3598600
5533400
4596600
3707000
2889400
3833400
4390600
5905400
2170600
2310200
3360200
2702400
3795600
3152600
2608200
1996600
3963200
4429400
2482600
2685000
4323800
3486600
2761000
5552800
2064400
3775600
9971000
8391600
5234000
7207200
5175600
3869200
6650000
9703000
39788400
21604800
15844200
19237800
18840600
13479800
13157400
6462000
6578800
8137600
6708600
6811600
7139600
9049400
6200000
4721200
5209000
5956600
6434600
6054200
5254600
8047800
6426200
6510000
4925000
3930400
4060800
4203800
4368400
6878800
7639800
4389600
6624000
4520600
3800400
4660600
3660400
4939800
4368000
2736000
8696800
4662800
4818400
4327600
3592600
3418200
3738200
2566400
1106000
4065000
3393200
3727000
4988400
6091000
5503400
3566200
5358400
3690400
2601800
2848600
3110000
5387600
8144600
7459800
6406400
4751600
5484200
4276000
6830000
1386000
2565600
2618600
3097800
3422600
3479200
4345400
4125400
4442400
3677800
5462800
4538000
4450400
6874000
7516000
5697200
8704800
4640200
4622000
5001600
4826200
4138400
6008400
6094200
7634800
6519400
7032200
5479600
6375200
5948200
3501600
2990000
5695400
3852400
3241000
4159000
3686600
3462800
5073400
5710600
4745400
8270800
8465600
7065400
6903600
5839600
6993200
12723200
7921200
5522000
5351800
4286200
3899000
3999800
3959600
8160000
5309600
4033000
3300800
3739200
4783200
3454400
4100200
5119400
4197200
3865000
3193200
3418200
3626800
3686000
3250000
3329000
5394600
4751200
5156800
4084600
4393800
13422200
17773200
10570600
6314800
5075800
5634400
5308600
4706000
4218000
5558000
5456000
5098800
3345600
3894800
7028000
4266000
5314400
4685600
4226600
4240400
3097800
4622800
4712200
3724800
4177200
3117200
3518200
3570600
2880600
2553600
3489000
5142200
5079600
4603400
4841200
5615400
4604600
3413400
4744000
4203400
3389000
4866000
5128000
3122400
5115400
4217200
8891400
7386400
5793000
5747400
5664400
4671000
3912400
4746400
3439000
3379800
3998600
3662800
4853600
6860400
5014200
6624800
6003000
10535000
7282800
7186200
8175800
8042400
8171600
7426200
4087000
5768800
8523800
6428200
4522200
5937000
6853600
6461200
4914000
6480000
4010200
3328800
12986400
18265000
13202000
6923200
7987800
5212800
5790400
4812400
3310200
5249800
6550200
4119600
4985000
3802000
5881200
5385400
4661200
3450400
3833600
6379000
5520600
5023200
8642400
5630400
5477000
5411200
4418800
6899200
4230800
5555800
6036400
7036400
6015400
5661600
5602200
5063200
5445000
8491400
6823200
7638600
6361800
7488600
6725200
4666800
7080400
5565400
11775400
10611400
7819600
6061600
6597000
4486200
4802800
4491600
4852600
5112000
4677800
3594400
5353000
4035000
5768400
5295600
10051800
4642600
4148800
3950800
4532800
3692000
3156200
4732200
3178800
4714800
4966800
3286600
4901000
6078800
2761200
6115000
5857000
4953400
5083000
4162400
3970200
3676200
3899800
3964400
4099600
4640400
4481800
4760200
4212200
5671200
2993000
1295400
2026000
2550800
3428600
3013200
4161600
4205200
5217600
4859200
4923600
4332600
4171200
2629000
3565200
3252600
7420800
6024600
4908400
5107000
4176400
4637000
4089400
5051200
4297200
4505200
6111000
5647400
3493600
3843400
4926400
4425000
6086800
6459800
7575600
7348400
6359200
4343200
4532200
4835400
4776400
4452000
6001000
6149000
5249400
4292800
4687200
5026800
4605200
5267600
5711200
4449400
6419400
7243400
7448800
7864800
7946400
5646400
5842000
6044200
8488800
6204000
5535200
4940200
6143800
7073400
6860400
5495600
6003000
5804600
7103400
6297200
3884200
7201400
4545200
4530200
4214000
5369600
4767400
14897000
6948200
5097400
4877200
4019800
5155000
5436200
5529800
7366400
4153800
6052200
4879400
5067400
5864000
4435400
4734600
6930800
6616000
6253000
5476600
4259200
4875400
5576600
4917400
2605000
3345200
4579600
3828800
5783400
5094400
6810200
5196400
4827200
4573000
4272400
3626600
3402200
3902200
5953800
3503000
3190800
3579200
5403000
4902000
9586000
4525800
3843200
3727800
4552000
4566200
4320600
5755200
3784400
2257800
3415400
4613200
3812800
3414600
3162400
3183600
4404600
3506000
6550000
4911800
5279400
5831200
4942400
3734600
3855800
4485200
4844800
3412400
4741600
3259800
3710400
3337400
4687600
4571600
4123600
3678600
3518800
3127600
5598600
2006400
3159000
5031400
3732400
4844400
4274800
2929200
3493000
2475600
3615400
3429200
3637000
4354200
3051200
5887800
3597600
3344800
3997000
4147600
3366200
2798800
3744000
2322600
2554600
4786000
3131000
3635400
4860000
5708400
4163600
4460000
6216000
5532000
5305000
5123200
2754200
3399000
2827000
4931200
2604000
2603600
2930600
4470600
5087000
3532400
3393000
2984800
3240200
3109800
3343400
2970200
3858800
3487200
3995000
2956200
3030400
3000400
3890000
4167600
4139800
2840200
2557600
3597800
2799600
2789400
2550400
4359400
5428400
4665200
4190800
3963400
3154600
3658600
1506600
3979000
3871600
3722600
2849200
3340800
3435400
4326600
3509600
3398600
7482200
5809000
5682000
3300000
3964400
6588400
4450400
3469600
1630600
737400
2617800
2566000
2319200
3227600
3031000
3754200
3413200
3793200
4035400
4498000
4602800
4327400
5439000
4707600
5247600
4693200
4540800
3031800
3361000
4358400
5798000
6643800
4746200
5417200
3651000
5498000
4091000
4129200
2718000
3132200
3000400
2590400
2853800
3312000
17734200
5076200
5090600
11590600
9508400
4920000
12298000
7781600
6154800
6648000
5000600
4180800
4249600
4459000
5117400
7979400
6894000
4582600
6760400
5190200
3196600
4922400
9176200
6710000
5181600
5944000
4706200
4651400
4317400
5485400
5686400
4003800
4154000
3862400
3298000
7403200
4355400
4203200
4088000
3541800
3165200
3158000
2160600
2911000
11047000
6936400
4777400
4319200
4610600
4232600
4950800
4571600
4587800
5251800
4555600
3563600
4216800
5393200
4519200
6127200
5755200
5335200
4753600
4587400
4158200
3333400
4896200
4320000
4593200
6592000
5435600
3233800
3445000
2933000
3138600
2656800
2589600
3801000
3203200
3370400
3720800
4945200
3620600
2957000
5002200
3436000
4697800
3514600
3818600
3769000
2966000
3229200
4431000
4397400
2908000
4058200
3547000
3978400
3252600
2160400
3086600
3195800
3739400
3896800
3619000
4081000
9277400
5636200
3150600
5328400
5846600
6402400
4647600
3647200
2863000
4181800
2639200
3359600
5016200
2910400
3028600
3272000
3443000
2700000
3024800
2871000
3887600
3197000
2963200
3905800
4605600
2968600
2132800
1632400
2160600
2358800
2975400
2609000
4250000
4151400
3273400
3081400
2255400
3672600
2861800
4162200
2985800
3975600
3314400
2695000
3142800
3155600
3230000
3378200
3773000
2472800
4060400
3518200
3296000
2173400
2911600
2731600
3022200
1948800
2365400
4455800
3435200
3619400
6186200
4875600
7563800
5493400
3974000
4140400
3467800
4439200
5115600
3662800
5384800
5677800
5167200
3835800
4806400
3080600
3660800
3741400
5330000
4381200
2805400
2700600
3889600
2960600
3658000
3688400
5052200
3293400
1642400
6143400
4030800
6433800
5349600
3567200
2936800
4204600
4643400
5519400
4955000
5162000
4222200
5303600
5726200
8213400
3592000
4715600
3770600
3304400
3539600
2470600
2337400
1822800
1923600
4697600
4759400
4754200
3942800
3676800
3817800
3494600
5786000
3384000
3005200
4015800
2892000
5862000
6158800
3961600
4331000
4539400
5278600
4478800
5223200
5140800
6567800
3408800
4741000
3769400
3653800
3663800
4536600
6084800
2632600
5109200
4131000
3842000
3295400
4926400
4377400
3123600
2376000
3241000
3269000
3211400
3572600
4336600
3023200
3464000
3798000
2564600
3449200
3899800
3785200
4843400
3725600
9179200
3309400
3381400
3959000
2723600
3082400
3459200
2946800
3661200
4014200
4871200
5062400
2799000
3264800
2257200
1996000
3963200
3246800
4879000
6306000
4997000
6097000
6250800
5091800
3737400
3025000
3142800
3837800
4381200
4193000
3362600
5452400
4391400
3388600
5197200
4090200
3130000
4228400
5514200
4142800
3174200
4721800
5823600
3892600
3394400
5094400
4677200
3070400
3960400
2023800
4134800
3622200
2319600
3482800
2271800
4486400
4103800
4241600
18454600
4187600
3012500
4613500
3605900
4775800
3178500
2837900
2831800
3269900
7309800
3222400
3608800
3045100
5781000
2160900
2596800
2882500
3219000
2794400
2360800
2989200
2385000
3603900
2371100
1689600
3208600
4108100
3681000
4004600
5075300
4866400
4498600
4266100
2753800
3822200
3934500
3303900
5274200
3301400
3353800
4884300
6518800
6105100
4778100
2815500
2845200
2542200
2745400
2771300
2206900
2036500
3341100
2802300
2330400
2270000
3145100
4852600
3068800
3263100
4011400
2626300
2049600
2098900
2428700
2971700
3044000
3203900
6490000
3726900
2553300
3744800
2655900
2899600
3293400
2438600
3087700
3927200
3334400
3025100
3522000
3917000
4427700
3508100
2331100
2579000
3143800
3103000
4603000
3659900
6011900
4658000
4022900
4272500
3437500
2931000
3536900
2612000
2806200
3430800
3406500
3872100
3687300
2476300
2551700
2146600
4850800
5236000
4604300
4105300
5399400
4151700
3136100
3846200
3028600
3547300
2495200
794500
2559900
3251900
4079500
3961500
3576800
2977800
3277900
3043700
2972800
3473100
3887700
4315000
3653600
5121900
7051100
3212800
3528900
3411600
3346400
1742300
2566600
1936800
1529000
2514100
3716500
3114500
3118900
2874300
2467200
3677300
3161100
4025300
2136600
3092600
2569600
2620600
4391400
3238400
6805800
6485500
6675600
6284200
4657500
3981100
4624200
3668600
4889200
3623100
3313000
2780900
2973100
2918800
2523400
2685300
2384000
2618600
3250400
3188400
3469400
2292400
2475600
3247100
3531800
3413000
3299100
3458000
3296300
3042400
2356200
3147800
2905700
2301500
2298500
4114800
3109000
4794400
2635300
3019100
2325900
2095000
2737300
2405800
3295700
3298900
2871300
3059900
2238100
2204000
2267300
2051000
3433500
2140500
2744000
2337700
3883800
2460400
6099300
12423000
7998300
5136900
3490700
4177000
3585500
4020800
6749400
3724700
2572700
2300700
2773300
3395300
4074800
3211200
5287900
4410600
7203400
4840200
5066300
4736600
3411000
4115900
3047000
3585300
4752900
2757600
2363700
3384500
4260000
3086400
3451200
3721000
7604500
4708000
5954700
3915500
3751200
4382000
3650400
4543700
6000400
2941000
2237100
3388700
2721700
3085600
2313100
2524500
2072000
3764800
3705700
1736900
3393400
2774900
2879900
2138100
2920800
3270200
4154600
7604500
7132700
9855000
8322800
6265600
5622100
5332600
4423300
4157100
4189500
3626900
2307800
3659000
2475500
4211900
2695800
3111300
3478200
5094400
3878500
1991800
2493100
2044700
2633300
2373700
2552000
1866500
2174000
1877800
2289000
1743900
2580900
3403800
2331500
2792800
2796200
3104800
4027900
2579900
1613300
3016900
3660800
2579400
3310400
5655600
3079300
2315300
3514600
4782400
3630500
4219200
3724400
2932100
3714600
4488700
2798600
3400500
3482200
2861900
2500300
2114900
2424100
2495300
2780000
3604600
3464000
6777700
4870100
3697800
4222900
2534000
2709100
2852700
3080100
2851700
2098100
4157900
5547400
2646900
2928600
3571300
2924700
2739500
2969200
2589700
3158700
2869700
3292000
3866200
4332200
2098000
2639400
1702900
932900
3942300
3481200
3339700
3847300
4806300
4069100
2876300
3800900
2670700
3330400
3391100
4758100
4133700
17068300
8231200
5078700
6435200
5651900
4062600
3054100
1911500
2264600
2533800
1896500
4784400
4928200
4354300
3347200
4525000
5164200
5006700
5310900
4114400
4361200
4208500
4185100
4915100
8117700
5243400
4677700
4598900
4321000
7571000
5206200
5902800
4539400
3531900
3606400
2882300
3006300
2040900
4108200
3017100
3796900
5398800
3320200
6113500
4555100
3133700
2619000
3182800
6964300
6182800
7019900
5194700
5176700
4864500
4072600
2445300
2560100
2535300
4101300
4775800
3967900
5468200
3345300
2640100
3932000
3109100
3403500
7351700
4106600
3946500
4849500
5052100
4150900
4352900
7149100
4147700
3929000
8322500
6777800
4130000
3631100
4239300
4763000
7113700
4944000
7625600
6091300
5300600
3872800
3804800
3341000
3744700
3261000
4423800
4659400
3379200
4196900
3289600
3240400
3213000
2450900
3020800
5641500
3279900
4238900
4731900
5071400
4175500
3798100
4000200
2918100
3278900
3603600
5412800
4572900
3013300
4392000
3606900
4266600
5808200
3202400
4509700
4972100
3381300
6134600
3543400
4273000
4363800
4031400
6117000
4342400
4106300
3912500
3380500
4027400
4087100
1724300
3189100
2498100
3453900
5336200
4394400
3958400
4905800
7356800
8750800
8716700
8376000
6738500
5153000
5904000
4735900
9314600
7375200
4969800
5920000
7022000
4871900
6266000
6103400
5499600
5338600
6197500
5874500
3852700
3950200
4539900
9437800
8434000
6394400
5521400
4473800
3478400
2980100
2664700
4198000
4129500
2768400
3931500
4476500
4521000
3679900
3810400
3060100
5534100
3507400
4020900
4088500
2595400
5398900
5132300
3814300
6473800
3858800
4668900
4652700
3388400
3197000
4617500
4346900
4402200
2251500
4035900
3212000
2957700
3476800
4732800
2957200
3239500
4012500
14331700
6536400
9964500
5903700
4091800
5271500
5572700
5768300
2988200
3754600
5291300
5299400
3816400
3896800
3531900
4954700
6180200
6889500
5271200
4360900
3658000
4676800
4670100
5527400
5331200
4394600
1473200
3940200
5245000
5746800
3190400
5345500
4781400
3440400
4847700
4550400
3622400
2401100
5599000
5224000
3458200
5065200
4470400
4397400
3842600
3471600
6667600
2477800
2529400
2366500
1969900
2467100
4262900
4355800
5540300
5850900
8250900
9232300
7131600
5701600
4291900
4562500
7095600
9203500
9047600
11280000
12312800
8412400
8006300
5819900
4904200
6561400
7019700
4609000
3344100
6287600
4697800
7327200
5001200
3630800
5039500
4690000
4003500
5271700
3932600
3693100
4581200
3706800
6395800
5176400
5050900
4218900
4676500
8237300
8104200
5346400
4907700
6758200
7074100
5990200
4332300
5171900
6022500
7766200
7056600
6099400
6408100
4318900
4624000
4235300
4293400
4842200
5188800
7358100
5325700
3648200
4539700
3915800
3091600
4340200
4457000
7797400
5101000
4403900
6429800
6664400
7034800
3622900
4094200
4533700
4519100
3398200
4060900
3380800
5035700
5167200
5497200
3386200
2564300
4349500
3825900
3988200
3333200
3396800
4479000
4928000
5709700
3627700
5023600
6014100
3920800
7029500
4619400
4960400
5738200
5305600
4366500
6935200
7153700
5444200
11831800
6224000
5212300
6100500
8033700
5055200
4931700
5220900
5021200
5261000
8822500
4618400
5778700
10966100
14575300
13526000
9812800
14621100
9032400
5401400
7265500
6953300
8425900
6793500
8627600
4474200
6742800
8582700
14445600
7980500
4690200
6555000
6400300
6510800
5081900
4648200
5699900
5697900
6844300
6094400
5049800
5641400
7149000
6972200
5910100
4739700
4388800
4356400
4571900
4445900
4439600
3936500
4520400
4074700
4098100
4590300
3123700
3678000
3580500
3986800
5535000
5819500
8575600
6804400
7362800
7440800
6220500
7178300
5847900
8135200
9600500
9021400
10685500
11065200
7456300
6570000
5877000
8026300
6114000
9812000
9067200
8265000
10462400
9731800
12764000
10923800
13993600
11778800
20988600
13733800
15726500
14549700
16098700
11420200
10999700
7271100
9802700
12021000
9156100
8291100
11088800
11542300
8066900
7420000
4123500
8033900
8107000
8765200
6065700
6871400
6738000
6928600
11826400
7227600
8027800
9062100
9944300
16485300
15812600
9997400
12945300
8616300
3975800
9254100
9453300
7981000
9719300
9426700
9985700
9758700
7186300
6737100
9972800
7989000
9017700
6451100
7941800
12120200
7898500
5871100
1410200
1982000
3910800
4828800
4630500
4690300
5462300
5159800
5804300
5972300
4424000
4525700
6984200
5923400
6364300
8183700
7910400
11964500
7861800
6223700
6420400
5056900
5065200
6158700
6783000
6267800
5429100
5592900
6629600
7173800
6983200
8098400
4513200
6384200
4447100
10873000
6362300
5531700
8530900
7521300
9434400
10247000
7871100
13032500
13265200
11499500
9739800
10797300
12189200
7758900
12141100
10084800
7692200
9083200
8389200
7257600
8683600
7088900
10383900
8082700
6321700
10556000
9179200
5513900
6530900
6441200
7209700
10199900
6503500
5578400
5858600
6731500
7804100
5080000
6048900
6056300
5616600
6684600
5878900
10770800
8228700
8005600
7701400
4782000
3581800
5533800
6544700
4495300
6941600
4930300
4989200
6311100
7328700
5339800
6522300
8069300
6675200
7094700
5998800
5573200
6130900
6178600
4295000
5329400
4974100
5009700
4778400
5974800
5478800
4971100
5098700
8450100
5248000
5877100
6008600
5110500
3611700
5762100
6048800
5595600
5410300
8405500
5677600
5483700
6481000
6110300
12306500
5107900
6995100
4671000
5516800
6282400
6282900
7001100
4338900
4803400
5656800
3613800
6637700
4160500
4435200
4400700
7383300
8030800
11176800
7665900
6083300
5255000
4832500
7583100
5768400
6219300
6125700
4436200
6059200
5603300
4929300
5560900
8667300
5936800
4385000
5409500
3842400
6597400
5066700
6823400
5756800
6798500
3721400
4082900
3846600
3760000
6182400
3723900
4733900
3424100
4951500
4925000
4573700
4765600
4838300
5412100
7264200
6683800
6837000
3691000
4584200
4698500
4699900
4667900
5365900
4048900
6495100
6125600
4662800
3562700
3726800
2375400
4464300
2811900
3613300
3683200
5235700
5668700
6206800
5980000
6567400
5830100
4801900
5562800
5456700
5606600
5005700
4991000
8178600
4587300
4432100
4446500
3654000
3895200
3834700
3552600
3409000
4666800
4951200
5373000
4811300
5958800
4208900
3361100
3260700
3886500
2723900
2599000
4311300
3856200
2658000
3787600
4389400
3486400
4107700
4835800
4786500
5805200
4999500
5467900
5235500
3718800
9565800
4094500
4007000
2877100
1253900
2021900
2266000
2191100
2643600
6104100
5004900
4726900
4264400
4654800
5530000
4672000
4877100
3551300
5343300
3680700
3673200
5111300
5814000
4999400
4996400
7690700
5578700
7232100
4916700
6129300
4151000
5983200
7825300
5260400
5277500
4933100
5504100
7957400
6291000
5988500
4124800
5296100
3311300
4152300
4842400
5920600
3973200
3703200
5956300
4835600
5651700
4057400
4018500
5560500
4901800
4983700
5805600
5463100
5154500
4486300
3174600
9199100
5176900
4964100
4180900
3936300
4793700
3034000
2876100
3761600
3456300
4505000
3689600
5225400
3353300
2818300
3794600
4417300
3383900
3360800
7569600
5122300
4977900
10706300
8610400
4710900
3457300
6237100
6122600
4974300
5068500
4115600
5426600
6179300
9270000
10290000
7692200
5971400
5067200
5278700
6648700
5980400
6039600
8501300
10894800
10626800
5345100
7858400
6560500
5075400
4809400
5126900
4300400
3912200
6460300
8310700
7425500
7998400
5873400
4583600
6658900
4945000
4057700
4349000
6187800
4519400
4198100
5070900
5505800
7919500
3315800
7028400
6561300
5676900
3988800
5780000
5255700
3637900
2919600
3787200
5035900
3441300
4340200
4498700
4731700
5256400
6598700
5200500
4661000
4535400
4617500
3662100
5161500
4725700
3796900
3557800
2807800
3066100
3213600
2666400
4093900
4838900
2862000
2472800
2594900
6485300
4944600
6073300
3822400
3955000
5286500
6606900
5594600
5074600
3371100
5199400
5231000
3837300
4316000
3759300
3072900
2686800
3026400
4476800
3467100
3692700
2803300
5201300
2958000
4469600
3057400
3413000
2991100
3726700
3494300
2931300
5015300
4997200
4427400
5541200
3951800
3015900
3505200
2454600
3937600
4990900
4852100
4671800
3832000
5807800
8761800
8837600
3165100
4068900
3524100
3318400
3141000
2650000
3401600
2806300
3586800
5502600
4705400
3149300
3810200
4023200
3506400
4771100
4718100
5989800
3897300
3652600
4022000
3442700
4109700
3917400
1963900
4358800
5543800
7949400
4843700
3225500
2699100
4477600
5382300
3863200
3822900
3752500
3549200
3970500
3049600
5386500
2802500
2834700
2123600
1862200
1388800
2066300
1559100
1504400
1782200
3059800
3659000
2820600
3486400
2771900
3301600
3474600
3242200
2694500
4624000
3794700
4108900
3941000
4613200
4741200
4495700
5314200
4450000
4563600
4292700
3524700
2748700
2277200
2834400
3573500
2576500
3089400
4426500
2974500
2783800
2818100
2995800
3317700
3808800
4174100
5237100
3531800
2607200
3208300
4013100
3866000
3983700
3985900
3852100
3456600
3805400
6601000
4183800
3727400
5728200
6153700
4543600
6056600
3260700
4513700
3930200
3257700
4017500
3554800
3435300
2441500
3566900
3300200
2075900
2409800
2011900
2584500
2584800
2418700
3266300
3747200
3046600
4462500
5489800
3409800
7949100
5850300
3502800
6000000
3477400
4132600
3642600
3782000
3577700
4469500
4939200
5015700
2584400
3431300
4178300
3800000
3410200
3363400
5112200
5737000
3770900
3933000
4119800
3406100
4042700
3523200
2907400
4745400
6964800
4391200
5073600
5468100
3334200
3134500
3887200
4282200
3385500
4021500
3542700
4921900
6200400
3581100
4387500
3393200
5001300
4409500
3187500
4324200
4216700
4599500
4483700
4046900
4331500
6313700
4522000
4907700
5023800
3733500
3146700
4151100
3687700
5006600
6249100
4948700
3645200
3319000
4617800
6100200
4663500
4868900
4448700
6724500
7421400
9822100
10411000
12141300
11738600
10406500
8844800
9452000
7183200
6011300
4725800
9625500
8686300
5951200
6589000
5115600
7483900
5284700
4063900
5516500
5094000
5046700
4838700
4743300
4614000
5346500
5301200
5015700
4234300
4894800
5391800
8953700
5316200
5783300
6967900
13122600
8762300
7967900
6842100
6377400
4717800
6898800
6068800
8600000
9774800
5793700
5210300
3411900
3633600
5096200
4754600
3160800
4009900
5005100
6425700
5022400
6050900
4199000
4191900
4966900
6134200
4123500
3710800
5858300
4736700
4407600
4131800
3446300
3757000
4682600
3664300
4573700
3149500
3775500
5749500
4923200
3442300
4692300
3818100
4713600
1892600
4026100
3739900
5320300
2736300
4727700
4516800
3550100
5181800
4294100
3949300
4844700
5396200
5176000
3805100
11672900
4295900
4778000
6170800
5789200
2275200
2536500
2546900
2500100
2427800
4875200
6170700
4607100
3489100
4325600
4722200
4598100
3713700
3473600
5144100
3763500
4495000
6517500
4325800
5606500
7294400
4923500
4073400
4773300
6005600
6779800
5028900
5385400
3853600
2799700
6913800
8907500
4509400
5564700
3555200
6471400
4170500
3817400
3600700
3175500
4703500
3289000
3054100
2573400
4177400
4036300
3601200
3156600
4840100
4266100
2739600
2511100
3592400
7594700
6995900
7203200
8007600
4611300
4558100
3380400
5156800
3819500
3560400
3633100
4873200
3752900
3497300
3336700
3265100
2970400
2483100
3201500
5025100
3710400
2742900
3252200
3183300
3021600
2604000
2660600
3620900
4870900
3732700
4127400
3088200
2768900
2480300
2424300
2222400
2308000
2525000
2824700
3030000
4997400
2856400
2362800
4389400
3979000
4409000
4219500
5762800
3913100
4970400
4226200
3436600
2528600
5761100
3538600
4016400
4863200
4188800
4445100
4211100
5744700
2958600
2377400
6598400
8232800
7832000
6678800
3211500
4259100
3438000
4143600
5061600
2792000
3457600
2701300
4821800
5132600
3517400
1526800
2323400
3620000
3223900
4187100
4992200
3786600
3089500
2594600
3077100
3134700
3589500
4500900
2894400
3680400
4084100
6464500
4971400
4438000
3506700
4138300
4493200
4246400
3358600
4896300
3204100
2564000
2734200
2220900
3080800
3241300
3661000
4875300
6136500
3725100
3646300
2493300
3303300
4735500
3781600
2458900
3705500
3215300
4728800
5563500
4581800
4623100
3817900
3280000
3452700
4660900
7444700
3713200
4098600
4078700
5664200
12712200
3639800
5454100
4675500
4807100
6074900
3520000
3024200
3673500
2933100
2722000
1961100
4118300
4991400
4407900
4291200
2854400
2895900
3610900
3317000
4107400
3657100
6585000
5717100
4529300
4323600
4094800
6020600
4894500
3515000
4598100
5179500
3399800
3855100
3057200
3731300
4274400
3624900
4284500
3814900
2818400
2911500
1426300
2940400
5260900
4268800
4208600
7833700
3313400
3912100
4158800
3156700
3774700
2841200
3744900
3674300
4064600
4672600
5786200
6035800
7464700
4136200
7168200
1213400
2179800
2953400
2212500
3678800
4485200
3786600
3855900
3378500
4830600
3770000
3541500
2983600
3125400
2758800
2447300
3430700
4220000
4117700
3959900
5352200
4548500
4447600
4369600
4479100
5742000
6773500
5894000
5106400
3344700
3780700
3849300
3079000
3315100
3574700
3629400
4419900
4422100
3019800
3785200
3649200
4001000
2607100
3362100
3836600
2707800
3145400
3362800
2564700
2526400
3120800
2568300
3027400
3825700
3268900
5577800
2980200
3701100
3012000
2222500
3207800
2353700
3004200
2442700
4046700
2543400
2586400
4407400
3029500
2564800
2386000
3181300
3780200
3908900
2539600
3956200
2843400
3531700
4387800
3784200
3133200
6504600
4228100
3592100
2927400
2993600
4175200
3981900
2724800
3088100
2063300
2527100
2606200
3633300
2529000
1963800
3565500
3042600
2938900
4206600
2625300
2791600
4320500
3270700
2615400
3431100
3171500
3701400
4232000
4368800
3433700
3793800
4648400
4810000
3479500
2627600
2545900
4092200
2235400
3006200
3084100
3406400
3757000
5729400
3856300
3184000
2546700
4417000
4581600
3889500
3696000
1737000
2655900
2893000
3379400
3142800
3736500
4728300
2893300
2303900
2515900
2703000
3271500
3025100
5389300
4182100
3339500
2644100
2318800
2960500
3157100
3014000
3284800
3004400
3323500
2369000
2100400
1907200
2246600
2625500
2146900
2747300
3318500
2222900
2961800
3075000
2703400
2606900
1657200
3082700
2397200
2323500
2492500
4633500
2567900
1672700
2444100
2194400
2881100
3121300
3514000
2219100
2819500
3361400
3718700
3094700
5758400
3095900
2520000
2458000
2577300
1846800
3333000
4995300
5604500
4264800
2111500
2164100
2200500
3548600
3419500
3201600
2435300
2710200
3246200
2069500
2708200
2958000
5832200
3399000
2654700
2732500
3284200
2246500
2031400
2963800
2511000
2293700
2289600
3150300
2536000
2950900
2409700
3004400
2797600
2561000
2974400
2415200
1877700
2239900
1964100
2467300
2155100
2825900
1770500
1301000
2091300
3294200
2511000
2024000
2456500
2803000
2809600
3455900
3652100
4519600
3276700
3451700
3715800
2927400
4618000
1967500
747900
2449400
1593900
1614900
2103200
2649500
2314900
2956800
2500300
3141400
2123200
2248200
3259500
3430500
2271800
2653100
4284300
4737200
5042800
4086400
5119800
7665000
3662100
3881200
3210800
3482000
5262200
9759600
6864500
3717700
3982500
4094000
3364000
3006300
2520900
3466600
2392800
4196200
3096800
3660000
3331500
2569500
2951600
2147100
3272200
3125600
3217100
2487400
1786900
2912900
2474300
3350400
3184200
5926400
4213800
3993600
2554900
2972400
2895500
10342400
3124900
3453300
3462600
2403200
2457100
3605400
3304000
7473200
3775300
3700000
3493800
2442900
2552300
3075600
3111900
2280700
2794000
2926400
3314100
2685000
4189300
2683300
2150300
3439400
3378100
2983400
2841100
4122100
5802400
2825300
1958000
2605300
2520200
2185000
2795300
2077100
1767800
2864200
4486300
3205300
3751200
3330100
2176400
1505100
1988300
1977400
2279200
3661800
2690700
5362600
2778400
2803300
1958000
3177100
2620100
2167200
2537500
1919700
1809700
2244000
2896300
2256900
5249700
2101000
2770300
2467300
2914100
9124000
3377200
3245300
3821500
1746000
3779200
2861900
3358400
3654800
3697600
3017400
4488700
3503700
4875600
4244900
5187800
10527200
6990800
6811900
4348900
5391400
5480700
5977500
6528500
4731300
3982700
5579300
5408700
4155700
4479800
3262600
4352900
3487700
2327200
3106700
5036900
3961600
4502200
2847600
2364900
1732800
2022500
2548100
2124200
4717300
4142800
2629700
2856600
2793100
3785400
2114600
2364600
2270600
2920400
2515000
3089800
4109000
3439700
5947500
4142300
3839100
3826800
3936200
4076400
2896800
5014100
5864700
4034300
3044800
2981900
5991500
6249400
6739600
6678100
5111200
4573000
7105000
6099100
7282000
6394300
12554100
6181400
5691500
3657900
2957500
4173500
4060700
2890400
4461100
4587600
3992400
6698900
3581300
3253500
3523700
2949500
3182500
4211200
2935500
2394500
2679300
2271200
2195700
