-3.28071804395
-5.03802281369
-8.99938042131
-5.65517241379
0.297758971948
2.98007968127
4.00395452299
8.85179564997
7.63774331904
6.35
10.3199718706
6.47368421053
7.46512049284
16.019138756
13.3358519078
5.94151611101
6.04651162791
4.25009444654
1.6932658622
3.41863645243
5.27450980392
6.18332674832
5.62649640862
6.20090946672
1.74915523753
-2.74599542334
-2.87797390637
-7.39098300074
-7.63650248186
-5.96261682243
-0.587677725118
2.43710691824
8.11026767879
2.58519388954
5.02552021987
3.81814603425
0.137768155875
-3.37772630766
2.12
0.871287128713
3.16751269036
5.72201414898
5.99427168576
2.04081632653
1.12134561474
-8.59317000742
-15.6842105263
-10.5089710729
-12.6870990734
-12.0
-3.45816161978
-2.36382322713
-4.27620049071
-2.29805013928
-1.83359280401
-3.14127039222
-4.88758553275
-9.70090204146
-7.17517776341
-8.5140053806
-5.54098360656
-0.19512195122
3.69215621923
-3.3125
-1.64980544747
-5.05836575875
1.01839684625
8.33777777778
7.45466756212
10.6613847744
5.12107329843
-4.96409615985
-13.3014796547
-7.74473358116
-4.2230287034
-1.41935483871
3.0069142949
4.64516129032
2.88446215139
-1.12542815201
0.404858299595
-4.77721635278
-0.401606425703
0.4
2.61087866109
-2.75590551181
1.64980544747
-2.82547611614
-5.57486025079
-8.34483816536
-2.14208660811
2.99775569093
3.42266709719
8.84722907417
8.86773547094
9.27921859212
5.83644384119
4.98305084746
0.612177365983
-2.93402496353
-5.92522179975
-2.97942386831
-4.15854450942
0.733333333333
8.3421145065
7.54813426478
4.23816060398
7.64119601329
0.418410041841
-4.49513586045
-0.322690217391
1.56849076333
2.82272563826
5.04571026723
5.52212389381
3.18962495619
0.56081317911
-1.55752212389
0.264410364886
3.66972477064
-3.0910326087
0.652672429
-3.82978723404
-1.66406656266
-7.23404255319
-0.725004215141
-5.51666666667
-2.48962655602
-4.64462809917
-3.87761780105
-2.01552948951
1.69491525424
4.78260869565
5.43743464622
4.03404255319
2.48899424314
1.28755364807
0.209132101778
-0.208695652174
2.28064066852
1.16478245975
-1.68776371308
-1.39199175116
0.665266106443
-2.64406779661
-4.29508196721
-3.26530612245
-4.4185282523
-6.5445026178
-2.88065843621
0.0984574991795
1.98135198135
0.428901352689
-2.208
-1.21951219512
-4.03149606299
-5.78823529412
-5.41426119519
-1.18577075099
-2.76679841897
-0.48581727002
1.90217391304
5.06557377049
1.29724535554
2.01612903226
4.17959183673
-1.95894060492
-3.93700787402
0.904977375566
-1.39949109415
-2.59223918575
1.38226882745
-0.78125
-3.22177040976
-2.32991612302
0.415202810604
-0.88188976378
2.81124497992
-2.38167938931
-3.55056179775
-6.70441001192
-7.71690161314
-12.9370629371
-5.59238973768
-2.1978021978
-4.95610308694
-2.48015873016
-1.71821305842
-3.63888888889
-2.58349985727
-1.65715081465
-1.31468531469
6.98529411765
3.31467929402
-2.77546489037
3.04204333477
4.56273764259
6.25
7.21538461538
13.4803149606
7.72916988715
6.84375
-3.75939849624
-3.34572490706
-7.81068524971
-7.33419280905
-6.73273098222
-3.27272727273
0.1936829559
-1.33218736571
2.57126065237
1.37391047422
1.19222843686
1.40504607947
5.67665758401
1.11424751151
0.939457202505
-0.904317386231
-4.59786682041
-4.26086956522
-3.84285714286
-4.45932469013
-4.69835974423
-0.800686302545
0.906697864873
0.893629287979
-0.875582544838
2.04255319149
-3.61080485116
-9.8840274117
-7.95967100027
-5.97530208472
-5.76126186339
0.429065743945
3.2380952381
5.2499301871
5.78732968113
5.08498384605
-2.11353475139
-1.67224080268
-2.30527895239
-5.08
-6.32894736842
-4.99420774875
-6.26959247649
-6.83695514042
-4.60442635462
0.996677740864
3.42119275825
8.41489940185
10.6439820022
8.62116606797
6.5562163693
3.9723183391
-0.433134813211
0.60828971566
2.02988440936
-2.07986688852
-1.10867779907
3.96847734309
-1.65553700612
-2.48797250859
-1.20547945205
-3.30862890418
-2.81728665208
-2.33695652174
-2.24402042462
-2.64070418778
1.90155091032
-1.13574905354
-0.808625336927
0.080688542227
0.969566388365
-1.14651379816
-1.22863247863
-1.06666666667
-3.92764857881
-3.55844155844
-5.05063291139
-4.30670926518
-4.7619047619
-2.17391304348
-1.84831102613
2.26537216828
-0.25493945188
-1.12994350282
1.55307405981
0.564030252532
-1.02498398463
-2.05992509363
-0.895856662934
-4.62724935733
-4.95857699805
-4.46756425949
2.16836734694
1.41324921136
8.92
8.35643564356
14.3777124458
7.32375085558
10.3299457051
7.57314974182
12.4721603563
6.61194029851
1.79765886288
-3.53209777062
-4.75409836066
-9.65794768612
-8.59481582538
-2.23433242507
5.12494705633
2.52100840336
-0.798403193613
-0.650582813771
-2.0288307528
-5.05361930295
-1.99039121482
-0.305120721677
-2.00557843007
-0.899470899471
-4.4814340589
-5.75679172057
-1.7594161345
-1.78711192278
-1.17647058824
2.15827338129
0.38961038961
-2.25477707006
-1.81864754098
-2.48565965583
-2.16278474533
-1.67283871792
-0.582573454914
-0.408163265306
1.72458506224
1.81107491857
-0.533468817477
-0.176991150442
-0.608519269777
-2.87153652393
-7.41857659831
-6.993502658
-9.29939227153
-8.59791425261
-6.39000235793
-1.95150798344
0.498634690728
4.75675675676
3.53929214157
3.8188494492
1.48841675669
1.27449801611
-1.26897533207
-1.80254476909
-0.969696969697
0.120177863238
2.1618965729
4.77137176938
5.54588410843
2.79092947919
7.92477302205
8.90969899666
3.43143554813
7.58528428094
8.16711590296
3.90835579515
1.74220770382
5.77759651985
1.54870262193
1.11747070046
-0.134589502019
0.28665028665
3.48902644907
0.904729266621
1.06045999174
1.99039121482
0.742574257426
-1.140472879
1.75756730367
-2.40591397849
-3.06054557552
-3.04
-6.08672936259
-4.73089700997
-1.93752471333
-1.24835742444
-0.53050397878
3.64153242182
2.00623559713
3.67586772342
3.99016124624
4.02869757174
0.640326975477
1.94859038143
1.24515771998
1.28719723183
-0.0413736036409
0.465370928004
1.30197396052
-0.577716643741
-2.33846985672
-0.644012058098
0.5228398459
0.832862789385
-1.22282608696
3.10801393728
-0.78847199565
0.804438280166
-2.75909402883
0.960219478738
-1.69886285793
1.09950522265
1.4064697609
5.57971014493
8.03200948429
6.71052631579
7.23655121592
4.6357615894
1.82998819362
2.80316879951
3.32326283988
38.7525562372
38.4756470348
42.203567681
57.6368876081
56.6863905325
9.64125560538
4.85042735043
6.718924972
-7.97790055249
-9.13978494624
-5.60846560847
-4.41176470588
-12.5709810065
-13.4799235182
-10.0580270793
-8.95953757225
-4.0
-2.16475095785
-0.759013282732
-0.270061728395
-2.11241041117
-5.55555555556
0.384615384615
4.56349206349
-0.115606936416
0.49279757392
1.98300283286
-2.4024024024
-7.4720029374
-8.96333976495
-3.08596620132
-0.953984287318
-1.13193542401
1.43389199255
5.02947678703
-1.48389431777
-5.64772326156
-3.07553956835
-5.54089709763
-4.87206449352
-0.0723327305606
-0.509218612818
-4.43451357855
-1.55844155844
-2.26104830421
-6.98065601346
-3.1462585034
-1.07124638667
-3.02267002519
-3.42431761787
-0.618522233367
-0.574907000338
-4.45166531275
-1.07973421927
2.61415718893
-1.78952552947
-4.07137064071
-0.404530744337
-1.44073346431
-2.5636784651
-0.0492287495898
3.61344537815
1.89612530915
-0.618288317605
-3.80270485282
-3.81944444444
-7.90899241603
-4.23180167377
-3.51648351648
-1.88885419919
-1.84353214562
-1.4490543014
-2.34387047032
-1.43896023518
-0.435188063413
-2.19696969697
-0.395016712246
-1.51860288535
-0.323874151758
-1.27359214362
2.5641025641
3.1015037594
5.8001285347
6.08638743455
9.76924372579
1.57853196527
0.298507462687
-3.87644787645
-4.79750778816
-9.42791762014
-4.59337349398
-6.01004134672
-1.89393939394
-2.66828380837
-4.62680052379
-5.21056388294
1.08971488282
-2.03354608876
-2.71386430678
2.0035618878
2.89365452409
-3.05354558611
-1.50584795322
-3.0181662137
-3.02245250432
-1.71791540349
1.30479401847
-2.28571428571
1.09906001446
-0.315638450502
-1.11349036403
-5.0
-4.04386566141
-5.20904729267
-6.06469002695
-9.32038834951
-2.84167794317
-2.73333333333
-2.32962913375
-1.48698884758
2.06103844629
-1.46666666667
1.50223304913
0.0535833891494
1.3046402152
2.70013568521
1.21457489879
0.915050532641
2.3163377193
2.05902539465
2.78940027894
2.91666666667
-0.718644067797
-1.67115902965
-1.95154777927
-3.4213362069
-1.16678105697
0.394772665396
1.92307692308
0.473292765382
1.83813443073
-2.86666666667
-1.19704102219
0.0137381508449
2.92275574113
-0.246305418719
7.44985673352
10.5576208178
5.56925308194
3.01075268817
5.53068592058
1.98714202221
-2.74765003615
0.87783467447
2.72459499264
-1.31110161037
-3.07321909078
-0.517911091929
-1.83828809421
0.831600831601
2.96404988995
0.440967283073
0.0143884892086
1.28
-3.17757009346
-3.87870239774
-0.212916962385
-0.50107372942
-2.20483641536
0.36075036075
4.2493750919
3.17809021675
0.939306358381
1.70717592593
1.43442622951
-0.278592375367
-0.0292825768668
0.479163641644
4.41087613293
3.26481257557
-0.467016929364
0.515084621045
0.746050321826
-4.18294977565
-3.72526193248
-2.04431736955
-1.16363636364
0.161172161172
-0.561312607945
-1.61775232641
0.0572164211129
-0.0726744186046
3.80228136882
4.48120300752
5.75321725965
7.80262143408
2.84005979073
-3.16642120766
0.271411338963
1.45929339478
0.0308499151627
-3.39350180505
-0.293685756241
-0.866965620329
1.40186915888
0.997040037389
9.3824040436
9.22213311949
8.07754442649
-1.15473441109
-0.403413498836
2.70927968851
3.91666666667
1.01174934726
0.697674418605
-1.60305343511
-6.3079495364
-14.4079885877
-13.6901408451
-7.19424460432
-3.60559234731
0.121747070461
11.0935023772
8.89570552147
3.48421679571
-1.40742890308
-4.62989840348
-7.81592403214
4.37009764687
9.47025264874
11.6113360324
12.5081645983
8.20423648435
-0.127897681855
0.146914789422
-0.803212851406
1.25661375661
5.64462257849
3.55960264901
3.3226513746
5.93941456773
1.83532581243
5.64573041637
4.13793103448
4.21866760415
0.153400374979
0.439709115508
-7.40075151119
-6.93196405648
-6.89034369885
1.15517241379
-1.12040133779
5.2622527945
8.19444444444
6.81818181818
-0.394985402713
4.16303779829
3.87638442301
-0.0693962526024
-4.74604496253
2.75277924828
1.62860683307
-5.21503555706
2.56227758007
8.3152958153
7.98399390244
9.98831775701
15.1716068643
14.2508639967
6.30872483221
-4.68579731202
-4.26840633737
-7.15191019374
-9.95789859052
-13.0833333333
-9.33640704759
-15.6446540881
-9.88742046011
-11.6019417476
-0.826446280992
-1.96933010492
6.08840700584
0.065306122449
-1.37248643473
-1.89719474623
-0.641539695269
-4.38596491228
-3.89141691511
-4.81543369285
-3.47472217874
-1.04745278527
2.93876210803
2.4268723883
6.0918614021
1.97924980048
-0.0158679784196
-1.08801558948
0.193236714976
-2.20646178093
-3.89630311397
-0.943099654197
-4.98379879648
-1.47548786292
-0.595331348895
4.35408996318
0.680487418895
5.29650690496
0.446215139442
4.36559843035
0.741815836155
4.27392739274
1.06732348112
2.38211780062
-1.60875160875
3.17803660566
-2.77554949463
-1.37651821862
-0.632295719844
1.32029339853
-3.23619384962
1.18506493506
0.406504065041
0.276377824744
0.606756313545
1.09049479167
-0.54891830804
-3.01214319508
-4.50240645862
-6.18461538462
-3.4417727487
-2.07114624506
-2.35602094241
0.139925373134
1.34081696289
-1.05737832374
-1.78571428571
-1.91813925389
-2.100456621
-1.30789352208
0.799373040752
-1.52905198777
3.61502347418
4.53460620525
1.78543461237
-0.234558248632
3.64500792393
0.503302925448
-3.08404009252
-0.884818379385
-0.218442814792
-1.25195618153
-0.141353855819
1.35979993748
2.87448099649
5.93388429752
7.19677906392
2.77643260694
3.37695912102
0.675241157556
-0.411522633745
-3.10468140442
3.87323943662
3.92947103275
7.35243355195
3.59822646658
5.01877773984
3.18339100346
4.51035451035
2.04297287777
4.19331911869
2.55602240896
3.26960871896
5.07099391481
4.8568790397
-1.88284518828
-2.97265160523
-8.21580846179
-12.1781376518
-12.3786407767
-6.27450980392
-7.98687089716
-0.829403154985
0.243506493506
0.848563968668
1.96601132956
8.86506721116
6.4209068882
4.61956521739
1.47375393277
2.16170212766
-2.14785214785
-5.43371522095
-3.06223246625
-1.08108108108
-4.00326797386
-1.94285714286
-2.16172938351
-4.66174854811
-1.9592098924
2.0
0.508697079094
1.51170351105
4.03331156107
2.41776315789
-0.629347466048
-0.538599640934
-0.581771170006
-0.922180876881
-1.39474537788
-4.76340694006
-1.44764355799
-1.69976171565
-2.2766798419
-2.42126918816
-2.16049382716
-7.00074794316
-6.43579072533
-6.17119121792
-6.75815257489
-3.98577567047
0.390449016369
2.6705325805
2.61835895875
2.09400421814
2.1801665405
-2.015891701
-3.92904266237
-1.11395453861
-2.73992673993
-4.84080103731
-2.06081567949
-2.36186659032
-5.94648166501
-3.88677651035
0.24552281918
-1.85289957567
-3.97250859107
-2.71349862259
-1.52544723339
-5.80873350565
-3.32284971968
-0.614754098361
0.973574408901
-0.469289164941
3.81302075978
2.79730109643
3.68271954674
2.2759601707
2.62039660057
-0.0282366228999
-0.210408191892
-1.80806675939
-1.59574468085
-2.67438654535
-4.20611306465
-1.85848017621
0.153224683103
-2.67029972752
-0.137665198238
2.80867630701
0.623355035323
-2.63122202631
-1.46328366224
-1.50508474576
-5.36842105263
-5.38663171691
-1.4963259853
-1.5203595981
-3.79598225933
-0.964295022153
-0.130890052356
-0.50511763924
0.531632110579
1.18796198522
3.18676885841
4.11556282366
3.09716321776
2.71672354949
3.78082191781
-0.281576830249
-1.75391618691
-3.98684210526
-4.22332635983
-5.18249123263
-5.27117998222
-3.7748003092
-4.29416950006
-2.49872514023
-1.26955629649
0.523493360572
-1.43492063492
-0.426332288401
-2.2554517134
-2.48843316244
-1.73149309912
-0.91847005536
2.17809096733
0.791258477769
1.69125127162
2.41583140581
1.51998978158
-0.611231376544
1.81585677749
-1.50300601202
-1.81680545042
-1.44763343404
-0.783322804801
-0.293255131965
0.731768861973
1.3036809816
1.58567774936
1.46135110883
-1.04718647489
2.56211180124
-2.05307961943
-2.79676817899
-4.63325183374
-2.61702911906
-5.49101137336
-2.58536585366
-2.60290556901
-0.401802021186
-2.18723711092
-2.95513885592
-2.03106332139
-2.1327014218
-1.92261762599
-1.29300118624
0.453028135432
0.977198697068
1.72351452332
0.685343272815
0.392997499107
-0.24973242954
-1.98652004257
-3.24198250729
-1.79478096588
-2.13286713287
-2.24366426412
-2.11805555556
-1.8092293599
-2.29580064605
0.433103125366
0.891391039174
0.232018561485
1.01792943898
0.908032596042
0.517707965643
2.42671792407
3.74292935371
3.78151260504
2.38379022646
-0.129259694477
-2.54068610233
-3.74189063948
-2.80046674446
-3.99359194416
-2.80950205573
-2.13131660364
-1.85332575327
-2.31391770204
-1.30999435347
-1.05096621087
-1.13288773083
-1.4786602442
-4.22489082969
-3.27689787002
-5.37852865697
-5.20833333333
-4.8598529255
-2.65674814028
-3.68227248816
-1.5371657191
-0.999362109292
-0.87682231143
-1.50722210592
0.475687103594
0.221589110478
-0.317931326833
-0.28442009902
0.897666068223
-0.421052631579
-0.126462219412
0.898203592814
2.13017751479
1.38115631692
-0.886802295253
-0.534591194969
-4.08205128205
-1.95147679325
-2.57640554918
0.651055339704
1.20942075111
2.39445494644
-1.12640801001
0.545359202937
-0.0419859347119
-1.33975298304
-1.01871101871
-0.270438943208
1.29607988951
0.814814814815
1.29346904156
1.40191841467
0.564853556485
-1.65082018598
-0.65180824222
-0.327591672831
-0.690882445305
-1.80772391126
-1.57342657343
-1.55247360795
0.884861407249
4.02918436241
5.48212351029
8.18869603916
4.89631961785
1.73535791757
1.69435215947
1.9664162616
-0.376856572822
2.45828698554
1.92350210038
1.74647887324
3.92652123995
5.36027093308
2.91929021179
2.91240045506
0.806451612903
-1.91441441441
-2.50483889332
2.28337236534
4.20865441612
4.33752073951
5.65139797739
2.24679860303
-1.04287369641
-1.74723354688
-1.59766763848
-2.60718424102
-0.785400785401
-1.64121267381
-3.78796368934
-4.45682451253
-4.31311675352
-3.58574610245
-1.62574279628
1.30563124432
1.7919927413
2.3258452462
1.2173128945
1.12244897959
0.685871056241
3.70501058574
0.501710376283
-0.236140784887
-1.45251396648
-2.73515677118
-4.54698551701
0.827776500345
3.09529329933
2.932719954
4.14543770264
3.42545285648
1.49358226371
1.26790326368
4.41935871262
3.86049308479
1.92922239318
2.68392044093
2.31831831832
1.12946320136
1.09422492401
3.09945088469
2.40490797546
2.07209416381
-0.459381044487
-2.07167519943
-1.06241699867
-3.08003329766
-3.60477484931
-2.29151901725
-1.62801592879
-2.81590989088
-1.93586005831
-2.82531296658
-3.79545454545
-2.81161070006
-3.43303874915
-2.66742338252
-2.47535842294
-0.900900900901
-1.40291806958
-1.87882156754
-0.676437429538
1.65091654332
-0.903916973552
-1.0
0.78431372549
-0.493605564281
-2.98243676129
-2.0441626585
-0.77177508269
-0.268186389541
0.780101752402
2.23602484472
3.58962744876
1.04723707665
-0.621876735147
-2.12459887131
-1.43588601959
-2.95604395604
-1.13448617689
0.155711266822
-0.220823672298
-3.05384698392
-1.72786177106
-1.41166250407
-3.32258064516
-4.15873015873
-2.14361140444
-1.59404888417
-1.50802139037
-1.04277505852
0.972326103216
1.17521367521
2.86401399213
3.83120488617
5.04079579747
2.53067484663
1.86092066601
0.759995594228
-0.956885173779
-3.51558287501
-0.965607030487
-1.08719052745
-2.15540467723
-3.29717081472
-0.182992465016
-1.58035237587
-1.11761575306
-0.844197478094
0.653035006959
-0.439395563177
-0.276860824193
0.0
-2.3071301806
-0.933290911019
-1.75826489787
-0.938818565401
-0.180620484488
1.45096377886
-0.369822485207
0.66772655008
0.658313867063
-0.790555496996
-1.28593831678
-0.431351920042
-0.84077771939
0.501547326859
2.51783012751
3.80942044715
4.14155801468
3.03194369247
1.03504043127
-0.899550224888
-2.83665506696
-3.46906398731
-1.50383959044
-1.03499786598
1.06060606061
2.59655955858
2.47100899534
1.55979202773
3.55801104972
1.86308014552
0.829060761427
2.52222222222
2.52082176569
0.667408231368
-0.362478031634
0.736263736264
-1.82175193629
-2.75377969762
-3.2292787944
-1.11871402194
-1.96078431373
-3.30168776371
-0.930779929389
-2.22081886117
-4.04377279833
-4.55526992288
-2.45910073053
-3.84734080856
-2.67363245237
-1.56955272876
-0.511508951407
-0.806286997346
-0.195071868583
0.267050123254
-0.245599672534
0.503804236068
0.77136686208
0.205761316872
0.0205465379084
0.607433336765
0.0102827763496
-0.358680057389
-2.94558162756
-1.80570967417
-1.32073554811
-0.765306122449
0.962234868081
1.99612995213
-0.321769733534
-2.57349302187
-4.73413045592
-6.16504854369
-4.111328125
-2.5
-2.76227141482
-0.742956387495
-0.818488204141
-2.48547757356
-3.33586050038
-0.354847990793
-1.05021959137
-0.105809926895
1.20470316114
2.09966134494
1.23300970874
2.87790983204
2.87976249381
2.62090792207
3.32933413317
3.26849809505
1.64736421725
-0.873062585835
0.506958250497
-0.911432534179
-2.40704500978
-0.880752102919
2.16476247745
0.519584332534
1.9595959596
2.63105041173
0.228129339417
-2.329678935
-1.88235294118
-1.66865315852
-0.439912017596
1.1944193516
1.65174129353
0.275265434526
0.499101617089
-0.970297029703
-0.865671641791
-2.1040327294
0.315581854043
-1.10562685094
-1.72229249781
-2.28488089451
1.14285714286
0.48558121098
2.69667477697
3.02756892231
2.82943411318
0.475153434963
1.03123748498
-1.26126126126
0.221038882749
0.310901614683
0.277943220171
-1.4017769003
-2.30784275376
-1.00457529342
-2.0819012079
-0.611681136543
-1.6313847349
-0.039100684262
-0.955570879716
-0.527498290515
-2.30361445783
-0.818645863431
-0.428265524625
-0.343608874926
0.431668792308
1.79552590267
2.33589591957
0.00973425484278
0.196734212079
0.980780661779
2.0731096645
1.70408981556
2.33090945313
-0.0098357430904
0.128955460768
-1.10924036843
-2.27272727273
-0.653142008906
2.02709483191
3.34187596105
2.82077393075
3.87707336929
2.02948303716
-2.67604258228
-3.94840488381
-3.97966167987
-2.98153815776
-2.50049222288
2.55408653846
-0.157294534015
0.798344175044
0.326862123613
-0.616378045201
-2.4904775857
-0.303832206214
-1.52382801126
-0.961349813616
-1.69279599885
0.421734013339
0.919881305638
0.243237984044
-2.58958432871
-1.68321513002
-2.89523809524
-3.85164051355
-4.51505016722
-2.19626168224
-1.01095197978
-2.43449173016
-2.53058954394
0.880974695408
-0.455856358731
-0.242786441311
1.28941176471
0.869565217391
-0.308324768756
1.19563170778
1.08552010572
1.25798151148
102.864188164
102.172270495
102.864782277
101.6752332
97.4595408355
-1.08818011257
0.0756143667297
-1.1329305136
0.30551842658
1.95702225633
3.4549689441
-0.226329686911
0.856979622929
1.98636806232
1.44024912417
-0.232378001549
4.8862512364
3.48837209302
-0.368645712068
-0.791658621355
0.918506937659
-1.74927113703
-1.68571982174
-0.328756526784
0.817597819739
-1.31147540984
-0.943396226415
-0.366795366795
1.11458740712
1.8235877106
2.95869737887
2.22397165912
0.876338851022
0.867850098619
0.859656137545
0.218905472637
1.41716566866
3.69547657512
2.6939436905
1.35764944276
0.964436407474
0.240096038415
-4.08677125702
-4.65430668212
-4.63768115942
-3.26530612245
-3.17706315382
0.252427184466
0.0773096250483
-0.231347599769
-0.155249369299
1.73433188806
1.73844330304
2.88327699344
2.99841143765
3.26653306613
1.48
1.19952019192
-0.612648221344
-1.31295316481
-2.74800233873
-1.71024179281
-2.76049766719
-1.44137125049
-0.951086956522
0.686813186813
0.374901341752
0.116776956014
0.904088050314
1.01960784314
0.751285092922
-0.41265474553
-0.618955512573
-1.75709596447
-1.82868142445
-2.56212675785
-1.18446601942
-0.270061728395
0.174081237911
3.01407892128
3.77848860456
3.43442458325
3.36989032901
3.4
1.04187537568
-0.219429483343
-1.38641315112
-2.86655045516
-2.17178634318
-0.0800800800801
-3.3731688512
-2.56657661135
1.41426045963
-0.949612403101
-2.49853601405
1.92534381139
2.79706407459
-0.91475282211
0.624024960998
0.648330058939
0.0393081761006
-2.13550766841
-0.484214603912
-0.697134004648
-1.22258878323
-3.15949752569
-2.59077155825
-3.40505144995
-3.56676003735
-3.51994008613
-1.92271793915
-1.61860465116
-0.168098617856
-0.46468401487
-1.76567960272
-1.52573529412
-1.03111765789
-0.998520710059
-0.701365817645
0.984398216939
0.331980818886
-1.23658847063
-0.807043286867
-1.43714753502
-1.75182481752
-1.95298372514
-0.775893179358
-1.85418541854
-2.15379138483
-4.01121036959
-3.99305555556
-4.49767361709
-2.78263913196
-2.15952629746
-0.505402579296
-0.432152117545
1.3093575419
0.687224669604
0.967117988395
1.86401562223
3.46986227866
1.32672917035
0.996618615412
1.58985351911
0.302706552707
-1.56690140845
-0.545390570021
0.37513397642
0.937612693833
0.898311174991
1.46480886031
2.15672178289
0.0
0.818033084894
2.18468881953
-0.832595217006
-2.38596491228
-2.67732962448
-6.36595744681
-6.66552433173
-3.2893609731
-1.72413793103
-0.398268398268
2.74571528506
2.22455771589
2.60151168922
2.25669957687
1.83389172985
0.0875196919307
-0.43599581444
-2.13314983657
-2.42559779804
-2.56013745704
-1.5
-2.53272140065
-1.27377717391
-0.717335610589
-1.17167600611
-1.29339686862
0.564102564103
0.3066439523
0.446045633899
1.78015900449
1.8018018018
1.2987012987
1.48686030429
1.55052264808
0.0691802144587
-0.48275862069
-0.960384153661
-0.155359917141
-1.42538210544
-1.66666666667
-1.19250425894
-0.222450376454
-2.02942668696
-0.885106382979
-0.80971659919
-0.878081729146
0.274536719286
1.40627679643
1.25818683213
2.25978954632
1.78755586112
0.223559759243
0.137386227031
-0.360638845956
0.607427976397
0.866851595007
1.28897404633
1.37534818942
1.90759537977
0.208695652174
-2.07130730051
-8.58280254777
-10.5435290453
-11.0246029274
-10.8941577561
-8.18394388153
-2.19591963869
0.485133020344
2.24486546728
2.54250754807
0.928256765261
1.34154040404
0.203857613298
-3.23524880604
-3.02049622438
-2.32057783925
-4.21768707483
-3.11455484655
0.0154083204931
0.169805495523
-0.184077312471
3.76470588235
5.04308969039
3.50877192982
2.92341912933
4.32069131061
2.72317112472
0.432761660523
0.159744408946
0.800768737988
-0.0479846449136
-1.80379746835
-1.01538949706
1.87144019528
3.98001665279
4.16527824059
4.79190847289
4.96253122398
3.06943978531
1.00925147183
0.670915800067
-0.822233185331
-2.75303643725
-2.10180623974
-2.50901935061
-3.04114490161
-1.74503150751
-0.850995504175
-2.1529562982
-0.684039087948
0.260883743682
-2.21203981672
-1.79754020814
-2.73480231286
-3.83711824589
-3.94675019577
0.301109350238
0.874821059329
0.234962406015
0.964579380139
3.93944326876
7.29467777589
8.47135955832
8.42391304348
3.55329949239
1.95850622407
-1.91794529686
-5.67941415785
-5.07818797356
-1.1332361988
-2.23916923576
-3.52373290426
-1.18990191349
0.567444876783
-0.834804944614
-1.76920624801
-0.671248202014
-1.42653352354
-0.323206205559
3.28303763887
3.788254756
4.02327514547
4.33272697205
1.39275766017
-2.9917966865
-2.42130750605
-2.73285899094
-1.61080377481
0.213464696223
2.30376830673
1.57402852927
1.92846546893
-0.113765642776
-2.0427859096
-2.40886462181
-2.74278424494
-4.09421435346
-3.43691148776
-1.83167535133
-0.7965588657
-0.994632143985
0.556350341758
0.79088895919
-0.876506495539
-0.365079365079
-1.96563999381
-1.81051974403
-1.44972720187
-0.0156494522692
0.158982511924
3.70786516854
1.32848331488
0.848923125295
1.20367437441
-1.19384228715
-1.65745856354
-1.04851330203
-1.83641975309
-3.08518802763
-3.31105710814
-3.14936554044
-1.99386503067
-0.765696784074
-0.564713064713
-0.813498041579
-1.63909774436
-2.38059589759
0.030637254902
-0.0762543846271
2.12307692308
2.27622270071
2.78547245306
0.2457002457
0.490421455939
-0.367872470877
0.123190637512
-0.824175824176
-0.912964090079
1.55642023346
1.41458106638
1.5163357824
0.56792018419
0.320561746298
-1.99816961562
-0.893544908335
-1.67537657547
-0.260257195346
-0.152415790276
-0.0609756097561
-2.7711204314
-1.55848085943
-0.834977986944
-0.334194136412
-0.288797689619
1.16684346113
1.92782233189
2.07655354099
1.68365770775
1.95258019526
3.33542123395
-0.0924499229584
-0.293572311496
-0.338669950739
-0.32437442076
-1.32880098888
-0.169204737733
-0.123456790123
1.168042361
4.31840154689
3.63490792634
4.41696113074
3.71318822023
1.5659601392
-1.11536010198
-0.175831202046
-1.53408192314
-0.730854782332
0.652762298997
0.383877159309
-0.398025792071
0.572610147924
0.414805360562
-0.601360974838
0.0800384184409
0.191418089009
-1.30298273155
-2.70102452654
-2.07655354099
-3.62542425177
-3.42012016638
-2.27063516416
0.51490092058
-2.43423042032
-3.00763130331
-1.96344962997
-1.30224106602
-2.43568275232
-1.20985810306
-1.74948544546
-3.45581802275
-2.88235294118
-3.06920466283
-2.13419090776
-0.715224054883
0.778839088905
0.621485646641
1.08890214797
1.8005952381
0.498753117207
-1.2766574786
-1.60163075131
-1.59988257743
-0.562296537437
0.992592592593
2.0429311621
2.15677524914
4.07882676444
2.95551492992
3.65479115479
4.9728049728
5.80736543909
1.99439077594
2.14752567694
0.86741016109
-0.232558139535
-2.76970160673
-0.20214585601
-0.756756756757
0.248447204969
-0.15479876161
0.430305824497
-1.42550582465
-2.16077364763
-2.54237288136
-3.19196763075
-2.01776840837
-1.31598850401
1.23910050482
1.67718110479
2.66153846154
2.61124845488
1.28696185077
0.677652856923
0.0924072077622
-0.0922225637873
0.418929402638
1.8570536829
0.293481618783
-0.184473481937
-1.10959112327
-2.61408280447
-4.24387328153
-3.68937816126
-3.60106698281
-2.93596931248
-2.34617087207
-1.64609053498
-0.635624538064
-0.310237849018
0.968270519887
0.0590580245091
-0.526315789474
-0.412189018107
-0.455882352941
-2.78059377263
-0.892595844308
-0.53802530173
-0.132314025287
-0.570258809768
1.17216117216
-0.233576642336
0.423481308411
-1.94608620441
-1.15623645035
-0.972141613465
-1.02586331455
-0.537400145243
1.62613536478
0.83066161469
-0.101463980287
-0.316865908109
-2.40963855422
-3.56032777621
-3.10646709969
-2.48763250883
-0.700800915332
2.43937853928
0.783141107789
0.911940723853
1.55016506387
-1.14520005655
-3.3810325477
-2.47187890571
-2.78431915778
-2.85833798104
-1.53139356815
-0.931202223767
0.882600168114
1.2908657219
1.62958764347
0.461538461538
1.20973413982
0.634428309601
-1.64228539884
-2.62177452739
-0.859678313921
-2.07988980716
-2.19249862107
0.541140557791
-0.72602739726
-2.52736856332
-3.2
-5.41280813878
-6.20770432067
-3.38803599788
-4.13319512827
-1.35472839669
0.590396221464
2.8097404335
0.492086713659
3.66689053056
3.73857279301
3.5175879397
2.42565437851
0.723375753516
-0.414660246121
-0.865683754903
-1.62992651971
-1.59136884693
0.810263335584
3.30247340058
1.16310892173
1.13498175922
1.88238527068
3.37847270697
1.81485649972
-1.00243836359
-0.923694779116
-0.219358376748
-3.03235413564
-3.02864938608
-0.686129422844
1.32935431362
1.30555555556
-0.645595158036
-0.731310942579
-0.401983116709
-0.953916431546
-1.97413206263
-0.879882682309
0.0677598590595
0.187944690562
-0.321414222579
-1.85729556387
-0.0133297787257
-3.08641975309
-1.76711064223
-4.46519959058
-5.14575411914
-4.71230788772
-4.14201183432
-3.63451518617
-2.21443763293
-1.62094763092
-2.42904944851
-1.30467196819
-4.11843548191
-0.855867030514
0.665244132045
0.749157198152
-0.445324096982
2.12792434047
-0.714285714286
-1.03105590062
1.05993690852
0.647410358566
0.613496932515
1.94601381042
4.81770833333
2.35051013819
5.68421052632
5.36939313984
4.77505919495
0.405281736175
2.25832012678
0.742311770944
0.0263921879124
0.263782643102
-0.130565347957
1.33832976445
-0.277594183741
-0.433582972014
-1.04411380841
2.86059629331
0.0267737617135
2.9111685485
2.94873529014
1.71246515333
-0.613988254138
1.01419878296
-1.06325706595
0.543995648035
1.35898815931
2.94036823303
0.667029676014
2.22894881673
-0.635135135135
-2.01713909031
-3.52598091198
-1.75203958807
-3.00280261577
-1.00334448161
-1.30123617437
-3.26964995512
-4.22697579096
-4.94735506787
-2.18529180843
0.0911695754103
0.489627625306
1.79945234059
5.05063965885
0.658587987355
1.29287598945
1.58376963351
-1.46473082359
-4.01637247378
-2.44153173991
-1.35346173868
-0.611421881098
1.68539325843
3.94894295971
2.01887781856
2.42601972807
2.94629704031
6.61652040674
4.51639799889
5.37367039646
4.65959821429
3.43537886134
0.602578475336
1.29504504505
6.31517109708
5.33431300514
7.36168947055
0.535362073824
-2.09481808159
-6.40549828179
-7.70378407704
-8.11697185023
-2.43298969072
-0.969018697966
-1.84835402051
-0.432140445645
1.14720110574
1.22443300404
2.51853924724
3.88227049755
3.46513902473
-0.645427080472
-2.24428726877
-1.62422573985
-0.251642667412
-0.528144544823
1.06870229008
3.70997319791
0.581475841063
-2.56095899741
-1.82835311775
-1.20663650075
-1.7735901344
2.43937030208
5.77809798271
6.37155297533
4.5891294995
4.85253523173
4.47473699807
4.78635059641
0.77519379845
2.24340175953
0.467085097066
-0.324915079013
-1.96862048549
-2.09079192324
-0.814426992437
-0.724532676424
-3.73898208701
-3.70581527936
0.316046545037
-0.936464486385
0.671043034282
2.20866027318
-1.51600224593
-2.20567575162
-1.90785754664
-4.43329150983
-4.13706644379
-0.779944289694
0.522525067081
-1.51704940849
3.16410182655
2.57179597085
1.35516657256
-2.50585157648
1.49738663653
-4.10977796166
-2.91302538494
-0.839865621501
1.07152797105
-2.6272352132
-0.233902036324
-1.30065717415
-2.28422924361
-0.841727611425
-2.41610738255
-3.2223701731
-2.11739480032
-2.10230316015
-0.76680816103
0.594112881447
2.69383290031
0.0670510929328
-0.320341697811
-2.83395423097
-0.30959752322
-1.12222823148
0.282409897795
2.07084468665
4.35990002777
3.41035634744
5.64205113555
5.02824858757
4.51374056671
2.54876833262
1.12612612613
-1.01795560582
1.49082568807
1.40051978054
0.371587823353
6.01402775705
4.70762398224
3.99522957662
3.91597899475
3.01825677267
-2.26079346558
-1.93089430894
-1.9441602105
-2.08608785074
-1.30775937228
-0.348837209302
0.0871839581517
0.366784037559
3.10511966071
9.60344003822
12.5102207686
11.5397082658
12.3269611074
10.5862646566
2.85012285012
0.940904588973
-0.11332361988
-0.719895287958
-3.97297732025
0.59317844785
-0.769860769861
2.81291611185
0.0163639338897
-3.91035548686
-5.3050397878
-4.68384074941
-7.95158572085
-7.09942231681
0.778816199377
-1.74766211866
-0.0312158576557
-0.381562881563
-0.709433962264
0.343857455455
2.62743864065
0.486198243413
-0.0305157155935
-0.450788880541
-1.17392647513
-4.93568650912
-5.14727759595
-1.45842730416
0.680786686838
-2.08711433757
0.0898203592814
2.11149931642
2.40184757506
2.08494208494
2.97461454602
1.24280084874
1.33928571429
0.0924641701341
-0.461183704842
-3.76199040767
0.594602835798
-1.81378476421
-3.75259566894
0.262022194821
4.11985018727
-0.288841593189
3.19762907503
6.4750473784
1.48600031284
-0.589512876202
4.21419518378
1.584534939
4.2991269972
2.30436869899
0.248833592535
2.43427458617
4.92103075644
1.81116887473
5.61095149569
5.65231679264
8.75397105542
0.14985014985
0.862652232747
7.62095307385
10.9369303682
7.616334283
19.8324022346
19.001610306
18.670407943
15.179508713
-2.7341585073
-4.5878545593
0.873096446701
-12.3865355522
-6.0737527115
3.63775607888
3.1010794897
1.33744855967
8.60546313411
7.18664130205
15.604249668
-0.662897250926
-6.68202764977
-9.10957625537
-13.9192139738
-16.7188940092
-10.4104803493
-2.96254891001
5.84864651255
6.07990735379
3.94711630581
10.5212355212
9.50826361967
-3.19433817904
3.14553055943
8.39044652129
5.02838605028
6.56664492281
20.9625173531
7.62802656953
-1.95479535736
4.64672183323
-3.64550597109
-10.9416855553
2.30162209557
6.62179765523
-0.401521555368
1.20865139949
-0.979391960824
-6.22816032888
-3.98165520117
-1.43720058321
0.16992353441
0.389184760344
-1.97461212976
-7.16082833366
-5.1185770751
-7.34107459162
-4.9639867627
-4.0780827213
2.07427894113
-1.0752688172
-0.625855662038
0.0779271381259
-2.45098039216
-5.55970149254
-6.91537761601
-5.8379373849
-6.46865889213
-0.896860986547
0.168192861147
4.26944971537
3.705118411
8.03149606299
6.97581451129
7.68766351379
3.13111545988
6.07779578606
3.14720812183
2.20633299285
4.80911200169
4.99280871173
0.243704305443
-2.78326095539
0.554642563681
-1.2085851219
2.37694572991
1.92506727386
6.58531453819
1.31113423517
-2.12115031613
-4.19185812173
2.65618359541
-0.188996220076
2.43018546152
4.11977065194
8.62521891419
4.92753623188
6.48479427549
6.63787224369
11.1924439197
6.23255813953
8.02023121387
8.80778588808
7.73940729855
8.11845800357
11.5434500649
6.02655771195
8.38607594937
5.94187856772
4.28647497338
-5.49154204462
-4.62737457379
-9.28229665072
-5.00369731329
-8.65758754864
-2.20570606569
-1.95797516714
1.82704019488
0.0986923266716
-5.42778288868
-3.47141865309
-4.14282444495
-9.72069496371
-8.88039568345
2.06572769953
0.535132619823
-0.432999088423
-1.02307357423
-2.52027175104
-8.01122867631
-4.82728077945
-1.65844912595
-2.85472615775
-1.63828411296
1.66849615807
-3.42172797263
-6.06315789474
-0.0633981403212
1.266099105
-5.08439258179
-0.277244615057
-1.1240632806
-4.1523192222
-5.46842756913
0.0416927246196
-4.13003475772
-1.638001638
-0.302907915994
-5.31457600625
-7.44742427166
-6.46395104226
-5.56844547564
-7.52567693744
-2.51428571429
-1.91143073429
3.31950207469
0.407687827606
4.42667706708
-0.906002265006
1.03250478011
-2.18399690762
1.47754137116
0.470219435737
0.455062571104
1.67185069984
-1.2218403971
-3.51644174111
-7.65333815813
-5.10975170925
-5.94258548181
-4.9882096862
-6.70331619081
-2.15967427863
0.108069164265
-1.45945945946
-0.756075607561
0.984957020057
3.23464912281
1.7222425797
1.49963423555
1.12870926634
3.0258302583
4.06998858882
5.28549382716
7.61661090337
5.57370747646
5.14064015519
0.20964360587
-0.230946882217
-2.81178270849
3.56289808917
1.27701375246
6.15011126846
4.58937198068
5.2970795569
1.20870265915
-1.01127965772
-4.16828227995
-7.57209302326
-8.00444691495
-7.73234200743
-6.45806803711
-4.42838614045
1.1859939759
1.10528287748
3.00593528623
5.48838994435
2.9176201373
-0.15037593985
-1.56739811912
-4.112355425
-5.56361000362
-4.28910385107
-1.88122464035
-1.50744642209
-2.01475085447
-1.27035247808
-1.75721714183
-6.79044180849
-4.07665505226
-2.83167278448
-0.427578834848
-1.83066361556
3.875
0.244498777506
-2.55493101686
-5.34569983137
-4.85680790487
-6.30751212983
-4.58256957174
-1.55935613682
-0.101078167116
1.10057568574
1.56329651657
0.603520536463
-1.45406477198
-1.68930109308
-3.55976485957
-5.00403551251
-3.77480238748
-1.68940870695
-1.48474465655
-1.14608555287
-0.911708253359
-1.32123527539
-1.77118238392
-3.06816384628
-1.25916480714
0.288739172281
2.0799480013
1.67099286178
3.13162616213
2.97062202527
3.91731955326
3.20308569512
2.0023167301
-0.292730525289
-0.229245128541
-2.89737779217
-4.08557181921
-1.69188221897
-0.774568339519
-4.21894604768
-4.06832298137
-4.19170904608
-6.06662591687
-5.24464831804
-2.50764525994
-2.27617602428
-1.39796383528
0.940922412463
2.04400062412
4.45615716339
3.6489462095
7.09519934906
3.463134376
1.4082278481
-1.52563699277
-2.85714285714
-5.56323958814
-6.09920575453
-5.2899745242
-5.06196804539
-1.87406296852
-4.29474922783
-3.76406114797
-4.576004576
-2.67402993751
-1.92618732539
0.0294247462116
0.887530918085
2.43152189834
0.731957253696
1.20535714286
1.08566329566
1.07352941176
0.17608217168
1.56110615522
-1.6393442623
-2.3525994772
-0.337095119449
1.09775997626
-0.986309436184
-1.55619596542
-1.50193105421
-2.87544483986
-4.04270462633
-2.37137108364
-0.0863806507342
0.792964244521
1.29776496035
1.0645950223
-1.10858442297
-1.41924496168
-1.33712660028
-1.61725067385
0.144071459444
-1.77300013961
-0.141723356009
0.156717481123
0.0
-1.72731134079
-0.734478935698
-1.64482854753
-3.26626240353
-3.18637549787
-1.88915127101
-0.179831235302
0.433991320174
3.46499358335
5.39953676896
4.95699081499
5.57908573098
5.65005176749
4.09677898174
2.37107291049
1.53960029608
0.646773482287
-0.923212192263
1.49141307623
1.47368421053
3.2874617737
2.26999398677
2.40096038415
-0.494678459002
1.23306439336
-1.40208050656
-1.23236822569
-2.15827338129
-2.64156450671
-3.96198830409
-2.15370998672
-1.85077236957
-0.815494393476
-0.189366351056
-1.78058587019
-2.81003584229
-1.40804597701
-2.41580218843
-3.64912280702
-1.5828151498
-2.82808581778
-3.05056414542
-2.31815657968
-0.391444149308
-1.50334075724
-0.85635359116
-0.554093364732
-0.634482758621
-2.33478973239
-1.06045999174
-0.944041592557
-1.16374589266
-1.05090760202
-0.516164085846
-1.87837837838
-1.40294077971
-0.774351310963
-1.1601241063
-1.64328657315
-0.897281371367
0.189214758751
-0.122116689281
0.189214758751
1.47776572668
1.64715491424
-0.0135135135135
-1.2196756467
0.40711086986
0.0
-0.99730458221
-3.80865722085
-2.38126390161
-3.6354125801
-3.4554973822
-0.16146393972
3.04045004018
0.539331754801
2.02801867912
0.157315154693
0.215749730313
1.45400190243
6.70971364402
7.90382954218
4.43592552026
1.40845070423
0.601503759398
-2.22344221795
-2.96172115116
2.82979022948
3.46632710809
5.47945205479
9.67936173416
7.73630343167
7.40964766369
6.83192261185
4.83749055178
-2.46659815005
-1.39507272188
0.121120363361
-1.92706789208
-2.50552689757
4.55941050046
6.58019614046
2.86559725899
6.37023021129
3.6036036036
-1.64577985807
-5.50074738416
-6.39941690962
-7.53754191573
-4.47782963827
-4.26423821914
-3.5606169814
0.897190763348
0.882482718047
1.79658500371
1.94518125553
3.36760542393
4.64829921502
4.74503158219
4.5969871098
5.55296313579
3.90153274501
-2.37415477085
-3.45084039863
-4.62153754999
-3.58428314337
-4.67827626919
-2.14674312601
-1.34996331621
2.24140542178
0.436812773008
0.325732899023
1.462031926
-1.98475478211
-6.86882933709
-7.26358429948
-4.99366999578
-5.73758964984
-2.27687983134
-0.28129395218
-1.40476518386
-1.30501180064
-2.14669051878
-2.80054644809
-2.24116595628
-1.00886162236
-1.8531135032
1.96436088116
3.71209974497
2.87128712871
4.26439232409
4.08452701744
1.9162019162
3.02145672165
3.78743394011
4.65635227611
7.38653670423
7.15599141894
5.31898539585
2.32837614541
2.79859305704
0.690078208864
-3.13195784474
-3.54389086595
-2.47582771755
-3.80994410121
-4.76120928874
-1.821626348
-2.10480476121
-0.770460822794
-1.07683352736
0.292954445584
0.131329344812
-0.920465985905
-2.24527497513
-2.66288951841
-3.27288183621
-1.81948424069
-2.75524475524
-0.76152869835
-1.39664804469
-1.27290530144
-2.00758107539
0.520174328694
0.538777825039
-1.25499931044
-1.89378344998
-2.12970596318
-2.44136606775
-3.29082682024
-0.644012058098
-1.76597465624
-1.84760620364
-1.60593792173
-2.18615879828
-0.855861975275
0.351731601732
-1.09377084167
-1.12089671737
-0.599920010665
-1.41957948306
-0.725221595487
0.361445783133
0.227363916009
0.495712754555
-0.770764119601
-0.786142571619
-2.01993704092
-2.57980456026
-2.59689416678
-1.87768939888
-1.44451739987
1.1274704868
2.49732905983
1.75275527818
3.41154261057
3.40847365562
0.479808076769
-0.570973310317
0.266276128345
-0.0269614451335
-3.21987120515
-0.332093517535
0.681818181818
-0.212568088216
-5.2133912599
-3.31639135959
-4.39420878842
-4.60400459125
-4.16348357525
0.733685158965
1.37833311864
0.433673469388
0.332693538068
-0.393151553583
-1.59594680177
-1.75904834219
-0.507614213198
-0.950570342205
-0.630119722747
-0.716800804829
-0.603773584906
-0.592910306547
-0.491865304578
0.31605562579
0.849714648066
0.990853658537
0.354475250032
0.214863498483
-0.164079262905
-0.379027163613
-0.455235204856
0.675503441244
0.253421186011
-0.251794032481
-0.440251572327
0.0
-1.39499811487
-1.23889375547
-0.150848522942
-0.872817955112
-2.99313052012
-2.64284840328
-1.84252548827
-3.68083303063
-1.51049981579
0.270602706027
-0.122204570451
-0.912852969815
0.450012162491
-1.32089190499
-2.82094190772
-2.44396757272
-2.16718266254
-2.98525073746
-3.1455399061
-1.81903532449
-1.23631225715
-1.26969198213
0.248403122782
0.22350311728
1.9746290091
2.58485324315
2.82882011605
1.40338251169
1.75963610247
1.80311890838
0.901889092017
-1.34764460346
0.615496017379
1.53135634419
-1.41724717752
-1.0133912414
3.62086010875
1.9438976378
1.90735694823
4.71638787574
5.82152432018
1.7989684237
1.39720558882
-0.883869383747
-1.69386745796
-4.31224041046
-3.95118414693
-4.02298850575
-2.40805079669
-3.85164051355
-2.81372432625
-2.23272297696
-2.10970464135
-2.06500058665
-1.49882903981
-1.66939061406
-0.831771321462
0.601344181111
0.294186867498
1.69087878066
1.72188576179
1.64324839247
1.62971839425
4.0146878825
1.96697425935
-1.96740395809
-3.58208955224
-3.57060318928
-7.01115410881
-6.25995902572
-3.49398943939
-2.76847510605
-3.84444444444
-2.21480244853
-1.700604162
0.542189088445
0.41475170945
0.536193029491
0.0445384701035
-0.156389633601
-1.1611030479
0.258485052821
0.720072007201
2.26599863357
2.71944922547
1.6685584563
1.69142857143
3.24079451737
2.56949310909
1.03176443311
1.9793957634
1.35526468203
-1.91409365387
1.56583629893
2.33716929648
3.78423834695
3.12985306415
5.42942942943
1.51734104046
0.237840409086
0.652962515115
1.13567717772
-0.916448464651
-0.276209919539
-0.308239478364
-2.21118599976
-3.23825111059
-1.79990649836
-2.53979400749
-0.904605263158
0.2845962291
0.246103363413
-1.143847487
-1.19116456575
-3.83007569766
-6.43514922889
-4.66986928835
-4.2800265428
-5.38352117299
-2.03652462645
1.12195669247
1.18697716482
2.55188839741
4.06513322706
2.29846014493
1.72335083314
-0.405314118442
1.08919972483
-0.442126743
0.706955530217
0.343563902886
3.063355767
4.15572008598
6.37964302943
5.8667310478
6.0480932718
9.18535411124
5.58567645946
11.4965711981
11.7345562449
18.0671063952
10.283638396
17.6008303677
6.63894465156
2.33264320221
-5.16725591515
-1.35079255686
-6.39833448994
2.37815619495
7.41289844329
8.65839243499
3.7466037466
0.896233020585
-3.71731448763
-5.74343208496
-8.37958575877
-5.19251626898
-3.82491582492
-3.1485284052
0.731981981982
4.78014184397
1.09649122807
2.23048327138
3.57294768184
-0.126528890763
-2.69151138716
-0.977198697068
-3.94127760878
-6.58278145695
-5.85043017869
-4.68359426391
-1.58942166422
10.686575904
9.5473012188
5.59049615653
3.90977443609
4.20320111343
-5.67522783761
-2.04661739625
3.15743944637
5.1912568306
3.21792845855
2.02874049028
-1.53932269801
-5.95254237288
-5.69568755085
-6.23653017241
-3.48109872178
-4.26045016077
2.26012201886
-0.512682137075
1.3377013377
-0.956228956229
-1.21757543674
-5.90998043053
-1.54091392136
-3.6813042335
-6.36822194199
-4.96792856244
-1.70556552962
0.119696768187
-1.10518788194
1.09637939827
2.19794344473
-0.459535358693
-4.66590592114
0.614861329147
1.25209758616
-2.5429036703
-0.8981657179
-0.579856296483
-1.30406714009
2.35169771436
4.88766259361
6.72336978534
8.59685147159
9.13061857123
6.54560810811
4.06070549631
1.49355987942
-4.63446475196
-7.32567249935
-7.18578521035
-4.56680584551
-4.36377932119
0.459016393443
2.97162834476
0.301402175337
2.90010741139
2.84366576819
4.20937542709
1.14239086087
5.41511258461
3.80487804878
-0.268817204301
-0.611246943765
0.0272071826962
-2.41304933944
-3.07983250034
1.73663339259
-0.270929287456
0.574634012861
-0.642914545942
-1.35909393738
-1.6144221714
-0.108254397835
-1.36302294197
-1.80192029462
-2.15123859192
-3.76747799068
-2.86540483701
-3.81619937695
-2.02319587629
-0.63479725353
0.717173034294
-1.01483216237
-0.951401388532
-0.064391500322
-0.284201007622
-1.19814480804
-0.966370313104
-0.727504786216
-3.2036898529
-3.26168457886
-4.23195558297
-3.67382400397
-2.40408570005
-1.85955468559
-4.48794461685
-2.93413173653
-5.07775683318
-5.15122873346
-1.0411622276
0.672915164624
-0.334208641681
1.09575988566
0.821917808219
-1.06599592766
-0.893176134334
0.179361473156
0.587037258895
0.095385715989
-0.796102661597
-0.674237047551
0.408212270381
2.55559651063
1.5744217028
0.754220040704
1.18491921005
-0.833432551494
-5.98359708906
-4.88422992743
-3.86695822304
-2.25783809078
-0.74450484519
3.97549843863
4.94439071567
5.87303521384
4.49877750611
1.34131736527
0.180483696306
1.47203140334
-0.303692905734
-1.37448758138
0.930738547081
1.10705596107
-0.48828125
0.882352941176
3.37778885704
5.41539245668
3.22742684918
0.923986694592
2.25563909774
0.438157235854
-3.39734121123
-1.93349753695
0.957711442786
-1.48148148148
0.163009404389
1.74076393237
1.74163638642
-1.04615384615
-1.21951219512
-2.31504164625
-1.94031683655
-2.13366033109
0.420219997528
3.17060895823
3.45963756178
3.31134229891
5.89533826776
4.68365894682
2.98004664421
3.89730085583
3.47905999737
3.09236947791
5.4002454657
6.63166620613
3.05291723202
3.01595888558
0.864164191196
-0.231292517007
-0.876472199397
-1.85111199893
0.271223216707
-0.06746727837
2.05498472646
2.19734079776
5.93961625282
0.135795763172
-1.71087533156
-4.60927152318
-4.24819083356
-4.66711499664
0.13598041882
1.69948745616
1.3558866962
-0.506666666667
-2.6832460733
-3.12211829798
-0.908847901631
-0.94414893617
1.69491525424
3.7620535108
2.3597626753
3.05785123967
-0.436912485105
-1.71908315565
-2.79867986799
-1.6315161162
-2.01106762046
1.6144221714
1.20026972353
4.46834919321
4.94153674833
0.679440141324
1.5298456495
0.747282608696
-3.12625250501
-5.24927459773
-0.862185100364
-0.0955240174673
2.30747845427
3.08497452142
3.9627039627
-0.0673128702208
-2.25423502734
-3.35840945728
-2.91482818559
-2.0284793122
-3.29384194766
-2.19178082192
-4.7107014849
-3.47186370676
-3.36232636635
-1.38657080498
-1.0584742481
0.437130367704
-0.653929991024
-2.2089628031
-3.08572850566
-3.25924075924
-1.87965182288
-2.0964097414
-0.542929292929
0.362137862138
-0.595829195631
-1.69890873016
-0.636148185107
0.177080698204
0.288040075141
2.82067645182
3.34486735871
0.969773299748
-0.440750535197
1.57740745452
-0.520568816658
-1.0148420652
-1.40320377499
-3.68708308065
-4.30919050517
-3.3382425135
-3.5364659814
-0.481957488878
2.10526315789
2.64900662252
3.44039608988
4.06214185662
3.2801531589
3.14216375016
2.14422463306
0.484755708636
-0.0381873727088
-0.229211766204
-0.280219080372
-0.025519969376
1.37074873917
3.34122599316
3.26101249178
3.3570300158
2.91529875246
-0.34793814433
-3.20855614973
-4.0136312003
-2.60289780741
-2.1585506874
0.687686518749
0.821566110398
2.5100271704
-0.268542199489
-0.422210849539
-2.51707563876
-0.217753298322
-0.783055198973
-2.21332999875
0.617919670443
3.80777310924
2.94040084388
1.23456790123
3.85714285714
4.05894172806
1.76376269375
0.784053156146
0.483154870723
0.404224801147
-3.46566662356
-4.79582750286
-4.35943060498
-2.85424330839
-3.89724310777
-3.04663991976
-1.87242541505
-1.40350877193
-1.63463938108
-0.535959117537
-1.37257326574
-1.08655389554
-1.49364276015
-1.29326271708
-0.950617283951
0.622122682593
1.26281570393
1.27515939492
-1.2647452268
-2.44489943394
-3.36659853312
-3.10152653259
-2.73589494163
0.146145414688
1.16973315462
2.92043063977
0.646262650896
-2.09523809524
-2.60941762543
-3.42433513768
-4.44602104765
-1.84320766008
-0.650502661147
-0.776744733435
-0.234796900681
-1.43356643357
-2.80362959516
-1.19200654435
-1.65509259259
-2.03565267395
-1.90922602035
-2.39582150562
-3.76743139901
-3.77547611093
-3.17371937639
-2.55124777184
-1.15600448934
1.54162384378
-0.0556544968833
0.290373017646
0.560161326462
-0.302114803625
-2.64591439689
-0.2775002775
-0.078116281665
-0.800177817293
-0.145251396648
0.289887389899
-0.760079312624
-1.5491100857
-0.199645075421
0.100659881445
-0.884075588463
2.72716985402
2.04035874439
-0.45268852821
-1.25897294313
0.399423055586
-0.852687086278
-1.99956053615
-0.549028220051
-1.26485661324
-2.10709242967
-4.06845334194
-2.27614343998
-2.15943274602
-1.86195826645
-1.29716981132
0.150910854802
0.0322199548921
-0.395933654361
1.1035378124
-0.331231969227
-0.0323275862069
0.496492174852
0.907029478458
-1.07032002569
0.721050365906
-0.204323045489
-0.590128755365
-0.590382138257
0.852763385147
-0.843026357913
-1.54579142403
-2.08026896407
-2.77603840534
-3.18737590135
0.203165098375
-0.0634853454661
2.50942380183
4.66411796832
2.64964599871
-0.117483712485
1.74399827753
0.923913043478
-0.607968733037
2.27098189797
2.19384413883
1.75265636981
1.04338275673
0.392370572207
-2.10503705295
-2.00021392662
-2.74848194311
-3.52828989193
-3.1764457577
-2.2467191601
-1.53765139547
-2.14739914521
-1.49253731343
-0.43080802774
-2.15716486903
-2.34495526072
-1.66068682727
-0.457142857143
-0.335113624463
2.43055555556
1.31291028446
2.55466778806
0.302209253856
0.621707060063
-0.199516958942
1.79253288078
2.26857327169
3.46091644205
0.42328042328
1.15785001062
0.64047822374
0.356063875701
-1.63325909428
0.510529674537
-0.884396715098
-2.58916502028
-1.59269483967
2.10070384407
1.99609459753
3.81462454913
4.78317716278
1.29060012906
-1.24050903647
-0.817731870024
-3.43044120752
-2.15351812367
-1.84735564235
-3.1285610691
-4.16580738297
-3.34625586615
-4.08017179671
-4.97542381382
-3.30561955324
-3.25219473264
-1.9701970197
-3.04382312116
-1.62818235642
-2.58587041374
-1.83135833905
-4.8801369863
-3.93370797219
-3.29229888348
-2.37210631609
-2.81716950604
-0.426257459506
-0.549398503363
-2.22989363687
-2.59812563793
-1.47224306077
0.351711026616
-0.433839479393
0.865800865801
2.03559931831
1.0422588592
-1.49812734082
0.923281934133
3.17506554034
2.46410554909
2.83542823736
4.296875
3.30383480826
0.0291375291375
0.272373540856
0.322580645161
2.46147688613
1.72034406881
2.48855265777
2.6973026973
-0.350672121566
-3.30882352941
-3.56867283951
-2.68332848978
-4.1921898928
-3.38791643139
-4.14541407771
-3.84865065381
-4.76058677
-4.75843208751
-3.74128091313
-2.86460679218
-3.72321428571
-1.08596459208
0.255894717602
0.354545454545
1.60168405638
2.13386832026
0.201170446233
1.48395473938
2.43993294841
4.07696704134
5.75754653293
4.88155749496
3.64317985197
4.49591280654
2.08090237262
-2.10536253776
-2.5605083637
-2.68475210477
-2.87334593573
-3.37310908578
-1.94408442881
-0.677557081864
-0.669020628136
-0.310939413926
0.0375975185638
0.896693442929
0.204613095238
1.53788093216
-0.272505168201
0.415290231241
0.762352941176
0.00930146032926
-1.84293387664
-1.17013372957
-2.50299070581
-0.95087163233
-0.958083832335
-0.0925240562546
0.214053047929
1.12600037223
-1.30646793633
-0.0368358044019
-0.96215522771
-1.51237396884
-1.25884406873
-0.983875375786
-1.4609800363
-1.06971262805
-1.65855417343
-2.4033718949
-0.983222081905
-0.0997189738011
0.565229282523
1.83587295759
2.25584594223
-0.233981281497
-0.782514840799
-1.16237159849
0.257684520523
0.888148764918
3.51187703773
2.44172118308
3.12209626463
-1.04726345506
-1.28767123288
-2.99114404482
-2.06641400469
-3.45384408361
-2.55568373414
-2.92553191489
-1.83624589728
-2.61862917399
-0.906747266424
-0.186005314438
0.00886603422288
-0.687164126509
0.131984161901
-1.07290475772
-0.817007818677
-0.00886524822694
0.78131936429
-0.368194968002
-0.446506741376
-0.332720427283
-1.90451343595
-3.00551153979
-0.670498084291
2.16457960644
0.369100975481
0.992446864571
2.51611194491
0.139518660621
-1.9470268374
3.29520697168
4.36296975252
4.96710221481
4.77843764276
2.97119118577
-1.29032258065
-3.4171388102
-4.31814151445
-3.39805825243
-2.75753051726
-1.88148408651
-0.947036127675
-1.97305519339
-1.80273877622
-2.24912009615
-1.85520752438
-1.78279217983
-1.33779264214
-1.40146983422
-0.231243576567
-1.44570116507
-1.10723107061
-0.9765625
-1.09035584481
-0.857603804025
1.68626772743
1.38157326656
4.31393391797
5.07104795737
2.93680622323
0.837111963725
1.57880887641
-0.773490375319
-1.71947281138
0.58021978022
-0.451388888889
-0.49746901728
-0.0263620386643
-0.209041024301
-2.64464224581
-2.30664857531
-4.41311420706
-4.98455372798
-2.85158233204
0.568084007574
1.85713051741
2.41797676008
4.54783519553
3.73036074783
1.07882373412
-0.0604281767956
-0.872363851952
-3.38196845745
-3.69399830938
-3.56573538048
-3.18428750522
-0.764834425954
1.16031055371
0.509770603229
1.38652602926
1.11552438097
1.86643835616
0.592173017508
0.75329566855
1.33609171623
1.2146095287
-0.188002050931
-0.401743738781
-1.52575233921
-2.29914098029
-0.349471530856
1.14088159032
2.10333391517
3.13858459398
4.98673740053
2.15952629746
0.57371349096
-0.830881080145
-0.716443677169
-2.45795601552
-1.29780833691
-1.01531578042
-1.58432708688
-1.67204209812
-1.01587843606
-1.5401540154
-2.25399495374
-2.23998667666
-1.09963904978
-0.980557903635
1.1296534018
1.80666152924
2.75519808334
1.81181095633
0.912735647872
-0.620853886715
-1.01703534198
-0.221975582686
1.14972337483
0.955907681709
1.58099352052
1.20946989192
1.45517540061
-0.215647373415
0.851137745353
0.190426728988
1.28583840139
1.20978346629
1.83591004919
1.43599682847
1.2266713397
0.191504178273
-0.670498084291
-0.454704442113
0.65620289084
0.493087963371
1.68171357762
3.59011365686
4.21944773535
3.50619550252
4.30749448935
3.66088631985
3.28892201621
3.14908817447
3.6138849263
3.94272076372
3.75059495478
2.19958103218
2.4954234512
0.892343120322
-1.14194035485
-0.633749527053
0.104851777714
-1.67677150436
-1.46544388768
0.312411246805
-2.19261726339
-3.36219602063
-3.78269984505
-3.89787388697
-3.4372428924
-1.57530504462
-1.02115244347
0.568338069484
0.870680964165
1.30579736988
0.71533382245
0.43956043956
-0.119025819447
0.377184912603
-0.570902394107
0.340480353363
0.645161290323
0.654317574417
0.323027226581
0.258493353028
0.119771512806
0.435064333981
-0.00921489126427
-0.0922083909636
1.73757866066
2.95959021059
1.8478363345
3.85682840463
3.05017103763
1.32280167491
-0.170454545455
2.14753466872
1.21077101898
0.785290174296
0.825177509115
4.12147505423
1.17899249732
3.30198118871
4.48268961377
4.94411438929
1.29844186976
3.48895835434
0.715509422554
-1.56603959421
-2.13835238471
-1.82388703667
-1.98655860842
-3.82826129095
-2.20574070507
-2.60101737211
-4.03688717418
-4.41190363722
-2.97160052661
-2.97196261682
-1.98494825964
-0.570733532934
-1.92717502085
-2.06299502671
-1.9068573524
-2.47706422018
-1.27470903381
-0.19419271315
0.406879970409
1.51698464402
1.51811492968
-0.496323529412
-0.478556966685
-0.62488513141
