3.1650577623
0.308641975309
3.17720275139
-3.41274951706
2.51856635454
4.44628099174
-0.517129928895
0.411116592666
3.53333333333
6.79310344828
7.80470420527
7.84245381666
4.39484978541
7.87486515642
2.43730130696
-9.48387096774
-5.54732510288
-3.71900826446
-8.99869109948
-4.03389830508
1.6393442623
3.40425531915
1.57824042982
1.7649017649
-2.17211076107
2.09205020921
2.62008733624
9.28440366972
11.7395348837
12.4766878031
9.01295384054
7.89672069355
2.83018867925
-5.38637563809
-6.74782608696
-1.45631067961
-3.73730043541
-2.75229357798
5.43801039347
9.77472317679
5.94285714286
-0.343518351112
1.8691588785
1.66037735849
0.133817625693
-7.89473684211
-10.0650406504
-15.3347048584
-16.6928638793
-17.6220472441
-9.60989533777
-4.08608858391
-1.84840012426
-1.18049083566
-0.78125
-7.94160583942
-4.29850746269
-0.186046511628
-5.32352941176
-0.959455277004
7.03125
1.60752198969
0.592638802246
1.96431249063
-4.09617097061
-3.0303030303
5.504
6.42323651452
16.4890829694
14.6893617021
12.3404255319
6.61890139884
1.15849563465
-2.96610169492
-2.89256198347
-0.102023465397
3.75221238938
6.12972202423
3.85495511354
12.037037037
12.019047619
5.98386794222
4.77968633308
8.20952380952
0.0
-2.56124721604
-1.27777777778
-5.20353982301
-1.75898203593
3.34928229665
4.6213592233
4.73235065943
12.1476776499
7.41708542714
11.7647058824
10.752688172
9.98293515358
6.62433862434
1.5306122449
-6.27506014435
-13.2786273778
-10.5001909126
-6.21278285034
-3.08544303797
0.0
11.2678979041
13.8695652174
2.02511138113
-0.862745098039
-1.96540880503
-3.25235896406
-8.0
1.02291325696
5.02471169687
6.2656641604
3.77083333333
6.11205432937
-1.37207425343
0.914380714879
0.0
-3.88466159391
-5.17206681425
-1.37313432836
-6.10731707317
-13.7297297297
-13.147826087
-13.7625824367
-12.4259323806
-8.79159992881
-1.6654854713
1.0900140647
0.418264203555
0.455182072829
-3.22080606269
-1.19047619048
1.57142857143
4.32727272727
6.64675130695
6.04566210046
8.40766748909
8.21256038647
5.76923076923
0.828313253012
5.79710144928
-2.42592592593
-5.90909090909
-8.77192982456
-8.41379310345
-6.11393323657
-3.4680014301
-6.77966101695
6.54205607477
13.7254901961
7.42545312805
8.87504865706
15.9591194969
4.51260011721
-0.739587388089
1.72482157018
1.74257425743
1.76
3.01871603944
6.20090946672
4.95214315439
3.99505766063
-0.23942537909
-1.83721849072
-4.19801980198
-9.21798262184
-10.4884792627
-10.3078024338
-7.54337899543
-9.00900900901
-2.41474654378
-1.47112241191
5.43396226415
3.30188679245
0.909090909091
-3.02109402932
0.80556572684
-0.711877107531
-3.19634703196
0.0
5.66679259539
3.91933028919
-0.799107972496
-1.45788336933
2.32558139535
3.68194281238
3.30188679245
6.15506016966
13.5267674704
54.0997706422
40.6224180666
34.9960201645
44.3337129841
34.0821917808
-9.68410150181
-7.93610547667
-7.07593688363
-10.5222929936
-4.8983845753
-0.821777092964
0.152361604876
-0.928187591597
-8.72093023256
-12.8915115751
-8.91228070175
-4.53333333333
-0.895666908739
3.91493475109
6.81212121212
10.1520226746
13.7931034483
10.5136436597
5.58816024496
4.11408379606
-0.969635110998
-6.59623808297
-3.85802469136
2.45751633987
7.80952380952
4.50666666667
0.154838709677
-1.71890798787
-4.375
-6.22607808114
-3.69799691834
-4.90797546012
-10.0909090909
-11.2294718154
-12.7948375612
-17.5873015873
-9.68528368794
-2.22222222222
-0.287674264218
2.41567912489
12.660944206
2.26654578422
5.58423275458
9.89785992218
2.33208955224
0.768861124459
8.42958957975
-0.304093567251
-5.73131591013
-6.15014226308
-8.64793678665
-20.8981337481
-17.2954149739
-12.3216080402
-4.19375131055
-0.697471665214
8.43170320405
5.36078271504
1.2825732899
-2.43453355155
-1.078050884
7.20903954802
19.6585365854
12.2742857143
9.22905027933
2.92942743009
-3.80434782609
-8.37988826816
-3.84615384615
-2.71739130435
-6.51452282158
-5.4470709147
-4.56387289401
-2.38146320532
0.766703176342
5.28615115771
10.5933166629
5.53679945982
1.92433850864
-1.42517814727
0.131233595801
-1.38982290966
3.32558139535
3.71966432298
13.0891330891
14.3
11.4971257186
-1.71428571429
-1.14349775785
-3.64705882353
-3.61445783133
-3.706377858
5.59980690321
7.833655706
-2.74599542334
-7.20035778175
-6.67115902965
-1.49786019971
-3.13817330211
4.99759730899
3.51851851852
5.34784666351
-1.03529411765
1.78784266985
0.289156626506
5.98626104024
6.52886312075
2.78113663845
-3.47445927289
-4.00185056674
-4.45382090952
-7.95823665893
-2.82021151586
2.01877934272
2.19858156028
-2.95723384895
-1.5532206487
0.853282768429
-0.953266682167
1.92771084337
5.54621848739
5.49397590361
0.668098305894
-5.70050427538
-9.93923611111
-9.86799394071
-10.1537129249
-6.90804087072
-0.890916992612
-2.57928118393
-3.92931392931
-1.93205944798
-8.57026807474
-5.67739290838
-2.49433106576
-3.00463803186
-4.05377877368
-1.53969206159
0.577200577201
-1.50253807107
-0.581395348837
-0.122075279756
-0.179640718563
-5.27240773286
-5.28846153846
-5.35104364326
-7.9243162233
-5.45385921872
-2.67958950969
-2.71281571562
0.803366488141
5.61931143649
6.00120024005
6.75593426659
8.50588712952
4.56
0.377358490566
0.969501110887
-2.80023663972
-3.03149606299
-1.43899073527
-1.48698884758
-1.97980597901
2.42375277722
3.8854805726
3.5306122449
3.27338856335
2.57920389927
-2.50098463962
-3.56931571682
0.0
4.96288441145
5.10138740662
8.04255319149
7.34546994073
2.72536687631
-1.5452077678
0.407201028718
3.61552028219
2.71798217004
6.0
4.76919711223
-2.79166666667
-6.85831622177
-6.33401221996
-9.12762520194
-7.16896831844
-3.61445783133
-1.41700404858
2.355638941
5.04879083581
0.060963218858
0.606060606061
-0.503524672709
-3.18869828456
-6.41254715108
-1.14503816794
-0.562474889514
1.05841644616
2.63048881524
2.81690140845
3.96825396825
2.68151815182
1.38258357408
0.37422037422
-0.628803245436
-2.66314291523
-2.82621767889
-1.56408693886
-3.41365461847
2.4948024948
0.696008188332
3.95915815795
-1.42170604726
1.65339865279
0.417536534447
3.93617021277
4.73592317765
8.68335146899
4.63477146519
4.15307675582
7.92192881745
11.8925518926
13.316892725
29.3370165746
25.3475061325
23.3711048159
24.8475609756
22.4705527031
0.527631213552
1.07438016529
-0.70323488045
-11.1111111111
-13.7086265311
-4.78582760444
-7.04225352113
-12.9316678913
-5.84332737943
-2.63892413093
-1.43341151942
3.03430079156
1.54190499876
-9.07192575406
-5.4462571977
-6.3232421875
-8.93801057184
-0.740557886941
5.89680589681
3.142786439
2.52816020025
3.14745972739
0.771144278607
0.61804697157
0.297840655249
3.44381149663
7.31382978723
5.15302118755
5.33854166667
-0.0744047619048
-7.05174488568
-11.943793911
-8.86769964243
-8.33134399618
-4.25077178817
1.04571984436
-2.95454545455
-9.25805753839
-9.89460098946
-8.05676855895
-12.6407478224
-4.72065829363
-0.323415265201
-0.19321597252
0.615114235501
8.58131487889
5.43378995434
5.36119945479
-0.150053590568
-1.87540418194
-9.11949685535
-12.2244488978
-10.4374364191
-5.58591378264
-3.87484459179
-0.562851782364
3.20579110651
2.39583333333
-0.803051596065
-3.48
-4.36602870813
-4.44664031621
-4.59153249851
-3.28155339806
-2.57209664848
-2.82836110035
-1.63297045101
-2.31067961165
0.960595961576
1.84560428656
3.13686313686
0.961727183513
1.79877446136
-0.176125244618
0.258654994031
-0.497017892644
0.971066191042
2.14011710075
2.81690140845
2.38337746995
4.79166666667
4.0412371134
2.12371134021
2.43198680956
2.29214419671
2.12765957447
1.46443514644
3.1914893617
-1.12084776849
-4.19245358355
-4.85829959514
-2.42906715656
-4.27698574338
0.327131465958
2.5383828045
-0.603621730382
-2.9900990099
-2.4050884516
-4.54722872756
-5.23763336566
-1.62311955661
0.297914597815
-2.70740669116
-0.116959064327
1.07843137255
-2.97676205109
-2.25198990487
1.55145326002
2.6
1.41181149334
4.34869739479
8.44210526316
4.55852156057
3.30578512397
2.75847977115
3.24849989654
-1.75801447777
0.412371134021
0.103412616339
0.0408830744072
-0.780127283925
-2.32323232323
-2.29653505238
-1.42711518858
-0.891410048622
0.536635706914
1.02040816327
0.771416971173
0.905163546595
2.3641642472
1.97853083561
4.36634717785
2.30529595016
-0.328070535165
-2.58585858586
-3.1988590057
-5.60916767189
-2.39205351713
-3.15726767276
0.609756097561
-1.52487961477
0.749442981568
-0.383683360258
2.46185147508
1.42238713667
2.00573065903
2.49117708117
1.74645572221
2.20420045748
3.30068143101
5.36985119689
3.50236355823
3.99572649573
3.41935483871
5.05592841163
1.44388536425
0.409924487594
1.40845070423
2.1978021978
-2.01665935993
-4.73113797416
-1.3829787234
-1.8085106383
-5.38573508006
-5.9381443299
6.85968819599
6.21468926554
9.55710955711
10.7554122524
16.7549350024
9.64590964591
10.2117061021
2.90237467018
7.15695952616
3.59102244389
1.01134681796
2.92232760831
7.36543909348
1.42678347935
2.40040858018
6.51602732528
2.92875989446
5.00270416441
3.76623376623
4.14893617021
1.08897742364
3.80717611613
3.67255396692
4.99045541314
4.03984504704
3.03776683087
-1.85483870968
-2.88592431255
3.15049226442
7.08148148148
-0.841248303935
-2.07949460384
-0.460704607046
0.565770862801
1.5037593985
17.3566878981
30.5947060846
23.0
15.7498362803
7.67487046632
6.04525498143
1.35888501742
6.83760683761
8.49023090586
0.520833333333
2.63431542461
-2.04778156997
-9.3608779858
-7.97646289637
-0.518134715026
-2.63246709416
3.06014773127
12.7365356623
9.13307170888
9.27105449398
9.17464996315
0.494874513963
2.92134831461
5.81351453379
-0.0707213578501
-6.1873487729
0.67615658363
-8.02617981399
-12.4297520661
-13.4638922889
-14.5599527466
-16.1944527289
-14.4414972001
-8.49969751966
-0.0611620795107
2.4818401937
1.82204676587
6.49717514124
1.44216017183
1.8691588785
-0.631578947368
-0.992182802165
-3.45454545455
-1.92597050858
-1.16995073892
-0.597907324365
-2.23398001176
-0.482509047045
0.150693188668
0.838248990997
7.10854947166
13.8554216867
16.7194649771
20.2173913043
13.9370357269
16.7040358744
14.4827586207
7.69522365428
10.621242485
13.2612179487
3.72093023256
7.80669144981
4.47524752475
5.45224006762
1.46341463415
-1.56428843953
-8.81355932203
-14.1156462585
-16.8365553603
-15.6089193825
-13.8112463006
-11.0552763819
-0.574907000338
-6.53745072273
-2.47574439612
-0.555918901243
-0.995024875622
-1.23580494322
3.29148286393
3.4972299169
7.67605633803
10.8048511577
5.86987270156
4.13427561837
6.21552041192
6.56660412758
3.69664634146
5.012996658
5.00927643785
-2.33477011494
-5.89689265537
-8.25174825175
8.10919309514
9.10931174089
11.4491593275
12.6043737575
12.3772102161
-0.439648281375
-5.32771176696
-5.37878787879
-4.98677748394
-2.11538461538
-3.8062283737
0.462071621101
1.14942528736
2.79611650485
-3.34572490706
-2.83899887934
-4.83693660682
-1.0989010989
-3.59415949083
4.66926070039
5.1040439733
9.42261427426
6.28272251309
9.24335378323
6.19834710744
5.29144274494
4.92217080353
4.85641891892
1.79017485429
-2.73311897106
13.1431244153
8.93675527039
10.3448275862
13.5160680529
15.8826269213
-0.926784059314
-0.63752276867
-2.63157894737
-3.24645633288
-3.15741993685
-3.78956754347
0.733944954128
2.13160333642
-0.409836065574
4.28033866416
8.88349514563
6.18606916707
2.90891750119
5.98455598456
1.72248803828
-3.64826941066
-2.747513027
-1.59549507274
-4.2071197411
-1.92397935242
-0.926784059314
-0.798872180451
0.518867924528
4.49275362319
-0.187353629977
-1.46118721461
-2.5641025641
-2.07852193995
-7.63052208835
-3.74211000902
-4.11558669002
-4.54545454545
-6.31761142363
-4.43496801706
-3.94110004331
3.34841628959
3.29571106095
4.57013574661
4.1296625222
5.33759124088
1.6091954023
-0.0902119981958
-4.53563714903
-2.04436711614
-8.28451882845
-9.14786967419
-9.69450101833
-7.10272873194
-10.8223429015
-1.9688269073
-4.65949820789
-3.42250196696
-0.558659217877
4.66910272026
0.0821018062397
1.29084308189
-1.77743431221
-3.72646945832
-6.81044267877
-7.48195974174
-6.20506999622
0.504854368932
0.618477000387
2.04633204633
-0.828625235405
-2.68777614138
-3.37711069418
-5.48045305079
-5.71532580997
-3.97830018083
-2.5824964132
-3.61663652803
-0.364033491081
-1.57649587961
-2.12389380531
-0.888730892286
0.545454545455
-3.64784286215
-3.49239280775
-4.1723202171
-4.93409935789
-5.91857680465
-4.0390440929
-3.85638297872
-1.56928213689
-0.0337837837838
-0.476676881171
1.78143199726
7.16066975419
-2.3475709162
-3.33115610712
-4.76653696498
-4.42043222004
-10.747217806
-3.43198992443
-5.78461538462
-5.0784856879
-6.43382352941
-3.7932089324
-2.24684518313
-0.975015234613
-1.12598904443
0.276497695853
0.399262899263
-1.21617512922
-0.334041907076
-2.08581644815
-5.54265815438
-5.4587688734
-1.6153155848
0.0303766707169
3.29332102185
7.95739348371
6.89013035382
3.02003081664
1.385894672
0.0615953187558
-3.6231884058
-2.6586102719
-2.96052631579
-2.78443113772
-3.84957062481
-4.13892908828
-1.1645267244
3.11440024669
0.693397648478
1.16836428999
4.16038589087
-0.0298507462687
-2.02416918429
0.272067714631
3.82581648523
4.4395465995
4.29638854296
5.14612452351
3.375
1.25984251969
0.601837187203
2.61980830671
0.897435897436
3.8961038961
2.58481421648
4.19141914191
-0.0638569604087
-2.37797246558
-5.86797066015
-5.3227286632
-8.5421068518
-5.60578661844
-3.38573155985
-2.44484197973
-3.56932153392
3.01616915423
1.87288916181
0.976800976801
2.25609756098
4.37192118227
-0.248138957816
0.33887861984
1.54990700558
1.99004975124
0.681959082455
-1.67734065264
-5.19859813084
-4.44312796209
-4.71111111111
0.342146189736
3.21057601511
7.80856423174
6.86926242482
2.9591214155
-3.45345345345
-3.72727272727
-4.27968655817
-4.56193353474
0.122174709835
0.909090909091
1.85185185185
3.20373250389
3.50218886804
1.83514774495
3.61067503925
-1.51975683891
-3.30827067669
-4.90633363069
-5.49676660788
-7.60081230055
-4.33265484152
-5.32460136674
-3.6941580756
-4.16901408451
-2.4341919049
-5.23560209424
-3.27733406775
-3.40248962656
-1.6620498615
-2.2683264177
0.637825845813
1.31138392857
1.54494382022
0.277777777778
-3.6
-3.14262691378
-3.29195898543
-3.96547073105
-4.05117270789
0.617118325731
0.350404312668
-0.69667738478
-0.802782981001
1.24123043713
0.92066070945
0.433134813211
2.75330396476
3.26056921802
4.482661404
5.6652360515
4.17371686407
2.86037949589
1.48625911385
-2.76864035088
-4.56034953577
-2.98221614227
-3.94450489663
-3.0187652978
1.70058544745
3.06783000281
4.8479632817
5.87557603687
5.96541786744
5.37602820212
7.40628778718
0.955690703736
0.20202020202
1.01892285298
-0.93131548312
-5.86226522482
-2.26436456269
-2.39436619718
-1.37812230835
-0.693641618497
1.29720380513
1.29013761468
-0.224845418775
-1.30348540663
-2.50774866159
-0.942318675043
-0.428204396232
0.480090369952
-1.6991643454
-0.308988764045
-1.87727654805
-0.482954545455
0.94070695553
1.21229207781
0.479819362122
2.14653692044
0.542702085119
-1.57126823793
-1.2802671862
-1.36414253898
-3.74655647383
-2.58764607679
2.29621125144
0.926966292135
1.26867775585
2.86200056673
2.5392296719
-1.74844895657
0.281690140845
-2.36718965043
-2.43295548797
-2.77392510402
-3.71979364648
-2.92589554279
0.442355543268
-0.358126721763
0.445806631374
3.57142857143
2.43697478992
2.23289994347
0.861350375104
-1.42817907168
-3.47448425624
-1.6799779675
-3.96308360478
-2.80853362139
-1.72739541161
-0.700808625337
-3.04405874499
-1.02095647501
0.162293751691
1.78571428571
2.79855915766
3.76835688556
5.11155040949
3.09537088678
-0.27397260274
-2.43309002433
-1.60850599782
-1.80255130338
-0.966583816625
1.41706029453
-0.43068640646
-0.676956404008
-3.32439678284
-3.20769847634
-3.6670235546
0.188781014024
0.681570338059
0.16111707841
1.27233351381
2.38421485338
2.43093922652
0.603400987383
3.84829894032
3.12674483529
1.75683212493
0.0
1.27777777778
0.589060308555
0.787844682048
-1.34800550206
-0.794738284461
-0.962861072902
-2.40897892143
-1.2503473187
1.73523649594
3.69423131571
3.17910871416
3.30882352941
2.07033465683
3.98719441211
6.63636363636
5.3528708134
5.58375634518
5.15955860424
1.89798339265
-2.36686390533
-0.0896325067224
-3.26400924321
-1.44032921811
-1.11436950147
-1.9437191761
-3.40548340548
-1.92634560907
-4.06091370558
-4.85491071429
-4.03674832962
-3.10402684564
-1.03728623493
-0.0563697857948
1.44353240872
0.223214285714
-0.473142220985
0.648984198646
-0.755244755245
-0.506899464939
0.195694716243
-0.194444444444
-0.644799551444
1.07435679955
-0.58790593505
2.08333333333
1.58013544018
0.762711864407
0.340425531915
0.733220530175
-0.369633210122
0.681818181818
1.17176336096
1.61429806861
2.27862705509
0.485714285714
2.6538349373
1.80389874891
0.0865551067513
-0.545037292025
1.41987829615
-0.116516166618
1.3266509434
4.17793808236
2.55957634598
2.92275574113
1.56804733728
2.78787878788
1.18613138686
1.67514208794
0.089552238806
0.237247924081
-2.13523131673
-3.37937114311
-0.268496420048
-0.267936885978
2.24378411158
2.49240121581
3.4032209055
0.449505543902
1.51103052282
0.0910470409712
-0.7242003621
-3.14891112419
-4.92877492877
-8.15986677769
-9.07836644592
-8.85588558856
-5.61111111111
-3.38563170933
-1.55737704918
-0.90237899918
-0.628587045641
-1.45086230495
-0.629102844639
-0.759219088937
-3.48376880443
-2.37459978655
-2.94899043571
-1.9050174403
-0.351256417185
0.932338838572
0.133582687684
-1.31095962244
-2.91742641313
-4.3669250646
-2.00991908118
-2.67810712428
-1.67568961072
0.366013071895
1.41509433962
-0.312256049961
0.391542678152
-0.103013134175
-2.86947689182
-2.65306122449
-2.08917197452
-3.35519677094
-1.77080698204
-0.831024930748
-0.229065920081
0.589441312148
-1.07312203644
-0.803011292346
-0.201055541593
-0.0508776392775
-1.98442602361
-0.273768043803
0.276799194766
0.785207700101
-1.05713566574
1.63390349757
3.90483579002
0.17645576002
-3.21157146359
-3.47424684159
-4.64946445959
-5.86660175268
-3.57316480311
-1.01917010434
-1.85979971388
-2.86119650035
-3.2273262662
-2.18735140276
-1.90430849798
-1.94061257891
-2.1517815826
-3.06005937429
-2.18604651163
-0.638599810785
-0.0934361130577
1.21779859485
1.29539671524
-1.21755111417
-2.64793921253
-1.29121512566
-0.766906809203
3.54491017964
2.95648060549
3.03677342823
3.78080880593
2.45238095238
-0.0478812544889
-0.657894736842
-1.72534390301
-1.99343339587
-1.77736202058
-2.0633059789
0.164744645799
0.704390702043
1.49964294216
2.46824826264
1.28235573498
-0.0705550329257
0.16462841016
-0.520956665877
-2.59103641457
-1.61214953271
-0.931966449208
-0.514740290126
-2.01856148492
0.681551116334
1.51802656546
3.34697808813
3.18686624819
3.11004784689
2.01390553824
-0.0947867298578
-0.479271507309
-1.14558472554
-0.853889943074
-0.215311004785
2.55164034022
2.0293398533
3.73854914583
3.91915208282
2.62705622391
1.20511559272
1.21257114576
-2.10857973825
-1.38551288284
-1.38014527845
-2.1890786625
-4.73833097595
-2.96331138288
-2.16409036861
-1.33779264214
-1.88812839273
-0.911002102313
-0.234631628343
-1.59138778376
-1.20368185037
1.33939248983
1.88005711566
5.8093346574
7.49685534591
6.94093891974
3.03104977822
4.99750124938
0.574282147316
-0.575287643822
-0.251762336354
1.22224993764
0.351053159478
0.200150112584
1.24082046088
-0.426171972926
1.69964485033
1.03876361794
0.528169014085
1.56893004115
2.51863274223
1.38888888889
3.89576204264
5.12956107879
3.1299734748
2.31396266106
0.751490023322
0.795967100027
-0.86500655308
-1.41213389121
1.14361702128
1.79372197309
-1.41250326968
0.952632971686
2.24598930481
0.320170757737
0.45045045045
-0.83009079118
-0.290237467018
0.672947510094
3.79396289117
2.74979580724
5.73230938014
6.4606741573
1.30897191164
0.249861188229
1.46408839779
0.718232044199
-1.19344990286
4.50270732402
1.83771557817
-0.165471594043
-1.49659863946
-2.88409703504
-4.77611940299
-4.81700753498
-2.65771812081
0.795392210642
1.58817086528
1.71128898703
2.39735464315
-0.3211131924
-6.17601646938
-8.24120603015
-9.74090682611
-8.42795861721
-6.48148148148
-2.4843161857
1.0922021844
0.551102204409
-0.850637978484
1.5501905972
-0.225338007011
-2.40456122955
0.503524672709
0.0500625782228
-1.625
0.680615074363
1.86868686869
0.556962025316
0.477867203219
-0.0749437921559
-0.899325505871
-1.49253731343
-1.74129353234
-0.475594493116
0.882056451613
0.831234256927
2.70822687787
5.12552301255
3.8471536262
0.941236326634
2.31958762887
0.616966580977
-3.16535831856
-4.01696606786
0.101858925388
-1.42276422764
-2.94411177645
-2.00992555831
-2.95399515738
-4.17276720351
-4.09356725146
-3.67700072098
-5.06478209658
-4.39814814815
-6.75767918089
-5.32871972318
-4.27881297447
-1.41662796098
-1.12153810941
1.38408304498
-1.18532026442
-0.091932888991
0.466635557629
3.01815609526
2.65214302628
6.2742248062
6.25152625153
5.59251047056
2.53868471954
1.36821891503
-0.530120481928
-0.799418604651
-2.45133381399
1.69658224736
2.56031511571
1.9656019656
2.25414912063
2.66469282013
0.0738188976378
1.8045112782
1.29417620707
1.40668173826
-0.0246669955599
2.23899371069
-1.04166666667
-1.05885249938
-1.28936275725
-2.80508271398
-5.19914142619
-2.08839242351
-1.47986414362
-2.41954996371
2.73399014778
3.94149727318
2.08230044621
3.30827067669
4.5535036681
4.88245931284
5.1890482399
4.10322580645
3.55567090579
2.9159073158
0.833550403751
1.32100396301
1.81292695744
1.02254850551
0.760755508919
0.392259414226
0.451167728238
0.369198312236
0.899470899471
0.26301946344
0.0261574679571
-1.15424973767
-0.0790513833992
-1.58812809164
-1.14404576183
0.183438155136
-2.90371879776
-4.0940106141
-3.12736443884
-5.41072306936
-4.8853439681
-2.48385494287
0.4569687738
-2.14708785785
-0.925925925926
-2.09858467545
-2.42365487155
-3.43221377789
-2.03094777563
-1.10843373494
1.01059896475
1.10267091399
-2.27599425012
-1.31233595801
-2.51350716467
-4.31603773585
-3.36253847975
-1.81133850859
-1.24882186616
0.685903500473
0.0471920717319
-0.635294117647
0.21216407355
1.89675870348
0.666666666667
1.4360938248
2.31102551757
1.79985601152
0.628171055811
1.424776624
0.626204238921
0.776322173702
1.58459288152
0.169409486931
-2.03453986279
-2.25988700565
-3.19398778769
-3.48235294118
-1.1956001913
1.97828709288
2.23826714801
2.77576635288
2.18802596778
1.95026816187
0.876125578
1.9882179676
2.34683794466
0.848690591659
1.33399209486
2.51996007984
0.891530460624
-0.832925036747
-1.33971291866
-5.75087310827
-5.80493537015
-3.65068002863
-1.80418571085
-0.238663484487
4.04554263566
5.92481951705
5.59334845049
2.76885043263
4.8024012006
2.17821782178
0.425
-0.775
-0.246609124538
-0.621426795923
1.1011011011
0.452034153692
1.29146619397
4.69919958688
2.44461420932
2.33034571063
1.52983171851
-0.528967254408
-5.83515681984
-5.44184926559
-6.71285236503
-6.30673674152
-5.18270838309
-1.79083094556
-0.12025012025
0.552486187845
-1.38987043581
-0.664294187426
-1.66705799483
-1.6788838969
-1.35071090047
1.55502392344
1.88542422045
3.47424684159
4.06003937008
2.30303030303
1.33333333333
-1.82724252492
-2.60293421675
-4.93567251462
-3.84615384615
-3.73395565928
-2.0
-2.55937283837
-2.41953891806
-0.510204081633
-0.325657129565
0.0232612235404
1.0720111862
3.37423312883
1.93853427896
1.43935818782
1.03407755582
0.609613130129
0.569530137636
0.475059382423
1.38755980861
2.70335505672
4.04976823616
2.48054474708
4.25953442298
1.16166505324
1.69366715758
0.441068365597
2.08540218471
0.748502994012
3.4034034034
1.67207387073
1.46693187469
0.876533934385
-1.13468179576
-0.597014925373
-0.743126083726
-0.0993541977149
-3.29377573262
-1.14606193611
-2.80464216634
-2.03834020869
-1.12966601179
3.225
1.25925925926
7.56827048114
8.41883714812
6.01405883884
2.72213662044
5.22213561964
1.61205073996
0.0
0.0260416666667
0.698215671063
2.09549071618
-0.734522560336
-1.40077821012
1.05263157895
3.23011211959
1.72692930383
3.84091528194
3.48993288591
2.84167794317
3.30943188086
2.12179663819
-0.108843537415
-0.3211131924
0.108371714982
-1.62778079219
-0.356946732565
0.245499181669
2.43969298246
1.37324910739
0.600436681223
0.13747594171
1.38274336283
0.0548546352167
1.73232746577
2.43220575902
2.36419926822
1.9453058923
3.08170766186
2.25714285714
4.04304828389
5.71258554002
4.10918696801
4.52127659574
4.16666666667
3.7730153939
-2.15429403202
0.264861683343
-0.0295420974889
-2.91823172493
-5.98751418842
-1.00864553314
-0.117577895356
-2.13934663197
-0.288101411697
3.22202694786
1.72969803577
-1.59097483367
-0.345721694036
0.0576535024503
-0.553451791436
2.12574850299
2.85629277001
4.32822362489
4.29945880938
-0.319396051103
-3.1884057971
-3.19700460829
-4.31406384814
-3.03206997085
1.11567821491
2.52600297177
3.92098174199
3.85304659498
1.8106262986
-0.0880023467292
-1.3774912075
-2.56634587343
-3.34872979215
-3.10612597066
-0.234123500146
-0.640652300524
0.0291715285881
-1.19794637764
-5.15548281506
-8.07102502018
-7.73777538958
-7.89897904352
-4.15527610716
1.04740904079
2.17152281473
3.82147838215
3.50389321468
0.0
-0.928454396505
-0.219418540867
-2.31607629428
-0.854700854701
0.660429279031
-0.570187347271
-2.74739930648
-1.50295222759
-2.34248788368
-3.6074270557
-2.46292372881
-1.13396624473
-1.68865435356
0.650406504065
3.71389270977
5.59284116331
5.65617163555
5.54163185742
2.52848013337
0.30353200883
-2.02739726027
-1.93989071038
-3.93258426966
-2.91340706771
-2.71140939597
-2.22341280471
-2.00803212851
0.483870967742
-0.349462365591
0.0806018269747
0.268600590921
0.268456375839
0.949796472185
1.52838427948
2.25274725275
-1.92307692308
-0.983519404572
-2.53901084369
-4.2842215256
-5.2330122364
0.105485232068
-1.25984251969
0.238600212089
1.83559457302
3.61478284327
0.797448165869
0.342375559652
-3.20759558635
-4.10714285714
-5.84201168402
-5.76152304609
-2.46596455176
0.438144329897
1.05697344676
1.73126614987
2.07108156482
-2.6019514636
-2.73251441464
-2.92792792793
-2.37134207871
-0.0511116790187
2.72423541506
2.57135510414
2.30414746544
0.202224469161
-1.51019380821
-3.1125498008
-5.30801071342
-3.72196204092
-0.578034682081
0.607748797164
2.13631739573
3.24283559578
1.22255489022
-0.797806033408
-1.98560436833
-2.4075452966
-2.66699290433
-1.15906288533
0.149812734082
-0.346277516696
-0.983042516589
1.94562234971
1.5272909364
0.350789275871
0.647249190939
-0.122729504173
-2.40993184031
-2.17976977712
-2.72970996832
-2.66537436394
-1.49903288201
-0.0243368216111
-0.414634146341
-0.989382239382
-1.17337164751
-0.886652288521
-1.36821891503
-1.06177606178
0.241896468312
1.11380145278
1.33559980573
1.708984375
1.59352782545
3.81717729784
4.31927254357
4.38529784537
4.99871827736
5.48228600983
2.62886597938
2.27331438905
1.67525773196
0.879234548746
1.30992926382
3.88219544846
3.06176783813
3.49426513737
3.09250866436
1.19300106045
-1.52913261271
-3.04594734125
-2.1914949126
-1.85766614338
-0.501187021894
1.58007498661
5.3576285015
4.1010320478
4.02830702232
3.0443055178
-0.770661706086
-3.51613749672
-3.15623356128
-3.51890756303
-3.76667538582
-0.895443771398
0.236717517096
0.343098442861
-1.24481327801
-3.06795131846
-2.74077868852
-2.28732973529
-3.36648814078
-1.65774037235
0.330704655304
-1.16455696203
-0.205180815594
1.9235768131
3.53842091365
2.28987769971
1.93548387097
-0.179211469534
-1.10539845758
-2.49742533471
-0.517732332384
-1.09749872384
0.696055684455
0.102933607823
-0.435785695975
0.861618798956
2.11102423769
1.27937336815
-0.0514403292181
0.98369143153
-0.596937451337
-1.05724600309
-1.66880616175
1.30276185513
-0.0517464424321
-0.439276485788
-0.231541034217
-0.663096148942
-3.56783919598
-0.540401441071
1.04438642298
3.21295804567
3.32015810277
5.54229647308
4.01498929336
1.5107341638
-0.344006350886
0.0
-0.658587987355
-2.37784165142
-5.74569073195
-5.40675844806
-3.58231707317
-3.11383358857
-2.24776500639
0.67907444668
1.08805668016
0.0254129606099
-0.482600965202
-0.127551020408
-0.175746924429
-1.93548387097
-2.18742232165
-2.18633540373
-3.16205533597
-2.71128480703
-1.39466601419
-0.86249383933
0.249066002491
1.0989010989
3.1234256927
3.7572988068
4.15811088296
5.79710144928
5.25762355415
6.43431635389
7.18367346939
3.04152340651
2.09846650525
0.714853057983
-1.37493389741
1.54738878143
2.49390078612
2.11538461538
-0.0793650793651
5.67197541213
0.751670378619
4.68217934166
8.59188544153
13.309352518
9.04936014625
7.83548483939
4.29121041728
-2.27405247813
-4.05522001726
-3.52733686067
-3.95040369089
-4.14184397163
-2.13980028531
-4.87004103967
-8.15334773218
-9.47533281128
-3.05280528053
-3.99890440975
3.77626348666
8.27243496054
13.3096716948
4.27301405219
4.0467369621
-1.0951979781
-4.11995515695
-4.4375353307
-4.09790979098
-3.01271420674
0.821064552661
3.51029881056
4.42739079103
9.915356711
9.66959684753
7.81440781441
6.25770653514
2.1712907117
-0.83932853717
-2.59816947151
-2.90456431535
-5.2016364699
-2.26937813145
-1.30177514793
0.653789004458
0.927310798684
2.33253588517
2.78703423205
3.96800984313
5.88420390183
5.52398989899
8.71261378414
6.89766839378
5.14230271669
2.91450777202
3.19218241042
-1.88197767145
-1.65605095541
-1.71646535283
-1.99936528086
0.0325839035516
3.125
5.36912751678
4.65735196274
7.3960463531
5.50017188037
8.37789661319
4.7083626142
3.22802197802
1.06786083362
0.379572118703
-3.50877192982
0.957786449095
2.17543859649
3.49376114082
0.103626943005
5.74754456166
3.83057090239
0.813583303856
0.609756097561
1.36554621849
-3.51000351
-5.69642236888
-2.4162927166
-5.45947778908
-3.15361139369
-3.71747211896
1.37323943662
1.6848016848
6.69319826339
10.7397671799
14.0709329221
7.2912731394
8.57469512195
5.21507422916
-0.112528132033
-3.96149574232
-1.92663949611
-1.97982816586
-1.53673163418
-1.03934669636
3.44695518958
4.53137103021
7.2516025641
5.16357903035
8.89248181083
5.58026688233
2.13607594937
1.01173613921
-0.0787711697519
-2.48324793063
-6.11237661352
-3.69523809524
-5.97412480974
-9.96453900709
-15.2921535893
-10.8930987821
-7.99158780231
-9.81468771448
-5.0824638169
1.94009530293
-3.52480417755
-6.30541871921
-0.715502555366
6.14505180422
6.25678119349
7.88732394366
8.86664283161
2.30045311955
-1.37420718816
-2.43472124206
3.23518720465
1.6351744186
5.05309410472
2.38095238095
3.46841913107
-0.936262153403
-4.51075641915
-5.27228581339
-4.11622276029
-1.15481775532
4.59510357815
6.38612033961
7.29438034983
8.03437967115
7.5698757764
2.58887171561
8.36
2.5572519084
2.41102181401
-2.71903323263
0.504854368932
-2.72373540856
-3.64104450166
-2.64530551416
-5.6307911618
-11.995898838
-10.6397774687
-3.44460227273
-3.41849586182
2.48356464573
4.61208437612
-2.47541539505
-3.42935528121
-4.893908282
-4.89753386593
-1.85964912281
4.64868701207
5.38489338634
2.95983086681
2.2009229677
2.11393765675
0.895094880057
-1.24910778016
0.924608819346
-1.77824267782
-3.69220151829
-2.06872370266
-0.391041592606
-2.76625172891
-3.69375419745
-2.52270433905
-2.86103542234
-2.32638888889
-3.18044861065
-1.12881806109
1.22574055158
0.273224043716
0.840336134454
6.98424068768
7.64832022873
2.54888268156
1.84347826087
-1.92307692308
-5.45208262784
-3.84879725086
-0.796674748874
5.04201680672
8.13219457854
9.73615756224
8.70377288009
5.8284457478
-0.218738607364
-2.8148682786
-1.64473684211
-1.43593519882
0.701365817645
0.919793966152
-0.716589036188
0.662251655629
2.33609645818
1.42268813179
4.90158240062
5.4003021148
-1.27134035598
-3.49090909091
-0.595459620394
-2.41054613936
-2.57542310522
4.87619047619
9.736632083
6.16357171079
4.24028268551
10.2189781022
9.28393005828
7.00256191289
9.0478242137
13.0994671403
9.40550133097
7.6164874552
1.64930555556
3.75502905677
2.97210791038
4.44856348471
3.66929865304
7.36253494874
-1.36684303351
-6.45851154833
-7.93515358362
-6.87716262976
-10.3966597077
-9.38873351978
-2.66444629475
-1.51260504202
-0.172711571675
-1.56185778874
5.43386689132
0.797314309694
-0.418410041841
-3.05567182922
-2.24989955806
-4.65863453815
-2.65522875817
-9.36670458855
-13.1588513268
-9.4250363901
-6.10859728507
-9.9006256901
-4.2135851798
2.04005934718
5.85516178737
2.11782826338
2.25818592397
1.54924382147
1.50602409639
-3.9230199852
-4.41663599558
-3.09992706054
-0.0368731563422
-5.3794086213
-7.87589498807
-4.90024501225
-4.09233997901
-10.0795755968
-3.70497427101
0.790378006873
-3.15254237288
-0.729166666667
5.82456140351
5.69253081943
13.5831381733
9.46196660482
5.22469857508
11.2412177986
9.18448139351
2.39808153477
4.45736434109
3.43915343915
2.52100840336
-2.43337195829
-3.47222222222
3.78117457763
11.1297774045
9.50920245399
18.2731841023
22.4374114313
24.7365780231
20.5569620253
5.11285122064
3.89178927385
6.75743822491
1.16751269036
-2.27610094013
4.47545717036
2.68031189084
1.84899845917
3.35781741868
9.18422474338
9.88894764675
-4.86787204451
-10.0692840647
-16.1091549296
-21.5345485375
-14.896489649
-7.78110303549
-2.25733634312
8.55231724797
12.0132953466
7.13596914176
14.0419307655
11.8686868687
-5.84795321637
2.53164556962
3.7
-0.965717044906
0.202429149798
20.0323974082
6.48004147227
-6.62931839402
-6.92134831461
-16.093418259
-19.8615318044
-9.05233380481
-1.96796338673
-2.24077328647
1.42118863049
-5.2868852459
-12.5360824742
-5.81896551724
-6.29888843145
1.00043497173
3.96250532595
3.5882101666
-4.60526315789
-1.65991902834
-5.97137014315
-3.09661436829
-1.34850400337
2.96359017782
4.08765276022
3.77758913413
3.68150684932
2.68282128949
2.60642919201
-1.6576875259
-4.65398624039
-7.52177355503
-5.94220594221
-5.61705617056
1.13160100587
7.57509795385
12.2167925367
12.1405750799
6.92678649715
2.84482758621
4.45657116871
1.03231597846
-0.273099681384
5.01841620626
2.06775186978
-0.587703435805
-3.13043478261
-0.136363636364
0.882489549466
5.37783959203
0.912408759124
5.84445467096
-1.78571428571
-8.49978750531
-6.58293633608
-1.30571814498
-1.85185185185
1.91082802548
10.8859566447
15.7973921765
12.1717171717
9.82142857143
12.9496402878
13.4152859433
-3.53168843735
-2.51107828656
-2.32558139535
-6.84538056486
-6.07429718876
9.42297511911
6.83850604945
13.7190082645
16.0555555556
9.27043335162
-2.72914521112
-3.40447154472
-10.7230693556
-13.0854659585
-9.48361469712
-9.59031657356
-12.8432240921
-9.40285204991
-6.54332129964
-13.376344086
-6.40522875817
-3.00687285223
-7.04225352113
-6.22090562844
-0.556030795552
-2.58913412564
-2.30801510701
-2.54339927331
-5.48
-5.91549295775
-3.32375871974
-5.13535031847
-4.36293436293
-3.69799691834
-1.93370165746
-5.06427736658
-3.27300731613
-0.766283524904
3.22067594433
-2.04870506378
-1.9105846389
0.815217391304
-0.798175598632
-2.82071097372
-0.767165324127
-0.645406226272
-2.12765957447
2.09545983702
-1.25906142694
-0.458190148912
1.15207373272
2.772354549
1.05882352941
5.13437625351
6.29058441558
4.87313733387
4.40277211578
4.50819672131
-4.18908531899
0.0406008932197
4.19639110365
7.16470074268
6.73665791776
9.32773109244
5.57222460351
4.97797356828
-1.16580310881
-5.38079470199
-2.85714285714
-4.26754205991
-7.61090761091
-4.17873396773
-1.62866449511
0.616016427105
-0.0820008200082
1.40321914981
0.0828157349897
2.97693920335
4.95689655172
3.1289640592
3.7687366167
2.67857142857
2.58064516129
1.3986013986
4.27689594356
-0.933389902418
-0.381194409149
-2.5974025974
-3.17393144308
-4.34415858288
3.33187198597
3.19055944056
6.5625
4.28067078553
4.54144620811
1.28774422735
-0.995240155777
-5.40540540541
-5.89700996678
-7.04918032787
-8.71503850831
-6.81451612903
-3.18887980376
-2.78562777553
-3.48101265823
-2.56714060032
-1.43084260731
-3.66285939346
-2.44190626231
-2.20502901354
-2.3901310717
-4.40729483283
-3.42335488779
-3.57007216103
-2.5998492841
-4.8422597212
-2.87822878229
-2.23131275567
-3.19852941176
-4.11849710983
0.442151805453
3.79165070854
-0.148533234311
1.68224299065
3.74812593703
-1.30909090909
-3.40362560118
-1.42752562225
-2.97424737033
-3.15789473684
-0.686168291802
-0.952729937706
2.16903515333
3.92009046363
2.41635687732
2.44173140954
-0.691411935953
-2.33747260774
-3.63240101707
-1.60936356986
-1.74482006543
0.25538124772
-2.4233784747
-1.39684813754
-3.15267445979
-2.23880597015
-0.760318609703
2.59597806216
3.25443786982
5.13966480447
3.22817314747
2.94446515095
2.66516516517
2.73556231003
3.15021129466
4.2447418738
2.05401293267
1.91277735272
-2.11974711789
-3.44955489614
-3.29142011834
-4.50417726117
-4.5288531775
-1.50183150183
-1.100513573
-2.13536011582
2.07638116426
4.0273556231
2.17065868263
3.76855728968
5.86206896552
3.73076923077
4.40301467672
3.12620609803
4.70306895177
4.15003990423
4.0
1.0016025641
1.092469762
-3.79601226994
-6.5274151436
-6.78598061148
-8.60490662761
-5.91042584435
-4.60863204097
-3.03797468354
-0.62986291219
0.0732869182851
0.479527849502
0.588668138337
0.508905852417
-2.06821480406
-2.01077199282
-1.81093806592
-0.657894736842
-1.75
-2.71796681963
-0.286430361618
-1.67378917379
-3.04748405386
1.19262739429
2.83121597096
-0.21436227224
-1.4391014391
-2.25147211638
-4.65196416265
-4.86878453039
-2.8125
-0.558464223386
-0.310773480663
-0.921816319563
-0.137931034483
-1.26842646555
-1.81631254284
-1.05910488555
0.549261929283
0.241963359834
1.74398325776
1.03878116343
1.70257123002
0.0343406593407
-0.172532781228
1.81107954545
3.21658327377
2.31070031994
2.89752650177
1.43507175359
-2.49307479224
-2.37264480112
-1.22893258427
2.09235209235
3.4395365677
4.14713306888
2.94540229885
4.16971470373
-1.03534451981
-2.7122226136
-4.47812607647
-2.21285563751
-2.11242391694
0.107219442459
-0.699545295558
0.554208520956
-0.628272251309
-3.65643325285
-3.51724137931
-2.88722826087
-3.83077948035
-5.44554455446
-3.84742951907
-4.35356200528
-4.26016260163
-4.27295918367
-3.38010204082
-3.36538461538
-3.53165765192
-1.94515306122
-0.349539243724
-0.254452926209
-1.88679245283
-1.65832290363
-1.0101010101
-0.756859035005
-2.14752567694
-2.0030816641
-2.23309880697
-2.67281105991
-2.49077490775
-0.833333333333
0.278121137206
0.0612182430364
-0.122737035901
0.618811881188
-0.674432863274
-1.19083969466
0.21472392638
-0.305903946161
-0.0927357032458
0.741198270537
0.275566442131
0.153609831029
0.245323520393
-1.8804974219
-2.61654135338
-2.44922341697
-5.21258008154
-6.77530017153
-6.17529880478
-5.02713510426
-4.80523173159
-2.38772029562
-0.822228522824
-1.62374020157
-3.7922506183
-3.61742943272
-0.31170303202
0.227337311736
0.44994375703
3.2926483111
1.72846389741
-0.367024280068
-0.141884222474
4.71142520612
5.38438528268
1.64352507793
-0.589390962672
-1.81108943996
-3.71420470655
-5.02840909091
-0.842933408261
2.59141952203
4.3920884235
7.23624201885
6.60205935796
7.134256472
2.20718069453
0.998824911868
-4.80463096961
-2.48080330774
-0.954084675015
0.324771183939
1.8247083458
7.46500777605
7.32171156894
5.4385413392
6.6435768262
2.16992665037
-0.217256362508
-1.59076731129
-1.39491630502
-1.18232731798
2.53838921968
0.876643706951
2.00445434298
5.39039529566
5.37704918033
7.54971351534
5.76158940397
6.21831699899
6.91582256374
8.65692910581
6.26790830946
8.78962536023
8.22970007315
2.21349518029
-0.284191829485
-1.20311394197
-1.9427764041
-4.53910614525
-0.954738330976
-0.670430486944
4.24197713021
4.58071666051
2.54206945936
2.94867127776
0.425230333097
-4.03539823009
-6.62297343912
-2.27431770469
-2.17236467236
0.606060606061
-0.911960715538
-0.446428571429
0.456942003515
-2.22841225627
-2.29885057471
-0.592747559275
1.46341463415
0.743626062323
3.64489354024
3.98406374502
5.01647748078
4.82103725347
-0.247262451431
-3.98475398475
-2.16158752658
-3.05289314874
-1.61696011498
1.90784737221
1.87080833039
-0.563777307963
-1.98329853862
-0.571632725974
-0.143781452193
-1.18590861528
-3.50221013261
-3.71859296482
-4.56870098875
-5.53480475382
-2.51615096906
-0.909703504043
-0.466822274091
-2.13546880214
-1.63660654643
-1.80300500835
-0.702576112412
-2.15334420881
-3.04108702685
-3.04404145078
-2.88586251621
-5.53097345133
-3.00632911392
-2.82929896259
-2.92360892801
-2.65151515152
-0.565681961031
-0.22102936533
0.220541902962
0.220541902962
-0.189035916824
-0.21950454688
-0.377477194086
1.05062082139
2.38709677419
3.01850048685
3.87622149837
4.12708811006
3.28839197632
0.878620240807
-3.14366551399
-2.47776365947
-2.77070063694
-2.81240012784
-0.550161812298
1.98781660789
1.87702265372
2.24682513839
-0.69819105046
-1.78003814367
-2.34815278647
-3.1954887218
-2.47697681804
0.127105179536
-0.694444444444
0.757097791798
1.52671755725
0.318572793883
-0.756859035005
2.75705481674
2.68869452543
0.70467648943
0.964940495336
2.58815917179
-1.05905006418
-0.41935483871
1.72694688824
2.91294273419
-2.21448908573
-6.59472422062
-7.40740740741
-7.94841031794
-9.95529061103
-7.11137231854
-2.7972027972
-2.67441860465
-3.53009259259
-3.3698156682
-2.18453578615
-2.27790432802
-1.9943019943
-1.81818181818
-1.02622576967
-1.10858442297
0.0854944428612
-0.397275822928
0.313479623824
0.544568644311
0.917957544464
0.0855675984027
-0.198244123478
1.21142197866
0.954861111111
1.27832655433
1.97789412449
2.67519627799
-0.545037292025
-0.77519379845
-2.4099801531
-4.20730008359
-4.52526374237
-2.16110019646
-4.54919155933
-3.39632977267
-2.07366984993
-3.06781485468
-4.78353821486
-3.92311743023
-0.517711171662
-0.326353005167
0.459583671262
2.352297593
3.48773841962
-0.271739130435
0.464480874317
-0.45748116254
-1.64110842077
-1.63495041544
-1.81430096051
-2.60777009047
-1.40620854338
-1.82250396197
-2.27867993714
-2.59875259875
-1.33893410344
1.04557640751
1.93861066236
2.9665587918
2.69548972511
3.61806311208
1.74577195854
-1.09187749667
-0.376141859215
1.62733930024
-0.755939524838
-2.68117865676
1.29484758565
0.215401184707
0.517993456925
2.0666850372
5.57735426009
3.66331096197
3.16666666667
0.686247598133
0.0
-2.56690333151
-4.28265524625
-3.79476215927
-0.600272851296
-3.7400530504
-2.52861325526
0.809498111171
-0.372736954207
-2.18841740059
0.265957446809
0.186666666667
-2.03542162305
0.266951414843
-0.345744680851
-0.423728813559
-0.451287496682
-0.0264270613108
-1.86009955462
-0.423728813559
-0.0264760391846
-0.711649973643
0.10582010582
1.62406815761
1.47809728568
1.20578778135
1.25433680278
1.74966352624
0.562248995984
-0.374832663989
0.349556332347
1.24290732235
0.432549337659
1.05519480519
0.214649852428
-0.107440236369
-0.750871547332
-0.0540394487976
-0.0540832882639
-0.347593582888
-0.613988254138
-0.267451190158
-0.107962213225
0.434546442151
2.32558139535
2.2659022659
3.31583310307
2.91666666667
1.48842337376
3.24858757062
4.38871473354
4.50476465492
4.98687664042
5.68016312263
3.81231671554
2.21380716574
3.46579025993
2.32766338406
-1.20863309353
0.649350649351
-0.492753623188
-3.0697943817
-3.62381363244
-1.91927744849
-3.00601202405
-3.22580645161
-1.56784492588
-1.22159090909
-1.74708818636
-2.91828793774
-1.57371617891
-4.4922406752
-3.79885214539
-1.394585726
-2.88798920378
-1.09229929001
1.01760176018
1.3292716699
1.21782452256
3.03114571746
1.97716513506
1.87727654805
0.0
-0.769019500137
-2.0697167756
-1.67031763417
-2.61937244202
-0.769442154438
2.18916643278
4.46657183499
4.55196106499
7.00729927007
10.8775137112
8.13353566009
10.8832807571
13.6304489265
18.3892153474
8.85572139303
15.5734829884
5.49084858569
0.523217789405
-8.04195804196
-8.96739130435
-14.6662675846
-6.56094527363
-4.07779171895
-2.54027261462
0.0302023557837
-2.7931335467
-4.96453900709
-6.23529411765
-5.03089143866
-1.37027107536
2.96584781306
2.7634375949
5.65568676196
6.05304212168
2.1296014603
2.83425754775
3.32601192344
-0.525502318393
-1.86772810778
-1.99761478831
-5.30921820303
-7.91678705576
-5.82241630277
-6.17638609595
-0.886524822695
3.72163388805
2.6393831554
1.02941176471
2.74498229044
0.714285714286
-2.18999704054
2.58594463036
7.62899651789
4.34246997228
2.34541577825
1.22828040743
-3.09551886792
-8.85747259088
-6.45347162201
-5.4435483871
-2.99331589654
-3.2239657632
0.02886002886
-3.44923504868
-1.9209039548
-3.69437447523
-4.91047205643
-5.58583106267
-0.249722530522
-3.146374829
-4.00322407308
2.04872646733
2.51396648045
1.40686550366
1.55598777438
2.11248285322
-0.741962077494
-4.12426352437
-6.32577754349
-3.14854682454
-2.01612903226
-4.38780872307
-2.37908496732
-0.341476228001
-1.79704016913
-1.11642743222
0.475184794087
3.21100917431
2.61455525606
3.61445783133
3.15327666575
1.55495978552
-4.87679671458
-5.40540540541
-7.16827656329
-8.68803204807
-7.28312204822
-3.37301587302
-3.70734102627
-1.42821348033
-0.720855083271
0.449438202247
2.05011389522
4.06234031681
1.24302384576
-0.470064324592
-0.373134328358
-5.81644815256
-6.80952380952
-5.96374045802
-3.967688287
-4.78446234012
1.01131712015
-0.0238038562247
-0.285442435775
-0.118652112008
-1.21665886757
-3.62032954282
-2.75462962963
-2.75271801989
-3.19320009189
-1.65669581224
-0.691403549205
-0.712479889681
-1.16598079561
-3.00802139037
-4.29420832416
-2.5162884745
-3.05258467023
-2.71352313167
-0.839593460009
1.0233592881
-0.802317806998
0.2457002457
1.28407298941
1.77647852485
1.10211426001
-0.664157626743
-0.951327433628
-2.35371755389
-1.54970112907
-1.78926441352
-0.352967129936
-1.58937513608
-1.30264871906
-1.18136075257
-1.43696930111
-2.95439948619
-2.10997442455
-1.09512561735
-2.64110756124
-2.2349936143
-0.468783294268
-0.656362481474
-2.10216523019
-1.07458912769
-0.906981649441
-0.970668917493
1.81073507221
0.379826967715
-0.752823086575
-1.43451143451
-2.46964395966
-5.59625559626
-4.20456842531
-2.80487804878
-1.93679918451
-0.491501126357
-0.48602673147
-0.642699337216
-0.966183574879
-0.9890997174
-2.59325753042
-1.31894484412
-0.240432779002
-0.460829493088
-1.53051083284
0.280056011202
0.08
0.12036108325
-1.40260766495
-0.533807829181
1.27633711507
0.502512562814
-1.54058858384
-0.667189952904
-2.14741729541
-5.13165481453
-3.97606639645
-1.80372381691
-0.971628449281
1.15459882583
1.56158500878
-0.192641109613
-0.597647966069
-0.943214629451
-1.3323035335
-2.08333333333
-1.51773856953
-1.14351057747
-0.0192455735181
0.778361548939
3.35835638088
5.18858511275
3.6546819439
3.21811680572
3.02726543705
4.00657489213
2.74759073201
7.65631646108
6.99256110521
4.76790590212
0.849564857024
0.0615510874025
-5.41138603903
-4.83414239482
-4.35918039373
-2.91691812513
-1.21605188488
3.64887406172
1.394585726
1.75797219951
-1.75889328063
-3.70804059329
-8.3858643744
-5.04381694255
-6.35528330781
-0.7259172062
-1.76380368098
0.925390399075
-1.85397553517
-1.378138569
-3.52072685974
1.75575497464
-0.288350634371
1.55279503106
2.10100231303
2.48302618817
-0.831882375701
-1.83053406303
-2.8107904169
0.445304937076
-1.07464977931
-0.882070949185
1.66922486569
1.51283033321
-0.0387071801819
1.08632395732
0.115185256287
1.30223517979
2.95741324921
1.49283048517
1.15777080063
2.741617357
0.961538461538
-0.879421536056
-0.313295476797
-3.6855036855
-5.60417054552
-4.30046948357
-1.93560751246
-1.18034055728
2.95777388597
2.71562440237
2.40384615385
-0.419847328244
-2.10267096041
-3.31138287865
-1.45118733509
-1.55244225672
-4.22226284043
-4.01818181818
-5.61179186645
-6.46924026088
-6.62895527665
-2.85866477273
-2.89548022599
-0.424403183024
-0.403792134831
-0.176460208223
-0.371484167699
-0.351864883885
-0.123631225715
0.370044052863
-0.211304807184
-0.0176865935621
-1.40503035559
-1.11770869717
-0.959860383944
0.12341325811
-0.893952673094
-1.11492281304
-3.69996636394
-2.7329825157
-3.63574583758
-4.06927862788
-1.65317139001
0.0673174015483
-0.808216871527
-1.44005358339
0.50701368937
-1.00200400802
-1.57362928607
-1.9481591547
-1.01110558594
-4.20916302412
-3.01263362488
-4.47784810127
-2.11700064641
-1.01722723544
3.39805825243
4.62633451957
6.1114842176
2.02802967848
0.147880381203
-2.68773415866
-4.5145631068
-3.76474390047
-2.24049000645
-1.44129554656
0.179503916449
2.18253968254
3.08127914724
1.0752688172
-0.819145518792
-1.19316349565
-3.04584802821
-4.1200894283
-0.984029682207
2.30036148538
1.73884514436
1.99476782211
-1.19911644052
0.845941109484
-0.636734693878
-1.86735350934
-3.42649613138
-0.689439047321
-4.08800124824
-5.50755939525
-3.94309571672
-1.29364089776
-1.55792071572
-0.233499377335
-0.384201629015
-0.477069867652
-0.124533001245
1.26522961575
-0.155424308362
0.961986035687
3.07741116751
2.14660518365
1.73208326712
3.09245313251
3.85111182726
-0.426472911073
-0.174603174603
1.8779342723
0.710020977893
1.2067840835
2.82605164853
3.04219823356
1.14622564271
2.17642209398
-0.856911883589
-3.00882167612
-3.41232227488
-3.33966445078
-3.48504137492
-2.16703574818
0.490739274972
-0.502986482238
-0.816326530612
-1.0081915564
-1.14151681001
-1.08048856874
-2.19830899308
-2.70352833359
-3.45247148289
-3.77670779416
-5.18188567186
-4.08434090239
-3.12222551051
-2.15773809524
-1.16002379536
0.642558278542
0.772659732541
1.83845690175
1.22006326254
0.854957252137
0.919921580455
0.432771228175
-0.0301295570955
-1.38146167558
-1.15641215715
-1.52955152955
-0.755331753554
-1.73205033309
1.32450331126
4.76856166511
2.68374504422
5.63204005006
-0.0148016577857
-2.38025271819
-6.01459854015
-4.99782703173
-9.06245554133
-4.12941677309
-3.43359818388
-2.49110320285
-3.27868852459
-1.44419517667
-0.395759717314
-0.395703787451
0.0142369020501
3.35988414193
2.84066330209
2.84925134467
2.7293844367
1.87092095722
-0.733179988499
-0.172736432993
-1.79871520343
-1.10552763819
-1.1894525652
-0.157887182431
-2.18248380738
-0.440591245026
-1.47121233555
-0.399657436483
-2.17635495647
-0.252808988764
-1.85520993165
-1.68289290682
-4.83564248845
-1.39831095113
-1.7388904223
-1.52472527473
-0.800220750552
-0.513513513514
-2.20687787706
-1.25374761515
-0.655021834061
-1.21302984871
0.886162235855
0.257906882042
0.040899795501
0.714678394722
0.054547933997
-0.824770146025
-2.11267605634
-2.29119488477
-3.52691593742
-3.34783181758
-2.69701355085
-1.83905047607
-2.90998448008
-3.15870570108
-1.14657980456
-1.10590684361
-0.117248566962
-1.76597636895
-2.27130129251
-2.73729565328
-2.69654386631
-3.83362565773
-0.981255503837
0.314702920443
0.317823544368
-0.113808801214
4.1628604985
5.84553928096
2.82164121149
-0.1016002032
1.73678116557
-1.26272387579
-1.70157068063
0.953874297661
2.80715498107
2.08825847124
0.544111931597
0.618991176083
3.60092053608
3.75237063127
3.57774452455
4.11383868357
0.343597198361
-3.14671561558
-4.71150122628
-4.37101600104
-4.10037511318
-2.65019940821
-2.58015072168
-2.20903812169
-3.55081555834
-2.6322418136
-2.6671675432
-2.79364291036
-1.46766169154
-0.648217402144
-1.2928891099
-0.199950012497
0.813618725748
0.5
0.0374111485223
0.211785224866
1.3039625269
1.46050292101
1.69060633024
2.02290076336
1.56902442111
0.44506612411
-1.85716066309
-1.24278182275
-1.81136789507
0.253710516301
-1.74912543728
1.59554261112
0.580808080808
0.767875125881
1.79493801653
6.5211605004
4.76253648183
5.30514559234
6.93229236775
5.03187305032
1.54054054054
2.01651102991
-0.291661142781
0.229357798165
-1.73264027722
-1.39906728847
-0.805477245268
2.07036535859
-0.0269759913677
2.79490341143
3.23246217331
1.23674911661
-0.938337801609
-1.19936034115
-3.19628647215
-3.20862734656
-2.59465184008
-1.58311345646
-3.0115031666
-3.96127881798
-2.45454545455
-0.487419312344
-0.315623356128
2.44968220339
3.20757197318
1.3691416535
0.0791034937376
-0.288486755835
-1.04821802935
0.250395361096
0.237529691211
0.958338879276
2.67941295274
2.94038305908
0.490001324328
-0.707547169811
-1.59790438769
-1.2104283054
-1.06752068321
-0.303670451545
2.18235372875
2.31841329402
0.427464600588
-0.186467767714
-1.3545194061
-2.04590163934
-1.89324217723
-3.4064516129
-3.59527478172
-1.42508666068
-0.961163787505
-1.22077922078
1.10893672538
1.91049463491
2.90659268067
2.00052994171
2.16266419
0.616959831977
-1.5206185567
-4.11705092475
-5.685367987
-5.39726371282
-5.22518039313
-2.69592476489
-1.11486909683
1.07350340995
-0.100313479624
0.0373366521469
-1.1281924126
-1.04127928598
-0.739626425975
1.32130606022
2.48724489796
2.69926152279
1.03957915832
0.213567839196
0.127210278591
-0.759493670886
0.0127339870113
1.05049993672
0.63211125158
-0.0127194098194
-1.31168019988
-1.77611006879
-1.28685657171
-1.81231380338
-2.50496031746
-1.83936235438
-2.07006369427
-2.31876983158
-2.16176827787
-1.6825164594
-0.415191110026
0.665844636252
0.539877300613
0.500427193946
0.551673409342
-0.146323619071
0.160553291342
0.604863597087
1.06081164426
0.381491508737
1.24691358025
0.633855331842
1.00997506234
1.03439680957
2.65285497726
2.60957689384
2.44461420932
4.59050599896
4.30261276485
3.00585556278
5.12718071647
4.7619047619
1.88679245283
1.01102941176
0.523217789405
-1.72752257558
-2.2555410691
-2.61387163561
-1.84302100786
-1.89914025407
-1.49542348846
0.327011118378
-0.258131130614
-0.192950861847
0.0770514960832
-4.21091627562
-6.42594859241
-5.47761376113
-5.22979397781
-5.03658536585
-2.28068058405
-1.45941382222
-0.533915786919
-0.629921259843
-0.2190313945
1.94365850658
2.91708043694
4.58121827411
3.99344923154
3.26715255089
1.84164369832
1.01567398119
-1.61068797603
-1.29321064412
-0.100426813959
0.440417767711
1.11576011158
1.79206914082
2.15955284553
0.669783899912
0.113378684807
-1.35084427767
-0.906801007557
0.0
2.59302476339
2.94384645312
2.81635802469
3.41234696536
3.9894319683
1.52691852047
1.6075899328
1.54087229042
-0.402127383578
-2.89892252437
-4.64415714824
-3.34946510443
-3.99899711671
-2.88485764676
-2.75664213546
0.188631790744
-1.2451263992
0.554645153158
-0.0251889168766
1.88079806837
2.71247739602
3.15256875973
2.9591174562
2.17475228413
0.536604062859
0.194124498512
1.00904206526
1.06243441763
0.452430196484
2.3137254902
-0.88506926629
-2.2669057377
-3.2241685707
-2.29856024249
-4.00301167022
-2.15863453815
-2.27784730914
-1.807304001
-2.05343889164
-1.21482583364
-1.06779240129
-0.597163473501
-0.508432539683
0.285324401439
-0.0866980431013
0.914672346824
2.48629351014
3.29191750993
2.16730038023
0.899775056236
-1.11510345682
-2.49875683739
-2.61943370338
-2.15773809524
-0.509760039786
0.223519185397
-0.383900928793
-1.18328608406
-0.395256916996
-1.69885113664
-1.76872407904
-1.58439975625
-0.356177843282
0.247647350173
1.35017961105
3.24937027708
3.06494159025
2.46664988674
1.12697220135
1.34320863671
-0.188560653677
-0.586913086913
-0.313636933885
-0.844300968463
-1.67859787707
-2.03201970443
-1.17240528199
-1.67756260022
-0.543344035564
-0.905088062622
0.4329004329
1.60501567398
1.29951268274
1.18705485443
1.53999006458
0.472225674164
-3.25124347932
-3.43870656371
-3.48528702364
-3.12800769971
-4.04245170522
-1.50555621938
-0.849383897595
-6.01836110167
-8.40771349862
-7.99780581459
-8.06327584313
-8.34429824561
-3.71057513915
-1.21911396539
-1.47011133931
-2.64171122995
0.0548546352167
2.95505617978
2.15723340376
0.9824254994
2.95089187404
2.49634544023
-0.280112044818
0.795785698274
3.11796488068
1.61109867979
-1.48443558214
-2.15961411971
-3.1165164513
-3.79034004765
-2.73152682555
-1.33347906875
-1.93506772737
0.206746463547
-0.538560965101
-1.06589147287
-0.272509265315
2.19731927049
-0.368603642671
-0.748342954886
-0.407463006648
-0.789445225479
-3.26283345733
-0.891801869561
1.06969205835
2.93598233996
2.63041065483
7.10301650541
4.71422142214
2.55984042553
-1.36091453457
-4.35244161359
-5.88172273409
-6.2447257384
-5.0005263712
-3.79176704724
-2.47437622942
-3.19435801701
-2.78917145201
-2.59433962264
-0.645228431679
0.65652355148
0.668197953644
0.236406619385
-0.133128520225
-2.10880195599
-2.22131648665
-2.75154838055
-1.72727272727
-0.600570032573
0.132612465572
2.25046884768
1.85108583247
1.46561443067
