-4.13235294118
36.8484604548
-5.4604261796
15.3643546971
6.94835680751
-11.0461474212
24.8110502997
-24.9119373777
2.73421793325
49.5939849624
31.6831683168
19.3289224953
-17.8252427184
-20.5982115325
-5.69933120093
-3.39887640449
-1.65745856354
4.44316214657
-11.1737570477
-5.79430226944
9.75092739799
-6.3523573201
6.61375661376
-7.39833414993
-2.34449760766
21.5823152996
-8.80636604775
-5.22875816993
4.62914255655
-7.13238886175
21.6641901932
33.1091772152
-10.2591409301
30.5375347544
8.27897641746
-16.4710813076
-8.08936825886
12.3323236694
-14.2804154303
-4.26136363636
-17.9965055329
19.9022346369
-9.90877634476
-7.56033730736
-8.53723404255
4.12628080864
4.18349682631
-20.3767516655
-12.5025125628
-3.71588929746
-15.2255947498
-4.31711145997
-11.8094974387
-10.1616915423
5.34591194969
-5.74286772879
6.58154534685
-4.87102429251
-11.8543046358
