-7.14285714286
-5.45454545455
-1.62177816392
4.3795620438
6.27689568185
6.87022900763
6.39121015166
7.90625
8.30039525692
7.39442231076
6.50406504065
6.03872661634
4.06504065041
6.75105485232
6.35593220339
2.70541082164
0.312757201646
3.03233372424
0.748172079578
1.06200753683
5.27426160338
7.16175692362
10.414354421
15.881773399
12.8115942029
3.8904109589
6.20082427876
2.85388127854
-1.81853356549
-4.50267577044
2.81690140845
0.945537065053
2.05825242718
-0.366229760987
7.30693069307
10.0661430343
12.7986348123
1.47783251232
4.28140703518
9.04772187433
3.0677460588
0.947459086994
10.4701784937
2.70437654831
-3.13741895001
-7.26985381272
-13.1962616822
-12.595129376
-11.3145367997
-11.3644790508
-2.87797390637
-2.72727272727
-4.10509031199
1.61860465116
2.00453857791
-1.43721633888
2.32558139535
3.53230071779
-6.6191799861
-8.8275862069
-8.13064628214
-4.66477474282
-3.74545454545
0.104347826087
-1.69491525424
-7.16129032258
-4.84388185654
-2.7409372237
2.33137568962
10.2803738318
17.1137136381
9.21658986175
0.982142857143
8.85315769082
8.91693811075
8.88523241464
14.3549747049
18.6692095783
6.69698222406
0.490998363339
-2.27135678392
-7.43414634146
-6.77597787436
-4.19801980198
-1.86709496085
-1.97044334975
1.72687574434
-3.2307398203
-4.60899131092
-5.57345971564
-3.79146919431
-2.76008492569
1.57281553398
5.35323383085
5.24740622506
6.56565656566
6.4078866297
4.16666666667
2.55102040816
1.89062817646
-1.0
-2.01247735963
0.897959183673
0.12259910094
1.17235705471
2.29132569558
0.831980519481
3.7037037037
2.21386800334
1.5455304929
3.31853730712
5.2766502884
2.85154549412
4.95396755809
5.95264439035
3.70451556335
3.74556737589
-0.67027027027
-1.06267620907
1.55056179775
4.27428571429
0.266666666667
2.64092321349
4.65274625511
1.27446517979
-2.64797507788
-4.7619047619
-0.419889502762
-5.75401069519
-3.30105633803
0.717167189601
5.89421783953
2.25988700565
6.54056517776
3.86285714286
3.76744186047
2.29252636405
-1.53538050734
-4.85689505637
-4.64254577158
-5.09821231516
-4.25812115891
-1.8991486575
0.260869565217
0.284153005464
-2.80995280995
-6.17792421746
-5.4293971924
-2.6455026455
-7.35115431349
-6.64797757309
-2.64635124298
-2.88692862871
-5.97014925373
-0.121359223301
-0.12
2.67599835323
4.17710944027
5.23560209424
5.05737356566
7.3883161512
6.25546806649
5.67203707791
6.37112942749
3.29236172081
0.954032957502
-2.72340425532
7.57359924027
8.82424242424
12.4938271605
12.1595330739
14.6341463415
3.51437699681
2.97054418372
0.297176820208
2.74862568716
4.11376333164
5.0064516129
0.451354062187
1.73847316704
3.94805194805
0.664621676892
-2.51572327044
-2.44618395303
-4.6371936569
-13.2492113565
-13.794623182
-11.1731843575
-8.25852782765
-7.38762794838
-0.537875392201
4.17814508724
6.70004768717
9.86193293886
8.60318994683
11.3829256116
4.81231953802
3.40236686391
0.0
1.69574834112
-7.09647495362
-2.48709526044
-3.2904148784
-4.13613802883
-9.57777777778
-4.98016747466
-3.00409649522
-4.13714285714
-1.74175568974
5.58423275458
4.77949665204
-1.25842696629
-0.703586019065
0.866713516046
0.424128180961
1.45233075662
2.44014732965
5.862566074
0.30545112782
2.26506024096
3.64166059723
6.60122699387
1.51219512195
4.59572376505
3.25951729286
-0.890279114533
-3.68707161428
-4.22798411586
-11.3121185702
-12.9898246374
-5.54545454545
-2.03750868257
-1.31396957123
9.39437291369
9.48091964921
1.87543412827
-2.81278127813
-0.845714285714
-7.82417582418
-7.51863217887
-2.94382022472
-4.43010752688
-8.85416666667
-5.81660111778
-6.05436573311
-9.75461366863
-3.74663630718
0.0
0.771798080935
-1.40101522843
2.85773884022
0.0
3.35917312661
2.26109215017
9.44444444444
10.9979161843
7.95530726257
4.80704129993
7.15428571429
5.58423275458
2.07988655164
6.39562529719
5.80229226361
4.16666666667
4.10356619443
3.22029763357
-2.7289546716
-4.18668496911
-2.8901734104
-3.10059171598
-6.28715134888
-0.299746368457
1.67480809491
2.36686390533
0.61919504644
3.06314797361
1.23716153128
1.17674746999
-3.86803185438
-2.80092592593
-0.492379835873
0.966297431063
-1.848001848
4.568165596
-2.96495956873
-3.55042966983
-2.88395513848
-1.02880658436
-6.01520572451
-3.94822006472
-3.93221811862
-8.59832635983
-8.875
-5.05307855626
1.91292875989
1.47707231041
9.35712651567
11.6279069767
11.2423240435
4.21631530706
4.27586206897
2.03081232493
4.92923377257
3.19278576651
3.97903264236
2.47349823322
3.25379609544
-1.75017981299
0.810810810811
2.4658203125
5.46583850932
0.0482276344345
-4.11494252874
-4.5049272642
-5.75241601473
-11.7711530031
-7.94672586016
-4.70974808324
-6.10266578542
-3.80699424524
-1.63863734368
-1.93730953418
1.35435168739
2.85520054385
0.848214285714
4.08438061041
-0.130434782609
-2.55300735612
-2.34565169285
-1.06007067138
-2.02286719437
1.56767498344
0.129982668977
-1.22404371585
-1.13537117904
-1.00130605137
-3.57675111773
0.347826086957
-2.20179563916
-2.0320855615
-5.64797699733
-5.49295774648
-6.46604310695
-5.76148267526
-5.19164469682
2.74319476683
8.58641031243
7.80359491451
6.02306706536
7.66375545852
2.13362068966
-0.651182982418
-1.95572748764
0.256959314775
-1.16529995684
-0.91821481956
-1.8743343983
-1.29401781926
-0.213675213675
-0.982905982906
1.29785853342
2.60052447552
2.1009313407
-0.510204081633
-1.66001260769
-4.08713692946
-2.96861747243
-0.752364574377
0.277126412279
1.16921768707
2.18359126563
-2.23880597015
-3.32502078138
-0.614406779661
0.234391647134
2.12167135744
3.78657487091
4.76812540823
3.80470639982
3.0296377607
1.58346162305
3.63433667781
2.9128388976
0.619606107546
0.975393482598
0.73105892778
1.40176350893
3.98415657036
4.58227262208
4.44547348923
7.14455257536
6.27102354637
0.233535730967
2.80751843921
1.21865479259
-1.03359173127
-2.8931404573
0.422138836773
1.22832369942
3.06763285024
1.18849536487
3.05361865833
2.15620507906
0.024090580583
1.87007874016
2.96133137543
1.78658835047
1.87942396876
0.338409475465
-1.21536217793
-3.2899408284
-3.17535545024
-1.60902977906
0.315227934045
1.50505798174
3.12423724677
2.5267249757
1.16618075802
1.87747035573
4.64756003098
6.72050013024
19.4775036284
16.4027149321
15.393386545
13.57771261
14.2219577507
-4.30555555556
-0.338218714769
-1.73669467787
-5.67081604426
-10.421108742
-4.61049284579
-4.75167785235
-6.71544290567
-4.86842105263
-1.21116377041
0.106100795756
-2.07676130389
-3.13844596305
-8.98203592814
-7.56875152105
-6.91358024691
-7.78181818182
-3.23291697281
2.80719034721
0.958230958231
-3.24892498806
-2.0190023753
-1.11407120368
0.769230769231
-1.47664003873
2.57289879931
4.64827243351
3.25081270318
-2.53929866989
-0.768676435263
-2.87958115183
-6.50708807809
-7.45197870863
-4.34883182975
-2.6654196867
-0.732341129223
-0.829684259046
-0.115580212668
-1.99501246883
-2.61839708561
-5.45007817735
-3.96193005755
-3.39437248772
-3.3734939759
-1.30337078652
0.765248705829
2.65848670757
1.79586269607
2.95444294091
2.48733302626
1.09215017065
-2.76182059213
-2.17923059818
1.18667275217
0.509259259259
0.182356963757
5.25581395349
8.30924855491
5.6158110388
2.5641025641
1.50393336418
0.11641443539
-1.86717088159
-0.860215053763
-0.425531914894
2.29585798817
1.17785630153
-0.77392120075
-1.5525758645
-1.44454799627
-4.08626560726
-5.91755319149
-4.50167973124
-3.82352941176
-2.67573696145
2.29911751045
4.88145048815
6.41086749285
4.56588597114
9.42928039702
6.294742039
5.75221238938
3.75865479723
2.42306760359
-6.36617100372
-7.91088883837
-6.48275862069
-4.577630958
-4.26815124101
-2.55829748698
0.940798531436
0.624566273421
0.189125295508
2.15639810427
5.66985645933
2.01310861423
-2.98473967684
-4.92245448415
-4.09090909091
-3.90804597701
-4.85523385301
-2.08745330697
-3.97150874164
-5.70081440206
-8.05326569436
-4.36634717785
-3.25255102041
-1.63481953291
-0.384286934244
-1.14918512328
-3.49434737924
-1.32158590308
-1.85455303188
-1.43097643098
1.65675446049
3.00656362481
0.910245554615
2.10638297872
-0.147089724732
-2.86775324943
-2.55828347431
-3.76858830719
-3.94441038218
-1.24507159162
1.40167364017
3.79014989293
3.32561565986
1.15774240232
2.20572640509
1.48619957537
-1.37275607181
1.79987143775
5.84245076586
1.39784946237
1.11635895234
1.56585156585
-1.9949601008
-2.55863539446
-0.9373668513
-0.597524541187
-3.07692307692
-0.750312630263
-1.75953079179
-0.886824324324
1.1003236246
7.27029438002
7.43394536498
8.0824088748
7.88154897494
7.1180956783
0.76404494382
0.0672193591754
-2.64491955036
-3.26134861172
-3.30726256983
-2.66841644794
-3.27264846121
-1.30519904285
-0.0440528634361
-1.97152245345
-1.67741935484
-1.05082564872
-1.09724612737
-2.55419617944
-1.10485268631
0.955275727312
-0.299337181954
-1.62962962963
0.107434464976
0.130151843818
-0.903614457831
1.60764718662
2.71739130435
4.23292273236
4.89192263936
4.07523510972
5.67033976125
3.8374717833
0.044812906117
0.895316804408
0.608245100248
-0.819672131148
2.59379342288
-0.201252236136
-2.8762541806
-0.06753714543
-0.181818181818
0.62922395712
3.73463233588
3.72340425532
2.84788145404
-1.05689228694
-3.35585585586
-3.03643724696
-1.66022287924
-0.644122383253
-1.06785317019
-1.59574468085
-0.869565217391
-0.226911731337
-0.730760447591
3.85859519409
7.30083234245
8.9914945322
7.48780487805
9.17476938419
13.0026109661
14.2042368278
11.0661268556
1.78748758689
-3.58173076923
-8.5482330468
-16.2229806598
-11.8906064209
-3.88928656645
0.168552853359
7.1373752878
15.3543307087
5.75955734406
1.87165775401
-1.58767772512
-8.30401125968
-10.1203113942
-3.49514563107
-3.90095772016
1.10206037374
3.27034883721
2.41604252235
1.35301353014
4.13524689856
0.3848003848
0.389105058366
0.169409486931
-1.19105493437
3.34338863751
4.0020010005
2.00942694121
6.27572016461
6.22256648593
6.79194630872
2.06790911412
1.28140703518
-4.72923303112
-5.78934565799
-7.24601593625
-2.27045908184
0.10060362173
3.29030625158
3.23957810146
4.71968709257
1.77755205688
3.59562272017
6.5246697223
3.96866840731
-0.518806744488
6.43243243243
6.40421402828
-6.40928589452
2.65344411686
2.14626391097
-2.78507619548
-3.29758713137
6.10441767068
3.29457364341
-1.69314925762
-3.9858728557
-5.59352062769
-9.93489269351
-11.0782865583
-8.70392390012
-4.01937046005
-6.37440758294
-0.670658682635
-0.854283622163
3.31695331695
-0.840336134454
3.94088669951
1.33495145631
-1.13416988417
-1.33333333333
-0.62037699833
-2.59117082534
-3.17273795535
-4.51612903226
-4.00279264603
-0.99220411056
1.18960912843
1.11692015209
3.92720306513
0.444132772324
-0.703729767769
-1.92857142857
-0.355197726735
-2.01783200375
-3.125
-1.09048723898
-3.89016018307
-1.79069767442
-4.54647256439
-1.03092783505
-2.04545454545
-1.3098464318
-2.05011389522
3.57225701693
1.87214611872
3.48071495767
2.97674418605
0.342857142857
0.116117045982
2.91353383459
-4.08301376043
-2.4500907441
0.551597333946
1.24617916765
-0.931098696462
3.69590643275
3.35287221571
2.13615023474
0.519971637911
1.53627983928
0.825471698113
-1.81860036832
-2.42785158039
-5.36792663834
-5.09196949305
-2.70766406609
-1.91916911267
-0.840336134454
2.24102446833
1.31818181818
2.54117647059
4.5068428504
4.43548387097
4.99399759904
8.24108241082
3.759765625
6.1623246493
9.62038481539
7.53937516137
4.95739736638
10.0779360387
5.41325587536
0.786163522013
3.00531914894
3.55614973262
1.38964577657
2.4898511502
3.27469553451
3.2967032967
3.74479889043
-1.29101667563
-0.377460231868
-2.50659630607
-1.91323093506
-2.224030377
-0.958977091103
0.596691076756
4.40771349862
0.623644251627
0.408496732026
2.37251158986
1.01369863014
2.05229125668
3.39220633586
4.58558815152
1.86111111111
2.90386241895
0.451849759955
0.734255859927
-5.87131367292
-4.81226864093
-8.34625322997
-11.6516966068
-11.1194779116
-5.80808080808
-9.17387127762
-3.25
-0.397614314115
-1.43493320139
-0.627352572146
5.07191521575
2.93360782295
1.82186234818
-0.369731328568
-0.771912350598
-2.09980237154
-4.07306837818
-0.70351758794
3.91905737705
2.0325203252
2.53292806484
0.521091811414
-2.47488360696
-3.00621118012
-3.12576913611
-2.44625648629
-1.73128505243
-2.48506571087
-3.82317801673
-1.19163424125
-3.01941049605
-3.20981826764
-1.5988713849
-0.333412717314
-4.37209302326
-2.5
-1.60241523456
-0.281359906213
-0.47404598246
0.2331002331
-1.9248395967
-0.416281221092
-0.513179379519
-0.962441314554
1.68286323773
5.79393939394
5.28366204042
5.02204801568
4.1564792176
2.92754330324
-1.55131264916
-1.81687783887
-0.994421537715
-2.94257237779
-3.824495542
-1.8045465198
-3.70626151013
-4.53808752026
-2.56647398844
-0.583158385818
-1.7499424361
-0.799269239552
-1.21225983532
-0.757228086278
-2.96514259846
-1.3402998637
0.0228414801279
1.36795733828
2.46884552081
5.54228380315
5.38664113
4.61170848268
1.50623676159
1.67344011475
0.528338136407
0.119846596357
-0.829383886256
2.18855218855
-0.782732447818
-0.762631077216
-1.13744075829
1.10206037374
-0.858369098712
-0.0474158368895
-0.285171102662
0.571973307912
0.336538461538
-1.4799154334
0.428571428571
-1.79696616103
-1.68697282099
-4.25776754891
-4.74379055717
-5.38409551701
-2.54719126677
-2.71255983588
-1.11515703232
2.64124942582
1.88202891898
2.73364485981
2.54791958859
2.83173414463
1.35009310987
0.786490862827
-2.03707942321
-1.20092378753
-2.37605665981
-1.53564061426
-3.39664804469
-2.95424255886
-3.90590324012
-2.45152663249
-1.84476940382
0.970216606498
1.53360396933
1.87655437486
0.763530204357
-0.648189539562
-1.99026979213
-1.07095046854
-0.494938132733
0.36060401172
-0.75421472937
1.61797752809
2.30540972381
2.51383763838
-0.314536059313
2.2918084865
1.20536729588
3.15516835413
2.96841605319
5.32418362518
6.78458929004
5.84978334136
5.43694141013
6.2847046946
5.70285142571
1.95158102767
3.824043989
0.448877805486
-0.850850850851
-1.9617459539
-0.467174821736
-2.50974658869
-2.14738897023
-2.27439471753
0.890648193963
0.41975308642
1.60930923496
2.27102570502
0.739098300074
-0.516859463451
-1.29173775286
-1.36752136752
2.2193877551
2.37074401009
3.99283337599
4.18994413408
2.40060015004
-1.63111668758
-2.07458631761
-3.29207920792
-2.0641631435
0.15026296018
0.125628140704
0.972568578554
0.798403193613
-0.519544779812
-2.25214198286
-2.16322517207
-0.938735177866
-0.273699925355
1.73672287944
3.6013187928
2.80515542077
3.2389696506
2.030972328
-0.575575575576
-2.76202219482
-4.1192149261
-5.42691751085
-7.75175644028
-5.62116202173
-6.04726598703
-6.11919927207
-4.49205252246
-2.86624203822
-3.68516833485
-1.79749715586
-0.24960290447
-2.29574611749
-0.226963231956
-1.1690647482
-1.50156880323
-1.47551978538
-0.825892857143
-2.8231142479
-2.45614035088
-1.82618261826
-1.60580730312
-2.48149760557
-0.917832167832
-0.631945957725
-0.131839156229
-1.17391304348
0.591197722794
1.48591705478
1.39195757844
2.98710115411
3.86091668548
4.2932176296
1.3714028777
1.77647852485
-0.428120775124
0.294384057971
-0.432014552069
2.84393063584
4.09644194757
3.01764159703
3.71066228276
0.709869475613
-1.54791714091
-2.68792710706
-1.64383561644
-2.38422741862
-0.205667276051
-0.543355218474
-1.23734533183
-1.46231721035
-2.17537564476
-1.88340807175
-1.36221527468
-0.0224921277553
-1.13434163701
-1.24031007752
-1.8485915493
-1.10424028269
-2.35009883593
-0.44286979628
-0.26507620941
0.865704772475
0.421379463296
-0.219154065308
0.691192865106
0.443754160195
1.09964093357
1.00806451613
2.88613303269
3.38865836791
7.43742550656
7.24428399519
5.53191489362
8.14435503536
4.93468795356
0.503114518448
0.435097897027
1.80505415162
0.514705882353
1.57248157248
1.43377885784
-1.40610104862
-0.455198850024
-3.68271954674
-4.19020715631
-2.53434391284
-2.05415499533
-4.50697780828
-3.68349249659
-3.80434782609
-3.16513761468
-1.35850794382
-0.794371311847
0.663767452506
-1.86666666667
-3.26159307744
-3.44597598933
-2.06712602801
-2.1062065875
1.80995475113
0.535355788534
0.73908174692
0.0
0.247079964061
1.81985717577
3.50958208266
3.95809080326
4.43361188487
2.18039935736
-0.527039413382
0.463929482719
2.2619047619
3.48306509729
4.0601862909
4.85343584815
2.37473284256
0.743583593188
1.06822044185
-0.166905102527
-0.739327450513
0.645315487572
-0.714455822815
-2.80792826805
-1.89473684211
-2.00981537742
-3.19296621934
-2.80092592593
-1.85270958777
-1.13320999075
0.634995296331
0.934142923867
-0.940151341435
-1.52793614595
-1.2559945193
-2.83363802559
-1.5858423351
0.0918062887308
0.0456308464522
0.0685557586837
-0.748469040599
-1.89402480271
-0.977272727273
-1.28378378378
-0.47759836252
0.754113345521
1.41779099017
-0.339750849377
-0.04502476362
0.205104831358
0.320953690967
1.91097646236
2.45996750986
3.85784428338
1.83337201207
0.878815911193
-0.093131548312
0.77174929841
0.351947442515
1.38823529412
1.21722846442
0.46783625731
1.44721233689
1.30734490135
0.520340586566
1.95704057279
1.03994327582
-0.236686390533
-1.31362889984
-1.37625379053
-2.5354733659
-0.890138205669
-1.74418604651
0.258701787394
3.17689530686
3.99129172714
2.20253770649
4.54655968879
4.36917034855
3.33250435215
0.977039570103
1.35889347246
-0.724112961622
-1.23636363636
-3.57314148681
-1.63382988948
-1.69370229008
-2.51764705882
-3.1007751938
-1.99764982374
-1.4678030303
-0.80454330336
1.1423131842
-0.117315814172
-0.257852789498
-2.19958323686
-1.1693171188
-2.05128205128
-1.57043879908
-1.13557358053
0.887643074048
-0.604370060437
-0.209351011863
1.50023441163
1.4339445228
0.516553181498
1.99146514936
3.06880843922
2.10627094303
2.33341351936
1.13987176443
-0.471920717319
-2.54672897196
-3.17497103129
-3.79541772738
-2.59079343049
-3.79114642452
-1.81234228034
-0.713299585826
-0.506562284135
-0.253807106599
2.82446311858
2.1800281294
1.63704396632
0.882694541231
2.38601464682
1.3484740951
0.282087447109
1.76106615897
2.06258890469
2.24637681159
-1.51444547996
-0.607476635514
-1.98273851178
-1.90697674419
-4.1000694927
-0.671140939597
-2.28310502283
-2.96514259846
-2.53853127833
-3.27134214654
-2.26193168966
-1.48448043185
-0.719101123596
-0.920727599371
1.08720271801
-0.315670800451
-0.97995545657
-0.846702317291
-1.5258735073
-2.14982269504
-2.634467618
-1.23185217774
-0.992720052945
-0.220653133274
-1.84903197738
-0.913639329998
-0.590422042423
-0.307895315593
0.733496332518
1.23320854437
0.218007412252
-0.543714658547
-3.37866553336
-5.18440463646
-6.15829716884
-4.35779816514
-3.70680628272
-1.87656380317
-3.00490596893
-1.24489795918
-2.1424199143
-2.41160842019
-2.42115971516
-0.26503567788
0.102145045965
-0.0815494393476
-0.38680781759
2.26799833541
3.43736819907
3.24825986079
3.54654844839
3.5413153457
1.84361093452
0.444821012497
1.15212289311
0.6373486297
-0.105285323226
-0.40101308569
-0.0423459665467
0.342539070863
2.30384698978
1.9536281666
1.93631669535
0.55354481584
-1.10099513021
-3.2590412111
-2.65412748171
-3.48837209302
-2.34927234927
-3.03839047424
-3.52941176471
-3.46984062941
-3.04006442521
-4.99703732965
-4.6771037182
-3.7297402851
-4.21256038647
-5.30028598665
-3.21162301663
-5.28266913809
-3.04808784551
-2.92628024761
-2.03586103848
-3.05782060786
1.21951219512
-1.96733481811
-0.0375023438965
0.828625235405
-1.08157653529
-1.20481927711
0.204575041845
-2.09289517165
-1.73945225759
2.01982420049
0.018539117538
1.20459250894
5.29673303692
4.76929042264
2.55082470272
4.9824834566
2.68650947043
1.01542667448
1.17693213025
1.75644028103
2.16742891231
1.21283255086
-0.0585480093677
0.295101318119
1.60618679358
-0.945440220603
0.333660451423
-0.58207217695
0.25641025641
0.0992457324335
1.43856143856
4.6416101869
8.82601351351
8.91514500537
6.73728813559
3.9891959277
3.04761904762
-2.22956234517
-3.22245322245
-2.84067517497
2.33893259622
1.67850225952
5.39599651871
2.10146465719
2.94553930918
-1.48722245496
-4.4220485397
-4.66708151836
-1.95629552549
-2.23741454319
0.315192267283
2.50896057348
3.52158041658
3.91435986159
3.71723248818
1.08326253186
-1.26977518734
-2.18441503886
-1.5541835214
-1.71066525871
0.0
2.82534246575
1.23325536891
0.213356091316
1.80606321221
0.0424989375266
0.343642611684
2.01735357918
0.321061643836
-0.428173838578
1.6195206219
0.453074433657
-2.43386243386
-0.298762270593
-0.468783294268
-1.11039931668
-1.73839304643
0.660417554325
0.149604616371
0.492505353319
0.49356223176
3.83006823685
5.0581915846
5.09883198562
3.9163328883
4.41407125252
5.62659846547
4.31940228812
3.55896720167
5.49295774648
4.54438978684
-1.12643678161
-2.98980747452
-2.22879235843
-3.72881355932
-3.41628959276
-1.27099409896
1.07600732601
0.159453302961
-0.112866817156
0.135931128228
-0.316742081448
-0.817438692098
6.68286755772
6.20954207624
5.27068924398
3.56138706654
4.16272469253
-4.36904485243
-3.11265969803
-2.48837209302
-0.0702411613205
0.094696969697
0.961989676208
1.27028934368
2.8954295286
3.28899637243
1.75861238256
4.40960313572
3.75884793752
2.35121234386
1.52221949423
2.34220907298
1.08964834076
2.425
2.04948762809
2.49119275289
2.11480362538
2.4613042375
1.08668182967
1.52245622938
2.29086229086
0.607902735562
-0.930115635998
-0.0757575757576
-1.07931726908
-3.11720698254
-0.679245283019
-0.748502994012
-1.24688279302
-1.65391261417
-0.496277915633
0.760456273764
2.74288643937
2.92607802875
4.4610624033
4.32306497541
2.65417642467
2.54994742376
0.906500906501
-0.995659943835
-0.540679711637
-0.233644859813
0.157977883096
2.0618556701
3.40549102429
1.2777053455
0.0
-1.78432893716
-1.04629871828
-0.315789473684
1.16064362965
1.82394924663
0.1554001554
-1.39282950735
-1.65631469979
-4.31600201918
-7.27941176471
-6.96385542169
-6.2847474015
-8.0
-4.96521947709
-2.22861250899
-2.32995999059
-3.81306672867
-3.02470561071
-3.27146171694
-2.99860529986
0.97433460076
1.77472787506
1.90588235294
1.89125295508
1.58205430933
0.453568870852
0.0
0.117785630153
-1.42158005127
-1.8539976825
-2.17188229799
-2.06257242178
-1.53096729297
-1.19732903523
0.93567251462
-1.15420129271
-0.0231696014828
0.0232018561485
-0.114995400184
-0.766016713092
0.767620376832
0.699953336444
0.559962669155
0.462107208872
-0.231588698472
0.186436728035
0.847058823529
1.68446026097
3.17044100119
0.88785046729
0.0466309162975
-1.18577075099
-2.02231520223
-3.02820157189
-0.511390051139
0.917647058824
-0.116117045982
0.467071461934
1.21665886757
0.232991612302
-0.398406374502
1.19858989424
4.08361691784
6.21272365805
7.11255303219
6.8085106383
7.09791089857
3.13361744798
1.82186234818
1.31479140329
1.75751400917
1.32619229788
0.200954534037
-0.778307808185
0.533807829181
0.280970625798
-0.709040263358
2.36564669581
2.39074550129
1.18312757202
-0.0765696784074
-0.151706700379
-3.25870646766
-4.39911526174
-3.16313823163
-4.41571114906
-3.34799608993
-3.17919075145
-1.97542760781
-3.62457993279
0.244558571778
0.862706433325
2.97619047619
3.645443196
3.52882703777
0.689485348436
-1.14522417154
-1.65853658537
-1.23304562269
-1.51737640724
0.123274161736
1.81096502109
0.244498777506
-2.31269573597
-2.5286259542
-5.38838348495
-5.46435272045
-3.90037593985
-2.90058479532
-2.19318712086
-0.671918443003
-0.767977658832
0.0235017626322
0.446428571429
1.10875206417
1.60075329567
1.0820983298
0.805496327884
-0.63039925286
-1.28085700978
-1.48423005566
-1.59722222222
-1.14754098361
-0.325808703747
-0.20915640251
0.0231964741359
-0.230946882217
-0.628345357226
-1.60293107396
-1.51064316777
-2.81785392245
-2.93656130912
-3.52492141895
-0.659690627843
-0.591581342435
1.81317420243
1.15646258503
0.769230769231
-1.50123235492
-1.83158364977
-2.70209915141
-2.32558139535
-2.79305036288
-2.212971078
-2.05644279151
-0.267260579065
2.17243720299
2.11093644734
2.14861235452
4.48
4.37006043701
3.22354590049
5.07314771118
6.355629612
3.89456186179
1.70212765957
0.587406015038
0.545670225386
-1.22266635316
-1.74988334111
-2.30946882217
0.306386990337
-0.0474270808632
3.504502312
4.81780386403
6.49286768323
5.18096182449
5.47773886943
2.13770817798
-0.097727827999
-0.440744368266
0.173826669978
-0.646123260437
-4.07725321888
-1.98754789272
-2.32001913418
-4.21027592769
-1.56555772994
2.56786500367
0.55381651818
0.504807692308
0.478011472275
-1.65985085398
-0.365497076023
2.44203256043
2.01078960275
2.62447878342
3.20258192651
3.76738305942
2.19309301739
2.30807827396
2.54024144869
-0.148735746158
-1.19910067449
-0.849787553112
-1.75006162189
-2.23752151463
0.19870839543
0.653759114911
-0.323866467364
2.29450327786
3.69709331973
1.51285930408
-0.175702811245
1.26135216953
0.0757002271007
0.0255036980362
1.17346938776
0.555275113579
1.45891988738
1.48527528809
-1.90142606955
-2.9702970297
-1.95496164316
-3.12422514257
-2.00752823087
0.578761952692
1.78886369363
2.43346007605
2.75159235669
0.962756523942
0.353535353535
-0.601051840721
-1.3009757318
-3.03853754941
-2.47096614776
-1.34529147982
0.680786686838
-0.075
1.60642570281
0.72175211548
-0.888888888889
-4.27226647357
-5.32544378698
-5.72645527686
-4.44708680143
-5.01876172608
-1.91761363636
-0.165406427221
-1.74378051616
-2.68456375839
-0.837209302326
-2.60548766428
-1.21381886088
0.678838951311
0.581936685289
-0.485998611433
-0.115154306771
-4.69410456062
-5.98591549296
-4.49088483771
-3.22508398656
-3.76773049645
-0.288376220053
0.176366843034
0.0667408231368
-0.534640231677
0.266666666667
0.244607516122
-0.19801980198
-2.28260869565
-1.62174008328
-1.59632626285
-1.27332601537
-0.872410032715
0.436681222707
0.0657894736842
0.483410239508
1.04259094942
-0.130690481377
0.0874125874126
-1.82992465016
-3.68253968254
-4.69344608879
-3.30665543387
-3.00974989402
-1.90073917635
-0.797816502204
0.0846381718155
-0.814706496762
-1.7697272538
-2.61209378856
-1.65186867644
-1.54166666667
-0.684647302905
-0.249221183801
3.60110803324
4.26264800861
2.32359837988
2.53137630291
3.23756432247
-0.255047821467
-0.959488272921
-1.07549557149
-0.402542372881
-1.06067034366
-2.78925619835
-3.79487179487
-2.68828237226
-3.85007129762
-4.7099252072
-1.18415679869
0.370599135269
-0.854526958291
-0.203293352307
0.897409749133
0.554300964894
-0.958401305057
0.924024640657
2.37252861602
1.99708758061
0.682100041339
1.61624533775
-0.449713818479
-3.37824250955
-4.83072658879
-4.61356466877
-4.24603174603
-3.77655389457
-0.738522954092
1.691161667
0.875099443119
1.49013290375
3.35434031307
2.32843137255
2.66639107069
1.45278450363
-1.81890075129
-2.10945273632
-2.2754491018
-4.40624382533
-2.8425798863
-1.09503324208
-1.60563931858
-1.95694716243
-1.40268848627
-1.50608225526
-1.21692099672
-2.66819134744
-2.90708721262
-3.16921335597
-1.61474164134
-2.30232119268
-1.26082047422
2.59259259259
4.49438202247
3.47945744053
5.78957875824
6.57841957481
0.944510035419
0.574940523394
0.0983864620228
-2.0531873289
-3.24083058413
0.953516090584
0.859828034393
0.773349196907
2.36188951161
1.31734172238
-1.56433320297
-2.51461988304
-1.79162609542
-2.09680580051
-0.973520249221
2.67014655692
4.07790626902
3.98946942082
3.23690066761
4.68813697513
-0.160352776107
-0.544794188862
0.121654501217
-0.503220611916
-0.223713646532
2.52774352651
0.323886639676
0.0202798620969
-1.23260437376
-1.36409227683
-1.27814972611
1.31255127153
0.0608766233766
2.25655621061
-0.0200561572403
-1.36081648989
-1.65389269867
-0.825115717448
0.0406752084604
1.01296596434
-1.12781954887
-2.55503144654
-3.024980484
-4.7646717025
-4.26687354538
-2.07324161984
0.533491404861
1.62633875446
2.31866825208
1.29666011788
0.21359223301
-2.50433442497
-3.74188621611
-3.09199154984
-2.190622598
-1.17060065247
1.11024542267
1.78779634668
1.6
0.61871616396
-0.401376146789
-3.31450094162
-3.25249106975
-1.89509954058
1.4515496273
3.87135199524
3.85292391942
4.84920165582
4.25064857314
0.117831893166
-0.257425742574
-0.660578978045
-1.97101449275
-4.02221796591
-2.3773006135
-3.34928229665
-1.58699808795
0.583090379009
3.12067943907
1.91481047284
2.59179265659
2.871754524
-0.675675675676
-2.87742183004
-1.69035728006
-2.00115451222
-2.32468780019
1.15211872681
1.85619382571
1.08737864078
0.814742967992
0.0961538461538
-3.92120075047
-4.06747891284
-3.08618742943
-2.03344735842
-2.36575291025
6.81362725451
8.45700345599
11.2879581152
12.3878684323
13.1987247609
6.78365075968
3.92985421509
1.29401781926
1.01402373247
-1.23845507976
-1.4135021097
-4.24843212624
-3.91357521402
-4.61000205804
-0.646506777894
0.508905852417
5.34953111679
2.20833333333
2.70555907842
0.439882697947
-1.23560209424
-4.08830744072
-1.92071924806
-3.60635696822
-2.2322342822
-0.768911055694
0.451745379877
1.03220478943
0.676923076923
-0.34693877551
-0.578512396694
0.578273440727
1.97894736842
3.08733347431
3.00609627917
1.55266470835
1.10670286072
-1.1240632806
-1.02553369611
-3.50912778905
-4.45068163593
-4.02805611222
-3.32058764339
-3.68877242491
-0.222626998583
0.0401123144806
-0.2
0.262308313156
-1.21465551573
-1.18
0.97205346294
0.745516824501
0.0201816347124
2.48979591837
1.05092966855
0.754947969802
1.70081967213
0.998777007746
-0.749442981568
1.83165260342
1.44897536742
1.34994807892
4.67249839983
6.01245436977
3.80260628071
1.61968868321
-0.393049234588
-3.10109572049
-4.97857580086
-2.94422558574
-3.9789941426
0.834376303713
0.854879065888
2.76787586496
-0.310045473336
5.00530222694
0.841396718553
2.5005343022
1.87994018372
4.94577006508
2.70093661512
4.78289618691
3.26638711101
4.41668525541
2.44444444444
3.5174746336
1.52159319758
3.11788802913
0.538237272931
-2.25890529974
-3.77522239097
-3.16359696641
-6.23132735809
-4.10752688172
-1.41327623126
-2.45502645503
-2.20385674931
-1.74040679388
1.32926563521
1.85387131952
2.22847252272
5.49966465459
9.28047662695
6.27605372858
7.67966181306
4.59379950215
-1.36714443219
-3.51536590758
-4.19347681385
-4.0990990991
-0.248306997743
2.85779088229
3.40649291267
2.24591651543
2.35131396957
2.35674676525
3.13450292398
-2.32246538633
-2.65017667845
-2.86609941782
-5.95393307258
-5.25265957447
1.0835214447
5.79439252336
4.59016393443
8.18053596615
-0.529100529101
-2.5302530253
-4.29338103757
-4.77252453167
-5.78073089701
1.79533213645
0.597609561753
-2.6768226333
-1.75284837862
1.21049092132
-0.402324541797
0.0
1.12235915493
-0.631395602003
-5.32682512733
-4.11487355336
-2.25010817828
-0.109914266872
-0.627434011251
1.42057684029
2.41439859526
0.565709312446
-2.98571123907
-2.28329809725
-2.4154589372
-3.55630821338
-0.990952175786
0.449871465296
1.87378849882
0.655391120507
1.65698299978
3.15555555556
5.58697127347
-0.300622718488
1.54572778016
-1.77552314521
-4.21455938697
-3.53480253109
-1.89593427428
2.4411700022
4.09240924092
0.685812258894
-3.10782241015
1.36664531283
-2.00431034483
-2.13178294574
-0.213857998289
-0.942408376963
-4.11547911548
-5.46047269764
-6.18181818182
-4.55194937742
-3.45733926405
-0.407830342577
-1.12812248187
0.344617879586
0.389344262295
1.08318005314
-4.0313111546
-3.06580745948
-5.17108804306
-6.6028708134
-2.45215311005
2.24089635854
3.05896558664
4.29029671211
6.24237494917
3.06143414835
2.18769167859
1.53248876175
0.0401123144806
-1.046277666
-1.97381671702
0.762257931603
-0.790593959051
2.93146160198
0.242033077854
1.30585594777
-2.09762000807
-0.383683360258
-2.39774330042
0.161616161616
0.122574055158
2.92713307038
2.25067107165
4.22091558169
5.31914893617
2.77136258661
0.774058577406
1.08536839908
1.23299319728
0.771869639794
1.83878554629
0.146658286193
3.43264248705
1.79614801991
2.01224846894
1.9176291131
3.06629237746
-1.86440677966
-1.95204752811
-3.032873807
-1.56585156585
-2.29957805907
2.09820462903
3.65075874203
7.25659690628
5.69031965541
10.6959364783
8.29234012649
6.01538820238
3.095684803
5.90636254502
2.44019138756
2.81791907514
2.38720458343
4.20332355816
0.337268128162
0.79575596817
1.317715959
1.77356656948
-2.87206266319
-5.50876394264
-6.17647058824
-6.96935300795
-8.95819508958
-6.41936916926
-0.543355218474
0.890207715134
2.70459314526
3.78787878788
1.69414953693
0.821730198585
1.15446779035
1.73149905123
-0.842249032552
0.590774823904
1.03782287823
-4.4140366365
-9.09874946097
-4.06202227561
-2.50332299513
-4.15561450044
-0.853391684902
3.66562360304
3.52701786118
2.54429804634
2.44565217391
2.03170350525
2.42673992674
0.774663932559
-0.721695985566
-2.45195493704
0.787578757876
-3.59743985875
-2.48833592535
0.772727272727
2.30508474576
-1.81175430844
2.16459977452
1.46528403968
-3.16901408451
-4.61306316016
1.16227089852
-4.14955694835
-2.93216630197
-1.08837614279
-3.43463780183
-1.43203348755
3.53546654733
4.48102423411
7.81506688571
14.4081924268
15.0570342205
10.8933002481
8.08005930319
9.84789894303
8.22164948454
5.31233315537
11.6343490305
12.0431893688
14.8992890995
16.1676646707
0.617781359119
-0.24868748273
12.1739130435
-0.2658788774
-1.09564702399
2.93060547415
8.74399038462
2.22222222222
7.49444268022
15.1380838732
30.1079136691
8.29808005207
-0.0634517766497
-1.71660424469
-8.4581772784
-13.206369029
-7.52332229913
2.13869086196
10.4446742503
5.18713066316
6.41196013289
15.5424200278
13.414185961
-0.955957664732
11.0462996719
11.646884273
6.83506686478
12.1599340478
33.4396355353
19.1055145462
10.992177851
11.5623704932
-1.50223304913
-12.4102154828
3.64536453645
2.92372881356
2.20245658619
3.96791895314
3.89718076285
-15.6416097191
-10.5382865807
-11.0734463277
-8.67386276022
-9.35738444194
0.649598777226
-4.38564697354
-2.06565842862
0.894593543368
3.9453125
4.7218887555
12.612244898
9.49111470113
2.9223378703
4.53246222948
-0.477897252091
-3.16205533597
-5.42398777693
-5.1272312951
-11.4285714286
-2.14341387373
-2.65486725664
3.0303030303
5.61572402728
9.678698929
7.45393634841
5.43610547667
1.76211453744
6.90394511149
2.98202614379
-0.167224080268
2.02814569536
7.72217428818
0.214868929953
-0.930797248078
0.588730025231
5.22648083624
2.33995584989
-0.3426124197
6.14261168385
-0.042034468264
-6.55270655271
-8.81642512077
-1.35192226447
0.64850843061
3.84111741598
9.6875
17.1145685997
11.967833491
10.775862069
12.4141315015
18.4558434691
7.6103500761
9.93239729589
10.4761904762
8.63539445629
8.42889908257
12.3076923077
5.60131795717
11.3730111962
11.2033195021
8.05452292441
-2.06473214286
-0.762942779292
-10.9653725079
-13.442791175
-20.3356367226
-12.925170068
-14.7304832714
-11.390051139
-5.66311713456
-9.27004030452
-9.57820738137
-5.86176727909
-8.39011925043
-8.98678414097
1.82398540812
1.92566054635
-2.47440273038
-6.93618707887
-12.591451675
-13.7971698113
-8.18256578947
-5.93900481541
-4.72054380665
-3.13315926893
-4.54033771107
-11.2408759124
-12.067748765
-6.82617874736
0.261780104712
-5.02494654312
-1.22566690699
3.20466132556
-1.25086865879
-2.76363636364
1.99927299164
-0.999286224126
-1.5770609319
3.2651596699
-6.46258503401
-5.36635706914
-2.57301808067
-0.0358294518094
-1.79704016913
6.40608034745
3.4151547492
7.99849793466
3.48535409714
5.38432974378
-2.09071580439
-0.811573747354
-5.56737588652
-1.20879120879
-3.02484695715
-0.317908866125
2.83018867925
1.47535084563
-4.1095890411
-7.1237458194
-5.79034941764
-4.60366908965
-3.20445837687
5.44444444444
14.0785959557
11.5855922763
7.91931266343
5.90188122464
0.0
1.6285381931
6.86507936508
7.9435483871
7.70758839889
8.12975570685
7.01244813278
3.27868852459
-0.12082158679
-0.474495848161
-1.61544523247
-7.34332948866
-4.7619047619
-3.75968992248
2.05811138015
0.197394393999
8.19467554077
5.95533498759
5.30612244898
0.690776107273
0.27711797308
-5.90998043053
-10.3780578206
-10.7142857143
-10.7363075807
-10.8365690081
-9.78107344633
-5.23357920618
-8.98839137645
-8.2223701731
-6.68642951252
-5.91362126246
-3.62220717671
-2.14216163583
-2.8774652441
-4.8275862069
-6.34723086497
-7.91770573566
-5.0831792976
-5.7873895827
-1.48239654107
-2.54699818072
-1.26192674669
-2.31718326813
1.45241038319
4.24983902125
5.26651771465
1.88146754468
4.03882279274
-1.07000917151
-3.92824002474
-3.3024691358
-1.51327980235
-1.20630992886
0.460687960688
1.25274036956
4.34782608696
4.24983902125
2.21308883971
2.68054241564
0.314169022934
-0.988520408163
-3.20972265503
-0.565859792518
-1.76579925651
-3.98190045249
-7.49262536873
-4.74918373405
-5.72021339656
-4.4404973357
-1.63204747774
2.32417748264
4.40037186241
6.30119722747
3.36597307222
3.62853628536
3.08027380212
5.45751633987
3.92927308448
4.20918367347
1.97554092192
1.13278791693
-6.13496932515
-7.31411229135
-5.14216575923
-4.34913017397
-8.04398148148
-5.69858258606
-3.3724340176
-4.50606585789
-1.56480661352
3.34928229665
1.52716593245
2.6181161601
6.78593460827
3.64137086903
4.206918043
3.27570518653
4.43117536141
0.464828013635
0.399385560676
-0.310655483069
-1.22828040743
-4.67345715998
-6.76105171916
-3.58412322275
-5.62884784521
-1.44670800118
-2.71058000583
-0.944476244991
-4.33550580901
-3.23404255319
-2.1098265896
-0.579542161692
0.517836593786
1.78828958754
0.284495021337
0.581395348837
-0.202429149798
-0.968660968661
-2.0067834935
0.91874820557
6.36982065553
6.72839506173
10.970597534
11.997467553
9.15073644626
0.341296928328
-0.917431192661
-1.73967070519
-3.276178812
-0.312402374258
1.12958895513
1.71073094868
-1.55963302752
-1.20992135511
-4.21903052065
-5.43026706231
-5.10625737898
-3.96475770925
-1.8117018117
-2.45183887916
-0.677866195108
-0.470035252644
-0.988659494039
-0.795521508544
0.0
-0.205882352941
-0.758017492711
0.880023467292
-0.205821817113
-1.66475315729
-1.50637311703
3.46907993967
4.89230769231
3.62583790372
6.21951219512
5.05173463177
2.56806930693
-0.33731984054
-2.49554367201
-2.46803449301
-1.88115855479
-0.615006150062
-0.366636113657
4.56663560112
2.28102189781
3.42804200124
-0.0921658986175
1.39405204461
-1.67990226023
-0.754603078781
-3.68828078525
-4.349103732
-5.00294290759
-2.79097387173
-2.5014714538
0.298329355609
0.919335705813
-0.146929180135
-1.02850426095
-0.817279626386
-3.00925925926
-3.57449242208
-3.78852134577
-3.4609929078
-2.67045454545
-2.23479490806
-1.4652014652
-0.310033821871
-1.91986644407
-3.53521512743
-4.63987051524
-3.71676614216
-6.11272823498
-6.1863743148
-5.8808356977
-2.008987576
-2.20217564341
0.185577942736
1.40285865537
4.10848549946
-0.211026114482
-1.90005205622
-2.80855449626
-2.60376385666
-4.85436893204
-3.26613932126
-1.23393316195
0.518000518001
-0.205814252637
-0.48309178744
1.37092602173
-1.1938023876
-1.40449438202
-0.511901714871
-0.354699771979
-3.87866732969
-3.85836385836
-0.609137055838
-0.988342625443
-2.71136307616
0.953815261044
2.06879361914
2.0725388601
4.19857406918
10.57508858
9.96411813414
4.91631799163
1.31233595801
-3.54049923586
-4.92355532521
-3.77158034529
1.56706507304
2.75080906149
6.6268332428
8.06496779614
4.29362880886
6.35593220339
4.50958286359
4.96009122007
-2.93558032074
-0.19353055018
0.454029511918
-1.96186791931
-1.95640022359
6.91659401337
6.10149603989
-0.704423781347
1.71444631816
-3.27115436604
-8.50837543207
-7.51492132393
-6.25990491284
-5.77330508475
-2.14285714286
-1.95516162669
-3.78491255547
1.09479305741
1.34192163178
3.50492880613
4.63720676487
5.74109853712
6.27128263337
7.71899392888
5.88576398956
7.63358778626
6.40234948605
-0.0283687943262
-4.68448608432
-6.53116531165
-6.73603504929
-8.73760385956
-4.96090590456
-2.36750067259
2.55697609783
1.30374479889
1.3583265417
1.44967177243
-1.48423005566
-6.15545122587
-7.54039497307
-8.84101040119
-9.21281350882
-6.86250308566
-5.72903860339
-6.31907736665
-2.53439536568
-5.04597972176
-4.63747645951
-3.46546403988
-1.86276821504
-1.75480199194
4.71604938272
4.19426048565
4.48908730159
5.00123793018
1.8107194592
-2.22114920328
0.443458980044
-0.0495785820526
0.049541738915
4.62237938873
4.30622009569
2.78551532033
-1.63374786637
0.124007936508
-2.89428501349
-5.45238095238
-6.17723924923
-3.52858151023
-4.0
-3.82165605096
-0.426742532006
-0.472925041381
-0.677570093458
-1.57018982892
-1.25786163522
-2.76625172891
-3.77701934016
-4.05738623627
-4.81820209681
-3.78753922008
-2.34128770824
-3.57612988153
-1.52317880795
-1.83928180425
0.202110936447
-0.448229493501
1.6276477146
1.98108959928
-0.218483722963
-2.92129932418
-3.48258706468
-3.87912558937
-3.62334562812
-1.12335277598
-2.15443686007
-0.559260055926
-0.0214270409257
-2.16514540437
0.674206176599
-0.424808836024
-1.35794610651
-0.341661328208
-1.23689727463
-2.62600592969
0.255536626917
0.21263023602
-0.951776649746
1.70575692964
-0.421762969211
-0.212494687633
-2.75020678246
-1.86799501868
-3.03907380608
-0.399075824407
-0.275482093664
2.47933884298
3.56835769561
4.44828330814
4.22504378284
3.35085413929
1.41843971631
-1.23142250531
-1.04700854701
-0.803474484256
-2.97492562686
0.475059382423
0.383631713555
-0.404341349223
-4.7569803516
-3.22845979848
-5.95044679123
-4.10790925812
-4.02369281046
-1.08428805237
0.641556291391
1.27519539284
0.76194398682
-0.346020761246
-0.731112916328
-2.28513650152
-2.48696349779
-2.33306516492
-1.68100860516
-1.12449799197
-0.642957604983
0.463429377393
-0.200722601365
-0.0999600159936
0.221372509559
-0.220529270249
-0.799520287827
-0.140308679094
-0.398247710076
-0.580232092837
0.24115755627
2.03956761167
1.87870124566
2.28105906314
1.19457380036
-0.0803212851406
-1.34808853119
0.184124386252
2.0365752286
2.15098241986
1.86132133361
1.34584013051
-2.86168521463
-4.27690471454
-3.85762577053
-3.5319652723
-5.07162214479
-2.95081967213
-3.19661082226
-4.26422996383
-4.96906056629
-3.81679389313
-3.67824633104
-4.41744892325
-3.75595456211
-2.18268525312
-0.739234891887
-1.53649167734
-2.26659471128
-2.50089317613
0.257447591026
0.74474027183
3.07315233786
2.81117070464
2.02296336796
2.1796317174
1.22502826988
-2.76810265811
0.371264154446
3.02290649643
-1.91669738297
-1.21020294172
3.72694428599
1.83364839319
0.452659373821
3.54961832061
4.23054531341
0.496846932926
-0.169843366673
-1.50473713543
-2.36631265139
-3.6101758324
-2.51490312966
-2.05175600739
-0.185425551641
-1.68529034622
-3.44952140148
-2.3467345825
-1.97499547019
-2.98614858788
-2.62219051017
-1.1602998929
-1.07971927299
-0.379061371841
1.34913400182
4.2976744186
4.08769973987
2.69820735539
0.929130989251
1.95167286245
-1.68282421804
-2.79934982843
-3.21945984618
-0.417271407837
-2.28841264076
-1.70801869831
-2.43171806167
-1.54956858602
-1.90425342588
-0.73913827294
2.03632361035
5.34620382402
3.95387149918
1.40768814293
-0.751476113795
0.720620842572
-0.0371126368529
3.2508032508
4.7052154195
6.86424474187
1.55751548133
0.860939547071
0.322335987865
2.55813953488
2.0487804878
2.16641104294
2.80931306523
0.342465753425
-3.1894934334
-0.620515803762
1.93472737932
3.3406243786
5.43630892678
5.985285345
3.67913148372
1.40705509314
1.02450783447
0.707070707071
0.0
0.403714170367
2.26996351844
0.423643332661
-1.76622345704
-2.7648878577
-3.46843335931
-3.85814497272
-4.59969207082
-2.62801932367
-1.78503608052
-3.75093773443
-5.05087881591
-4.60804112355
-4.95867768595
-4.60144927536
-4.51289398281
-2.47203175749
-0.602189781022
0.202429149798
1.0989010989
3.75325157934
2.45886485487
2.48737609875
0.443622920518
0.626612605971
-1.80623973727
-1.38559708295
-1.16451016636
0.763643136524
3.78729915838
4.79923518164
6.67055620381
4.94665373424
7.27272727273
3.52475247525
10.7112616427
8.77935265496
16.9995460735
7.15050310426
12.6477805041
0.596252129472
-0.190033783784
-7.66974015088
-0.383877159309
-4.06591054997
5.76576576577
8.15254624343
8.90004564126
3.23645970938
1.34461071351
-2.33172019358
-4.99023649382
-7.74736842105
-5.80671920365
-4.47482908639
-4.93517356754
-1.43284858854
2.94755093195
1.64418212479
4.03017241379
5.63286944997
5.60072267389
3.31392745186
4.21792618629
-0.172117039587
-3.92614601019
-4.52781371281
-2.82854656223
2.03990136741
11.5966386555
16.4607019278
11.6514203178
8.75532418363
9.09757887014
0.725513905683
1.22591943958
7.92413613926
5.0459855829
-0.77651055569
-1.21834687052
-4.6062052506
-10.8408617095
-7.34684477199
-6.29831741701
-4.36371944254
-7.07473941007
-1.3933302878
-3.46820809249
0.41095890411
-0.815771583956
-0.132890365448
-5.01193317422
0.0890075656431
-4.98915401302
-9.43977016212
-8.52917341977
-4.11899313501
-4.13822525597
-3.61697679281
-0.245649948823
1.35523613963
-1.8779342723
-5.88235294118
0.504307627653
2.82045885077
0.370981038747
1.53367875648
3.12629399586
1.04033970276
3.12567831561
4.5464339582
6.09058927001
6.38766519824
6.85117967332
5.03875968992
3.11041990669
0.887311446318
-4.86169321039
-6.78790441954
-6.72054444917
-6.19007919967
-5.96579057155
-0.748752079867
1.65520206363
4.39609236234
9.2689592348
10.2322372959
11.2447940768
6.45308924485
2.41018644839
1.54949121184
-3.37702732726
-4.33820274458
-4.10357691464
-4.74333983106
-6.46766169154
-0.989881214254
-1.4612868048
-0.45871559633
-0.731025585895
-1.68013611229
-2.65524625268
-0.412684622068
-1.3999569244
-1.33644463301
-0.591966173362
-2.9106029106
-4.87603305785
-4.34693036671
-4.67138523761
-4.25101214575
-2.67098340753
-1.92502532928
-1.76077717061
-2.25340976478
-3.02316450726
-2.56309148265
-3.17834020012
-2.90823344468
-1.88130333592
-0.894941634241
-2.48029225149
-1.56431054461
-1.39507847316
-0.174249757986
-1.26776796005
1.68132942326
2.33201581028
3.92670157068
4.42782046098
3.02790421532
-0.641025641026
-1.93798449612
-3.15912636505
-3.83044915419
-0.902137674054
0.546875
0.408639813193
0.845624385447
0.194817845315
-0.89407191448
0.609157005306
2.71836897861
1.23432211826
0.48942834769
-0.0970873786408
-0.60546875
-5.03037205771
-4.61450816559
-4.63032113518
-3.52191832147
-3.84976525822
-0.0569151963574
0.095038965976
2.56606664113
1.42504275128
0.0
-1.144036009
-0.642115203022
-1.00473933649
-0.510396975425
-0.262221389773
0.0375234521576
0.608018240547
0.0948766603416
1.82868142445
4.58374142997
3.59572400389
0.419767219996
1.30718954248
-1.46054628225
-4.40074906367
-3.41655716163
-0.380155863904
-1.14025085519
1.73678116557
1.36674259681
-0.985130111524
-2.10271678452
-2.04765450484
-3.06771417883
-1.91770619996
0.242220980063
0.901239203905
1.56929476272
1.36518771331
1.95520121488
3.0332117489
2.38369857747
2.55962769052
3.7372147915
5.04486540379
4.49348044132
6.51105651106
7.50469043152
4.03110292613
3.2317826266
2.29837882208
0.369913686806
-0.888429752066
-0.610128126907
0.309725376833
0.973891421467
3.07138318153
2.93492131008
3.86565272497
-0.411268764137
-1.57046706098
-4.62626262626
-3.37032470201
-5.11124473842
-0.977397678681
-1.04944500505
-1.47292993631
-3.29888712242
-2.29142185664
-3.78134796238
0.0201857085184
0.560448358687
2.08967336174
4.5668646324
2.86174929464
-0.301871603944
-1.20624876409
-0.283228808416
-1.53256704981
0.0201572263656
1.61554192229
6.53044027807
3.73557187828
5.19728468392
5.89114194237
2.66638673105
-0.210216523019
-1.44777662875
-3.63859362224
-4.77642276423
-2.53734397381
-2.34038185178
1.27775450356
1.5780730897
0.881689563256
-1.6898008449
-1.93275619086
-3.94366197183
-3.56427713256
-0.509995920033
0.485142510612
-0.97687400319
-1.31056393963
-0.715705765408
-3.00751879699
-3.15191855912
-0.139358948835
0.438771439968
0.0397772474145
-0.0395569620253
0.848963474827
-0.652689873418
-0.515873015873
-1.00413467218
0.636942675159
0.595829195631
1.22122122122
1.20481927711
1.70204245094
1.3311819282
1.20603015075
2.293671923
2.09102091021
0.180541624875
-1.93829113924
-1.73809994075
-4.3486777669
-2.88672108302
-2.50342264815
-3.21592649311
-2.05068678661
-0.429100838697
-2.69275474622
-1.42664353191
0.849420849421
0.976753272123
1.6253716551
2.21782178218
2.02596380803
3.04356475035
1.64813343924
1.91919191919
2.14401294498
2.19095477387
-0.158887785501
0.198965380024
0.0
0.651465798046
1.9885198852
3.40932429657
2.55049989798
-0.482509047045
-1.46439317954
-3.25267750893
-1.31738954195
-1.50723472669
9.9226519337
10.9997773324
11.622758468
9.20761398849
11.7699910153
0.555555555556
1.72140430351
1.89487931423
1.41414141414
1.5742642026
4.02219140083
1.8689432395
2.78228611176
3.82195292473
3.71509701846
2.75534441805
3.31346841478
0.465874679711
0.257009345794
-0.3771805752
-2.36549165121
-3.22952710496
-1.17403314917
-1.01757631822
-2.57234726688
-0.0463606861382
2.26468506723
2.25988700565
1.45471609573
1.56286447399
-0.0926354793886
-1.92040721888
-2.76951247425
-3.79232505643
-2.5238744884
-2.06396008165
-3.15930988125
-2.67320115839
-1.22630992196
-2.97816015884
-1.86957489428
-0.468331846566
-0.443557329785
-0.488129576215
1.38671438157
-0.111160515785
-2.2454763462
-0.441598586885
-1.44325388148
-2.37991266376
-2.32356134636
-1.22739018088
-1.9696969697
-0.910075839653
-1.01577696131
-0.432432432432
1.0224059169
-0.345125107852
-1.78761438604
-3.24132162275
-2.63157894737
-4.36862908259
-4.07614318229
-2.40913811007
-0.291909924937
-0.272937224438
1.30663856691
0.729470612755
1.49662731872
0.756302521008
0.400505902192
0.338337914993
1.01052631579
-0.670016750419
-0.791996665277
-0.294241277848
0.12703789964
1.1930123562
1.22933446376
3.09411259132
2.27858985383
-0.0211685012701
1.09842774068
0.447093889717
-2.04167543675
-2.88100208768
-1.76751923477
-3.89153384392
-3.51273623665
-2.5235945835
-1.60230073952
-2.15666327569
-2.06770727752
-2.07201770268
-1.71405525308
-2.48397435897
-1.50300601202
-0.76443371555
0.12084592145
-0.501605136437
1.13452188006
1.27866856099
1.22174709835
1.38860526853
1.94313765596
0.406834825061
0.53050397878
0.163165408933
0.368928059028
-0.305872756933
0.965290614089
0.430327868852
-0.406256347755
-1.90993164455
-2.48558361503
-2.26816539542
0.0410004100041
-0.745967741935
1.2004069176
3.49866227619
1.28074811954
-3.23348541956
-5.5058106306
-6.82464454976
-8.81966597861
-7.01323251418
-6.82070240296
-3.70574206568
-1.16170133034
-0.411138105027
-1.92806822395
0.389682686955
-0.256175663312
-2.43144424132
-3.37667027808
-2.74071402813
-1.02846648301
-0.924583031182
-1.5301530153
-0.198233916021
-0.769368402219
-2.64616484892
-2.16388790351
-0.035990642433
0.252935862692
0.975609756098
0.0715691536948
0.642627632988
-1.29662522202
-0.788671804983
-1.38963121325
0.179243592042
2.58194469877
2.75597736813
0.631313131313
1.09870317003
1.71376481313
0.700719159137
1.68893838159
5.23917995444
3.38919925512
1.53646797482
1.42135777071
2.45293782088
-0.4347004347
1.97493353589
2.15582450832
-0.112086680366
-1.82938211686
0.780952380952
-0.113808801214
0.647125999239
2.15648854962
1.07547169811
-2.34375
-2.20738267483
-2.55934718101
-3.9237257059
-2.5914353979
-1.59253157606
-0.864288341302
-5.81659388646
-5.09831216287
-4.77773888694
-4.44288962743
-4.79691876751
-0.226559776926
-0.208369508595
-0.901838362817
-0.643030935002
-0.970873786408
-0.537354827526
-1.47134302823
-3.77169559413
-3.44017452593
-2.56756756757
-3.20469798658
-2.19210174029
0.301305657851
-0.484301937208
-0.854128286719
0.387401044298
1.73646578141
2.50514756349
4.08482530853
3.78932730749
3.8845144357
2.06776715899
0.656303972366
-0.0694806322738
1.37444933921
0.633914421553
1.57077303212
2.26068527022
2.09256960454
-0.83872095055
-1.42336399931
-0.787953073017
-1.53043478261
-2.84286698828
-2.71970083291
-0.775060282466
-3.00611413043
-3.6850921273
-2.65011741027
-2.66379880874
-3.76263881982
-0.908784920902
0.48813331089
0.505731625084
1.88806473365
1.37791967737
0.694797491951
1.45150273224
1.07343670131
0.559416850314
3.02977839335
0.613810741688
0.774393391843
2.83861923953
3.60028099754
-0.909246869103
1.24287933713
-0.428375599726
-1.84038527692
-3.58956992889
-2.26358148893
-2.83461925528
-1.84998318197
-3.37377430613
-1.92627034208
-2.83479960899
-3.68336025848
-3.41130604288
-2.13077423552
-1.31104555883
0.294117647059
1.32591258798
2.07262477201
1.95688225539
0.41138719763
0.575184880855
-1.46774193548
-2.86680624899
-2.82030620467
-0.278962914342
-1.5212817608
-0.177105136049
0.63209076175
0.910717189787
0.24675111038
0.308441558442
0.664505672609
0.194868463787
0.277234181344
-1.21871953201
0.358422939068
-0.0647878198899
1.78512396694
1.75904414205
2.37897188488
0.0652103032279
0.570125427594
-1.52994791667
-0.0497594957704
0.266889074229
1.82602921647
0.904010519395
0.424975482184
-3.05515356167
-4.40121192792
-3.69304556355
-3.02837105515
-4.15165282782
-3.20622568093
-2.39688715953
-3.24825986079
-3.43235339387
0.188353476691
0.736908121668
2.04891994917
3.72212417776
2.91462062411
-0.359712230216
0.377714825307
0.478774337696
-1.91974822974
-0.941471834301
-0.0781372089389
-0.749765698219
-1.6789581045
0.841002856236
3.20647773279
6.70335167584
6.27490039841
6.98338089642
3.80497446879
0.341241468963
-1.70463858384
0.416736122687
-3.31115078721
-1.92245557351
-2.25540025413
-3.84554767533
-5.45311268716
-4.16861098149
-2.53503385294
-1.59424820256
-1.62790697674
-1.9471488178
0.046685340803
-2.8156082632
-1.37197471867
-0.123877361412
-0.323475046211
-1.90810563273
-0.984848484848
-2.62683878715
-1.98816208833
-3.47903657449
-2.57287328971
-2.22222222222
-0.922070196312
-2.16778025241
1.8936524769
1.21932861659
2.72409070157
2.23506157823
1.46128351913
-1.18263473054
0.544876645982
-1.30669870832
-1.80650940579
-0.165438411791
-0.639595418712
-0.661554653436
0.0150217815833
0.540378264785
-0.909090909091
-0.782172373081
-2.36347621844
-2.11733568593
-1.0692010692
0.509286998203
1.45231322054
0.888625592417
2.31683466225
1.8913602663
0.255293587626
-0.1644245142
-0.295333727112
-0.761421319797
-1.40235715351
-1.12843355605
-0.653400653401
0.908955446282
0.4800480048
0.389396435525
0.253051503424
0.0297088532383
0.524266027561
-0.284218399402
-0.920017806796
-0.014883167138
-1.07274063189
-1.96769456681
-1.37208616111
-1.17319255023
-0.73866154528
0.487300649734
1.90034415682
1.13398985378
1.73056840221
1.49947518369
0.74382624219
-1.00725818397
-1.5859030837
-1.65786384977
-2.51425230229
-2.53733507322
-2.59702784591
-1.67484839734
-1.03092783505
-1.31275245239
-0.533602538217
-0.516721687958
-0.244850928993
-0.863682164963
0.507467014644
1.85076380729
2.00585651537
1.93804140361
2.47824162856
1.59080866107
1.00890207715
-0.189975157095
0.191232715505
0.668250668251
0.103214391035
-0.443131462334
4.56907090465
3.88141809291
2.95061917138
3.76376988984
2.88753799392
-0.304692260817
0.168375937548
0.568880688807
0.646750846936
1.40237324703
0.969081679742
1.16135026324
0.0153775180686
0.0770534751117
-1.00686498856
-0.808666463229
-0.569668976135
-0.520116261282
-0.475460122699
0.954874480209
0.336803429271
-1.88821752266
-0.0305857164704
1.38392162961
1.12132066656
1.06761565836
3.38903638919
0.957233287016
-0.139751552795
-1.27613776138
-0.615100722743
-2.22934799206
-0.522193211488
-1.22699386503
-0.32183908046
-1.27523910733
-1.20681852466
-1.676230746
-1.65912518854
-0.926207105982
-0.42328042328
0.196493349456
0.439860458062
0.226757369614
-0.378157616094
0.486100562054
0.516560316013
0.0151699029126
0.227272727273
1.14749082007
0.857974567182
0.935439349793
1.21295869799
1.88329731399
0.0918836140888
-0.850675983594
-5.83393501805
-8.52528089888
-9.08070175439
-8.65855364387
-7.3338963964
-4.91555677605
-0.821841482101
-1.72413793103
-0.777238029146
-1.00334448161
3.33427922815
2.22127296027
2.63306908267
2.69384264538
4.0
2.86047869235
4.33813697816
6.16170724376
6.7721807944
4.73588342441
3.14616889959
1.63068096029
-0.656912511197
-3.09688836455
-4.27201394943
-3.23379461034
-3.44073480099
-2.92753623188
-0.103123158515
1.28035320088
2.76946107784
1.37451965711
-0.216919739696
-1.45180023229
-0.817398919866
-4.31170319438
-3.50827153451
-1.7895185343
-2.61558037608
-3.24812879537
-0.950624290579
-0.609496810772
-0.550847457627
0.368951326806
-0.491849353569
-1.08070175439
-1.23197536049
