0.0
0.0
-4.3273476597
-4.97902097902
-0.167550963418
2.31428571429
1.81818181818
-0.448885027512
0.817518248175
1.6471286541
2.88549618321
1.36180748994
0.96875
1.18577075099
0.796812749004
2.0325203252
0.918936659009
-0.910569105691
3.79746835443
0.423728813559
-1.46960587842
-1.43209876543
1.77584184956
1.49634415916
0.736553614251
2.63713080169
0.335156112189
4.86496485387
6.52216748768
-1.93236714976
-5.47945205479
2.56650430873
1.5601217656
1.68311085316
-4.61339730578
1.76525821596
0.699697428139
2.67961165049
-0.732459521974
2.73267326733
4.38197602315
3.19965870307
-7.62561576355
2.01005025126
7.42820125243
-1.34213890072
1.0766580534
1.08837614279
-5.16102394715
1.317715959
-5.55116554721
-5.38317757009
1.78843226788
-3.77151226657
1.26065999258
3.49194167306
-5.23636363636
0.34665207079
1.97209302326
1.64523449319
0.0
-1.61860465116
1.53003400076
-8.02640722724
-0.758620689655
0.764419735928
2.09294075913
2.50909090909
-4.34782608696
-2.54237288136
-4.83870967742
4.64135021097
4.77453580902
0.640683395622
5.02803738318
1.05780128447
-2.41474654378
-3.125
8.48508330105
5.08957654723
1.02838338132
2.48735244519
0.529773257046
-2.45969408847
-1.02291325696
-1.74874371859
-2.92682926829
1.24456736468
0.237623762376
1.38526400321
-1.85221674877
0.734418420008
-3.68954310839
-1.19002644503
0.36018957346
0.0
1.81432155954
0.601941747573
2.48756218905
0.259377494014
1.25252525253
1.66358595194
-1.51699029126
0.897959183673
-0.386257369384
-1.62
0.623867981485
1.40816326531
0.12259910094
0.658165364048
-0.531914893617
-0.811688311688
4.2962962963
-1.31578947368
0.0
1.20481927711
1.06814783166
1.89377448846
0.701446733889
0.951537950874
-0.942569048663
1.10815602837
-2.44324324324
0.303621774019
3.61797752809
1.71428571429
-2.77777777778
-0.133155792277
2.26963231956
0.273099681384
-2.22518914108
-4.88888888889
4.41988950276
-3.20855614973
2.88292253521
1.83774092335
0.0
0.83615819209
0.843208751139
0.297142857143
1.74418604651
-1.42136634571
-2.93724966622
-2.55854293148
0.52310374891
1.2580004414
-0.548726953468
-0.545732372844
-0.413043478261
0.546448087432
-1.86615186615
-3.99505766063
0.247729149463
2.51851851852
-4.3134872418
-1.12134561474
0.120288692863
0.0
-0.73631840796
1.63834951456
-1.12
2.92301358584
1.46198830409
0.272251308901
1.46621334467
1.07388316151
1.83727034121
0.904877510483
0.935620405436
-1.47058823529
-1.21422376409
-1.87234042553
11.5859449193
2.10909090909
1.85185185185
-1.50778210117
0.292682926829
0.761857950356
1.57264103844
-0.792471520555
0.899550224888
1.62519045201
1.62580645161
-2.8335005015
0.47871000252
3.09090909091
-1.58486707566
-1.58490566038
-2.76418786693
-1.77799135031
-6.21901757548
-2.20361392684
1.40782122905
0.426391382406
-0.845571873609
0.717167189601
2.4334251607
3.86266094421
3.40236686391
-1.98163363944
3.29505741388
-3.60923965351
2.46548323471
0.0
-0.319488817891
-5.63543599258
1.17315814172
1.62136385312
-0.874497754668
-5.97777777778
-0.837373292199
3.2771961766
0.434285714286
1.60241523456
1.03237916471
-1.59316555068
-2.67415730337
0.998638220608
3.20918247833
0.589066918002
-0.585617240572
-1.72651933702
4.37289764536
-2.20864661654
2.55421686747
0.752609856761
1.07975460123
-0.609756097561
0.761857950356
1.24409056979
-3.29643888354
-1.77263058379
-1.16795141322
-6.69136878814
-0.671140939597
4.97727272727
1.87543412827
-0.437989857077
3.43347639485
-0.592557478075
-2.31535077564
-2.81278127813
1.57714285714
-3.84615384615
-0.263042525208
2.51685393258
-4.30107526882
-3.125
-0.641689091285
-0.514827018122
-1.52098965727
2.0699648106
0.645833333333
0.125156445557
-2.65989847716
2.73258239466
-0.765886979921
4.02670111972
-0.938566552901
4.17777777778
4.19078490391
-3.48603351955
0.993003836606
1.28
2.65133740028
0.732687307965
0.594388968141
0.429799426934
-0.285714285714
2.58915486077
-0.121980970969
-5.20351526364
-1.0752688172
1.06358381503
2.36686390533
-3.40649291267
0.853124279456
0.883926494534
1.75147928994
0.61919504644
-1.0603204524
-0.93370681606
0.823723228995
-3.32195676906
1.73611111111
1.28956623681
0.51850106057
-1.9866019866
2.99785867238
-5.59299191375
0.67842605156
1.21309224079
-0.114311842707
-2.19141323792
-3.5167206041
0.695198783402
-3.70292887029
-0.416666666667
1.91082802548
3.56200527704
0.26455026455
3.77487989019
1.6511627907
1.55880963628
-2.97891842346
0.32183908046
1.5406162465
4.53879941435
-0.121862052157
-2.23969502025
-1.13074204947
2.31381055676
-0.527451450491
2.48157248157
-0.634765625
1.76397515528
-2.94188570051
-4.66666666667
2.06475832942
-1.93281178095
-4.73476545375
1.26526082131
-1.3143483023
0.572813395021
0.464807436919
-2.5873221216
0.95777100566
1.99822380107
2.06208928167
-1.49553571429
0.538599640934
-3.13043478261
-0.475984422328
2.27926532419
-0.198763250883
-0.439753737907
0.41951865754
-1.88474870017
0.896174863388
-0.109170305677
-0.304745319983
-2.19288907813
2.10869565217
-1.66737922189
0.0641711229947
-3.98439104539
-2.03219315895
1.05734038227
-0.926672038678
0.669235449199
4.05148765562
3.53943631199
0.32880315651
-2.56300726185
2.22707423581
-1.29310344828
0.71630128066
-0.988609499248
-0.364025695931
0.776866637894
-1.04633781764
-0.255591054313
-0.40305473059
0.726495726496
0.0
1.23296560675
1.0270979021
-0.888022525449
-1.84948979592
-1.15570498004
-1.26556016598
2.20525869381
1.37575236457
-0.831379236836
-0.276360544218
-0.275598897604
-2.21807628524
0.249376558604
1.94915254237
0.575324952056
1.60207837194
-0.623924268503
1.19747441759
1.01165603695
-0.175631174533
0.175940180339
1.38238573021
0.492941967287
-1.23921221509
0.177344269563
-0.0664599025255
2.05742708569
3.05219012116
-0.671140939597
0.0463070155129
2.51602183717
1.22537241711
-2.8024287716
1.87960980252
-1.49988282165
0.234907211651
-0.676621558563
0.515947467167
2.69749518304
0.289855072464
-1.59258378892
1.1541235874
-0.359367513177
0.554083353409
2.1407480315
-0.538423886442
0.0
-0.268489138394
-0.966884215615
0.559066601847
-2.62721893491
0.118483412322
1.34486071085
0.969932104753
1.75178879842
-1.07395655358
-0.461613216715
0.0
1.67984189723
4.51846114123
0.885647303985
11.4368650218
-2.57352941176
0.798175598632
2.87390029326
1.45789943469
-6.63888888889
1.46561443067
-0.616246498599
-1.24481327801
-3.65138592751
-0.582935877054
1.31543624161
-2.66527305984
0.710526315789
0.0526592943655
0.742705570292
-0.893796004206
-3.7205770691
-5.36526946108
1.60623022633
1.45679012346
-1.81818181818
1.02865540044
0.541738488057
-0.22113022113
-2.77114190158
-0.570071258907
1.96173407605
2.45657568238
-2.44492858872
1.22518990444
1.44171016654
0.600150037509
-3.28899637243
-0.672591880855
-0.928129462161
-2.34719962817
-0.416570238371
-0.0462641684016
1.07552022446
1.03945192535
-2.44295920719
0.300508552936
-1.92700068012
0.432604735883
-1.89859280768
-0.907481186366
0.89325591782
-1.90580503834
2.58426966292
0.157551204141
0.954328561691
0.0454648783814
-0.789354984213
2.11883924459
-1.20591581342
-2.89438798056
0.644874360685
2.62437243268
1.43518518519
-1.52723957146
2.02325581395
3.56454720617
0.0723065798988
-1.49572649573
-2.54511800093
0.628637951106
1.51264476483
1.09916367981
-1.06382978723
0.118343195266
-0.471142520612
-0.445590994371
0.305810397554
-0.955265610438
-2.56526674234
-2.37145390071
1.05263157895
1.01809954751
0.226757369615
2.41523455643
0.092980009298
2.52621544328
-0.733380648214
4.88833746898
-0.518390520859
-0.417895771878
0.593471810089
-2.01114611098
-4.1124535316
-2.15958172312
1.12643678161
2.64275601699
-1.69334261192
-2.39981888159
1.35383203304
0.809622947028
2.19858156028
0.236966824645
0.956937799043
-2.15355805243
-4.12926391382
0.157338727804
1.11363636364
1.14942528736
-3.11804008909
-1.340364755
-1.76991150442
-0.707243891985
-1.37391671951
0.766773162939
-0.191326530612
-0.127388535032
0.555081127242
-2.1312160468
-1.62384378212
2.05580029369
-0.666805584497
0.989057239057
0.934579439252
-0.3175947491
-0.0211685012701
0.510638297872
-1.23975625131
-1.81555601403
0.0
-1.2629863516
0.32699775189
1.53558829633
0.81589958159
2.35546038544
-1.70490423069
-1.77796154641
2.58748674443
0.106157112527
-0.527983104541
1.45703878294
2.12253829322
-1.72043010753
-0.171747531129
-0.0858000858001
-2.09995800084
1.53518123667
-0.0852151683
0.170721297482
-2.57796257796
0.250104210088
0.502723083368
0.802364864865
2.17907227616
3.36752899197
0.403045230631
1.10935023772
0.615034168565
1.45597411602
-2.76404494382
-0.29128388976
-1.63103372272
-0.0220361392684
1.40782122905
-2.12160979878
-0.910273081925
0.369806395475
1.25550660793
-0.547645125958
-1.82795698925
-0.278790478233
0.322719449225
-0.236102167847
0.931542461005
0.217108119844
-1.51806713705
-1.01587301587
1.52556940266
0.954446854664
-0.817555938038
0.977623289159
0.0652173913044
3.0235162374
1.59271899886
-1.58978952082
2.52525252525
-1.67042889391
-0.73941295093
2.45638200184
-1.86979049335
1.07012750455
1.71375636869
-3.44364937388
-0.289855072464
0.96803241783
0.954545454545
2.54020041948
-0.463929482719
-0.300647548566
0.115767538782
-2.87834495165
0.157657657658
-0.134952766532
1.11439617921
1.15021854152
-3.29254727475
-0.376773049645
0.602006688963
1.76991150442
0.639415391642
1.17837338262
2.92508917955
2.18712029162
0.365853658537
2.21889803042
4.72584856397
4.0195545899
-0.620782726046
-8.01886792453
-3.17307692308
-0.668576886342
-4.70989761092
4.51843043995
0.334049152947
0.915001203949
6.24200562804
2.59842519685
-4.17505030181
-3.35439961108
-2.51184834123
-1.0086793338
0.566171266808
2.88834951456
-3.76080355057
2.56348826066
1.11434108527
-0.265764677458
1.82041820418
-1.11894916079
-1.13035113035
1.1186770428
-0.484027105518
0.437530384054
3.4188034188
-0.500250125063
-0.818655420491
3.67798353909
0.387296669249
3.97315436242
-4.90171049272
-1.58291457286
-2.47488360696
-0.729749452688
2.36553784861
0.199600798403
0.804828973843
0.632751202227
-0.778503264691
3.83311603651
-2.6155408837
2.60552371027
3.47802642222
-3.1592689295
-0.64850843061
4.18918918919
2.57831993346
-8.98309361595
6.21817207183
-1.13937466879
-0.84077771939
2.03753351206
-0.133868808568
3.40531561462
-5.91299817661
-3.15338042381
0.329030625158
-4.72630817458
2.0925652388
-3.40071343639
1.81598062954
-2.1327014218
1.07784431138
1.90383207225
0.663390663391
-2.28091236495
2.58620689655
-1.45631067961
-0.579150579151
0.460606060606
-1.57480314961
0.551823416507
-2.044653349
-1.95852534562
1.00069816151
1.51193007323
2.7676620539
-2.11501901141
0.766283524904
-2.38429172511
0.351864883885
1.5
-0.544636514326
-0.91506335054
-3.48731884058
2.45939675174
-1.37299771167
1.62790697674
-3.6954087346
0.0672344240251
1.40909090909
-0.63233965673
0.865603644647
1.83252145674
-1.57534246575
3.0103480715
-1.11627906977
-1.71428571429
1.60241523456
1.17481203008
-3.99278141214
0.567150635209
1.31004366812
2.30425581942
-1.0009310987
0.491228070175
0.234466588511
0.117370892019
0.685417159064
0.0
-0.212264150943
-2.394106814
-0.503893724233
-2.34846790427
0.291610587707
2.29463056448
-1.60307067058
0.590506472859
0.686027898468
-0.613636363636
3.52941176471
0.283152430392
0.521821631879
1.22448979592
2.46002460025
-0.7568359375
2.60521042084
3.79615184607
-0.697134004648
0.0
4.08492340769
-1.7428043306
-0.759958071279
1.48936170213
0.534759358289
1.90735694823
-0.676589986468
0.0
1.51098901099
0.970873786408
-3.03926842388
0.242653006201
-2.13720316623
2.12880625168
0.650935720098
-1.78476291955
1.81719555194
1.57024793388
-1.5726681128
0.435729847495
0.136351240796
0.465753424658
2.61456283385
-0.280347631063
1.59498718314
-2.47222222222
1.494220468
0.169443659983
0.0
-5.06702412869
-1.37493389741
-2.27390180879
-3.44311377246
0.602409638554
0.606060606061
-4.89913544669
4.1
-0.596421471173
-0.445324096982
1.43036386449
0.555134998738
1.98147195059
-1.67004048583
-2.58811929998
1.02091633466
-0.790513833992
-0.0740557886942
1.78391959799
1.94672131148
-0.813008130081
-0.303951367781
-2.03473945409
-1.24969370252
1.39130434783
-0.935269505292
0.395354583642
-1.3167520117
-2.00716845878
0.0
1.77529182879
-1.46177809729
-1.51050271418
-0.376205031742
1.28602048107
-2.3488372093
0.467289719626
-0.603808639108
0.961313012896
1.09030575966
-1.65501165501
-1.69569202566
0.925069380204
0.86307441101
0.633802816901
0.971794264044
2.27878787879
0.438276113952
0.612444879961
-0.195599022005
-0.219565747743
-2.17183770883
0.167344011475
1.4552510308
-2.15946843854
-1.12623181605
-0.117178345442
-1.77255985267
0.578837693911
-0.138728323699
0.886400746443
-1.28943126871
-0.82210550354
0.16010978957
0.321248279027
-1.35808057945
0.363471149478
0.54819552307
1.50707164387
1.41076886903
1.6005733397
0.2154656452
-0.191158900836
-1.50623676159
1.57781496534
0.456292026897
-0.191754554171
-1.13744075829
1.4911014911
-1.37571157495
0.47664442326
-0.568720379147
1.10206037374
-0.476871721507
-0.568990042674
0.237642585551
0.285986653956
0.865384615385
-2.27859995302
1.35714285714
-1.98366394399
0.398313027179
-1.77215189873
-2.77466994853
0.675827889164
0.95519672504
0.227946204696
-0.159308147474
0.918695452458
-0.0688547165481
1.79906542056
0.0467508181393
0.117013807629
-0.535381750466
-0.624566273421
-1.05287251087
0.900692840647
-1.07379483665
0.320880128352
-2.50279329609
-0.599733451799
-0.0887705281846
0.423445509249
0.944881889764
0.293321299639
-0.0451059990979
0.248699977391
-0.673703121491
-0.469378632097
-1.06147722247
0.892458723784
0.832395950506
0.18030200586
-1.57497781721
1.30337078652
1.57498288062
1.03782287823
-2.58368905864
0.998411617881
0.227427791676
3.53190487403
0.85490382332
-0.354945575012
2.39883692755
-0.649975926818
3.12810327706
1.66582534074
-0.900450225113
-1.23517786561
1.17470632342
-0.224438902743
0.35035035035
-2.01078960275
0.270469633637
-0.901559454191
0.146412884334
0.2201027146
1.16279069767
-0.197530864198
0.272344639762
0.79860244572
-1.28110372013
-0.0984494216096
-0.974896417256
0.19536019536
4.46428571429
-1.13493064313
1.48451497313
-0.78720162519
-1.52538134534
0.351317440402
-1.58063719437
0.222772277228
0.472519273812
0.701227147508
0.326633165829
-0.74812967581
0.0499001996008
-0.841167738743
-1.05263157895
0.417895771878
0.494071146245
0.72157253048
1.15781525296
0.760841998478
-0.353803386404
0.918133129304
-0.4569687738
-1.42642642643
-1.45499383477
-1.74460867458
-0.45827303425
-2.90398126464
0.850259801606
-1.89990732159
-1.81983621474
1.266989173
-1.25113739763
0.0
0.0227531285552
-0.272294077604
-0.810263335584
0.839763958239
-0.944244604317
-0.31376064545
-0.24591996423
-0.15625
-1.19100132333
-0.570175438596
0.3300330033
-0.0219973603168
-1.04484109708
0.393356643357
-0.28328611898
0.834981322786
-1.0652173913
0.722574994526
1.28631625638
-0.37560760053
2.42136229916
-0.22578460149
1.14181319936
-1.55125899281
0.0224870699348
0.202794051374
0.498188405797
0.409276944065
1.68786127168
1.24063670412
-0.8356545961
1.17426021606
-2.49599267232
-0.591850671523
0.0683371298405
0.228310502283
0.41265474553
-0.319926873857
-0.92823183156
-0.629921259843
0.0
-0.313971742543
-0.0224215246637
-0.401965163019
0.719748088169
-1.11209964413
-0.420819490587
-0.638204225352
0.353356890459
-0.549088513068
0.819309123118
-0.242986525293
0.488346281909
-0.088711465957
-1.18343195266
1.73913043478
-0.488129576215
1.14452423698
-0.179211469534
0.65388951522
2.23605348087
3.40882002384
0.962695547533
-1.77304964539
3.14557425018
-0.798258345428
-0.958313368471
0.894367899444
-0.43321299639
1.83823529412
0.2457002457
-1.09356014581
-1.9304099142
0.527072352659
-1.46364494806
-0.282485875706
0.615821885362
-1.44724556489
-1.99039121482
-0.613915416098
-0.407608695652
1.28440366972
0.391434492286
-1.42986836133
0.846875715267
-2.91111111111
-0.155313956068
0.200088928413
-0.0222271615915
0.806632310105
0.972850678733
-1.4053089449
0.40313549832
-0.75572349411
1.05570530099
2.55701451279
0.23089355807
0.838183934808
-0.301764159703
-1.12462703695
-0.160403299725
1.2294131292
2.64285714286
0.888782128273
-0.57320277048
0.600672753484
-1.16361909285
1.00743583593
1.21388686574
-1.78826895565
0.0238492725972
0.215105162524
-0.357227911407
-0.920245398773
-0.865497076023
-0.0934797849965
-0.994909763998
0.0462962962963
0.0463177396943
-0.138760407031
1.69332079022
-0.700607192901
-1.8115111213
-0.54732041049
0.137017583923
0.0685557586837
0.574580556194
-0.137709433096
-0.593201003879
0.159963436929
-0.748469040599
-0.586245772266
0.795454545455
-0.900900900901
0.977939504207
0.479890310786
0.0686027898468
-0.951302378256
-0.60783430887
1.23062898815
0.596056854654
1.65462596131
-0.417730331864
0.748187982231
-0.742631701091
-0.346901017576
0.675203725262
0.444340505145
0.328484279681
0.282352941176
-0.514981273408
-0.0701754385965
1.42348754448
0.190159258379
-0.496688741722
0.90692124105
-0.96903805247
0.14201183432
-0.891391039174
-0.559832050385
-0.279134682484
0.702740688686
-0.720930232558
1.12888052681
2.33453670277
0.507982583454
-1.02944697151
1.55604181862
0.957290132548
1.31808007958
-1.78309721544
-0.655180781364
-0.531016171856
0.436363636364
-1.07913669065
0.192215281115
-0.715648854962
-1.36470588235
-0.164435048156
0.0470035252644
0.733901515152
-0.0473260766682
0.571156592099
-1.40778977006
-0.0937646507267
-1.22713591109
1.00561272217
-0.32634032634
-0.923787528868
0.347624565469
0.79420696099
-0.488145048815
0.0697836706211
0.773558368495
0.282087447109
-0.11739845034
0.972024656235
1.12682809878
-0.16754427956
0.505171999038
-1.28235573498
-0.637092968381
-0.981308411215
-0.811123986095
-0.138856746124
-0.0462641684016
-1.86152099886
1.05528791007
0.299125632766
0.0690766751094
0.207660359945
1.16713352007
0.42194092827
-0.233863423761
-0.673635307782
1.70092133239
0.14194464159
-0.634696755994
1.23750594955
-0.379326695116
1.88405797101
-3.54147250699
0.280373831776
-0.163284348029
-0.302325581395
-0.393791985175
-0.0925711640824
-1.34703196347
-0.860117700317
0.135992747053
-1.14272910598
0.950011309658
-0.562303193882
-0.0898876404494
-0.0673703121491
0.860702151755
-0.450958286359
-1.22494432071
0.0445632798574
-0.751879699248
0.221631205674
-0.944017563117
0.197976242851
0.286785793073
0.0220653133274
-1.41396562976
0.0
0.524819593265
0.571805586101
1.06690375639
-0.92490640828
-1.00283409636
-0.239234449761
-2.29494262643
-0.821917808219
-1.94255011366
0.896580483736
0.439790575916
-0.437864887406
-1.96238757155
-0.163265306122
-0.0204039991838
0.163498875945
-0.447609359105
0.203873598369
0.204290091931
-0.203873598369
-0.142508143322
2.20557636288
1.34964150148
0.0210925964986
0.0844416297235
-0.147554806071
0.529773257046
-0.0423639059521
0.725410710476
-0.424899086467
-0.884396715098
0.232165470663
0.3175947491
1.1132519803
1.52140838948
-1.2237011593
0.215146299484
-1.04321907601
-0.550497565107
-0.69386038688
-0.606060606061
-0.643687707641
0.12474012474
-1.25230958735
-1.19675456389
-0.54468428485
-0.201328769881
-1.89610902627
-0.919765166341
-0.214801796524
-1.04347826087
-1.33460438513
0.267635251386
-3.03985171455
2.13934115865
-0.919152129056
-0.429585356743
-0.778354336546
1.2382739212
-1.07646622123
1.03131445715
0.433145009416
-2.65811182401
1.11214087118
0.334759159383
-1.28511107031
0.79570688379
1.06601832803
-0.871338524286
1.52456239413
2.70635994587
0.290810391625
-1.07403145378
1.47917477618
-0.695786625435
1.03495411053
0.451157316595
-0.507416081187
1.88904354742
-1.62363067293
-0.234192037471
0.806610269526
0.793178663494
-0.669686822927
-0.353287536801
-1.144741948
1.65680473373
0.635172687574
0.659340659341
2.79318135141
2.80827702703
1.74006444683
-1.37711864407
-1.93226677748
1.86243386243
-2.45664739884
0.706860706861
-0.988060930424
3.2957686583
1.2050785453
1.10966057441
-2.44109530885
-0.169527442255
-1.15207373272
-1.80995475113
0.850445965567
0.332986472425
-0.455769629169
1.42887161168
0.33733923677
1.84668241357
0.713667820069
-0.644606789858
-1.14698385726
-1.99833472107
0.903171602604
1.36257185438
-0.802534318902
0.573491928632
0.770547945205
-0.659153731661
0.341369746106
0.774027090948
-1.16872078198
1.07388316151
0.997830802603
-1.32705479452
0.0214086919289
0.863744331678
-0.0862998921251
-1.90476190476
0.832266325224
-0.149158320903
0.21353833013
-0.720797116812
0.489987217725
0.320581320795
0.192719486081
0.214592274678
2.57539071098
1.67860340197
0.359389038634
-0.934579439252
0.694600044813
3.7665659149
0.420266168573
-0.372179576646
0.915492957746
-0.210822206606
-1.86206896552
-1.47225368063
0.409370025017
-0.632768361582
0.113122171946
0.317748524739
0.869963369963
-0.501138952164
-0.902934537246
0.362483008609
-0.135746606335
0.363306085377
7.02308626974
-1.34260369216
-0.524683997138
-1.7572633552
0.946073793756
-1.74297002092
-0.0464576074332
0.116279069767
0.678997892765
1.11268939394
-0.891600187705
0.258762644084
1.72290021536
1.06408706167
-0.385449289328
1.69034786869
-0.366121552355
0.34288513348
0.245519273263
0.419132149901
0.445765230312
0.95
-0.0249937515621
0.679416205335
0.0503524672709
0.786602385181
-0.404346727319
0.405988327836
1.44144144144
-1.59574468085
-0.754147812971
0.454545454545
-0.602409638554
-0.648379052369
0.880503144654
-0.823353293413
-0.0498753117207
-1.01209577882
0.521091811414
2.154626109
1.127915919
0.128336755647
0.464156781846
0.388299249288
0.520426749935
1.02523659306
-1.4763014763
-1.42966556038
0.849639546859
0.830737279335
1.42180094787
0.396510705789
-0.131995776135
-1.22555410691
-0.441329179647
-0.387897595035
1.15092859011
0.605263157895
0.237404378792
0.211472376421
-2.0202020202
-0.4126902244
0.336438923395
-2.47349823322
-2.89215686275
-1.68674698795
0.314237370075
-1.5
0.743583593188
-0.0958543014618
-1.78865615439
-1.20902115787
-0.692680674209
0.487238979118
0.185960018596
2.23384030418
-0.425934690014
-0.564705882353
0.472813238771
-0.118063754427
1.09811410838
-0.875532418363
-0.447585394582
-1.0720111862
-0.556199304751
0.770667912191
-0.764774044032
0.0927858965437
-0.736817867833
1.59064327485
-1.31578947368
0.370713623726
0.139211136891
-0.873965041398
0.928505106778
0.209351011863
0.303313112459
0.0
-0.970425138632
0.231588698472
0.62922395712
0.964705882353
0.830367734282
0.476758045292
-1.98598130841
-0.209839123339
-0.279004882585
-0.0232450023245
-0.554785020804
0.557880055788
1.22352941176
-1.300510915
0.56048575432
0.187178287319
-0.419384902144
0.585891727209
0.282021151586
3.42732134176
2.2365805169
0.424257549289
0.300375469337
0.553737729675
-0.401103033342
0.936234817814
-0.0758533501896
0.738665308202
0.127518490181
-1.50715900528
-0.0502134069797
1.24555160142
0.485312899106
-0.860977462649
1.54281306248
-0.025706940874
0.0514403292181
-0.765696784073
-0.935524652339
-1.61691542289
-1.20422708282
1.34495641345
-2.04928031227
0.171065493646
-1.4450867052
0.024090580583
-0.360057609217
1.88310100269
0.788760167612
0.62003968254
0.674157303371
-0.472166998012
-0.911105639005
-1.0477582846
0.0975609756098
1.10974106042
-0.758688203622
0.739644970414
0.620193500372
-1.44254278729
-1.46952541556
-0.978053435115
-2.21600186611
0.539399624765
0.187969924812
-0.444444444444
-0.256649556696
-0.695088044486
0.442168955085
0.987074030552
-0.0234962406015
0.401037980656
-0.21186440678
-0.0705716302047
0.710732054016
-1.44758346953
-0.256171401956
-0.417439703154
-0.185185185185
1.17096018735
-0.628345357226
-0.139437601673
-0.185571793087
-0.438799076212
0.767977658832
-1.60293107396
-0.0457770656901
-1.51036970243
-0.560412463573
0.157162101482
1.31938125569
0.0227531285552
0.872159742942
-1.20181405896
-0.226244343891
-0.963477481515
-0.312709403618
-0.0223313979455
-0.819490586932
-0.703760721355
-0.372480280456
-0.153139356815
1.80400890869
1.60669834804
-0.763530204357
-0.335720680394
2.12571428571
1.69688516969
0.490539593553
1.01462954224
0.880742680314
-0.237473284256
-0.449172576832
-0.610902255639
0.972716488731
-0.893486950388
-0.769948670089
-1.01616628176
2.05043601226
0.616552051221
2.628376734
0.489117143556
0.565666502705
0.793257312841
0.900450225113
-0.621426795923
-1.71023698998
0.220372184133
1.41544574125
0.0745526838966
-4.05340963281
0.431034482759
-0.119588615164
-0.547098001903
2.83757338552
-0.0244558571778
-1.54105465928
-0.168269230769
-0.57361376673
0.649506855906
1.29142300195
1.233349778
-0.58852378617
0.0245278390974
1.21648460775
1.84576485461
-0.302495588606
-0.476668339187
0.251509054326
-1.43777887952
0.774419185611
0.0499875031242
-1.38033029332
-0.245881485124
1.01838052658
1.23208448579
-0.921773791729
1.21028744327
1.12187659357
-1.10943015633
-0.451807228916
0.50454086781
0.0252334090336
1.07115531752
0.0255102040816
-1.06007067138
1.40772971589
0.0512163892446
-2.30172629472
-1.06435643564
-0.0247463499134
0.198363501116
1.20451693852
0.276799194766
0.125976316453
0.608365019011
0.509554140127
-0.557385355967
-0.328282828283
-0.826446280992
-0.100075056292
-1.25988142292
0.0247096614776
0.822122571001
1.21028744327
-0.85
0.401606425703
-0.846192135391
-0.79012345679
-2.24475018103
-1.94082840237
-0.0236630383341
0.499405469679
-1.38367729831
0.94696969697
-0.189035916824
-1.60427807487
-0.462855820412
0.488372093023
-0.853124279456
1.23716153128
0.280898876405
-0.558659217877
-0.578569775515
-0.483648088439
-3.40378197998
-1.07834507042
1.02267674522
0.73908174692
-1.04166666667
0.0887311446318
-0.617283950617
0.91212458287
0.133660057919
-0.244444444444
0.0667111407605
-1.05610561056
-1.19565217391
0.810870041639
-0.218674830527
0.3951701427
-0.654307524537
0.109170305677
0.438596491228
0.197758734344
0.953859804791
-1.80788499238
0.327797202797
-1.48546824543
-1.69312169312
-0.105708245243
-0.379106992418
0.635862653667
-0.359028511088
-0.587864791098
0.782903089293
-1.27428452058
-0.333125130127
-1.21349238996
0.392318810655
0.895833333333
-0.414937759336
0.103842159917
2.59961645003
1.03336921421
-0.98060115114
-0.212720697724
0.793310463122
-0.871413390011
0.319829424307
-1.09658371995
0.466101694915
0.127280441239
-2.60330578512
-0.717948717949
0.0410424789657
-0.733346913832
-0.76814230847
1.00040832993
0.844142474779
-1.18006103764
-0.081317340923
0.326330817867
0.656949291727
-0.672920065253
0.698151950719
1.35275754422
-0.0416059912627
-0.640760644895
0.248653128885
-1.34914145544
-1.62879549568
-1.54424866363
-0.41403785489
0.634920634921
-0.865460267506
1.47704590818
0.865713710489
-1.21320604614
1.24848973017
0.955478755845
0.46977124183
1.1988424969
-2.38095238095
-2.01660735469
0.65671641791
0.299401197605
-1.00770598696
-0.784159968634
-0.254204145483
0.137066771098
-0.0587084148728
-0.448081044224
-0.888202355667
0.0386324125942
-1.33409567372
-0.304009120274
-0.716845878136
0.702887537994
-0.660501981506
-0.282273240497
3.58674463938
1.12359550562
-0.27521132298
1.55719704532
0.461291616526
-1.88902007084
0.753370340999
-0.747737111373
-0.625733281189
-0.756840675335
2.36392530791
0.659868026395
-0.832837596669
0.940752602082
-1.76956350767
-0.54751662104
-0.311890838207
-0.0973709834469
0.627082108564
-0.642523364486
3.11182493475
1.05498072631
-0.182260024301
-0.101153145863
0.754178556869
-1.66366005211
0.665859564165
0.486618004866
-0.724637681159
1.03721781574
1.04808877928
-1.4979757085
0.182518758872
-1.96819085487
0.902708124373
1.13613308988
1.08695652174
-1.05519480519
0.182964017077
-1.3437625351
-0.220132079248
0.786607503025
-0.221372509559
1.05755541997
-0.384927066451
-2.33478432924
-0.668238993711
-0.702576112412
-0.755374782103
0.135764158262
-0.0968804495253
1.97589409208
0.376834589449
-0.0792707094728
-0.864440078585
-1.16504854369
-0.789828549412
-0.897289041619
0.595352410217
0.0576479631053
-0.134331222414
1.4998052201
-0.233190827827
0.409756097561
-0.908739365816
-1.14678899083
-1.46892655367
-0.169204737733
1.81852986217
2.47155747352
1.21103831646
-1.48640719734
0.788488074118
1.23727798843
-1.59073055774
0.831683168317
-1.88459296678
-0.541062801932
-0.881057268722
0.0958588957055
-0.172248803828
-0.0956022944551
1.65208940719
1.6195931266
-1.07463853068
0.490869821323
0.177025963808
-1.85328185328
-0.633032802609
0.134460238187
0.173176832788
-0.153698366955
1.640304628
0.0586166471278
-0.621359223301
-0.0969932104753
-0.865384615385
-2.43902439024
-0.0937207122774
0.395182536696
0.98821740783
-1.20165227187
6.73346693387
1.44338280138
3.01570680628
1.98633062794
-0.488841657811
0.684784934731
-1.26769490809
0.40305473059
1.70442286947
-2.70780856423
0.506329113924
-4.10681772203
0.754178556869
0.967277217534
1.33472367049
1.67514843087
0.511508951407
-2.25
1.45846544071
-0.900712191035
-0.020942408377
-2.39165985282
-0.04086636698
-0.285248573757
0.511980339955
1.47547797174
-1.1909650924
0.536746490504
-0.635897435897
-0.510204081633
1.23966942149
-0.0413052457662
1.93684210526
0.444068513428
-0.588606264452
-0.188837599664
-0.480267279181
-0.312239800167
0.54416073671
-3.0831643002
-1.16279069767
-0.0400801603206
0.422620245522
0.161257810925
0.404776361061
-0.902527075812
-0.28
0.88781275222
-1.31421744325
0.44
1.2555690563
-0.503727584123
0.161453077699
1.12244897959
-0.970088924818
0.95898796164
0.430327868852
-0.529963310232
-0.627911687259
1.60526857378
0.579590146968
0.332294911734
2.73095796885
0.644191539618
-0.512710959197
-1.53554901136
-1.65494414564
-0.0620219144097
-1.30585594777
1.61725067385
-2.5853362957
3.27492699207
-0.0417014178482
0.566156426924
-1.42620917735
2.60869565217
-0.820361800589
1.60290660398
-0.0427259132664
1.54013015184
0.413853191026
1.19021379766
0.132421099095
1.07071157707
-0.377777777778
1.46561443067
-0.760796598792
1.70687300865
-1.45772594752
-3.14943527368
-0.108483402039
-0.130010834236
-1.51515151515
0.774193548387
-0.428265524625
-1.16402116402
0.127145581691
-1.04843782764
3.92242318588
0.0872410032715
-0.800519255733
3.33109769729
2.49770852429
1.06530801297
1.40911225928
-3.64335822584
-2.5578831312
0.265310634535
0.355003328156
1.50900900901
0.225733634312
0.476298480381
0.800182898948
-0.771324863884
1.61364684186
0.231053604436
1.23976608187
-4.53327378294
-1.10424028269
1.38826690551
-2.95523685354
1.99468085106
1.85101580135
3.5046728972
0.234192037471
0.376116596145
-6.21693121693
-0.19801980198
1.63237924866
-0.267618198037
-0.686600221484
1.32405745063
-1.37228862328
-1.67573449402
0.679228746713
2.30889934992
-0.290567724631
-0.973882248783
-0.572183098592
-1.06684084476
-2.52546689304
0.98585512216
0.951968844656
1.60474829633
-1.57940285591
-0.51657339647
1.97541703248
-0.870322019147
-1.9833653231
-0.866807610994
-0.651123713506
0.783234546994
1.76647996553
-0.556983718937
0.538444970924
-1.83932346723
1.78609855821
3.26666666667
1.78692603483
-5.06764011166
-0.0214684413912
-1.54301416191
0.702426564496
2.5092734017
-3.45481356646
4.39850450847
0.04400440044
-2.59322760394
-1.35306553911
1.00363015161
0.926724137931
-0.0861326442722
-0.684345594525
-2.07329842932
-2.23177723178
-0.488997555012
-0.848484848485
1.04102878138
-0.950262838657
0.856443719413
-1.20870265915
0.628420839246
1.08606557377
-0.265685673411
-4.24657534247
-0.214801796524
-1.55709342561
-0.44019138756
4.16666666667
0.360144057623
0.583618434293
-0.380914194066
1.42334282229
1.04787343333
-0.490697198937
-0.06129955047
-1.84516646611
0.321931589537
0.100704934542
2.28677379481
-1.60145955808
1.83732452519
-2.29931423961
1.16302795348
-1.14965711981
0.121163166397
-0.221640137014
0.262626262626
1.12359550562
1.61926510276
-0.536857319843
1.70096598068
1.31914893617
-1.32269577997
-0.355648535565
-0.229597161344
1.84948979592
0.857632933105
-0.277955954672
-2.01131363922
3.04404145078
0.238043713482
1.07174103237
-0.370451078666
-0.906931548262
-1.88559322034
0.1485253554
-0.0424178154825
1.13685113685
-1.64556962025
2.53082414017
1.67143171322
3.43494085532
-0.34005894355
3.01261092947
0.304520965097
-0.466309162975
0.586303939962
2.37695078031
-0.358851674641
0.674373795761
-0.88326569587
2.37047898338
-1.4213442544
0.0964552688691
1.19570522206
-0.437317784257
-2.30239734156
-4.09742772593
-0.610859728507
0.340522133939
-2.56580402566
0.422034651266
1.92438306543
0.821730198585
2.14502214969
-1.53810835629
-1.60379489496
1.04998858708
1.15446779035
2.72770398482
-4.02913726383
-0.181776868893
1.49907749077
-4.30368572059
-2.30702889176
1.28849093689
1.43996455472
-0.221043324492
-1.00656455142
2.14573088958
1.15306353154
0.477055883689
-0.317028985507
-1.40656396517
2.54120879121
-0.478468899522
-1.0148849797
-2.05434062293
1.86768676868
-1.92010593688
0.666518551433
2.29545454545
-0.564971751412
-2.23155103844
2.05186020293
-0.0225428313796
-2.37676056338
-2.04785514119
3.68797496647
-3.30667819321
1.24726477024
-0.522420548542
-4.37135720233
5.83829037233
1.56634593869
2.17192501143
2.65195963389
1.47654203382
6.43852978454
-2.10918114144
-0.42006424512
4.33101314772
-0.0257731958763
3.57714895889
3.76731301939
-0.0553709856035
6.99052132701
1.07784431138
-10.2874026323
2.87372202266
12.3913043478
-4.87444608567
0.236896653835
-6.63533314902
8.68389423077
5.65079365079
0.0317561130518
7.36447323559
5.5035971223
-9.53465668728
-2.50634517766
-1.62297128589
0.0
0.0312207305651
-3.61119470358
7.67984445885
6.37711134092
-4.76034143139
1.19601328904
4.65924895688
5.69643513414
-7.10139979515
6.78089682829
1.74332344214
0.148588410104
10.9645507007
10.5239179954
-4.68953538862
-5.18731988473
0.663075010361
-2.03004466098
-1.71588188348
12.7812781278
-5.84745762712
-0.0423549343498
-0.337695230055
-1.78275290216
-8.42824601367
-0.151630022745
-0.640301318267
2.35158057055
-2.51785043217
1.68131448223
-5.14679231606
1.77056436739
5.44535200311
0.4296875
2.44097639056
2.0
-1.05008077544
-0.880704563651
2.00081665986
-2.46913580247
-0.750988142292
-3.36134453782
-0.569692366122
-4.773960217
7.75526110678
-1.26971912274
2.28256591893
1.92539109507
-1.1106703689
5.56951423786
-3.12373225152
-1.28153784541
7.07547169811
-4.7385620915
2.34113712375
-0.993377483444
4.22778257118
-0.386764073915
-5.82760016188
3.91084945332
3.57142857143
1.36865342163
-2.99785867238
0.300687285223
-2.14375788146
-3.1746031746
-1.08695652174
4.94296577947
2.33463035019
0.960279353994
2.27678571429
5.61056105611
0.331125827815
1.24521072797
2.45338567223
7.77366472766
-4.05885337392
2.49609984399
1.74603174603
0.746268656716
7.56880733945
-0.626780626781
-3.62438220758
7.30701237478
0.592768227623
4.5229244114
-9.93303571429
-2.34332425068
-3.72507869885
-2.20625962032
-3.8005923001
-1.55490767736
-4.36802973978
0.046490004649
4.1142303969
-7.47872816838
-1.88927943761
-0.437445319335
-2.6405451448
3.43612334802
3.51117191062
-1.79131213614
-4.73549488055
-7.09472849782
-2.84944166346
2.08333333333
4.60526315789
-2.4077046549
-5.89123867069
-1.23088399851
0.600375234522
-2.73722627737
-3.31686661962
-0.281491907108
6.28272251309
-4.70420527441
1.15356885364
1.01966496723
-4.58651841557
4.65454545455
-0.0363504180298
-1.82012847966
0.430107526882
0.10764262648
-5.20408163265
1.13519091847
1.07788595271
3.0455034038
-1.65609584214
2.71444082519
-1.7075773746
5.55764175742
-1.26065999258
0.148533234311
-4.57122608079
-0.423429781228
0.496453900709
3.2967032967
-1.69247389269
-1.90745319675
2.72133526851
-0.82763584023
-2.38847910081
-4.78260869565
-0.499168053245
4.01523018345
0.626959247649
6.33333333333
3.01411674933
-2.6735982176
0.597683974598
-1.25414976024
0.407407407407
4.69174098488
2.34126984127
1.61290322581
-1.47000397298
0.800961153384
3.60995850622
-1.22950819672
-1.73177607733
-1.81890075129
-0.354609929078
-2.42214532872
1.52224824356
-0.697674418605
4.11622276029
-2.17133833399
5.36605657238
-0.578990901572
-1.30612244898
-0.446972775295
-2.57323832146
-1.13502935421
-5.30022238695
-1.67638483965
-0.471527022125
-2.68266854924
0.0353107344633
-0.526870389884
-5.57213930348
0.366178428762
-1.05401844532
0.863787375415
1.89573459716
-4.12203829925
-0.387972841901
-3.0407523511
-0.746733042937
0.187032418953
-1.17067159581
-1.12701797137
1.38974675726
-1.8192844148
1.5081563558
-2.22690340054
2.68850432633
4.18544752093
-0.861793807852
-1.75603637504
-0.156543519098
-2.35402017732
1.17537890504
-0.216049382716
0.0617665225448
0.154655119084
-0.706388206388
1.97306608205
2.83413848631
-0.032195750161
-1.80208662662
-0.252286345002
-0.377002827521
1.4987244898
-2.27485197881
0.880226343917
-1.45600991326
-2.62443438914
-2.21238938053
0.623330365094
-0.148192056906
-0.118413262285
0.237388724036
1.72049501962
2.66501394484
1.66981726528
-2.87637698898
0.492004920049
1.18232731798
5.03267973856
0.196463654224
-2.61479591837
-1.6619629978
0.346129641284
-2.51533742331
-1.062215478
-0.332728372656
-0.839832033593
-3.53009259259
-0.0289268151576
1.37829912023
-1.50202195263
2.2143489814
1.28588516746
-1.79148311307
2.46764971411
2.49845774213
-0.795593635251
1.83857899657
-2.66909311495
3.61407919547
-1.3944840409
-0.860215053763
1.11835973905
-3.56500898742
0.0
-3.55388616007
2.51777251185
-1.02609205512
0.708591674048
-1.28242494899
-1.80309101317
-0.99178237461
0.113475177305
1.87861271676
0.260793972762
-0.719217491369
0.259590423998
-1.36557610242
2.18023255814
-0.520532099479
-1.48148148148
-0.791407574901
1.57909847832
7.69944341373
-0.185185185185
2.43439772368
0.126622348845
-1.00282043247
-0.992863791499
-1.4373088685
1.58434296365
-1.4390691978
2.03061543268
0.439284593662
-0.870917573872
-1.68195718654
-1.0889292196
-1.07719928187
-0.830860534125
-0.531286894923
-0.499265785609
1.1286011286
-1.72212492703
0.972590627763
-0.323149236193
-1.01773771445
1.32586918091
-0.934033858727
0.764705882353
-0.874635568513
0.616016427105
0.235224933843
-2.38231917336
0.926998841251
4.13273001508
2.0
-0.975015234613
0.0609756097561
-0.182592818016
1.67079207921
-0.889297761423
-3.11942959002
0.0892060660125
0.418035234398
2.9827798278
-0.6416131989
1.67753960857
-2.09854014599
1.54416306362
-0.522273425499
0.836431226766
-1.4050091631
-1.1771808029
-1.45746579417
-1.20481927711
0.147145379635
0.890736342043
-0.88287227781
1.3723150358
-0.593119810202
-0.910960916838
0.0
-0.67133683596
-0.868055555556
-1.17243351444
-1.13090189426
0.340425531915
0.142045454545
-0.4243281471
-0.394477317554
0.0281848928974
-1.27991096272
-1.50726226363
-1.56460749933
0.569723277265
-2.46096851019
-1.35734795093
-1.18648439515
2.48480042294
0.371451313346
-0.0795334040297
-0.158814187401
1.45005370569
-1.76734370878
-1.32743362832
-1.00489564545
0.05155968033
-0.894225855902
-0.127583567237
0.745501285347
0.751100751101
-0.66889632107
-1.16959064327
1.73305742369
-1.80340360681
0.536261491318
0.230355771692
-1.01342791994
-1.8647439085
-1.78266178266
3.93401015228
-0.152052711607
-2.7360118314
1.83232931727
-0.697906281157
3.9378238342
1.92764721415
3.2161351867
1.26966602263
-5.25627615063
0.367454068241
-2.95466123281
1.73620108836
2.49667994688
0.0
1.53721682848
0.706137968495
3.10837300476
-1.08033240997
1.97740112994
-0.225479143179
1.14025085519
-4.6480021745
1.71412773016
2.63904653802
-2.62503453993
1.14589155953
3.98140075559
0.938691698445
-3.94477317554
-0.252951096121
-3.81184103812
-1.64849773996
2.03472599023
-2.6413100898
0.264830508475
-0.10582010582
-1.4598540146
0.130514226051
2.29639519359
0.509930220075
2.02628696605
-0.38188761593
1.18686171681
2.80930760499
1.87915582538
0.289939112786
1.26247798004
0.0293685756241
-3.40425531915
-2.86580325158
-1.65311653117
1.04052573932
-2.11739480032
0.593151792936
-0.215227333871
3.30739299611
-0.194174757282
-2.06465634338
0.683807439825
-3.100980652
-1.59102764737
-1.6670941267
-3.44229816741
0.273156195679
-0.592446309553
-0.393410376199
-2.28255646324
0.458604875694
-2.31077576043
-0.164783427495
0.830761927368
-0.660221645838
0.569124970358
4.12345679012
-0.662251655629
1.11607142857
-0.173310225303
-2.48672139063
0.0
2.0448386302
0.619732275657
-0.0743126083725
1.97019449356
-0.302190883908
0.557103064067
-3.70641306998
1.71130952381
-1.10375275938
-2.92857142857
-0.213827512473
-0.988002822865
1.21428571429
-0.920028308563
0.49786628734
-0.26010877276
-1.19158878505
0.304663698149
-0.605637083625
-1.03734439834
-1.29692832765
-1.47948890383
-0.490742806157
0.470640968176
0.4502476362
-2.54497586661
0.618101545254
-0.810159842347
2.56007186167
-0.201703272075
-0.512820512821
0.96803241783
-2.94953026
-0.218007412252
-0.778715120052
-0.921560222889
1.23671078325
-0.432058759991
-1.25853242321
0.838890083889
-0.385686736662
-0.933984292082
2.45759025663
-2.33644859813
-0.106089539571
0.640614990391
-1.82389937107
1.0165184244
0.553662691652
-0.148841165214
-0.528764805415
0.810234541578
-1.09658371995
0.764980875478
-2.68817204301
0.373599003736
-0.392805457928
1.59630329763
0.890019071837
0.0
1.44024075666
0.453465774131
1.37915936953
0.0438020148927
-1.86976144423
-1.2101910828
0.641025641026
1.62866449511
-2.14619634509
1.6195206219
-1.30008525149
-0.148967865503
-2.81282316443
-0.575776269792
-1.23883021933
0.633558144288
-0.0612745098039
0.163666121113
1.15894039735
-0.617030028795
0.123558484349
-1.16018725829
-0.223395613323
-0.424671385238
-0.822302446851
0.281576830249
-0.500300180108
0.341365461847
0.0602772754671
0.282087447109
-0.381372942593
-0.399840063974
0.664117528678
-0.380914194066
-0.299820107935
0.280617358188
-0.657108721625
0.480192076831
0.442122186495
1.48888435652
0.122523994282
-0.264765784114
-0.587163393399
-0.823293172691
0.201207243461
1.67757774141
1.57938487116
-0.47569803516
-1.10452035181
-0.305872756933
-2.54372019078
0.0994629003382
-0.0397693378405
-0.76953433307
-1.89701897019
-0.366441658631
-0.154053533603
-1.1422044546
-1.50009375586
-0.707503258239
-0.222924020063
-0.92030185901
-0.458043239282
0.1100513573
0.757715764184
-1.02432778489
-1.65497391617
-0.69667738478
2.94225818316
1.24743995532
1.26319758673
-1.90493804328
-1.45799161655
3.10033821871
0.301545420279
-2.73143904675
1.26229812512
1.14532482163
-1.84297825286
1.02401787377
2.12968244913
-0.586011342155
-0.226329686911
1.18320610687
1.68833689113
-1.52875979362
-1.24551802227
-1.56046814044
0.298118129309
0.392817059484
-0.409836065574
-0.776340110906
0.31522343779
-1.20901263968
-1.40870507495
0.727669637984
-0.398622938938
-0.719553876597
-0.838387442026
0.071403070332
0.809789454742
0.306859205776
1.00273473108
2.04651162791
-0.130063173541
-0.535945296618
-1.42102386591
2.02602230483
-1.5913663801
-1.26422250316
-0.965837953854
1.43323657475
0.108972030512
-1.00683207479
-1.99118942731
-0.0704349357281
1.06780565937
1.29799891833
1.76114474408
1.18804529423
-1.39117700897
-1.40768814293
-0.858829844337
3.27050997783
0.426795323808
1.8522018522
-0.0188964474679
1.18546845124
-1.85775942954
-0.262025079543
1.30830489192
2.20930232558
0.682926829268
-1.74463190184
0.365595535886
-1.12252663623
-1.38836772983
3.35466356409
0.78170803205
1.74985086498
0.882647943831
-0.874925432492
1.10574989948
-1.42687277051
1.36601044596
0.565656565657
-1.5708888447
1.51392813888
0.405350628293
-0.463990316724
-1.62730700536
-2.57153905646
0.779423226812
0.0
-1.23171670516
0.405797101449
-1.7280668439
-1.23780945236
-1.3506012951
-0.771066642188
0.0367309458218
-1.35869565217
-1.14613180516
0.757849151931
1.13138686131
0.846521899153
-0.47619047619
1.44927536232
-0.499168053245
1.15952870769
-1.16451016636
-0.294876520457
-1.00346652071
-0.0729261622607
1.38632162662
0.763643136524
2.69701606733
-0.038240917782
1.71139634384
-0.252182347236
2.997002997
-0.891089108911
6.90093141406
-0.0634651999154
7.2855197458
-5.67330336116
4.19362034352
-4.53577512777
-0.844594594595
-0.754400670578
1.77010023459
0.342392467366
5.24774774775
1.39301210322
-0.0684618895482
-3.5226772347
-1.49642160052
1.42982842059
-1.3668908657
-2.96842105263
-1.49315636665
-0.103584006629
0.941028858218
2.26689478186
1.34373645427
-2.74030354132
2.24137931034
2.49613430528
2.23577235772
-0.850873264666
-1.88927943761
-2.06540447504
-1.35823429542
1.59551530832
0.913838120104
3.0262273033
7.10684273709
2.94117647059
-2.59990370727
-1.70373876006
3.35045243336
-1.11245465538
3.45258944208
3.84515458561
-4.32513049963
-2.3780635768
-1.55279503106
-0.0954653937947
-2.9418577716
-0.575771533855
-1.2733060482
0.479780671693
-2.92747837658
2.99223389676
-2.66785237884
2.69406392694
-0.747790618627
-2.25913621262
-2.03948795834
2.55896751224
-2.51626898048
-5.39708598399
-1.27633711507
2.68358643645
2.53839590444
-1.986201129
-2.08802456499
0.308008213552
-0.591957542356
-1.64625577193
4.66484555579
0.168385603031
-2.08161582852
0.559585492228
-0.103519668737
2.54777070064
2.23572823964
-0.732600732601
2.04485488127
0.176211453744
2.9945553539
0.501595987232
-2.55498778049
-0.155279503106
-5.53227158424
0.909283146543
0.574223734581
-2.0008336807
0.0834376303713
-0.291181364393
3.35339638865
3.28596802842
2.57344568435
0.965739250402
0.624710782045
-1.09839816934
-0.636653024102
1.71137835338
-3.93245945345
-0.37627268703
-0.855826201448
-1.29954515919
-0.129785853342
1.69379674439
-0.850599781897
0.152905198777
-1.56955493442
-1.08464483199
0.6852248394
1.4335360556
-0.839974154641
-1.50615188799
-0.338266384778
-1.6632016632
-0.619834710744
-0.288421920066
-1.84024266936
0.101214574899
-0.0404694455686
0.141843971631
-0.121432908318
-2.33247677407
-0.68708284256
0.433753943218
-0.490484598784
0.157201807821
-1.29945694337
0.311284046693
-1.17285137474
0.444186944766
0.329393528386
-0.0774443368829
-0.787552823665
1.77908113392
1.08695652174
1.89287152638
0.404367165386
-2.11755392836
-1.84537684538
-0.232558139535
0.624024960998
-0.29165856504
0.862914296921
-0.41015625
-0.369721735746
1.06194690265
-0.93512565751
-0.233236151604
1.10041265475
1.71896861883
-0.398168425244
-1.66405638215
-0.815533980583
0.5859375
-2.80941533789
0.0379794910748
-1.68035847647
0.337204945673
0.244131455399
1.02447353443
0.190077931952
0.746840291076
-0.779023370701
-1.16431924883
-0.131282820705
0.698772426818
0.379146919431
-0.283553875236
-0.917774864207
0.168855534709
1.27303819115
-0.132827324478
1.44369586141
1.76297747307
-0.777453838678
-1.83171150544
0.749711649366
-1.3277693475
-1.2734082397
0.244039797259
1.25451435088
-0.0190041809198
1.54380548051
-1.63249810175
-2.08178438662
0.111648678824
0.0372300819062
0.486344930789
-0.465462669894
0.0745295323272
0.769808486669
0.699565135186
0.28441410694
0.113895216401
1.13265502016
0.134563629373
0.87260034904
1.435877262
1.37587238285
0.601805416249
2.06797706798
1.81363352095
-1.84162062615
0.596953478798
-0.307818592243
0.143855322647
0.537190082645
-1.56599552573
1.52797852571
0.352258599254
2.22410506249
0.404083368779
-0.675961132235
-2.65268352869
-0.815827044667
-0.949494949495
1.72626387176
-2.46542393265
1.58827122786
-0.887991927346
-1.37340764331
-0.158982511924
-1.44927536232
0.0391849529781
3.02785627776
-0.84067253803
1.35930208967
0.942043825517
-1.59209995969
-0.140873415174
-1.74016215147
2.30629172567
-0.322645694697
-0.0403144527313
1.45194274029
3.01242890246
-0.377754459601
1.08188375053
0.618996798292
-1.63762334663
0.126129913811
-1.61323681489
-1.16516762061
-0.569105691057
0.675260896255
0.328474645863
2.03183912861
-0.872093023256
-1.25076891532
-1.89096761215
0.0805315079525
-0.0603621730382
-0.48057669203
1.87678498572
-0.909642207398
-1.37559808612
-0.397140587768
0.119284294235
-0.474871388999
-1.05716523101
1.69221580729
0.17949740726
-0.278440731901
-0.553797468354
-0.177690029615
0.178006329114
0.31746031746
-0.76786769049
1.09474522293
-0.218470705065
0.800800800801
0.301204819277
-0.280336403684
0.726099233562
-0.341708542714
1.88408765103
0.10250102501
-2.14643931795
-1.4042721519
-0.138257949832
-0.822722820764
1.6324905435
-1.76021904948
-2.1248085758
1.06403559683
0.81919251024
-0.678031770632
-0.481974166185
0.135135135135
1.19163899199
1.4667988107
-0.0990099009901
-0.668764752164
1.13387706386
-0.178713264496
1.73737373737
0.121359223301
-0.623115577889
-1.19165839126
0.179068842021
1.53535353535
0.773615635179
0.69700697007
0.184842883549
-0.652927973883
-1.46763168476
-0.220661985958
-1.13050376835
2.18889339278
-0.844051446945
9.96685082873
0.757069694945
-0.575603276511
-0.0221336874723
1.48247978437
-1.06666666667
1.92525481314
-0.406045567336
-0.493827160494
1.64271047228
1.31761442441
-0.184586986617
0.486900069557
0.512701002097
1.53809749172
0.380047505938
0.357568533969
-2.28278593058
0.303738317757
0.895803866101
-1.62337662338
-0.530565167243
-0.207182320442
0.462534690102
-0.689021589343
0.927213722763
1.76928520878
-0.21186440678
-0.328484279681
-0.583158385818
-0.717924965262
-0.0925497454882
-1.07576104372
-1.3769751693
0.727603456116
-0.2494896802
-1.20994846516
-0.579193584317
0.0891861761427
-1.05890138981
0.890273759181
0.200713648528
-0.554446662231
0.0443754160195
0.80518899575
-0.600266785238
-1.94026596904
1.28063590197
-0.962169254319
-0.152838427948
-0.542888165038
-0.839793281654
0.519480519481
0.108342361863
-0.259347309272
0.0432432432433
0.609092886665
-0.841242450388
-1.34071078953
-1.7356754496
0.673684210526
-1.18577075099
-0.537968135733
0.373831775701
0.396163469558
0.692840646651
0.379346680717
-1.10462692789
1.13827993255
-0.336134453782
0.337268128162
0.317191795306
-0.442105263158
-0.544388609715
-0.45852438516
0.84068936528
0.741054414567
0.617809970175
-0.508690122933
1.3751611517
0.0429922613929
-1.52413209145
1.74456170579
-1.14967000213
-1.13660282046
-0.814196242171
-0.395092534831
-0.455392258332
-0.760065735415
-0.123102174805
0.12325390304
-0.956256358087
-0.364889519562
-0.76443371555
0.241984271022
-0.661057692308
0.0400801603206
0.382216857775
0.12084592145
-0.381219903692
0.97244732577
0.182666937284
0.325799226227
0.285889319992
0.163632644713
-0.549227013832
0.306059987758
-0.0407913522333
0.491904078705
-0.509787928222
0.718833436024
-0.225409836066
-0.873451147674
-1.02533172497
-1.09365679061
0.943396226415
2.13202132021
-1.65322580645
0.915564598169
1.15250051451
-1.21976011384
-2.4201547312
-3.9626595542
-0.492890995261
-1.0133233252
0.737240075614
-2.21811460259
-0.752155567786
2.13603147836
-0.261633339563
-0.797182054134
0.0927815921321
-1.39066788655
-0.091407678245
-1.22788010112
-0.144248106744
1.854912764
-1.28716461204
-0.702070207021
0.108127590557
-0.715691536948
-0.0715179688897
-0.798155374246
1.45762101854
0.397470641373
0.0
-0.966183574879
-0.232059978579
-0.497335701599
0.914142319412
-0.605736682701
0.609428212941
2.16077641458
-0.328527103486
-1.17243867244
-0.14409221902
1.22151321787
1.14327862807
0.649591685226
2.27790432802
-1.89944134078
-0.592373195113
1.02861417617
1.67332192432
-0.604800604801
0.474743638435
-0.416036308623
-1.21427237063
-0.0746686578309
2.0380952381
-0.417298937785
0.342596117244
0.267175572519
-1.1320754717
-1.41369047619
-0.278241513634
-0.0185459940653
-1.1367803447
0.238926667892
-0.402709134175
0.459727841118
-5.01310043668
-0.382808421785
0.577528876444
-0.0524750743397
0.0875350140056
-0.453119553852
-0.364646640042
-0.121401318071
0.208550573514
-0.242718446602
-0.0173340266944
-1.3002566296
-2.45327102804
0.553784191979
0.658783783784
-0.671140939597
-0.267737617135
0.0334784064278
-0.233800935204
0.284709428906
0.572679804615
1.07252298264
0.789293067948
1.30366765166
0.0
0.664916885389
-0.695047784535
-0.604490500864
0.573215216258
1.4449339207
-0.0704349357281
0.229438757501
0.0706464146945
0.407873736478
-1.46776166346
-0.659607706995
0.875503414463
-0.678260869565
-0.930392832529
-1.34285228625
1.32621426111
-1.39266304348
-1.37353433836
0.134183160013
-1.35671740569
0.182330515498
1.53147088522
0.0168321831342
0.151719487525
0.0
-0.319274071585
0.847314014574
0.768442622951
-0.221502811382
-0.508560773012
2.12950138504
-1.51747655584
0.929272070212
1.82232346241
0.228310502283
-2.31600617602
0.621439668566
-0.736806031528
0.378396972824
-1.55773789367
-0.972501676727
0.0335457900034
0.269088462832
-1.17999002825
-0.0830288940551
-1.889866406
-0.840064620355
0.552306692658
0.130123617437
0.753851196329
-0.294117647059
0.180062203307
1.29331785774
0.016583747927
-0.773407931545
-0.13147082991
-1.85483870968
-0.144950877758
0.0644641418211
1.82146373482
-1.37562712413
-0.515214941233
0.664505672609
0.34151894617
1.15150518177
-1.31493506494
-0.162074554295
0.194868463787
0.424005218526
-0.357491062723
0.260671228413
-0.583090379009
2.04958677686
0.39827414537
0.249542505407
-2.00521682426
-0.0814464896563
-0.0813802083333
1.90744733787
0.567139282736
-0.481407702523
-0.986193293886
-0.555737169009
-1.62405531436
-0.829213841493
0.255795363709
-0.302837105515
-1.70766097446
-0.653696498054
0.0
-0.61871616396
-0.492535016161
1.97771150526
-0.10975227344
1.30241423126
1.01074923793
-1.26722635831
-1.26681263685
0.629524708845
1.40440472391
-1.40047206924
-0.28244155029
-0.406313486482
-0.0468603561387
0.455044719912
1.12662646779
2.05668016194
2.96815074204
-0.448207171315
1.12472721168
-1.87777960797
-1.34871628209
0.868710047533
1.70028338056
-2.6294432722
-0.468497576737
-1.68360864041
-0.772261623325
0.0
-1.30657956136
1.22815304676
-0.734604563926
-0.806201550388
-0.324524802967
0.700280112045
-1.66794185157
0.739941421304
0.449055435119
-0.523721503389
-0.900625858648
-0.742424242424
-0.930651456019
1.10790711792
-2.03687184062
0.029744199881
-0.385185185185
0.386674598453
-0.163325909428
2.02999545523
-0.632244467861
1.09572363415
-0.0912270031929
-0.918951491413
-0.62874251497
1.10488875435
-0.765995794533
-0.597193191998
0.736952925252
-1.10069909267
1.08254397835
-0.0901306894998
-0.0750525367758
-0.715350223547
-0.974025974026
-0.528479154433
0.161740920453
0.994950994951
0.868783702816
-0.0449169037281
-1.08116113744
1.57965999699
0.574973520956
-0.750863493017
-0.463378176383
-1.21086828116
1.1048074052
-0.0745934656124
-0.475129918337
0.01485001485
0.342720905975
0.675067506751
-0.164744645799
-0.610300684728
-0.207961972668
0.838825644098
-0.134629768138
-0.801305831726
0.297663342759
-1.26377663483
-0.0734214390602
0.472115668339
-0.601261181991
0.73866154528
-0.0443000590667
1.33173724375
-0.283497463444
-0.0149186931225
0.509821562453
-0.788455816721
-0.429565990224
-0.86637298091
-0.0880281690141
-0.365443648589
-0.81194722343
-0.490549704227
0.0721917412648
0.566284303761
-0.649163300635
-0.0288433804442
-0.473661547294
0.345671899755
-0.0575788109975
0.724952878063
1.30728554642
-0.322108345534
0.278960505065
0.472046024487
-0.147297098247
0.727002967359
-1.50518778314
0.661959399823
0.950400950401
-0.707755824241
0.177252584934
3.45354523227
0.0
0.0458645467054
0.0764993880049
-0.668693009119
0.243753808653
0.474514005817
0.445879458795
0.153988296889
0.0770534751117
-0.184586986617
0.665840817591
-0.691988313086
0.215749730313
-1.00686498856
0.0152578577968
0.908391070054
-0.642496558054
0.260736196319
0.41583243493
-0.597060624617
-1.32930513595
1.23872151705
1.67936557301
0.155738981467
-0.649853009438
0.937060752772
-1.14250424579
0.574534161491
-0.984009840098
0.0153775180686
-0.702397312567
0.583627706957
-0.138036809816
-0.0766283524904
-0.941247912555
-0.633579725449
0.105708245243
-0.120663650075
0.668083814151
-0.438397581255
-0.0151148730351
0.348854846049
-0.332577475435
0.0605052185751
0.425337991797
0.015192950471
-0.151699029126
-0.121212121212
0.979192166463
0.137888769726
0.0920104278485
0.122831260556
0.540290213029
-0.796324655436
-0.805104055902
-4.93862815884
-2.73876404494
-0.0701754385965
-0.335711288292
0.633445945946
-2.45777838803
1.44866973116
-0.979310344828
0.624566273421
0.404124860647
1.81611804767
0.355973230813
-0.580407701019
0.684150513113
1.68115942029
0.700525394046
1.79765265191
1.15719867749
1.26312585603
-0.258044930176
-0.827939184104
0.301977955609
-1.119737235
-1.22400825837
-1.46759662889
0.247632920612
0.0874763084998
-0.594202898551
1.64997053624
-0.103016924209
1.72155688623
-1.27106118829
-2.15473608098
0.391986062718
0.540067143483
-1.86219739292
-0.442099258414
-0.41187331345
-0.4524247137
-0.112978392882
0.468217934166
-0.099220411056
-0.353107344633
0.46828437633
-0.969645868465
-0.126315789474
-0.251994960101
