82.56
82.50
83.06
85.31
89.00
87.69
86.94
85.88
86.12
85.56
86.94
87.75
86.81
87.81
87.94
87.62
86.50
83.56
81.88
80.75
82.50
82.44
80.62
78.38
78.44
78.31
74.94
74.88
72.19
73.62
74.44
77.31
76.56
75.81
74.25
72.81
71.38
69.94
70.88
73.44
72.62
74.94
73.56
73.69
74.50
79.75
79.75
79.44
79.75
79.31
80.88
81.69
82.31
81.69
83.00
82.44
82.25
84.75
82.44
83.25
84.69
89.06
91.88
91.50
89.38
87.38
87.31
86.31
85.12
86.56
88.44
86.94
85.44
82.31
82.31
83.94
83.12
84.94
84.06
85.44
86.31
85.12
85.50
87.12
87.31
87.56
88.06
90.75
88.88
89.44
90.88
92.62
93.44
92.06
90.06
90.38
90.69
93.31
91.56
92.75
91.44
91.12
90.56
91.56
89.44
88.81
90.25
90.44
91.69
91.81
91.50
92.75
91.44
92.06
92.00
92.62
90.44
89.69
89.50
89.38
89.44
88.69
88.25
87.06
86.50
84.56
84.88
82.06
82.81
83.75
84.00
84.12
85.67
83.25
82.69
82.62
80.94
81.62
80.00
78.50
77.31
76.88
77.31
77.94
80.25
78.69
78.50
79.38
78.88
77.62
79.62
79.69
81.06
82.62
83.12
83.25
83.50
83.62
85.12
85.69
85.50
86.25
87.19
85.88
85.69
85.88
85.94
84.94
84.38
84.69
85.44
86.56
88.19
86.25
86.69
87.94
88.12
87.31
87.75
90.00
88.06
86.69
84.62
83.69
81.56
83.06
82.81
84.00
84.69
85.88
86.44
84.50
83.44
83.81
84.81
85.69
86.06
86.56
84.00
78.50
80.75
81.75
81.50
82.25
81.88
82.00
81.00
81.81
80.00
79.38
80.56
82.56
80.50
80.31
80.56
81.50
82.50
82.75
83.44
82.62
83.19
83.56
83.06
82.75
83.62
83.38
84.31
84.00
84.00
85.06
82.06
80.50
81.81
82.25
81.69
80.06
80.56
79.38
80.56
81.56
81.56
78.56
78.25
78.69
80.56
78.19
78.19
78.44
81.00
82.19
83.81
84.44
84.94
81.88
80.06
80.56
81.06
79.62
79.69
80.50
79.62
79.50
79.38
79.31
78.44
78.69
78.75
79.00
80.12
82.00
80.91
81.00
81.90
81.56
82.01
82.55
82.61
83.06
83.13
85.10
84.75
84.75
85.34
84.70
85.55
86.07
85.71
85.94
84.14
83.60
84.59
85.31
85.66
86.60
88.75
90.05
90.82
90.89
92.09
91.83
90.10
88.85
87.63
87.18
88.00
88.81
88.81
85.35
85.80
86.42
86.95
85.75
85.33
86.75
86.12
84.59
86.00
88.07
87.81
89.75
91.90
90.18
90.13
91.70
92.27
91.32
91.69
92.35
93.70
93.57
93.77
95.60
96.80
96.20
95.38
91.70
90.67
91.75
92.67
92.75
94.04
94.56
93.60
93.90
94.25
94.56
94.58
96.04
96.25
95.07
94.06
93.60
94.10
95.55
94.95
95.00
95.70
96.95
97.32
95.91
95.84
95.70
96.75
97.00
97.02
95.58
95.01
95.60
94.96
94.43
92.35
92.59
94.12
94.05
91.30
87.94
88.40
89.45
89.87
90.39
90.10
89.26
88.75
87.06
87.05
88.48
87.19
86.37
85.10
86.53
87.30
87.00
84.75
86.25
88.45
89.07
90.30
90.97
90.72
90.64
89.75
90.22
90.64
89.99
89.40
91.20
91.55
91.60
92.12
92.20
91.75
90.95
90.40
91.03
91.85
92.03
92.10
91.10
91.60
89.96
90.19
91.10
90.80
91.05
91.35
91.55
90.21
87.62
82.90
83.21
81.00
80.57
79.01
78.60
78.76
82.65
82.08
82.25
84.00
85.42
86.85
87.77
88.25
90.89
91.96
90.15
87.60
87.30
88.52
85.68
84.80
86.02
86.12
85.50
85.25
87.33
88.25
87.40
88.06
88.07
87.45
87.10
85.86
85.90
86.95
88.45
88.00
87.65
86.30
82.50
82.70
82.00
84.30
85.45
84.25
84.10
84.35
84.55
84.38
84.52
84.36
85.58
87.15
85.63
85.42
85.90
85.03
85.02
83.78
83.80
83.58
85.25
85.97
87.10
87.90
88.51
88.95
89.03
89.84
89.33
87.91
88.95
89.29
89.30
88.50
88.50
88.20
87.25
86.71
88.00
87.45
87.00
86.80
86.11
87.11
87.77
88.25
88.48
84.65
81.10
82.96
83.40
83.80
82.11
82.30
81.75
81.37
80.80
82.30
81.55
82.09
82.15
81.11
80.80
82.00
82.15
83.01
83.76
83.90
84.28
84.20
84.91
85.50
85.70
87.25
87.51
88.40
88.90
89.16
89.24
89.55
89.70
90.66
89.70
89.50
89.00
88.40
88.65
89.58
90.00
89.70
89.71
89.47
87.29
86.75
87.41
86.76
86.90
86.45
83.55
85.24
85.72
86.13
86.24
86.50
86.12
85.16
84.97
85.30
84.00
84.70
86.69
86.45
87.12
89.04
86.95
86.89
86.84
87.75
87.77
87.08
89.69
88.05
88.20
88.29
88.05
87.83
87.35
88.11
88.23
87.90
87.42
86.50
87.10
86.51
85.92
85.70
85.58
85.86
85.85
85.97
86.04
86.31
85.55
86.75
87.85
86.60
87.30
86.25
86.80
85.80
85.00
86.05
87.60
87.76
87.20
86.15
86.50
86.77
86.35
84.25
82.50
81.69
77.11
78.21
79.75
78.53
73.00
69.00
66.77
65.64
68.35
68.84
71.51
71.53
71.80
69.95
69.87
67.60
68.86
70.15
72.42
72.95
73.71
74.38
75.01
77.00
76.45
75.96
74.03
74.85
76.77
77.46
77.50
77.95
76.11
75.27
75.30
72.15
70.20
71.92
73.59
73.59
74.20
74.10
72.80
71.76
72.60
70.90
70.30
69.82
70.01
68.98
68.52
68.30
71.11
70.46
68.20
69.65
70.86
71.45
70.40
70.50
69.00
68.13
68.15
71.20
71.30
73.01
73.01
74.01
73.21
73.85
70.83
70.58
72.66
72.64
72.85
69.77
70.70
66.30
67.71
67.69
67.48
68.01
67.10
67.10
66.99
66.80
65.41
66.40
66.74
67.10
67.25
66.51
66.89
66.35
66.20
66.21
66.28
66.70
66.36
66.80
66.55
67.50
67.05
66.91
66.91
67.21
67.35
67.56
67.79
67.65
66.80
65.90
66.25
66.70
66.65
66.55
65.73
66.30
65.90
66.78
67.60
68.20
68.00
67.60
68.07
68.05
67.79
67.55
67.90
68.30
67.82
66.82
65.64
64.65
63.27
61.31
62.10
63.65
63.54
62.11
64.25
64.24
64.53
63.57
63.25
63.75
64.00
62.95
62.22
62.79
63.83
64.01
63.50
63.49
63.97
63.64
63.75
63.78
64.07
64.36
64.48
64.63
65.02
64.27
63.78
63.55
61.70
63.33
63.15
63.60
64.06
65.36
65.34
65.66
64.70
65.11
65.60
64.80
64.95
64.30
64.75
64.89
64.20
64.31
64.30
63.89
63.99
63.59
63.25
63.46
63.35
63.29
63.45
63.95
63.95
63.92
64.01
62.52
63.00
62.98
62.61
62.13
63.81
65.76
66.91
66.35
66.36
66.80
67.25
68.01
67.46
66.80
66.97
66.31
66.20
66.11
67.12
67.22
68.32
69.24
69.91
70.32
71.03
71.95
72.62
73.30
73.53
73.27
73.85
74.50
74.79
74.30
74.18
73.55
73.66
72.78
73.72
72.78
73.33
73.30
72.85
72.20
71.80
71.07
71.65
71.60
72.15
72.70
72.61
71.52
72.04
72.06
71.16
71.14
70.90
71.55
71.71
71.82
71.55
71.60
71.51
72.10
71.50
71.52
71.55
71.03
70.05
70.37
70.50
70.75
71.96
72.90
72.96
73.03
73.24
72.62
72.50
71.65
71.89
72.31
71.54
71.80
71.50
72.15
71.88
72.70
72.53
73.66
73.52
72.42
72.98
73.13
72.67
73.24
72.40
72.28
72.45
72.27
72.03
71.95
71.52
72.02
72.27
71.76
71.32
71.14
70.70
71.57
72.15
72.90
73.30
73.05
73.25
73.15
73.56
74.00
74.02
73.80
74.03
73.52
73.41
73.86
73.25
72.82
72.56
72.57
72.84
72.98
71.00
72.86
73.85
73.45
73.40
73.16
74.15
73.75
73.59
74.15
74.76
74.01
73.27
73.48
73.15
71.14
73.40
73.80
73.89
74.68
75.03
75.25
75.58
76.07
76.11
77.54
77.71
78.83
78.49
78.65
79.35
78.95
79.11
80.95
82.51
83.16
82.73
82.88
83.14
83.82
83.15
85.43
86.04
85.52
86.45
86.20
85.46
85.09
84.33
84.53
84.30
84.32
84.42
83.99
85.02
86.14
86.70
86.64
86.37
87.50
86.41
86.30
85.80
85.59
85.72
84.96
84.27
84.72
85.31
85.23
86.38
87.15
86.37
87.13
86.45
86.51
86.04
86.85
87.92
87.65
87.42
88.21
88.75
89.05
88.79
89.20
89.15
90.27
89.92
88.54
86.77
86.70
87.60
87.23
88.03
88.27
88.20
87.06
86.61
85.52
84.39
84.34
85.18
85.40
86.36
87.90
87.90
88.09
88.74
88.89
89.61
90.05
90.76
90.31
90.70
91.10
91.59
90.02
89.11
89.59
90.92
91.95
92.30
91.65
89.79
91.34
91.40
92.94
92.52
92.82
91.61
88.02
89.17
90.63
91.47
91.95
91.15
89.66
89.51
89.50
89.15
88.80
91.00
90.95
90.02
89.75
90.81
91.35
90.59
89.95
90.53
90.64
89.53
90.16
89.77
90.23
91.30
92.12
92.76
92.77
92.72
93.86
94.40
93.39
92.51
92.61
93.04
92.75
92.92
93.14
92.87
92.96
93.62
93.28
93.00
93.82
94.61
94.85
94.80
94.62
93.93
93.69
93.48
93.11
92.98
93.24
94.33
95.01
95.09
96.48
96.60
95.72
93.61
93.98
93.90
93.85
94.25
94.36
95.35
93.87
93.83
92.90
93.38
92.99
92.42
93.30
93.63
94.85
95.47
95.73
97.50
98.38
99.33
98.53
99.55
99.80
100.05
50.27
50.88
51.01
50.81
51.20
51.95
52.20
52.95
52.21
52.54
52.75
53.88
53.51
53.18
53.40
53.40
53.95
54.52
54.97
54.78
54.60
54.38
53.13
53.31
53.27
52.85
52.40
52.61
53.03
53.22
52.95
53.03
52.65
52.13
51.91
52.59
52.05
52.53
53.41
54.10
53.31
52.70
51.80
52.55
52.76
52.67
52.46
52.71
53.08
53.36
53.97
54.50
54.25
54.70
54.29
54.60
53.48
52.06
52.20
52.32
52.11
51.42
52.03
52.52
52.79
52.86
52.67
51.73
50.99
51.94
52.41
51.76
52.30
52.01
52.32
52.20
52.52
52.45
50.83
50.40
50.49
50.60
50.80
51.16
51.11
51.34
52.00
51.93
52.38
52.68
51.82
51.98
52.28
52.40
53.12
53.40
53.22
53.30
54.63
55.18
55.23
55.77
56.03
56.05
55.91
56.30
57.44
57.70
57.76
58.12
58.45
58.50
59.34
59.34
59.90
61.16
60.24
60.74
60.85
60.75
60.60
60.74
61.07
59.65
57.77
57.98
57.60
58.03
57.61
58.66
59.36
59.51
59.08
57.91
57.64
57.81
57.80
56.74
57.80
58.67
56.75
55.44
55.72
57.29
56.67
56.56
55.63
54.15
53.62
51.68
51.68
52.68
51.80
52.20
52.90
54.16
53.62
51.86
51.02
50.65
51.37
52.39
52.45
52.80
52.65
52.82
52.76
52.75
51.53
50.97
50.05
49.81
51.19
51.50
51.62
51.76
52.40
52.51
53.34
53.76
53.78
53.80
54.24
54.55
54.60
54.73
54.37
54.73
55.53
55.77
55.78
56.13
56.81
58.49
58.51
58.55
57.71
57.25
56.69
56.87
56.82
56.30
55.35
56.11
57.13
57.01
56.37
56.87
56.78
57.00
57.07
56.31
56.12
56.20
56.20
56.77
56.67
57.27
57.67
57.83
57.56
58.15
57.89
57.79
58.39
59.75
60.22
60.13
60.74
61.04
61.38
62.01
62.00
61.95
60.94
59.39
58.70
59.75
59.89
59.57
59.66
59.22
59.37
59.01
59.55
60.29
61.70
62.00
61.67
62.04
61.72
62.42
63.14
62.33
62.35
61.72
62.84
63.60
63.71
64.00
62.80
62.82
63.11
63.59
64.17
64.73
64.72
64.12
62.70
61.59
59.01
59.82
59.80
60.46
60.75
58.44
57.80
59.31
57.29
56.35
55.02
55.50
56.06
57.42
57.50
56.36
54.80
56.41
56.82
57.22
58.47
57.60
56.89
57.06
56.76
55.00
56.05
56.32
56.60
56.16
57.08
57.10
58.22
58.39
58.20
58.53
57.11
57.26
57.20
57.62
58.34
59.25
59.15
59.11
59.24
58.72
58.91
58.73
58.90
58.38
57.45
56.69
56.74
56.87
56.94
56.51
55.44
55.89
56.44
55.94
57.06
58.43
57.85
58.59
58.55
58.75
58.65
59.61
59.75
60.72
60.46
60.21
60.75
60.52
61.80
60.53
60.11
59.80
59.81
59.27
58.60
57.75
57.37
58.00
57.60
56.80
56.73
56.00
56.35
55.41
55.50
55.96
56.30
57.49
56.91
56.79
57.40
57.05
56.23
56.63
56.50
56.67
55.81
54.95
54.15
54.45
53.76
54.26
55.03
55.68
56.28
57.02
56.65
56.15
56.25
56.20
56.65
57.33
57.82
57.55
58.40
57.66
58.23
58.06
58.61
58.96
58.39
59.11
59.28
58.45
58.00
59.00
59.85
60.11
59.39
60.11
60.77
60.06
60.00
58.70
60.40
61.11
61.39
61.42
61.05
61.98
61.28
61.89
62.12
62.50
61.17
59.96
60.45
58.28
58.70
57.43
57.02
57.95
56.63
58.03
59.21
58.41
58.47
59.06
59.83
59.32
58.50
57.16
55.41
57.32
57.30
56.69
56.90
58.22
58.10
57.11
57.43
57.49
57.97
58.66
58.52
59.96
60.35
61.52
61.95
62.26
62.55
63.68
63.33
63.39
64.52
64.50
64.89
65.44
64.53
64.79
65.06
65.20
64.41
64.65
65.80
66.75
67.54
64.93
65.25
65.26
65.78
65.50
64.96
65.81
66.71
67.32
66.85
67.11
66.42
66.50
64.95
64.82
66.16
66.73
66.21
65.42
65.62
66.71
65.86
65.13
64.15
64.35
64.29
65.35
65.10
64.99
64.12
61.38
60.96
61.48
61.50
61.24
61.72
61.52
60.86
61.08
61.27
60.72
62.04
63.28
64.08
64.01
64.46
62.92
62.22
63.42
62.80
63.14
63.00
63.00
63.31
63.94
64.18
64.71
64.26
64.36
64.92
64.53
65.46
66.42
67.28
67.42
66.02
65.76
66.51
66.53
68.00
68.76
68.64
68.60
69.54
69.14
69.06
69.90
69.57
68.49
67.86
68.73
69.45
69.02
68.74
68.40
68.85
69.91
71.15
71.83
72.70
72.78
73.50
73.05
72.77
72.66
73.37
73.87
74.45
74.98
73.25
72.50
73.48
72.54
72.66
72.53
73.26
74.01
73.50
70.55
69.60
70.12
70.00
69.85
68.93
68.48
69.10
69.23
69.50
70.02
70.80
70.95
71.60
71.70
71.28
71.23
71.24
71.85
72.29
73.10
73.30
73.46
72.94
72.54
72.09
73.06
71.89
72.47
71.78
71.16
70.72
70.02
69.20
69.84
70.57
71.13
68.02
68.36
64.99
66.32
66.01
66.77
67.57
67.99
68.00
68.06
67.58
67.08
67.81
67.76
68.52
69.19
70.05
71.29
73.20
73.51
73.62
73.76
74.32
73.38
74.05
74.47
74.65
75.32
75.13
75.65
76.46
76.29
76.65
76.68
77.54
77.30
76.73
77.06
77.40
76.91
77.55
77.30
77.34
77.76
77.42
78.08
78.43
78.80
78.51
78.87
78.89
78.15
78.50
79.83
80.61
79.61
80.20
81.80
82.58
82.04
81.17
79.75
80.28
80.00
80.16
81.02
81.72
82.00
82.17
81.37
80.10
79.12
80.27
80.50
80.72
81.40
82.76
83.27
82.95
80.76
81.36
81.50
81.50
82.37
81.62
83.84
83.52
84.41
83.60
85.51
86.57
87.45
87.81
88.71
90.75
92.88
91.35
90.70
90.60
92.48
91.38
91.15
89.57
88.45
86.27
84.60
83.89
85.16
82.55
82.59
80.58
78.39
80.52
82.98
81.11
79.41
82.11
82.11
80.38
78.25
82.74
83.02
83.57
84.35
84.09
85.90
86.34
84.30
84.68
85.54
87.46
87.16
87.79
88.11
87.19
85.91
86.70
88.28
89.54
89.37
90.00
90.95
93.59
93.75
94.11
94.19
91.66
91.47
92.90
93.00
93.27
91.82
90.77
90.53
91.59
91.30
91.68
90.29
90.16
90.88
91.98
92.11
92.05
92.00
89.03
86.72
87.82
88.30
89.58
91.10
91.60
89.69
90.18
88.49
87.10
87.46
88.69
87.31
87.70
87.10
84.41
83.59
85.72
83.48
84.70
84.62
85.05
85.59
85.86
83.52
81.92
84.08
85.61
86.02
86.74
86.83
87.79
88.86
90.34
90.75
89.81
90.93
91.13
91.91
89.58
89.61
90.32
90.90
92.26
93.63
94.31
93.65
93.30
93.01
92.71
93.46
93.20
91.15
90.58
90.55
90.14
90.23
90.41
88.15
85.21
82.10
80.88
76.84
76.40
81.14
81.44
80.23
81.90
81.93
81.24
81.53
81.01
79.61
77.24
76.51
78.39
78.51
80.41
80.29
82.60
81.70
84.25
83.70
84.33
83.69
85.31
86.29
87.43
87.77
85.98
85.84
85.06
86.67
87.18
84.65
84.35
85.70
86.56
85.41
84.09
82.44
84.53
81.80
80.87
82.92
83.71
84.48
84.27
83.92
84.32
84.57
85.42
86.76
87.70
88.12
87.76
89.43
88.93
88.61
88.55
89.15
90.18
91.17
91.70
92.11
92.47
93.48
91.91
91.23
92.27
92.61
95.06
93.43
94.64
95.23
95.09
95.14
95.30
96.20
96.46
96.31
97.51
97.41
98.89
100.41
102.22
102.69
101.72
100.50
98.56
98.57
98.83
98.35
97.82
97.63
95.53
96.40
98.36
99.50
97.66
98.27
97.57
97.01
99.11
99.06
97.83
96.86
96.09
96.03
98.02
97.35
97.41
97.33
97.51
97.73
97.17
97.00
95.80
94.55
93.73
92.53
91.16
91.50
89.14
86.07
83.97
85.20
85.48
85.13
82.33
81.53
81.90
82.13
81.46
82.42
84.21
83.46
82.08
80.85
82.01
83.32
81.87
83.05
83.12
83.21
85.12
83.65
82.81
82.75
84.50
87.14
87.25
85.04
84.85
85.81
85.36
86.12
83.21
82.94
80.82
79.11
79.67
78.75
79.33
79.63
82.47
80.09
77.50
79.50
78.88
83.71
86.75
84.89
84.85
85.10
84.91
77.50
78.60
78.47
78.87
79.07
72.66
72.55
70.40
64.00
55.50
59.43
65.15
58.42
55.62
59.49
64.00
65.00
60.12
60.41
60.57
60.88
61.14
69.41
70.82
72.20
72.67
74.80
74.00
69.03
70.60
72.81
71.56
67.13
65.88
69.99
70.60
70.00
70.35
64.27
64.27
70.16
74.29
75.27
76.93
72.01
73.04
73.00
70.51
68.22
75.88
75.22
76.43
78.70
76.72
77.07
77.96
76.50
72.23
70.84
68.56
68.85
68.38
69.46
70.41
71.25
72.90
73.58
75.74
76.33
73.33
73.22
72.20
70.44
70.58
68.83
68.25
70.38
68.00
68.41
68.28
68.18
70.13
70.82
71.96
70.61
70.18
69.12
69.94
71.01
70.97
72.29
73.59
70.56
70.28
67.94
63.00
66.11
65.60
65.99
63.73
62.57
62.58
63.26
62.93
60.57
57.60
57.37
58.85
56.12
56.47
57.51
59.28
60.34
61.14
62.10
61.66
62.43
63.96
66.83
64.27
65.75
68.21
67.84
69.16
68.50
65.96
66.78
65.83
69.51
69.42
68.67
67.92
67.41
68.52
66.52
66.04
65.59
65.11
65.73
63.74
63.06
63.55
64.00
66.01
64.83
64.62
66.09
65.30
65.37
66.28
65.39
66.40
67.48
68.59
67.73
68.02
67.58
67.30
65.50
65.68
65.66
65.05
63.85
64.36
63.57
64.39
64.26
65.90
67.44
68.82
67.25
68.48
68.88
68.63
69.49
69.45
70.19
70.69
70.36
69.83
68.46
68.00
67.37
65.64
65.59
65.45
65.22
65.78
66.08
65.52
66.39
64.42
62.57
62.66
61.90
62.78
60.88
60.91
62.37
64.00
64.01
64.22
65.11
65.40
65.40
65.92
67.44
68.22
67.54
66.46
67.01
67.01
69.81
69.64
69.40
68.71
69.15
68.84
67.68
68.02
68.07
67.59
66.35
66.50
66.06
68.01
69.06
69.91
70.36
69.77
69.54
70.41
69.43
68.28
68.00
67.96
68.15
69.71
69.94
70.38
70.38
69.82
70.37
71.54
71.81
72.50
71.47
72.15
71.25
70.16
70.36
70.55
70.79
69.77
68.70
68.03
67.87
69.53
69.49
70.70
71.45
73.14
73.23
74.55
75.02
75.98
76.54
76.32
75.72
76.00
76.20
75.34
75.48
75.63
75.68
75.57
75.73
75.56
76.00
76.55
76.18
77.50
77.35
78.00
77.07
77.25
77.98
78.21
78.10
76.94
76.40
78.15
77.93
78.65
77.26
77.54
78.83
78.12
77.73
77.52
77.70
76.45
76.19
77.30
77.29
77.07
77.01
77.55
76.71
76.56
77.27
77.29
77.02
77.02
77.31
77.19
77.00
76.93
78.16
78.72
79.19
78.97
78.89
80.06
79.47
79.09
79.15
78.28
78.57
77.65
76.06
74.43
74.09
73.70
73.13
72.32
71.75
72.14
73.00
73.05
71.06
69.55
70.13
70.82
70.00
70.31
70.17
71.93
72.46
72.34
73.21
72.79
71.77
71.61
70.78
71.82
72.39
73.01
73.06
72.71
73.51
74.15
74.00
73.25
73.55
73.51
72.85
73.41
74.16
74.24
73.89
74.00
74.03
73.78
73.69
73.82
74.49
74.96
75.08
76.34
76.73
77.20
76.96
76.63
78.00
79.37
79.27
80.03
80.51
80.28
80.05
81.66
81.24
80.64
80.95
82.34
80.07
79.85
81.19
81.29
81.33
79.63
79.45
71.50
76.41
78.53
79.49
79.36
78.75
76.98
75.95
76.39
75.54
73.53
72.00
73.31
70.80
71.44
72.30
73.04
72.29
72.12
73.14
70.80
71.19
69.82
70.60
72.69
72.79
74.16
74.18
74.45
74.20
74.90
75.29
73.88
72.15
70.70
69.88
69.63
68.00
67.80
66.83
66.87
66.86
67.49
69.21
70.05
71.35
72.50
72.35
72.16
71.25
71.49
70.96
71.57
72.58
72.67
73.41
74.50
75.01
75.28
74.89
77.32
77.81
78.23
78.24
77.81
78.87
78.15
77.02
76.20
76.91
76.37
77.08
76.54
75.50
74.55
75.05
73.62
72.57
73.10
72.93
73.78
73.23
75.24
76.47
77.39
76.97
77.07
77.27
77.94
78.67
79.18
78.52
78.39
78.24
78.47
79.10
79.24
78.16
78.71
80.07
79.58
80.49
80.33
81.48
80.68
81.95
83.21
82.94
82.95
83.35
82.63
82.86
82.96
83.12
83.40
82.14
82.93
83.39
84.17
84.74
84.49
83.29
84.10
81.98
81.09
81.72
81.91
83.88
84.05
83.79
83.10
83.25
85.00
84.56
84.83
81.93
82.10
82.95
82.82
82.05
81.15
82.00
81.79
80.41
80.47
81.75
82.53
84.36
84.49
85.71
85.63
85.84
86.24
87.51
88.13
87.93
87.85
88.08
88.57
88.95
89.32
89.82
90.04
90.13
91.35
91.15
91.00
91.30
91.22
90.50
90.27
90.27
90.12
90.81
92.20
91.78
91.82
92.93
92.58
91.58
93.10
93.66
93.35
93.58
94.30
92.93
93.37
95.17
95.37
95.76
96.52
97.26
97.11
95.70
95.74
95.89
95.50
95.66
96.08
96.41
97.03
99.23
100.52
101.55
101.35
102.18
102.84
102.19
103.32
102.50
103.01
101.45
101.90
98.29
97.60
99.03
97.98
98.63
100.40
102.36
103.20
105.12
104.45
104.93
105.38
106.04
105.52
107.55
107.35
107.51
107.85
108.23
108.44
107.51
109.14
107.57
103.48
103.34
103.13
104.35
103.04
104.27
107.01
107.49
106.68
107.16
107.55
108.08
107.78
107.61
105.19
103.70
101.11
102.00
103.00
103.25
101.25
100.41
101.27
101.41
99.61
100.17
102.94
101.77
100.70
101.85
101.81
102.10
102.53
103.71
102.08
100.36
99.57
99.30
99.38
99.50
100.32
98.98
98.07
99.89
97.71
97.81
98.73
98.65
100.32
101.00
97.00
97.81
97.94
99.30
99.91
101.28
102.01
104.11
104.57
105.80
105.07
103.75
103.99
104.72
104.57
105.14
105.11
106.49
106.88
107.76
108.82
107.46
107.34
105.47
104.43
103.07
103.92
103.43
100.87
96.51
93.82
89.75
87.30
89.74
90.78
94.92
96.79
97.15
97.11
91.75
92.08
92.95
93.46
96.07
95.29
93.36
96.58
96.74
98.08
98.50
95.07
92.75
97.86
98.00
94.78
93.16
94.63
95.15
98.06
98.29
96.60
97.74
94.14
88.59
88.56
88.76
93.05
91.54
92.32
92.52
89.85
86.68
91.03
92.72
93.66
96.09
97.15
96.69
96.25
98.85
98.40
97.97
101.71
101.72
104.21
105.27
104.33
104.46
107.62
107.26
105.05
100.79
103.14
104.70
104.48
105.54
106.50
103.88
103.50
106.61
105.38
102.58
100.74
98.75
97.52
94.45
95.00
93.75
92.29
95.00
95.75
100.11
100.96
101.50
102.04
102.84
103.97
101.95
102.71
101.50
103.10
99.51
99.32
99.59
99.50
101.78
103.55
105.06
106.10
107.26
105.88
106.32
106.18
108.73
109.20
107.97
108.09
108.03
108.90
107.13
104.52
103.51
106.03
105.20
105.82
106.25
106.56
106.18
105.09
106.35
103.12
102.08
102.40
102.68
102.88
104.48
104.37
105.44
106.09
106.07
104.58
105.45
105.57
104.59
104.80
106.04
107.44
107.20
107.32
108.50
108.28
109.18
108.92
109.10
109.00
108.14
108.00
108.19
109.56
109.37
109.16
109.43
110.54
109.46
110.10
110.30
108.93
107.35
105.03
104.85
106.83
107.01
105.20
104.92
106.41
106.60
106.23
105.03
104.33
102.85
101.40
100.78
100.51
100.72
101.17
102.34
102.85
102.18
102.42
100.89
102.14
102.62
103.99
105.67
105.81
106.39
106.59
105.41
103.25
102.59
101.55
101.37
102.65
102.47
101.27
100.71
100.01
99.89
98.24
98.35
98.73
96.70
98.55
98.42
99.50
97.50
96.68
96.02
95.73
95.78
97.58
100.18
99.69
99.57
99.56
99.71
99.90
102.64
103.00
103.77
102.59
99.87
99.58
98.17
98.83
101.25
101.43
104.35
104.69
106.22
105.73
104.39
103.55
103.29
104.02
104.27
104.87
105.50
105.58
106.66
107.12
107.50
106.03
104.61
105.28
107.26
107.13
108.76
109.53
109.14
108.47
110.90
110.70
111.51
111.36
111.73
111.28
112.71
112.96
112.00
112.10
112.51
112.14
111.78
111.28
110.95
110.76
111.46
111.77
111.60
110.92
111.67
110.88
110.59
111.57
112.74
113.60
114.00
114.03
114.12
116.48
116.89
116.59
115.83
115.50
117.47
117.46
116.53
116.15
116.52
116.15
116.87
116.92
116.05
116.47
117.12
116.95
117.35
112.01
113.06
111.61
111.10
113.32
114.36
114.37
113.11
111.73
109.10
109.03
109.65
110.58
109.25
109.89
107.57
107.74
109.25
106.78
105.87
105.08
105.49
105.20
102.22
100.66
101.00
103.14
102.92
103.41
104.46
104.25
103.20
102.76
105.38
105.27
104.38
103.94
104.00
105.29
106.14
106.47
107.15
107.93
107.46
107.40
107.94
108.32
109.89
109.65
108.56
108.48
108.21
107.27
106.30
105.75
108.74
109.51
109.90
109.19
109.10
109.20
110.09
110.80
111.35
112.15
113.17
114.59
114.06
114.53
114.93
115.28
115.15
115.41
116.25
116.26
115.15
115.05
114.29
115.51
114.85
114.33
114.90
115.01
115.51
114.91
115.07
114.03
115.19
114.84
114.09
114.82
113.50
113.75
114.71
116.35
115.95
116.08
117.67
118.03
118.21
117.99
118.10
118.16
118.06
118.60
118.91
118.70
118.65
119.86
119.81
120.48
119.56
120.32
119.70
118.76
118.76
118.66
117.35
117.17
116.17
116.65
117.63
118.51
119.52
119.50
116.50
116.21
114.12
114.60
115.83
115.89
115.90
117.98
118.30
118.68
120.04
120.12
120.05
120.63
122.46
122.71
122.54
122.85
122.96
122.11
122.17
122.91
122.60
122.50
122.27
123.18
124.75
124.60
124.21
124.33
125.86
124.81
124.51
122.75
122.35
122.14
121.31
118.66
120.14
121.80
121.26
119.61
119.81
120.10
120.28
120.86
120.41
117.57
117.26
116.02
116.92
117.00
118.49
118.14
118.00
118.59
118.61
119.10
120.98
122.05
122.71
122.51
123.04
124.06
123.55
124.29
124.64
125.17
126.65
126.70
125.90
125.79
126.09
125.89
125.19
125.46
125.64
123.30
123.76
123.01
122.80
121.91
121.68
120.91
121.40
121.54
120.00
119.05
118.52
118.29
117.22
117.43
118.12
118.52
118.07
119.46
120.06
120.07
120.00
119.94
120.91
119.01
121.21
121.21
122.79
123.64
123.81
123.98
124.08
123.82
125.25
124.74
124.57
124.41
124.07
123.02
122.51
120.50
120.84
119.76
117.93
117.52
117.21
116.71
115.32
114.44
115.93
116.32
117.77
118.34
118.67
119.13
119.31
119.71
119.84
119.91
120.27
120.09
121.16
119.91
119.83
117.00
117.32
117.07
118.82
119.42
119.58
120.71
119.63
119.19
119.32
119.13
120.07
120.27
121.60
122.36
122.42
123.22
122.65
121.64
122.00
122.05
121.87
121.19
120.71
121.65
122.16
122.70
121.80
120.57
119.38
119.81
118.25
119.21
121.06
122.40
122.63
122.70
123.55
124.69
123.90
123.93
123.71
123.86
123.52
123.65
122.75
122.02
120.37
119.01
118.80
119.05
118.19
118.74
119.51
119.97
118.26
116.26
115.88
116.07
115.71
115.18
111.11
110.54
110.49
109.27
109.91
110.39
111.08
111.95
111.81
111.18
111.59
112.60
112.47
113.10
112.60
113.05
114.24
114.40
114.56
114.81
114.26
115.26
114.01
114.35
114.64
114.12
114.24
114.13
114.12
113.68
114.13
115.20
114.66
114.32
115.58
115.65
116.21
117.36
116.83
117.70
118.49
118.84
118.52
118.89
118.59
117.34
117.18
117.59
116.55
116.50
117.34
118.34
120.90
121.72
123.05
123.61
124.19
124.14
123.58
124.25
125.76
125.31
124.28
123.58
124.34
124.52
125.64
124.87
124.64
124.63
124.97
125.76
123.55
122.89
122.85
122.24
122.94
123.56
123.33
122.75
122.52
121.65
122.01
122.01
121.72
122.00
122.46
123.54
123.88
124.15
124.62
125.42
125.90
127.14
127.57
128.36
129.91
130.88
132.42
131.71
131.01
129.53
129.30
129.37
130.46
129.99
130.72
130.02
129.52
129.99
129.90
128.03
128.38
128.61
129.69
129.88
129.58
130.01
131.55
132.48
133.69
133.06
132.89
132.42
131.50
129.10
126.36
126.03
124.58
124.80
124.83
125.91
127.54
126.26
126.87
126.53
125.68
125.63
126.55
126.78
127.18
126.47
127.38
127.94
128.19
128.25
128.50
127.06
127.67
126.20
126.16
125.69
124.26
123.01
122.41
122.21
122.06
123.61
124.45
123.85
124.65
123.47
122.86
120.85
120.68
120.02
119.14
118.66
117.38
116.13
116.40
117.28
116.00
115.15
114.24
112.88
111.85
109.10
106.65
107.20
110.73
110.97
112.91
113.91
114.95
114.53
113.46
115.16
116.10
115.57
116.39
116.46
114.80
114.86
116.36
118.36
117.31
117.30
117.38
115.64
115.42
115.27
115.25
115.07
116.16
