83.62
83.62
85.12
88.75
90.31
87.88
87.06
86.75
87.56
87.00
89.31
87.94
87.50
88.56
88.81
88.56
87.75
84.31
82.56
83.62
83.19
82.62
81.44
78.56
79.06
78.31
75.00
76.81
74.00
73.81
77.50
77.81
77.75
76.19
75.69
73.25
71.44
71.06
74.56
74.69
75.25
75.69
74.56
74.00
81.00
81.06
83.25
80.38
79.81
82.88
83.94
84.12
83.31
82.94
86.00
84.00
84.62
85.62
84.56
84.88
88.50
92.19
92.44
92.31
89.81
87.50
88.94
86.44
86.06
88.69
89.00
86.94
85.69
82.94
84.56
84.75
86.31
85.25
84.81
86.31
88.44
85.12
86.31
89.31
87.31
88.38
90.75
91.81
90.12
90.88
93.38
94.28
94.00
92.94
91.31
90.88
93.31
94.06
93.25
94.25
93.19
91.38
91.31
92.44
91.00
90.56
90.44
92.88
92.38
92.56
92.00
92.88
91.75
93.25
93.12
92.75
91.38
90.25
91.27
89.56
89.75
88.73
88.44
87.58
86.64
84.81
85.92
82.50
83.56
83.95
84.00
87.00
85.67
83.95
83.75
82.67
81.44
81.94
80.00
78.50
77.38
77.31
77.31
80.94
80.58
78.98
78.88
79.81
80.00
79.33
80.70
80.36
82.59
83.88
84.00
84.38
83.50
85.45
87.19
86.03
86.75
86.62
88.88
86.19
86.88
86.94
86.00
85.11
84.52
85.47
85.94
88.12
88.31
86.69
89.31
88.56
88.62
87.58
90.19
90.00
88.06
87.00
85.31
84.25
82.80
83.31
85.44
84.14
85.25
86.69
86.88
84.81
85.50
84.38
86.00
87.19
86.62
87.31
84.25
82.00
82.88
82.50
82.31
83.44
82.56
82.25
81.50
82.00
80.31
81.62
82.12
82.81
80.50
81.06
82.56
82.06
83.00
83.38
84.12
83.12
84.25
83.94
83.88
83.75
83.69
85.00
84.81
84.31
84.88
85.81
82.12
81.88
82.62
83.00
81.81
80.50
80.69
81.31
81.50
81.81
82.25
79.06
78.25
80.75
81.06
78.44
78.38
80.62
82.81
83.06
85.75
84.44
85.94
82.62
80.88
81.50
81.31
80.25
80.12
81.44
80.94
81.00
80.25
79.44
79.31
79.62
79.56
79.88
83.19
82.62
81.50
81.86
83.28
83.27
82.42
82.57
84.69
83.35
84.26
85.89
86.53
86.00
85.85
85.40
86.55
86.50
85.93
86.08
84.46
84.56
85.70
85.66
86.84
88.45
90.38
90.45
91.38
92.95
92.78
92.11
90.62
89.53
88.70
87.50
89.06
90.63
89.68
87.50
86.70
86.44
87.83
86.60
86.42
87.80
86.87
86.00
87.70
89.68
89.22
91.50
92.80
90.80
91.80
93.80
93.25
93.46
92.75
93.25
94.71
94.30
95.32
97.86
97.49
96.56
96.45
92.00
91.70
93.35
94.20
93.80
95.43
95.21
94.02
94.40
95.40
95.25
95.66
97.57
97.14
95.07
94.18
94.30
94.18
95.55
95.84
96.05
96.38
98.03
97.70
96.16
96.01
96.44
97.50
97.59
97.15
95.66
96.69
95.70
95.50
94.47
93.46
94.74
94.95
94.70
91.40
88.74
90.50
90.31
90.39
91.32
91.00
90.04
89.40
87.67
89.06
89.40
87.65
86.85
86.80
87.15
88.95
87.64
85.18
89.17
90.05
91.10
91.53
91.39
91.17
91.05
90.68
90.39
91.13
90.01
90.59
91.75
91.70
92.24
93.01
93.05
92.01
91.34
90.46
91.95
92.28
92.80
92.10
91.12
91.76
90.47
90.75
91.35
91.40
91.75
92.40
91.70
90.22
87.76
84.90
83.70
84.01
81.10
79.70
78.77
83.50
84.75
83.70
85.50
85.41
87.11
88.44
88.95
90.89
93.45
93.28
91.00
88.45
89.15
89.10
86.03
86.74
88.75
86.60
86.91
87.90
88.93
89.01
89.00
88.55
89.86
87.45
87.11
86.80
87.28
87.59
89.49
89.23
90.17
86.62
83.80
83.45
82.91
86.53
86.08
86.58
85.20
85.62
84.55
85.45
85.01
86.45
86.83
87.50
85.98
87.23
86.13
85.10
85.60
84.25
84.00
85.64
86.25
87.50
87.40
88.60
88.55
89.20
90.31
90.44
89.61
89.48
89.50
89.30
89.72
90.05
89.11
88.95
87.41
87.39
89.20
87.46
87.40
86.80
86.73
87.75
88.10
88.56
88.87
85.17
83.10
83.80
85.37
83.92
82.36
83.20
81.75
81.85
82.95
82.39
82.45
82.50
82.35
81.65
81.75
82.11
83.70
83.90
84.18
85.00
84.44
85.50
86.18
86.25
87.90
88.63
87.65
89.10
89.62
89.42
89.50
89.80
90.36
90.70
89.80
90.38
89.11
88.40
89.00
90.50
90.27
89.70
90.86
90.00
87.79
87.14
88.40
87.29
87.60
86.45
84.10
85.30
86.60
86.96
87.50
88.00
86.65
86.98
85.00
85.90
84.60
85.86
86.71
87.99
88.87
89.51
87.00
87.67
89.05
88.27
87.95
90.10
89.90
88.05
89.00
89.15
88.75
87.83
89.02
89.60
89.10
88.08
87.90
86.80
87.25
86.52
86.80
87.15
85.96
87.25
86.35
86.40
86.75
86.90
86.77
88.70
88.43
86.60
87.33
87.65
87.23
86.00
86.25
87.63
88.50
88.60
87.80
86.70
87.90
88.08
86.95
84.87
82.65
82.80
80.75
79.38
80.30
78.70
74.50
69.52
66.96
70.60
69.70
70.81
74.38
73.00
75.00
70.55
70.80
68.06
70.57
71.95
74.56
75.55
75.05
75.30
77.40
77.85
76.92
76.87
75.35
76.85
78.72
78.43
79.07
78.10
77.00
76.07
76.63
72.40
73.48
73.19
74.70
74.00
75.37
74.38
73.12
73.19
74.00
71.37
71.24
69.93
70.55
69.69
68.70
70.17
73.20
70.97
69.25
72.11
71.60
72.34
70.90
70.50
69.60
68.45
71.30
71.98
72.65
74.33
73.60
74.30
74.90
74.43
71.75
73.00
73.35
73.23
73.58
70.15
71.40
67.63
68.85
67.94
69.30
69.16
67.50
67.50
67.18
67.20
66.50
67.20
67.55
67.80
67.53
68.05
67.60
66.43
67.75
66.28
66.88
67.03
66.66
67.15
67.80
67.95
68.35
67.32
68.45
67.85
67.87
67.63
68.45
67.90
67.43
66.25
66.65
66.77
66.65
66.91
65.90
66.65
66.48
67.82
68.34
69.90
68.45
68.05
69.12
68.61
68.18
68.50
68.15
68.32
68.11
66.85
65.70
64.97
63.54
61.85
62.95
65.30
64.20
64.40
65.65
65.47
65.07
64.65
63.72
64.94
64.53
63.08
63.00
63.73
64.00
64.41
63.50
64.05
64.41
64.19
64.08
64.16
64.17
64.54
64.65
65.95
65.38
65.26
63.90
63.74
63.05
63.66
64.19
64.71
65.63
65.83
65.80
66.00
64.98
66.02
65.80
65.20
65.25
64.65
65.49
65.08
64.40
64.94
64.40
64.20
64.20
64.08
63.56
63.92
64.03
63.50
64.05
64.68
65.16
64.88
64.08
63.40
63.80
63.20
62.81
63.00
65.35
67.18
67.18
66.65
67.34
67.55
68.25
68.65
67.82
67.13
67.30
66.31
66.67
67.70
67.45
68.43
70.65
70.61
70.17
70.94
72.08
72.94
73.78
74.27
74.26
73.61
74.23
75.61
75.62
75.05
74.94
74.31
74.19
73.73
73.80
73.62
73.81
73.40
73.18
72.38
72.20
72.45
72.65
71.93
73.30
73.47
72.80
72.07
73.00
72.19
71.36
71.46
71.50
72.74
72.10
72.55
72.02
71.80
72.73
72.58
71.80
71.80
72.11
71.05
70.67
70.80
70.88
72.26
72.80
73.20
73.91
73.24
74.24
72.82
72.58
72.10
72.60
72.78
71.81
72.35
72.20
72.29
73.17
72.87
73.71
73.94
73.70
73.02
74.02
73.42
72.99
73.50
72.95
72.75
73.00
72.27
72.25
72.36
72.20
72.52
72.33
71.76
71.48
71.70
71.45
73.13
72.80
73.08
73.70
73.98
73.36
73.53
73.80
74.45
74.99
74.00
74.23
73.73
74.31
74.27
73.49
73.81
73.12
72.83
73.39
73.10
71.76
74.30
73.93
73.91
73.67
74.15
74.55
73.81
74.15
74.71
75.75
74.27
73.60
73.75
74.20
74.00
73.48
74.02
74.57
75.25
75.10
75.70
75.64
76.10
77.62
78.00
78.61
78.88
78.68
79.50
80.25
78.95
80.70
81.80
83.55
83.27
83.35
83.18
83.35
83.85
85.50
86.06
86.39
85.89
87.55
87.07
85.96
86.05
85.12
84.70
84.70
85.60
84.43
84.72
86.03
86.78
87.15
86.90
87.60
87.70
86.73
87.31
86.35
86.19
85.85
85.15
85.03
85.42
85.78
86.54
87.57
87.42
86.52
87.32
86.62
86.58
86.61
88.34
88.18
87.84
88.11
88.35
90.27
89.28
89.83
89.33
90.22
90.70
90.01
88.73
86.93
88.45
87.66
87.68
88.92
89.75
88.20
87.30
87.47
85.88
84.68
85.34
85.38
87.08
87.78
87.96
88.03
89.06
89.05
89.75
89.94
91.47
90.76
91.00
91.50
91.73
91.87
90.02
89.87
91.80
91.69
92.25
92.89
91.74
90.35
91.50
93.19
93.08
94.39
93.52
91.65
89.17
90.96
91.83
91.87
92.69
91.55
90.19
89.91
89.50
89.61
90.17
91.67
90.98
90.21
90.40
91.30
91.37
90.94
90.20
92.16
91.15
90.00
90.79
90.00
90.60
91.99
92.78
93.42
93.30
93.83
94.88
94.40
93.39
92.82
93.44
94.11
93.47
93.25
93.39
93.44
93.35
93.95
93.80
93.98
94.75
94.79
95.40
95.17
94.77
93.93
94.24
93.70
93.46
93.85
94.31
95.48
95.65
96.48
98.66
96.60
95.80
93.82
94.63
94.27
94.87
94.37
95.60
96.66
94.14
94.17
93.10
94.18
93.12
93.30
93.80
94.51
95.25
95.50
97.50
98.67
99.71
99.77
99.92
99.80
101.08
100.05
50.94
51.22
51.04
50.97
51.94
52.03
53.52
53.14
52.32
52.83
53.70
54.07
53.63
53.64
53.92
53.86
54.45
55.41
55.22
55.29
54.91
54.47
53.31
53.39
53.40
52.91
52.75
53.37
53.39
53.34
53.44
53.95
52.97
52.47
53.06
52.95
52.10
53.17
54.38
54.53
53.36
52.77
52.65
52.92
54.57
52.97
52.54
53.40
53.59
53.90
54.80
54.56
54.58
54.84
54.66
54.60
53.48
52.48
52.59
52.81
52.13
52.69
52.78
52.60
53.65
53.08
52.68
51.97
51.72
52.56
52.78
52.30
52.67
52.01
52.44
52.93
52.52
52.51
50.90
50.55
50.88
51.73
51.15
51.38
51.40
52.49
52.06
52.30
53.09
52.69
51.96
51.98
52.57
53.04
53.54
54.06
53.72
54.40
55.15
55.53
56.24
56.74
56.26
56.60
56.16
57.40
58.16
58.11
58.17
59.50
58.61
59.73
59.34
60.16
61.16
61.94
62.08
60.94
61.57
61.19
61.71
61.40
61.50
59.76
58.49
58.30
58.94
58.17
58.61
59.45
60.38
60.02
59.17
58.42
58.21
58.29
57.89
58.26
58.31
59.31
56.98
55.71
57.23
57.96
56.69
56.87
55.74
54.27
53.77
52.21
52.60
53.34
52.05
53.35
53.87
54.37
53.62
52.00
51.15
52.00
53.21
52.66
53.01
53.30
52.74
53.45
52.98
53.40
52.05
51.28
50.51
51.47
51.45
52.16
51.72
52.57
52.65
53.32
53.72
54.58
53.78
54.75
54.97
55.06
54.85
54.78
54.83
56.01
56.30
56.01
56.13
56.84
57.92
58.97
59.34
58.78
58.27
57.33
56.69
57.25
57.00
56.76
55.92
56.97
58.56
57.16
57.80
57.36
57.30
57.51
57.47
56.82
56.67
56.36
57.30
57.60
56.97
57.79
58.37
57.85
58.33
58.94
58.01
58.43
59.56
60.35
60.41
60.34
61.26
61.22
62.48
62.50
62.28
62.13
60.94
59.64
59.48
59.92
60.34
60.07
59.83
59.84
59.38
59.51
60.54
61.40
62.71
62.30
62.34
62.37
62.06
63.81
63.30
62.37
62.55
62.45
63.38
64.31
64.04
64.27
63.77
63.27
64.24
64.18
64.98
65.77
64.73
64.45
62.84
62.04
60.00
61.00
60.33
62.15
60.96
59.54
59.48
59.95
57.29
58.34
55.75
56.30
57.83
58.67
57.66
56.50
57.38
57.07
57.64
58.52
59.48
58.01
57.40
57.86
56.77
56.23
56.63
56.60
56.69
57.15
57.46
58.11
58.85
59.12
58.71
58.54
57.18
57.37
57.31
58.71
59.18
59.64
59.98
59.30
59.62
58.82
59.58
58.86
59.28
59.02
57.51
56.75
56.87
57.02
57.11
57.13
55.89
56.70
56.47
56.77
59.08
58.91
58.19
59.25
58.95
59.24
59.84
59.89
60.36
61.86
60.90
61.60
61.12
62.21
62.05
61.26
60.22
60.38
60.75
59.38
58.70
58.51
57.50
58.84
57.74
57.89
56.90
56.61
56.62
55.72
55.96
56.30
57.17
57.90
57.24
57.14
57.65
57.10
56.48
57.24
57.01
56.97
55.85
55.32
55.12
54.45
54.08
55.18
56.35
56.50
57.74
57.18
56.75
56.57
56.49
56.63
57.57
58.21
57.86
58.63
58.51
57.97
58.34
58.91
59.50
59.41
58.65
59.72
59.46
58.67
58.78
59.32
60.87
61.01
60.03
61.48
60.99
60.41
60.22
59.98
61.02
61.17
62.80
61.90
62.00
62.35
62.01
62.86
62.88
62.71
61.38
60.56
61.02
58.94
58.70
58.47
58.22
58.10
57.60
59.49
59.83
58.45
59.79
59.98
60.75
59.35
58.93
57.17
57.86
57.53
57.59
56.78
57.83
59.43
58.71
57.51
57.51
58.28
58.66
58.71
59.68
60.10
61.36
62.45
62.06
62.75
63.88
63.98
63.68
64.27
65.30
64.87
64.94
66.38
64.87
65.55
65.99
65.32
64.45
66.27
66.95
67.50
67.73
66.05
65.78
66.25
65.97
65.50
65.66
66.83
67.20
67.48
67.35
67.85
67.05
66.86
65.41
66.15
67.26
66.89
66.55
65.68
66.73
66.77
66.16
65.74
65.19
64.40
64.83
66.34
65.22
65.40
64.22
62.00
61.39
62.39
62.05
61.79
62.85
61.89
60.88
62.05
61.94
62.18
63.59
64.20
64.53
64.86
64.51
62.94
63.70
63.88
63.66
63.24
63.90
63.10
64.02
64.20
65.05
64.93
64.60
65.64
65.28
65.64
66.89
67.58
67.50
67.68
66.39
67.20
66.98
67.79
68.91
69.77
68.91
69.51
70.20
69.54
70.35
70.38
69.95
68.55
69.10
69.24
70.22
69.60
68.84
68.75
69.88
71.05
72.32
73.11
73.50
73.95
73.56
73.32
72.83
73.70
73.85
74.40
75.97
75.38
73.33
74.49
73.65
73.23
72.73
73.09
74.04
74.28
73.53
70.97
70.28
70.55
71.45
70.63
69.41
68.69
70.35
69.67
70.82
70.92
72.32
71.22
72.56
72.84
71.52
71.50
71.53
73.07
72.88
74.47
74.04
73.78
73.37
72.64
73.75
73.32
72.32
72.83
72.19
71.36
70.81
70.12
69.94
70.67
71.07
71.41
68.58
68.52
67.60
66.79
66.43
67.67
68.33
68.46
68.47
68.83
67.84
68.32
68.87
68.08
69.38
70.05
71.34
72.93
73.70
74.40
74.17
74.08
74.95
73.96
74.83
75.34
75.55
75.61
75.49
77.04
76.56
77.17
77.01
77.87
77.96
77.77
76.81
78.45
77.56
77.10
78.32
78.18
78.08
77.79
78.35
78.64
79.56
79.30
79.58
80.05
79.75
78.19
80.04
80.87
80.73
80.73
81.46
82.85
82.83
82.18
81.40
79.97
81.13
80.71
82.25
81.49
82.23
83.13
82.73
81.79
80.20
80.69
81.36
80.56
81.15
82.33
83.17
83.39
83.29
80.97
82.85
81.55
82.95
82.70
83.89
84.18
84.24
85.15
86.33
86.57
87.68
89.50
89.00
90.75
93.30
93.33
92.12
91.10
93.08
93.00
92.12
92.57
89.85
91.05
87.46
85.20
86.43
85.26
85.17
83.89
81.02
82.02
83.18
84.33
81.11
83.42
82.45
82.45
80.76
81.39
84.36
84.89
84.30
85.39
85.48
87.22
87.00
84.30
86.70
87.19
87.76
88.73
88.36
88.93
87.65
87.05
88.59
89.19
90.09
90.65
90.93
93.34
94.11
94.17
94.84
94.35
91.88
92.51
93.51
93.58
94.44
92.56
91.48
91.84
92.32
91.58
92.80
92.08
91.00
91.41
92.33
93.45
93.26
92.42
89.27
88.44
88.92
89.90
91.23
91.65
92.88
90.08
91.51
89.04
88.48
88.48
90.64
87.54
89.18
87.26
85.27
86.83
86.15
84.16
85.98
85.03
87.90
85.75
86.67
83.79
84.31
86.06
86.56
87.77
87.84
87.16
89.30
91.38
90.96
91.72
89.89
91.78
93.08
92.02
89.98
91.19
90.90
92.05
94.04
94.48
94.84
93.75
94.86
93.33
93.46
94.61
93.35
92.13
90.95
92.57
91.90
90.67
90.91
88.27
86.25
82.75
83.46
81.25
81.45
83.67
81.82
82.86
82.60
83.23
83.25
82.49
82.02
79.74
77.51
78.74
79.26
80.43
81.12
82.12
82.84
83.60
84.83
86.34
84.78
85.42
87.18
88.12
88.22
89.02
86.66
87.20
86.73
88.79
87.80
85.26
84.73
88.16
86.73
87.04
85.34
84.19
86.12
81.89
83.21
84.01
84.54
84.96
84.40
84.50
85.36
86.74
87.51
87.72
88.05
88.27
89.28
89.95
89.60
88.80
89.30
90.17
91.93
91.99
93.18
92.70
94.03
94.48
92.40
92.69
92.50
94.74
96.15
94.94
95.32
95.62
96.87
95.28
97.44
97.39
97.36
97.73
97.72
98.49
100.38
102.20
103.09
103.02
101.91
100.73
99.58
100.42
98.86
99.15
99.37
97.86
96.04
99.99
99.50
101.20
98.78
99.42
98.06
99.40
99.49
100.37
99.26
96.86
96.62
99.06
98.64
99.36
97.41
97.80
99.13
99.08
97.42
98.63
96.82
95.79
93.91
96.25
92.25
92.80
89.42
86.39
85.67
86.05
86.91
85.63
82.65
82.00
82.56
82.49
82.84
87.26
84.56
84.31
82.80
82.49
84.56
83.43
84.40
84.08
83.56
86.24
86.58
84.25
83.19
84.71
86.46
88.52
88.10
85.51
85.79
86.62
87.18
86.32
83.29
84.18
81.22
80.22
81.05
78.79
81.16
82.80
84.24
80.09
81.86
80.05
82.88
87.80
87.33
85.46
85.23
87.47
86.95
77.50
82.48
82.20
79.56
79.38
76.84
73.35
73.10
64.00
57.83
69.89
68.54
59.98
63.10
62.35
69.61
66.80
61.74
66.77
63.91
61.71
70.02
71.00
74.18
74.60
73.69
78.19
74.88
70.11
73.46
74.34
73.54
67.28
75.71
72.68
70.78
73.40
70.61
64.40
70.49
74.30
76.53
79.93
79.01
72.02
75.54
74.74
71.76
74.42
78.09
75.56
78.44
79.46
79.00
78.21
79.01
76.82
73.03
70.85
69.39
69.20
69.62
70.35
71.55
73.38
73.97
76.52
76.66
77.35
73.96
74.24
72.82
70.82
71.82
69.69
70.77
71.74
68.31
71.23
69.95
70.82
71.29
72.09
73.79
70.62
70.52
70.29
71.64
71.60
73.25
74.90
74.42
71.12
71.26
69.86
69.73
66.18
66.12
66.68
65.07
62.94
65.28
63.50
63.17
60.71
57.62
57.73
59.28
56.46
58.27
58.28
61.78
61.22
63.40
62.91
62.94
65.31
66.59
67.13
64.71
69.15
68.97
69.70
70.17
68.90
66.80
67.24
68.30
70.31
70.48
69.89
68.40
68.48
69.23
67.98
66.58
66.70
65.93
66.01
63.87
64.88
63.75
65.53
66.60
65.41
65.99
67.56
66.10
66.87
66.68
65.75
68.11
67.98
70.38
68.00
69.19
68.10
67.85
65.88
66.03
65.86
65.21
64.47
64.44
65.66
64.57
65.81
66.67
69.21
69.35
68.26
69.79
69.37
69.58
70.19
70.22
71.90
72.67
71.08
69.88
68.83
68.43
68.06
65.76
65.96
65.72
66.87
65.95
66.88
66.25
66.52
64.42
64.14
62.70
62.78
63.08
61.40
62.44
63.00
64.57
64.89
65.12
65.64
66.25
65.94
67.89
68.43
68.85
68.34
67.12
67.70
69.47
70.40
70.41
69.79
69.25
69.50
69.23
67.94
68.72
68.53
68.63
66.59
66.94
68.16
68.62
69.73
70.76
70.65
71.09
71.00
70.68
69.94
68.48
68.04
68.33
68.96
70.48
70.33
71.45
70.75
71.04
71.63
72.45
71.97
72.64
72.05
72.63
71.37
70.71
70.66
71.70
70.91
70.43
68.81
68.14
69.39
70.56
70.51
71.45
72.76
73.67
74.07
75.46
76.69
76.81
77.66
77.03
76.97
77.29
76.68
75.45
76.59
75.89
77.95
76.54
76.64
76.70
76.28
77.24
77.53
77.66
78.34
78.51
77.42
77.94
78.61
78.81
78.92
77.34
76.77
78.74
79.03
79.64
78.17
78.04
79.06
78.73
77.96
78.07
78.17
76.76
77.06
77.42
77.76
77.26
77.37
77.89
76.78
76.90
77.50
77.49
77.04
77.43
77.77
77.21
77.65
76.99
79.06
79.62
79.63
79.33
79.47
80.88
80.41
79.80
79.55
79.23
79.68
78.15
76.24
74.59
74.55
74.15
73.70
73.24
72.12
73.58
74.45
73.21
71.37
71.18
70.13
71.31
70.75
71.73
71.01
72.99
72.84
73.62
74.05
72.96
72.04
72.34
72.11
72.30
72.81
73.32
73.13
73.08
74.30
74.64
74.30
73.96
73.99
73.72
73.57
73.98
74.67
74.76
74.98
74.46
74.77
73.93
73.80
74.43
75.23
75.30
75.83
76.69
77.66
77.88
77.37
77.66
79.50
80.43
80.21
80.58
81.59
80.75
81.32
82.05
81.92
81.20
82.67
82.59
80.23
80.62
82.29
81.44
82.83
80.76
80.19
77.20
77.10
79.89
79.70
80.06
78.92
77.83
77.73
76.85
76.60
73.60
74.48
73.44
72.57
71.55
74.36
73.87
72.29
74.13
73.91
71.28
71.35
71.02
70.79
74.17
74.06
74.18
75.23
74.95
75.32
75.52
75.72
74.00
72.26
70.83
70.06
69.96
68.36
67.86
67.48
67.31
67.56
69.45
70.41
71.84
71.85
73.23
73.05
73.04
71.50
72.00
73.10
72.17
73.44
73.52
74.62
75.30
75.56
76.02
76.21
77.80
78.66
79.02
79.07
78.73
79.29
79.04
77.13
77.07
77.40
77.71
77.77
77.04
75.84
75.05
75.05
73.78
74.07
73.33
74.93
73.78
74.08
76.77
77.45
78.00
77.05
77.25
77.36
78.82
79.25
79.51
79.21
79.05
78.46
79.90
79.75
79.25
78.54
80.12
80.08
80.88
81.28
81.05
81.95
81.31
83.39
83.89
83.52
83.94
83.71
83.84
83.67
83.90
83.61
84.48
82.79
84.02
84.25
84.55
84.87
85.15
84.31
84.44
82.60
81.45
82.15
82.70
85.14
84.98
84.80
83.56
85.17
86.09
85.44
84.86
82.48
82.46
83.82
83.94
83.45
81.75
82.93
82.05
81.69
80.97
82.70
84.50
84.89
84.95
86.30
86.14
86.65
87.03
88.37
88.38
88.01
89.06
88.49
88.80
89.23
89.92
90.68
90.12
91.19
91.37
91.60
91.25
91.94
91.60
91.44
90.69
91.19
90.41
91.83
92.45
92.18
92.83
93.35
92.97
92.71
93.78
94.10
94.08
94.64
94.75
93.37
94.93
96.22
96.48
97.31
97.11
97.66
97.74
96.24
96.70
96.45
96.95
96.34
96.66
97.17
98.72
100.32
102.27
102.03
102.10
103.75
102.90
103.47
104.19
103.75
103.01
103.77
102.14
99.08
99.93
100.80
101.23
99.51
102.24
102.80
105.19
105.23
105.48
105.38
106.78
106.04
107.37
108.01
107.49
108.32
108.23
109.33
108.66
108.94
109.66
107.78
104.18
103.81
104.88
106.24
104.50
105.40
107.81
108.13
107.42
108.75
108.97
108.81
109.44
108.18
106.17
104.68
102.62
102.88
104.09
104.36
102.26
102.76
102.39
101.65
100.41
102.86
103.87
102.57
101.37
102.27
103.25
103.36
103.21
104.91
102.49
101.12
101.00
99.68
99.47
99.95
101.23
99.67
98.93
100.60
98.41
99.43
99.17
99.91
101.59
101.07
99.36
97.90
98.90
100.35
101.28
102.84
104.09
105.12
105.08
106.59
105.89
104.41
104.39
105.09
104.67
106.19
106.23
107.48
107.10
109.43
108.97
108.10
107.57
105.63
105.03
104.02
105.38
103.45
102.76
96.84
97.61
90.25
93.40
90.57
94.07
95.86
99.10
98.14
97.68
93.24
93.29
93.30
97.33
97.59
95.96
96.85
98.74
98.40
98.84
98.52
96.41
95.61
99.29
98.41
95.19
95.91
95.93
97.31
99.26
99.63
98.71
97.79
94.27
90.17
90.01
91.49
93.54
91.74
94.39
92.59
89.88
91.48
94.66
94.61
94.40
98.20
97.60
97.78
97.79
100.47
98.61
102.95
102.24
103.39
105.53
106.27
104.50
106.77
108.97
109.64
105.05
102.08
104.54
106.13
106.43
107.72
108.86
104.28
105.50
107.05
106.17
103.27
101.05
100.08
97.88
95.66
96.42
93.75
92.29
95.77
97.39
102.82
101.83
101.69
102.82
104.36
104.52
102.25
104.25
103.07
103.62
100.53
99.67
100.86
99.72
103.67
105.43
106.31
107.50
107.98
105.96
107.47
106.40
110.37
110.18
109.10
108.31
109.49
109.06
107.77
104.97
106.09
106.72
106.83
106.93
106.89
107.01
106.72
107.73
106.59
103.96
103.41
103.12
102.79
103.69
105.50
106.67
106.83
106.76
106.37
105.28
106.38
106.49
105.00
106.52
106.66
108.41
107.50
108.35
109.08
109.63
109.61
109.12
109.76
109.61
109.32
108.85
109.46
110.03
109.57
110.00
111.19
110.69
110.03
110.28
110.70
109.08
107.91
105.35
106.36
107.84
107.04
105.89
106.85
107.21
108.30
107.14
105.60
104.75
103.49
101.45
100.95
102.59
100.78
101.51
103.62
103.39
102.51
102.52
102.44
103.03
103.85
106.22
106.20
106.56
108.27
107.03
105.99
103.72
103.31
102.84
101.78
103.36
102.69
101.94
100.90
100.10
100.14
98.46
99.69
99.32
99.00
100.06
98.86
100.24
97.63
98.31
96.41
96.58
96.49
99.80
100.39
100.84
99.91
100.74
100.13
101.92
104.33
103.46
104.06
103.63
100.02
100.44
99.08
100.95
102.57
103.46
105.50
105.86
107.37
106.03
105.07
104.46
103.88
104.85
105.03
106.01
106.78
107.43
107.88
108.84
109.19
107.95
106.30
106.06
108.27
109.26
109.82
109.58
110.50
109.25
111.12
111.31
111.95
112.14
112.63
113.55
113.28
113.32
112.57
113.32
112.66
112.52
111.98
112.15
111.29
112.01
111.73
112.35
111.80
110.93
112.16
111.22
110.77
113.03
114.00
113.96
114.18
114.48
116.56
117.25
117.14
116.97
116.60
117.85
117.80
117.78
116.93
116.30
117.20
116.56
117.25
117.96
116.14
117.15
117.50
117.62
117.36
112.45
113.06
112.07
112.82
114.09
115.18
114.65
113.38
112.74
109.38
109.71
110.96
111.18
110.24
111.46
108.37
109.19
110.36
107.51
105.87
105.84
105.93
105.28
102.50
101.62
102.40
104.35
103.56
104.10
105.47
104.99
103.38
105.58
105.79
105.69
104.66
103.96
105.17
106.45
106.99
106.96
107.74
108.08
107.91
107.82
108.68
110.10
109.91
110.38
109.71
108.63
108.46
108.52
106.45
108.14
110.39
109.92
110.50
109.75
109.26
109.54
110.47
111.73
112.85
113.44
113.97
114.74
115.24
115.91
115.01
115.50
116.20
116.04
117.21
116.45
115.15
116.50
115.20
115.81
115.91
115.02
115.64
115.64
116.50
115.53
115.71
114.96
115.92
114.99
114.99
115.96
113.54
114.96
116.65
117.15
116.90
117.49
117.93
118.47
118.56
118.57
118.73
118.25
118.36
120.00
119.68
119.13
119.46
120.35
120.34
121.18
120.18
120.98
120.19
118.82
119.61
119.00
117.78
118.07
117.52
117.81
118.64
119.64
120.95
119.94
116.57
117.01
114.81
115.59
115.90
116.57
117.48
118.28
118.51
120.04
121.32
122.01
120.27
122.04
123.49
123.25
123.04
123.36
123.64
123.23
122.85
125.00
123.01
122.76
123.42
124.78
125.94
124.93
125.40
125.45
126.43
125.49
125.11
122.75
124.09
122.96
121.57
120.59
121.70
122.69
121.45
119.97
121.66
120.28
121.22
121.52
120.50
117.95
118.93
116.82
117.45
118.15
118.71
118.34
119.08
119.15
119.08
120.51
121.24
123.27
122.90
123.77
124.06
124.68
124.12
124.35
125.47
126.91
127.03
127.26
126.37
127.76
127.56
126.17
125.78
125.89
126.44
124.95
123.99
123.14
123.33
123.07
122.50
121.80
122.50
122.05
120.25
119.88
118.66
118.29
117.70
118.29
119.53
118.84
118.81
121.81
120.37
120.43
120.55
120.86
121.37
121.21
122.22
123.01
123.92
123.89
124.14
124.08
124.34
125.82
125.44
124.92
125.52
124.49
124.07
123.49
122.64
121.50
121.32
120.83
118.25
118.13
117.87
116.73
116.13
116.38
117.67
118.58
118.15
119.16
119.52
119.65
119.82
120.64
120.13
120.56
120.59
120.91
121.50
120.30
119.96
118.01
118.10
118.45
121.14
119.91
121.19
121.08
120.00
120.09
119.56
120.06
120.56
122.06
122.00
123.46
124.03
123.74
122.78
122.42
122.44
122.34
122.52
121.77
121.10
122.29
123.34
123.66
122.10
120.99
119.90
120.22
118.74
121.60
123.22
122.78
122.80
123.51
124.81
125.23
124.23
124.91
124.14
124.35
124.02
125.07
123.29
123.29
121.01
119.25
119.57
119.18
118.83
119.29
120.36
120.43
118.39
116.29
116.43
116.84
116.00
116.45
111.63
111.14
110.83
109.52
111.27
112.05
111.69
113.58
112.03
112.51
113.48
112.71
113.60
114.60
112.68
114.15
114.97
115.51
115.69
115.33
114.84
115.32
114.43
114.85
115.08
115.84
114.51
115.65
114.45
114.10
115.07
116.24
115.20
115.51
115.63
115.85
117.09
117.71
117.67
118.50
118.91
119.00
119.35
119.04
118.80
117.34
117.80
119.10
116.69
117.03
118.70
120.30
121.83
123.68
124.24
124.00
124.69
124.30
123.99
125.73
125.97
125.52
124.94
124.72
125.36
124.97
126.23
125.09
125.03
125.24
125.85
126.42
123.81
123.18
122.95
122.50
124.16
123.63
123.37
122.84
122.52
122.32
122.79
122.21
122.55
122.35
123.52
124.19
124.37
125.34
125.18
126.11
127.26
128.54
128.83
130.28
131.99
132.34
132.98
131.77
131.23
130.92
130.36
130.55
130.54
130.23
131.19
130.47
129.90
131.39
130.25
128.47
129.26
129.26
130.89
130.08
130.39
131.29
132.58
133.88
134.85
133.57
133.24
132.42
132.53
129.24
127.90
128.17
124.96
125.73
125.65
127.86
127.71
127.09
127.60
126.96
126.10
126.30
127.63
127.49
127.93
127.11
127.84
128.25
128.64
128.75
129.45
127.54
127.86
126.80
127.40
126.21
125.18
124.28
123.83
122.66
124.24
124.96
124.72
124.14
124.80
123.49
123.06
122.40
120.68
121.47
120.55
119.32
117.65
117.11
117.71
118.09
116.02
117.95
114.51
113.89
112.03
109.78
109.27
111.06
111.80
111.49
115.09
114.00
116.19
115.91
115.02
117.13
117.14
117.20
119.95
116.78
115.37
117.05
118.53
118.80
117.92
118.44
117.65
116.45
116.32
115.75
115.47
116.47
117.31
