85.88
82.94
83.06
85.31
90.00
90.06
87.88
87.06
86.50
85.81
87.50
89.00
88.19
87.88
89.50
88.81
89.25
87.31
83.56
82.06
83.38
82.69
82.12
81.25
79.12
80.12
78.44
75.56
77.38
74.19
74.44
77.75
78.12
77.50
75.06
75.00
73.31
72.00
71.06
74.56
74.56
75.38
74.56
74.44
74.56
80.12
80.31
83.56
80.94
80.00
82.88
83.19
83.94
83.56
83.00
84.50
83.00
84.75
84.19
83.56
84.81
89.19
92.25
92.62
92.56
89.62
88.00
88.94
85.44
86.56
89.31
88.94
87.00
85.00
82.75
84.31
83.12
85.31
85.38
86.19
86.31
87.44
85.50
87.19
89.44
87.56
88.62
91.06
91.69
89.44
90.88
93.00
93.81
94.00
90.75
91.56
91.00
93.81
93.69
93.38
93.88
93.81
91.44
91.81
92.44
90.00
90.75
90.50
93.88
92.44
93.00
92.81
92.00
92.06
93.06
92.62
93.31
91.38
90.12
91.81
89.56
89.69
88.88
88.25
86.88
86.62
85.00
85.06
82.81
84.00
84.06
84.12
87.06
85.81
83.69
84.00
82.06
81.88
82.00
80.00
78.69
78.00
78.50
78.00
81.25
80.00
78.50
79.38
80.25
78.69
79.69
80.00
81.50
82.62
83.81
83.25
84.50
83.62
85.44
85.69
86.19
87.00
87.62
86.62
86.56
86.12
86.88
85.81
85.62
84.69
86.31
86.56
89.50
87.38
86.69
88.88
88.75
88.62
87.75
90.88
89.62
89.38
86.62
85.12
83.00
83.75
83.44
85.44
84.69
86.19
87.19
87.50
84.81
85.50
84.81
86.50
88.94
86.62
86.69
80.00
81.50
83.38
81.88
82.31
83.50
83.44
82.50
83.00
82.44
79.38
81.62
82.75
82.88
81.19
80.94
82.56
82.50
83.38
83.44
85.06
83.19
84.31
83.69
83.25
84.31
83.75
85.00
84.94
85.12
85.75
85.81
82.69
82.44
82.38
84.50
82.00
81.06
80.31
81.38
82.12
81.56
81.50
79.75
78.88
80.56
80.06
79.19
78.94
81.62
83.25
84.88
85.88
85.19
85.00
81.75
80.88
81.50
81.31
80.25
81.12
81.50
80.88
80.38
80.00
78.81
78.75
79.69
80.19
80.12
83.19
81.62
81.35
82.60
83.28
83.27
82.80
83.05
84.32
83.36
85.11
86.00
85.64
86.29
85.00
86.05
86.30
86.50
86.40
86.08
84.00
84.60
85.91
85.66
87.00
88.75
90.39
91.00
91.39
92.95
92.74
92.08
89.15
89.53
87.60
88.10
89.40
90.09
89.50
86.70
87.80
87.25
86.46
85.80
87.12
87.80
86.62
86.00
88.70
88.50
89.75
91.90
91.80
90.80
92.00
93.60
92.45
92.76
92.75
93.90
94.85
94.76
95.75
97.86
97.49
95.71
94.47
91.75
92.10
93.98
93.30
94.38
95.42
95.20
94.02
95.35
94.75
95.25
96.10
98.00
97.00
95.32
94.70
94.95
96.00
95.99
95.00
96.50
96.95
97.78
96.55
96.15
96.49
97.00
97.50
98.00
96.95
95.01
96.69
95.71
95.00
94.47
94.10
94.95
94.70
93.86
91.00
89.48
90.49
90.31
90.39
91.95
91.00
90.00
89.00
88.00
89.06
89.50
87.70
86.05
87.25
87.30
89.10
86.90
86.45
89.17
90.45
91.40
91.60
91.55
91.37
90.80
90.45
90.64
91.40
89.95
91.25
91.80
91.70
92.45
93.03
92.90
92.05
91.97
91.15
91.95
92.28
93.10
92.10
91.62
91.76
90.60
91.10
91.60
91.30
91.76
92.35
92.50
90.10
87.76
84.25
83.70
84.01
81.00
80.10
79.15
83.25
83.85
82.60
85.51
85.42
87.80
88.45
89.75
90.90
93.20
92.45
90.50
88.45
89.70
88.15
85.55
86.90
88.55
86.85
85.35
87.90
89.20
89.01
88.80
88.55
89.15
87.95
86.70
86.80
87.75
88.75
88.90
89.65
88.45
84.75
83.80
83.45
84.50
87.50
84.60
85.15
84.70
85.05
85.00
85.40
85.02
86.45
87.50
88.00
85.97
86.89
86.13
86.00
85.60
84.40
84.25
85.28
86.00
88.25
87.95
88.60
89.15
89.45
91.00
90.00
89.61
89.30
89.63
89.44
90.00
89.30
88.52
88.90
87.42
88.25
88.30
87.94
87.20
87.40
87.13
87.80
88.50
89.18
87.75
82.50
83.00
83.40
84.85
83.05
82.49
82.60
81.90
81.05
82.82
82.25
82.50
82.80
81.90
81.49
82.10
82.20
83.50
84.40
83.93
85.00
84.44
85.52
86.18
85.70
88.25
88.98
88.70
89.10
89.85
89.42
89.64
90.19
90.79
89.86
89.85
90.00
89.11
88.90
89.65
90.25
89.97
89.71
90.37
89.90
87.90
87.84
88.20
86.95
87.60
85.55
85.40
85.95
87.20
87.80
86.75
87.65
85.50
85.65
85.70
85.91
85.02
87.10
86.72
88.00
89.20
88.90
87.30
88.20
88.25
88.87
87.25
90.40
88.25
88.20
88.50
88.55
88.75
87.85
89.02
89.61
89.15
88.00
87.13
87.10
87.95
86.52
86.80
87.85
85.97
87.10
86.90
86.75
86.75
86.75
87.50
88.15
88.20
87.70
86.25
88.15
88.45
85.50
86.25
88.00
88.50
88.60
87.75
87.60
87.60
87.85
87.40
84.88
83.00
82.15
79.75
80.55
80.50
78.10
73.70
69.75
66.95
69.65
69.95
72.00
73.00
72.50
73.75
71.00
70.80
69.10
71.45
72.80
74.00
74.75
75.04
75.95
77.25
76.90
76.42
75.95
75.60
77.10
78.03
78.05
79.32
77.25
76.25
75.30
75.25
73.00
72.78
74.25
74.60
74.25
76.50
74.20
72.00
73.00
73.75
71.36
70.70
70.70
70.05
69.35
68.71
71.15
72.81
70.97
69.85
71.75
71.95
73.15
71.80
70.75
68.91
68.15
71.80
71.99
73.51
74.33
74.70
74.25
74.60
73.20
71.39
73.50
72.75
73.30
72.75
70.95
70.55
67.75
69.50
67.94
69.05
68.85
67.95
67.25
68.00
66.55
66.80
66.80
67.65
67.75
67.50
68.30
67.25
66.70
67.25
66.28
66.75
67.20
67.05
67.16
68.50
67.96
68.38
67.47
67.50
67.65
67.95
68.05
68.55
67.70
66.92
66.25
66.95
66.85
66.80
66.91
66.30
66.46
67.20
67.82
68.34
69.75
68.46
68.15
68.50
68.78
68.23
68.68
68.65
68.32
68.12
66.40
65.45
64.83
63.45
62.22
63.97
65.48
62.25
64.41
64.80
65.80
65.07
64.60
63.85
65.10
63.83
62.90
63.05
64.32
64.01
65.00
64.10
64.17
64.42
63.92
64.74
64.16
64.53
64.70
64.80
65.96
64.80
65.20
64.55
63.74
64.15
63.82
63.60
64.71
65.70
65.83
66.65
65.55
65.23
66.25
65.20
65.00
64.80
64.81
65.86
64.75
64.75
65.75
64.10
64.65
64.15
63.96
63.57
63.85
64.40
63.45
64.43
64.68
64.90
64.15
63.70
63.43
63.26
63.00
63.15
63.90
66.00
67.20
67.17
66.66
67.34
67.60
68.25
69.15
67.12
67.14
66.85
66.60
66.67
67.45
67.45
68.50
69.24
70.85
70.35
71.50
72.08
72.97
73.78
74.30
73.85
74.15
74.73
75.72
75.62
74.55
74.94
74.31
74.19
74.15
73.55
73.62
73.50
73.00
72.80
72.35
72.20
72.45
72.50
72.25
73.05
73.43
72.80
72.32
73.20
72.20
71.38
71.46
71.90
72.70
72.68
72.60
72.25
71.70
72.60
72.25
72.10
72.50
72.29
71.01
70.75
70.75
70.93
72.76
73.04
73.35
74.25
73.72
73.05
73.05
72.58
72.10
72.67
73.00
72.00
72.20
72.15
72.35
73.17
72.98
73.90
73.94
73.55
73.00
73.99
73.65
73.60
73.30
72.56
72.93
73.02
72.27
72.25
72.00
72.35
73.02
72.40
71.55
71.56
71.50
71.60
72.70
73.40
73.70
73.35
74.15
73.47
73.58
74.15
74.46
75.00
74.05
74.55
73.60
74.32
74.27
73.49
73.50
73.12
72.95
73.38
71.41
73.00
74.55
73.78
73.91
73.57
74.75
74.58
73.81
74.15
74.80
74.50
74.27
73.80
73.15
71.97
74.07
73.90
74.03
74.70
75.47
76.62
75.60
76.10
76.11
77.60
77.99
79.35
79.00
78.85
79.87
80.26
79.11
81.20
82.75
83.65
83.22
83.35
83.18
83.85
84.30
85.45
86.45
86.48
86.55
86.62
86.85
85.50
85.90
85.32
84.85
84.70
85.88
84.44
85.05
86.20
87.58
87.17
86.85
87.61
87.70
87.15
87.31
86.32
86.00
85.70
85.30
84.85
85.48
85.58
86.57
87.56
87.18
87.25
87.40
87.05
87.15
86.85
88.35
88.19
87.85
88.30
88.75
89.77
89.29
89.83
89.19
90.35
90.70
90.02
88.45
87.13
88.45
88.00
88.08
88.27
89.53
87.35
87.75
87.51
86.10
84.75
85.65
85.63
87.19
87.95
88.40
88.15
89.06
89.17
90.00
90.05
91.50
90.35
91.04
92.30
91.73
91.10
89.90
89.60
91.81
91.95
92.30
93.05
91.60
91.40
91.61
93.35
92.70
94.20
92.88
90.50
89.17
90.70
91.54
91.95
92.05
91.55
90.43
89.82
90.00
89.90
91.10
91.67
91.03
90.00
90.81
91.70
91.41
90.91
90.59
92.49
90.60
90.55
90.10
90.33
91.30
92.20
92.80
93.35
93.00
93.98
94.70
94.41
93.64
92.65
93.45
94.05
93.47
93.40
93.36
92.96
93.64
93.90
93.77
93.82
94.86
95.59
95.27
94.92
94.78
93.93
94.24
93.90
93.12
93.69
94.85
96.50
95.65
96.48
98.66
97.00
95.80
94.07
94.88
94.27
94.78
94.36
95.60
95.65
94.34
94.15
93.56
94.15
93.13
93.31
93.68
94.86
95.99
95.79
97.60
98.78
99.66
99.27
99.77
99.80
101.33
50.85
51.00
51.30
51.04
51.20
52.00
52.21
53.27
53.00
52.58
53.03
54.00
54.02
53.63
53.61
53.72
54.00
54.55
55.20
54.95
55.41
54.59
54.00
54.01
53.50
53.35
52.41
52.74
53.65
53.55
53.45
53.44
53.95
52.90
52.00
53.06
52.55
52.80
53.48
54.39
54.50
53.06
52.50
52.65
52.78
54.05
52.92
52.71
53.44
53.78
54.10
54.80
54.75
54.70
55.00
54.75
54.69
52.90
52.32
52.65
52.81
51.80
52.70
52.78
52.80
53.00
53.02
52.15
51.00
51.94
52.56
52.93
52.30
52.68
52.32
52.45
52.92
52.59
52.46
50.98
50.67
50.80
51.73
51.24
51.50
51.41
52.57
52.10
52.56
53.11
52.69
52.00
52.30
52.73
53.42
53.55
54.07
53.73
54.65
55.19
55.53
56.33
56.75
56.25
56.48
56.65
57.50
57.76
58.24
58.17
59.57
58.65
59.95
59.39
60.30
61.16
62.36
62.08
60.94
61.57
61.07
61.55
61.18
61.50
59.58
58.25
58.48
59.39
58.17
59.60
59.46
60.60
60.03
58.85
58.67
58.32
58.26
58.11
58.69
59.18
59.08
57.06
55.90
57.76
57.81
56.70
56.50
55.66
54.69
54.00
52.25
52.80
53.35
52.20
53.49
54.35
54.37
53.63
52.01
51.55
51.95
53.04
52.72
53.20
54.00
52.89
53.45
52.98
53.39
52.51
51.28
50.31
52.03
51.71
52.20
52.00
52.60
52.89
53.63
53.76
54.83
54.17
54.74
54.77
55.21
55.13
54.87
55.05
56.01
56.30
56.00
56.24
57.03
58.75
58.98
59.09
58.95
57.85
57.48
56.87
57.48
57.00
56.65
56.35
57.30
58.80
56.69
58.01
57.36
57.48
57.53
57.47
56.82
56.48
56.75
57.05
57.43
57.48
57.85
58.49
57.85
58.85
59.17
58.11
58.56
59.75
60.35
60.40
60.75
61.50
61.83
62.48
62.59
62.03
61.72
60.39
59.20
59.80
60.40
60.45
60.26
59.60
59.73
59.79
59.59
60.31
63.00
62.71
62.52
62.34
61.85
62.42
63.81
63.36
62.54
62.90
62.92
63.60
64.31
64.60
64.92
63.55
63.11
64.30
64.70
64.98
65.69
65.25
64.46
62.84
61.70
60.37
60.95
60.46
62.02
60.65
59.12
59.99
59.10
57.42
58.12
55.77
56.31
57.95
58.60
57.99
56.85
57.56
57.07
57.54
58.79
59.48
58.01
57.16
57.85
56.64
56.06
56.95
56.99
56.29
57.60
58.00
58.26
59.00
59.00
59.05
58.38
57.48
57.47
57.70
58.87
59.47
59.69
60.07
59.31
59.42
59.16
59.90
58.95
59.28
59.06
57.69
57.17
57.48
57.05
57.11
57.00
56.13
56.73
56.47
57.25
59.08
58.68
58.95
59.49
58.76
59.22
60.00
59.89
60.90
61.98
60.40
62.00
61.09
62.05
62.30
61.50
60.10
60.85
60.41
59.38
58.71
58.12
58.00
58.54
57.74
58.12
57.32
56.63
55.85
55.85
56.10
56.78
57.99
57.90
57.10
57.56
57.65
56.69
56.72
57.24
56.82
56.75
55.85
55.32
55.47
54.15
54.53
55.20
56.50
56.51
57.98
57.00
56.60
56.42
56.66
56.70
57.85
58.41
57.55
58.75
58.26
58.35
58.35
58.91
59.65
59.68
59.14
59.90
59.21
58.40
59.18
59.85
60.49
60.70
60.47
61.57
61.39
60.43
59.65
60.50
61.62
61.57
62.74
61.60
62.48
62.00
61.96
62.81
63.19
62.75
60.41
60.80
60.02
58.94
58.71
58.00
58.97
57.84
58.45
59.60
60.00
58.47
59.67
60.41
61.26
59.36
58.71
56.77
57.96
57.88
57.59
57.15
58.30
59.10
58.72
57.76
57.52
58.44
58.76
58.72
60.00
60.35
61.58
62.45
62.27
62.76
63.88
64.15
63.60
64.53
65.55
65.06
65.48
65.71
65.40
65.55
66.05
65.78
64.65
66.42
66.96
68.44
66.30
65.70
65.72
66.50
65.74
65.97
65.92
66.84
67.51
67.29
67.35
67.50
67.75
67.00
64.82
66.35
67.42
66.60
66.44
65.68
66.80
66.31
65.97
65.75
65.19
64.72
65.73
66.09
65.01
65.40
63.63
62.00
61.61
62.46
62.06
62.00
63.01
61.90
61.08
62.30
61.46
62.18
63.84
64.11
64.40
64.90
64.00
63.25
64.13
63.52
64.02
63.09
63.63
63.49
64.36
64.41
65.11
64.94
64.80
65.83
64.94
65.64
66.66
68.28
68.05
67.21
66.10
67.20
66.95
68.00
69.05
69.85
68.60
69.86
70.30
69.54
70.46
69.85
70.31
68.11
68.84
69.58
70.22
68.97
69.29
68.89
70.20
71.25
72.33
73.11
73.66
73.85
73.66
73.62
72.83
74.46
74.53
74.72
75.99
75.10
72.98
74.46
73.66
73.30
72.64
73.28
74.26
73.89
72.77
70.90
70.28
71.06
70.98
69.75
69.32
69.10
70.08
69.71
70.83
71.33
72.51
71.61
72.49
72.50
72.14
71.51
71.95
72.99
73.25
73.80
74.05
74.15
73.87
72.46
73.93
73.10
72.73
72.64
72.06
71.01
70.65
70.12
70.02
71.19
71.42
70.71
68.59
67.32
67.58
66.20
67.28
67.80
68.95
68.83
68.47
68.83
68.30
68.20
69.24
68.58
69.39
70.38
71.55
73.39
74.14
74.01
74.47
74.36
74.81
74.05
74.61
75.12
75.56
75.32
75.79
77.04
76.75
77.50
77.25
78.00
77.55
77.47
77.29
78.06
77.11
77.58
78.17
78.42
78.09
77.97
78.48
78.65
79.80
78.63
79.42
79.92
79.52
78.50
80.00
80.94
80.15
80.75
81.87
83.11
82.83
82.18
81.67
80.40
80.98
80.56
82.15
81.76
82.20
82.71
82.73
81.65
80.01
80.66
81.35
80.81
81.41
82.86
83.27
82.99
83.60
81.49
82.85
81.56
83.49
82.25
84.89
84.79
84.70
83.60
86.79
86.57
87.55
89.00
89.48
90.91
93.48
93.50
93.08
91.09
93.46
93.00
92.17
91.64
89.86
89.26
88.31
85.85
86.26
84.77
84.51
83.71
81.19
81.33
82.98
83.10
80.14
84.10
83.06
82.25
79.79
83.69
84.00
84.14
84.81
85.80
85.90
86.63
86.60
85.20
86.70
88.31
87.19
88.47
88.48
87.93
87.56
87.51
88.42
89.65
89.40
90.01
91.20
93.70
94.02
94.28
95.00
93.09
93.18
93.26
93.55
93.30
93.92
91.51
91.65
92.10
91.55
91.83
90.33
92.52
91.53
92.27
92.40
93.88
93.07
92.70
88.16
88.93
89.12
90.46
91.86
91.86
91.75
90.40
90.05
87.65
87.47
88.69
90.91
87.97
88.90
87.00
85.82
87.35
85.94
84.88
85.98
85.05
87.80
86.46
86.85
83.45
84.52
85.61
87.13
87.10
87.14
87.79
89.27
90.69
91.23
91.68
91.91
91.51
92.50
91.70
90.60
91.39
90.93
92.30
93.63
94.31
95.08
94.01
94.37
93.96
93.80
93.88
93.74
92.41
90.88
91.60
91.60
91.22
89.96
87.69
86.50
82.75
78.23
78.76
81.85
84.68
81.13
83.21
82.11
82.10
84.71
82.51
80.73
80.13
77.11
79.29
80.22
80.84
80.92
82.98
82.52
84.39
83.99
85.57
85.27
85.54
86.75
87.43
88.22
88.47
86.38
86.66
87.03
88.53
87.23
85.55
85.71
87.50
86.00
87.51
83.47
85.11
86.14
81.28
83.38
84.27
84.62
85.32
84.89
84.95
85.08
86.65
86.91
88.03
88.65
87.90
89.51
90.19
89.03
88.80
89.70
90.33
91.20
91.76
93.15
92.49
94.25
93.88
92.66
92.80
92.61
95.06
94.86
95.53
95.33
95.09
96.76
95.50
97.50
97.20
97.42
97.98
98.48
99.02
100.62
102.76
103.25
102.85
102.12
99.95
98.86
100.04
99.13
98.82
99.04
97.18
96.40
100.61
99.95
100.57
99.55
98.87
97.45
99.51
99.80
99.93
99.56
97.32
96.03
98.58
98.81
99.13
97.33
98.30
98.26
99.10
97.79
98.11
96.06
96.29
93.74
94.96
92.61
92.24
89.34
86.14
85.93
86.57
86.52
85.75
82.66
82.05
82.86
82.62
83.11
86.16
83.98
84.06
82.55
82.38
84.82
82.87
84.60
84.84
83.42
85.86
85.44
84.69
82.75
85.32
87.25
87.68
88.58
85.80
86.73
87.32
87.62
84.49
83.10
84.14
81.00
81.34
80.20
79.65
80.48
82.90
81.16
78.84
81.00
81.36
85.56
88.22
87.16
85.74
85.10
86.00
85.02
78.85
81.51
81.50
79.96
77.64
78.02
72.13
73.75
60.50
60.17
72.68
66.48
60.66
61.55
64.10
67.64
63.89
62.88
61.01
62.58
63.72
70.22
72.11
73.86
73.44
75.42
76.73
73.88
70.81
75.22
72.63
71.98
67.66
73.94
72.10
70.98
73.14
69.13
65.46
71.66
75.19
75.86
78.25
76.50
73.74
73.70
73.44
70.85
76.03
77.28
76.80
79.01
77.12
80.19
78.95
78.45
76.50
73.57
71.60
70.10
68.79
69.92
71.25
71.50
72.90
74.23
76.16
77.56
76.41
73.61
73.88
72.23
70.58
70.81
69.70
72.08
70.93
68.43
69.92
68.40
71.43
71.28
72.99
72.51
72.30
69.52
70.57
72.29
71.48
72.58
74.41
74.36
71.47
69.95
69.71
67.23
66.49
65.99
65.48
65.99
63.27
65.30
64.36
61.91
59.37
58.48
59.06
58.06
57.53
57.63
59.89
61.10
61.71
63.88
61.66
63.11
64.70
68.25
67.54
65.91
68.24
69.35
70.59
69.08
67.54
67.44
66.00
70.00
69.90
69.74
69.06
67.73
69.56
67.45
66.88
66.43
67.15
66.42
65.30
63.55
64.33
64.44
66.24
65.32
64.80
66.60
68.00
66.06
67.34
66.76
66.49
68.62
68.59
69.29
68.82
68.19
67.66
66.92
66.64
65.98
66.40
64.53
64.75
63.81
65.69
65.05
66.55
67.80
69.10
68.73
68.97
69.94
69.00
70.06
71.00
70.36
71.19
71.96
71.70
69.44
68.55
68.82
67.08
66.15
66.34
65.50
66.61
66.41
66.94
66.93
65.61
63.69
63.93
62.67
63.62
61.76
61.46
63.00
64.15
64.26
64.72
65.69
66.34
65.54
65.97
67.66
68.62
68.21
67.50
67.93
67.15
70.26
69.97
70.42
69.86
69.68
69.28
68.83
68.11
69.06
68.57
66.65
66.56
66.25
68.32
69.46
70.10
71.13
70.10
70.71
71.29
69.99
69.69
68.40
68.42
68.17
69.73
70.68
70.89
71.79
69.94
71.33
71.86
72.18
72.83
71.59
72.72
72.50
71.30
70.58
70.79
71.50
71.12
70.40
68.22
68.27
70.14
70.31
70.89
71.94
73.19
73.73
74.88
75.19
76.37
76.94
77.71
76.60
76.61
77.14
76.96
75.82
76.39
76.16
78.25
76.86
75.81
77.10
76.62
76.57
78.29
77.41
78.87
78.32
77.30
78.11
78.45
78.82
78.52
76.85
78.31
78.73
79.11
77.63
77.85
79.10
78.99
78.61
78.74
77.92
77.89
76.91
77.66
77.67
78.45
77.02
77.90
77.49
77.42
77.60
77.83
77.87
77.02
77.78
77.81
77.10
77.72
78.20
79.22
79.44
79.36
79.12
80.17
79.52
80.27
79.63
79.54
78.96
78.71
78.15
75.98
75.15
74.08
73.94
73.97
73.53
72.70
73.74
74.18
72.56
71.00
71.24
70.89
71.02
70.72
70.54
71.99
73.22
72.69
73.44
74.17
72.60
72.12
71.19
72.19
72.63
73.18
73.63
73.07
73.55
74.49
74.30
74.14
74.07
74.17
73.51
73.90
74.18
74.85
74.98
74.17
74.43
74.27
74.40
74.00
74.61
75.27
75.47
76.40
76.97
77.57
77.67
76.93
78.04
79.50
80.42
80.46
80.61
81.46
80.25
81.82
82.30
81.11
81.04
82.52
82.08
80.62
81.19
82.37
81.96
82.01
79.69
79.41
77.22
79.37
79.64
79.77
79.80
78.42
77.39
78.31
76.35
75.04
72.35
74.22
71.74
73.19
73.13
74.00
73.56
72.66
74.66
72.15
71.66
71.68
71.17
72.87
73.48
74.23
74.57
74.61
75.02
75.47
76.81
75.45
73.84
71.80
71.13
70.56
69.20
68.22
68.19
67.79
68.28
67.82
70.18
70.46
71.53
72.99
73.01
73.23
72.65
71.84
71.00
73.33
72.80
73.28
73.82
74.86
75.13
75.89
75.15
77.62
77.92
78.78
78.51
78.23
79.30
78.54
77.97
76.41
77.04
77.11
77.57
77.61
76.72
75.46
75.34
74.27
73.32
74.37
73.89
74.63
73.51
75.36
76.75
77.39
77.68
77.16
77.89
78.33
79.37
79.25
79.06
78.99
79.42
78.54
80.04
79.93
78.52
79.26
80.30
80.45
80.74
81.69
81.89
81.89
82.18
83.29
84.42
83.47
83.85
83.36
83.45
83.65
84.39
83.48
83.38
83.14
84.51
84.79
85.13
84.65
84.64
85.27
82.89
83.15
82.36
82.66
84.16
84.71
84.62
83.91
83.78
85.00
85.46
85.74
83.55
82.41
83.04
83.69
83.47
82.47
82.15
82.44
81.30
80.64
82.15
82.70
84.49
84.79
85.92
86.51
86.79
86.96
87.72
88.58
88.02
88.08
88.85
88.96
89.34
89.62
89.89
90.49
90.32
91.54
91.32
91.58
91.66
92.28
90.92
91.76
90.98
90.95
90.87
92.36
92.01
92.12
92.94
93.63
92.14
93.37
93.89
93.78
94.38
94.56
94.49
93.85
95.63
95.37
96.57
96.93
97.28
97.87
97.25
95.88
96.09
95.50
96.58
96.72
96.56
97.41
99.23
100.53
103.09
101.71
102.28
104.07
103.05
103.84
104.13
104.12
103.41
103.18
101.48
98.10
99.16
98.18
101.65
100.88
103.37
103.86
105.36
104.73
105.87
105.72
106.40
106.04
107.61
109.31
108.29
108.52
108.25
109.83
109.02
109.35
109.74
106.47
104.82
103.32
105.52
104.95
104.49
107.71
108.25
107.37
107.85
109.11
109.08
108.48
109.48
107.58
106.02
103.36
103.34
103.25
104.32
103.27
101.63
103.45
102.03
100.31
100.92
103.69
103.55
101.13
101.85
102.00
102.99
103.64
104.61
104.73
102.35
99.73
100.90
100.23
99.51
100.51
100.94
100.04
100.02
99.20
98.06
100.23
98.88
100.54
101.27
98.90
99.54
97.94
99.53
100.69
101.79
102.71
104.11
104.82
106.08
105.45
104.43
103.99
104.74
105.70
105.68
105.58
106.49
107.51
107.88
109.39
107.55
107.91
106.97
105.15
103.72
106.08
104.72
103.53
100.78
98.03
94.28
91.60
92.71
92.07
95.64
97.00
97.99
98.41
95.14
92.09
96.55
93.92
96.83
98.05
94.68
98.28
97.97
98.85
99.01
96.31
93.58
98.27
98.89
97.01
93.94
96.76
96.31
98.72
100.00
97.19
99.28
97.21
90.91
90.13
90.65
94.16
93.99
94.19
92.96
91.93
88.72
92.14
93.38
95.67
96.13
97.21
98.11
96.62
98.97
99.91
99.03
102.69
102.68
104.50
105.50
106.62
106.08
107.84
108.85
107.72
101.47
103.96
105.84
105.75
106.65
108.27
105.80
105.32
106.69
106.20
106.23
102.51
100.75
100.52
96.92
95.68
95.42
94.03
96.03
95.96
100.50
102.82
103.04
103.58
103.10
104.22
104.00
102.74
104.02
104.22
102.75
101.23
100.32
101.16
101.94
103.68
105.51
106.63
107.26
107.86
106.38
106.79
108.74
109.83
109.39
109.41
108.24
110.12
108.51
104.52
104.62
107.27
106.00
107.21
106.95
106.99
106.45
106.37
108.03
104.39
103.40
104.61
104.42
103.03
104.91
104.62
106.02
107.27
107.18
105.19
106.16
106.25
106.24
105.52
107.02
107.51
108.16
107.54
108.80
108.29
109.68
110.40
109.17
109.50
109.14
108.14
109.00
109.80
109.89
109.65
110.22
111.05
110.51
110.43
110.52
109.93
108.95
106.85
105.68
107.23
107.88
106.57
105.08
107.04
106.85
107.93
106.25
105.17
103.30
103.25
102.31
100.89
102.29
101.62
102.46
103.42
103.27
103.11
101.19
102.77
103.56
104.00
106.78
106.16
106.74
107.51
107.04
105.27
103.08
102.75
101.61
102.83
102.95
101.74
102.04
100.77
100.20
100.48
98.81
99.93
98.33
99.26
100.04
99.81
99.11
98.06
96.65
96.48
96.39
97.89
100.98
99.89
101.99
100.20
100.68
100.17
103.00
103.14
103.99
104.04
103.46
100.65
99.34
98.97
101.46
101.85
105.32
105.59
106.29
106.27
104.99
104.97
104.87
104.31
104.31
105.34
105.71
106.99
106.79
107.92
108.16
107.25
108.16
106.52
107.59
109.38
108.87
109.55
109.72
109.46
111.14
110.75
111.60
111.50
112.26
111.96
113.32
113.70
112.13
112.72
113.31
112.69
112.81
111.90
112.08
110.77
112.18
111.84
112.33
111.49
111.67
112.03
111.60
111.57
112.97
114.20
114.07
114.23
114.73
116.93
117.17
116.99
117.09
116.14
118.53
117.55
118.18
116.82
116.78
116.88
116.92
117.65
117.65
116.64
117.42
117.19
117.52
114.64
113.37
113.08
112.16
113.48
114.36
114.55
114.90
113.61
111.58
109.42
110.63
110.67
111.93
110.02
110.70
107.74
109.65
109.24
107.23
105.26
106.45
105.37
104.99
101.99
101.56
103.67
104.01
103.95
104.87
104.75
105.00
102.98
105.89
106.10
106.00
104.40
104.38
105.49
106.73
107.10
107.29
108.17
108.54
107.61
107.97
108.54
110.47
110.00
109.57
109.30
109.10
108.46
107.68
105.75
110.27
110.14
109.99
110.02
109.48
109.72
110.19
111.20
111.38
112.26
113.31
114.73
115.23
115.11
115.35
115.49
115.52
116.56
116.28
117.07
116.22
115.84
115.02
115.74
115.43
115.99
114.93
115.68
115.72
115.43
115.16
115.50
115.19
115.93
114.79
115.51
116.50
114.47
114.71
116.57
116.73
116.78
117.97
118.30
118.62
118.95
118.63
118.88
118.38
118.73
119.59
118.78
119.39
119.98
120.00
120.66
121.50
120.74
120.50
120.44
118.99
119.84
119.18
117.93
116.64
117.45
117.99
118.89
119.96
120.46
118.81
117.34
116.40
114.88
116.36
116.39
116.99
118.04
119.07
119.00
120.44
121.05
121.25
121.00
122.69
123.32
123.35
122.98
123.46
123.38
122.90
122.92
123.73
122.74
122.74
123.43
124.84
125.91
124.21
124.50
126.39
126.07
125.23
124.64
122.35
122.82
122.34
121.27
121.22
122.94
121.87
122.32
119.90
121.13
120.45
121.03
121.80
119.54
119.24
117.71
117.75
118.34
118.52
118.79
118.35
119.09
119.24
119.69
121.29
122.39
123.45
123.95
123.52
124.11
124.71
124.65
124.68
125.79
126.71
127.07
127.25
126.14
127.03
127.37
126.20
126.02
126.49
124.87
124.72
123.97
123.03
123.88
123.12
122.00
121.93
122.76
120.68
119.89
119.69
118.59
118.38
117.94
118.69
119.74
118.24
119.46
121.15
120.52
121.34
120.35
121.08
121.53
121.21
122.82
123.05
124.05
123.98
124.98
124.10
124.36
125.86
125.66
124.62
125.34
124.77
124.10
123.23
121.60
121.27
121.04
120.62
118.50
117.43
117.89
116.55
115.24
116.57
117.33
118.56
119.42
119.10
119.61
119.63
120.14
120.29
120.67
120.59
120.56
121.33
121.54
120.15
119.04
118.59
117.60
119.30
121.60
119.67
121.18
121.03
119.58
119.58
119.78
120.71
120.55
122.16
122.36
123.54
123.77
123.41
122.62
122.83
122.87
122.31
122.10
121.27
122.05
122.27
123.79
123.82
121.78
120.44
120.46
120.12
119.33
121.57
122.82
123.41
122.77
123.60
125.00
124.79
124.68
124.46
124.60
124.59
124.42
124.44
123.42
122.50
120.81
119.40
119.69
119.11
119.03
120.74
120.51
119.84
117.87
116.26
116.72
116.14
116.31
113.90
112.35
111.86
111.00
110.11
111.91
112.47
112.03
112.89
111.73
112.58
113.86
112.55
113.51
114.72
113.37
114.37
114.82
115.66
115.87
114.79
115.89
115.08
114.71
115.07
115.45
115.90
114.14
115.60
114.36
114.26
115.62
115.88
114.85
116.29
116.00
116.23
117.80
117.75
118.13
118.79
119.15
118.52
119.78
119.75
118.32
117.66
117.83
117.20
116.50
117.84
118.71
120.90
121.72
123.05
123.87
124.19
124.84
124.23
124.26
125.92
125.76
125.66
123.90
124.82
125.00
125.95
125.70
125.39
125.57
125.57
126.14
125.17
123.96
122.95
122.95
123.00
124.10
124.10
123.76
122.90
122.89
122.24
122.93
122.39
122.32
122.53
123.70
124.01
124.98
125.13
125.73
125.94
127.15
127.90
128.96
130.29
131.95
132.52
132.74
131.34
131.21
130.73
130.15
130.94
130.53
131.44
130.44
129.70
130.27
130.48
129.13
128.80
129.07
129.89
130.64
130.64
130.11
131.55
132.70
134.03
134.58
133.56
132.90
132.97
131.73
127.76
127.69
127.81
124.90
126.19
126.07
128.16
127.14
127.64
127.68
126.42
126.27
126.72
127.25
127.68
127.02
127.57
128.06
128.41
128.28
129.00
129.20
128.45
128.21
127.15
126.68
124.49
124.46
123.28
123.54
122.35
124.06
125.13
124.85
124.94
124.60
123.53
123.07
122.20
120.55
120.72
120.51
118.80
117.39
118.16
117.91
117.47
115.83
117.02
114.70
113.55
112.60
108.57
107.96
111.78
111.53
113.18
115.20
116.00
116.19
114.38
116.17
118.00
116.18
118.35
119.83
115.99
117.27
116.90
118.75
119.58
117.95
117.86
117.09
115.70
115.96
115.97
115.97
116.16
