0.0
1.96917808219
1.93948797517
-4.41230997405
-7.3991416309
0.483008452648
-1.53715498938
0.641025641026
1.73913043478
-1.7094017094
0.0513083632632
1.35205408216
2.50533049041
9.61145194274
-0.416989914663
5.7641025641
-3.1007751938
-3.30578512397
3.73841092613
-0.742133386107
1.56783919598
0.892313932265
0.828136182394
3.22955145119
1.60857908847
-2.61096605744
1.86170212766
2.79965004374
-2.464
2.03526338703
-4.04177545692
1.80754917597
-0.148635736278
0.587355830842
0.818260120586
2.49393069962
2.39548022599
3.97086466165
-3.68861733424
0.568957669549
-0.419263456091
1.07662352537
-1.27770239711
1.14364135407
43.3442622951
5.1724137931
0.4329004329
7.44186046512
-6.1135371179
2.69058295964
-4.70085470085
-2.30460921844
3.92224921902
-0.860289057123
1.9649122807
0.0
1.44153764015
-0.442948263643
2.15384615385
-3.0701754386
-2.87953654796
1.18965517241
2.20264317181
-4.6218487395
-6.29921259843
3.15139701105
-1.89641434263
-1.08764186633
-3.87878787879
-0.662251655629
-4.14081662098
-0.273381294964
10.3174603175
-8.69565217391
4.45049954587
0.0
-4.17754569191
-2.21276595745
9.72762645914
5.76131687243
-0.213534822602
1.89121338912
0.0837520938023
-0.183915733155
-1.33619267568
0.297816015884
-0.722733245729
-0.50661872855
-2.48605577689
-2.24334008413
-1.24615384615
1.37242669994
-1.17139334155
0.589147286822
-0.769230769231
0.3861003861
-0.476483246234
0.277435265105
0.776638707673
-2.27686703097
-0.090991810737
-0.467924528302
0.196612220206
-0.571428571429
1.34105455654
2.53125
1.08987521719
0.0948616600791
2.21396250808
7.61739130435
0.877192982456
1.09968073785
-1.08771929825
0.0
0.440528634361
2.25225225225
-1.05188090569
1.52036199095
1.2646627566
0.813008130081
-1.49253731343
-1.22258180511
0.0
0.12601260126
3.59940320776
-5.5154185022
1.55690765927
0.467457749011
0.669683257919
0.674198250729
-1.0101010101
0.580551523948
0.0
1.02639296188
-2.57142857143
-0.213827512473
-3.65665236052
-1.47158322057
0.203389830508
-0.20297699594
0.203389830508
-2.67238535137
1.60911833724
0.167897918066
0.625105592161
3.84210526316
-2.97872340426
0.962364667469
0.223906303824
1.18508191007
0.455182072829
1.09734513274
0.337417865388
-0.88012673825
-2.47210300429
-1.68776371308
-5.57768924303
0.0
0.803212851406
-1.19047619048
-0.300680487419
-1.45040548971
-0.295443943399
2.17667619956
0.302788844622
0.0
0.4
0.708991298743
0.371987708232
0.733137829912
-1.792
-1.48171500631
1.30948578729
-1.29255989912
1.19636305631
-0.58674278465
0.896
1.95758564437
-1.92
0.611719253059
1.0081300813
-0.501536968128
-1.70165394402
-1.56543519098
1.20405576679
2.21862348178
0.0
-7.75321183149
-0.089552238806
-1.55744930943
-1.08995785496
-1.86822589846
-3.94520547945
-1.27130105491
1.45444566411
0.607399226946
-1.44217687075
-0.162999185004
1.3770311209
0.945232137893
-1.86877642886
-1.84763689918
2.31506849315
0.164654226125
4.77285796435
-5.5148057593
-1.7614091273
0.0
-2.59942812581
0.0780437044745
7.61478163494
3.53623188406
1.56020017663
-0.454212454212
-0.36496350365
0.0876680303916
-1.4400921659
-0.0863309352518
-2.96006702039
-0.871972318339
-0.262286029818
-1.28100299809
-0.918174453146
-2.23102310231
1.08086469175
1.18822576289
-1.82926829268
2.4721543059
1.01536772777
-1.09919934862
-2.47485442033
0.90811965812
1.27130105491
-1.91032104006
2.99221205083
1.48363838048
-1.95758564437
3.24210526316
3.17115551694
-4.00333611343
-0.690226394257
-1.44217687075
2.97001961334
-1.70751858992
-0.683807439825
0.77177508269
-2.60402684564
1.01694915254
-0.92692101021
-2.69281045752
-0.970873786408
-1.51708312086
-0.0764331210191
5.19967837041
3.19457889642
-3.50947424606
-2.11598746082
2.59983918521
1.09741227476
1.45704467354
3.47034561229
-2.26577703642
2.49323265422
-0.875582544838
1.24392336288
1.18634259259
-0.460829493088
-0.714898484415
0.0
0.996389891697
3.59012715034
-5.97749648383
-1.03006681514
-2.85327924273
0.257592190889
-0.79354404842
0.310307609282
-1.42306157734
0.387182910547
-0.120016002134
-0.146471371505
0.737759892689
1.16705116027
-0.230165177363
-1.30946018172
-1.1491216484
-1.41927083333
0.919842312746
1.42609622818
5.51258613416
0.579915134371
0.283687943262
2.69482884195
-1.43575017947
-0.726909920182
1.6075307748
0.773496789259
-3.49295774648
2.69019380966
1.30402930403
0.161432345172
2.31231231231
2.55620572836
0.370942812983
-1.82094081942
0.0
4.27215189873
0.717131474104
4.23588039867
-0.364117841774
-2.83049211965
0.177219268568
1.3387755102
-2.15654952077
1.62337662338
0.818330605565
0.377854443897
-1.10479285134
-0.210765239948
2.2207490885
2.79386712095
-0.474737199051
0.30612244898
-0.591715976331
3.0487804878
-0.0522375065297
-2.59497964722
1.65517241379
-0.0861326442722
2.48940677966
-1.59833217512
-1.26929674099
-2.557245529
-0.366361365529
-6.435026488
0.0467653936087
-0.186712307453
0.0
-0.587780355762
0.232558139535
-2.55325577882
0.531591737546
0.519083969466
-0.832702498107
0.10609275538
-3.38263288915
1.69769173492
-0.489033787789
3.41762452107
1.953125
-0.2959962611
-0.0933852140078
1.1811023622
-1.76361386139
0.419450054373
0.202366127024
1.14942528736
-0.141509433962
-0.749063670412
-0.912324107005
-0.385089340727
0.99564405725
-0.10878010878
-1.75572519084
0.846805234796
0.138760407031
3.61022364217
0.724054706356
-0.416599903862
-0.223820943245
0.320769847634
-1.46965865992
0.764331210191
-1.65988098966
0.725552050473
-0.392772977219
-0.235109717868
-1.03924305879
-0.201238390093
0.108476677514
-0.723076923077
-1.72361657091
-1.29831368452
-2.53090909091
0.0
0.895215732316
-1.46059291396
-1.1154011154
1.0549132948
1.18438368182
0.440593332354
0.427728613569
-0.425906887942
-2.72857142857
-1.40845070423
0.752093089258
-0.886075949367
0.112644325542
-0.671328671329
0.0559753708368
1.76587866705
-0.749116607774
0.198272199405
1.08804581246
-1.20226308345
-1.62793933491
-0.34664448142
-0.524137931034
0.443336104184
-2.70926000809
-0.749163879599
-1.22885835095
1.20353035571
-1.15003304693
-1.67663114115
-0.0779220779221
0.208224882873
2.46699559941
1.31045663334
-0.764177503687
0.593391773432
-1.81408898305
-0.474433315762
0.503311258278
1.54673839946
0.202156334232
-0.469483568075
0.471698113208
-0.469483568075
2.3897816234
8.67164179104
-3.5416066801
-2.16901408451
-0.182763953325
-1.75414364641
-0.535787882951
0.552562508634
-1.21451965066
0.0409556313993
2.87921348315
-2.04980052277
0.608996539792
-0.399779432038
-1.09080992637
1.03320016531
0.903530720044
1.16720573759
0.25377132384
1.61891117479
-0.711237553343
-2.02090592334
-0.966183574879
1.32867132867
0.140056022409
-1.23115230322
-1.4451261077
2.87517531557
-3.90835579515
0.569259962049
-2.89549881548
-0.0263157894737
-1.20889119979
-1.37179487179
-0.140827038791
1.83833116037
-0.789031173199
0.0517665329365
-0.757770357051
-0.472964335933
-0.0766381402478
-0.571501143002
0.0762582613116
0.229299363057
0.770218228498
-0.70108349267
0.383877159309
1.33558091286
1.47368421053
-1.85950413223
-0.0258197779499
1.52031454784
-0.0523971705528
-0.469361147327
1.32100396301
0.357947766141
-1.68143899896
0.026075619296
-4.06504065041
-1.17428924598
1.25156445557
0.125313283208
-1.94150897026
-0.0982077093052
0.580318557847
0.434027777778
0.473461250934
-0.298136645963
0.436681222707
0.804930197459
0.480222418805
-1.0875
0.971854095671
0.994263862333
1.16054158607
-0.270061728395
0.725388601036
0.350968412843
-0.362647325476
-1.89326556544
-1.19271814187
0.201283180274
-0.250972518509
-0.150357098108
0.491060186351
1.04325699746
1.0542555927
-1.7184735911
-0.0252652854977
2.11558307534
-0.983522799847
-4.15034280118
-1.07787331961
-0.157194679565
0.0968288549988
0.145454545455
0.450505296481
0.0487270069436
0.46505935626
-2.20227408737
-0.214976710856
-0.368871965731
-1.11777856218
1.17857142857
-1.17647058824
2.28640192539
-2.92056074766
-2.0258670024
1.00578034682
1.16959064327
0.837362896568
-3.15248429469
0.655323062773
2.25723019045
0.0117577895356
1.32237312366
0.023832221163
-0.214030915577
-1.38367729831
0.0704060079794
0.27062007295
-2.38888250833
-0.67305498517
-2.5350233489
0.379464285714
-0.884955752212
0.332963374029
0.389972144847
0.335382895472
-0.633192623861
-0.0777000777001
0.111123458162
-0.673289183223
1.50123235492
-0.800177817293
0.200445434298
-0.498614958449
0.133141018529
-2.39332900152
1.12802540795
-0.674426193843
1.52401987852
-0.712719298246
1.20963267118
1.92285940504
-0.517609992123
-0.0224997187535
-0.0112485939258
-0.592642290059
0.0111831804965
-0.423162583519
-0.222222222222
-0.288056725017
-1.67755991285
-1.5444015444
1.40293637847
-0.27114967462
0.589133755182
-0.152505446623
-0.282424505757
-0.367965367965
-0.869005471516
0.171950564213
0.976668475312
-0.882004947833
-0.694296090579
1.32034632035
1.42700329308
-0.870511425462
0.580059100361
1.22978063372
2.55652766731
1.13766950126
-1.94929577465
-0.893355667225
0.719829040603
-0.71468453378
-1.09343936382
1.10552763819
0.235057085292
0.156950672646
0.224719101124
-4.30107526882
1.66156536948
-0.0764609503004
-2.50266240682
0.0106507615295
-0.540254237288
0.586041555674
0.0
0.481798715203
4.94382022472
-2.28370663153
-1.25758889853
3.29227323628
-0.810840830834
0.840053763441
1.04119511091
-1.69114374722
-0.520199225235
2.78725824801
-0.0568504832291
2.32693426411
2.77412411814
1.61603888214
1.29230769231
1.47371050331
-0.398059460132
7.96400752082
-4.32994989079
-1.74220426714
-3.69604863222
-3.25805692778
0.973871733967
-3.46250859895
-0.0687442713107
-1.9215642207
1.27461021964
-2.1927871772
2.09090909091
0.31919744642
-1.36062071292
-2.1133736929
-0.318191792846
0.319207484865
0.877192982456
-3.04661427495
1.71922908454
0.362677217277
-0.284931506849
1.15286553597
-0.748157112994
0.143234905245
0.565096952909
-0.16592920354
-0.0110607233713
0.757829042684
2.11676340048
-0.87986463621
2.43817887682
-2.28093947606
-1.43572621035
-0.111172873819
-0.990643918547
-0.710382513661
-0.413582934262
0.745614035088
-0.869565217391
-1.0752688172
1.02107321312
-0.043431053203
1.0755048288
0.0329344604238
0.385717434428
3.06678782372
-1.18967452301
-1.81818181818
2.97288097129
-1.39852315954
-1.96336514204
0.673586572438
0.835096314442
1.45729778581
-0.461036770494
-0.414333706607
1.258646105
-0.898977413192
-1.38519503546
-1.15018074269
0.962176509622
-0.0883977900552
0.177108700465
-1.53678474114
-0.477275192537
2.04781934913
-0.725274725275
2.47747747748
0.11273957159
3.44023323615
-3.66250983036
0.0787047447718
0.553985302431
0.522786680305
1.7225433526
-2.52422808204
1.00159344412
-0.170435177821
0.364921883909
1.66956521739
0.98349139445
-0.454545454545
-0.786308973173
-0.916590284143
1.31166569936
-1.09070034443
-1.01147857711
1.45278450363
0.17325017325
1.09761793554
1.4451551765
-0.71739386099
0.59150597421
2.08937198068
-2.0002367144
-1.81289947705
0.962102546052
-0.837696335079
-0.497800416763
-1.44894466629
0.217242167848
-0.273660205245
0.331769820387
-0.726859738785
0.743707093822
0.0343367288543
1.94865810968
-2.25821167883
-0.0114038088722
0.182794470467
0.114377216059
1.01675332178
0.522648083624
0.186176402141
-2.12959799567
1.10535405872
-1.12704918033
1.56087408949
1.51408450704
-0.676148286314
-0.406362475328
-0.0696136442743
-0.196850393701
0.535506402794
-1.11661102797
-0.1953125
1.19753517033
1.0337131446
-0.351164696243
1.43671336975
1.40878988561
-2.29411764706
-0.0822851769131
0.674556213018
-1.2504382377
-0.174988334111
-0.221161680829
0.715123094959
0.530347672363
1.03596094308
-1.04866266054
2.01947349441
-0.156024963994
0.749697702539
-1.19474313023
-1.07552298783
0.72619047619
0.659077291791
-0.93779677113
1.62866449511
-0.22869523351
0.642035130224
-0.0605326876513
0.903982408991
1.2868101955
1.16410063838
-1.35819236943
1.0480349345
-1.00049407115
1.46634916656
-1.12763320942
-1.52532031727
-1.8327743172
0.0959232613909
-2.45614035088
-1.29300392519
-1.47861692448
-0.0909090909091
-1.01237345332
1.53037916857
-0.522608498069
-0.350956639873
-0.506870916873
0.157942238267
-0.460415496912
-0.525022341376
-0.665778961385
0.760286225403
-0.787576261786
0.827647914104
-0.545050055617
0.683167207974
0.585783485412
-0.482062780269
-0.833796553641
0.0778816199377
0.875420875421
-0.179251624468
-0.190092810019
-1.8654669154
0.640530093871
0.756648492267
0.818936504375
-1.70911897673
-0.176114474408
1.11296605454
-0.0222543674196
-0.310593455352
0.0110938540049
0.490523968785
-0.16694490818
0.819120287253
-0.424581005587
0.697569756976
1.21854002961
-0.89164785553
-1.44605116796
-0.465013286094
0.322114850605
0.761052042529
-0.089455440009
-0.167448091092
-0.244988864143
-1.43782241247
-0.730006537372
0.713266761769
-0.751470267915
0.547525186159
-0.793047256926
-0.34643282451
1.0833880499
0.638766519824
0.253947223142
-0.0331125827815
0.110497237569
-0.352345298392
-0.383898212131
-1.33116883117
0.555011426706
0.382346515185
1.24986174096
-0.898827140195
-0.295081967213
-0.952587140074
1.86349101334
0.454142667257
1.24481327801
-0.0112132765194
-0.867052023121
-0.16646321163
0.166740773677
-0.914197598855
0.765815760266
1.80790960452
0.169779286927
-0.237127371274
0.249037808467
-0.461971830986
0.191916911267
0.49920580894
-1.84855233853
0.717810677434
-0.379888268156
0.674915635546
0.759378896067
-1.47403685092
1.404144491
1.38920780712
-0.740740740741
-0.136565380676
1.34948096886
-1.29781420765
0.35416428653
-1.43018018018
0.680272108844
-0.987876066457
-0.0448833034111
-0.324348506878
0.336662551902
0.157356412274
-0.168312387792
0.814479638009
0.683371298405
0.480659189746
0.78431372549
-0.0115326951909
-0.539114475797
-0.55891410973
0.481375358166
-0.171624713959
0.126016725856
-0.896911898274
-0.810810810811
-2.87651755441
0.494614200923
-0.698537437241
0.515633571037
0.208883025506
-0.644456581103
-0.3916875204
0.185306300414
-0.91802570472
0.0972972972973
-0.804289544236
0.625876767023
0.520663846404
-0.129996750081
-0.0649561545957
0.227864583333
0.479720889664
-1.27018299247
0.0861883214825
-1.23430517131
-0.529212531753
-0.442571127503
0.946707797043
-1.14616193481
0.126342387871
-0.0105274239394
-0.627680719741
0.0942408376963
-0.510469840608
0.376450904528
-0.685429431924
0.0935550935551
0.229214419671
0.271625574593
0.482888935545
0.115606936416
-0.947324588799
-0.764462809917
-0.717948717949
0.246761258482
-0.684162156643
-0.366263098993
0.810256410256
0.154083204931
0.0411057445278
-0.256252562526
0.774713356058
0.84375
0.0729698738664
-1.10309278351
0.674623767514
0.668686657612
-0.343606830487
0.3972402258
-0.437135720233
0.702232470391
-0.365497076023
-0.890084868557
-0.258077836275
1.03254067584
-0.374064837905
-0.824402308326
0.113483957495
0.123954136969
0.0206632916624
0.290125375609
-0.351058337636
0.289945117531
-0.319983484723
0.916666666667
-0.846932451973
-1.02228583112
-0.841358337557
0.274446025615
-0.936461584936
1.83552091879
-0.64187468161
-0.335093419984
0.142363229612
0.101791530945
-0.967741935484
-0.471556135246
-0.210252302763
0.899080715224
-0.492561318858
0.505152556072
0.897043832824
-1.03903964491
-0.511842633481
-0.608478802993
0.551654964895
-0.329901029691
0.522560546679
0.515151515152
0.334448160535
-0.484114977307
-0.080620780006
0.884505896706
-1.47250325553
0.655374067352
0.567836138714
-2.35643564356
-0.0791452314998
-0.590086546027
-0.333267986669
-1.14341085271
0.496640373941
0.322391559203
-0.185275475378
0.195407914021
-0.823643410853
0.791092880164
0.333170014699
-1.03762606672
0.165128703254
0.50766377038
-0.0682926829268
-1.03311769818
1.758695225
-0.886162235855
-0.368681478607
0.546288167008
-1.29982668977
1.70387779083
-0.331836814367
0.352595494613
0.334119496855
-0.692885722651
-0.0195140989365
-2.88069743201
1.51996151996
-0.16327314637
1.56067108857
-0.523966621386
-1.11303012857
-0.201091640333
0.384504469864
0.0577089545061
0.590170278638
0.3300330033
-1.45398890377
0.567580567581
-0.886727688787
-1.03793168522
1.04881769641
-1.03793168522
-0.122514371878
-0.225669957687
-0.607476635514
0.516674495068
0.046992481203
-0.67214339059
1.12338336637
0.113410830734
-0.292122125895
0.14154949514
-0.0471609130353
1.34786349297
1.03341703689
-1.04176622384
-0.342889799028
-0.237552261498
-0.369213291679
1.40155515024
-1.69859394168
0.170148407222
-0.936417267534
0.460959548448
-0.477483381706
-0.899981443682
0.993253373313
0.993659506009
-0.386500754148
-0.0565291124929
0.788149273573
-1.03373743069
0.122318404215
0.207429756741
0.549867273417
-1.13412690974
-0.20578056309
0.69699538476
-1.47550111359
0.148698884758
-0.902560324185
0.704878501206
-0.718232044199
-0.192996967191
0.796665122742
0.0741633447668
-1.48858447489
-0.716293408287
-0.424340917299
0.217155266015
-0.0180929980098
-0.450288184438
-0.125921928404
0.733895080185
0.163354206371
98.5405405405
-0.715563506261
-0.107219442459
1.21179236752
0.986301369863
0.274725274725
-0.455788514129
0.753122703894
0.350230414747
-0.147248297442
0.332409972299
-0.496141124587
-0.238313473877
-0.31067251462
-0.291545189504
-0.0364298724954
-0.326797385621
0.127249590983
-0.16333938294
0.768105340161
0.330275229358
2.36664162284
-0.262270513301
1.69556105925
-1.1859939759
-1.42883651883
0.842065868263
0.98261526833
1.47651006711
-2.23097112861
-0.596347372344
-0.739918608953
1.71213546566
0.301943762974
-0.188359389716
-2.0479704797
-0.859703676605
0.699944741205
-0.312155710613
-0.92777878843
0.237053245806
-0.652173913043
1.32158590308
-0.674567000912
0.182648401826
-0.363967242948
-0.632911392405
-0.718132854578
-0.500178635227
0.846694289317
-0.821868858317
-0.409252669039
-0.51336519738
-0.106100795756
-0.17652250662
-0.141018861273
1.14102335532
-0.160199359203
-0.159943131331
-0.670785525154
0.621669626998
0.697549633339
-0.6221116246
3.45715336521
-0.911078717201
1.06813996317
0.0368459837878
0.369822485207
0.839082603021
-0.260368235075
-1.26698494308
0.628233555063
-0.987925356751
0.570377184913
0.165868042757
-0.073664825046
1.23042505593
0.355472404116
-0.4099124278
0.261535587521
0.96190116937
0.0943930526713
-1.34103184951
0.0559075661573
1.24528301887
-1.04555638536
-0.111898545319
1.07445805844
1.37588381426
-1.65382446908
2.76168404789
0.916000779575
0.254005470887
0.352941176471
0.058858151854
-1.71615888932
-2.50047001316
-0.616591928251
0.431600675549
0.985408375971
-0.433962264151
-1.85185185185
-1.0989010989
0.220264317181
0.239190432383
-0.256927876675
-0.511228774877
0.828424153166
-0.25706940874
0.739918608953
0.222469410456
0.559284116331
-0.850277264325
1.1593118923
-2.15879985364
-2.07810820494
0.776313413974
2.0073664825
0.481125092524
-1.79901871706
-2.39446612274
-0.106307583274
-0.0885112409276
0.0
0.659301496793
0.0356506238859
1.19047619048
-0.269832703724
-0.856072766185
0.268240343348
0.593631948192
0.342960288809
-0.0721500721501
0.362056480811
-0.378719567178
0.671750181554
-0.199311469469
1.26605504587
-1.0350463047
-0.487893024937
-1.03719599428
-0.780695528744
0.106571936057
-0.371615643249
1.76481181343
-0.626342161775
-0.196463654224
-1.21736062103
-0.0352733686067
1.88679245283
0.796957072994
-0.933070159699
0.523088023088
0.216919739696
2.16066481994
1.72834867556
0.680915452998
-0.992509363296
0.300525920361
1.17825921703
0.17133066819
1.05809926895
0.912444185595
-0.213095699341
-1.0162991371
-1.04364326376
-1.45848915482
0.318889514162
-0.0375023438965
-0.317757009346
2.39234449761
-2.31819031595
-0.631618056846
-0.664329212032
2.07195328687
-0.784900018688
-0.149281582385
0.205684367988
-0.687093779016
0.279329608939
0.656044985942
0.660377358491
-0.506851886615
1.44734336317
-1.3896713615
0.62358276644
0.208293883734
0.113744075829
-1.21722846442
1.25142207053
1.32564841499
-1.47643384441
0.437262357414
0.171395924586
1.25337446973
-2.81109445277
0.679245283019
0.741303934613
-2.39332096475
-0.185185185185
0.0741289844329
-2.01561648811
1.04587155963
-1.51788941091
-0.324207492795
0.561492483246
0.381818181818
0.36496350365
0.3663003663
0.496963003865
1.76062933134
-1.47628713785
0.556689552793
0.111462010032
0.861907438636
-0.29889781431
-0.852009631413
-0.295475530933
-1.18613138686
-0.182149362477
-0.435255712731
0.65717415115
0.0547945205479
-0.418333939614
0.18221574344
-1.08147080029
0.0721500721501
1.2602739726
-0.707290533188
-0.8808197016
-1.36524822695
-0.388555280819
0.247875354108
0.0
0.857142857143
0.484478736767
-0.14334348683
0.0896700143472
1.1060743427
-1.72843905916
0.268000714669
1.26650986068
-0.0723196528657
-0.252479711452
0.25311878503
0.199275362319
0.821917808219
0.810163874056
-0.147085861372
-0.0183823529412
0.276497695853
-0.312385152517
0.3133640553
-0.147248297442
-0.202057310801
1.45359672009
1.59030670201
0.284792101766
-1.23757734858
-0.261829063026
1.36492890995
-0.283553875236
0.284360189573
0.47619047619
0.651840490798
-1.51057401813
-1.7439703154
-0.074156470152
-1.17259069256
-0.310502283105
0.45871559633
-0.219699743684
-0.473760932945
-0.254452926209
-0.199528387448
0.254591743953
0.0910083727703
-0.308473961169
-0.469568358317
-0.806162665711
0.341542333273
0.560375994215
-0.0722543352601
0.654545454545
1.53221340225
0.129390018484
-0.276497695853
0.574712643678
0.428225656302
0.0931792769288
0.205415499533
-1.16279069767
1.11982082867
0.299513290902
-1.40273163529
-0.660066006601
-1.12400290065
-0.43321299639
1.42804833394
-0.690909090909
0.0727802037846
-1.22214234364
0.43321299639
-0.144196106705
-0.502152080344
-0.41078764065
-1.02527841612
0.551013153217
0.195903829029
-1.31810193322
0.601131541726
1.83651422398
0.945110868775
-0.864864864865
-0.804289544236
0.701943844492
-0.856531049251
0.250447227191
-1.39354383489
-0.0881212548467
0.265064499028
-0.893169877408
-0.591922005571
-1.20399036808
-2.21997981837
0.252908447142
2.11776859504
1.69847662406
1.58306652437
0.321199143469
0.358166189112
-0.303517229066
-0.0356951633054
-0.302491103203
0.160399215826
0.59160989602
0.776874435411
-0.574815879289
0.906289650172
0.656814449918
-0.526315789474
-0.881453498831
1.09110747409
-0.0545256270447
-1.60944206009
-0.125022325415
1.33936651584
-0.718778077269
-0.553967119371
0.071530758226
0.611730838431
-0.233351283432
-0.517857142857
-0.656377505765
0.0
0.804721030043
-0.142857142857
-1.06007067138
-0.962379702537
-0.522193211488
-0.329632199861
0.875043752188
0.228030170146
-0.471368715084
0.297671160918
-0.988210818308
0.856793145655
-0.780707841777
0.488145048815
-0.121887515236
0.0348371363874
0.648667601683
0.0526223469567
-0.558171986743
0.738007380074
-2.73457528628
-1.86179134519
1.06797762333
1.5143692996
-0.751494449189
0.584092080399
-0.52973342447
-0.442327322218
-0.169836956522
0.477815699659
0.102494021182
0.20540910647
0.932964754665
-1.53113303845
-0.186788928511
0.323679727428
0.102319236016
-0.744752877454
0.390824129142
-0.355570606163
1.11282314672
-0.831918505942
0.426257459506
-0.0340889722175
0.273457528628
1.15836791148
0.346981263012
-0.397442543632
-1.02616726526
-0.595035702142
-1.54000669568
1.0145417653
-0.151950025325
-0.986292209963
0.284995808885
-0.0502680965147
-0.183977253721
0.792312879299
-0.252228014125
-0.251593425025
-0.134003350084
0.437415881561
-0.668449197861
-0.449176509732
-1.02091223448
-0.44262295082
0.197109067017
-1.7113335486
0.74821080026
-0.0325203252033
0.244498777506
2.36943100284
-0.299451006488
0.940386230059
-0.201106083459
0.0
-1.0447761194
-1.26084820698
-0.537459283388
-1.36546184739
0.435624394966
3.2827862023
0.183639398998
0.858730425998
0.490693739425
-0.135180804326
0.254108080637
-0.773239199866
1.43222506394
-0.153217568948
0.772002058672
1.32104988702
-0.363699341877
0.190872809301
0.0
-0.43192812716
-0.206896551724
0.659493231517
0.208695652174
0.384078212291
0.227471566054
1.16834838024
0.124069478908
-0.318021201413
1.0173121542
-0.231481481481
0.16051364366
-0.337717739069
-0.141995030174
-0.459363957597
-1.16989697922
-1.27564213067
-0.633778691333
0.292046040199
0.570145127851
-0.395801066942
3.36179295624
0.644468313641
0.233267539925
-1.08271210508
-0.283185840708
0.283990060348
1.23989218329
1.16342483185
-1.00773798812
-0.838686652391
1.28320983192
0.801603206413
1.36657433056
-0.23949889462
-0.385391815012
-0.601970083911
-0.796235975389
0.235806276075
1.37918352335
0.239631336406
-0.422173274596
0.982391102873
1.44791274915
-0.356005246393
0.244177310293
-2.74022652539
0.532598714417
0.257779414472
0.332532791428
-1.276673354
-0.0911078717201
-0.254452926209
0.273373428103
-1.27743792731
-0.429953421713
-0.053715308863
0.215323883007
-0.464368637257
0.430493273543
-0.0358615743231
-2.14072644324
2.5
-1.243339254
0.66154121223
-0.921169176262
-0.0884955752212
-0.842400842401
-0.471615720524
1.13054230701
0.123806154935
1.58102766798
-0.286635614475
0.0179179358538
-1.46539548023
0.0529941706412
0.963081861958
-1.45869947276
0.0351617440225
0.370566437268
0.407512402551
-0.651293786305
1.08540925267
0.482746290005
-4.0487219077
-1.9512195122
0.0
0.0841750841751
-0.535833891494
0.302317769567
-1.19482243611
0.0
0.836680053548
-1.12508272667
0.0331016219795
0.132582035134
-0.0827951647624
-0.641658440276
-0.44226044226
0.21339461589
-0.21294021294
0.295712173484
-0.180387012135
-0.359477124183
-0.890688259109
-0.242326332795
-0.0161524794056
0.568551007147
0.1953125
-0.14627011214
0.637880274779
-1.25968992248
0.113177041229
2.13011889036
-0.34556524601
-0.213464696223
0.661157024793
-0.673124281727
-1.16826220996
-0.178166504697
-0.113250283126
-0.770589179644
-0.30409731114
-0.398533397099
0.754898811436
0.451758631817
-0.0967117988395
-0.417335473515
-1.64193242817
-0.283375314861
0.681566016801
0.381861575179
0.207270408163
0.384122919334
0.112161512578
0.450667954289
0.128928283642
-0.321285140562
-0.543217766416
0.144
-0.287172941927
-0.94816687737
0.636132315522
-0.396008236971
-0.582677165354
-0.0943989930774
-0.391788120984
0.662565073355
0.555203045685
-0.363521416153
-0.205047318612
-0.251730648206
-0.857900483544
0.109306683323
0.376175548589
0.156985871272
0.711462450593
0.0791139240506
0.126742712294
-0.629722921914
-0.532414657062
0.266917883498
0.679734429339
-0.597108736644
0.173146544939
1.09802673456
-0.364674171555
-0.221483942414
0.66889632107
0.159515074175
-1.15105644907
-0.141709966934
-0.454545454545
0.0
-0.140867115355
0.0313136057617
0.266875981162
0.473186119874
0.0789265982636
-1.18546248635
-0.0779301745636
-0.357198322721
-0.124088723437
0.655737704918
0.391849529781
-0.607571272784
-0.357031977647
-0.0930521091811
0.326746538043
-0.418345212271
0.765027322404
0.866141732283
-0.21998742929
0.252047889099
-1.18306351183
-0.618811881188
-0.553846153846
0.0
-0.550795593635
-0.274641440342
-0.832198517174
0.562994522215
0.121876904327
0.198442985804
0.908810844116
0.0925069380204
-0.0308261405672
0.448985911132
-0.431632495761
-0.719314355678
0.0
0.291634689179
0.867007276668
0.170595533499
-0.170305000774
0.248331522583
0.420822942643
-0.849945912533
-0.262022194821
-0.16925680874
-0.122944521285
0.292848335388
0.293708455712
-0.0309071240921
-0.169700709658
0.589695841092
5.20816326531
-3.52811466373
-0.298366834171
0.823305889804
0.589265806657
-0.23832221163
1.38530927835
-0.369122131279
0.241312741313
0.11273957159
1.50400523132
-0.30964797914
-0.888386367307
0.486933939296
-0.596966763472
-0.481695568401
-1.08005082592
-1.39389193422
0.0783699059561
-0.156494522692
0.99573257468
0.41263291541
-0.395194435662
0.158328055731
0.222151697874
0.190779014308
-0.237906423473
0.0793650793651
-0.411002213089
0.0791014080051
0.269670050761
-0.755667506297
0.220889870622
-0.549191903342
-0.266040688576
0.219573400251
0.220056585979
-0.282131661442
0.2671695741
-0.156911972383
0.31481189989
0.857278933164
0.0158780565259
-2.2049689441
2.28716645489
0.945967612634
0.596774193548
-0.656946002243
0.369893856546
0.696356275304
-0.41928721174
0.845665961945
-0.259529602595
-0.113415424498
-0.563879490897
-1.97409981049
-0.0789016884961
-0.173282923756
0.331910858227
0.428571428571
-0.158478605388
0.365834261174
-0.142947903431
-1.08405341712
-0.313234142522
0.472069236821
0.110270951481
0.458933375534
-0.425464859754
0.427282797911
1.39602053915
-1.18915490725
0.0317208564631
1.43178893179
-0.3367003367
-0.08010253124
-0.239731500719
1.29512708435
-0.0808799741184
-0.193735873426
0.0969618616677
1.39275766017
-0.0818598559266
-0.179767935937
-0.390688588637
0.11408083442
0.277823173721
-0.890832523486
-0.0809192425959
0.194584076536
0.309043591412
-0.0650195058518
0.802883827626
-0.860948667966
-2.17702208803
0.430896903926
-0.775930324624
0.749840459477
0.143792938169
-0.318522057652
1.02976669348
-1.8787496053
0.603557814485
-0.0317561130518
0.671355498721
-0.41388092964
-0.711237553343
2.27934044617
-2.05826472451
-0.221169036335
0.667938931298
-3.26153846154
-0.352598497624
0.107427869859
0.292442665846
-0.642300045879
1.72682016179
0.878844946642
0.378071833648
-0.858972356708
-2.01989288447
0.522996462083
0.853242320819
-0.43249922768
-0.461254612546
-1.34991657819
1.07312586233
0.819165378671
-0.644963144963
0.169204737733
-0.459347726229
-0.213903743316
-0.0152765047357
-0.983209801845
0.977546968077
-0.652503793627
-1.62710852366
-0.475412271579
-0.222353987548
-0.516148060758
-0.206033848418
-1.06290040769
-0.159906963221
-0.275442157147
-0.590863236778
-0.587392550143
-0.0715819613457
-0.936037441498
0.584878744651
-0.341199886267
-0.803835848258
0.254488901456
0.4544808976
-0.592969080898
0.0
0.169707254985
-0.520540236353
-0.448179271709
-0.515535739167
0.0976290097629
0.985915492958
0.254165489975
0.325825187704
-0.437235543018
0.141242937853
-0.365887981987
-0.280662363177
-0.168114317736
0.042046250876
-0.557491289199
-0.111374077683
4.17693981146
-0.819907940161
1.35588278175
-1.38030194105
-0.897691650043
-0.411522633745
1.51253241141
-2.00451722191
0.596421471173
-0.494559841741
-1.11778678217
0.041934582052
-0.403731031602
-1.85817734663
0.508102169734
-0.532714110094
1.31469692776
-0.82349711776
0.928106385926
-1.28538219609
-1.05533757272
-0.323668240054
0.202702702703
0.652883569097
0.313821803793
-0.704511583796
-0.498786734969
0.0809498111171
-0.282523879995
0.663596966414
-1.11155751975
0.362903225806
0.676589986468
0.901146914255
0.54914881933
-0.191833379008
-0.28692444323
-1.20140388769
0.189342710306
-0.135062128579
0.203004466098
-0.484848484848
1.13048215745
1.53505739179
0.0
0.402665926132
-0.648365291764
-0.26141992295
0.192996967191
0.0827814569536
3.27728697635
-0.156494522692
0.846484935438
1.24927367809
1.13118848244
1.37006701415
3.10148932903
-1.67572463768
0.136054421769
1.28617363344
0.0306325624138
0.943104514533
-0.629897065601
-0.504432895139
-0.953822861469
-0.151171579743
1.70664206642
-0.413412953606
-0.699407024479
1.15349123347
-1.48484848485
-1.72721858249
0.238805970149
0.55530541798
0.497737556561
-0.0150806816468
0.21157624301
0.318374772589
-0.377586467301
-0.704859028194
-1.47754137116
0.699300699301
0.358369419143
1.19371411303
-0.256217030897
0.454201362604
-0.974512743628
0.28567132762
1.07902735562
0.0608272506083
-1.3501350135
-0.566825775656
-0.475059382423
0.928978124064
-0.462341536167
-2.17391304348
1.07653738387
-2.2488107251
-0.857510361584
0.618349151567
-0.143595634693
0.331364356721
-0.043202764977
-0.899100899101
-1.50407646893
0.936435868331
0.0141904356464
-0.184135977337
0.127641469295
-0.198159943383
0.626691354508
0.0427472214306
0.257142857143
-0.171135196805
-0.156628221558
1.38588133391
2.53108348135
0.580616346583
-0.929203539823
0.489106269453
0.44662795891
0.508753553793
0.420736288505
0.513517595529
0.470409711684
-1.71513795675
0.029837386245
0.344311377246
0.225056264066
0.0
1.29179331307
-0.182038834951
1.08879006287
-0.214231063504
-0.578122622851
0.351145038168
-1.29596142254
-0.584269662921
-0.164522883637
1.51837230489
1.05876937241
-0.685766534593
0.536234104489
0.307361303212
0.308308925543
-0.916450282572
-0.878122634368
1.05569155447
-0.0764409111757
-1.56508653123
-0.329983500825
1.98867982255
-1.05948236719
-0.885088508851
0.694864048338
-0.391212759555
0.0150489089541
0.834597875569
0.151975683891
1.23076923077
0.154083204931
2.75490816973
0.365485460035
0.11135857461
-0.992282249173
1.99196787149
2.90957183005
-0.526229238612
-1.88770571152
-1.13255702664
-1.53918643003
1.20807502782
-1.178133836
-0.219435736677
-0.654001868577
1.21355397951
-0.750821210699
-0.652680652681
0.719987478479
0.0
0.345531647558
0.0471401634192
-0.717628705148
-0.927357032458
0.294527980158
0.0775674837108
0.986996710011
-2.60909368325
-1.54724350308
1.6646304215
0.816012317167
-1.32178669098
-3.16316021774
0.295115832964
0.429756965027
-3.08774953325
0.288059916463
-1.29371623543
1.0632183908
-0.157796585856
-2.63966480447
0.463027921987
0.777714932127
0.597439544808
0.572246065808
-2.387934646
2.11036646228
0.415234822451
-0.314016557237
-1.33783974088
1.77726816683
-0.993330495246
-1.33015961915
1.39125496877
-0.480361684092
-2.19704297361
0.667686743636
-0.690703135792
-0.944170771757
-0.0956937799043
1.40005544774
0.194444444444
1.494220468
-0.518861309774
1.35019897669
3.40975896531
1.12960760999
-2.12394530113
0.335717413516
-0.479372457873
3.13108614232
-4.21868273784
-2.21692156588
-0.237961926092
0.591382709096
3.55788859726
3.51698113208
0.226928895613
8.57424441524
2.21625251847
-5.89350608311
-1.26365054602
7.15479772651
-3.15687226809
0.0485908649174
-3.39539978094
1.50889453621
7.1477195371
-2.98827802543
2.88771870223
2.61460693742
-9.26775264906
3.67273323496
-3.31325301205
-2.26216299969
0.217391304348
-2.52762221886
3.5417646137
0.726124704025
-1.76771592495
-0.708237105466
1.77060482607
3.18512530315
-4.91929285165
3.07399778165
0.959846424572
-2.70817120623
3.17970130079
4.95533456936
-5.95974005389
-2.45825602968
2.37416904084
0.0316656111463
-1.84926184926
6.38122003637
-1.54622395833
-2.29007633588
2.6612244898
-2.20341689286
0.224035845735
4.51580531862
1.13328822733
0.921816319563
-0.610790634544
-0.707547169811
-3.6676403765
1.51565074135
0.646658928868
0.216018610834
-0.463116109825
1.05298345312
-0.927305845339
-0.231290269288
0.548172757475
-1.50523560209
-1.13231963766
-1.56050955414
0.721732157177
0.289528711597
1.7845448592
1.10908789935
0.918810557969
-0.133466800133
0.790314444258
2.78257863809
0.696136442743
-0.467694439633
0.522375065297
-0.243182212958
1.07092696629
1.71428571429
-0.656377505765
-0.582010582011
-2.54382949467
-0.0687049124012
6.82568807339
2.73327049953
-1.59525134483
2.64661081493
-1.50037509377
-1.25925925926
2.00226671704
2.89601554908
0.56684910086
-0.234009360374
0.371892738305
1.95569746558
-1.64867517174
-0.352043809896
1.75124378109
2.76073619632
-1.74804098855
-0.300480769231
1.9399632428
1.66078472078
2.77362918711
0.514690113661
-1.43732826041
4.20704845815
-0.678188580179
3.46310547759
-2.19172016825
0.221877080098
-1.55089558759
-2.49201277955
-1.81932245922
-0.333472280117
-0.0832986255727
3.69250701792
1.57929370476
-4.50356095517
1.42341193966
-2.05992509363
-1.43560295324
0.391187976117
2.72842639594
0.403482692716
-2.32316946692
-2.4484014569
-0.423131170663
-0.0402819738167
1.99260476582
0.433257685166
-1.46371213661
2.39383846794
1.67195767196
-3.07692307692
-3.33135038667
-2.38095238095
1.83323477232
-1.24586334436
3.5685483871
0.567721005677
-0.383760856393
-0.920552331399
0.563493660696
-1.44783815946
1.98220064725
-0.121212121212
-2.92214159639
2.41012251456
-2.06530291109
-0.973899493572
-0.445995733954
2.38237045861
-1.11896348645
-0.0392464678179
0.314960629921
0.256562068285
-3.52246763138
-0.81208687441
-1.98074787116
1.88608072425
-0.0188572506129
-1.39457047229
3.86249517188
-1.54021677125
1.25144397382
-2.66116941529
-0.651647737851
-0.185839063371
0.862230552952
0.319669048514
0.0752728641325
1.39286395726
0.633640552995
0.134589502019
-1.02759276879
2.37677771284
2.45508982036
0.179964007199
-2.26695329295
1.04660347551
0.158227848101
0.0197823936696
0.0
-2.18653250774
-0.135265700483
-0.919012062033
2.21135029354
-1.73076923077
1.74134220309
-2.0318190531
0.500866884993
-1.3867781155
0.438847548178
0.363845270011
-1.43450358626
-1.04594695555
-2.03110704483
-1.01430900199
-1.26967095851
0.647948164147
0.12614885565
1.12994350282
-0.525743292241
-1.21776504298
0.10756543564
0.125650691079
-0.730577334284
-0.195625111151
1.29706359215
-0.179823772703
0.270465200144
2.87516230755
4.76097940148
-1.09552181434
-0.268353459843
0.462160600809
-0.28801843318
-0.420650095602
-0.133664311629
0.306454702164
-0.45757864633
-0.662878787879
-0.414937759336
-1.04516610676
0.44994375703
-0.112359550562
0.0749625187406
0.565397663023
-0.244406843392
-1.70024025134
2.05582798944
0.416666666667
-0.132400226972
0.0189178963299
-2.47232472325
0.818452380952
-4.06852248394
0.718907260963
0.614828209765
0.49064146829
-0.50623757006
-0.396182243832
-3.12281926029
0.385288966725
-0.244584206848
-0.0174672489083
-1.02005532503
-0.29305292191
-0.257909215956
0.431704368848
-0.0172651933702
2.29600847757
-0.229074889868
0.123500352858
-0.613712081361
0.140474100088
-1.21422376409
0.156358582349
0.104347826087
0.419140761439
-0.0872448089339
0.122292103424
-0.348189415042
-0.60564111438
-0.584895922931
1.11323708471
-1.10098056081
0.850104094379
1.30052724077
-0.489681706891
-0.0873667656823
-3.87974470944
2.65517241379
-1.61153519932
0.631614885627
-0.762324241911
-2.38134612204
-0.933813892529
-1.3096200485
-0.0161655350792
-0.594568536076
1.51712887439
-0.503165070605
-1.0599004336
-0.0641951532659
-0.160230732254
0.418342719228
0.566343042071
-1.48254423721
-0.111464968153
-0.111340862096
0.624199743918
0.208500400962
-0.890160546813
-0.443108086723
1.00703324808
-0.0638977635783
0.208099887946
0.969775335381
-0.594473007712
0.0
-0.160410651267
-1.06332328202
1.43271088216
-0.0643500643501
0.925474914759
0.0649878147847
0.407830342577
0.0
-0.0163105529278
0.048955613577
0.0489795918367
-0.535888275414
0.34218673619
1.22051789543
-0.801701570681
-0.032711808963
0.476581758422
0.545274289491
0.132362673726
0.398671096346
-1.13319100016
-1.02405721717
-0.0974342318935
1.249588951
-1.45819831497
2.10090984285
1.01938502674
-0.779306914276
-0.527791522349
-0.0988630746416
-0.19733596448
-1.41050583658
0.21121039805
-0.70979190192
-1.44674085851
0.399042298484
2.03583061889
0.163132137031
0.475331912801
-1.21437823834
0.145938057402
-0.46804389929
0.323834196891
-1.70300811714
-0.0318217979316
-0.851869380028
-0.0945626477541
0.0473036896878
0.332225913621
-1.06432931601
0.298273155416
0.663716814159
-0.362147693277
-0.313922461152
0.251770259638
-0.188471807759
-0.031402103941
0.791264440576
-0.173775671406
0.46024440565
-0.253284787082
-0.236891977258
-0.596546310832
0.267590114906
-0.749882830808
0.439353522674
-0.172305764411
-0.0626174076393
-1.00728343406
1.44631347272
-0.0157183275699
-0.109907363793
-0.0627647889534
0.109959158027
0.616405879564
-0.142045454545
-0.627352572146
1.02994771035
0.976
-0.0959079283888
-0.271002710027
0.0478468899521
-0.47619047619
-0.300680487419
0.301587301587
0.238663484487
-0.585257829801
0.0474758664346
-0.691497721201
0.0629029721654
0.0786905886056
-0.625586487332
1.31516399937
-0.0949817951559
1.55948553055
0.0643500643501
-0.829610721123
1.57186841679
-0.723938223938
2.32098765432
0.729563919748
-3.38032681833
0.0801667468334
-1.03141859727
0.430278884462
0.335785097538
-1.32533922373
0.268944787217
-0.0158177791838
2.61321214089
-0.388035569927
0.732899022801
0.573300573301
1.00926538716
-0.836751435603
-0.229170076936
-0.114453891432
-0.939423388403
-0.0970873786408
1.64473684211
0.296931705708
-2.44608947538
1.08996258337
-0.710709093846
1.47516800525
-0.391836734694
-1.06606364077
1.17666285341
-0.92292746114
0.750407830343
0.327332242226
0.62582345191
-1.0752688172
0.837851158206
1.80632212745
-1.36918508743
0.497347480106
0.56685561854
0.738998992274
0.269450993601
0.0674081563869
-2.43341006248
-1.82405165456
0.323886639676
-0.547592204864
-0.480846289469
-0.430896903926
-0.111589351188
1.19374092596
0.21015195603
-0.338327694538
1.57093765341
-0.423659768617
-0.872233887902
-0.97568777991
-0.887761572606
0.606060606061
1.67017999027
0.833878351864
-1.4502094747
3.53687020354
0.654911838791
-0.517875041764
-0.266577807398
-0.596223915204
-0.658111220796
0.846192135391
0.46674445741
0.284185891006
0.0836540070269
-0.862497926688
-0.757201646091
0.930387107493
0.350116705569
-0.0832916874896
0.620181025813
-0.0167588402883
0.218340611354
-0.434782608696
0.724271517601
-0.502765208648
-0.217391304348
-0.449475611786
-0.364902968983
0.249418024609
-0.380983932417
0.132691988721
-0.182119205298
-0.132275132275
-0.263852242744
-0.769104892816
0.0
0.229621125144
-0.748819794888
-0.146293888166
-0.436963910018
0.93106827834
-0.681375730045
0.982961992136
0.692840646651
0.614107883817
0.466900116725
-0.315824468085
0.333555703803
-1.41400854982
-0.0821422704123
0.115131578947
-1.7135467184
-0.450595429675
0.193485972267
-0.973974133802
-0.270700636943
0.06373486297
-0.931333859511
0.269072491295
-0.299826416285
-0.220437726342
0.173501577287
-0.220333648096
1.0817690105
-0.348763474952
-0.174078176927
-0.597766241938
-0.0785916378497
-0.624804748516
-0.450940755715
-1.06153846154
0.0
0.3861003861
-0.092578305817
0.371689639151
0.326289620883
0.0466345406498
0.0622180743506
1.32387706856
0.284495021337
-1.17150890347
-0.0468384074941
0.770925110132
1.51732950008
0.0159744408946
0.756478351843
0.0
1.7357131161
-1.73773129525
-0.336754329699
0.0481309160918
0.435062842411
-0.144810941271
-0.766405875778
-0.381740098616
-0.522151898734
0.0158252888115
-0.566483084186
-0.141420490258
-1.33333333333
-0.478321246721
-0.246267508081
0.154154462772
-0.123171670516
-0.444512568976
0.881397866089
-0.138974675726
0.55900621118
0.186683260734
-0.0777242344163
-0.67932684885
-0.277136258661
0.231481481481
0.170041737517
0.294573643411
0.217526413922
0.49968769519
-1.43142989072
-0.778863775199
-0.0763009308714
0.0458015267176
0.229533282326
-0.683890577508
-0.166894249734
-1.00630820066
-0.179910044978
0.892451973983
3.00716734185
-0.0311526479751
1.69491525424
0.333757151939
0.207039337474
-0.174880763116
-1.11617670178
-1.45623547637
-0.139232673267
0.388259046436
-0.294208733354
-0.231731809053
0.294391075302
0.969962453066
0.250941028858
-0.375
-0.466562986003
0.35898236304
-0.12470771629
1.74464710547
0.33418204965
-0.333068992863
0.49410264584
0.52876141644
-0.223820943245
0.838304046429
0.51855452925
-0.547945205479
0.0806451612903
0.829403154985
0.0
0.228198859006
1.137487636
1.55700652938
-1.15836505047
-0.280528052805
-1.14192495922
0.607254226161
0.032835330816
-0.376185803075
0.427069645204
0.362677217277
-1.01174934726
-1.11344198806
0.600649350649
-0.773195876289
-0.289110183103
0.956705042971
-0.145725388601
-0.595525511025
0.371567043619
-0.466312912044
-1.11305453967
-0.158755357993
-0.489731437599
-1.37114365846
0.28125
0.219229564673
0.21971123666
0.711237553343
-0.157803376992
-0.720664264452
-0.296782255545
-0.744186046512
-0.616332819723
-0.429579625652
-0.806574341805
-1.1433729502
0.895567698846
0.934579439252
0.199570156586
-0.897611440742
-0.28822815534
-1.37642130461
-0.0299132515704
-0.119510008963
-0.711954909522
0.0593647966756
-0.118588793359
0.148456057007
0.462341536167
0.0596925831965
0.949081048509
0.287052424838
-0.0151057401813
-1.19402985075
0.903614457831
0.590819572792
0.886443527434
-0.106870229008
0.676298801107
0.323824209715
-0.246115982157
0.47913446677
-0.108074725953
0.0154416306362
1.56838143036
-0.778089013383
-0.664708610295
-0.614533722538
1.35471815634
0.249765844521
0.94547746612
1.3899984023
-0.366125437759
0.15943877551
0.271782573941
-1.60453043889
-1.08915512681
0.0155617802676
-0.680061823802
-0.384911470362
0.0308024025874
0.324474660074
0.29443669611
-0.170173267327
0.061919504644
-0.354774024371
0.433772269558
-0.0928648815973
0.638629283489
-0.449682121259
0.373540856031
1.48475754225
0.348708194643
1.4308681672
0.452196382429
0.699300699301
0.0976721471594
0.919993428618
0.230528569076
1.93017791205
-1.66694173956
2.19261258222
-1.54433742943
2.92257733721
-3.20926385443
-1.12855740922
-1.19586296057
0.42194092827
-0.0810766985568
1.33092343082
-0.164041994751
-1.21536217793
-2.07870517296
-0.458063497078
1.2474012474
-0.0639284001918
-0.824219369155
-0.645669291339
-0.282663316583
0.663926651913
1.13509192646
0.27252324463
-0.542091836735
-0.302018756954
1.73027166882
0.0161733786188
-0.177591217307
-0.641642605069
-0.700860146543
-2.40945126691
0.814919291647
-0.421348314607
1.68200571247
3.02435834559
-0.130612244898
-2.06267988487
-1.13815997471
0.844890801849
-1.52276295133
0.82304526749
0.541056651814
-0.836357898059
0.0473634354278
-0.424461562647
-0.469410107964
-1.37345679012
0.356202570853
-0.493142240715
0.371229698376
-0.369856680536
0.980392156863
-1.01663585952
0.262548262548
-0.522353664157
-1.76577120435
1.36148080159
1.33312664703
-0.677444187837
-0.475022984983
0.818785725321
1.1564306923
2.04114176367
-0.238625517022
-0.553709856035
0.285578296049
-0.677592184053
-1.168042361
2.3756377551
-0.822264389627
-1.01737361089
1.33227597145
-0.802391441158
0.442477876106
0.540197013028
-0.474383301708
2.56243918261
-0.0486302480143
1.03177202751
0.0983606557377
-1.99228791774
-0.463777386854
-3.15936193279
0.764669163546
-0.89699969069
-0.277606415793
0.0
-0.597884409014
1.17884287265
-0.769585962752
1.02627896128
-0.648849065348
0.434445306439
-0.830897061086
-0.230273257599
0.292532717475
-1.27678978568
-0.318181818182
-0.287052424838
-0.7199640018
-0.179667614912
0.375713856327
-0.642078542631
0.389746664668
-0.179560077809
0.0449101796407
0.420926037282
0.241109101869
-0.420168067227
0.467360168853
0.989646772229
-0.197538368029
0.0
-0.679142770903
0.348326518249
-0.0756658595642
-0.226483466707
1.89230769231
0.77519379845
-0.738688827331
0.277777777778
0.777604976672
1.72441069451
0.269670050761
-0.268944787217
-0.173720783323
0.87621475227
-1.16517083924
-0.298273155416
0.0942803268385
-0.624609618988
0.250469630557
-0.544916705589
-0.387717121588
-0.10844306739
-0.996932515337
0.446772454167
0.760633343682
-0.0310366232154
-2.9810298103
-0.434717433668
0.0149925037481
-1.02389078498
-0.340136054422
1.4401440144
-0.0149992500375
-0.418222554145
0.164572112507
0.390507659958
-0.478325859492
-0.0448229493501
-1.15197164377
-0.279823269514
0.0736919675756
0.251182033097
0.639405204461
0.059514953132
0.0
0.0148809523809
-0.473933649289
0.13347174848
-0.0444707975096
0.461653015637
-0.0595326685519
0.268616624384
-0.29757476566
-0.518058022499
0.700551497988
-0.252750520369
-0.0742831674343
0.748390959437
0.693293142427
-0.135460565924
0.529580874565
0.425467254217
-1.45253069781
-0.358102059087
0.404494382022
0.270392068499
-1.39238631314
1.29032258065
-0.522388059701
0.16444909553
0.0299087782264
3.77094972067
1.25707102451
0.110114834041
-0.640825257893
-0.821578049915
0.357809583074
0.0466926070039
0.140274314214
0.769593215015
-0.732772061116
0.722361809045
0.157282164203
-0.21971123666
-0.886607559496
0.515947467167
0.692695214106
0.205079665562
0.380047505938
1.21814393332
-0.287677800863
0.128020483277
-0.730738681493
1.0109114249
0.0481618237277
1.20227457352
0.244299674267
0.376001307831
-1.01941747573
-1.52963671128
0.0159362549801
0.335785097538
-0.350541746335
0.303659900911
-0.96549540994
0.477099236641
0.947182533312
0.128596688635
3.01374399735
1.07112970711
-0.133712184523
0.876749283426
0.0674877678421
-1.1837279093
-0.514181456295
-1.56734693878
0.098055237784
-0.27705345502
0.0162999185004
0.114229765013
-0.438667749797
-0.291592418597
0.537459283388
-3.61067503925
-2.13550468582
0.432032093813
-0.826319816373
0.817648873804
-0.154035736291
0.293526958134
0.528032303153
0.577944392377
0.0
-0.836431226766
-0.814257182363
-0.0153609831029
0.867678958785
0.827995625683
0.78727759408
-3.03816793893
-0.471053031454
-0.619148293567
-0.749400479616
-0.0149857635247
-0.0599071439269
0.436221419976
-0.374644088116
0.135054021609
-0.537313432836
0.0
0.374531835206
-0.0299535719635
-0.119670905011
0.254949010198
-0.507311250373
-0.134108180599
0.179131213614
0.179452669358
-0.01495215311
-0.461378181277
-0.311572700297
0.163471541091
-1.39214536928
-0.408639813193
0.0145964092833
0.36624670378
0.234948604993
-1.17544623422
-0.361480624639
-0.129963898917
0.0433400751228
-0.0577533930118
-0.431282346176
0.201670988188
-0.487385321101
0.24428797241
0.41847041847
0.0
-0.0865051903114
-0.129589632829
0.959441779328
-0.549371114645
-0.302680887864
-0.359040643401
0.767004341534
0.582241630277
0.821837393601
0.205882352941
0.0883132175449
-1.12065201572
-0.420289855072
-0.676551029221
0.0
1.31252734432
0.102189781022
1.57176749703
-0.940070505288
-2.84001712573
0.907258064516
0.288850375505
-0.014440433213
0.0867177337766
0.757244793942
-0.377194255041
1.27828386718
1.71872664774
-0.149231457991
-0.10435301133
0.344053851907
0.480986021344
0.316646562123
-0.748278958396
-1.61955241461
-0.556368960469
-0.248283919965
-1.60942664176
0.158318940702
0.710247862009
-0.648041474654
-0.0863309352518
-0.472576256623
0.359298649037
0.389554176886
-0.144071459444
-0.771979985704
-0.483710342865
0.0996866989462
-0.622700254741
-0.141322781232
0.898331669756
0.286000286
0.0
-0.0571673574389
0.908566483992
-0.68748209682
1.60069848661
0.291885580852
0.764705882353
0.0441371193173
1.22114668652
-1.08999852703
-2.1616947687
0.638143582306
-0.202634245187
0.684931506849
0.160560502116
-0.537166085947
-0.563014291901
0.072233458538
-0.588826655177
-0.357756153406
0.778771271993
-0.473661547294
-0.386045181584
-0.0142959256612
-1.04682416183
0.383413802897
-3.86348122867
-0.704893588179
-1.64
-0.106553010123
-0.10643959553
-1.00105374078
0.890365448505
-0.594451783355
-0.59093893631
0.0
0.528052805281
-0.0791452314998
-0.223743090287
-0.757575757576
-0.286532951289
0.313561536452
-1.08555182218
0.38920601972
0.0519210799585
0.0649434991557
1.40937829294
-0.210304942166
-0.872964169381
0.748227881334
-0.405281736175
-0.247782994262
-0.480207657365
-0.194300518135
0.390117035111
-0.362788287121
-0.21978021978
0.233251263444
0.481770833333
-0.762372399535
1.37542572701
0.236344537815
-1.23200622487
-0.605826243877
0.479212537236
-0.0776497994047
0.769431403234
-0.93023255814
0.441214637944
0.0
-0.823680823681
-1.59574468085
1.0752688172
-0.534759358289
0.396267416592
-0.71075009519
0.677229746997
-1.23674911661
-0.539726371282
-0.511988011988
0.539861895794
-0.561797752809
1.31545661523
-1.01414799048
-1.91575586393
0.036855036855
-1.38114853404
7.02800829876
0.705144946461
-0.674448767834
-0.746652935118
1.18535886414
-0.285751396285
-0.990226337449
-0.549942447883
0.565916398714
-0.243777264562
-0.637429882713
0.294080040915
-0.698324022346
0.216312507953
-1.10733610167
-1.49975210709
0.598503740648
0.224943764059
1.17587558478
0.368020304569
-0.0253742704897
0.152477763659
-3.88373229116
1.26143952511
2.48415716096
-0.240232646352
3.03543512246
-1.15889775946
0.374822282538
0.926167492825
-0.208279093986
-1.1961414791
-0.409888561547
-0.0640040962622
0.670103092784
-1.0582685197
0.512623349994
-1.17781155015
-0.101214574899
1.84254606365
3.13621262458
-2.81544620948
1.10995037869
-0.143434606859
-0.917312661499
-0.347624565469
0.883231588518
-1.32017431428
-0.535441101479
-0.165457553774
0.29359203472
-0.533265617065
-1.01797159734
-0.288220551378
-1.20094094342
-0.95646842428
0.0490737332842
0.66691367173
1.09876389062
-0.261519302615
-1.31498095121
0.184683575474
0.333539221742
0.847140899464
-0.174107698048
0.0248787162582
0.374578599076
-0.435106911984
0.174346201743
-1.64135227829
0.430557264116
-0.135135135135
-0.415953021776
-0.268423621279
-0.255567725447
0.649191572758
0.0245037980887
-0.0489835904972
0.504615384615
0.95675944334
0.72590738423
0.38949616786
0.0754432289702
0.188964474679
-0.48890560361
-0.299962504687
1.87165775401
0.731050404002
1.45738451529
-0.595007114216
-0.744639876749
0.180064308682
0.335527164795
0.453720508167
-0.0129617627997
-1.29222108495
0.269403463759
-0.40884119075
0.0127779197547
-0.999367488931
-1.38473053892
0.413378429162
-0.585305105853
0.224663005492
0.91951127346
0.138748738648
0.839481048079
1.15800308801
-0.422805893658
1.08794197643
2.14314062707
-0.748424369748
0.30291057553
0.118670886076
-0.236779794791
0.48909451421
-0.890868596882
-0.8057179987
-1.20683014508
-0.751783893986
-0.330200660401
1.46907216495
-0.944600459535
-1.35985897759
0.0125928724342
0.557173610232
-1.75416770341
-0.655048819676
0.372162262747
0.7625
-1.59901599016
-1.40674266311
1.15309126595
0.953560371517
-0.492914356131
-0.221320545924
-0.122804863073
-1.66646540273
0.595238095238
-0.230275118168
0.3039144177
-0.652173913043
-0.838323353293
-0.972485768501
-0.612918434701
0.319262149698
0.272705714963
-0.413271932932
0.0236211172788
-0.329605650383
-0.53857862077
0.909735349716
0.427147603227
0.0712419852767
1.05591552676
-0.584516282954
0.575884823035
0.798161809167
-2.16516800757
-0.306676102854
1.35086670652
-0.440371340157
2.08991494532
-0.0849823965036
0.832415228302
0.964034111976
-1.78441369264
0.586080586081
0.0733137829912
0.651826343623
0.0
-0.550391389432
-0.304840873064
0.0121951219512
0.724726692053
1.080208592
0.11187072716
-0.235615079365
-0.957995578482
1.47058823529
-0.223824919174
0.149439601494
0.362454693163
-1.06343514282
0.0990221562074
0.285501489573
0.851276915373
-0.374158144176
1.19904076739
1.26533742331
-1.18716847689
0.904804383841
-0.809000126406
1.89335394127
1.00169116691
0.326285565127
1.21532364597
-0.512550926534
-0.470896010464
-0.585175552666
-0.530332427888
-0.922722029988
-1.02739726027
1.74216027875
-0.398457583548
-2.01511335013
1.83403873285
-0.21755822882
0.282340862423
-0.0641272284212
0.141279219111
-0.332821300563
0.333932699717
-0.422048855352
-0.597508263412
1.52297367062
-1.23645634162
0.809560524287
-0.307455803228
-0.408267415157
-0.19100980517
-0.531982267258
-0.365976779404
0.0631392852633
0.265890098759
-1.07715430862
0.0877522878275
1.25666412795
0.5873340143
0.564971751412
-1.79066834805
-0.639017666959
0.389937106918
-0.188323917137
-0.137913741224
-1.04218362283
0.323624595469
0.26207412954
0.0374531835206
0.413689356901
-0.894521058517
-1.05716041795
-0.171800220886
0.493279072635
0.408618127786
-0.0618735305036
-0.0371103414151
-0.992039191672
-0.134540117417
0.245218244237
0.381538461538
1.1075161772
-0.973505853358
-0.319371084633
-1.84470701712
0.606501698205
-0.133252574197
0.255040077726
0.5126953125
0.269277845777
0.702576112412
-1.16944816665
-0.0851996105161
-0.279160092244
0.807537012113
0.147040803823
0.54207219416
0.794734881411
0.248972986431
0.500437883148
-0.373924965724
-0.323021493353
-0.198388096714
0.161450571287
0.549450549451
-0.0249687890137
-0.373134328358
-0.482733011511
0.535092085615
0.537970724384
0.0876533934385
-0.312070902509
0.0999625140572
-0.0749157198152
-0.0748596381784
0.112415688234
0.376128385155
0.150678051231
-0.0627431296273
0.138225684845
-0.26319087605
-0.560817547358
0.387839359439
0.515593561368
0.645487912922
-0.390821986889
0.890358687357
-0.506200961782
0.547143402468
-0.870332996973
-0.351935646053
-0.525131282821
-0.261878039656
-0.459285004965
-1.35912819885
0.0735204019115
0.554460325283
-0.196753566158
0.0738370662072
0.395354583642
0.671641791045
-0.186219739292
0.336322869955
0.224719101124
0.137517189649
-0.336406678296
0.879839115133
0.378501135503
0.775588048315
0.626919140225
1.0863942059
-2.92529817954
0.542792224186
-0.23926457625
-2.07177210507
1.18542550537
-1.00061766523
-0.650466372116
0.0736919675755
-0.0736377025037
-0.573520439292
0.207874786011
-0.80058224163
-0.302334018624
-0.14491003502
-0.564361191162
-0.131910300995
-0.179554704333
0.191892540178
0.0840235265874
0.33722750813
-0.0962579713633
0.156664256447
0.0965018094089
-0.955794504182
-0.0835621344157
0.540086413826
0.397638269671
-0.777140124342
0.179662234998
0.276243093923
-0.727316084416
-0.249762131304
-0.0950570342205
-0.0356336857109
-0.331478631467
-0.40089612074
0.438180956892
-0.938526513374
1.07909403534
-0.295578150863
0.165798199905
0.83592070695
0.72167428434
0.108368452739
-0.883160281657
0.263252363288
0.493025493025
-1.21168923735
0.621563471193
-1.21620025977
1.58330334653
-0.215439856373
0.723327305606
0.863326848249
-1.23694007446
-1.08101686861
-0.508214159083
0.451145672563
1.20148984741
-2.266322217
-0.919139034322
-0.601364635134
-0.0808874508898
-0.460087416609
-0.378136816776
-0.125886930648
-1.4214801444
-0.404494382022
0.112485939258
-0.258050039268
-0.35774175517
-0.245344039255
0.212337952615
0.993227990971
0.556123028033
0.30737704918
-0.125071063104
-0.87907134002
0.293884932746
