105.69
103.75
102.50
105.06
109.19
114.38
114.44
116.12
114.56
115.38
116.06
113.56
107.62
99.50
94.81
97.00
98.81
101.19
99.38
98.38
98.75
98.31
96.69
94.00
92.56
92.81
93.75
90.06
91.31
91.00
92.12
93.00
93.00
92.00
90.06
90.12
86.56
85.12
85.00
87.25
86.88
86.69
87.00
86.62
57.25
57.12
56.50
52.75
53.25
55.12
54.62
58.75
57.00
57.44
56.12
55.38
55.56
55.12
55.12
55.19
57.12
58.00
56.25
56.75
60.00
61.56
61.00
62.50
63.75
63.75
67.62
67.19
62.00
62.75
65.38
65.56
66.12
68.50
63.44
59.88
59.25
59.12
58.75
59.00
60.31
60.00
59.81
60.06
61.25
62.94
63.25
63.62
63.31
63.88
63.75
64.50
64.06
64.31
63.75
64.38
64.75
65.62
65.75
65.56
65.38
63.50
62.50
62.62
61.88
55.88
55.81
56.06
55.81
56.06
56.44
55.50
55.06
54.94
54.25
54.06
54.25
54.94
55.12
55.12
53.62
53.25
55.19
55.25
55.00
54.19
55.00
54.50
54.19
54.31
54.69
56.06
56.00
57.56
58.50
58.81
59.00
59.44
59.25
59.31
59.00
56.50
55.38
57.62
57.81
57.12
57.00
56.25
56.00
56.31
56.44
58.06
59.56
61.25
61.50
62.12
63.00
63.38
63.88
62.12
61.38
62.31
62.19
61.56
61.38
61.00
61.12
62.50
62.56
62.62
62.38
62.31
62.12
60.06
61.94
61.00
61.31
60.50
61.50
63.00
62.19
60.44
60.12
61.06
66.44
66.56
67.81
68.56
71.50
72.75
72.44
72.06
72.12
72.44
72.12
71.06
71.19
72.19
72.31
72.12
69.56
70.56
73.19
73.56
73.50
74.31
69.81
68.31
67.31
67.12
67.81
67.50
68.12
68.06
70.00
71.38
71.25
72.62
72.12
73.88
73.94
72.75
73.94
73.44
72.69
72.50
73.50
74.38
73.19
73.06
73.06
71.44
71.75
70.88
68.88
70.50
71.25
71.38
71.38
71.94
71.81
71.88
72.31
72.50
72.75
74.00
75.31
76.38
76.75
74.00
71.31
71.62
74.25
73.62
72.44
71.75
70.06
70.50
69.94
69.75
69.75
68.25
68.31
68.12
69.00
68.75
66.75
69.25
69.50
71.84
73.30
73.77
72.80
72.21
74.40
74.50
74.36
73.56
73.50
73.07
74.30
74.82
76.15
74.76
73.70
70.13
70.26
69.85
68.25
67.76
69.80
68.70
68.01
68.30
68.66
68.00
67.26
66.38
63.90
63.88
64.55
65.60
63.00
60.30
59.86
59.25
60.91
60.70
60.60
60.50
61.06
60.07
58.90
60.00
59.90
59.95
57.75
57.46
58.10
58.04
55.96
56.75
57.50
57.68
57.77
56.20
56.70
57.78
58.10
59.25
62.25
63.50
63.68
63.25
63.90
63.54
63.95
65.10
65.15
65.30
65.42
66.15
66.70
66.42
64.40
63.95
63.65
63.55
63.26
63.55
63.69
63.81
63.25
63.04
63.25
64.51
64.70
64.01
64.06
64.91
64.89
64.53
62.47
61.68
61.91
62.01
61.96
62.30
62.70
62.79
63.36
63.15
63.80
63.81
63.75
63.76
64.10
65.00
65.27
67.10
67.90
67.66
68.04
68.75
68.71
67.67
67.60
67.20
67.41
67.85
69.01
70.11
70.05
70.60
71.03
70.70
69.52
69.76
69.54
69.50
69.36
70.86
71.73
72.01
72.10
72.90
73.81
74.27
74.51
74.30
75.35
76.20
76.48
74.80
73.81
73.95
73.65
73.68
74.90
74.71
73.40
73.30
72.30
73.11
73.23
72.56
67.00
68.89
69.45
70.80
71.06
72.02
71.73
72.25
71.90
71.15
71.30
71.76
72.10
72.05
71.80
71.50
70.62
70.11
69.73
70.00
70.77
71.60
71.05
71.36
70.51
71.88
71.30
71.75
73.45
73.64
75.20
75.94
76.35
77.37
76.21
76.30
76.47
76.49
77.23
77.97
77.77
78.00
77.71
77.75
77.80
77.50
76.91
75.95
75.24
76.98
76.05
75.73
76.23
75.50
74.76
75.26
76.46
78.90
79.00
79.57
79.80
80.00
80.42
80.73
79.91
80.05
80.22
79.75
79.06
78.71
78.02
78.61
78.20
77.10
77.28
77.16
76.38
77.12
77.25
78.51
78.34
79.20
79.34
78.60
78.60
77.20
77.21
78.54
77.45
77.26
80.40
81.40
82.43
81.72
81.73
81.48
80.75
81.27
81.87
83.02
83.41
84.33
83.77
83.45
83.10
83.15
85.30
85.67
84.70
84.50
84.85
86.33
84.11
84.76
83.26
83.20
82.62
83.51
84.20
84.05
85.12
87.17
88.12
89.08
89.20
89.62
89.31
88.88
88.85
89.23
88.93
89.10
88.40
89.10
88.89
89.25
90.00
90.21
91.20
90.50
90.25
90.60
89.91
87.85
88.01
88.50
88.66
88.97
88.85
89.70
89.70
89.40
90.55
92.18
91.95
91.90
91.62
90.80
91.65
91.80
91.67
92.41
91.81
91.93
92.73
92.40
90.75
90.95
90.91
89.70
87.50
87.00
86.40
88.97
88.87
88.13
88.80
89.28
88.07
88.15
88.94
90.27
91.39
90.00
91.55
92.98
93.38
93.60
93.27
93.00
89.00
87.94
89.55
89.30
89.06
88.37
87.02
87.51
89.01
86.65
87.35
85.12
82.10
79.20
79.35
79.76
80.11
74.08
75.00
78.01
78.10
81.07
83.25
84.46
85.77
86.75
87.26
87.82
87.20
87.12
86.50
88.34
89.50
89.95
89.70
89.34
90.69
89.06
90.04
90.01
89.79
89.75
89.93
89.15
89.26
87.00
87.70
87.50
86.36
86.52
88.20
89.19
89.00
90.10
90.85
90.30
90.64
91.86
91.79
90.65
91.10
90.25
89.50
88.00
87.99
89.15
87.99
87.20
88.50
90.01
89.50
87.37
88.45
89.06
87.91
87.50
88.54
89.73
89.20
89.76
89.79
89.84
90.12
89.51
89.16
88.50
87.53
84.75
87.06
88.02
87.46
86.70
86.25
86.35
86.97
87.02
87.17
86.14
85.14
85.37
85.13
85.75
85.44
85.90
86.26
86.49
86.47
85.45
84.25
83.60
83.85
82.25
82.00
84.49
85.15
84.81
85.55
86.40
86.42
86.25
87.16
86.33
87.05
86.81
85.36
86.34
87.52
87.12
87.12
86.21
86.00
85.11
86.01
86.61
86.97
86.48
84.60
84.66
85.15
85.00
85.65
85.20
86.16
86.30
86.01
84.75
84.74
84.14
82.37
84.00
84.02
84.22
84.30
85.22
84.53
84.78
84.21
83.44
84.00
82.92
82.71
81.55
82.15
83.87
83.34
83.06
83.20
82.61
81.66
82.25
82.01
81.53
80.72
79.76
79.69
80.15
79.57
79.70
79.66
80.46
81.79
82.81
82.83
85.19
86.45
87.26
87.99
87.06
87.20
87.89
87.50
87.89
88.00
88.71
89.47
89.42
88.80
89.32
89.01
88.93
88.40
88.90
89.13
89.37
88.75
88.11
89.11
88.54
90.35
89.10
88.80
88.45
89.70
89.57
88.37
88.93
89.24
89.30
89.41
88.90
88.72
88.71
87.60
87.70
88.76
89.79
89.61
88.70
88.60
89.05
89.03
89.62
90.60
90.20
91.02
90.80
91.15
91.85
90.70
90.31
90.40
90.13
89.92
90.20
90.55
91.40
91.66
91.00
90.05
90.41
90.36
91.00
90.63
89.80
89.17
89.10
88.73
89.93
89.71
90.10
90.02
88.50
87.90
88.03
88.24
87.83
87.94
87.84
88.60
89.04
88.28
88.50
88.20
86.82
87.90
87.10
87.21
87.87
86.61
86.51
87.42
87.50
88.03
88.18
88.75
88.48
88.80
88.55
88.70
88.40
87.70
87.27
86.55
86.69
86.57
86.66
87.15
86.59
86.96
87.12
88.01
89.82
90.74
90.56
91.00
90.81
91.03
91.13
91.45
91.50
92.09
92.20
92.28
91.52
91.79
92.00
91.96
91.52
91.72
92.44
92.82
93.52
94.38
93.60
93.71
94.22
94.45
94.75
95.16
95.15
95.24
95.60
96.01
95.41
95.70
94.73
94.76
94.55
95.96
96.68
97.00
97.26
97.85
97.50
97.10
96.77
96.80
96.62
95.65
95.82
95.51
95.93
95.32
95.19
95.56
95.00
95.41
95.51
95.57
96.04
95.82
95.80
96.27
96.46
96.18
96.38
96.12
96.15
96.32
96.31
95.62
95.79
97.12
97.92
97.96
98.20
97.26
97.30
98.05
98.05
97.91
98.05
99.04
99.47
98.88
98.81
98.68
97.78
98.63
98.88
99.40
99.25
99.69
99.34
98.62
98.26
98.15
98.25
97.94
97.95
99.10
98.11
98.69
100.50
100.81
101.11
101.90
102.39
101.28
101.45
102.10
102.02
102.07
101.95
102.10
102.84
102.00
102.05
102.55
101.25
101.58
102.38
102.21
102.12
101.75
101.52
101.77
101.10
101.73
101.95
104.26
103.95
102.91
102.38
102.39
103.05
103.62
104.03
103.01
102.45
102.49
103.55
103.79
103.85
104.61
104.50
104.80
105.71
105.32
105.50
106.25
106.03
106.65
105.73
104.99
105.71
105.89
105.62
104.61
103.54
103.28
104.07
104.78
105.05
104.07
104.28
105.75
105.16
105.59
106.28
106.33
106.71
105.53
104.74
104.88
104.85
104.85
105.81
105.61
105.47
105.11
106.61
106.03
105.96
107.01
107.63
107.78
107.51
108.60
107.95
107.61
107.97
109.33
110.00
109.76
110.00
110.45
110.85
110.37
109.96
55.07
55.55
55.46
55.26
54.30
54.29
54.43
54.22
54.00
54.00
54.04
54.10
54.37
54.46
54.37
54.56
54.57
54.95
55.01
54.60
54.26
53.10
53.03
52.01
52.24
53.04
52.62
52.50
51.50
52.68
52.99
53.53
53.14
52.61
52.77
53.01
53.80
54.29
54.12
54.20
54.47
54.68
54.29
54.09
54.71
54.66
54.77
55.33
55.50
55.50
55.22
55.49
55.89
56.49
56.31
56.20
55.93
55.62
55.70
56.21
56.30
55.68
55.86
54.24
53.82
54.07
54.15
53.83
53.60
53.27
53.37
53.88
54.15
54.30
54.02
54.00
53.60
53.22
53.10
53.40
52.77
52.84
53.47
53.25
53.00
52.77
52.89
53.00
52.20
51.53
50.81
50.53
51.00
50.85
50.79
51.22
51.83
53.19
52.89
52.70
52.80
53.23
53.91
54.07
54.22
54.17
54.23
54.04
54.02
53.75
53.77
53.64
53.52
53.48
53.55
54.15
54.95
54.04
54.04
54.02
55.01
55.52
56.10
55.75
55.61
55.64
55.35
55.35
55.47
55.35
55.50
55.36
55.28
55.01
55.05
55.04
55.10
54.49
55.00
54.66
55.02
55.89
55.84
55.78
55.34
55.43
53.30
55.76
56.28
55.35
54.33
55.20
55.44
54.73
52.14
52.99
52.69
52.99
53.09
52.34
52.35
51.75
51.51
51.16
51.56
52.33
52.71
53.15
53.09
53.22
52.25
52.89
53.49
53.76
53.00
53.09
53.25
53.35
53.68
53.68
53.30
52.80
52.89
52.48
52.53
52.92
52.60
52.42
52.70
52.60
51.99
52.04
52.60
52.22
51.86
51.92
52.76
52.37
52.92
53.77
53.67
54.00
54.50
54.50
54.90
54.81
54.98
54.60
54.13
54.11
53.25
53.30
53.35
53.40
53.37
52.54
53.74
53.29
54.01
54.40
54.66
54.40
54.59
54.49
54.28
54.73
55.40
54.25
54.80
54.92
55.65
55.76
56.27
56.20
55.76
55.40
55.70
55.34
55.13
55.00
55.51
55.22
54.90
55.40
55.28
54.89
54.40
54.13
54.10
54.25
54.08
54.38
54.12
54.00
54.15
53.57
52.82
52.44
52.70
53.10
52.70
52.55
51.91
52.48
52.00
52.16
53.65
53.90
53.95
54.72
54.40
54.31
54.60
54.16
54.60
54.75
54.85
54.95
55.18
55.20
55.52
54.63
55.32
54.59
54.04
53.89
54.00
53.62
53.39
53.05
53.25
53.47
53.55
53.22
53.50
54.15
54.99
55.17
54.55
54.60
54.70
54.85
55.00
55.19
55.25
55.70
56.06
56.20
55.80
56.08
56.55
55.49
54.97
55.09
55.63
55.26
55.90
55.60
55.85
56.10
56.40
56.34
57.10
57.28
57.59
59.13
57.97
57.02
55.50
55.87
55.80
55.90
55.60
55.96
55.78
55.40
54.87
54.62
54.97
54.81
54.95
55.03
54.96
54.88
55.15
55.66
55.25
54.96
55.75
55.75
55.14
55.34
55.75
55.92
56.26
55.71
55.92
56.14
56.60
57.02
57.17
56.92
56.35
57.17
56.72
57.35
57.16
57.32
57.21
57.12
57.34
56.80
56.70
57.05
56.82
57.20
58.28
58.00
57.50
57.76
57.75
58.25
58.25
58.17
58.45
58.36
58.12
57.88
57.69
58.56
58.61
58.48
58.45
58.57
58.60
58.40
58.39
58.42
58.37
58.00
57.79
57.64
57.29
57.83
58.59
59.05
58.95
58.89
59.06
59.64
59.32
59.10
59.11
59.23
59.32
59.46
59.27
59.48
59.71
60.01
60.42
60.69
60.98
61.39
61.06
61.35
59.85
60.02
59.36
59.30
59.50
59.42
60.23
61.10
61.45
61.80
59.60
59.77
59.00
58.85
58.71
58.94
58.70
58.44
57.98
58.26
57.50
57.00
57.40
57.58
57.69
57.77
57.54
57.24
57.26
56.95
56.09
56.28
56.35
55.75
55.84
55.07
55.77
55.99
56.15
56.63
57.48
57.76
58.00
57.76
57.43
55.18
55.60
55.65
55.42
56.17
56.25
55.51
55.01
54.05
55.52
55.25
54.88
53.75
53.95
54.06
54.19
54.86
54.71
54.33
54.00
54.03
53.80
53.07
52.75
53.16
53.30
54.11
54.16
54.10
53.79
53.97
54.83
54.70
54.86
55.46
55.52
55.50
55.26
55.20
55.50
55.82
55.60
56.02
55.65
55.94
56.25
56.43
56.78
56.51
56.40
55.25
55.55
55.30
55.50
56.18
55.92
56.15
56.22
56.31
56.40
56.66
56.07
55.70
57.47
58.13
59.09
58.84
59.28
59.40
59.58
59.79
59.64
60.10
60.23
60.14
59.78
60.28
60.71
60.73
60.82
60.82
60.22
60.76
61.40
61.55
61.75
61.19
61.14
61.34
61.10
61.09
61.75
60.42
59.83
60.90
60.44
60.21
60.76
61.43
61.54
61.56
61.91
62.36
61.92
61.98
61.89
61.89
62.02
63.21
62.72
62.74
62.05
62.12
62.32
61.65
61.50
61.77
62.00
62.14
62.15
62.25
62.67
62.82
62.90
63.15
63.45
62.21
62.55
62.76
63.10
63.12
63.42
63.94
63.19
63.35
63.15
62.74
62.98
63.00
63.30
63.63
63.26
63.06
63.40
62.53
62.29
62.59
62.53
62.21
62.75
63.30
63.29
63.68
63.57
63.60
63.45
63.25
63.28
63.37
63.65
63.70
64.02
63.92
63.75
63.60
64.25
64.12
64.10
63.70
63.75
63.34
63.23
63.11
63.25
64.10
64.40
64.72
64.85
63.68
65.54
65.16
65.29
65.10
64.68
64.50
64.83
63.68
64.10
64.68
65.09
64.93
64.48
64.35
64.10
64.22
64.06
64.06
64.62
64.80
64.80
64.36
64.32
64.31
64.46
64.32
61.25
62.25
62.75
62.70
62.66
62.45
62.02
61.87
62.00
61.98
61.14
60.42
61.25
61.48
61.71
61.80
62.15
63.20
63.45
63.27
63.16
62.66
62.90
62.00
62.65
62.74
62.85
62.81
62.82
63.11
62.75
62.90
63.14
63.29
63.53
63.39
63.50
63.49
63.55
62.77
63.33
62.92
62.61
63.35
62.63
62.31
61.84
61.75
62.00
61.50
61.42
61.04
61.42
61.56
61.72
62.11
62.76
63.25
63.01
62.80
63.02
62.83
62.85
62.90
63.23
63.32
62.96
62.85
63.06
63.17
62.12
62.18
62.75
62.16
62.02
62.10
62.25
61.72
61.10
61.82
61.60
60.99
60.85
60.99
60.91
61.05
60.76
61.35
61.45
61.40
61.35
61.41
61.01
60.89
61.56
62.25
62.20
62.68
62.02
62.48
62.10
62.29
62.55
62.59
62.30
62.30
62.05
61.74
61.50
62.64
62.34
62.95
64.23
64.60
64.00
64.28
64.01
63.52
63.34
62.53
64.17
64.72
64.21
64.39
64.54
65.10
64.91
64.20
64.50
64.51
64.88
64.89
64.93
65.09
65.40
65.43
65.85
66.54
67.16
66.94
67.26
67.89
68.10
68.45
68.98
69.10
69.40
69.66
69.83
69.91
70.40
70.35
70.23
70.20
70.58
70.05
70.50
71.13
71.41
71.60
70.67
70.54
70.30
70.50
70.61
70.51
70.64
70.63
71.14
71.12
71.60
67.90
69.04
68.59
68.86
69.38
70.07
69.23
69.10
70.30
70.35
70.77
71.20
71.31
72.15
72.28
72.46
72.09
72.30
71.92
72.27
72.52
73.35
73.35
73.22
73.04
72.91
73.49
74.06
74.08
73.76
74.23
74.10
73.85
73.09
72.52
72.66
73.00
73.34
73.70
73.77
73.62
73.82
73.23
71.87
72.00
71.70
71.90
72.00
72.06
72.07
70.01
70.01
69.23
68.77
67.85
66.70
62.81
62.74
65.35
65.29
64.90
64.65
64.60
63.78
65.44
66.15
64.98
64.81
65.08
64.85
64.73
66.08
66.77
66.26
66.15
66.10
65.62
65.79
65.35
66.05
66.35
67.01
66.61
66.04
65.53
65.53
66.05
66.32
65.67
65.58
65.81
66.64
66.59
66.00
66.00
67.15
67.78
68.00
69.06
69.32
69.06
69.32
69.37
68.90
69.85
70.27
69.78
70.05
70.10
69.93
69.64
69.95
69.75
69.76
69.80
68.97
67.30
66.86
66.74
67.15
66.75
66.79
66.17
66.03
65.80
66.87
66.52
66.36
66.22
66.21
65.70
65.68
65.10
65.00
65.25
65.37
65.12
66.42
66.40
65.74
65.01
65.06
65.10
64.91
64.76
64.75
65.32
64.94
64.95
65.60
66.10
65.26
65.22
65.63
66.02
66.06
66.08
65.77
65.74
64.92
64.71
63.10
62.74
62.42
62.83
62.23
60.49
60.44
60.05
61.65
62.69
62.60
62.67
63.41
63.36
63.18
63.62
62.03
63.38
63.20
63.25
63.41
63.53
63.82
64.41
64.26
63.65
63.80
65.43
65.25
64.72
64.90
65.82
67.29
67.07
66.80
67.07
69.10
69.20
69.11
69.71
71.03
70.65
69.68
69.29
70.07
69.92
69.58
69.38
69.81
69.74
70.15
70.18
70.37
69.73
71.31
71.47
71.81
71.58
72.33
72.14
71.30
70.84
70.40
68.15
67.76
67.07
67.21
68.04
67.82
66.00
67.05
69.34
70.52
70.07
67.02
66.08
64.46
60.69
54.92
61.00
62.56
58.63
57.12
59.83
61.10
62.64
58.35
57.22
56.62
57.00
57.07
59.41
61.44
62.76
64.07
65.10
63.81
62.54
63.43
64.03
63.23
61.50
60.87
61.96
61.41
60.76
62.11
59.00
58.29
62.68
53.77
61.40
63.04
60.35
59.35
60.50
60.58
59.40
62.02
59.36
58.51
57.50
57.05
58.15
59.58
60.01
59.50
59.75
59.25
59.67
59.88
60.09
59.43
60.42
61.07
61.06
61.59
61.51
60.64
60.00
59.75
59.69
59.02
57.22
56.55
57.12
57.23
56.49
56.27
55.59
55.61
56.20
56.90
57.56
54.24
52.21
52.54
52.21
52.13
53.06
52.67
50.97
50.86
49.95
50.73
49.28
49.75
51.03
49.80
48.79
48.97
49.22
48.90
47.76
46.80
46.38
46.67
44.93
44.63
43.93
44.37
44.76
44.52
45.66
47.17
47.41
46.99
46.20
45.52
46.00
46.89
47.20
47.51
48.13
46.57
46.95
46.29
48.72
48.72
48.91
48.53
47.88
48.37
47.95
46.98
47.65
49.11
50.82
50.62
49.50
49.54
48.75
49.02
49.07
49.25
49.82
48.25
48.55
49.69
49.51
49.90
50.62
51.19
50.23
50.00
50.11
50.75
50.37
50.92
52.27
53.56
52.51
52.96
52.67
51.58
51.11
51.50
52.36
53.16
52.90
52.97
52.92
52.59
52.25
51.57
51.95
51.73
51.07
50.03
50.00
50.01
50.24
50.21
50.39
50.06
50.12
51.05
51.60
50.75
51.28
50.74
50.52
51.63
51.54
52.18
51.94
52.05
52.74
53.50
54.50
54.93
55.15
52.00
54.65
54.80
55.33
55.35
55.28
55.56
55.93
55.43
55.00
55.30
53.32
51.14
51.46
51.58
51.93
51.85
51.75
51.87
52.12
52.08
52.27
52.65
53.00
52.97
53.16
53.28
52.70
52.66
52.81
52.87
52.75
52.52
52.66
53.21
53.53
55.18
55.40
55.05
54.89
54.61
55.30
56.50
56.75
56.96
57.15
57.30
57.92
58.01
57.76
57.34
56.44
56.20
56.02
56.79
56.76
57.14
57.30
57.42
56.83
57.03
56.87
57.10
57.22
57.88
57.40
57.37
57.21
56.58
56.67
56.97
58.91
57.86
58.00
58.20
58.70
59.08
60.00
60.84
61.47
61.52
61.22
61.04
61.93
62.08
61.74
61.51
61.48
62.12
62.38
62.70
61.60
62.12
62.60
62.85
62.42
62.25
62.04
61.60
61.70
62.08
62.21
62.39
61.89
62.12
61.54
60.41
61.23
61.02
60.76
61.05
60.79
61.15
61.16
60.56
60.63
60.60
60.50
60.24
60.06
59.01
60.50
60.91
61.38
60.44
60.80
60.10
59.45
59.22
60.15
60.00
59.95
61.58
61.47
61.51
61.66
62.36
61.31
60.43
60.81
61.01
61.22
61.27
61.29
62.35
62.51
62.35
63.02
63.30
62.92
63.13
63.01
63.14
63.15
63.34
63.43
63.41
63.05
63.03
63.05
62.86
62.51
63.06
63.19
63.42
63.37
63.65
63.52
63.52
63.66
63.48
63.58
63.40
63.59
63.51
63.18
63.20
63.30
63.01
62.21
62.12
62.51
62.41
62.58
62.71
62.72
62.63
62.70
63.03
63.12
63.23
63.20
63.40
63.04
62.41
60.83
62.11
61.84
61.56
61.50
39.37
60.00
61.16
61.98
62.10
62.73
62.15
62.66
63.13
62.81
61.58
60.37
61.00
60.05
60.33
60.61
60.85
60.52
61.04
61.70
60.57
60.59
60.49
61.27
61.67
60.38
61.21
61.34
60.83
60.83
61.20
60.78
60.69
60.71
60.75
59.79
59.57
59.75
59.71
59.36
59.21
58.92
59.13
60.78
61.36
61.34
62.17
62.00
62.35
61.63
61.71
61.21
60.86
61.01
61.21
61.66
62.35
62.56
61.22
60.82
61.51
59.55
59.55
59.40
59.17
59.86
60.08
60.00
59.38
59.69
59.32
59.93
60.04
59.85
59.67
59.86
59.58
59.40
59.40
59.25
59.34
59.25
59.53
59.71
59.83
59.92
60.15
60.21
60.28
60.22
60.32
60.53
60.66
60.81
60.91
61.23
61.42
61.15
61.36
61.02
60.35
60.03
59.84
59.95
59.68
59.99
60.30
60.75
60.90
61.86
61.56
62.08
62.52
62.55
62.64
62.90
62.77
62.60
63.13
63.48
62.52
62.73
63.06
63.19
63.40
63.85
63.83
64.39
64.62
64.57
64.61
64.36
64.06
64.02
64.14
63.10
63.14
63.51
63.61
63.03
62.32
62.40
62.03
61.67
61.02
61.50
61.96
61.97
62.05
62.01
62.28
62.53
63.06
63.15
63.20
63.56
63.15
64.29
64.67
64.64
64.27
64.76
64.37
64.40
64.35
64.06
64.01
64.00
64.35
64.64
64.31
64.17
64.15
63.74
63.40
64.91
65.27
65.44
65.05
65.35
65.52
65.79
66.47
66.07
63.14
63.84
63.01
62.72
62.30
62.65
62.77
63.80
64.30
64.08
64.08
64.08
64.35
63.67
63.70
63.45
63.93
63.62
63.90
62.83
62.53
62.62
62.65
62.32
62.11
61.56
61.47
61.73
61.75
61.21
61.12
60.79
60.31
59.70
60.00
60.12
60.80
60.88
60.54
60.75
60.71
60.61
60.61
61.38
61.59
61.74
61.93
61.60
61.54
61.47
61.63
61.90
62.00
62.72
62.76
63.09
63.56
63.56
63.56
63.00
62.60
63.28
63.56
62.93
64.41
65.00
65.16
65.58
65.63
65.04
64.86
65.25
65.65
65.82
66.55
66.51
66.64
66.97
66.90
67.18
66.71
66.80
65.90
65.76
66.01
66.33
66.34
65.66
65.25
65.21
65.01
64.69
64.86
64.65
64.51
64.66
63.33
63.50
64.53
64.51
64.16
63.87
62.80
62.44
62.63
62.53
62.36
62.58
63.34
63.95
64.34
64.72
64.53
64.26
64.39
64.49
64.36
64.33
64.28
64.32
64.04
64.24
64.14
63.22
63.08
62.15
61.85
61.49
61.00
60.75
60.49
59.50
59.32
59.24
57.56
58.31
58.61
60.59
61.06
61.17
61.25
60.05
60.23
61.45
61.76
62.38
62.20
61.17
62.78
62.89
63.39
63.19
62.41
61.10
62.62
62.39
61.57
61.00
61.17
61.53
62.10
63.01
63.52
63.48
62.96
60.30
60.40
61.63
62.76
62.57
62.99
63.17
62.75
61.78
62.79
62.63
63.65
64.13
64.24
64.54
63.97
64.37
64.06
64.10
64.28
64.47
65.47
65.01
64.37
64.18
64.31
64.32
63.94
62.51
62.40
62.89
62.37
62.69
63.48
62.56
62.80
63.58
62.93
63.10
63.02
62.54
63.06
61.45
61.49
61.00
61.00
61.57
62.36
63.19
63.87
64.27
64.45
64.49
64.65
64.30
64.60
63.94
64.40
64.32
64.65
64.82
64.74
65.21
65.50
65.79
66.01
66.07
66.45
66.65
66.59
66.27
66.34
66.25
65.93
66.22
66.07
65.47
65.56
65.37
65.95
65.82
65.42
65.45
64.78
64.04
64.18
64.73
63.66
63.03
62.70
63.19
63.25
62.56
62.78
63.37
63.44
63.53
63.55
64.06
64.09
64.38
64.65
64.90
64.35
64.17
64.25
66.52
66.13
66.54
67.31
66.46
66.40
66.46
66.20
66.42
66.77
66.60
66.73
67.57
67.69
67.50
67.13
66.96
66.90
66.86
66.95
67.27
67.25
66.96
66.95
66.76
67.01
67.40
66.94
66.71
66.83
66.71
66.29
66.32
65.95
65.80
65.88
66.83
66.73
66.23
66.59
66.38
66.56
66.50
66.63
63.95
63.29
63.29
63.40
64.16
64.24
63.36
64.11
63.57
63.83
63.62
63.30
63.50
64.00
63.91
63.40
62.95
62.98
62.04
62.23
62.40
62.62
62.24
61.98
61.20
61.10
61.02
61.16
61.72
62.57
62.50
62.21
62.27
62.70
62.52
61.79
62.10
59.74
59.75
59.76
59.25
59.07
59.15
59.33
60.54
60.78
60.82
61.19
60.86
61.12
61.49
60.98
62.70
63.77
64.24
64.54
64.35
64.53
64.40
64.23
63.72
63.89
64.44
64.56
64.50
64.50
63.90
63.24
64.70
65.20
65.91
65.96
66.40
66.21
66.35
66.19
66.56
66.45
66.63
66.55
66.68
66.51
66.59
66.33
66.86
66.85
66.80
66.62
66.89
67.01
67.21
67.60
67.98
68.12
68.08
68.05
67.89
68.77
68.86
69.11
69.02
69.11
69.38
69.24
69.54
69.30
69.06
68.64
69.10
68.52
68.73
69.31
69.41
68.89
68.52
67.95
67.82
67.87
67.97
68.79
68.51
69.04
68.45
67.87
67.26
67.37
69.58
69.39
69.01
69.14
69.06
68.35
68.36
67.79
66.90
66.76
66.91
66.77
66.29
65.83
66.14
66.86
67.76
67.97
68.71
69.05
68.91
68.90
69.13
69.37
69.50
69.07
69.08
69.44
69.85
70.03
70.14
70.61
69.90
69.78
69.62
69.43
68.77
69.30
68.38
68.24
67.70
67.41
67.06
66.83
68.35
68.94
68.68
68.38
68.40
68.61
68.68
69.01
69.23
69.15
69.11
69.34
69.67
69.75
69.80
70.20
71.75
73.19
73.52
74.67
74.67
75.17
74.95
75.32
75.04
75.79
75.56
75.12
75.81
75.98
76.25
76.21
76.49
76.92
75.90
76.75
75.92
75.77
75.70
76.17
75.56
75.97
76.72
76.81
76.78
76.46
76.90
77.00
76.52
76.83
76.34
75.80
76.11
77.27
77.14
77.00
76.44
76.89
76.57
76.66
76.73
77.65
77.84
78.25
77.83
77.88
78.07
78.43
79.33
79.47
79.60
79.37
78.85
79.06
80.20
81.12
80.51
76.93
76.35
76.58
77.23
76.60
76.72
77.14
77.66
77.52
77.27
77.23
78.02
78.23
78.42
78.74
79.47
79.89
79.31
78.78
78.22
78.62
78.23
81.44
80.77
78.87
78.90
76.75
76.12
76.75
76.63
75.83
77.27
77.26
77.45
77.48
77.14
77.67
78.25
78.70
77.59
75.10
75.69
75.63
76.29
77.02
77.57
76.90
77.00
77.71
77.43
77.78
78.50
79.07
79.30
80.29
80.67
80.85
80.91
80.01
80.03
80.05
80.90
80.78
80.13
79.84
79.39
80.05
80.16
80.16
81.21
80.56
80.96
81.30
81.38
81.51
81.19
81.04
81.33
81.19
80.17
79.06
79.42
79.28
79.05
78.87
79.59
78.53
77.33
76.85
76.42
73.61
77.44
77.12
76.83
76.40
77.37
77.78
77.25
78.17
78.41
79.71
79.64
78.53
79.78
79.39
78.67
78.59
77.71
77.62
76.77
75.35
75.44
75.42
75.20
75.51
75.48
76.05
76.10
77.15
77.81
77.93
77.44
77.26
77.98
78.78
78.44
79.28
80.25
80.25
79.51
79.95
81.10
81.23
80.72
80.64
80.91
80.85
81.33
82.11
81.67
82.02
82.12
82.46
83.43
84.16
84.18
84.21
84.24
84.51
84.23
84.85
84.64
84.02
84.15
83.10
83.23
82.59
82.30
83.17
84.34
83.43
83.61
81.93
81.56
81.60
80.69
80.48
81.51
81.82
81.01
81.25
81.29
81.86
81.57
81.09
80.32
80.19
80.30
80.62
80.05
80.03
80.20
79.69
80.02
80.25
80.26
79.80
79.54
79.05
78.12
78.78
78.42
78.43
77.38
76.77
75.26
75.60
75.40
75.67
76.48
76.75
77.19
77.64
77.06
77.00
77.25
77.56
77.55
77.50
77.91
77.61
77.40
77.82
77.56
78.01
77.35
77.90
77.55
77.84
78.11
78.20
78.57
78.62
79.19
78.67
79.02
79.51
78.51
78.15
77.88
78.47
79.44
79.33
79.38
79.52
79.55
80.21
79.80
79.93
79.75
79.93
80.02
81.32
80.89
80.50
80.51
80.52
81.03
81.34
81.29
81.15
79.38
80.01
80.97
81.51
82.36
82.24
81.76
81.75
81.47
81.12
81.42
81.82
82.14
81.71
81.42
81.12
80.44
80.00
79.54
79.97
80.02
80.05
80.40
80.05
80.02
80.08
80.17
80.29
79.60
79.64
79.97
79.82
79.85
80.00
79.88
79.69
79.50
79.11
79.35
79.13
79.80
79.83
79.36
78.92
78.65
78.59
78.52
78.43
78.51
79.44
79.64
79.66
79.91
80.50
81.19
81.00
81.30
81.09
80.75
80.39
80.16
79.95
79.77
79.82
79.85
79.37
78.85
78.65
78.14
77.29
78.83
78.66
78.98
79.27
80.01
80.04
81.03
81.21
81.11
81.44
81.18
81.81
82.12
82.46
82.69
83.14
83.31
83.33
83.16
82.76
82.60
82.71
82.77
82.78
83.07
83.13
82.83
83.15
83.37
82.86
83.14
83.56
83.93
84.07
84.18
84.49
84.44
84.33
84.33
83.86
83.66
83.68
83.03
82.95
82.88
83.19
83.12
83.21
83.53
83.91
83.31
83.03
81.76
81.57
82.03
82.83
83.66
83.92
82.30
84.91
84.83
86.17
85.91
85.67
86.71
86.20
87.44
88.36
88.57
88.25
88.26
89.17
89.42
88.46
87.93
87.37
87.49
87.93
88.33
