56.50
64.35
59.73
63.25
63.96
62.91
62.76
62.36
61.61
62.32
65.50
64.48
65.04
68.09
65.79
66.11
66.11
65.68
64.35
66.14
67.04
69.00
70.97
70.28
70.08
72.30
75.10
75.63
80.88
83.45
85.40
82.75
85.06
87.53
88.50
87.30
82.86
81.90
82.38
82.23
82.25
82.37
83.32
82.74
80.85
77.31
76.35
78.74
81.92
85.25
86.36
86.07
87.56
85.48
87.24
83.65
82.14
80.31
77.74
79.56
81.53
83.27
84.67
83.86
84.27
83.57
81.06
82.66
82.06
79.10
82.60
81.31
81.41
79.42
78.07
75.62
79.06
75.87
77.25
74.55
72.58
68.42
72.23
75.06
73.40
71.90
74.05
73.25
70.08
71.96
70.55
75.97
78.45
73.06
71.73
72.50
73.60
71.48
69.50
72.60
74.79
72.80
73.93
75.78
75.79
74.94
73.74
74.57
74.38
74.09
73.32
73.34
74.45
75.65
75.90
74.99
73.05
70.50
71.76
70.10
67.49
69.04
70.95
71.65
69.38
66.35
64.09
66.90
69.57
65.18
66.90
65.68
64.60
62.04
57.80
61.39
61.31
57.59
56.84
55.38
51.15
52.63
49.85
52.00
58.87
57.61
49.75
53.07
52.22
52.01
50.70
48.51
48.32
47.98
46.59
49.97
50.69
54.25
55.35
52.49
59.81
56.47
51.53
53.50
51.99
53.79
51.75
54.44
54.24
52.76
54.64
51.58
48.14
46.38
49.72
49.53
52.00
52.56
48.05
49.68
52.44
50.81
53.18
56.16
53.53
53.16
52.09
52.95
52.75
54.77
55.36
54.70
54.97
53.75
53.65
52.89
53.25
52.17
50.99
52.45
53.44
53.82
57.61
56.36
55.76
55.62
52.96
53.14
50.97
49.38
47.41
42.42
44.18
44.18
44.32
42.59
44.15
47.22
46.27
49.35
49.97
48.39
49.13
53.74
55.41
55.32
53.85
54.96
56.40
55.95
54.25
56.15
55.63
55.66
54.25
56.35
55.42
56.06
56.71
54.16
54.36
55.29
53.42
50.19
49.80
52.87
51.37
54.09
52.05
52.17
55.29
56.31
52.69
52.53
55.54
53.60
52.75
55.50
54.25
53.50
55.60
54.29
55.59
60.08
59.13
57.15
57.82
58.79
61.11
58.33
59.11
58.07
58.00
55.00
58.63
57.51
58.23
60.38
58.87
60.71
63.51
64.96
65.01
68.20
67.39
66.19
65.53
68.43
65.93
65.22
64.47
64.52
65.07
66.41
64.80
64.96
66.28
65.75
66.77
65.92
66.50
67.71
66.66
66.81
68.23
69.52
69.28
69.80
68.63
69.27
66.72
64.36
64.43
62.46
61.35
61.41
61.37
61.24
62.67
61.09
61.95
63.82
62.98
62.26
60.80
60.08
60.67
59.71
59.49
60.44
59.86
60.35
60.29
62.65
64.41
64.10
67.12
67.15
66.85
67.19
67.29
68.19
66.30
66.78
67.21
65.46
69.11
69.10
68.38
68.65
69.17
68.88
68.61
68.45
68.68
67.80
66.43
67.01
67.20
67.81
69.00
67.95
68.98
70.20
69.71
70.50
71.10
70.18
70.10
70.91
70.36
70.95
70.48
72.31
72.29
72.87
73.20
74.09
73.82
73.79
73.39
74.41
73.92
73.53
70.66
71.14
69.57
69.11
69.12
67.79
68.16
68.26
70.86
71.73
72.94
73.70
74.67
74.80
75.08
74.29
74.95
75.05
75.19
75.69
74.12
72.78
73.90
76.57
77.28
75.76
77.29
77.65
78.31
79.59
79.67
81.16
81.10
80.82
79.92
80.00
79.55
80.55
80.39
80.18
80.00
80.44
80.62
81.79
80.33
81.00
82.97
82.22
80.03
80.27
79.93
79.99
81.75
82.32
81.34
84.77
86.14
87.03
87.03
88.97
87.51
86.30
86.15
86.29
86.76
88.02
88.14
87.46
88.14
87.13
85.96
86.76
87.00
86.75
86.34
87.14
87.44
86.14
87.85
87.42
84.45
82.73
82.03
81.15
83.91
82.65
82.03
83.66
84.01
83.52
83.05
82.56
83.05
83.27
83.64
85.14
84.78
85.88
86.42
86.96
86.81
86.91
86.12
85.63
85.23
85.28
86.82
86.45
86.80
87.04
88.51
90.63
90.15
91.52
92.74
93.25
92.41
91.65
91.51
90.13
88.84
89.24
89.98
88.75
90.41
90.25
90.24
91.00
91.03
92.55
92.47
92.40
90.71
91.49
92.52
93.19
92.79
94.26
94.45
93.85
93.12
94.05
93.13
95.14
96.59
96.00
92.95
93.61
92.82
90.23
89.27
88.37
86.43
82.92
82.29
85.99
84.16
85.68
85.73
77.26
74.71
70.09
72.97
72.82
74.20
74.55
72.97
73.40
73.69
72.46
71.49
71.25
72.84
72.13
71.89
73.35
73.80
77.45
76.08
73.78
76.93
77.17
78.24
77.04
80.90
78.76
77.76
76.48
76.66
75.22
71.45
70.75
72.86
73.18
72.27
74.82
75.08
77.38
76.51
76.59
76.28
75.28
71.45
71.22
73.60
72.36
74.46
75.59
76.08
76.61
75.18
71.98
73.35
72.23
73.00
72.45
71.50
72.14
74.74
75.27
73.51
72.98
72.22
72.83
73.36
72.88
71.63
70.10
70.12
70.66
70.86
69.91
71.11
69.54
68.98
70.53
71.98
72.50
71.50
68.55
66.78
68.09
65.48
67.12
68.93
68.38
68.49
70.31
69.94
70.62
70.98
72.37
73.00
73.27
74.41
74.26
73.32
73.24
74.99
74.23
73.61
74.00
74.29
74.25
76.94
77.17
77.60
78.36
77.55
79.52
79.20
79.29
80.63
80.03
79.92
76.45
78.16
77.32
78.42
79.00
79.99
79.80
78.71
78.32
79.29
79.22
76.94
76.36
74.99
75.73
76.94
77.05
75.46
74.65
75.82
75.48
74.19
73.85
75.22
77.00
77.35
78.31
76.88
77.94
79.12
80.20
80.89
80.64
76.94
67.19
66.90
67.99
68.05
68.55
68.73
70.81
70.73
70.60
70.29
70.38
70.52
70.60
72.09
73.17
72.96
71.81
71.88
72.61
71.14
71.12
71.21
69.12
70.69
70.15
71.79
71.58
71.00
70.60
69.46
69.85
70.70
72.09
71.63
72.90
73.93
74.57
73.28
74.74
74.93
75.74
75.61
75.96
76.14
75.83
73.74
72.88
73.91
74.68
73.05
72.70
73.97
75.83
74.69
74.15
74.17
73.71
71.40
72.51
71.86
71.20
70.96
71.43
71.42
71.96
71.60
71.99
72.66
72.09
72.75
72.20
74.23
73.62
74.22
75.24
75.62
76.00
76.41
76.72
77.71
77.03
77.50
76.31
76.47
75.68
75.92
77.37
77.77
77.76
78.77
78.89
77.66
78.12
79.14
80.00
79.77
78.70
79.41
79.86
80.35
79.34
79.93
79.91
79.94
80.60
80.01
79.64
78.23
76.92
77.60
78.75
79.29
79.80
81.06
79.18
80.70
79.13
78.20
79.82
76.71
76.43
74.69
74.86
75.93
74.84
74.88
74.43
74.05
74.99
74.66
75.31
73.37
73.89
75.28
86.57
84.26
87.97
88.32
88.20
90.15
89.73
87.90
87.70
88.74
87.94
88.75
88.07
89.21
88.64
88.05
89.52
89.08
89.20
87.75
86.92
85.54
85.68
83.56
87.48
84.99
83.41
79.24
82.76
79.28
84.52
83.83
85.87
85.83
83.99
80.29
79.60
79.79
83.77
86.38
84.11
85.85
86.58
87.93
87.88
87.73
85.55
85.86
88.48
87.46
86.35
87.45
87.77
89.58
90.50
90.85
90.03
92.84
91.42
88.30
90.08
90.28
89.48
87.63
87.69
85.72
84.26
84.78
84.99
87.13
86.25
89.25
90.51
91.17
92.60
93.92
91.19
93.91
90.08
91.35
93.43
94.21
90.68
92.02
94.40
95.10
93.26
90.03
91.50
93.18
92.64
92.96
94.54
93.13
93.04
95.16
93.82
95.63
93.40
91.40
90.81
91.21
90.84
89.29
89.02
93.47
92.90
96.97
97.76
97.20
96.06
95.37
97.07
95.80
97.19
96.92
95.91
96.36
95.82
97.44
98.58
101.35
100.72
100.54
102.48
101.91
100.72
103.15
101.53
102.99
101.15
101.91
100.71
99.90
99.80
99.11
101.34
100.74
102.53
103.78
102.37
100.58
99.60
101.01
100.56
100.86
101.05
99.88
100.64
102.51
106.06
107.03
107.36
106.98
108.35
112.42
113.90
112.71
115.24
115.10
113.80
115.01
114.20
116.36
116.48
117.54
116.86
118.95
116.37
117.18
116.16
116.24
114.84
115.64
117.97
117.17
116.53
117.27
116.75
117.00
116.68
118.84
116.52
116.75
117.28
118.78
120.06
119.81
119.35
119.00
118.00
118.98
120.36
118.98
121.01
119.50
116.74
117.38
121.02
123.16
120.83
122.08
121.78
121.19
121.01
118.10
118.93
121.79
123.19
123.52
122.98
123.09
122.19
116.41
117.79
118.51
118.14
117.42
118.17
117.92
116.72
116.61
117.53
115.01
112.64
116.22
118.39
119.17
119.77
119.37
120.28
117.49
115.20
112.25
114.16
113.81
116.34
116.81
116.58
116.35
117.16
114.90
116.49
118.40
120.10
121.35
122.59
119.48
124.95
121.27
123.16
123.44
121.52
123.63
126.62
126.34
127.01
125.28
123.65
122.28
120.74
122.64
124.09
127.15
128.23
127.82
125.39
125.75
124.47
122.65
122.20
126.77
129.14
130.84
129.07
127.46
129.27
130.98
131.03
130.40
131.15
128.51
129.09
128.32
129.89
129.06
129.68
128.69
128.16
127.52
128.10
127.15
126.66
127.66
127.40
128.02
126.70
128.25
128.52
127.61
129.50
129.71
128.68
131.49
133.46
134.98
134.25
133.87
133.66
134.79
134.61
135.00
133.74
134.56
132.52
133.91
134.28
136.73
136.00
138.52
139.67
140.26
138.71
136.74
137.42
139.05
139.12
139.89
141.16
142.56
141.88
139.97
139.00
136.64
136.49
137.55
138.31
138.76
143.88
143.40
141.50
143.86
142.56
142.06
142.93
143.24
142.45
139.95
140.00
142.71
145.65
146.34
146.66
148.12
147.25
146.78
147.29
148.18
149.71
148.64
147.59
148.06
148.47
148.55
148.66
148.90
147.88
147.20
146.82
149.13
150.72
149.16
152.46
150.77
151.18
149.76
149.40
148.65
151.58
155.38
155.50
156.77
157.89
159.36
161.79
160.51
161.16
160.65
160.45
160.20
159.88
158.27
159.05
159.05
159.56
159.84
156.35
156.66
155.01
157.91
158.56
156.65
159.53
160.82
157.06
157.80
156.33
156.80
154.77
155.98
157.99
157.61
155.42
157.44
159.43
155.89
157.83
159.87
158.64
158.08
159.50
160.29
161.06
160.51
160.67
161.18
159.80
159.37
160.66
158.55
158.07
156.00
159.33
157.80
160.09
164.00
167.46
168.66
169.84
167.35
167.95
164.75
166.48
165.16
166.29
164.75
166.99
167.62
165.75
161.29
164.71
162.23
161.41
163.96
163.53
165.66
167.06
168.76
167.23
167.90
168.46
166.02
175.40
179.54
178.89
179.79
179.26
178.58
178.75
178.93
180.32
181.76
179.80
184.57
181.61
181.55
180.14
178.10
180.45
180.03
178.14
181.03
178.14
180.19
180.20
177.22
179.35
179.94
182.33
179.66
179.15
182.25
180.93
182.35
184.01
182.63
178.46
179.50
178.27
180.47
182.65
184.26
182.75
185.22
185.24
187.04
190.79
188.10
187.20
186.70
189.96
190.72
190.25
189.38
189.64
191.01
189.92
191.22
188.58
186.75
194.61
193.20
191.97
191.44
177.01
179.17
184.00
184.54
182.89
181.39
180.78
179.81
179.76
179.23
178.35
173.93
173.13
174.98
173.22
178.39
178.92
179.10
175.00
174.17
175.21
175.37
174.42
177.02
176.19
176.21
176.67
178.55
184.59
186.31
185.06
189.00
189.38
191.60
193.65
194.71
198.83
196.24
193.34
191.56
193.56
193.05
191.10
193.22
191.82
188.65
190.48
186.33
182.53
183.85
189.03
192.20
193.44
191.37
195.63
198.28
200.45
200.04
199.98
198.89
202.91
203.06
203.08
204.24
203.82
196.67
199.16
196.42
197.37
199.02
196.10
198.29
199.27
198.27
199.78
200.15
202.00
199.90
197.39
198.12
201.61
202.12
201.93
203.52
203.99
203.46
205.13
201.75
202.74
201.71
201.87
201.59
199.43
205.66
203.44
207.36
207.75
213.25
215.35
216.08
215.97
218.03
218.73
220.20
219.67
220.91
222.68
221.01
221.16
219.83
221.51
222.22
221.91
221.13
218.90
222.65
223.76
221.77
232.18
231.93
232.99
228.25
221.25
216.22
220.96
217.12
220.88
215.43
213.47
214.54
215.61
219.01
221.78
220.55
222.33
224.17
224.05
226.00
226.06
223.88
223.46
223.36
226.19
227.11
226.11
226.28
225.94
221.44
225.50
222.81
223.86
225.56
225.50
227.18
226.10
220.78
220.77
223.78
226.41
223.82
221.82
223.37
220.75
218.40
215.68
215.77
212.09
215.86
214.70
214.66
215.01
207.70
203.41
202.59
207.54
201.55
196.63
201.01
204.05
209.36
207.95
209.13
209.97
208.82
209.40
198.93
201.42
202.67
202.61
206.09
204.42
207.13
205.36
208.70
210.90
210.81
211.70
212.06
209.86
207.45
209.81
210.36
207.92
210.10
209.37
212.07
214.50
213.80
214.67
214.83
213.52
211.32
211.43
212.22
213.00
212.58
214.25
212.68
211.77
211.29
210.24
210.81
211.25
210.32
209.49
209.47
207.79
209.06
208.96
209.28
210.71
214.25
214.84
216.51
216.74
215.26
216.16
215.54
217.00
221.03
221.78
222.67
217.88
220.20
219.22
221.26
221.20
222.74
214.77
214.22
213.50
214.06
211.01
211.81
212.16
210.54
210.69
209.04
210.46
210.58
210.30
211.43
212.52
210.19
214.32
215.00
216.20
215.75
216.09
216.02
216.73
217.13
214.60
212.52
214.73
214.90
214.26
214.21
215.77
214.28
216.88
214.95
214.04
214.64
217.30
215.53
216.44
216.25
213.88
212.46
214.41
210.71
211.94
210.93
213.37
210.01
209.72
211.99
211.79
208.05
212.36
207.71
204.98
204.28
202.72
200.25
203.00
206.00
207.85
213.31
210.92
214.28
213.48
213.41
216.71
214.66
236.65
241.43
241.54
242.97
249.53
250.09
252.43
250.21
249.73
251.95
250.92
248.84
249.80
249.73
249.86
251.67
