-12.1989121989
7.73480662983
-5.5652173913
-1.110068793
1.66905102527
0.239005736138
0.641436818473
1.21733484824
-1.13928112965
-4.85496183206
1.58188585608
-0.861008610086
-4.4793655456
3.49597203222
-0.484041748601
0.0
0.654689403167
2.06682206682
-2.7063804052
-1.34248210024
-2.84057971014
-2.77582076934
0.981787137166
0.285388127854
-3.07053941909
-3.72836218375
-0.700780113711
-6.49109792285
-3.07968843619
-2.28337236534
3.20241691843
-2.71573007289
-2.82188963784
-1.09604519774
1.37457044674
5.358435916
1.17216117216
-0.582665695557
0.182415176943
-0.0243161094225
-0.145684108292
-1.14018242919
0.700991056321
2.33766233766
4.57896779201
1.25736738703
-3.03530607061
-3.8818359375
-3.90615835777
-1.28531727652
0.336935052864
-1.70169026953
2.43331773514
-2.01742320037
4.29169157203
1.8383248113
2.27867015316
3.30589143298
-2.28758169935
-2.41628848277
-2.08958808695
-1.65347820952
0.965895540186
-0.486531387208
0.837621155917
3.09647174932
-1.93563997097
0.731172312942
3.74209860936
-4.23728813559
1.58652072316
-0.122835032551
2.50566607907
1.72921736903
3.23988362867
-4.3511257273
4.20456043232
-1.78640776699
3.62173038229
2.71424634886
6.0800935399
-5.27481655822
-3.77031707967
2.26158038147
2.08623087622
-2.90344361918
1.09215017065
4.52340182648
-2.61256253474
1.99858256556
-7.13439515598
-3.16124920331
7.37749794689
1.8541753799
-1.06206896552
-1.49456521739
2.9658645775
2.84892086331
-4.26997245179
-2.92819895708
2.73351648352
-1.52847287975
-2.44127738189
-0.013194352817
1.13424072591
1.62733930024
-1.11304814268
0.2554450121
0.391415845593
1.05019094381
-0.0272702481593
-1.49093351242
-1.58625247852
-0.329380764163
1.21349513268
2.65571526352
3.6170212766
-1.75585284281
2.36804564907
3.86723959105
-2.24507531866
-2.69203664553
-0.976971388695
3.27183626405
4.56669178598
3.52629115307
-4.20029895366
-3.83786114705
6.73519484504
-2.57100149477
1.8574908648
1.67182662539
4.12637008382
7.33564013841
-5.84785795732
0.130484423422
6.45945476645
1.31949331457
2.63633080534
8.26979472141
-2.81208436253
5.57673019057
-4.13461538462
-11.6697808731
2.18712029162
15.7989949749
-6.25588844922
1.62772883953
0.403768506057
2.58382642998
4.51453308596
0.39321192053
0.708628595248
2.98347284825
-6.76405843506
-1.42039850069
-6.56221198157
-1.98735320687
5.44865688703
-12.2387560609
5.91464494422
9.58664855424
-3.68224299065
2.90440469321
-3.34634690463
3.94202898551
-4.9412196914
0.368731563422
2.80515542077
-3.44070278184
5.93253198914
7.14582467802
3.79473911169
-6.71761866452
0.383605895417
-4.75
-1.06544901065
9.38605619147
-3.28099838969
-5.26315789474
3.20802991537
-4.45656261753
-5.30626780627
4.91313282272
0.696012039127
2.05413707045
-1.62417374882
0.379146919431
-3.68815044733
-1.06575144509
1.20658135283
-0.491177005639
2.26976744186
0.186393289842
1.436944602
-0.676056338028
2.07015526164
2.31417925083
-2.78360343184
-1.85254491018
-0.706057227796
-6.5787189724
2.21788502484
1.07604017217
0.251708018698
5.02265861027
-0.338727888596
4.25740631744
3.21992709599
4.15524151023
11.7633191891
-3.98370303305
0.0
-0.315884476534
4.06198638178
-3.53340883352
-6.5014824227
2.0531661984
-6.24113475177
-1.24074444667
3.26513742509
-1.50620801954
-8.57834015631
-3.01389640859
0.162689804772
2.72980501393
-2.01965065502
-2.55319148936
0.804289544236
3.133640553
-3.38379341051
0.934747438432
-0.0538986704995
2.59907834101
-3.72670807453
1.6780945507
-1.14163396361
-1.14618233116
4.7082717873
-0.367917586461
-1.68204015193
3.50056158742
6.43554492927
0.78313253012
-5.80669566862
2.91999221335
-5.0286559438
3.91930835735
-0.230017251294
-5.64297341291
-1.81140117208
6.87037388499
0.304587854559
-5.41951746489
3.61940298507
1.61137440758
-4.95495495495
2.30414746544
1.40186915888
-3.77697841727
2.41296739731
-2.33855009894
-7.47336884154
1.60662946051
3.46456692913
-1.15876859218
-1.64994046607
-3.79643266241
4.76598662781
-1.3195736762
1.79094196659
0.120689655172
5.45454545455
-6.191369606
1.9474873935
-1.23647604328
-3.5607817158
2.5649736708
-3.03080217427
-4.40875452685
-2.23214285714
-0.076911244424
-4.67741935484
1.20195874759
1.81296268318
1.0071722875
-4.23790735058
3.79190050053
1.08862312174
1.16333178222
-0.077495350279
-0.845243583833
-2.01776840837
2.48456790123
-0.246305418719
-1.99155099578
0.80608365019
-1.52763217014
1.28944174757
-0.872180451128
-1.78703293457
1.57515751575
-0.224517287831
-2.08119595486
-1.85558112773
0.346420323326
-0.744985673352
1.70479382194
-0.923920889274
3.82194244604
3.66687383468
-0.10864504113
3.15401857189
1.80929095355
-0.0977039570103
0.065178425941
0.212279555846
-2.28179352162
2.58634801113
-1.38821630347
-2.93011595111
1.33375674817
1.15644073241
2.40131578947
1.19840213049
-0.972474039888
1.60777089265
0.36981005211
-1.5718067505
0.968927497494
-0.811930405965
0.0995189915409
-3.76695929769
-2.7324949542
0.483619344774
-4.49940405244
-0.0446760982874
0.448765893792
-0.506027682691
-0.148610491901
-1.31984161901
2.85067873303
-0.718778077269
-0.639785746169
2.67338832875
-5.28143539285
0.014471780029
1.05293945598
-0.393299344501
-0.751770998988
0.421022067364
0.39352864014
0.233747260774
-0.334886429819
1.29793510324
2.0623212404
-0.86554245635
-0.282738095238
-0.899572334464
-1.72463768116
1.54525386313
-1.49318643085
-1.73789173789
0.702912064266
-1.12056737589
-0.84388185654
1.31091479054
0.114122681883
-1.14229304753
0.7816941444
-0.831571529246
0.66685584563
-2.53077029457
0.0276663438926
-0.79593797173
-0.450819672131
-1.20124173303
0.365754538066
0.0406559154357
0.545033383295
-1.37078349684
0.662878787879
0.530395756834
4.06170393433
-0.674725892606
2.25671985051
0.665605556359
-0.0144675925926
1.96194128928
-0.542840375587
-0.146498681512
-3.66920688682
-1.21288163948
-1.65889772416
-1.03120759837
-1.29904914959
-0.173796791444
-0.372935535429
1.06340018845
-0.880587058039
-0.133244503664
-0.186194972736
-0.660589245607
2.11818672423
1.84116515526
-1.51556156969
-3.48700535458
-0.918737060041
2.00633579725
-1.97955751067
-0.463618802318
-0.842804239561
-1.60824224149
-0.100414208611
-1.83587974372
0.0739827373613
0.346448898787
1.12612612613
-0.1
0.565681961031
-1.24146492862
0.199029730066
0.261910700923
0.225
-0.546991546494
-0.223269660134
-1.43049272527
1.81750280095
-0.827160493827
-2.37435217549
0.91218681586
2.73647382232
-0.298990905693
0.425372200676
-0.075009376172
-2.15290519878
-0.692419825073
1.20481927711
-4.04624277457
-1.59043417692
-1.02263587269
0.0
-2.18051028437
1.66838075648
1.40208574739
0.174114915844
-0.162243597172
-0.541724296911
-1.43149284254
-0.136147038802
0.77749828493
-0.771499886544
1.15918742109
1.3610981852
-0.922083909636
-0.275862068966
0.28818443804
0.474866805652
-0.918062887308
-0.343092406221
1.50917111679
-1.94649971542
0.491878288721
3.51687388988
2.07905233893
0.853346336706
1.08441158349
-3.28923846979
1.52450090744
0.755821041083
-1.94836241932
-0.416617069397
0.586685823755
0.565924142083
0.593507751938
-0.59000602047
-0.264200792602
-0.44237207078
-1.76180408739
0.424628450106
-1.28085700978
-0.624855357556
-0.620975160994
0.172791153093
-0.115061557933
0.917324663261
0.57222935887
0.469318315147
-0.0586303939962
-1.7737848422
0.427993059572
-0.403225806452
-0.275735294118
-1.66082928483
-2.33918128655
0.532445923461
-1.49694055944
-1.3155057149
-0.54691689008
0.908992533276
0.829241680306
0.1529887444
1.53112171308
1.45204862674
-0.448229493501
-0.822404978884
1.38591549296
-1.83608007964
0.17728531856
0.0110815602837
-0.835164835165
-0.0329561682962
-1.64235548352
0.0865145452579
0.0757575757576
1.86308014552
-0.852552191496
-1.11327280588
-0.718961261938
0.431080935446
-1.5595162317
-0.201164637374
0.639318060735
0.783934707904
-0.988835725678
0.987866423279
-2.11267605634
-1.50119059944
0.614583333333
3.28133405056
-0.705052878966
0.851109674639
2.87044220326
1.07538926851
1.0184451737
2.2445909985
4.23299565847
0.765585125775
-4.30282590999
2.17442965779
-1.77404295051
-0.0583226408492
10.9629821382
3.41319769776
6.59152518191
-3.94682746334
0.205987366108
-1.85983827493
-0.469483568075
2.16527340003
-0.58583106267
-0.393540507532
1.69748826939
1.35683312351
0.336842105263
-2.18286655684
0.984333841675
0.333843371818
-1.99045671438
-0.609756097561
-4.7127178825
1.8007360673
3.11737598265
-4.09463148317
-0.311001684592
-1.36758691207
1.55763239875
-4.77132262052
2.71711528695
1.28600823045
1.67364016736
-0.23480302635
1.91438447221
5.27641707488
0.989399293286
-2.89596486412
-0.437277944794
1.25916701259
-3.40817963111
-0.346297282898
-2.97234427501
1.13710626062
-0.104452278365
0.406397482958
1.32837407014
5.36039188244
0.322942993541
-3.23369565217
1.71365395246
-2.82030620467
-1.49490673369
-0.644058885384
-0.691815689858
1.90210162277
4.44567935538
-1.86775732788
1.55060224284
-1.05479452055
0.759144237405
1.32867132867
-0.887163848073
-3.478726251
-0.704131792215
2.39423207727
0.726226363387
1.052340072
-0.837566936702
-0.722464558342
0.658616904501
1.74507887757
2.18259629101
-0.0285225328009
-0.764223039909
-0.282246683601
1.35889000143
-1.6875263676
2.25769341386
0.811829515802
-2.19764639161
-2.0144484579
-0.71724137931
1.3986013986
4.30342815463
2.65049415993
-1.92392421795
3.98594990837
-2.44338498212
-2.62585231394
0.804328751097
-0.16060738794
-2.5885364813
0.529024878467
-0.962900028321
-0.50718512257
-1.92068536686
-0.86301369863
-0.368500068241
-1.53205214353
0.201992997576
1.28205128205
0.109229929001
-2.33364448593
1.02384480668
0.842276864556
-0.527027027027
-0.390362094495
0.0538720538721
-3.49623082922
-0.298043281068
-0.55412371134
-0.96988259316
1.04448742747
-2.47736418511
0.40404040404
-0.11350737798
-1.66191243954
0.749718855429
0.137637637638
4.53891432309
-2.1878198567
1.0863942059
-1.40270339199
-0.73417721519
-1.23765470684
0.238095238095
1.38483039004
0.497957099081
-1.223357296
0.0883615248675
2.96334806343
0.759559979047
1.8269102547
-0.977155684669
-1.57265401612
-0.142764438676
2.10707659687
1.08506363027
-1.54312846215
0.45045045045
1.73877881116
0.460392687881
-1.82132411593
-2.31168831169
-0.452488687783
-1.22589707572
1.86004162331
-1.36002052861
-1.49140546006
-1.34663341646
-0.853010260848
0.31001984127
4.80894203275
14.5110879595
0.433482810164
-1.60317693778
-0.0881704628949
-0.72939460248
-0.261894369271
-2.93743821494
0.113106178425
0.184135977337
0.441030018495
-0.127877237852
-0.198525241066
-0.113314447592
-2.06686086836
-1.47601476015
0.287828947368
1.60144826626
-0.0973845297718
-1.005371161
2.06634804611
0.0281214848144
-0.126386743435
3.02372685185
-2.22096477578
0.769779044904
-2.28444072991
0.293378038558
0.816901408451
0.56657223796
1.64123236395
-0.558339298497
-1.20226308345
-1.92814537384
0.642189026944
-1.74211248285
-1.39320979305
-0.85825398954
1.76037117904
-1.9534385871
-0.253569998665
-1.06944811196
0.171934929242
-0.460768825698
-0.236406619385
0.408809178425
2.83428261459
1.1800219539
-1.39358679475
-1.03106588109
2.23134839151
0.481430536451
-1.71691226173
-2.45285507055
1.5263087428
0.728253540121
-0.0269650802211
0.624067290734
3.23529411765
-1.53082333471
0.904536598942
0.926966292135
0.338218714769
-0.657986840263
0.0140016802016
-0.750416898277
0.502793296089
-0.541741908598
-0.922102945224
0.790678318768
-0.907216494845
0.761772853186
-2.73474336522
0.828579190437
-0.808407437348
-1.35566188198
-0.502512562814
-0.5
-0.536578981809
-0.404066736184
-1.27396731437
0.882772945606
-0.606451612903
1.55942864631
-0.209232378711
1.04386892178
-0.31612223393
-1.87411141269
-0.514337148001
0.0128600823045
-1.28221404088
-0.152110533654
1.58382693793
-0.588837685612
-1.28885519333
-1.075
0.288328945719
1.35959339263
-0.894093942828
-0.563486100676
-0.609831985065
1.27300226872
-0.738145877643
0.0250281566763
-0.0375281461096
-0.818858560794
0.737407824022
0.464590657961
1.8023776045
1.70306812272
-0.876288659794
-1.46031746032
-0.681044267877
-0.639097744361
-1.55440414508
2.37433695378
-1.88351920694
1.98407683559
1.18925831202
-2.02956652468
4.0542302177
0.366348292555
2.32962913375
-0.227090569062
-1.40919267747
1.4564404062
-0.0534188034188
0.604594921403
0.513166779203
-1.25350046673
0.442003750335
-0.863099190015
2.64413247921
-0.703748815807
-1.84643995749
-13.0414693312
2.74151436031
-4.21734682278
-0.396286231884
0.136054421769
-2.16306156406
0.468070879305
2.0819112628
0.228050171038
-1.17196303809
0.909711166705
-0.912676056338
0.772113091859
-1.27788364533
0.643050541516
0.670073821692
-1.64209115282
0.493938033229
-0.134529147982
1.65242165242
0.954901058445
1.61328033668
-0.16339869281
2.53709909047
-4.48102423411
2.92975644193
1.8942572833
5.26249369006
-4.25326244563
4.38950554995
-6.19971604354
0.823094357629
-2.37568417375
0.046603751602
2.1907369925
4.60829493088
0.866834170854
-0.238125078331
-4.75110421392
-3.02153276221
2.69884674831
-2.02679091439
-0.843150843151
-1.53531218014
0.056895766955
0.170979140545
2.54821741672
-0.361052876776
-2.96112115732
1.1662474274
1.28546612623
-1.25786163522
-0.364589267403
-2.02054029917
-1.01657458564
-0.385250412768
0.910807508608
-3.02671262387
1.55327061912
3.53340883352
-1.97602131439
-0.221533008418
0.894054537327
2.11114914983
-0.068422853233
2.29818012133
1.73273201994
-0.613352205709
-0.247087892693
-2.45610008034
1.02028985507
-3.36134453782
-1.39211136891
-0.723922342876
-1.54427645788
-1.40545144804
2.99374931462
-2.89639016079
4.25177619893
-1.39025725233
-2.22626565343
-0.827937586243
3.8928098809
-1.45620517279
-2.52118644068
-0.736067297581
1.97297876903
3.58769299123
-1.60655737705
-1.80296200901
0.582901554404
-0.344234079174
-1.67125026444
1.51401267046
0.0967325881341
-2.22782681799
1.42826689405
-1.89271149221
2.38758029979
2.18818380744
0.649708181918
-0.43854840478
0.407309555262
1.735916676
0.303302628623
-4.76088584573
0.613562970936
-4.19717438383
-0.808101472995
0.576131687243
1.18675827608
0.723497955332
-1.75131348511
1.32567849687
-1.43018829098
0.27858027239
1.05307058701
-0.46699875467
0.563556668754
-1.66256157635
-1.15642118077
-2.73310310804
0.625496425735
0.179033220609
-1.89305230289
0.559317044451
1.18149324861
-2.35579253514
1.59558751108
-1.41761336052
1.81908057341
-0.745756059268
1.19154006553
0.810810810811
0.100200400802
0.696196145697
-2.20051312414
0.595592614652
-1.74583048864
-1.20447099634
1.37735664746
1.77967786836
0.983935742972
-1.3959013959
0.447494033413
-0.29744199881
-0.188025729837
1.17140568682
-0.755166931638
-1.82421227197
-3.34716198378
-0.906287956648
-0.30737704918
0.355206580669
-1.26442085833
-3.62035225049
-1.29938542581
1.05580693816
-2.19541825755
0.121633362294
1.14235500879
-1.05208242761
0.709281961471
-1.85630800963
-0.103021978022
-0.901820656798
0.581892863255
-1.75704077343
2.21706625419
-0.691244239631
0.878099173554
-0.0688231245699
1.21908742598
-0.691802144587
-1.97507840977
0.682768626782
0.549214794474
-0.631022426878
0.44539614561
-0.213675213675
0.274254370929
-1.8175698418
1.99107449365
-0.197002141328
-0.451909959072
-1.26283886176
-1.06613359987
0.208663717553
0.385421030582
0.294117647059
0.847457627119
-0.823667843335
-1.14656031904
1.1598587998
-1.67754731014
1.26359832636
2.36422819942
-0.545237689555
-3.00776731119
-1.73757713543
1.92832905735
-1.02391874181
0.246345869601
0.48683884809
0.148748037352
2.46401354784
-0.697889514841
-2.34830445849
-1.13645588116
-0.267163212435
0.439095787933
-0.0893655049151
0.736557819789
4.96520917447
-1.17157653451
-0.607543667201
0.313187743355
0.613183444047
-0.634678852501
0.212008141113
1.02810143934
0.0943315324586
-0.782778864971
2.19111381619
2.10404829545
-3.08036482533
-1.83292507813
-0.654527146094
-0.500960173666
0.335092569322
-0.756568007981
2.3746701847
1.98784722222
2.6280623608
-1.67309039944
0.307530094016
-2.17466047791
-0.402362811403
0.197289414994
0.197679415557
-0.691362239672
1.96692776327
-1.36492402781
-1.61317567568
-1.41548709409
-1.03007828595
-1.01150175381
2.60294609977
-4.37775110044
3.0345510019
-1.53458915232
-0.226830848995
1.57998683344
-1.70670549219
-2.3613963039
0.221624188697
-0.527517518306
1.38090676884
1.31823695916
1.12037945698
1.27546794766
-1.54924983692
-1.16850672899
-2.40660637043
-0.842236606098
0.320763573776
1.93795358482
-0.286282306163
1.02836024745
1.48389726865
0.368248772504
-3.60495385344
-1.83521759331
-1.29929685112
1.37134888045
1.26314137769
-1.40017018643
-1.30554283097
-0.0381592001832
0.483128834356
-0.571864277545
2.05431483931
-0.449298938725
0.60006234414
-1.20871506659
0.643111730978
-0.47809993831
0.769290543166
0.41354556804
0.501882057716
-0.452771272443
0.747149036571
0.386862466446
-0.783330722231
0.204081632653
-0.48429932823
1.04183109708
-1.20857699805
-0.210084033613
0.713110257817
-1.45945945946
-0.161899622234
0.800435188063
-2.13704464218
-1.47609770718
-1.12609275448
0.543761638734
0.283857473668
0.157115068083
-0.838341123229
0.1337196345
-0.288888888889
0.942126514132
-0.609393579073
1.53939028071
-1.03801060414
-0.275543640155
-1.79185255613
0.536764705882
-1.81923187987
-0.823369370659
-0.420647369172
1.11743926177
1.44069036127
-0.49483335759
-1.17224020137
-0.0503162737205
-0.550432482665
-0.899688296968
-0.982042648709
0.479278263321
1.36457812388
0.697841726619
1.72716627635
0.109898161037
-0.770628862232
-0.549490275468
-0.324300951283
-3.55852098971
0.334728033473
1.34275618375
-1.6404838037
0.91189674523
0.351963958891
-0.60868956832
-0.216419994415
0.554580554581
1.78635226867
-0.0357142857143
-1.8989559246
-2.01853759011
-0.471504715047
-0.218191735988
-0.985687280583
0.590831918506
0.320207112686
-0.346255686062
-0.600620866514
-1.02197581992
0.719860064586
0.711430313707
-0.317438876131
-0.276150063986
-0.0538539212386
-0.0739943495224
-0.161182001343
0.689748444685
0.461956521739
0.258820324207
-1.54898410783
-1.05493630573
1.04585679807
-2.1645021645
1.1209126484
-0.271199894166
0.948183760684
0.240963855422
0.50454086781
-1.93297268769
-2.44561719655
-0.0771704180064
-0.810103973975
-0.709354613972
-0.922439759036
-1.50194696829
0.797458102299
-0.403325887317
0.31746031746
0.124649423496
0.156054931336
0.200150112584
1.01724900487
-0.490411820182
0.0
-0.319628979694
-0.175175175175
2.2321714103
-0.197880760883
1.064447455
-1.83648913938
-0.409939455096
1.21927864666
-1.80530307779
-0.802139037433
2.39398955813
-0.468948035488
0.940318556899
-0.299744897959
1.31162369968
-0.775740479549
-1.27223241977
0.241101452953
1.40908505984
-1.28302845528
-1.24819670075
2.27083199692
-1.22917062662
-1.27603677988
0.775340393343
0.354251012146
-0.890282131661
-0.492856697236
-0.478082702099
0.342657778332
-0.0995829962034
-0.316416428837
0.863579474343
0.269812386271
-0.80293788124
1.33081046988
0.303662934143
1.32692307692
-2.09000188288
0.969581749049
-1.43044537448
-2.38414634146
-2.06616505434
-0.71149057275
-0.694771549694
1.48789961159
-0.357249181304
1.94233687405
-1.03916386353
0.799224993945
-0.679535750797
0.934749620637
-1.34139768848
-0.375850137215
1.12820512821
2.76520553041
-2.07637666201
1.52869382975
0.508023046899
-1.55525737985
0.262948694429
-1.2857660268
-0.838022267449
-1.00734771273
0.914907612271
-0.399047051817
-0.332423127152
1.46970244549
-5.34777651083
-2.30589283725
0.363351780424
-0.500584014684
0.29565993529
0.380781722477
-0.0951048951049
-0.100597999218
-0.770851818988
-0.792253521127
1.09010011123
-2.58438532806
1.6298661968
0.0330487469017
0.782724547574
1.14542391915
-1.30229980604
0.233294450925
1.0609632873
-1.59642048279
1.62231952397
-1.137687996
-0.00554938956714
1.68152578716
-1.18762196822
-0.327887073469
-1.31081006965
1.48614048759
0.284677644432
-1.70096021948
0.729563919748
-0.778722237455
-0.902124884517
0.755626129333
2.33665807464
-0.57938718663
0.689964660347
-1.21903917549
-1.19353955653
-0.873765331597
0.826265389877
-1.33354929273
-0.010796804146
-0.962360992301
-1.96551181928
1.43009037746
0.480769230769
0.267809319764
-1.71615076858
-0.398489932886
0.247043363995
0.459393811385
-0.137101877241
-0.717239935082
0.573925863521
-0.679845204477
1.39993636653
0.979919678715
-4.03884692462
0.729813664596
0.640725113299
0.276849143335
8.15208180329
-1.20555896634
-2.625
-0.29261948629
0.902181639237
0.826947461271
0.337426706494
0.539458317113
0.0278148642635
0.295709423646
0.49341183067
2.54125222791
0.46208051753
-1.05726368728
1.01604895509
-2.89814451483
-0.296221775095
-0.100502512563
2.34285714286
0.476545903428
-0.593573426174
-0.0912356731482
0.544662309368
-1.46876059202
0.471082354277
-0.0113500936383
-0.260372445803
-1.05292635116
-3.2721165827
-0.923192528581
0.675456608667
-2.08465608466
-0.200654768191
-1.15866388309
-1.05861089595
-0.544399363155
-2.07212191319
1.31981247452
1.49994827765
0.929212779286
-1.03327133705
0.26418026418
1.02040816327
-1.09719490736
0.729850901887
1.68036045587
-0.960730785384
2.22723125637
2.08184955898
-0.717976611368
-2.74030577157
-1.64932362123
-0.641025641026
1.08167424361
-2.17758012575
-1.33649384708
-1.08256423048
0.204959008198
0.0300030003
0.548041631052
-1.98117391947
-0.0738697921797
-0.00984833563128
-0.567959263611
0.206064174271
3.63553160116
-1.25025105443
1.39496996233
-0.481329482697
-0.829062405788
1.48903620602
-1.10444298754
-0.49179505194
0.504362737681
-0.755831414556
-0.184861353985
-0.915841584158
1.05052526263
1.27159430569
-0.36846355744
-1.73106492733
-0.252325351276
0.0940920120834
-0.78125
-0.23040345115
0.260493463089
-0.814117876469
1.67534076828
-0.488310150932
0.510634078628
-0.0792589290137
0.13889577856
1.08308679737
-3.02927161334
1.09123082973
-1.89043209877
-0.187725631769
-2.57913247362
-0.975156721616
-0.337837837838
0.0509329999537
-0.944824106774
-0.320029259818
-0.66757493188
0.241270997405
-0.561314562492
-0.794862583079
0.75562191756
-0.0678241996744
0.605012964564
-0.75843077062
-0.319503195032
0.139696273264
0.352733686067
1.0187300137
-1.68425780373
-0.496067214873
0.897326058529
-4.48359031786
0.10779114388
-0.45495514829
2.07667031763
3.16384180791
2.32633428915
-2.14518464881
1.76860722181
-1.70228178196
2.52982407278
0.918161802595
-0.498741493428
-0.496266406938
-1.55244052783
-1.24898548111
0.557696667422
-0.800611703324
-0.820805638578
0.0535594733318
-0.862831858407
-0.026541626117
0.973735929962
0.187953101226
0.044770773639
-1.25116052876
-0.405090044472
0.442262615541
-0.075128159802
0.150482428963
2.03215317919
-1.80044345898
1.20730667385
-0.46904315197
-0.753679730449
0.0266075388027
-0.7395017167
0.477664750111
2.40963855422
0.00452960094215
-1.34507105193
-1.16160946955
1.15717987669
0.901631953836
-0.693915924251
1.18686296716
1.07600732601
1.26112759644
-0.0417110812439
1.73511245226
-1.74650236264
0.540288775035
0.018634119072
-0.162783126366
3.5194992778
2.10904085345
0.404758378992
-2.38508239376
2.97196725378
2.50216141993
-2.17899606985
-1.48983092379
-2.53630110814
0.678047607598
-0.564242337302
-0.400057151022
0.550713533186
-0.276981852913
5.26315789474
-1.23622281799
-0.616766171609
0.0296135432604
-1.68858265806
0.816945504354
-1.30835707044
0.861901051811
-1.60038332535
-1.04314841157
0.0426924718941
-0.420406235239
-0.169763274545
1.04831792624
1.16172571704
-1.12482722463
-0.261456550675
1.17352828011
-1.03760114231
0.348665042747
-1.27316452115
-1.13286713287
0.327408793265
-0.405273210043
-0.0744774938323
0.613525665043
1.0410751467
-0.0520266754954
-0.372255206861
-0.366197183099
0.197572678521
-0.779463243874
0.738198232086
0.429711479435
0.227175919353
0.499429223744
-0.270385655329
-0.208284023669
0.442183339673
0.396200295957
0.00954790662148
0.808508590404
-0.607481105903
0.0478560490046
-0.152905198777
-0.678657871008
-1.65227537923
-0.274622975237
-0.771326959494
-0.106117929316
0.687540648518
-0.416358253146
0.2876496242
-0.672811059908
-1.82328190743
-0.338172964199
-0.39969461535
2.19845786672
-1.05358764759
0.447039503695
-0.92199222634
0.0271247739602
-0.691389063482
3.71094659403
0.256745401923
0.337236533958
-0.261608894702
1.44542912658
-0.377696992588
-0.164969834087
0.769449985751
-0.0711946461626
0.789322617681
-0.674712534448
-0.0569854687055
0.133143128864
-0.534455848271
-0.512892904197
1.10852086208
-1.92702500933
-0.316279069767
-0.555041628122
0.208574739282
-0.157341848304
0.0324044069993
-0.327596548701
-0.184221434164
1.17893755825
0.978731413514
-1.02919945979
-0.0791065611913
0.298702510968
0.0233415806918
-0.722992074895
0.69535187605
-1.19881962376
0.897883228658
0.425154176789
-0.279537830786
-1.22411412793
0.821231383102
-0.420439844761
0.0878612716763
1.10809799888
0.668361103266
-0.909472505947
1.75596791799
-0.580352930075
0.478831839947
-1.14355345175
1.59992381315
0.13827961091
-1.07080522666
0.0944331649275
1.79764479692
-2.02957242419
2.23869818497
1.33183725241
0.342666927746
0.76953433307
1.23345817728
-1.35467980296
-1.45631067961
-0.890064950686
-2.55965496226
1.13313104495
-1.56804181445
0.374742364624
0.032800712244
-1.5227723686
0.954998602441
-9.29220367632
-1.9798699416
-0.0455411112031
-0.588550026752
-2.62894241173
-0.22391938902
-0.9269896605
0.887254706047
0.192207584191
-0.881127207779
0.410489399012
0.835878476129
-0.384307445957
0.0280302726945
-0.0520291363163
-0.719195772241
