69.00
65.00
67.70
64.25
64.48
64.74
63.44
63.48
63.68
62.32
66.29
65.32
65.80
68.24
68.72
66.73
66.77
67.24
66.55
66.95
67.75
70.45
72.50
72.40
71.70
72.99
76.08
77.29
80.88
84.81
87.64
87.50
85.50
88.15
89.84
89.75
86.67
84.48
83.50
84.35
82.93
82.85
84.74
83.84
83.43
80.60
77.31
78.94
81.95
86.95
87.56
86.95
87.95
88.10
87.24
85.99
84.95
82.87
81.00
80.77
81.81
83.50
84.98
84.70
84.40
84.50
84.35
82.94
84.42
80.74
82.87
82.84
81.41
82.40
79.81
79.94
79.50
79.10
77.62
77.45
76.18
71.31
72.56
75.06
74.49
74.94
74.23
75.00
73.73
72.35
73.60
75.97
78.90
78.15
74.10
73.60
74.23
72.81
71.25
72.85
76.50
74.80
74.17
75.79
76.53
76.25
75.24
74.71
74.64
75.79
74.89
74.30
74.50
75.81
76.00
77.50
75.34
72.63
71.98
74.29
70.35
69.90
71.36
71.66
70.98
68.96
67.95
67.24
71.16
68.99
67.47
67.72
66.47
63.40
60.48
61.43
62.10
61.49
60.17
56.02
56.44
54.43
55.94
53.95
59.00
62.11
56.00
53.33
55.07
53.82
53.07
52.00
49.55
48.50
49.20
51.58
53.51
56.16
56.08
56.10
60.45
59.20
56.00
54.80
55.30
54.99
55.65
54.58
57.00
54.23
55.08
55.84
51.30
49.60
50.00
50.97
52.00
52.74
51.14
49.76
52.75
52.75
53.47
57.67
56.44
53.85
54.59
53.91
53.77
54.78
56.00
56.19
56.23
55.24
54.40
53.75
53.46
53.59
52.20
52.77
53.71
55.30
57.98
57.95
56.30
56.31
56.15
53.34
52.61
50.85
49.45
46.41
45.15
45.68
44.45
45.24
44.19
47.48
48.11
49.35
49.99
50.95
50.24
55.10
56.00
56.35
56.00
55.23
56.60
57.95
55.20
56.89
57.90
56.09
56.84
56.98
56.55
56.66
57.90
56.97
55.63
55.87
55.49
54.15
51.08
52.87
53.66
54.09
55.35
53.73
55.38
56.50
56.70
54.36
55.58
54.79
54.75
55.79
56.31
54.85
56.23
56.00
57.11
60.16
60.04
58.76
57.87
59.53
61.40
60.92
59.28
59.37
59.13
57.68
58.70
59.94
58.97
60.75
59.72
62.04
63.74
68.00
66.30
68.56
68.50
68.22
67.00
68.47
67.95
67.25
65.47
65.10
65.50
66.55
66.31
66.96
66.32
67.50
66.89
68.14
66.99
67.90
68.95
67.00
68.76
71.24
70.84
70.60
70.37
69.92
69.60
67.20
65.88
65.10
63.10
62.11
62.10
62.96
62.87
63.15
62.28
63.82
63.89
63.93
62.57
61.70
61.10
61.33
60.32
60.65
60.33
60.42
60.51
62.75
64.72
65.00
67.28
67.20
67.56
67.84
67.65
68.31
68.30
66.89
69.68
67.17
69.11
69.11
69.19
69.69
69.65
69.49
69.25
69.05
68.88
68.68
66.98
67.34
67.24
67.99
69.05
69.50
69.00
70.43
70.25
70.50
71.32
72.00
70.86
71.05
70.95
71.25
71.30
72.49
72.50
73.00
73.45
74.60
74.86
74.27
74.30
74.73
74.99
73.91
73.25
71.85
72.14
70.00
70.16
69.10
69.00
68.70
71.34
72.03
73.29
74.94
74.98
75.25
75.84
75.08
75.00
75.90
76.99
75.88
76.09
75.83
74.45
78.02
78.20
77.50
78.17
77.67
79.50
79.75
79.90
81.64
81.49
81.97
81.09
80.19
80.39
80.68
80.87
81.55
80.44
80.80
80.64
81.90
80.84
81.38
83.40
83.40
82.63
81.59
80.64
80.41
81.93
82.76
82.40
85.91
86.20
87.48
87.40
89.69
89.07
87.97
87.00
86.80
87.00
88.28
88.28
88.18
88.77
87.53
87.08
87.00
87.39
87.94
87.05
87.20
87.53
87.54
88.41
87.74
87.90
84.39
83.81
82.54
84.13
84.48
84.98
84.75
84.47
84.49
86.18
83.86
84.38
84.13
83.91
85.21
84.94
85.94
86.54
87.45
86.98
87.76
87.59
86.61
85.44
85.72
86.94
86.98
87.21
87.45
88.56
90.93
91.67
91.81
93.28
93.63
93.15
92.91
92.41
91.82
90.75
89.75
90.30
89.94
91.78
91.25
91.16
91.84
92.20
92.58
93.20
93.33
92.50
92.08
92.61
93.49
93.79
94.44
95.26
94.91
94.18
94.09
94.38
95.20
96.82
97.19
96.23
94.06
94.60
93.37
91.27
90.95
87.95
86.56
84.17
87.20
85.25
87.55
87.98
79.89
79.24
76.01
74.20
75.42
76.00
76.20
73.85
75.19
75.19
73.50
73.60
71.87
73.21
73.40
73.78
73.49
75.48
77.49
76.89
76.99
76.96
77.25
79.13
79.25
83.79
81.00
78.96
77.96
77.41
77.29
74.47
72.10
73.01
73.79
74.32
74.92
75.80
77.60
77.37
77.80
77.00
76.64
73.75
72.25
73.66
74.01
74.55
75.97
76.50
77.27
76.84
74.88
73.63
72.39
73.52
73.40
72.40
72.20
74.87
75.73
74.35
74.19
73.12
73.24
73.77
73.38
72.73
71.59
71.30
70.97
72.14
71.40
71.13
71.40
70.10
70.74
72.25
73.14
72.98
70.67
68.97
68.48
68.00
67.95
69.50
69.21
69.00
70.32
71.11
70.87
71.46
72.37
73.49
73.60
74.50
74.97
74.77
74.36
74.99
75.50
74.79
74.05
74.79
74.53
77.00
77.73
77.90
78.37
79.56
79.93
80.88
79.87
80.71
80.33
80.60
79.50
78.43
78.78
78.67
79.22
80.10
80.47
79.83
79.50
79.31
79.49
78.81
77.86
76.30
76.35
77.10
77.56
76.98
75.15
76.00
75.79
75.23
74.28
75.48
77.07
77.54
78.35
79.77
78.15
79.19
80.24
81.75
81.19
80.38
79.50
68.58
68.22
68.85
68.77
68.93
71.17
71.80
71.18
70.75
70.47
70.92
70.95
72.33
73.55
73.55
73.24
72.52
72.63
73.28
71.55
71.35
71.04
71.54
71.00
71.83
72.38
72.14
71.22
70.93
70.36
71.73
72.09
72.48
73.00
74.14
74.58
74.72
75.15
75.13
76.94
75.91
76.21
76.72
77.08
75.10
74.55
74.24
75.40
75.27
74.88
74.22
75.90
75.94
75.22
74.91
74.66
73.32
72.78
72.73
71.80
71.95
72.00
72.14
72.32
71.96
72.37
72.85
72.91
73.10
72.47
75.34
74.92
74.47
75.25
75.92
76.00
76.55
77.72
77.76
77.58
77.99
77.26
77.00
76.30
75.98
77.91
77.98
77.87
79.00
78.97
78.84
78.45
79.67
80.17
80.15
79.37
79.86
79.98
80.70
80.25
80.05
80.18
81.30
80.80
80.43
80.14
79.84
77.74
77.78
79.08
79.36
79.84
81.11
80.76
80.82
80.36
79.57
80.13
78.69
76.73
76.31
75.14
76.27
76.03
75.38
75.49
74.34
75.19
75.97
75.40
75.35
74.05
75.45
87.32
87.36
88.93
88.80
89.23
90.83
90.15
89.24
88.80
89.96
89.39
88.88
88.90
89.27
89.49
90.38
89.78
90.23
89.99
89.00
88.97
86.24
87.33
86.39
87.75
86.81
85.67
81.81
82.87
81.64
85.69
85.79
86.23
86.37
86.14
82.75
81.68
81.50
83.79
86.58
86.93
85.95
87.93
88.33
88.85
88.96
87.12
86.25
88.53
89.10
88.41
87.48
87.91
90.20
90.60
91.52
90.67
94.75
94.13
90.00
90.93
91.52
91.70
89.85
88.97
87.62
86.64
85.09
85.45
87.28
88.00
89.29
90.86
92.33
92.93
94.65
93.92
94.50
94.48
91.97
93.43
94.41
93.63
92.73
94.49
95.75
95.87
92.46
93.99
93.80
93.63
93.33
94.66
94.10
94.35
95.65
95.72
95.82
95.00
94.01
91.65
91.87
92.19
91.76
90.39
93.75
93.50
97.03
98.26
98.60
98.29
96.28
97.45
97.87
97.46
97.40
97.54
96.74
97.32
97.75
99.37
101.50
101.26
101.97
102.50
103.45
102.00
103.25
103.20
103.40
102.46
102.21
102.22
101.18
100.95
99.50
101.68
101.79
102.94
103.88
104.20
102.52
100.89
101.27
100.97
102.15
101.53
100.52
100.78
102.70
107.12
107.82
108.27
107.55
108.64
114.90
114.00
115.17
115.25
117.15
115.73
115.25
116.00
116.75
116.80
117.77
117.30
118.97
119.36
117.99
116.97
116.83
115.50
116.10
118.18
118.39
117.55
117.41
117.89
117.47
117.50
119.72
118.60
117.65
117.50
119.00
120.70
120.28
120.30
119.18
119.20
119.90
120.59
119.68
121.15
120.35
119.77
118.95
121.16
123.68
123.05
122.50
122.48
122.26
122.15
120.81
119.24
122.40
123.50
124.21
124.15
125.35
123.19
122.51
118.89
119.09
119.08
118.98
119.49
118.97
118.36
117.90
118.20
118.26
115.25
116.32
119.25
119.46
121.00
120.40
120.95
119.74
118.36
114.89
114.44
114.53
116.50
118.00
116.60
117.93
117.16
116.97
117.01
118.50
120.48
121.60
122.59
122.87
124.95
123.29
123.92
124.12
123.41
124.04
126.80
127.00
127.47
126.73
124.05
124.75
122.25
123.43
124.64
131.00
128.24
128.80
128.63
126.18
125.06
124.76
124.09
128.19
129.50
132.35
130.68
129.41
129.29
131.54
132.58
131.43
131.52
130.97
129.29
129.00
130.18
130.30
129.95
130.04
128.72
129.25
128.50
128.50
127.02
128.14
128.24
128.05
127.10
128.37
129.15
129.00
129.50
129.96
129.88
132.44
133.48
136.65
135.30
134.85
133.85
135.52
134.84
135.95
134.97
135.40
134.56
134.24
134.62
137.90
137.10
138.60
139.82
141.59
139.50
139.38
137.98
139.83
139.99
140.24
141.77
142.77
143.10
142.36
140.05
137.98
138.37
138.70
138.89
139.97
144.36
146.41
143.89
144.84
143.59
143.25
143.81
143.78
144.79
143.23
140.48
143.55
145.66
147.38
146.90
148.12
147.61
147.84
147.35
148.33
149.93
150.72
149.25
148.51
148.90
149.28
149.27
150.33
149.80
149.10
147.69
149.13
151.55
150.84
152.51
151.98
151.62
151.29
150.65
149.93
151.61
155.94
158.08
157.19
158.77
159.36
162.55
162.77
161.25
161.81
160.65
160.78
161.09
158.53
159.68
159.96
160.17
160.14
160.58
157.09
159.09
159.50
159.48
158.40
159.60
160.88
159.79
158.94
158.17
157.70
157.39
156.65
158.08
158.79
157.61
158.29
159.58
160.35
158.59
160.10
160.34
158.86
159.54
161.78
161.70
161.78
161.40
161.60
160.97
160.40
161.07
160.64
159.18
159.35
159.97
159.73
160.16
164.28
167.78
169.23
170.96
170.99
168.90
168.53
166.53
165.42
166.37
166.88
167.30
167.90
166.83
164.88
164.80
164.03
163.39
164.11
164.35
165.68
167.57
170.48
169.60
168.50
169.90
168.26
179.66
180.84
180.77
179.86
179.50
179.88
179.02
180.44
181.49
181.79
181.74
184.58
184.90
182.69
184.42
179.51
181.10
182.54
180.20
181.99
181.40
180.68
181.75
180.19
179.42
181.00
183.14
181.95
180.64
182.76
182.48
183.72
185.23
185.13
182.48
181.50
179.48
181.38
183.14
185.00
184.72
187.46
187.04
187.44
190.86
192.77
189.53
187.81
190.06
190.73
191.83
190.73
189.95
191.40
191.99
191.31
191.47
189.85
196.00
194.60
193.49
193.20
194.90
181.76
184.09
185.14
184.31
182.00
182.56
181.35
179.98
180.64
181.49
177.49
174.73
176.89
175.27
181.50
181.43
180.59
179.46
175.08
175.79
177.28
175.50
178.40
177.88
176.70
177.89
178.65
184.65
186.53
187.81
189.30
191.08
191.90
194.00
198.00
198.83
200.86
196.80
194.00
194.50
193.71
191.96
193.61
193.00
192.11
191.15
187.95
188.38
184.70
189.12
192.20
193.79
194.42
195.81
198.75
200.99
201.68
202.68
199.11
203.38
203.90
204.50
205.25
204.90
198.90
200.97
200.00
197.97
200.19
200.36
198.46
199.70
199.18
199.78
200.23
202.54
202.71
200.40
200.20
202.00
202.34
202.65
203.60
204.83
205.07
206.49
202.60
203.33
202.94
203.84
202.70
201.69
207.91
205.65
208.00
210.57
213.81
215.48
217.87
218.20
218.83
219.59
220.25
221.40
221.62
222.72
222.03
222.49
222.31
222.11
223.00
224.52
222.74
224.19
222.65
224.90
223.76
232.26
235.50
233.82
232.33
226.96
222.07
222.36
220.74
226.00
218.90
217.84
215.88
216.74
219.01
222.00
222.13
222.89
224.90
224.75
226.24
228.48
227.79
224.97
224.67
227.43
228.43
227.90
227.80
227.99
224.04
225.97
225.80
226.07
225.73
226.37
228.39
227.68
227.49
221.92
223.88
226.77
227.09
224.12
232.67
226.23
223.04
220.19
216.17
216.34
215.86
218.16
216.50
216.28
215.71
207.44
205.92
207.78
209.07
200.00
201.95
204.94
209.56
211.54
209.50
210.58
210.30
210.50
203.80
201.93
204.05
203.64
207.31
207.10
207.88
207.02
209.00
212.10
210.87
212.48
212.69
211.88
209.69
210.09
210.98
210.32
210.67
210.28
212.27
214.52
214.50
214.69
215.95
215.69
213.23
211.43
212.50
213.40
213.99
214.78
213.91
213.17
212.07
210.99
211.92
211.25
212.16
212.12
209.81
210.59
210.49
209.86
209.90
211.74
215.35
215.49
217.00
217.55
216.89
216.28
216.89
217.04
222.36
224.75
223.16
222.00
221.89
220.13
222.59
222.54
223.85
216.70
214.96
215.71
214.79
213.36
213.06
213.17
212.39
211.38
211.45
210.55
211.22
211.20
212.10
212.59
213.32
214.43
215.69
216.44
216.97
216.95
217.32
218.00
217.53
215.74
215.00
214.97
216.16
216.12
214.37
216.22
215.47
218.65
216.75
215.75
215.61
217.78
217.49
216.68
218.15
216.98
213.90
215.00
214.27
212.22
211.46
214.02
213.81
210.00
212.30
213.15
211.09
212.54
212.21
209.57
207.75
205.90
201.97
203.21
206.57
208.20
213.38
213.95
215.90
214.15
214.73
216.86
218.40
239.28
242.50
243.20
243.01
252.34
250.90
252.43
252.40
249.88
252.16
252.40
251.16
251.43
251.73
250.83
251.89
