55.00
57.50
59.00
59.82
61.57
62.65
62.16
62.05
60.31
60.50
61.82
63.75
64.02
64.81
65.61
65.11
65.25
65.53
64.00
64.56
66.01
67.20
68.85
70.00
69.69
70.04
73.91
74.90
71.00
81.07
83.90
81.00
80.82
84.75
87.66
85.94
82.52
78.10
80.79
81.45
81.11
81.26
82.15
81.91
80.52
76.16
75.12
74.36
79.55
83.01
85.81
84.60
86.03
85.28
85.59
83.55
80.56
79.61
77.60
78.55
80.15
81.10
83.68
83.44
81.62
82.75
81.02
78.51
81.86
78.02
78.55
80.30
79.20
79.30
77.25
74.00
72.25
75.40
73.89
74.00
72.50
67.29
66.51
71.35
72.12
71.57
67.90
72.60
69.96
69.07
70.25
71.01
74.27
71.49
70.35
71.50
72.32
71.07
69.34
69.11
71.95
72.60
72.48
73.60
74.83
74.14
73.61
73.66
73.19
73.84
73.13
72.87
72.85
74.17
74.70
74.39
72.07
69.75
69.25
68.68
67.18
66.63
67.05
69.25
68.26
65.00
64.01
58.38
67.04
64.90
64.11
65.50
64.54
60.80
55.89
56.38
59.21
57.31
56.31
50.25
50.62
47.75
49.41
47.00
53.59
55.25
48.53
48.04
51.50
51.12
50.29
48.00
45.74
43.74
46.44
47.05
49.51
50.58
53.00
51.91
53.88
56.43
50.74
51.31
51.20
50.36
51.18
49.89
52.45
51.66
52.61
51.24
48.00
43.54
45.78
49.00
48.20
51.17
47.67
47.53
48.11
50.22
48.50
53.97
53.10
50.95
51.72
50.50
51.77
52.74
54.06
54.07
53.78
52.98
53.12
52.65
51.93
51.93
50.27
50.60
52.24
53.00
54.50
55.99
53.27
54.78
52.56
51.51
50.22
47.50
45.21
42.06
42.70
43.23
41.78
42.52
42.64
45.25
45.25
46.86
47.54
48.19
48.56
51.50
53.68
54.60
53.61
53.50
53.10
55.26
53.67
54.25
55.49
54.50
53.99
53.61
55.14
54.79
55.00
53.87
53.21
53.90
52.68
49.21
48.74
50.59
50.52
50.27
51.70
51.86
51.33
53.46
52.43
52.50
52.90
53.27
51.28
52.52
54.21
53.01
53.84
53.63
55.12
55.27
57.75
57.07
56.41
57.63
58.00
58.13
57.25
57.50
57.26
54.96
54.25
57.21
57.10
58.04
58.63
58.10
61.51
63.92
62.64
64.72
66.97
65.75
65.35
65.50
65.93
64.71
63.51
63.51
64.02
64.26
64.29
64.61
64.47
65.23
65.28
65.25
65.75
65.80
65.82
65.50
65.87
68.32
68.80
68.55
68.47
67.96
66.66
64.31
63.07
62.12
60.80
60.63
60.86
60.70
61.32
60.90
60.27
61.56
62.50
62.02
60.78
60.08
59.90
59.40
58.00
59.75
59.41
59.10
59.64
60.67
62.20
64.00
64.30
65.79
66.32
66.62
66.25
67.11
66.13
65.72
66.83
65.35
65.90
67.90
67.86
67.95
68.73
68.60
68.53
67.88
67.94
67.50
66.04
66.55
66.15
66.75
67.85
67.76
67.90
68.45
69.28
69.28
69.60
70.14
69.43
69.80
70.05
70.16
70.18
70.27
71.75
71.50
72.38
72.66
73.30
73.16
73.01
73.32
73.76
72.25
69.23
70.51
69.21
68.61
68.77
66.54
67.68
67.40
68.91
70.67
71.34
73.35
73.23
73.79
74.02
74.00
73.19
74.46
74.82
74.26
73.63
72.46
72.51
74.76
75.83
75.16
75.83
75.80
78.12
78.27
78.65
79.70
80.56
80.38
79.33
78.75
79.22
79.29
79.66
78.23
79.63
79.91
79.60
80.37
79.60
80.20
81.00
82.08
79.93
78.71
79.84
79.55
79.50
81.38
81.14
83.49
83.90
85.86
85.50
87.39
86.63
85.86
85.65
85.80
86.09
86.65
87.47
87.17
87.46
86.00
85.90
85.55
86.23
86.17
85.85
85.95
86.50
85.92
85.70
86.31
84.12
81.64
81.41
80.99
80.61
81.41
81.87
82.20
83.50
82.10
82.80
80.54
82.56
82.70
82.89
83.25
83.65
85.20
85.76
86.00
85.49
86.81
86.06
84.75
83.74
85.02
85.28
86.25
86.24
86.13
87.10
88.09
89.86
89.55
90.80
92.65
91.12
91.35
91.24
90.08
88.69
88.18
89.25
88.59
89.49
89.65
90.14
90.34
90.52
91.31
92.10
91.81
90.63
90.50
91.65
92.50
92.16
92.86
93.93
92.80
92.08
92.50
92.86
92.46
95.23
95.54
92.89
92.30
92.10
90.02
88.42
88.12
84.00
75.91
80.75
85.93
83.14
84.75
84.52
75.92
73.67
68.29
70.71
71.11
72.01
73.75
71.77
73.36
72.91
72.00
71.36
70.02
71.66
71.05
71.55
71.09
73.18
75.00
75.35
73.70
73.90
75.61
77.26
76.26
75.42
78.63
76.81
75.76
75.65
75.15
71.10
70.71
70.11
72.58
71.79
72.15
74.04
75.62
75.88
75.47
75.65
74.26
71.27
70.87
70.50
71.93
73.02
74.05
75.35
75.87
75.10
71.35
71.37
70.97
71.43
72.38
71.32
70.86
72.81
74.06
73.00
72.53
72.15
71.80
72.44
72.52
71.50
69.58
69.60
69.00
70.27
69.88
69.60
69.54
68.01
69.07
70.66
72.08
71.34
68.30
66.07
66.68
64.90
65.55
67.60
68.06
68.19
68.07
69.52
69.95
69.90
71.36
71.90
72.55
72.88
73.81
73.17
72.58
73.66
73.80
73.54
73.17
73.83
73.56
74.30
76.29
76.62
76.75
77.24
77.26
78.58
78.71
79.65
79.38
79.16
75.32
76.34
76.70
77.48
78.00
79.06
79.15
78.60
78.04
78.01
78.04
76.91
76.32
74.26
74.86
76.17
76.76
75.28
74.51
75.15
75.23
72.92
73.25
74.45
75.51
76.22
77.15
76.81
77.00
77.30
79.03
79.50
80.15
76.75
66.59
66.50
67.00
67.88
68.06
68.26
68.65
70.50
70.33
70.12
69.95
70.19
70.26
70.68
72.51
72.50
71.78
71.55
71.99
70.92
70.74
70.74
68.45
67.51
69.91
70.18
70.31
70.95
70.51
69.42
69.35
70.21
70.75
71.00
71.60
72.92
73.82
73.10
72.90
74.28
74.50
75.09
75.46
75.45
75.57
73.11
72.78
72.63
74.18
73.03
72.51
72.51
74.56
74.02
74.00
73.31
73.30
71.23
71.22
71.63
70.45
70.68
71.13
70.92
71.63
71.20
71.35
71.54
72.05
71.96
71.75
73.67
73.60
73.26
74.04
74.80
75.53
75.72
76.32
76.70
76.77
77.20
76.16
76.06
75.45
75.16
76.41
77.05
77.30
77.40
77.89
77.55
77.56
78.46
79.30
79.05
78.20
78.27
79.04
79.72
78.95
79.08
79.70
79.12
79.75
79.48
79.41
78.23
76.60
76.66
76.61
77.64
78.37
80.01
79.18
79.15
78.96
78.15
78.52
74.37
75.88
74.55
74.30
74.83
74.81
74.38
74.20
73.64
74.15
74.57
74.00
73.33
73.11
74.21
74.79
83.93
83.76
86.34
86.85
88.00
88.40
87.68
87.59
88.02
87.78
87.71
87.71
88.20
88.22
88.04
88.10
88.37
88.70
87.25
86.66
83.60
85.06
83.56
83.81
84.88
80.88
78.08
76.11
79.02
79.70
83.43
84.51
84.61
83.33
79.95
79.33
79.25
79.78
83.11
83.94
82.67
86.07
86.30
86.75
87.03
85.10
83.25
86.70
87.44
85.96
85.49
86.66
87.56
88.35
89.63
88.67
90.26
91.40
86.19
87.96
88.17
89.12
87.46
86.00
85.25
84.22
81.71
83.22
84.42
85.77
87.40
88.45
90.71
90.46
93.17
91.03
90.59
89.88
90.27
91.90
93.19
90.55
89.60
90.60
93.25
93.24
90.00
91.12
90.28
91.65
91.52
93.40
92.29
92.59
93.71
93.57
93.85
93.17
90.86
90.43
89.10
90.63
89.20
88.78
91.13
92.54
94.64
95.75
96.80
95.20
95.08
95.05
95.59
95.51
95.83
95.53
95.05
95.57
96.41
97.51
99.36
99.50
100.10
100.51
101.91
100.60
100.82
101.49
101.85
100.00
99.66
100.22
98.78
99.45
98.33
99.38
100.28
101.19
102.11
102.25
99.80
98.80
98.99
99.80
99.98
99.90
99.50
99.83
100.60
103.59
106.59
106.80
106.06
107.02
112.05
111.40
112.36
112.09
114.64
113.60
113.80
113.85
113.30
115.66
115.90
116.30
117.05
116.01
116.55
115.60
115.90
113.54
114.96
116.04
117.01
116.07
115.68
116.47
116.30
116.27
116.15
116.00
116.58
116.00
116.90
117.25
119.55
118.51
117.55
117.60
117.10
118.37
118.20
118.07
118.71
116.59
116.97
117.19
120.31
120.04
121.25
121.32
120.51
120.58
116.48
117.49
119.56
121.51
122.86
122.31
123.04
120.67
115.38
115.31
116.96
116.15
116.57
117.64
117.26
115.83
116.45
116.30
115.01
112.50
112.66
116.41
117.39
118.77
118.95
119.00
117.46
114.72
111.94
112.02
113.14
114.83
116.55
115.45
116.22
115.72
114.65
114.26
116.93
117.46
120.50
121.03
119.31
119.33
121.15
121.67
122.53
119.57
121.53
124.00
125.66
125.67
124.78
121.04
121.81
119.58
119.10
122.15
125.87
126.04
127.40
125.33
123.65
123.25
121.28
121.54
124.20
125.70
128.71
128.50
127.00
126.19
128.86
130.62
129.34
130.40
127.75
128.00
127.40
128.54
128.59
128.70
128.29
128.00
127.00
126.52
126.75
125.81
127.04
127.22
126.72
126.18
126.26
127.62
126.95
127.80
128.67
128.42
128.81
131.58
132.58
133.75
133.62
132.53
133.73
133.47
134.90
133.51
133.62
132.38
132.52
133.24
134.87
135.48
135.99
138.20
139.50
138.56
136.72
136.32
138.19
138.43
138.60
140.02
140.80
141.13
139.76
138.03
135.93
136.44
136.52
136.87
137.40
140.30
143.40
141.22
141.90
141.53
141.88
140.28
142.02
142.45
139.65
138.53
140.02
143.66
145.16
145.74
146.40
146.42
146.33
145.89
147.24
148.01
148.44
147.20
146.10
147.06
147.79
148.27
148.40
147.83
146.89
146.25
146.90
148.70
149.15
149.32
149.96
150.23
149.20
147.90
148.25
148.35
153.93
154.82
154.78
156.80
157.01
159.71
159.27
159.50
159.55
159.09
159.31
159.61
156.50
157.78
158.08
158.90
159.03
156.30
155.12
154.75
156.35
157.35
156.56
156.80
158.62
156.96
157.10
155.94
156.42
154.14
154.30
155.74
156.66
155.19
154.79
156.69
155.89
156.01
157.30
158.31
156.65
157.55
159.86
160.20
159.65
159.89
160.41
159.03
158.85
159.30
158.53
156.40
155.68
156.72
157.80
157.72
160.50
164.54
165.51
168.13
166.90
167.31
164.28
165.01
163.59
164.48
164.01
164.97
166.22
165.10
161.29
162.50
161.94
161.27
161.75
162.49
163.53
165.60
167.44
167.14
167.16
168.04
163.60
170.00
176.43
178.13
177.22
177.70
178.23
177.55
178.13
178.64
179.68
179.78
180.52
180.80
180.39
180.10
177.11
176.90
179.67
178.07
178.34
178.10
177.51
178.70
176.86
176.40
179.55
179.63
179.56
178.71
178.71
180.11
181.50
181.72
182.53
178.46
178.80
175.68
178.50
180.48
182.50
182.22
183.63
184.26
183.93
187.50
188.06
186.60
185.81
187.52
189.15
189.80
188.70
188.14
189.95
189.40
189.25
188.54
185.66
191.00
191.83
191.25
191.15
170.99
173.28
180.84
182.80
180.85
179.90
179.93
179.56
178.40
178.68
178.35
173.45
172.36
172.21
172.90
172.52
177.02
177.62
174.97
172.57
173.37
174.79
173.81
175.25
175.25
175.23
175.05
177.28
181.33
182.91
185.06
185.20
188.88
188.56
190.17
194.01
193.87
196.00
192.62
190.68
191.66
191.81
190.25
190.07
191.00
187.74
188.01
186.32
182.51
180.11
185.55
187.50
190.02
191.37
191.84
195.47
196.95
199.26
199.51
197.18
199.61
201.52
202.45
203.48
201.64
194.26
198.52
196.19
195.00
197.39
196.10
195.77
198.22
196.85
196.50
198.77
199.74
199.27
196.82
197.67
197.45
199.84
201.31
201.62
203.03
203.46
204.10
199.93
201.08
201.52
201.00
201.36
199.43
201.00
202.50
203.92
207.29
207.84
210.00
214.54
215.90
216.55
217.02
218.99
219.15
219.70
221.03
219.50
220.23
219.59
220.46
220.64
221.66
220.01
218.61
218.33
221.83
221.29
222.04
230.82
231.68
227.66
221.25
215.12
217.40
216.50
216.31
215.11
212.07
211.38
213.12
215.78
218.46
219.99
220.05
222.89
222.46
223.51
225.62
223.68
222.59
222.98
223.47
225.49
225.26
225.60
220.70
219.59
222.58
222.30
223.32
223.54
224.72
224.63
225.29
220.43
218.56
221.38
223.25
222.00
220.91
219.70
219.10
218.40
215.68
213.05
210.52
211.67
214.55
213.37
213.38
205.75
201.02
202.00
202.62
200.15
194.84
198.01
199.17
205.48
207.95
208.39
208.53
208.00
207.59
198.56
199.01
201.79
201.90
203.36
204.00
203.00
205.20
204.44
208.61
208.15
211.03
211.40
209.86
206.42
207.59
208.85
207.40
208.59
208.70
209.71
212.82
213.01
213.50
213.33
212.84
210.80
209.45
210.62
211.61
211.63
212.75
212.12
211.23
210.85
209.97
209.90
209.03
208.02
209.10
208.18
207.38
207.31
207.56
207.86
208.50
211.83
214.25
215.10
215.64
213.15
214.51
212.68
214.37
217.65
220.90
221.08
217.83
218.92
218.51
220.61
220.68
221.83
211.34
213.12
213.33
213.45
211.01
209.78
211.52
209.17
209.81
208.60
208.21
210.03
209.45
210.46
211.31
209.93
211.27
214.13
214.43
215.71
215.30
215.85
216.18
215.29
213.77
212.10
212.71
214.31
214.00
213.10
213.50
214.00
214.04
214.45
212.75
213.85
213.65
213.70
215.15
215.49
213.75
212.46
212.25
210.42
210.56
209.12
211.02
209.75
207.80
210.18
211.66
207.85
207.70
207.58
204.98
203.72
202.44
196.95
195.19
203.57
205.14
207.90
210.77
212.68
211.86
212.21
214.06
213.75
228.02
237.29
239.00
239.10
244.00
247.54
249.04
248.53
248.16
248.34
249.59
248.73
248.16
249.07
247.19
247.51
