177121500
49746300
37391600
21773000
10777900
9957400
6168800
5539300
15102700
10959100
25217000
9098600
7075400
13481400
12081100
5593000
6605400
7110900
5972000
6284200
5614900
26024900
14712000
11839400
9329900
9521700
25365000
33129300
49327100
36885900
29098900
34162200
17594300
18978300
25116200
23209100
23578000
36867900
13312400
12850100
9172200
8516700
11368300
10175500
10457900
21320900
10549100
15694100
13249000
25153300
18004000
9214000
12102900
10171100
6764900
10437000
11310000
9012100
14249100
11151400
7672300
8596000
8319400
8431000
9231300
10636700
7535300
12472800
12677900
19140700
44005700
12325300
11230400
8451000
7184700
19986100
23949100
13830500
13203000
13661300
10669900
21067200
23112200
16817200
11658000
13234300
16352000
12485700
9156400
9672700
8924800
12260100
19022300
37222200
15428900
10671500
8588700
10231000
10961800
9088600
13822300
8433600
7481200
6459800
6500800
6462600
5276200
4529700
3886200
5238900
4509900
4666800
4785400
6685300
4831600
7474600
8850200
9417500
10154200
14167400
12470500
10984200
11783000
7060100
9683600
20899100
16884200
21047300
17235400
11566600
10950900
6133100
5973800
12792800
19609800
9680100
6763500
8804000
14588900
21840200
18961400
18802600
10634400
18135400
12358300
13285600
19174800
14015700
8774600
8991400
7248900
10060900
11992500
10199700
10475400
14609000
13998600
18728300
10093200
7106300
18400900
11248000
13023200
7726600
6629200
8098200
10686500
9683400
9352600
7325800
7870700
8737000
12747500
21192800
11213400
11239900
6917500
2652500
7737900
6643300
9099900
7621100
10247900
13273400
8031800
7546700
7482100
6275000
5464700
7678600
6171900
7593700
8896300
3520900
2667600
1632400
1619100
3450400
4273800
4092900
3299800
4150000
8126600
7110400
8670900
4175600
7880100
5783300
6311700
11861600
17301200
14941500
12625800
7981900
5654300
6002300
6609000
8022400
6524400
7578800
7136000
7238400
8291600
24182100
11476900
7968600
9517900
5917000
8706900
10197000
8895400
9082300
8775600
10727000
7991800
10897700
8598700
8975600
11809300
9765000
10548900
8943800
11036200
15175400
8388600
9661100
9031100
10819000
12391100
8368600
6432600
11324100
10435900
8369000
11164200
10888900
14656200
14866600
8171800
9649100
11861600
11036100
11849200
14423700
11231900
6780600
5953900
11446400
9531100
8928000
7421900
9028500
9453600
10644300
9436500
8670000
8972700
9921500
7374200
10571900
14810100
25438400
15154200
19733800
14196500
10457600
8682800
9458700
6495000
9093400
11888900
8215400
6170500
14826100
11446100
8464500
13930900
5433800
5139200
6789200
5046000
8049600
10907000
7760900
8840700
14055300
18565200
5159000
5443300
8449300
10987200
20240800
6391100
7447100
8015900
8042100
6367300
7542000
4997400
5699700
5220700
4937900
5670200
12313400
6541900
5378700
5845600
7590400
16020100
6654100
4163700
7660000
3322800
9123100
12521500
4518900
8055100
4435700
6332100
4849000
3298700
3561300
5661200
5508100
14444000
8261700
7583600
4671600
4968600
5223200
3845100
2509700
3634400
3607600
3742100
3051900
4942800
4269200
3862900
3037300
6862700
4994600
4393600
4741100
5151000
3505400
5380300
5572100
3333800
4266600
2473600
3055100
4097000
4250400
3848500
3274800
3837800
4150400
3559100
3802500
3235100
3812100
3744100
4012600
12043800
4592400
10473100
7616800
7054300
8854100
4975600
9107800
12264200
6026300
5184200
4820600
5901500
6783200
5568100
3735500
3645700
4125700
4068900
5439400
6374800
8709100
10047400
19482600
10374600
6827200
6330700
6522700
6091000
4087600
3940900
6579700
4915000
3665700
3242300
3424400
5757600
3933500
2867700
9133400
3134600
4365900
3038300
2873700
2323800
3926200
6102500
3213200
4780700
5466400
2415200
2604700
4185900
3636700
2879700
17624700
9510000
8444700
9560000
84383400
11140200
7204200
5777900
1728100
3359900
4685800
3087700
3160900
5045000
6458400
4063500
6960300
2976800
3228000
3210500
3357200
4594900
5323800
3809900
3192800
7035200
7444100
4036800
3109400
4833800
3267700
5070400
4024500
3610400
8049400
16621700
9671800
5991700
4492000
3643200
4511200
5528700
4016400
3744200
3822300
3418000
2893200
4782300
4052500
3535200
3119100
3373800
3225300
3414500
3644200
4875900
7814600
9172700
7109700
13781300
7160300
5183500
4767000
3696300
4691500
6056000
4168600
3379100
3902900
5088400
3384000
2783600
4082700
3126100
4366100
3840800
3453400
3687600
2692500
2391800
2330800
2859000
4332300
5159800
4691600
3146600
2272600
2841400
3664600
3124700
4568700
4467100
5098800
7352000
6264900
7755000
7655700
9293600
15984500
11379800
8776700
11811000
9282900
7958900
42457300
22638000
47332800
32907800
25403200
19900300
10287000
11362000
11101500
9773700
6645300
6270500
9402200
9781400
10534600
7653800
7625700
8896700
9095000
7544300
9364200
7806600
7035500
7283300
7433200
28965700
11717700
6983400
6569400
6032600
5130900
9962900
6179100
7590000
4700300
5931500
5218400
4057900
5619900
3958200
4982900
3203700
4122300
9765000
5004800
4776600
3976900
4873300
3165200
3948200
4338100
6301300
14716700
7696200
13461700
8541200
5124800
7696900
4840700
7153100
7767100
5778400
6169300
3641700
2675200
3333500
3058000
4610600
7884600
4597400
6686900
5599700
3524800
3913500
3500000
5804300
4322600
4194200
3518000
3604800
11253000
13266000
7848000
15137300
9904000
10769100
7450100
10490400
7346700
6325000
6456600
6746000
5257200
5024600
7303200
6970500
5786000
4530400
5788000
5164500
3780200
2493800
2345400
2599800
3474800
7462000
5325800
3587000
5042200
7242600
4956000
4876600
3703900
4128900
3907600
5166400
11115200
5716300
3419300
3845400
3531100
5050500
5941600
3056200
2701600
2977700
2301300
3329000
3327500
5089800
3720000
4300200
2578000
4988900
3656400
4338700
1087400
5394100
4635500
5585800
6689700
5169600
4587800
6343700
3577200
3714600
5933700
10247100
6196900
11450500
50557700
41972700
16047700
10867100
5821700
4150200
7759400
4782400
3249500
2754800
2775500
6427500
4534500
9628200
7089700
7062100
4550600
5148400
4636300
7027400
6291400
4835400
10713200
20341300
6195900
5730500
7569900
4459900
4854300
6262100
6150700
6362200
6790600
8365700
7208400
5560100
3844000
4668600
6188100
4320100
7242700
3963800
5036800
5868900
6502400
7897200
7178700
4903300
6217400
6214300
6748400
5386000
5097000
4880000
4659300
8374400
4465400
7139400
4333900
3492900
6045100
6014200
3447600
6317100
3701900
3838600
4395000
5139700
7366700
5793700
5889600
14918300
4638800
4317500
3882300
4519700
4533000
5519800
5994300
4751100
5128000
4564600
4652300
5064000
3833000
3565300
3709600
2747400
1781600
3800000
2245600
2854000
2719400
3375900
4736200
4333600
5247900
7438600
4773300
4926600
4416900
6269600
5368500
4690800
5528000
5031800
3735300
4304000
4564600
3707100
4500700
5277700
3836200
3818600
4433200
4866600
4738600
4407000
6941200
20196300
8018500
7364200
5205000
7508400
5693900
5260400
6464800
5636700
6323800
4430500
5101400
9925200
5220000
5824400
33027300
29970100
15435600
8272400
8403800
12131000
5204700
6433400
4605300
4713900
4302900
3999500
3378800
5398700
2368600
5265100
2258800
3339300
2676000
6023700
4806200
4177100
3378200
4331800
8827200
9706800
8406700
14632300
14675500
9607400
9339900
4149700
4582200
5090000
4772500
8249900
7792500
4835300
5019000
7287700
6068300
5374700
4642200
4155700
6023200
5200200
3951800
3952300
4138200
4596600
6623100
4902100
4367400
6536800
5369600
12568800
5522000
9016000
7017600
8922300
5381500
4773900
5016700
4272600
3888000
4488100
6555900
7900000
6278500
4871500
4388300
3330600
4406700
4766300
3298400
3950100
3460700
3600000
5415600
4411600
3532200
3034600
4206000
6686600
10392000
5824900
4456500
7632100
6141300
4602700
3402100
2411800
4900500
4898700
2812200
3412100
2608000
3538300
3249900
4306800
3226500
3961100
3367400
5266100
1733400
3698100
3628400
5376000
4760600
3232000
4182900
3533800
4013800
3559500
2993500
3411100
3391000
4787700
5255000
4389200
5885300
6863600
3811000
3359800
1950800
2179800
2492400
2159400
2146700
4207300
4130500
3024100
3272300
4500600
4677900
4754000
4177200
4155800
4254700
2938100
3641900
5008200
4041600
3035200
3772100
3484800
2840700
3119000
3310100
3844200
8435100
4133300
3337400
3261400
5685500
9900300
5472200
5519600
4490200
5425300
3992900
3878200
2704900
3595300
2722700
2773500
3953200
2984300
3804400
2793500
3053400
2538400
3325500
2673500
2380100
2114400
1927300
3196400
3749000
3323300
4001600
3979600
2647000
2106800
2342000
2537800
4090900
2665500
2248000
2172800
3000500
2944400
3922900
2577200
3348900
3323900
2669800
3542800
4291000
5374300
4577100
2582200
2120000
2130600
1960300
4336800
2357700
3037700
2776900
2446800
2343800
4294500
6341700
11959500
5850900
3369200
3649200
4418200
3367000
2034900
4061600
3147300
4334900
4453700
6483700
3318000
4648600
4139500
3187400
2945000
4501600
4586600
5251000
4662600
4161600
2843700
3096000
2289500
2594200
2735700
2599700
3722800
3288200
3137900
2732900
2567600
3175700
3265300
9304000
4041000
3282200
3442100
2878700
3982800
4260600
1591100
2824500
2407800
4421000
4551000
2911000
3766900
3028200
7651900
2691700
2975900
3458100
2954200
2847800
3376000
3826300
5259000
3484400
3163200
2240400
2903000
2778100
3233600
2306900
3294800
1990700
3550900
1496200
1613500
2183100
1933900
2280300
2395600
2168600
1901300
2216500
1750000
2662700
2205100
1965700
2145900
2143400
3446000
2550200
3174700
3924600
2697300
2908400
3972600
3664000
3936300
3322400
2662300
3298100
2994200
3194900
7306400
2632500
3849600
2659300
2108200
2357900
3675200
2510400
2929400
2118900
2820200
1700900
2494500
2012600
3514400
2029000
2423600
2081100
2531500
2810400
2533600
2445700
2980800
2869500
3968900
3037200
3567800
5327500
4624500
3466000
2272300
2607900
2533300
2949900
2235900
2537300
3402000
3429400
4158100
3780100
2391600
1641300
1113600
2155900
2495400
2589600
3143200
3512000
2934200
2275200
2992800
2281000
1889300
2322200
3623200
4579900
3260700
2394800
3475800
2967400
2160100
2715800
3482600
818000
1903600
2994200
1743400
3217000
3956600
3734300
2594000
2560600
2950100
4388200
4078400
2394500
2219400
1674000
1366100
1958400
3453100
1729500
1777200
1698500
1675400
3383000
2916000
4677000
4171400
3184600
2633000
2776300
3764200
5045700
3228500
2758100
2451400
3479400
3190000
4471100
3302500
3922200
3555200
2934500
2795800
2838500
2079500
2807000
3303000
1642500
2566900
1879000
2171800
2392900
1685500
2085200
2755400
3713400
4399900
3790700
4413100
4017600
3720800
4697600
4834200
4316200
3342800
3114100
3308800
2395500
4156200
2225900
1990600
1531400
1501100
2249100
1647500
1769200
2693500
2523000
2385900
5252700
1905100
1350900
1581000
1861800
2330700
1531800
2673600
3040400
3063100
7669300
3756600
3271000
2969100
3612300
2875300
3459400
3120000
4018700
3406100
2478400
3312200
5298000
3355700
4890800
4226500
3076600
2484300
1872600
2407000
3128600
3808100
3382100
3044200
3666200
3474800
3444800
1964100
2498700
2440100
1856800
3694800
1894800
3055200
3883500
4480800
3881900
3180400
2598200
2775600
3164100
2904000
2187300
1133300
2123900
4897000
5832600
3880800
3558800
1945700
3632300
1878800
2779500
1484600
2262100
1982600
2927700
3498400
5480800
2177300
1444100
3477800
22518400
18571800
5424600
2869900
4996700
3889100
2406700
2507100
3405600
2851800
3834700
4322100
3153100
2995500
3533800
7732700
2646600
2451800
3447300
3190600
3918000
2351200
2471600
3137600
2438300
1851700
1674300
2700400
4876800
2751500
3553000
4100900
2845200
2600200
2618700
3741600
14426800
4887900
3824100
2648700
2331600
1814600
2390400
2346200
2178100
4911500
2341400
2946300
4009900
3362000
2716400
2978800
2230600
2641900
2595700
3151300
3596800
2881500
3050700
1869100
2221400
2753600
1713600
2149900
2986600
6008800
3308400
2772300
2764500
2219700
2708100
2865600
2096300
2254100
2045400
2727400
3097900
4095200
3615700
2549300
3194100
2037700
1685500
2811500
1484900
1034800
2190500
4258200
2934800
3315000
2276700
3166800
3911800
10082000
2867300
4418600
3694900
5161800
4035500
3348700
5815900
1998700
1301900
1224700
1310500
1485000
1612100
2663500
1952400
2144400
2044500
2121800
2096600
1607400
3388600
2712900
2822000
3378500
9586100
4938100
1813600
3415600
4010800
4867700
4463100
4200000
5010100
6114300
5415600
3728400
3380200
3180400
3134300
2579200
2452400
3662700
3289700
3170500
3356800
2330500
2202500
2284000
2704300
2834900
2603400
2024400
3501000
4105700
3721200
2832100
2280100
2242800
1837600
2765700
2348700
2999100
3423000
2200000
2076200
1972200
2972500
9523100
4557100
2918800
2664300
2622400
3737500
2909800
2272600
2336200
3552600
6112300
10031000
5436400
4785700
5100900
7484900
5231400
4803500
3958200
3341000
2503100
2460000
2204900
3386800
9559800
6065800
3190000
3036400
3568300
2727200
3448200
2718300
3683000
3653400
2948900
2183200
1784400
1709500
3171300
3069900
1759900
2185000
2274100
4217500
2779400
2419200
1805800
1315100
1534100
1591000
2252900
3147400
1649400
2500600
1379100
1708900
1689500
1554500
1771300
1974800
1430600
2581500
3832800
4589700
3691300
3272400
2061200
2145100
3240300
2490400
2748400
1442200
1392900
1653100
3037300
1294300
2134200
1424200
3429100
2725200
2213300
2451500
2767000
1542100
1924800
2047300
2986900
6882600
2600400
2644300
2605700
3468500
3525000
2019900
2787800
1882100
2392000
2314200
2254600
1610500
1614500
1784200
2249900
2088100
2053100
1824200
1386000
1786400
1240600
1736000
2008900
2770900
3661500
2016600
1947100
2373100
2050700
2566600
1832200
3161700
2215300
2177700
1759200
2302900
3080300
2303800
5118800
2268500
1989900
2084000
2932400
1794700
2197200
2864000
2921500
2852900
2490200
2234300
2237400
3509700
2749200
2936100
3047200
3504500
4917000
3906400
3182900
1907000
3246500
2760500
2432400
2724000
1664700
2624400
4023800
12712700
6239000
3179000
4161100
5484900
3303000
2376900
3286300
2116900
2722600
3118300
2133100
2469200
1911800
1660300
1674900
