116.00
114.50
119.75
118.94
117.94
119.38
121.12
122.00
121.00
123.31
119.75
122.00
124.75
123.00
122.88
119.50
119.94
118.44
114.19
112.81
113.44
115.81
117.50
118.44
116.88
119.00
119.75
119.12
119.44
116.38
117.44
117.31
118.88
115.94
113.44
110.50
111.00
109.88
106.50
105.56
105.50
105.44
110.00
111.00
107.00
106.88
108.00
109.00
109.00
110.00
108.25
109.81
111.69
113.38
114.69
115.38
115.88
122.25
128.25
127.00
122.44
123.00
123.75
122.38
126.94
125.75
128.00
125.69
125.38
121.62
119.62
114.31
112.75
112.25
115.12
109.75
105.25
107.19
113.00
113.94
113.12
112.69
113.19
113.62
111.12
109.19
109.62
110.38
110.62
105.69
107.50
105.75
104.88
109.25
108.88
107.31
107.50
109.25
110.00
110.00
112.25
107.19
111.00
110.75
108.94
109.75
114.19
114.62
121.75
122.31
120.75
120.44
119.94
120.00
119.00
117.69
120.38
120.69
115.94
114.31
113.62
115.75
112.81
115.19
114.38
113.19
109.88
105.62
105.12
105.06
104.94
104.00
105.88
105.94
104.88
107.88
104.81
109.50
117.81
117.00
115.62
113.38
112.38
111.50
112.50
113.69
112.44
114.88
116.50
116.50
119.00
119.62
120.81
120.25
121.81
123.69
122.62
122.94
122.81
123.38
122.19
122.19
123.75
125.44
129.88
133.19
134.25
131.50
134.19
134.94
133.31
134.88
134.50
132.94
128.25
126.88
128.81
129.19
127.25
126.00
126.25
126.56
126.69
124.31
126.62
121.88
120.31
118.88
116.94
119.62
119.38
114.88
114.56
116.12
119.38
117.12
112.94
114.38
110.44
113.12
113.88
99.12
98.50
96.25
95.00
94.38
90.94
92.88
93.69
93.75
99.12
99.88
102.31
102.62
102.38
103.50
103.75
100.00
98.38
99.44
99.88
100.06
99.69
102.50
103.25
104.38
100.81
101.75
102.00
100.75
99.94
98.00
99.31
99.19
104.75
101.81
95.94
99.00
98.25
96.12
96.62
93.69
90.69
90.50
94.44
88.00
87.94
89.38
89.56
88.12
88.19
86.94
87.50
95.00
99.75
94.69
93.94
95.75
94.94
94.25
96.44
94.00
97.75
110.00
113.94
109.94
109.94
111.44
111.12
115.25
115.50
116.75
116.75
114.34
113.99
112.60
115.69
117.60
118.20
114.99
115.72
117.38
116.17
118.64
115.75
115.60
111.50
110.90
107.50
105.80
106.87
103.54
106.40
107.65
105.60
108.40
108.25
107.34
105.01
98.40
98.44
98.90
97.87
93.90
92.80
92.03
91.60
91.00
94.99
95.66
100.00
98.45
97.07
97.56
98.10
94.65
94.05
100.00
100.00
98.74
99.90
101.94
97.50
99.89
99.88
110.00
115.90
116.40
114.05
114.75
114.85
116.70
116.90
118.05
118.65
118.95
115.10
115.86
117.25
117.75
118.18
118.90
114.15
113.18
114.15
115.80
117.09
117.68
119.90
119.70
118.95
119.60
119.90
117.59
114.10
113.86
113.60
114.75
117.60
119.00
118.25
117.50
118.14
117.80
118.47
116.08
115.45
115.44
117.25
114.99
114.70
114.43
114.90
114.05
114.18
116.95
116.65
115.40
114.19
113.26
110.90
106.95
105.40
104.13
107.80
109.30
109.38
108.58
107.60
106.00
105.70
106.95
106.15
105.70
106.00
105.95
106.25
107.00
108.50
109.47
110.09
107.37
107.37
106.10
104.54
104.95
106.64
106.85
106.59
106.02
105.49
105.00
104.97
104.04
104.70
107.80
108.20
107.17
105.90
103.40
101.36
103.13
102.83
100.68
98.15
97.40
95.86
96.75
96.85
95.75
93.50
95.54
96.00
94.45
91.50
92.71
93.48
93.90
97.62
98.88
98.45
99.00
98.50
97.30
99.40
101.00
102.76
103.00
106.70
103.75
102.74
105.78
106.69
108.75
110.85
112.10
110.70
109.75
111.12
110.17
110.30
110.59
114.80
115.20
115.56
114.90
114.90
117.00
116.85
116.33
115.00
115.80
116.80
115.25
115.37
116.40
116.30
114.38
114.55
115.94
114.85
116.72
121.98
121.70
121.00
121.00
122.74
123.21
122.30
121.48
122.14
122.97
124.70
124.00
123.50
122.48
123.70
123.93
123.88
123.24
121.50
124.22
125.60
126.19
125.20
126.39
124.00
122.18
120.09
119.70
118.75
120.55
114.90
114.26
111.25
109.73
110.69
110.21
108.56
105.75
107.98
109.30
108.00
108.50
107.82
107.00
105.72
107.69
107.89
108.48
109.15
104.80
101.80
100.00
99.70
99.20
99.25
99.19
100.31
99.60
103.10
106.53
106.50
107.09
107.50
107.34
105.97
108.85
108.65
107.95
107.45
108.64
108.05
106.90
106.78
106.70
106.66
105.70
103.79
105.14
104.00
102.01
101.50
101.14
101.25
88.59
88.52
89.95
88.51
87.96
86.60
86.85
87.20
89.10
90.03
88.95
89.08
88.25
86.92
86.96
85.10
85.23
84.65
84.80
83.50
81.87
77.50
82.80
83.00
80.50
82.29
85.48
86.49
86.00
86.40
85.46
85.00
84.39
85.05
83.75
83.11
82.00
82.25
82.05
80.91
79.65
80.71
80.95
78.85
78.80
78.25
75.95
77.40
76.77
77.75
76.90
75.20
74.09
70.99
71.49
71.45
70.59
72.15
73.62
72.41
69.40
70.71
73.90
73.48
72.25
71.25
69.75
71.74
71.00
71.39
71.60
74.20
72.70
72.19
70.00
70.00
70.00
69.47
71.40
72.70
71.60
70.70
68.23
68.35
69.42
69.90
72.05
74.30
72.64
73.80
75.02
76.71
79.98
82.85
82.00
82.33
82.45
81.48
80.89
80.44
77.01
77.35
76.35
75.00
73.99
72.85
73.99
74.98
75.60
77.50
74.05
72.88
72.72
73.45
70.90
66.48
65.40
63.75
63.30
63.77
64.88
63.49
59.89
61.98
62.00
61.16
59.51
58.50
58.09
56.70
58.48
63.92
63.80
68.48
67.00
73.00
74.25
75.90
75.68
74.97
75.55
74.62
77.50
77.05
79.40
79.79
80.50
83.81
82.01
81.88
80.00
79.29
78.36
79.90
80.33
80.99
80.40
80.99
79.45
81.71
84.92
85.17
86.25
86.15
88.11
88.05
89.46
87.03
84.86
84.98
82.75
81.33
81.00
82.48
81.69
80.00
81.79
81.77
79.69
80.34
80.00
81.50
81.00
80.70
79.18
77.43
78.46
80.57
81.65
84.80
86.18
85.69
87.02
88.04
88.95
88.59
88.65
87.71
83.74
81.85
80.77
81.36
81.50
79.50
80.47
80.70
81.30
78.34
78.87
78.18
78.90
78.20
78.15
78.02
78.97
78.09
76.35
77.45
79.50
79.70
80.05
80.00
79.99
79.37
79.05
78.59
78.47
79.00
77.75
77.73
77.78
77.99
77.45
76.33
75.63
78.68
79.48
82.67
83.50
82.50
82.49
84.90
83.35
84.00
83.25
82.33
81.99
79.61
79.56
81.97
83.48
82.55
82.90
80.70
80.74
79.25
81.29
80.07
82.85
84.40
84.40
84.51
86.06
85.97
85.70
85.28
85.50
86.49
85.67
86.23
87.57
88.00
88.34
87.81
86.78
87.70
89.26
90.10
90.40
89.96
89.89
88.47
87.24
86.18
86.80
85.95
87.90
88.70
88.59
88.68
89.08
85.24
84.96
84.25
83.23
82.00
82.92
84.15
84.98
84.29
84.55
84.95
84.99
85.29
85.24
84.79
84.18
84.16
84.38
84.65
84.20
83.66
84.89
84.69
86.45
86.75
86.35
85.22
85.28
86.58
87.00
87.03
83.94
84.02
83.43
83.26
82.77
82.99
83.74
83.70
82.88
82.45
82.54
81.27
81.36
81.33
80.68
80.82
81.27
81.50
81.54
82.19
81.75
81.98
83.68
83.81
83.31
83.85
84.72
83.03
82.54
82.53
82.34
82.11
85.96
87.30
88.29
88.26
89.66
89.97
89.00
88.42
89.01
89.96
90.41
91.94
92.43
93.47
92.24
92.09
91.82
90.97
90.14
90.18
89.25
90.60
90.45
91.95
91.76
91.70
92.87
93.60
93.18
93.54
92.95
94.54
89.70
89.68
89.40
89.34
89.01
88.40
88.64
89.10
89.90
89.94
90.17
90.71
90.84
89.80
88.88
89.59
89.60
90.47
90.03
91.16
91.48
91.42
90.05
90.18
89.83
89.79
88.85
89.74
89.85
90.09
90.68
91.36
91.48
91.44
91.44
91.30
91.47
92.16
92.74
92.97
93.16
93.97
94.12
93.87
93.38
93.25
93.50
93.44
92.80
93.00
93.73
93.50
92.85
93.05
93.09
93.19
93.38
93.21
92.35
92.14
91.51
90.46
95.65
95.35
97.44
98.04
98.16
98.21
99.85
99.67
99.42
98.60
99.33
99.94
100.00
100.43
100.09
99.24
99.44
99.97
100.31
100.30
100.09
100.00
99.77
99.23
98.60
97.51
97.46
97.09
97.26
97.38
97.25
97.60
96.89
96.92
96.98
96.88
95.28
94.74
92.98
93.38
92.69
92.70
93.79
93.18
92.97
91.48
92.16
92.49
92.63
93.25
93.61
92.67
92.24
92.68
94.55
94.37
93.79
93.58
94.39
94.36
94.04
93.86
94.09
92.35
92.30
92.48
91.42
91.51
91.61
91.56
91.99
90.98
90.26
89.20
88.52
89.74
89.75
89.10
89.40
88.10
88.15
87.25
87.41
87.35
86.03
86.49
88.88
87.95
88.18
87.84
88.92
88.85
89.08
88.85
88.48
88.64
88.10
88.49
88.99
90.50
90.55
90.75
90.58
91.21
90.93
90.56
90.80
90.43
90.24
90.84
90.92
90.23
89.90
88.49
88.50
88.44
87.55
86.73
85.94
85.01
84.50
85.25
86.09
85.24
84.63
86.48
85.85
86.49
87.11
86.40
86.06
85.58
86.30
86.28
87.22
87.40
87.39
86.80
86.65
86.42
84.76
83.96
84.99
83.98
83.05
83.94
84.56
84.54
85.13
85.35
85.25
85.45
85.15
85.27
85.04
84.95
84.99
84.69
85.09
84.78
84.69
85.44
86.51
86.79
87.00
87.28
86.88
86.50
86.96
86.50
86.43
86.11
85.44
84.27
84.74
84.44
84.65
84.98
85.98
86.98
88.10
88.03
88.10
88.10
87.91
87.20
86.20
86.48
84.98
85.25
86.15
89.73
89.19
88.76
88.45
88.90
89.57
90.27
90.24
89.90
90.60
91.22
91.90
92.70
93.52
93.70
93.95
94.30
95.22
95.50
96.00
95.50
96.63
95.70
95.16
95.40
95.37
95.79
95.38
96.38
95.65
96.07
96.78
97.63
97.90
98.25
97.35
97.60
97.99
97.20
97.70
97.70
98.15
98.00
97.57
97.15
97.98
98.00
97.97
98.55
98.47
99.00
98.91
99.10
98.42
97.83
96.98
96.80
96.09
95.79
95.28
96.20
94.25
95.34
95.15
93.84
93.30
92.85
92.59
92.87
92.22
93.59
93.95
94.00
94.35
93.94
94.74
94.90
94.64
94.83
93.10
93.97
94.02
94.67
94.97
94.76
94.25
93.50
92.44
93.09
92.80
92.76
93.43
93.73
93.21
93.18
92.51
92.56
93.00
92.80
92.41
92.04
92.27
91.40
90.68
89.90
90.28
90.34
91.17
91.55
91.63
91.07
90.88
91.41
91.76
90.62
90.33
89.38
89.20
88.46
87.56
86.24
85.97
85.41
79.66
77.75
77.20
75.87
74.10
74.70
75.72
76.98
77.18
77.11
77.08
77.29
76.96
77.20
78.11
75.92
75.46
74.76
73.69
73.80
73.86
74.49
74.43
76.82
77.64
77.28
76.95
76.51
76.03
77.41
77.24
77.41
77.50
77.39
77.10
75.90
76.09
75.40
75.47
75.05
75.93
75.43
76.50
77.25
77.73
76.98
77.00
77.49
76.97
75.40
74.77
75.30
75.68
75.49
75.33
74.97
76.15
77.53
79.52
79.52
80.49
81.75
82.67
82.75
83.94
85.11
84.96
84.95
84.63
84.52
84.35
84.13
83.97
83.95
83.85
83.86
84.20
83.89
83.74
83.89
83.95
84.01
82.75
82.58
82.94
82.43
81.94
82.00
83.30
83.35
83.14
82.40
81.45
81.02
81.75
81.00
80.79
80.32
80.01
81.19
81.13
81.52
81.49
82.11
81.49
81.40
80.65
80.50
79.98
79.65
78.46
78.50
78.11
78.41
78.60
79.73
80.55
80.50
80.60
81.47
80.68
80.27
81.12
82.10
83.52
82.93
83.20
82.71
82.99
84.60
84.20
84.19
84.00
83.61
83.95
83.87
82.93
82.43
82.30
82.15
81.89
83.03
83.30
83.85
83.90
83.33
84.30
84.84
85.00
85.90
86.58
86.98
88.00
87.87
88.08
89.39
89.32
89.43
89.94
89.64
89.74
89.15
88.65
89.84
89.92
88.91
87.10
87.35
84.90
83.95
83.63
84.00
83.60
83.10
84.00
83.23
84.20
84.50
83.57
83.06
82.49
82.55
82.50
82.90
85.03
84.25
84.12
84.81
83.96
83.45
83.16
84.70
84.39
83.05
81.92
82.15
81.62
81.65
81.77
81.81
82.00
82.24
81.59
80.77
79.95
80.19
80.90
80.80
81.46
81.91
81.45
81.50
80.91
81.03
80.75
81.65
81.34
80.65
80.89
80.55
80.81
80.21
80.83
80.64
80.79
81.60
81.98
82.25
82.40
82.99
83.76
83.72
83.41
83.75
84.99
84.68
84.27
83.72
83.26
83.39
83.55
83.70
83.60
83.59
83.78
84.45
84.32
83.80
82.74
82.06
81.37
82.60
82.92
83.53
84.00
82.85
82.50
82.41
82.90
83.48
84.40
83.62
83.31
82.74
83.29
83.09
83.34
83.22
83.29
83.33
83.09
83.69
83.15
83.25
82.21
81.35
81.00
80.34
81.30
80.04
80.18
80.86
80.96
80.83
80.87
80.56
80.04
79.90
80.74
79.58
78.10
78.09
77.93
77.85
78.78
78.53
78.30
78.30
78.56
78.37
77.84
77.52
77.60
76.60
77.80
77.93
78.27
78.39
78.53
78.09
76.83
76.65
76.30
75.28
74.30
73.94
74.42
77.06
75.88
75.50
76.15
76.41
76.30
77.29
77.30
77.50
77.38
76.93
76.73
76.77
76.20
76.26
76.28
76.08
75.78
77.49
77.14
79.28
79.56
79.97
79.88
79.55
79.47
79.50
80.00
80.47
81.48
81.68
81.50
81.57
81.54
80.69
80.38
80.86
81.20
82.50
82.70
83.00
83.59
83.21
82.09
83.79
83.25
82.12
82.28
82.66
82.67
82.35
82.79
82.47
82.26
83.25
83.21
83.78
84.08
84.63
84.69
84.90
86.21
87.60
87.94
92.04
90.98
90.70
92.00
91.95
91.99
91.93
91.89
92.00
92.68
92.68
91.95
92.34
92.74
93.40
92.92
93.19
92.35
92.43
93.29
93.28
93.60
94.05
93.80
93.43
93.74
93.75
93.24
91.57
91.66
92.48
91.91
93.95
94.64
94.87
94.43
94.39
94.35
94.85
95.33
95.72
95.80
96.16
96.39
96.50
96.50
95.98
95.81
97.23
97.40
97.88
98.40
98.79
97.95
99.50
100.33
99.05
99.90
99.69
100.84
100.90
99.95
96.85
97.23
97.38
97.58
97.92
97.83
98.66
99.45
99.48
99.18
99.73
100.44
100.40
100.36
99.74
99.70
99.20
98.74
99.43
99.52
99.25
99.46
99.37
99.50
98.44
97.86
96.01
94.09
93.05
92.37
92.15
93.89
94.85
94.82
94.00
94.17
94.47
94.03
93.97
94.45
94.32
94.53
95.81
95.44
95.22
95.25
95.03
95.02
95.11
94.75
95.50
96.23
96.45
96.75
96.94
96.80
96.70
95.82
95.75
96.30
97.66
95.91
94.87
95.15
95.73
99.90
101.70
101.50
101.17
103.00
103.17
103.14
103.00
103.03
103.17
103.39
104.75
105.11
105.99
106.25
105.80
105.89
106.23
108.05
108.00
107.25
107.00
105.98
105.43
106.63
107.10
107.67
107.24
106.59
106.55
105.51
103.17
103.21
104.00
103.18
103.26
104.24
105.19
105.65
106.66
107.02
107.00
106.44
105.77
106.06
105.47
106.92
106.58
105.80
107.08
108.39
109.66
109.35
109.15
109.60
109.65
109.20
110.04
111.47
111.88
116.48
115.86
116.43
117.00
118.38
118.82
117.95
115.75
114.72
112.73
114.05
114.18
113.89
114.17
114.60
114.49
113.50
113.95
113.15
112.85
111.42
112.67
111.10
110.11
110.50
111.68
113.25
113.85
113.59
114.98
116.00
117.35
118.89
118.15
118.75
116.97
117.50
117.78
117.40
117.00
116.00
115.25
116.78
117.19
117.65
118.10
117.43
117.59
118.08
118.21
118.50
119.50
119.60
117.84
116.75
116.71
118.23
118.50
118.80
121.46
118.89
118.37
119.94
118.01
116.41
114.93
113.88
114.80
114.45
114.40
114.00
115.01
114.90
116.25
116.09
115.15
115.11
113.95
113.64
110.32
104.92
104.19
105.74
106.42
105.64
105.00
105.39
104.97
104.09
104.14
105.15
104.58
108.27
107.87
109.19
107.14
107.42
108.52
110.00
110.00
110.26
110.40
110.20
108.64
107.56
105.99
106.97
108.38
109.49
111.16
112.00
112.19
111.30
110.76
110.00
108.99
105.57
103.95
101.00
100.38
99.15
100.86
99.46
105.59
104.64
102.86
103.45
106.72
103.09
106.34
107.51
107.79
105.77
106.80
107.65
107.97
109.40
109.00
108.05
106.49
104.00
103.67
105.55
107.33
108.93
108.50
106.25
107.62
108.21
109.60
108.48
110.32
114.99
116.63
115.90
115.14
114.81
115.72
116.41
115.15
114.75
115.99
116.56
118.00
116.78
116.52
117.04
118.43
118.50
118.48
119.79
119.10
117.97
116.20
116.75
115.87
118.37
116.88
116.82
116.58
117.37
116.88
117.72
119.22
117.80
117.94
117.67
120.47
123.72
125.00
124.51
124.35
124.78
124.90
124.50
123.05
123.20
123.50
124.43
124.00
123.25
123.34
124.98
125.17
124.65
125.99
126.70
128.83
128.68
128.48
128.21
126.05
126.40
125.35
124.91
127.38
129.54
129.99
129.99
129.37
129.00
128.50
129.04
128.14
126.18
126.72
125.90
125.09
126.57
127.14
127.10
125.43
125.62
125.02
124.50
124.25
125.83
123.82
122.05
120.22
119.36
120.55
120.78
122.64
123.99
124.50
123.54
123.74
124.25
124.50
126.89
126.96
130.00
129.90
130.00
130.33
130.93
129.90
128.44
128.17
129.00
129.50
129.30
128.10
128.90
129.50
129.97
129.88
128.43
126.50
126.99
128.25
127.19
127.00
124.79
123.97
123.43
125.35
124.93
122.85
124.85
125.45
123.99
124.00
118.65
118.90
115.09
118.28
118.10
119.95
119.37
119.28
118.41
117.64
115.50
118.59
124.00
120.14
118.17
118.17
121.99
121.01
118.43
116.96
116.80
109.97
110.95
103.00
102.62
97.48
95.31
91.66
93.61
99.00
95.29
92.00
95.91
93.31
92.46
87.59
85.89
84.31
84.50
87.61
91.00
92.40
94.19
94.67
94.76
93.40
88.83
86.71
88.10
84.29
82.40
84.39
85.40
79.74
80.93
81.00
78.39
76.98
82.09
82.40
81.79
81.90
81.36
80.00
81.00
80.83
81.50
85.88
85.43
84.99
82.86
82.94
83.54
86.84
87.27
86.64
85.22
83.45
82.81
81.22
81.80
81.72
83.64
85.00
87.59
87.67
90.41
88.80
88.14
87.50
86.60
86.59
84.82
84.83
85.74
84.92
91.60
90.74
90.70
92.67
91.97
94.94
94.58
93.48
91.86
93.73
94.91
93.20
97.10
96.98
96.82
95.77
95.20
95.18
92.49
92.25
92.16
89.90
89.33
87.08
87.12
90.20
93.28
91.90
90.18
91.24
90.16
88.25
86.80
87.25
89.54
90.60
90.65
93.00
92.91
92.90
93.35
95.00
98.71
99.55
99.86
99.20
96.00
94.74
98.66
98.00
101.99
102.66
101.85
100.50
101.55
102.45
101.65
99.95
99.06
101.92
102.04
101.19
102.48
103.86
102.78
101.58
101.69
102.73
105.00
106.05
104.86
106.75
106.82
105.50
104.80
103.75
103.88
104.38
103.10
102.71
103.07
104.71
106.12
105.98
103.25
103.31
105.63
105.17
105.14
106.50
108.67
108.80
106.60
106.87
108.40
107.98
109.14
109.28
110.64
109.28
108.83
109.14
107.88
107.53
106.65
105.88
104.87
106.48
106.79
106.50
106.18
106.03
106.27
103.91
102.23
101.96
101.17
102.78
101.72
103.65
103.62
107.22
110.97
115.53
116.88
117.04
117.20
118.00
118.15
117.92
117.52
117.28
119.37
118.99
119.96
119.80
119.00
118.40
119.91
119.19
118.50
119.96
119.78
119.74
117.44
118.00
118.77
119.41
120.01
120.88
120.15
119.85
119.59
120.23
118.06
118.93
117.24
116.73
117.50
118.17
117.67
117.83
119.25
118.99
119.45
122.00
122.78
122.88
122.08
122.11
122.74
121.65
121.65
122.00
119.94
120.00
119.61
119.66
120.18
121.59
122.85
122.98
126.00
127.10
127.39
128.61
128.00
123.70
123.36
123.50
124.11
123.00
123.06
122.44
122.14
121.68
123.03
123.25
121.93
121.19
122.50
123.50
123.49
126.00
127.05
127.30
127.65
127.80
128.24
128.65
128.35
127.84
127.69
128.94
128.32
128.22
126.62
126.60
128.39
128.39
128.47
128.90
127.53
127.35
128.39
129.47
129.77
129.98
129.86
129.60
128.56
128.39
128.94
129.98
130.00
130.57
132.31
132.37
132.68
132.85
132.97
131.85
131.49
130.25
130.92
131.06
131.33
131.12
132.71
132.89
134.25
131.15
130.69
128.89
126.89
127.75
126.96
127.04
125.00
124.95
125.81
126.07
125.44
123.72
123.22
124.20
123.65
124.20
124.05
125.23
126.53
128.00
128.06
127.43
127.66
128.27
127.24
128.00
128.83
129.09
128.02
127.07
127.55
127.50
126.29
126.36
127.81
128.37
128.34
128.88
128.93
128.75
128.93
128.39
129.43
129.95
130.73
129.78
129.95
129.13
128.75
129.31
129.80
129.30
129.27
128.23
128.87
128.96
129.43
131.42
131.14
132.17
132.28
130.33
130.27
129.36
130.10
131.04
132.00
130.47
131.21
130.64
130.14
128.93
128.23
127.93
124.39
126.67
128.42
132.85
133.10
131.67
131.76
131.99
130.50
127.96
125.61
126.02
124.95
125.94
126.39
126.28
126.88
127.50
128.22
127.10
125.86
124.46
125.84
128.22
128.80
129.97
129.95
130.68
131.03
131.25
131.94
131.47
131.47
129.73
129.10
129.47
128.40
125.22
124.21
123.29
124.63
127.12
128.15
128.20
128.83
130.98
131.60
130.92
130.15
130.38
126.56
126.50
127.78
128.80
128.43
129.17
129.35
129.50
128.98
131.20
131.04
131.50
131.98
130.48
132.34
132.49
130.69
128.78
128.46
128.23
129.85
130.20
129.59
128.98
128.03
126.02
125.60
125.78
124.80
125.27
123.99
126.31
126.23
127.60
127.36
126.52
127.57
128.29
130.00
129.92
129.96
129.95
130.60
132.09
132.80
132.58
132.78
134.15
135.00
135.14
135.80
136.11
136.28
135.92
137.90
137.96
138.88
139.09
139.94
139.99
141.48
141.50
142.10
143.03
139.34
139.87
140.49
140.75
141.40
142.00
141.57
141.95
144.00
144.26
144.71
144.46
146.84
146.93
146.58
147.53
146.79
145.50
145.77
144.75
143.38
142.49
144.99
145.35
145.43
144.53
146.44
145.30
143.67
142.76
145.13
145.85
145.68
145.87
146.30
145.65
145.94
144.95
145.40
146.01
145.72
145.32
145.50
145.54
145.99
146.40
146.33
145.70
146.15
147.50
147.11
147.07
148.20
148.22
147.48
148.79
148.86
148.06
148.35
149.29
149.29
150.00
151.46
156.13
155.96
156.78
159.79
164.35
161.90
162.18
161.92
162.00
163.94
163.60
164.20
164.14
164.99
166.25
165.97
165.00
165.01
164.38
163.57
163.60
164.67
164.84
164.26
162.68
161.27
162.34
162.99
163.15
161.11
164.00
164.31
162.98
163.43
167.72
164.67
163.24
161.98
159.64
156.98
154.50
156.95
159.63
158.61
160.08
160.71
162.74
162.58
163.09
163.99
164.06
164.42
164.73
164.70
164.75
164.55
164.38
164.00
163.77
164.93
165.36
166.34
166.16
166.38
165.89
168.45
168.77
169.20
170.59
171.38
173.00
173.54
173.48
172.62
170.87
170.15
169.85
170.90
170.52
172.77
172.15
170.64
171.41
171.19
171.40
171.15
168.69
168.67
168.40
167.50
168.47
169.89
169.58
167.10
165.89
165.58
165.24
164.85
165.96
164.84
164.46
164.57
163.41
163.63
165.10
165.61
166.75
166.81
166.73
165.94
168.24
170.70
170.86
172.45
174.65
175.43
177.77
177.27
176.49
176.15
175.37
176.32
176.10
175.94
176.46
185.21
184.42
185.50
185.63
184.96
184.05
182.91
183.27
183.43
183.69
182.29
179.23
177.92
174.22
172.61
171.05
169.23
168.77
169.38
174.00
172.19
172.99
166.46
163.94
161.68
164.59
166.83
168.53
169.33
172.72
173.51
173.72
173.68
168.93
165.55
167.90
169.58
165.19
162.44
163.92
169.66
170.16
172.99
173.87
177.43
177.67
169.97
169.54
174.70
179.62
180.75
180.91
178.27
177.92
175.07
177.30
181.99
183.72
186.63
186.00
188.00
187.50
190.53
190.16
179.38
179.81
179.24
181.67
183.39
182.97
182.28
187.00
188.07
186.91
183.26
185.25
187.78
187.14
187.73
187.88
185.24
184.77
187.83
189.84
189.97
189.90
188.83
186.97
183.96
182.98
181.49
179.56
182.93
183.31
188.35
189.99
191.33
193.61
193.53
194.90
193.80
194.87
193.90
194.30
190.28
191.20
188.01
184.69
187.33
183.50
182.80
184.85
185.85
185.40
186.23
186.48
188.71
186.33
185.03
184.48
182.27
183.72
182.81
181.91
179.61
182.00
181.60
182.36
188.97
190.52
192.30
192.24
192.79
191.77
192.73
193.10
194.81
193.33
194.13
193.76
194.14
193.58
194.46
192.43
193.69
192.60
193.44
193.25
193.86
194.24
194.74
199.23
198.56
198.71
198.96
199.17
198.47
198.89
201.19
199.64
198.57
199.99
201.10
201.57
203.90
205.15
206.18
207.52
206.53
205.00
205.77
205.99
205.96
207.92
208.66
208.69
208.50
209.12
209.69
210.69
206.98
205.68
206.17
205.74
204.32
205.56
204.65
205.97
207.64
204.07
201.26
200.12
199.10
202.48
203.69
206.21
208.17
207.96
208.93
208.27
208.92
207.11
204.77
203.06
203.00
203.25
202.12
200.71
201.47
201.35
200.79
198.78
197.93
198.26
196.49
196.28
196.00
198.08
195.47
194.93
191.72
189.38
189.85
194.00
195.83
195.14
196.70
194.67
195.19
195.83
199.27
199.64
199.99
199.74
199.45
194.88
193.39
193.68
193.70
192.08
195.81
197.20
196.34
196.85
193.94
191.00
191.14
187.36
184.39
186.33
186.10
186.29
188.59
196.85
194.90
191.30
191.32
192.77
194.95
197.41
197.84
197.58
197.85
196.60
198.95
199.94
200.88
199.69
199.46
199.37
199.98
199.33
199.33
201.32
202.00
201.13
201.00
198.65
197.37
198.11
198.30
196.11
196.04
195.47
195.95
197.17
195.85
199.46
199.50
201.82
203.46
204.65
206.81
207.65
207.99
207.88
207.57
206.99
207.94
206.06
207.32
205.98
206.90
208.32
211.75
211.47
211.30
210.97
211.79
210.64
210.74
208.23
207.27
207.96
209.40
211.00
203.41
200.14
196.08
194.68
194.00
193.29
192.44
193.87
196.41
197.89
198.00
194.97
196.75
193.68
191.81
191.64
190.77
190.88
189.27
187.20
187.56
190.39
190.11
190.89
193.49
193.37
193.05
192.04
192.90
192.00
191.30
190.75
189.46
190.18
192.20
193.54
194.80
194.75
193.05
193.40
193.91
195.92
196.45
194.95
194.50
193.83
193.53
193.28
192.22
191.68
196.35
196.29
194.46
193.78
193.30
193.49
192.96
195.00
193.28
192.73
193.18
194.46
195.00
196.08
208.58
205.06
205.18
206.22
205.73
204.88
204.47
205.35
205.02
204.75
201.29
200.91
202.09
201.95
200.74
200.95
200.32
201.25
201.89
201.72
199.07
201.09
202.49
199.90
202.75
203.12
202.94
205.19
207.70
208.49
209.60
210.74
210.20
210.73
212.36
215.86
215.90
214.50
215.12
215.82
213.00
213.17
212.81
212.50
212.16
213.44
213.50
214.71
214.89
212.93
209.84
209.32
210.00
212.51
213.09
211.49
211.69
212.00
211.09
210.25
196.50
191.38
192.55
192.50
195.17
194.71
199.68
202.59
202.17
202.43
205.32
203.99
203.73
204.85
205.00
204.53
204.47
203.67
203.68
206.59
209.50
209.15
209.48
210.15
208.61
206.43
208.59
208.42
210.99
211.98
210.05
209.00
206.29
204.20
206.35
206.98
205.95
205.23
204.40
204.74
205.17
206.09
205.03
201.70
198.52
194.91
195.59
196.23
196.90
192.66
193.80
193.23
194.22
195.16
195.78
192.80
193.43
194.11
193.70
194.89
194.58
194.89
200.94
197.99
195.79
196.43
197.30
197.83
197.37
197.19
197.83
196.91
197.17
195.50
195.88
192.51
189.93
189.87
189.16
189.56
189.99
188.93
187.00
186.46
186.50
185.63
186.57
186.25
185.74
187.00
184.50
183.47
183.70
182.99
184.32
184.19
185.00
184.99
185.49
187.65
190.87
191.32
193.10
194.81
194.15
194.89
194.89
194.43
192.41
191.56
190.62
191.76
188.94
186.74
186.65
186.31
184.96
185.13
183.31
181.99
181.67
184.77
186.23
186.99
185.94
186.73
177.00
175.00
174.75
175.57
175.99
177.89
179.10
177.89
182.32
182.18
181.67
180.34
180.80
179.80
179.75
181.39
180.08
183.39
184.05
183.55
183.20
183.28
184.99
186.20
186.24
185.75
184.99
180.75
178.94
180.18
180.76
179.59
178.23
177.50
176.86
178.00
178.15
177.67
177.76
175.80
174.38
178.35
177.49
178.74
180.54
182.00
182.93
183.50
185.56
186.50
186.70
187.79
187.40
187.35
187.36
190.35
189.42
189.50
188.57
186.95
186.43
188.65
188.99
190.81
190.39
183.50
183.72
182.81
179.65
178.45
178.53
177.86
177.84
176.02
173.75
174.97
174.85
177.56
177.65
180.39
181.25
182.36
184.43
184.00
185.65
184.86
185.71
185.16
184.60
185.28
185.95
186.12
184.64
187.16
187.95
188.39
188.92
188.37
188.45
187.45
187.00
184.29
186.35
187.90
186.70
188.26
188.70
189.44
195.40
195.63
192.67
192.62
193.77
195.13
194.50
193.38
193.97
195.31
194.17
197.00
199.21
197.00
198.24
197.41
198.71
190.70
192.81
193.00
192.41
192.22
190.67
193.99
195.94
196.86
196.74
193.84
191.49
190.95
190.30
190.57
190.59
193.02
193.03
191.99
189.08
187.41
187.13
186.70
187.16
186.45
186.14
185.65
184.88
183.78
184.57
186.28
185.76
185.45
186.09
187.65
187.64
186.22
184.20
182.55
183.00
182.71
182.81
183.61
184.47
182.67
182.25
183.00
180.97
181.37
182.46
181.93
187.27
188.99
188.81
188.27
188.08
188.90
188.05
188.35
190.44
190.08
193.36
195.95
193.44
191.70
194.72
194.90
195.62
195.90
196.40
195.89
195.99
194.29
191.50
189.95
189.20
186.88
186.68
186.67
188.36
188.69
188.48
188.17
188.88
189.81
190.25
190.39
192.07
191.88
191.81
193.53
194.13
192.30
192.75
192.97
192.95
192.69
191.75
191.20
190.74
192.15
192.78
191.60
192.49
193.57
193.64
194.13
195.00
194.14
193.07
192.45
192.50
190.33
189.96
190.85
190.40
187.78
189.37
190.89
188.12
189.60
189.50
187.74
186.65
185.72
183.79
181.48
182.84
170.33
166.68
165.41
162.83
162.44
162.91
163.60
164.62
164.62
165.59
164.54
164.36
163.54
161.53
162.21
164.47
163.90
163.00
162.80
164.49
164.97
164.75
162.10
161.50
