-1.69491525424
-5.83193277311
-2.92887029289
-3.59408033827
-5.11620130413
1.94384449244
-0.418410041841
0.420168067227
-2.67489711934
-1.54732510288
-2.82907991941
2.35546038544
4.84581497797
8.91000358551
8.24053452116
8.29090909091
2.86343612335
-3.09084699454
-3.51150320014
-1.63862600771
-7.41520074068
-3.30550349293
-1.67897918066
0.208008320333
-1.67154919869
1.44296448087
1.40820734341
2.02997858672
2.56
4.55855855856
7.69655172414
4.75113122172
8.10185185185
7.65550239234
8.02919708029
8.47880299252
7.15671062839
0.0
1.39724432369
-0.242718446602
-5.64705882353
-4.51851851852
2.61282660333
-4.29937784381
-5.17400110477
-0.700934579439
-0.917431192661
-4.31818181818
-4.48780487805
-4.29955947137
-6.34573304158
-5.42299349241
-8.8045100315
-11.1365069357
-7.34693877551
-3.99159663866
-6.1099796334
1.89221152222
4.0
1.08094727288
-4.8
0.0
-3.84990253411
-0.0982640026204
1.51616686212
9.89010989011
10.9654673658
17.2571428571
9.15266356811
7.06726457399
8.33333333333
6.36538461538
-1.40845070423
-0.551111111111
0.904977375566
-5.08045561381
-6.7264573991
-4.91071428571
1.005566529
2.20125786164
2.78758595057
3.35558027438
2.05011389522
2.18348623853
4.97087378641
3.04481041746
3.29375718116
5.33640464536
0.0
-4.52354467927
-1.52743729964
-1.87899285983
-4.63157894737
1.50866083069
-1.5873015873
-0.413145539906
-0.467551898261
-1.52334595277
0.0652315720809
3.41509433962
-2.1229666391
-5.2034394114
-1.28136679124
-11.3140495868
-11.4822546973
-9.09014955301
-5.0740491417
-5.80839829017
4.31034482759
2.51690779899
5.68653421634
-1.2792822728
2.51761471043
1.31004366812
4.47187192559
1.22452627816
5.21807534306
6.0410022779
0.632800140622
-1.92105263158
2.11756115371
4.48401826484
4.52380952381
12.375308642
8.50942318675
6.04975317007
7.35294117647
0.363219269738
-2.64423076923
1.07754473735
-2.07582938389
-1.26802826445
-3.79770114943
-11.3006396588
-9.42047930283
-6.22222222222
-7.75892857143
-1.0283946123
6.29136071072
2.62946069225
0.22271714922
1.35746606335
-3.8249452954
-4.90517241379
-3.51225405592
-3.49067148139
-7.04912516824
-3.78947368421
-3.13152400835
-3.92969656773
-5.630831643
-2.55737704918
-2.96617094296
-2.24489795918
0.149452009299
1.49044795784
0.510792552315
-0.705882352941
-1.85081323612
-6.63565891473
-7.65019011407
-8.65442504515
-5.41784974292
-5.46129374337
-3.4575662326
0.236298498361
1.09555690809
-2.30169440696
1.94594594595
7.32530120482
4.952
2.93680006265
5.12295081967
3.6
1.01419878296
0.0480230510645
2.35671342685
4.42798353909
0.904100742654
0.20325203252
4.88582941572
5.72033898305
5.42299349241
9.9982241165
4.40539852305
7.74240231548
3.1648889666
1.81994875872
-2.91379310345
-0.110225538409
-3.76044568245
2.125
9.765321955
6.36346964973
6.13750899928
1.66371681416
17.3512154233
6.92658647864
15.1029023747
19.6382428941
23.5783027122
8.9995431704
3.97843665768
1.13139075675
-0.460829493088
-7.16751269036
-11.1607142857
-9.01510692564
-6.4222932481
-6.97836706211
-3.72397615091
-1.44
2.51407884151
7.65591397849
2.94540229885
2.82412060302
0.623867981485
1.21119592875
-8.76986462625
-5.62711864407
1.0152284264
0.893401015228
-1.69101460877
3.55546525803
5.48630976706
-1.3124937381
5.34759358289
4.51788328802
0.0609880056922
-5.32017798414
3.16279069767
0.408075601375
-1.42268041237
3.55789473684
10.1193012356
6.02739726027
0.735612289052
10.4657783851
4.97237569061
4.17221482468
6.10465116279
13.3398724865
-1.33707865169
6.70911449122
6.4116188452
0.879765395894
-4.04705882353
4.94045513501
-10.3677869372
-9.12115033802
-9.3085106383
-9.1492090637
-8.37294727744
1.26284246575
-0.53367488526
0.202537042959
0.873315363881
-4.27138276968
-13.7291108854
-15.7842696629
-13.5869565217
-14.9550706033
-12.4501992032
-2.20316027088
-2.57465627463
-5.583579753
-6.47457336421
-1.39285714286
-2.89346777729
3.5549106738
2.45945464267
2.11927489272
-4.19981182106
-0.0438212094654
-1.54464285714
-2.33246301131
0.386813186813
1.57254561251
-2.29491351259
-2.60869565217
3.04932735426
5.80411124547
5.69329660239
12.2884615385
9.21177587844
8.6850570231
7.61761761762
2.6874115983
1.66177908113
0.371747211896
-3.21698113208
-7.1129707113
-0.394477317554
3.03152381912
9.86490732014
7.73452586645
13.2582139848
11.4169108414
10.1997780244
3.12095032397
11.4269535674
6.60080826224
7.25028058361
-3.64666880548
-2.93501048218
-11.256281407
-5.64558839106
-6.25
-2.77604491578
0.781745193323
10.078548512
2.61956521739
-3.2277772121
-1.80704441041
-1.39583333333
-8.74305906108
-5.57323206405
2.0893970894
1.24031007752
-3.7111334002
-6.99530516432
-14.8859963309
-16.2239832796
-13.6160714286
-11.5114937428
-7.27035263387
0.641814665026
-1.17900172117
-2.72711481674
-4.92785418952
-0.476603119584
0.0351802990325
0.293457621267
-0.655737704918
0.688190314359
-1.35065823218
-1.30208333333
3.62221625973
2.96730632552
3.62739919
1.01899827288
0.112974711045
-4.7939373297
-5.4435483871
-3.75391915939
-1.36286201022
-3.78762541806
-0.305602716469
3.27058211156
4.7581003107
5.00894454383
5.94383913544
3.66068285815
-1.45336411046
-4.12765957447
-4.64818763326
-2.76485788114
-3.16973415133
-0.238805970149
0.82375150163
1.29589632829
2.20070422535
2.70412181675
2.09857192616
3.05066760987
2.79751332149
0.646761761318
1.43808255659
1.5923566879
-0.378787878788
-2.17202432667
-0.555066079295
-1.48666375164
0.0531067445566
1.26672613738
8.07511737089
8.38426279603
12.1518242448
8.79152623977
4.52214452214
-1.87045056666
-2.87516230755
-6.05362572561
-0.412351361718
3.125
2.67738883633
1.8611242324
3.84652186394
-0.581561636
-1.88679245283
0.955109837631
0.0
-0.665335994677
-2.02690080329
-2.57352941176
-3.21686078758
-0.61966012581
-0.978823529412
2.75458297341
4.53497309762
3.07765602668
0.61401851502
0.0470809792844
-0.780878011618
-1.57919621749
0.34420116646
1.6906820365
4.23005201688
1.01000384763
2.66990291262
-2.24320029909
-2.58281864121
-2.91567413054
-0.163257466628
2.63053009167
7.04352176088
5.29116169081
4.58395615346
6.25510204082
3.90309555855
3.60733906914
8.7315191772
4.09751037344
2.08333333333
3.41541755889
6.59668508287
-1.54008438819
2.06458443621
5.14786418401
3.77777777778
-1.33013519407
2.25434149498
0.725178628559
-5.82774626096
-7.51207481246
-6.42725974291
-5.87817258883
-3.46921968293
-0.308483290488
-2.10261569416
-2.7965093217
-3.43137254902
-4.62444771723
-5.49076773567
-1.8368556192
-1.76327325865
-3.08788598575
-3.74255741423
-5.22243713733
-8.49448761974
-7.65563152213
-3.10255938133
-2.61389783709
0.462663088739
0.700700700701
1.51598173516
-1.22760752933
-4.36581286859
-5.07685551164
-3.44433705298
-4.01472650771
-4.25735678217
-2.64781491003
-0.4372540446
-0.81917211329
-0.366812227074
-0.121739130435
1.09147609148
0.00874584572327
-0.520156046814
-1.57311097739
0.700525394046
2.93357111012
-0.0786507034869
-0.207630417856
1.92762639096
-2.09190672154
-7.6194398682
-4.75278841352
-3.9950166113
-4.62142737757
-4.0
-1.46103896104
-0.0914760914761
-0.578034682081
-1.38453931103
-0.572831423895
-0.556945677617
-1.9967400163
-0.737704918033
-0.0905722519555
-0.16339869281
0.315789473684
-0.162733930024
0.859788359788
-0.0411522633745
-1.01892285298
-1.67197452229
-0.927045546151
-2.99919807538
-2.40179934131
1.24447355494
4.39697448259
5.08259212198
4.92217080353
6.03918228279
1.8682235196
5.30415754923
6.83257918552
10.1482854495
7.9838116262
9.71815519766
5.64031437818
7.28155339806
2.22643297016
0.76930206692
1.18518518519
1.26404494382
-3.10442144873
-1.01284816656
3.83023770571
2.86693970854
-0.540137828273
-0.253354602609
-1.33246969557
-3.68894244138
2.04101467587
6.00197433366
7.31044205015
12.1290724217
9.58862366684
4.66937945066
4.27174472465
1.51282837575
-1.77333876885
-4.43603183848
-7.17658168083
-8.06283713448
-7.96801505174
-5.39002989104
-1.96974022267
0.627137970353
-2.60829493088
-0.821048703116
-2.71106941839
-1.59190935481
-1.0437235543
0.939622290446
1.59241706161
-0.168570893426
1.12689393939
2.69409038239
4.46064139942
2.04081632653
2.67307692308
2.66381489403
2.58543833581
2.94117647059
2.52875842919
6.94087403599
17.6753231896
15.0558468202
12.3019885406
19.7766955695
13.6098130841
2.41359109549
1.78654292343
4.95224619738
-5.35132096684
-3.8202247191
-2.9341521665
-1.29394251689
-1.95375722543
2.58332372275
5.06433715028
4.8158302539
4.26217765043
2.60972716489
3.3985213451
3.58278307655
10.3815789474
9.49019607843
2.24378411158
4.91680220193
2.63554216867
-7.53132984548
-10.5053813758
-2.42603550296
-6.45991808075
-7.0136538686
-2.67613972765
2.43259436788
0.595238095238
1.30409010077
3.11672683514
2.88742690058
2.26715686275
2.12765957447
4.84773151025
6.3884265779
3.49262388097
1.30353817505
3.25131810193
2.74584929757
1.70572916667
5.06027288383
7.90354989953
5.37037037037
2.79637652619
-0.440757065076
-0.592573084014
1.77232447171
5.61609388097
10.7927272727
10.6743185079
10.6997084548
4.71092077088
-0.445062586926
-4.51388888889
3.10650887574
0.029163021289
-0.652389731953
-2.1768707483
0.981767180926
-2.97114970576
-0.261780104712
1.58478605388
6.19852622453
0.422535211268
0.956383132879
-2.73023058424
-3.6641221374
-3.875
3.6496350365
2.92319164802
1.65372447512
3.89329488104
8.43373493976
-3.7651025569
-6.6025908901
-1.22159090909
1.61172161172
-2.1803182086
7.86482800424
5.72901325479
1.7782275553
-4.69208211144
-5.49909508562
-8.05350424969
-5.56328233658
-7.67485317672
-6.39215686275
-9.47700063012
-12.9955146078
-11.529469669
-7.50617283951
-6.69593852909
-1.30597014925
3.86552505666
4.24576706003
6.4948724691
7.00861393892
6.65959140356
9.77194194886
5.73714905737
5.37545026323
4.67213114754
1.18120805369
-4.29894179894
-0.633423180593
0.431334353694
0.965517241379
3.01438053097
5.36585365854
6.68583752696
10.9104938272
13.423028786
14.1234022408
20.0836820084
10.3793048722
4.48242502419
5.89794565938
8.67775681701
-2.32139937878
5.66828777461
3.36666666667
6.64310954064
2.55012310939
7.22173531989
8.28037043762
4.20284821118
-11.4518147685
-10.3437401451
-16.6910046729
-15.1463790447
-20.2493074792
-13.9124579125
-16.055592323
-8.06819707343
-13.0026809651
0.138696255201
-0.415772532189
-1.31922675026
-2.9319781079
-5.17350959705
-8.66480871548
-7.26368159204
-7.2
-6.04799216454
-3.51974491047
-0.0126662444585
3.62160072174
6.7408461638
3.19646241314
2.75992438563
-2.19276511397
-3.02462192226
-2.38696640566
0.995278805665
-2.769268472
-4.9234393404
-5.23510600497
-8.14385150812
-7.86503644486
-6.9441277081
-2.32397606995
-3.28751431844
1.16183546532
1.6369936671
5.5863231399
5.5879494655
9.68714662646
5.45792079208
2.76277013752
3.6048397156
2.9
-2.487135506
0.610135724069
2.91924680905
1.91965420798
0.26319087605
1.69449289808
0.689568706118
0.802547770701
1.68045501551
4.64262295082
3.56129032258
-1.00533697406
-3.85793018983
-7.45304462256
-11.3372093023
-7.94631191353
-7.3908045977
-6.8772810219
-4.47948805851
-2.91262135922
-3.88172165772
1.10400929692
7.84747847478
8.65408492674
11.1417816813
8.06909315238
8.93784023294
3.67253251721
0.536761952316
-0.771912350598
3.51213282248
1.01023017903
0.306983883346
3.91749902711
3.96065234274
1.01922332602
1.42671854734
0.346553715826
-0.387646982814
0.993464052288
2.1750593198
-0.451904454487
-1.7899911761
-2.66633127908
-3.34807327858
-5.11569731082
-1.41293279022
0.328822562287
2.72609819121
2.41977225673
2.56574727389
1.59058580111
3.08996088657
-0.42454650714
0.272479564033
0.0641848523748
2.15323645971
1.79163901792
3.39185953711
-1.75908221797
-1.39240506329
-8.19791414019
-8.63344246393
-8.31707317073
-4.56204379562
-6.94935217903
0.255319148936
-1.17435590174
0.551808706315
0.920810313076
5.00927643785
4.87058523524
5.99517337737
0.110483672968
-0.56159199121
0.0742666171556
-2.53510625078
-1.6735356563
3.49383814001
3.67042146564
2.59047619048
0.499562882478
-3.28542094456
-5.03137065637
-6.23071445526
-5.5302303263
-6.49305150064
-3.45189504373
-2.72300469484
0.453028135432
-2.06766917293
-0.0350221807145
1.0011778563
-0.803353126092
-4.21377183967
-1.61812297735
-2.11404410924
-2.05353022612
-0.185938407902
0.0228440890919
-2.78651685393
-2.74505445655
-2.27733934611
-4.28253615128
-1.61815934375
2.94968189705
4.90847615716
2.92411232304
4.43773234201
4.37485338963
-1.41407230015
-2.05549845838
-1.35073260073
-2.22626079055
-2.37031947784
4.6170365068
3.94065281899
6.66666666667
9.98126171143
6.5
2.58230326765
0.333452423485
-2.44192972007
-3.26283987915
-2.95857988166
-3.07236061684
-0.86186540732
-0.709639266706
-2.5553462082
1.58691993268
0.801147913428
2.67911261971
0.237107291049
1.79812994486
0.824242424242
0.047852613949
-2.65518055228
0.476474091721
-3.10140550587
-4.34782608696
-2.1996021996
0.844936332262
-1.10731534928
0.784359634746
-0.219805645534
-1.46414572285
0.840033601344
1.39751552795
3.53939393939
5.60781918143
5.39489671932
2.23285486443
0.203470975464
-0.0484613520717
0.0611246943765
1.65513833992
0.32
2.80546327058
1.73795143597
2.44207889793
1.51724137931
0.694014128145
0.482195845697
0.135768945939
-2.0365599313
-1.78571428571
-1.06669936243
-1.11260545299
-2.99329501916
-1.61738080869
-2.22757375075
-1.55703077852
-1.42220079547
1.90336749634
0.424242424242
1.28048780488
1.15995115995
1.17058895257
-4.43097014925
-4.43646472837
-6.72278466614
-5.80793559517
-7.95735129068
-4.09304406173
-1.71903460838
-0.0113739763421
-1.97294250282
0.689343428636
-0.963561856241
-3.07845084409
-4.4347826087
-4.90994854202
-3.17321369953
-1.14955112765
1.37583892617
2.89676769936
4.75014037058
2.16880939072
3.40767576135
-1.05146651909
-0.74378330373
-1.75419240953
-1.89734590919
-3.67502726281
-2.49298510684
-2.56354786371
-2.19056868458
-2.16738197425
-1.10008628128
-0.0862626698296
3.55062724014
3.85520564832
4.7191011236
4.26177892725
4.8383450147
1.28190584231
0.916082334314
0.542250338906
-1.07897664071
-0.985001119319
-1.08842010772
-1.18462226196
-1.29348795718
0.852591429212
0.960560515312
-0.24625027983
1.38227962837
-0.300166759311
-0.246195165622
-2.42584628956
-1.92117685805
-2.20498614958
0.167037861915
0.460933108488
1.44295302013
3.05464419052
1.82782353605
0.156145438323
-0.536732640054
-0.567233900567
-2.37464104263
-2.61509724206
-1.20110192837
-0.963455149502
-1.6517173485
-0.110326566637
-0.208333333333
0.132406487918
-1.55892292598
-1.06060606061
-2.2327688491
-0.987949191184
-3.56458821026
-1.78800856531
-0.355871886121
-0.461670603393
-1.3705964236
1.28246578295
1.22466673892
-0.182992465016
-0.406330196749
0.820468530714
0.118687958567
0.786455488804
-0.161203653949
0.494304749624
-0.161672774305
-0.386930352537
0.372766144063
1.63844893501
3.74581939799
2.73502380689
-1.04233141885
-4.311791859
-5.7157569516
-8.18833162743
-7.38385806584
-3.96322778345
-4.53680520781
-1.72064777328
0.328609570754
-0.510152025304
-1.3403204676
0.462823221652
-1.2
-2.80467112486
-0.859801739834
0.293106933495
0.44466902476
0.391526955125
0.230092036815
-0.443101711984
-0.772239494534
-0.422662775486
1.20910384068
2.20858895706
2.04501079026
3.90787828262
2.66556462444
1.94737932463
1.04349622895
0.839378238342
-1.11294311624
-0.0309853336087
-0.309789343247
0.414980807138
0.0518403317781
2.59012580611
2.42251137205
4.06189555126
5.6792018419
3.37620578778
3.01677194511
2.24986479178
-0.353356890459
-1.76628971459
1.83366077276
0.878927708196
1.23740692072
1.76528277215
0.497889381968
-1.23962487873
-1.79110919292
-1.08318890815
-0.0762195121951
0.0216520515319
-1.51804670913
-1.59269483967
-1.47278548559
-1.33218736571
-0.805412371134
0.490719010028
1.2252794497
0.0
-0.395933654361
0.910273081925
1.95779856428
2.63651406509
2.67367959676
2.98655499229
1.09553023663
1.66979984518
-0.504884205905
0.940161486561
1.863493489
3.52727685154
2.73801408771
2.37078651685
1.62994604317
0.814848347669
-0.0226783081982
1.31215469613
2.1462182945
2.47667319433
1.34189700654
2.05994676542
1.57839354612
1.24331861492
-0.27570361861
-0.263097689316
-0.826351428899
-1.80252583238
-2.97632468997
-1.4714204867
-1.32069082289
-1.64804153968
-1.15751248298
0.818367810866
1.1448196909
1.17633622659
-0.0564079422383
-2.1323856064
-2.3421023421
-3.43798363918
-2.78672143888
-2.09851999116
-0.376189422439
-0.386996904025
0.444148345547
0.648117108057
0.577649411242
-0.451591584976
0.500055561729
0.569514237856
0.879269529929
1.95945180655
2.99489506523
2.84571428571
2.88373161765
3.51225204201
3.4446397188
5.37955768081
4.30325426153
3.49583828775
0.527859237537
1.45013669321
-0.440371340157
-0.46274323683
-1.40679953107
-1.28531727652
-1.37162954279
-2.37043922845
-0.671773718326
0.24679750852
0.55891942245
-0.640652300524
-0.818255157312
-2.54967267716
-1.84565693852
0.198343250496
-0.139583575666
1.85467777908
4.30043124102
3.75822860563
0.847158489234
2.72433982555
3.62486315533
-0.512453819569
-0.559390621281
1.13041408853
-1.69153060026
-3.15702674049
-1.57184750733
-0.744240992321
-0.790933774053
0.0705301516398
0.236155390247
0.36496350365
0.296208530806
0.0236155390247
1.00926145809
0.141894288755
0.651735987676
-0.670824997058
-1.36268343816
-2.5682554373
-2.52420470263
-2.42802636143
-2.01798892989
-0.59048280653
0.371574547144
1.18964310707
0.921820303384
1.16658889407
2.44336377654
2.67048164044
1.55158119152
1.82984790875
1.4678030303
-0.788420804895
-2.16934919524
-2.64068265683
-3.44194584672
-3.25240494732
-3.47569286688
-1.921757035
0.0115326951909
0.611797298857
1.53488372093
3.60084725818
3.11394196745
2.19210371243
0.82635009311
-3.77084032673
-4.32335059671
-3.76844494892
-2.90651104245
-2.83840325681
0.415730337079
-1.31111111111
-1.56424581006
-2.6295264624
-1.86438797026
-1.62484801592
-1.31578947368
-3.11755791297
-3.78430531732
-3.49148548784
-3.10592267324
-2.57451127016
-2.54246228505
-2.14015946286
-2.65846538782
-1.60185477922
-1.93798449612
-0.325972660358
0.921122286924
0.851645463148
-0.409319899244
0.0
0.401182432432
-1.09947643979
0.923174872666
-0.625782227785
-0.31328320802
-2.43098475484
-2.22176717518
-1.93548387097
-0.796689084325
-1.79468772434
0.424123306093
1.26490409539
-1.24344877197
-0.698654063495
0.0615700359159
0.488565488565
-0.103573278094
0.298907441765
-0.286855854933
-0.2762996316
-1.33333333333
-1.78026449644
-1.18150336117
-0.701932858596
-0.872387908298
-0.255754475703
1.65460186143
1.74093264249
2.18295218295
2.92336604719
2.16346153846
1.78947368421
1.35489969541
1.85283218634
1.78533475027
0.821917808219
2.04081632653
2.37634408602
2.24074474995
2.51661401024
2.93958129949
1.25067971724
1.10893672538
-0.549036494779
-1.74480839221
-1.77924568506
-2.4920466596
-1.66773572803
-1.71410432758
-1.17423040305
-0.286837352597
1.7259978425
0.840879689521
1.29689174705
1.02596986214
-0.212021626206
-2.02916930881
-1.056
0.0321646831779
1.35398613518
2.42128121607
2.13730569948
1.02370689655
0.745301360985
-1.05037513398
-0.882479552303
0.248890812683
0.465519107935
1.06986899563
1.26994464344
0.617217108825
0.0
0.939788001311
-0.326441784548
0.820748522653
1.87534473249
2.83774760739
2.49775985663
2.67009272707
2.10055865922
0.143614670791
-0.926130099228
-1.93321616872
-1.20309050773
-1.30127922364
-0.941124972642
0.287483414418
0.797165633304
1.14993859551
1.88764044944
3.32428765265
3.24200913242
4.77958236659
4.45481049563
5.23826415987
5.73888091822
14.2112125163
12.4592302674
13.6062533121
17.4420219414
12.9812238282
3.35534294569
2.73421793325
0.0662866233594
-6.54120700844
-2.4766170465
-2.84105786855
-2.4833355117
-1.36001046162
-0.038920601972
0.543046357616
1.48817432899
2.04054414511
4.32469304229
5.18558951965
3.9658496282
2.87042099508
0.860909335486
-1.33261542603
-4.03352540597
-5.88387765682
-4.25336997775
-2.8362305581
-2.00501253133
0.473684210526
0.025926886181
-0.894941634241
1.27068166777
-1.3404476835
-1.74531351002
1.78123763029
2.8
0.679637526652
2.72727272727
3.22968103563
1.36418349605
-0.0666222518321
0.200293764187
-1.96592398427
-2.75146009085
-2.12069642623
-1.95950359242
-1.98926842036
-1.20419526091
2.17477788092
3.21578165113
3.61396859773
1.47410358566
3.34537668942
1.6307277628
-0.883889112093
-1.21674020591
-0.672734467748
-3.42465753425
-6.43127364439
-5.43313069909
-6.55922038981
-6.92449355433
-6.11502062606
-3.73877154649
-3.4836817015
-4.37275985663
-3.72340425532
-2.34597156398
-2.43960208432
-2.83847980998
-0.499286733238
0.8703946584
0.715990453461
1.17421519291
0.922929401894
0.972272236226
-0.226029026886
0.818094321463
0.119961612284
0.0839731285989
-0.22754491018
2.48719824433
0.556496491653
1.42353084317
1.04242424242
2.70602706027
0.885608856089
1.86075169439
-0.688738521025
-0.121065375303
-0.889918322565
-0.0245941957698
0.0616522811344
2.96093555611
1.54905335628
1.85001241619
0.868270900521
1.96127734473
1.15781525296
0.394964206369
-0.543344035564
-0.222772277228
-2.33300589391
-2.47913598429
0.334365325077
0.621272365805
0.987376577928
1.38180007469
2.58088883293
2.60482846252
3.76482723053
2.30149597238
2.98717948718
2.60948197907
0.91037312476
-2.44025157233
-2.67546042807
-2.76738967838
-3.77874456184
-2.64636125328
-0.400902029567
0.828105395232
-0.347826086957
-0.984615384615
-3.70236807309
-2.88356247719
-3.04136253041
-2.24650880389
-1.62247245429
-0.347388596071
-2.35238208388
-1.1662859204
-1.17604704188
-1.05427099557
0.143953934741
1.544215225
1.04483051877
2.34586096782
1.94186614558
2.16938350288
2.25758697261
-0.675757210088
-1.90361445783
-2.06913048678
-1.87612748046
-2.14872042492
-1.33349208239
-1.83323477232
-0.889046941679
-2.7826493628
-4.27547954703
-3.33755322822
-3.66867950325
-3.35662733417
-2.79577224685
-2.54504504505
-2.1509009009
-1.5037593985
-2.03142536476
-1.02362204724
-0.459589732093
0.169204737733
0.768969806627
-0.0448732331165
0.202885482417
1.95428571429
1.93170058641
2.87342950209
6.48668020547
6.72440755443
4.7527834311
4.31810003598
3.8666022233
1.49127061106
0.012030798845
0.372506608988
-0.131768088165
-0.277141824316
-0.674373795761
0.873786407767
1.24087591241
1.73044114063
1.26906650397
0.654545454545
-3.00176574456
-1.82730204228
-2.39086475556
-2.63751930617
-1.2803637669
2.14019478177
0.879518072289
0.322195704057
1.29979540258
2.71632251721
2.1618965729
2.65924551639
3.57186997899
2.9360753221
0.419649469267
-0.269508759035
-0.553505535055
-1.25701732975
-0.62784685461
1.31299237214
2.66633127908
1.81590482154
1.41089108911
1.03233830846
-1.67219968031
-1.15614122327
-1.52916512517
-0.0618429189858
-0.630329996292
0.768182381365
-0.0745341614907
-0.319606637984
0.810473815461
1.01123595506
0.0992186531068
0.324027916251
1.81476846058
0.32524393295
0.175087543772
0.7875
-0.0622742558227
-1.52822282475
-1.33300419649
-1.97376486453
-2.35566947394
-3.125
-2.68649556249
-2.2324122119
-2.07683073229
-1.97415649677
-1.10965278606
-1.26702190645
-0.396634615385
-0.0719769673704
0.601829561868
1.67414776174
1.58787441357
0.0
1.07918030799
0.0240789790513
-1.22228879569
-1.23559462992
-0.727836773655
-0.0121241513094
1.16930572473
2.82158698866
4.23529411765
2.23225176872
1.02890739833
-1.45240667387
-0.855118494991
-1.54840282858
0.391868723977
-0.572402874193
0.774162332164
-1.78764247151
-2.21745350501
-0.82584406121
-0.145932141554
0.303324435817
0.785973397823
1.75906830038
-1.12872238232
-0.796235975389
-0.973206776403
-0.241254523522
-0.0363812757701
1.08022818303
0.0
1.3023369036
2.0056601452
2.23158938755
2.62830094669
3.58660334916
2.91870224226
1.867635999
0.648864487147
-0.582043343653
-0.174650698603
-0.0876095118899
-1.12777295824
0.77967806841
2.13761699975
0.501504513541
0.947567909033
4.75139556017
2.434625789
2.64866268502
3.6786689198
1.85304336636
-1.94755600815
-0.410519563823
-0.836873953908
-1.3591486088
-0.753512132822
1.77484130069
1.10246433204
0.674011665587
1.77476184262
2.27272727273
-0.515530351849
0.364488414475
-1.11509869264
-1.4658608718
-1.95927775643
1.53101282387
0.195643667667
2.02693866876
3.03391626921
5.18588362069
3.87386162838
4.02985074627
2.97603016429
-0.775601419745
-1.64281928988
-1.72321667112
-3.01355441505
-2.14784556595
0.316497428458
-0.879842416284
-2.72869022869
-1.83438832192
-0.328342526924
-0.642033542977
-0.235818157998
1.38321696746
2.50264830508
1.0752688172
1.23358535615
0.778980723528
0.569687334393
-1.51278038602
-2.27036844837
-4.67821469212
-4.57351644198
-5.53191489362
-3.27951564077
-2.36858771374
0.533875683234
-0.0125976316452
0.0250375563345
-1.29482071713
-3.00982800983
-3.13962078306
-1.96369025565
-1.87937599803
-0.655534941249
1.39511709018
2.29219143577
0.384329283412
0.593105152601
-1.73796791444
-2.34764627174
-3.7225657815
-2.74897516277
-1.59289883268
0.500793941615
-1.45049148885
1.0537924274
2.13027952223
0.292682926829
-0.763636363636
1.62017298087
-0.463471155019
-0.890895777398
0.158788322951
1.04102878138
-1.21540312876
-1.12156295224
-1.44334856868
-2.53571428571
-3.01698539019
-1.29469058083
-2.10153482881
-3.41542750929
-3.12536039672
-3.17423806786
-6.26809173903
-5.74226574672
-4.86295313882
-5.29707295762
-4.96229096076
-2.18882718066
-1.83526327289
-0.308505949758
0.0655737704918
-0.909780136467
0.0326797385621
-0.152705061082
-0.711081938519
-1.1879049676
-0.452830188679
-0.853223890269
-0.800692490803
-0.381429816914
0.575648962746
-0.578840175796
-0.558479218129
-1.12335508719
-2.18526809509
-1.2654155496
0.22561237645
-0.438408896493
0.128548473487
2.58064516129
2.07991242474
1.70454545455
1.74064403829
2.30136986301
-2.20297294407
-3.31287044877
-2.76243093923
-2.45144858325
-2.78073726827
-0.138829560017
0.382490437739
-0.685871056241
-1.18498322148
-1.51101783841
-1.88600167645
-1.95833333333
-1.28125
-0.573454280054
0.0524934383202
-0.229981183358
-1.23456790123
-1.00030937403
-1.276376737
-2.07669373908
-2.69555487743
-0.225826319031
-1.9514661274
-2.9179574298
-1.63818384063
-0.344652812975
-1.93275619086
-1.90438405078
0.0499900019996
-0.563097033685
2.57876676718
2.29636494697
3.85249278945
2.68993839836
1.98953953441
-1.31349409954
-1.45118733509
-2.30451846634
-1.76500252143
-1.50505050505
-1.7343954825
-1.83303446902
-0.480721081622
-0.391802290536
-0.62236498695
0.629122272958
1.82592818016
1.58714009564
0.342741935484
0.707642539426
-0.444489342358
-0.775037745345
-0.807346856393
0.710659898477
1.21764043794
2.14632132907
5.73648361005
6.61717236927
6.75192370218
7.51375137514
5.55495044113
0.170575692964
-1.06450926123
-0.784946236559
-2.55145797599
-2.44394857082
1.17570920073
0.191979522184
-0.481540930979
0.0321715817694
0.127673156719
-1.89417989418
-1.67785234899
-1.82792310117
-1.87309270757
-1.06315789474
-0.242795312995
1.16698493529
0.655599027176
0.8168894547
-0.220565066695
-1.42559833507
-2.02681633926
-2.02030667219
-2.44255847651
-1.29587393738
0.987810004203
0.564440263405
1.6749183609
0.457475566646
-0.679571663921
0.379746835443
1.46356983773
0.370057094523
1.01880054616
-1.39100416286
-6.56416321703
-6.55104063429
-6.51378867253
-6.84864494668
-4.53620238441
-0.743494423792
-1.84824902724
-1.73853923854
-0.920899573478
-0.116177751961
-2.06936194673
-1.79594956057
-2.84959426307
-2.28284550535
-1.46904512067
-1.4073864173
-0.598233785965
-1.86128345217
-1.37331838565
-1.75257731959
0.274673233567
1.30832130832
2.67161057235
1.06694363139
-0.21509398672
-0.956848030019
-2.43101182654
-0.988421349901
0.0661375661376
4.4136314813
4.71512770138
3.36664402833
2.91610153071
3.41997264022
-0.688518231187
-1.97400096293
-1.92216195642
-2.00322795025
-3.90610328638
-2.71698113208
-2.57973733583
0.62236690923
0.218839200761
1.1107946454
0.540643080717
0.613496932515
-0.769596199525
0.0857061232263
-1.17282792269
-2.42480333179
-2.82491057507
-3.41378361017
-3.33241277732
-2.30980751604
-1.12554904832
0.395948434622
-0.629217581616
-1.93193102826
-1.78249909975
-5.67926808217
-5.40893650379
-5.77418800481
-4.64836016183
-5.94411515665
-0.574959237964
-0.700570835496
1.62417045058
4.98870311794
5.40878257765
2.91442197298
3.33363124497
0.553165334972
-2.53677442086
-0.832005664719
2.25774406213
-0.665838068182
1.04693461095
1.3208389112
1.57331655129
0.948126538426
1.56898106402
3.19538546054
2.76045487894
1.11818181818
-1.57918349035
-2.06640762981
-3.72002820874
-2.64285714286
-3.98882779087
-3.39776371674
-2.95655154683
-4.01895253406
-4.98812351544
-2.59309641217
-0.155776720035
0.768566493955
0.71580741372
1.62068965517
1.44027598103
0.36480500304
1.11770869717
0.617336877304
-0.574269306591
-0.778709567003
-1.41291317006
-1.48817204301
0.102995451034
-0.537084398977
-0.722113669187
-0.865874363328
-2.33554566076
-1.56302805002
0.773195876289
1.74604546633
1.28976784179
1.06988197334
0.050718512257
-1.87152250885
-1.99915290131
-1.28172481114
-0.220282978904
-1.08695652174
2.45292796683
2.83101045296
4.92518703242
4.11043485931
4.29019881409
2.50553342187
1.7640280117
-1.27494944166
-1.2456445993
0.490711531721
-2.72993455047
-0.739111306643
-0.750501788987
1.23456790123
0.839445082619
4.53727043572
7.10583356894
14.3042394015
11.7792015771
7.50451220671
7.38592420727
2.42277992278
-4.33247447276
-0.753277245157
1.78882227809
1.19350420661
-0.432484382508
2.76551927037
-1.55061157662
-3.67886746764
-4.91162790698
-1.0743487355
-3.64735897194
-2.62590265404
-0.730399408284
-2.00546946217
-3.38048870108
-3.25441082366
-0.336480044864
-0.285793306905
1.40506563136
2.92143329867
4.64938295226
0.639638792211
1.24136643644
-0.606394707828
-4.75461503827
-6.37707120466
-4.70598780925
-2.24452554745
-1.13543464438
2.7289546716
6.64819944598
6.34890371783
8.37535844952
10.0349825087
10.76954606
6.48967551622
4.98398718975
3.5425412102
-2.79801807053
-4.16380241579
-3.26675194332
-1.16716122651
-5.5415860735
1.68938944873
-4.02450518379
-4.93873351417
-3.2721010333
-1.50504858068
-4.59943449576
0.425934690014
-0.186723928671
-4.1804180418
-2.73325303437
1.02837554751
1.98860893909
4.6609341411
5.6260288564
2.65360471752
-1.4174410964
-4.45489762037
-3.57109205691
-2.72230595328
0.133333333333
-1.22392211405
1.39343495745
-1.79513278431
-3.56104651163
-8.20073439412
-7.39309634209
-7.21103783409
-5.08519234147
-3.63302109779
-1.14942528736
0.927290059797
2.41734802702
-0.0702123924873
0.19296552934
-0.669585372135
-1.43503886564
-2.92468294366
-1.11950013017
-1.33275638252
-1.6214846719
0.111168120404
-2.04512803178
-3.21686544599
-2.05136899212
1.28303823454
1.22922437673
3.28183643188
3.40455098141
1.27049532149
1.82910896263
-0.430960179279
-1.02798894264
-1.00593242198
0.189214758751
-1.67851331678
-2.32362350564
-0.206896551724
-0.827080491132
-0.768114705129
-3.0713040591
-3.49366265843
-6.75241157556
-5.68556493768
-5.25592302094
-2.53236245955
-0.893791770674
1.07247318817
2.18588215959
0.667480667481
2.40265120133
0.469217700833
-0.0811820100666
-0.278620011473
0.0244259892526
-2.7710649267
-1.04867114954
-0.709334193132
-2.56307888853
-2.97045346816
-2.65056461731
-2.75572162541
-2.94163667658
-0.988220412681
1.11838951909
3.15482931564
3.01523656776
2.91465378422
-0.651900722589
-3.36575575112
-4.69508904479
-3.65448504983
-2.48115577889
-0.40675844806
1.56017248138
0.965205884642
3.59372498799
1.19180041316
1.50865491504
3.48884381339
3.73031893419
-0.959175584621
-0.670823139452
0.671462829736
-0.732925257732
-0.935850263958
2.77823040574
2.63243155678
1.3283654625
-0.337132766094
3.21142574094
2.24073302791
4.15928456931
3.51303764568
4.60117548279
1.33009871173
-1.19341563786
-4.31869551179
-0.93853820598
-3.31222601072
-2.11267605634
-0.0329109758104
0.551948051948
-4.39892012069
-2.63989883022
-5.98198475633
-5.53396549044
-5.23076923077
-2.76405188388
-2.67692307692
1.05811872715
1.90891089109
1.83299389002
0.512183765327
1.57837162057
1.49241945673
-1.02696770147
-0.938930705362
-0.232270052648
-0.829135993801
-1.68465181275
0.758293838863
2.9148698291
2.67090620032
1.66220261541
1.93890471668
1.61329159644
2.17036553525
2.68549506163
3.21164322303
1.14464099896
1.40810678821
0.0489795918367
-0.705138596207
-1.27628832878
2.62876858622
3.75812853644
3.51529491296
7.28695652174
8.96527595557
3.78548895899
2.92941585535
0.254151135208
-3.52348993289
-3.90014289317
1.8230749197
-0.870314519604
5.89396250112
3.54412786657
0.100967606226
-0.877721366492
0.598127600555
-4.28473295552
-4.15452501873
-0.477306983755
1.52891839944
-1.36798905609
5.74775265595
14.6744319267
15.4485692189
13.7547207315
22.2791427078
21.6234124793
17.6853932584
17.8803418803
9.12048584752
2.19017094017
2.55974629063
-2.7534965035
-3.33773959022
-0.324289266025
5.33423362593
5.61004784689
8.50029638411
10.6128914341
16.1310569922
1.81026581118
-5.21541950113
-6.99084794354
-11.7242121114
-14.0483383686
-6.55246252677
-1.93462308205
6.50616559014
7.76631505738
10.5043519733
12.8837321731
12.791572611
1.11625697661
7.394497697
8.24728962313
3.32167832168
4.96248519152
17.3822135489
7.27831196581
-3.01664789085
-0.706757594544
-6.97930696706
-12.0833333333
-2.62678803641
0.062625250501
-0.0247923639519
5.46229338843
1.25325722794
-9.38015555032
-3.44660781231
-2.64301230992
-3.89674857285
-1.95863746959
2.52506946961
-4.29398148148
-3.4715750233
-4.07142857143
-1.58045977011
0.951335528723
7.19602977667
6.60705414804
3.28292143121
2.79384615385
-1.8671454219
-4.23003802281
-7.84021975506
-6.32342778162
-8.94318054466
-4.82970725595
-3.46409727002
3.15230224321
1.29506475324
4.55823763768
5.5295107585
3.63766048502
-0.259067357513
4.54989021713
-6.65062349595
-7.63850338626
-6.00067046597
-7.29257641921
-10.5607680559
-3.58574140477
-2.63755269701
-2.35679214403
0.736830528978
-1.94694052204
2.14370354411
0.108213396819
-4.67027251924
-6.08345383185
0.225152782245
-2.44850777638
-2.79793836121
2.45098039216
6.78283886622
1.92328707245
7.00550995165
7.07286856628
11.2243688515
4.94212962963
6.53084982538
-0.0449589749354
-3.52059111159
-5.25547445255
-1.56089780107
-4.01162141021
1.70324645633
7.24857242746
6.67225682798
0.595988538682
0.981719702099
-3.23008849558
-5.03541389996
-8.48498136374
-6.09191690884
-3.62153344209
-2.43902439024
-2.32407307318
-7.58788369973
-5.48321464903
-6.12557427259
-6.19558615104
-1.74190122146
4.43292424884
1.45525854061
0.348324966704
-2.02340805396
-7.89473684211
-6.93186293816
-1.8835443038
-3.53789900188
-0.86529006883
2.27113556778
2.3068399315
-0.101163378857
-0.236616385685
0.424607484941
-0.4779448372
-2.97136154824
-3.60799609946
0.00985998816802
1.18904876099
0.48024012006
0.3629586031
-1.43214148404
-1.73432806899
-4.33036994551
-5.8762595348
-3.69390647142
-0.554387306442
0.604347402281
3.07419450192
3.19727891156
1.83759861459
2.30784275376
1.52399802078
0.118378218408
-1.60642570281
-1.48801061511
-1.72032676598
-1.72145496985
-0.510354303661
-0.418967815654
2.50655785485
-0.611328684688
-3.25555137373
-5.97951462582
-1.69428063278
-3.34303690487
-1.54236809931
-0.895188362551
0.818680807517
-1.21139263917
-1.71665897554
-2.80621572212
-0.896405138157
-0.120795391191
0.764070070816
1.26168224299
2.88723784445
2.19095287563
2.9659395331
2.75756415167
2.73643783005
0.254572883274
0.198713096139
-1.2378342625
0.0191534188853
-0.658145745899
4.25636488745
3.96458435809
5.62930432179
3.71473976957
2.70376175549
0.892591490628
-1.90117737888
-2.96368038741
-6.09960828204
-7.73680404917
-12.6407901577
-11.0099622123
-11.7822966507
-7.22505840616
-5.48436699129
-1.88711322679
-1.01164668877
-0.204638472033
-1.44124168514
-0.678771423723
-0.245908589841
-1.90960640427
-1.9397993311
-1.02135561746
0.408928267166
-1.17321712897
1.02780117944
1.53663299092
-0.687400452678
-1.83977253721
0.640971577971
1.57453362998
0.13601972286
0.607236231762
0.529634300126
-1.10925771476
-2.06168286959
-1.00984599849
-0.753327195112
-0.401909068073
1.4210793436
1.07581533249
1.8339189305
2.91153415454
2.66483280323
0.647028775753
0.75964493001
-0.0599520383693
-1.34273816606
-1.45700974163
-1.19448183042
-1.83493925429
-4.15366934822
-3.45421726288
-3.32487101793
-2.2127169532
-1.85839980265
0.827677536832
0.777244914834
0.85067723819
1.87714740635
2.35670398115
1.01162110191
2.57845631891
1.73080154596
-0.350730688935
-2.09311907705
-2.5818537221
-3.58982745932
-5.48717541491
-5.73835012594
-4.46386395843
-4.33969614336
-4.44600718862
3.52680039461
3.23419470177
3.41963849536
6.18846694796
4.31167984351
1.06347623795
2.4560819249
1.7985909656
-0.518518518519
-0.146496296899
-0.20727966172
-0.373258128733
-0.42093100033
0.173138758348
-0.186839967506
-2.33217264556
-4.31746031746
-4.53076983689
-4.63872945986
-2.50277205766
-2.78674328899
-1.72373449809
-1.33716862318
-0.749122122513
-1.00360671162
0.0551354757404
0.0078003120125
0.54717423591
0.683532369579
1.46380270485
0.482785912149
0.203220259497
0.565993239525
-0.211681693454
-1.21807465619
-0.543136020151
0.89905362776
-0.919074694291
-1.38394928096
-1.8738433066
-2.22427460941
-1.3152774535
-0.248620930775
1.52276295133
1.38378547416
0.994947532064
-1.10828907873
-0.992307692308
-2.4278164969
-3.32552339203
-2.42700037922
-1.9914007694
-0.687547746371
-1.41940354851
1.11578142912
1.42307692308
2.33114627557
0.038211692778
2.2937905468
0.260516435522
-0.176610611994
-2.08601012773
-0.705721657308
-3.47398240644
0.199616122841
0.953488372093
5.42629482072
4.48778940691
6.67196819085
3.10298424761
4.24242424242
2.54105727592
1.16307050614
0.175256910699
0.533184784339
0.609756097561
-0.914831606218
2.28913685592
1.88296404513
2.32065792688
-0.58999434252
-0.387096774194
-2.67507785674
-2.46972215626
-3.91205695955
-2.72033964934
-2.24674812771
-0.972639569824
-0.987538208324
0.582356181632
0.0235923246304
-1.33779264214
-0.753413906765
0.559583858764
0.276199494949
-0.0707269155206
1.70872557551
1.48944643568
1.00302499602
-0.689655172414
-0.539315304049
-1.11085034812
-2.42480764747
-1.67501565435
-0.607571272784
0.180095528933
-0.117205813408
-0.54108371338
-0.599081926399
-0.665428659858
-1.19913352932
-0.474375923478
0.465947037353
0.218323586745
0.771929824561
-0.0695786625435
-0.263708989374
0.225716064757
0.50152809341
-0.396085740913
0.771268307884
-0.0775013562737
-2.11047619048
-2.50592100237
-1.43152415219
-2.92671859639
-0.508905852417
1.75207380417
1.36296755208
0.492345565043
1.14740304444
0.675360968794
-0.853189853958
-1.01946956922
0.767441860465
0.871913580247
0.546362784889
2.07123803546
5.27759845061
5.65110565111
2.63720598717
0.969343525889
-3.93427796201
-5.7499239428
-6.92888177453
-3.19687212511
-2.35475182763
2.96445755083
6.20355411955
4.60054217828
4.81317798313
4.36074526181
4.56869268847
-2.04921275417
0.12773431263
0.0884671063214
-2.26826779688
-3.69646764614
0.88601532567
0.910335938129
0.501131587456
2.83292978208
0.219298245614
-2.4678863371
-3.40077821012
-4.6767855767
-4.94821634062
-2.51946862116
-1.30618517096
-1.64561806353
0.378963650425
0.184459303666
2.1764568219
2.3835745752
1.29477438363
3.36557678472
5.36929057337
4.58513502488
4.31642868866
4.47108375182
-1.50393700787
-3.50863483629
-4.21225382932
-5.29260899977
-5.38013488657
-2.84577723378
-2.10373317013
-0.0546746856206
-0.862932429309
3.10549190043
4.35060269817
2.54961951832
-0.272628135224
1.07468265711
-1.61704112571
-2.46048431052
-0.429620371817
-0.0155763239875
-1.7971856837
-1.33466288257
-2.16347985069
-2.89008571645
-1.33702166897
-0.939393939394
-1.11498786408
1.1091427251
2.75136399065
1.77524047861
3.3106362996
2.63915920592
0.340057191437
-0.465477114042
0.290196078431
1.02791175773
2.84227381906
3.28889598467
4.98452516697
2.22079692135
2.48784440843
1.43750507594
-0.397551085314
-1.80742162508
-2.23389245963
-2.02461294164
-2.33978426396
-0.466919911364
-2.30486756778
-1.56623717306
-2.25067908421
-2.58827165263
-2.55263360839
-1.68983792918
-1.65414674862
-2.37157145022
-2.36856000603
-1.51894888737
-2.92297367832
-2.12402525065
-2.15731336645
-2.14791851196
-1.84135977337
-1.12798584488
-0.443622920518
-2.01220398082
-1.7121300058
-3.30161476355
-2.31184731725
-3.1576686238
-1.56596353236
-1.8023794258
-1.96466431095
-1.56670920176
-2.21942169012
1.31855393755
0.934781045517
1.19430737324
0.995202978449
2.13815789474
-1.87673277884
-1.66867001343
-0.759403832505
-2.73676880223
-2.42813284957
-2.20383759733
-1.9005340917
-4.01253491382
-2.25973318813
-2.1439300833
-1.57383331052
-1.62401910611
0.93515780788
2.21232781411
1.96324143693
2.7418447694
3.24057766819
0.741202549183
-0.903136849362
-1.20365912374
-0.656516273223
-2.64728070777
0.319666435024
1.51165231997
2.77817050756
-0.851741569143
0.433944069431
-1.01802173614
-1.44837575005
-1.77753089849
-0.393157676921
0.609840609841
0.386686921696
0.492098696978
-1.23439857358
0.17965726921
-0.172950536147
-0.124137931034
-0.159158535741
0.0548922739124
-0.842754367934
-0.918500239907
-0.233934223201
-0.82355363393
-0.532350532351
-0.490897934138
-0.592804578904
-1.45104420938
-1.30723381198
-0.360421625298
-1.33862505045
-0.790914621781
-0.108371714982
0.24443237371
-1.37491616365
-0.107512431125
-1.38
-1.99800862927
-5.40175990751
-4.30038510911
-4.29581993569
-6.03270062018
-6.68359762141
-3.32215598609
-3.27186937356
-2.33025563721
-1.46296296296
-1.29616043042
-1.38395590937
-1.50431113557
-2.92073170732
-1.71095740808
-1.49954832882
-0.81992104464
-0.341276128954
0.0915471467806
0.980272025487
1.97126013265
0.764993880049
-0.0913297613249
-0.600582382917
0.784192652053
1.66063178924
1.6358773403
1.20778900666
1.82851494935
1.23773207476
0.0124875124875
-1.6576951309
0.278069579188
1.2192834365
-1.42346561499
-3.4366333052
0.901123318109
-0.36938989103
-0.904640931904
2.05005659665
8.40522875817
5.08496562459
4.19526589262
2.3528665652
0.645569620253
-4.09327399235
-3.66158460385
-3.8784067086
-2.28667038483
-2.99607072692
-2.48777506112
-1.85809774943
-1.27229561088
-1.75342465753
-0.676870540887
-0.268227261644
-0.796933933569
0.134105455654
0.182982616651
0.453292496172
0.0548947849954
-0.357640783173
-1.29956079658
-1.19922863686
-1.29987908102
-0.485584218513
-1.96695982886
-0.87075803662
-1.5134429343
-2.91718025474
-3.53085841433
-1.34834095439
-2.60238164392
-2.53369584081
-0.146524440277
1.37718152677
1.0006513115
1.80366646954
1.46143913605
0.660766961652
-2.19461216907
-0.606167608286
0.142129574796
-0.0703812316716
-0.551513729172
0.967231373469
-0.141043723554
0.356590990134
1.49413655575
1.60357675112
2.03971766958
1.58805970149
-0.396613982123
0.858549471662
0.999458125113
1.29051802484
1.66919575114
3.20117294887
1.35085797736
0.758311089541
1.1459737713
0.96831525403
-0.262003412137
1.23821844391
1.3339890576
-0.766236925322
-1.12107623318
-1.26338587414
-2.02197006277
-2.07681194317
-0.381656267038
-1.55112755041
-2.22928063055
-2.84977131465
-3.16525794229
-5.42569038616
-4.45191814399
-4.33290191886
-3.36582048957
-2.79902544053
-0.25715755186
0.792875610457
1.9446994034
1.29139643001
0.541187193802
-0.165449566408
-6.0255925706
-5.08031581813
-5.77068685776
-5.20574576088
-4.58356015242
1.24637839611
1.26826578439
1.70517051705
1.83117954358
1.63208852006
2.74080314518
1.40915953699
6.01819454164
5.12776043473
8.74142702443
4.36082292949
10.0221483942
2.84891741138
2.8418549346
-3.91352101278
-0.367904695165
-5.21343596921
1.77012757126
6.76653548305
8.81242923638
4.21129503408
2.83041496762
-1.05689092886
-6.85822395649
-7.90174950759
-4.74755086662
-2.995753592
-2.78870427993
1.29356809199
4.54848282963
3.108003108
4.03025718608
5.5524570862
2.80753601773
1.02796304228
0.0418560153073
-2.84555235464
-6.71715128042
-6.18610292844
-6.46176739927
-3.34065425962
0.871782706678
2.15542695169
-0.790785628331
-1.6825164594
-2.55139397353
-5.88826254395
-3.16234917367
0.704022159386
1.69966807829
0.395815662991
-1.38697781936
-4.12303306102
-7.14285714286
-5.54594594595
-4.98065764023
-2.7459586768
-4.27229307721
0.0160780320489
3.40972610397
4.92135971588
5.39915373766
4.90007157408
2.38134430727
-0.809492126857
-2.51689838984
-4.64278028836
-3.10482795412
-1.28906461572
-0.545905707196
-1.06024358417
-0.758142018153
0.57409593304
-1.43604527013
-3.15086782377
0.921861281826
2.15434960458
-0.53367488526
-0.0160128102482
-0.794701986755
-2.34701532526
-1.28143003284
1.15525804362
3.23451620013
4.1034691964
4.87215509975
4.89664520502
1.66291641513
0.298441472311
-3.5585106383
-6.07020321985
-6.6434672572
-4.52211276462
-6.21955011921
-3.1177531564
-1.11180707798
-2.51850328947
-0.69726298262
0.936437352864
2.82428995337
2.18689993599
5.98681701803
5.07955601728
2.0882290109
3.99515071362
2.98835420787
-0.638700947226
-1.11381454447
1.76640034784
-2.52980986142
-1.00065259952
-0.831991411702
-0.317990729762
-0.362828982996
1.99408348855
1.26108265874
2.7521923777
1.76612549364
2.2763777347
1.8865818263
0.883333333333
0.132545424421
0.99711943275
-4.22766815192
-5.69533635119
-6.21580784661
-5.55990194544
-5.47701329982
-1.01858657986
-1.30909090909
-0.347871235722
-0.462049631399
-0.287161280217
-1.64222268126
-0.165957888186
-0.387897595035
-0.171028763928
-0.828457515663
0.63402972664
0.103831377842
0.587868067839
0.36410923277
0.056988913066
-0.517009616379
-0.398159160246
-0.85108577913
-2.71241333941
-2.39684466019
-2.08069660305
-2.31841600162
-1.4537691252
0.0405001771883
-0.528142447563
-1.55985248679
0.365000506945
-0.52586337665
-1.14108402983
-0.902203170172
-0.169154228856
-3.19952890372
-3.39488081282
-3.00485436893
-2.61637784574
-2.29438071165
-0.230110159119
0.0146563095413
0.248187259721
0.257932645513
-0.986667950137
-1.4142291727
-1.25428144146
-1.33480578096
-1.51929067817
-0.811572062825
-1.10739856802
0.60179568066
1.36272935222
1.81028593735
3.52888844956
3.41593444565
0.355542567699
1.31656804734
1.09510655091
-2.46806459388
1.22420426723
2.91213473009
1.60320641283
2.06424327862
3.725
-1.6898364199
-2.95262185037
-3.48629176539
-4.08537763183
-3.84615384615
-2.15803133711
-0.801003667246
0.887848187716
1.63435582822
3.23605320627
3.39412612434
3.31006979063
1.89889148481
2.16105094264
1.22588424437
0.751013868723
1.36944767295
2.70063304064
0.849514563107
1.12793415303
1.84070976953
0.917945841195
0.813175501801
0.661712307849
1.17719631933
1.66925868326
3.70742542839
3.05505463032
3.83720930233
0.278364864168
-0.792018103271
-3.1054627447
-2.06223053348
-2.74993574916
0.460901087519
-0.338288057406
-1.98895027624
-2.91492258813
-2.20177952043
-2.85743032498
0.884223589638
2.78781621064
2.81551384424
3.63636363636
2.99481865285
1.03970741902
-0.961243480929
-1.51662155952
-2.03133772266
-1.17261508526
-0.00522438744057
3.11593820847
5.1379791689
5.76518218623
6.66338958982
2.90306972743
2.64083554305
1.42118159543
-1.59362549801
-6.27111702672
-3.34632372045
-3.16512078814
-3.51476305558
-1.48105505547
0.716679556587
-2.00621212893
-2.97437461867
-2.87784467803
-2.10062506404
-0.257135510414
-1.07293975418
-1.04648822701
-1.97569149202
-1.93438175149
-2.00080637033
-0.386371619248
-0.125621828049
0.827071460991
0.317540322581
-1.20493925513
-0.959149189941
-0.743142144638
-0.181223256985
0.583016476553
2.62646908533
1.74445062446
2.45796923706
1.93975470827
1.11236415829
1.20494388995
1.49858865794
0.591138069292
-0.0871616078753
-2.01908588649
-3.07268170426
-3.0355809903
-4.29478034142
-4.28424203759
-3.51812366738
-3.53464532663
-2.99300024137
-1.83512821751
-1.28857239742
0.0873023571636
0.402951742888
0.906035364606
1.01961166943
1.19117647059
0.131125248895
-0.708604483008
-2.46115835986
-2.31605032406
-3.09248966795
-2.12937877276
-1.49104895769
0.309789343247
0.889465839704
2.27869011758
2.25019440124
1.34263715111
0.425979993299
-1.42654028436
2.58685141803
5.53959786623
7.46793545718
7.47427983539
10.3267973856
5.19609899329
1.75365344468
0.0465669788379
-0.0668277386521
-2.99264519401
-1.40102362612
-1.30833419182
-0.922745681038
1.7629211132
3.70857443451
1.99852351825
2.58388375165
3.58432455395
3.04565791602
2.28679042238
1.44431368353
-0.577882847386
-0.46511627907
-2.51195543644
-3.94852447155
-3.07963500622
-0.460178842232
-1.44806750703
-0.647418159035
1.79933708634
1.79438463162
0.987536966624
1.76517360191
0.964681075382
-0.979421724407
-1.63015263213
-2.49227600412
-2.22855662089
-1.19277045679
0.0990821860659
-0.516475570706
-0.761408349941
-1.09185974985
-1.42732453663
-0.858235963189
0.634095634096
1.94842406877
1.22982720149
2.60232839909
0.976246410859
-2.01171377642
-1.70020996569
-0.659827826177
-1.71378274827
-0.684398817857
2.09546589018
1.23911240149
-0.236564669581
0.26996158239
0.192207792208
-0.140194194922
-0.397624580429
-0.0102843626266
-1.76458588331
-5.96912856585
-5.78710497994
-5.52275942821
-5.10418191578
-3.83521333987
0.589622641509
0.664795390752
-0.102349156838
0.559399381716
0.547364268455
1.24365734753
1.66716731751
1.73542245141
1.81354916067
1.37472505499
0.46479084412
0.0450788880541
0.348293362524
-0.0798722044728
0.366263609453
0.887409872435
-0.716097269879
1.75687306972
0.592547956212
-1.49261108091
-1.24483393915
-0.896949386427
-3.74287245967
-3.57817266257
-2.90334964968
-4.1018049852
-3.55071774884
-2.32768469155
-1.90928520541
-1.73535791757
-2.95644114921
-2.11241392146
-1.46803620843
-1.35401049475
-1.39495954617
1.66776594742
1.33911731422
1.17206035874
0.508570352232
1.97733415525
-0.487576183779
-0.141256238817
-1.68874790073
-0.141070252986
-0.19876011547
1.85759992359
1.46187655265
2.45674409712
0.311320754717
-0.756152545557
-0.93197085817
0.0286724648762
-1.31132075472
1.1112700911
2.78542119237
11.2526315789
11.409253048
10.6414070247
9.36831672839
6.80587780356
-2.2181050898
-5.6841576701
-5.39646489582
-3.96733957822
-4.1701665102
-4.98753117207
-1.79011736858
-0.535284584786
-2.53393223318
-0.418224758906
0.0195627720448
0.153109102583
0.206682741991
0.737753295298
-0.708388294494
-1.90462483209
-2.4710982659
-2.60723699976
-1.77303251365
-0.713038416764
1.32218549485
-0.0866300895178
0.351096575606
-1.13202139855
-0.89414479377
-1.54582435989
0.771133420631
2.5549965473
2.72816486752
0.809304579598
1.91688615745
1.0834395529
0.765407554672
0.0147224812288
2.05242334322
0.975177304965
-0.434421828477
-0.366445478855
3.253103623
3.44827586207
4.90854603699
5.07231510924
3.63337780971
0.868898543317
2.27617602428
1.18151401087
1.81723237598
0.833117723157
0.369363361207
-1.98481895579
-0.0104547830633
-0.390117035111
0.233402489627
1.489040454
0.505154639175
-1.31545009028
-1.1822153688
-2.62134451235
-0.759532913093
-0.04637024061
-0.579546620166
-1.04775952393
0.390426934388
-1.93058018748
-1.08047500127
-0.525483393704
0.804963084495
0.720085797457
1.12215617954
0.363171355499
2.62840986439
3.43657191345
4.19305060395
3.90799701842
3.38992014385
1.36397410041
0.549245454061
1.15183809678
1.33808136398
2.63800683928
2.09146077156
1.44433625446
0.323991576219
-0.04314529177
-0.276063657032
0.995950530809
1.48221343874
1.3961892247
1.72820540956
0.424005218526
-0.212963468574
-1.08064078197
-0.21307982298
-1.46502324576
-1.41479099678
-3.96958573676
-3.44990300425
-4.7562054431
-4.22987315558
-2.89342214821
-1.91338339677
-1.37545891721
1.13145984633
1.13094926436
1.15281360215
2.6125507996
1.66649143097
1.6584635138
3.13748784966
1.92617233609
2.4383650519
3.45915370391
1.53177620858
1.74166254601
4.2860340197
2.00750055151
-0.492504194404
-1.10657498926
-2.65283200513
-3.21672262537
-2.89723129652
5.68552307956
7.12394982161
8.16267499711
5.53809224438
6.23542128918
-1.67041619798
-1.73593440769
-2.5317169439
-3.92598286844
-2.43130724396
-0.786786451649
-1.32790269486
-1.61979253342
2.40089963452
0.535744182153
-0.438888888889
-0.422245680316
-1.42716535433
-2.85136832905
-2.37537455734
-1.21288623017
-1.74682024128
-0.861928768906
-1.17678812416
-0.885576974999
-1.0427415413
1.04247104247
3.09042137029
4.47803282387
3.47544281164
2.47662511131
2.15235519495
1.62426169923
0.893365198589
1.64129940936
1.13131085721
0.0112701453849
-0.587172538392
0.308219178082
1.56313087616
2.81828703704
-0.219285915097
0.773782430587
-1.95858981533
-3.80090999889
-4.01066548161
-2.40355594578
-4.07160790307
-3.5878068519
-2.62589150638
-3.42792768628
-2.84693714347
-1.24508165795
-0.691170167167
-0.494623655914
-1.73949712719
-0.21279991488
-0.987298537731
-0.331090462459
0.999131190269
2.03851118761
0.122509854053
-0.731087094723
-1.48876847809
-2.26609350953
2.01371742112
2.74175012313
5.07682030728
6.85216413716
6.54792196777
3.31632653061
3.02774018945
1.67534525696
2.89184499711
2.32006479981
1.23966942149
1.54004694567
-0.321579689704
-2.39358699334
-3.81747356706
-3.32889480692
-3.94302683678
-3.50590669062
-3.30258201867
-1.77644165072
-2.18169977206
-0.519722085453
0.130825838103
-0.0218304862741
-0.60306421819
-0.545150321153
-1.28530539504
-0.439596222729
-1.72173353358
-1.64582665384
-1.2630569175
-1.3373827792
-1.14276516981
-0.171342899979
0.494039308345
2.03371397499
3.00203062401
0.312146816641
-0.0267651624645
0.817497699096
-2.12879191059
-2.38924304923
-1.29614873838
-4.21964725185
-4.10653099367
-1.01669915187
-1.98477290627
-2.20271182919
0.27763496144
-0.480495995867
-1.48424931237
-0.688324555457
-1.043594489
0.626002379844
-1.5713995118
-1.52800490597
-1.75213894154
-1.64332305203
-1.89320881129
0.122199592668
2.98405347087
1.51869766474
2.92479833463
2.75908830126
3.24886972979
0.200390233613
-0.45045045045
-1.51709292194
-2.4125820736
-1.71032914794
-0.945465942332
0.982955139601
2.67326211651
3.78763866878
2.44560902017
0.715488215488
-0.680272108844
-1.12388781935
0.307333615939
1.3139547356
1.614455255
2.97860962567
3.94829357997
1.25006706368
0.420077552779
0.602344842422
1.20142872605
0.988638846406
1.43121462778
0.715990453461
0.134632990468
0.22237891197
-0.775025743862
-1.19367673943
-1.07849975854
-0.284609601547
0.0434098431819
1.24005486968
2.62664165103
2.08698510079
2.12229229504
1.11379348184
-0.735294117647
-0.875177770485
0.556320572845
0.115295926211
0.762936753649
1.59362549801
1.35831901092
-0.0880523911727
0.479947040327
-2.93533673196
-4.07134136631
-4.32822362489
-3.36630504148
-3.17807926504
-1.09860948944
0.367607884923
0.281914893617
-0.958601074476
-0.673775797125
-2.04824287794
-2.48844095797
-2.33766233766
-0.518731988473
-2.88525941573
-0.655890099675
-1.40852284368
-0.977366255144
-2.51813259781
-0.246697846533
-0.190721649485
1.86257630302
2.77557494052
3.23771356254
3.99251737039
4.31790073668
3.99891481281
1.35026523067
1.1575185363
-0.128109319953
-1.053471668
-1.9054715776
-0.400256163945
-0.998098859316
-1.43631293734
-1.13098369279
-1.7518171835
-1.59130297778
-0.941619585687
-1.5130317633
-1.11833550065
-0.401041666667
-0.982839313573
-0.208811860514
0.541807762438
0.823368995175
0.418410041841
1.13600504891
0.826359282067
0.214054505586
-0.542457750887
-0.0418235048097
-0.870653250613
-1.53917910448
-0.653526970954
-1.04774193548
-1.40206185567
-0.67319144529
0.699300699301
0.254796942437
2.5078038199
2.07302956961
1.82978274626
0.942948954328
2.74616658653
1.12353539136
0.736736100069
0.317393144308
2.21851273491
-1.15652724968
0.262847333977
1.47367288765
3.00784655623
1.03917301415
4.18707015131
3.65880782918
2.13128261467
8.52749852158
12.6018501501
12.3369800358
10.8891355284
12.3210760118
4.46654722926
-0.226161369193
-1.02165667442
-1.32035290538
-1.41119221411
-1.51496714529
0.584076237319
1.01347175874
1.78991700731
1.43765039798
0.532142638694
-0.398040416412
-0.0617588932806
-0.817003501444
-1.27314814815
-0.408138401559
0.870961764161
0.303537136839
1.33839641434
