10347700
8227800
12733200
7971900
11856700
8540500
7873300
6803800
8489700
10956600
7643900
8634500
17783400
7868700
6499200
6936900
4895100
8324600
6669400
6202700
7304700
7707700
6213800
5405300
5779500
5464300
5374700
4446600
5749400
4544000
5177500
3966900
5237500
7673400
7654800
7435300
9112000
10312200
8479900
10484900
10807800
11192900
10162800
10747400
10035100
8376400
6334100
7093200
7871000
7973700
5665900
6622500
8857300
6563500
6771600
6137800
6492400
12125600
11862900
8149600
7312300
9158000
8015200
7715600
16667200
8693500
8887400
5380300
5507300
7738700
8885200
8236400
11782000
9969500
8205500
14674500
10633300
8523100
9576400
6182800
6317500
4888600
4196100
4085000
5543800
3631300
4695100
4826900
4864900
10012700
8106200
5599700
5907800
7265800
5524500
4577200
6419200
6769400
5978900
8184200
5967600
4296900
3617500
3732500
5712500
5473300
7281400
5369400
11115500
9325600
4739100
3640300
4008600
5282600
5386300
8046200
6059200
7103800
6487000
4853100
3360900
3625900
6607900
6436600
7688500
8612600
2304400
14339600
12932700
9031700
4212200
5619800
5550500
5669700
4020000
6632700
6452700
7781400
23048400
8966400
6814400
5566900
6670400
4047400
5355600
5113500
2996500
5877900
5567400
4460500
5910700
5736700
6585400
5484100
6142400
4949400
4378100
5946000
4338400
4127500
3234200
2769400
4251200
5988300
8279000
8536600
6040000
4928800
5469500
5776300
4112100
6473000
4622800
4993700
7617700
5001700
5473600
4425500
5481700
3932800
3341000
4623400
4302200
5930100
4291000
6217200
5948900
5309100
9594600
8872200
11744200
11668900
5547000
6108400
4898000
5614200
8775800
9704900
9092600
7710400
8882500
29777800
17966900
9369200
9338600
8826200
14058500
10135700
6431400
8084000
10902600
7466200
7445100
5848500
4448500
5420600
6990800
9047900
6807900
8684900
5150900
4160300
3739700
7717400
7426600
7180700
5537100
2497500
3866200
4799100
5524600
10651400
7525100
5566800
7804200
10096900
7922000
6140600
6185600
7913300
6992600
6131400
14254500
7693800
7705300
12579400
12725500
9514000
6052300
8245100
9798600
6943700
8007200
12769900
15420500
8043200
6064800
7547100
7656100
9635000
6448000
5671900
9727000
25244900
14762200
9618500
9826900
6760900
4982100
9095200
5125000
8242000
8314200
5580800
5428400
5113700
7526400
9006900
8380800
6318800
6729300
7193200
7032900
8098700
7073000
6748300
9156900
11709000
15276600
8344100
9787900
11933200
15102000
14745500
6743900
8120000
7788900
6793600
16688100
14494800
12127900
14246600
8420000
20029400
10235500
10101100
11013000
13328200
12233600
8581200
11851200
11890500
10553700
9461300
8787000
13330000
13515600
12506100
13424200
9486600
10499400
11498400
9390100
9188500
9957300
19814300
25822400
12759100
8537500
8742000
6858500
7346100
7390600
7357200
7790800
9706200
6578000
8681400
6088600
7605800
7680200
7993900
8390200
5254800
5873400
7796700
6887700
6714900
8409400
6005300
6402600
7726400
5629100
5818000
9598700
6724100
5138900
3812200
6154400
9624200
6423700
3099100
6542700
7301500
5703200
7502500
12470100
5182800
6152800
8828300
8155800
5607200
5675900
7081900
4814100
8181000
9477400
5913100
3325800
4419000
11704600
9312600
10266600
8895400
8766400
7841800
5330100
8662400
11670300
13644500
8991700
6315700
7299800
6247600
8428700
4346500
4030800
5603000
6036100
5675100
3704100
4176800
4029300
6398000
6763200
5254800
6024400
5730200
4712900
6215200
7006200
5612700
6515900
8029000
5474300
7711900
4540900
5808100
4840300
15015500
8126600
9891800
11880700
9043100
10507000
10311500
15132800
12305000
14883500
15182900
18364700
11201800
12575100
13783100
13172300
11077200
8676200
7221200
11117000
9785100
9708200
7093400
7525300
10636900
11501600
11501200
10204200
11946000
18920500
10694900
11771900
7623900
7429300
8293200
9683400
10142500
7072800
8625100
7177700
8024000
6216900
5708500
8509700
10129700
7991200
5045900
5608400
9216700
8091700
7013800
6661500
4931300
6452200
4184700
1714000
4854300
6894100
6161200
6128700
5597800
5785800
6585900
14646200
11225700
6889200
5570900
7793200
7977900
8061000
7036000
6205100
5596200
8053900
6344800
8659100
1654400
3755700
3826200
4213900
3512700
6862800
8621700
8405200
5939600
5311800
6839900
8926300
4797800
10026700
5647900
5366300
11153700
18440200
10130400
12556700
8581500
6761800
7092900
14509400
17713300
9877000
6799500
6601900
6737700
6669800
7253800
8339400
6271900
4559800
5086900
5816300
18204600
13395900
14525200
10131700
10471600
9902800
11634500
11978700
7939000
10492900
10767700
7562100
7687400
10971900
10726400
8639100
11059300
6409200
5335500
10864100
5301200
4614800
4844100
5113100
5507900
6277900
8144000
5602400
5347500
5587000
7382200
7649100
5928500
9801800
41207300
17383600
13143900
23343700
15819300
8871600
7933100
11019500
14763500
9273200
6757700
5144100
6520500
6870000
6684200
6535600
8883900
12203800
6582900
8656300
13648400
17418700
12779700
10130100
7386300
6527600
9624700
8552300
6768300
5874800
4530300
4454000
5040700
6865600
4122000
4552100
4519500
7374100
5126200
8383600
7273200
7172100
5540600
9309400
7075800
7953400
13296100
8909600
8592000
7775800
7242000
9455400
11116900
15542600
14687700
8554800
11544000
10610100
10945600
12055900
12012900
8469900
5243000
9488100
11165600
10073400
11026400
8572200
10420900
10486800
11537300
15310800
11612900
14866900
12766700
13804500
10989800
11576400
11919300
10138600
12718600
8832000
6915000
7126900
8370800
8037300
8420500
6940900
5263300
8014700
8353000
9267300
11645800
10803900
7671000
7768600
5446600
5908900
6997800
7087800
6590300
5857400
5002500
6849400
6264600
6467700
4586500
5785000
5538300
5394400
6707400
5949600
4595200
6195100
12712700
22034900
14195200
8377100
16710100
13119200
12368800
8793100
13020100
11642800
10653300
11001100
14551900
9641600
14744500
12156000
12670600
17853800
7925300
14600200
15900200
21344600
12482900
10875700
10371500
12441900
10524000
7514200
12544900
11455200
12865800
9864300
9395200
12006000
10466700
10480800
11036800
8119600
7386400
9027700
11984700
9662800
11367800
7321300
6918400
9070900
12737200
9053300
8651200
8560800
8209800
2980700
9694200
7027800
10053500
6900000
7594800
8841900
6869800
6661000
7208700
7773800
8483500
6167100
6514900
7319900
8053800
5922200
2420200
5784300
6334100
8066600
7871400
7864500
5962300
7921300
11906900
9508800
10711600
9955400
10499000
7569100
8146600
9904300
17331200
8926900
9432400
8371400
7748000
9307800
8017400
7755000
7349500
9744100
6683500
7216200
7427200
7755200
8296400
7949100
8598200
5609200
11218400
8299500
7791200
5440300
6285100
7453900
6874700
7675900
8587000
9926500
6585200
6618300
5672200
6658000
5876300
8129200
6641300
8119200
12773700
10452500
10117700
15193000
10795400
10473100
9046400
12625400
9352600
8777100
10531600
7265800
6649200
10169200
7861400
9700100
9623600
8985000
8881400
8057600
8543200
6880100
7573500
9006000
13613500
10790700
8802100
6703400
9542600
7084500
5943500
6790700
6363600
8682900
8444900
7485700
8381900
7632500
7459600
6754600
7188200
6222600
8445700
8668300
7752200
7102900
6831600
7298400
7331900
6741000
6277300
5187200
7163400
6539900
6898900
6184200
7697200
21106600
10734400
15256300
15160900
9756300
8896000
9815800
7072400
5727500
6492100
5873700
5941400
7277100
11900000
6311600
5062800
5548000
6374400
4532900
7950900
5785800
6009700
3009500
7614900
5873900
6709700
7509200
4534700
6455200
7910400
8837600
13515700
8567200
7036100
8744300
5326800
5859100
6204700
6423500
7282700
6654600
8050300
6475400
5888000
7018100
7472200
5298500
4613800
4261200
4634200
5138400
4562700
3623600
6847200
6318300
4829900
5185200
7434900
5150900
5569600
3834100
5516300
4222700
12406400
10835700
9889100
7896600
9213400
8102500
7322600
9753500
7209200
7305400
7896100
9086600
8338700
9412500
7302600
7935200
7575800
6585500
5095800
5723200
7056700
7925200
7428300
7479300
3845400
5369800
6418900
7593000
4500500
4839200
4699500
11558700
16994000
9506200
6971300
5287100
5600100
6046400
5471700
5099200
6959000
5180700
6535700
4836200
5825200
5146100
6296300
5668600
5543500
8349700
4841200
5901700
5277900
4510200
4748200
5284300
4156600
5111000
5935400
4722200
4305700
4146800
2195500
5234900
5091800
6169800
5360400
5878400
5342000
6971500
7138000
6412100
5079800
5964500
7501100
6052900
6873600
7090500
4332100
3677000
1760500
1408500
4033900
4003400
4726900
5327800
5276300
4380000
4927600
6179800
7930900
5130400
8842500
5505100
19812000
9302000
9285100
6949000
4371600
5283900
6189400
5345300
6549700
6642500
6137600
6200000
5604300
8387500
5975000
5516900
3742400
4057500
5505700
3611500
3562400
3930400
4830300
5447200
5690200
6629100
7008300
3362500
3965700
4715000
4454000
4976200
4806500
3547900
3970900
5084200
6390600
6536300
8560800
6290600
6523000
4627600
4663000
4605200
7058700
6223500
5065300
6210400
5585800
4397700
4876300
5415700
4613500
4246900
5894500
3936000
3860100
4537300
3868000
3112600
5013600
5316300
6844200
11118000
4159400
4260200
4623400
7988000
5063200
4533600
4768000
4706000
7763200
5019500
6070100
5451800
4402300
4319100
5407400
6692400
6575000
8445800
4708400
5197800
5700000
4401100
7431800
4031500
5130000
3778100
5358100
4308200
4094600
3203800
4884300
3912600
3011500
3803400
4264500
5400300
5233400
3468700
4121400
4508300
3145700
4180200
6470800
3843400
4149300
4354700
4069400
5604700
4423200
4394800
4724000
5093900
2874500
6408100
5677300
7529000
6595200
6009200
6001000
6298600
7086500
10441400
6596000
5651300
5534000
5972600
4309400
4517500
4098500
6566200
4232300
3508500
3408400
4147200
4160600
3879900
5219200
3621100
4351000
5288000
7134900
5801900
4361500
3559400
4397500
4704500
4501400
4260600
2710400
4405600
3134400
2444800
2277900
3399500
4748500
3380400
3479800
4002800
5721200
4517400
3753500
4801400
3953500
4631200
3623000
6198700
4380400
4049700
5037100
4801200
4899500
4650300
3874200
4204500
5198000
4538000
5001400
5150700
3984400
3076900
4090000
3016300
4626600
6651400
4233700
5928500
7182600
13692200
6926800
6137500
5988700
5774500
7335800
6035100
4226500
4518500
5160600
5388700
6553300
6951600
6708400
4907300
4513100
6258400
7453400
4958400
4887600
5684100
6353200
4655900
5679100
5814100
5529900
3750600
2204300
5699800
5870300
5664500
5152300
7026800
5263000
6477100
5310700
5713700
4188300
4799500
4493200
3914500
5660100
8853100
4769900
4841800
4950100
3590600
3262900
4336400
3296300
3812400
2793200
5295200
5711000
5646700
4561700
6200700
4625100
4746400
5828600
5339400
5520800
8492100
7352700
5708600
7002600
6537300
5070700
5352000
4746900
5960600
4759900
3637400
3597400
3928700
3807600
2837800
3541100
5657100
4838400
4229300
2868800
4148000
4466500
4254200
4265300
4825100
5622800
4153900
4078500
4949800
3819900
4467400
4037800
4754000
7046900
5087800
4511200
3422500
4494300
3935500
3663100
5065300
5562100
7541500
4402400
4452500
5472100
4577100
4088900
6070400
5253900
4418600
5721200
3737800
4568400
7836800
6355700
5179200
8296500
8429700
7090700
10421200
27906300
13255000
9259900
20366300
16224400
10984400
10219400
12484300
11631400
8629200
8147700
7232500
6196300
5512300
12371800
7750300
5616700
7982200
6915700
6061900
7150600
5501500
5135600
10309600
7030400
6329800
4759800
5660700
5483400
5832000
3163900
6419000
7380600
4025600
6149900
5978600
5226600
4280000
4423200
4895800
5715700
4314900
7103600
7840000
8593800
3745600
5339100
5646300
7766700
10792100
6489800
8188800
5519100
6127000
4353100
5181800
8009300
10757200
13440500
7186700
10945500
11340000
8546200
7644100
8705600
14149700
9323200
8265300
4570400
4457800
4542900
4862200
6189700
4330300
3664300
5380700
4256200
5249900
3714600
4424300
3793500
5402400
4570400
4378200
3431100
4407400
4853000
3713300
6481000
5157200
4000300
4417600
3606100
5029300
4025300
5674200
5400800
6390600
3680600
6305500
4116300
4277300
3982200
3692800
5040900
3887700
4864100
7624900
5148500
7122300
7126000
6870400
5434600
5433200
5499600
7747700
5899700
5536500
5297600
6365100
4998800
8130200
6130100
7882900
9781300
7580800
5530600
5573700
7964800
12045300
7502600
5752700
6020700
5482200
5393300
4270800
3705800
6941300
7531200
5653100
6447400
7690900
3831400
4455100
3798000
3936200
4732000
4841300
3915300
6830800
6694100
5293600
7985800
4807900
5786600
5399300
2199300
5197900
5147000
6021500
4668500
4730500
4023600
4871500
5284000
5787000
6461800
6044100
12545300
7161800
6155900
7398200
4985400
5276200
6846800
6573600
3616200
4377800
3836800
3958400
5449000
11715100
9832800
7213400
8196900
6851100
5700000
5776400
4924100
6921600
8718400
10984800
6483500
8605800
6114100
6069000
6374300
7810200
6103400
5325100
6771600
5419300
6198000
9852000
9568500
5247300
5029200
7609200
5371900
5257400
6075500
5052000
5310500
5298800
5838000
5294300
4979400
3903200
3787000
5960700
5172300
4418800
4354400
4709500
4330800
5569900
4310700
4787200
4571400
4518000
5370400
4299500
6414400
3870300
7404300
4968600
5105800
4198800
3910100
4508600
4392100
4467000
5862000
4121600
3853000
5523900
4944100
5337500
3627700
5959700
3905200
4799700
4634200
7905800
10554700
6237200
6117400
6604100
6856300
6648800
8174300
8201800
6011100
4336400
5721100
3966900
4504500
3856500
4072800
3430400
5274500
5685700
5776400
4454800
5936000
5443600
7019100
6250900
5006400
7389600
3995000
3580800
5049100
6384900
4866500
7232300
5555800
7250600
7924800
13474400
6135400
4924900
7374100
6038600
6679400
8133500
5302100
6124500
5559100
5563700
4520600
3448000
5596800
4392100
5448900
7911700
3177300
4047800
4333100
6641600
7154700
6086500
8372100
8754700
6957800
6822700
8667500
14536900
12214900
8372500
5611200
5580300
3870100
6439100
4165700
5381800
4406700
3283800
2765800
5062400
3870200
3794700
4480400
3213600
3695800
4997400
5985400
7386500
5535400
5399200
3676500
4057200
3425700
3473300
3427400
5259400
5208500
4688800
3786200
3294000
3968500
3727600
3913300
4498600
4314300
5722200
4920200
4265300
8203800
4417600
5088600
7524600
8909000
4350200
5683000
4731800
5880500
4592300
4770700
4483300
4838500
6119300
4956600
5340900
4490200
4712900
5210600
4661700
7788600
8633100
13295500
27875200
10671400
7390900
8862300
9222300
6122100
4990300
5840300
5594000
9267300
5845700
4895100
4506400
6240600
7305200
6022200
4518900
5369600
4358300
5873000
4172800
4171500
5251000
5010600
3067800
3351700
2129800
6284000
4962100
4623000
6470700
5445400
7507900
6886200
5947300
4310800
4140000
3459200
7783800
6441300
4644100
8086500
7984900
4933200
3654600
4405600
3031500
2278700
4571600
4501700
4455900
9196800
10524500
7221300
10340000
11108200
8744800
8000700
6636500
9602200
8200700
14636100
26035800
13539300
10337400
5700000
6201300
5771100
7294800
7177900
6432600
6610700
6656300
8184800
6532800
7698200
6152200
6100400
5331000
5702800
5644800
5568600
4800700
4124200
4302400
5900100
6355800
5922100
11996700
12191600
12865700
9451300
10314900
9184200
10269100
7403900
6333000
5531300
7539100
8713900
5910000
8728700
4568100
4560000
7665600
5700400
4412500
6729400
4695800
8128000
6851500
7638100
5883700
5730800
4276200
3307100
4850600
3596400
5936900
7085300
6027800
6865100
10264000
15871700
9445600
9340300
7247400
21450700
14827300
8608500
6141400
10050400
8670100
6820300
7302200
5464800
5620100
5965000
8408100
8959800
6026100
5732600
6104200
5613500
7706400
9857500
7512200
5313300
4396900
6926300
6123000
5420300
7401000
5097700
5289200
4569900
5244200
30770700
14384600
8216300
7903100
5578400
6437600
5165600
9432300
6359200
5754000
6541500
5587800
10808500
8476400
5229600
5403800
5430900
7018400
4701300
4217900
6670900
8977200
6046300
6209300
5887800
9544100
7124100
8864200
7619900
10154100
17281600
11706300
8040900
10499300
11340000
16822100
18138700
15095400
17816200
12390300
11318900
9571300
7245500
8021400
7681400
9086000
9592200
6135500
5615600
11640200
16723000
15274600
9839800
8458500
6329700
8271000
7058700
4921800
6006600
7049800
7756100
6883600
8070500
6555500
6778600
7511700
6118300
8098700
6287200
4802700
6904400
5022400
7839500
10311200
5806400
9097300
5734300
7045200
6695200
5834500
7720200
6777300
6911500
7914100
6177500
5749400
4822900
5670600
5913800
13018800
5656200
6267300
11527300
18100500
7736500
10327200
7576900
5562900
8072600
6519900
5030300
5103200
4015500
7216800
7594400
6114800
7155300
7299700
7087000
23092200
18084100
13553600
10777900
8453600
8023600
9294000
9502200
8393400
7097200
2827700
7340700
9117500
9397700
7813800
12900200
7918800
6361800
6090400
5315500
5985500
4442200
8439700
7879800
6252800
9711200
7131100
8042000
7031100
8030900
13246600
2342400
3849400
4513600
5834500
5732300
9503500
7528900
11034600
12650400
9434400
10922100
10634700
8959900
18009400
11629500
12681700
11934000
23871700
15129500
19588100
13025700
10025400
7858500
6616200
7431100
9054600
8047100
5985500
9048900
8265700
11255800
6085600
6098300
7650200
6608200
7340600
6235600
7376400
7671000
8328000
7917200
8158000
18651500
11854900
7227200
8475100
6335700
8593300
8434200
8018400
8124900
9747300
10480600
9083200
9548900
9734600
9280300
9966500
9314400
11417900
8398000
8443600
9617100
8437200
6600900
9707200
11875400
8007600
7052900
5733200
6181200
7283300
6819100
9149300
9556800
7745600
8642000
19317700
18999100
12490800
6952800
5417500
7593300
5996700
6313400
5605200
7226000
8128300
8230200
6916600
6359300
5910400
11406800
9794000
5502900
8666800
9693400
8888300
7227900
6372100
6385200
7017700
8333900
5031300
4701500
6989200
9875600
7561500
8652900
7599300
7238200
6432300
6153300
7886200
5584000
5384200
7207200
6748600
6379600
6280200
5277900
6614700
7570200
9624900
5852300
7552900
7131500
9710600
11660400
8439000
10069400
8093200
6115200
9131100
9813300
9506700
10053600
8841400
8317400
10710500
9898800
12298200
18317800
7779600
11428600
10230300
8946300
7565500
6096800
5979400
5826100
5857300
4939700
5994900
6969900
6253800
6633500
8561800
7490400
6996800
5857800
6813000
5566200
5970000
9311600
6871600
6315000
5989200
5827400
6218200
5843800
5448200
7156000
11749800
11316600
10133800
8811400
10452800
8106300
11852200
9737400
6635100
9908300
13673200
12298000
15995000
14432600
8844000
8012800
6574100
6539200
4760500
9586700
18991900
13134400
11458200
9637900
11521400
11416100
17980400
21293600
24637400
17101600
15114200
11330800
16271300
15230700
9747100
9716400
14198100
12358000
12287300
11099100
14205900
12692000
12033800
10506300
7686300
10173000
8706200
12522000
7927800
9685100
10013600
11368400
15103600
12023700
10315300
13050600
12606400
17634700
19804500
15023200
12519700
8240600
3908300
10265000
9305200
9757800
10914000
11212000
11177600
9356400
8187000
10682400
10381700
8848200
11559800
8592000
8029500
13098600
7083300
6374400
2415200
3101300
6062600
5774400
6667700
7558200
8315700
9649500
8455100
7231800
7440300
8072700
7657200
9470000
11734800
11245300
13800100
24905000
12350700
10253700
9840800
8720800
13407200
9233500
9617000
9926400
8864500
10189800
11622900
13055900
8165800
13541300
10765700
9917700
6742400
8903500
8492600
12622700
12400700
13509600
12915300
12646400
17423200
21311200
15231700
13744100
15391700
14930100
15186000
13151800
15914800
11823900
11829200
9111900
11793700
11489700
17954300
9899300
12193900
12407200
9346700
12017000
11434600
15745200
10964000
14553700
12212900
16219000
10962900
8819800
8768400
7285200
8013700
7797200
6276700
8164200
9259500
10214200
12524700
15226700
12120000
9440400
10157500
8611400
11110500
9783700
10654500
6234200
8313900
6750000
7530900
8521400
11575500
8253000
7961600
8202100
9445100
8367400
7429500
7079200
7083100
7411500
5596200
7211200
7119600
6127500
6871800
7725000
7045800
7688000
5468500
7665000
6363800
8585900
7578100
9134300
7250900
8567600
7231000
7366200
6206900
13559000
7295400
5152600
6395200
6900600
5127900
4681800
7512600
5537300
7026700
6522500
6685600
7380800
6153200
7465900
9494300
5413500
8699100
14997900
20188900
10682500
8301700
8813400
8461400
6261000
5069200
5782900
5100900
6803100
5329600
6108200
4993500
5025800
6003100
5763200
3981300
4844500
6289700
5489200
4796400
5349600
4286200
4837900
4841700
8306800
6363400
4652200
4515500
4356900
6235700
5439400
6303800
5178800
4936200
3451700
5797500
5248100
4889400
5893700
4758600
6536000
11236700
8392600
9935800
4515100
5564700
5538100
5426800
5187900
8248600
6748800
7733300
7067500
7581900
5673300
6659100
5872000
6498000
13123100
7730500
7581300
9545500
11904600
19216900
7514100
8780700
7171000
6027000
6799200
6538500
9445400
8780400
6309400
7711700
7049400
5706800
6353300
6701800
4979600
7764600
6444500
6530800
5345400
4979700
7822500
1027500
3970100
5308400
5354200
7003500
4816500
3967700
3319200
6302700
6578600
4597900
5760000
7068500
4144400
5351400
6071900
7077800
6597200
5201300
7862600
6372500
5909500
9106600
4772500
5535500
4127600
4265100
5800400
4184200
3867000
4223400
6155300
6841400
5605300
5840600
4197200
5730400
8081500
6455400
7111800
8494400
13916200
15197500
9608600
10088600
5738500
7135300
8719200
9622200
11571200
7242900
5899900
4177100
9126900
8617000
5718500
6044500
5219100
5089000
8017700
6777300
5827400
5525900
6303100
3808100
4591900
4782000
5658700
4784200
4577700
6013300
6390000
6032300
6140200
6199300
7528800
6916200
7922200
5169500
4497700
6134900
6348400
4954400
10744300
5651900
5978500
6669300
7603200
5550800
4643000
3426600
4904800
4980500
4118700
3926300
5157000
6006900
5185100
3992300
6819100
8545800
6425300
9546200
11353700
15216500
7559200
6018500
6197300
5285400
10916700
7122300
5786900
6266700
4992100
8285000
6072800
13168800
10584800
8463900
6498900
16626900
10497800
9920100
8923400
9330000
8669300
13176500
12639500
6868600
9494800
9083200
7725900
7421900
7135400
7705300
6645300
9669200
6951400
8399200
7795500
7479700
5820200
6753000
6652500
6401000
5571000
9581400
6857800
6030200
6855800
5565500
10420400
6335100
9376200
8018000
9742100
6454500
6348700
7090300
5439300
3898000
4206900
6687700
6607200
6186800
7002900
8388600
16337400
8615500
6909000
5078000
5174900
4648200
4248800
8994200
6021000
6437500
5091800
4567500
4520600
6136200
6131700
5471700
6316100
5132200
4669400
4009200
4298300
4883200
5402400
6246300
4034400
5621200
5235300
7746600
6214200
3604000
5624200
5623100
5103300
5142900
4353300
4477500
3436700
4418700
5271300
4850500
4762500
4685000
10397400
7145500
5267900
4922400
3898800
7122400
6155400
7481300
5151200
6425800
5621200
4059900
6202500
4783000
6440800
4540800
4004300
5637300
8784300
5653100
7220400
10322700
14159100
6945500
6221200
4105300
4870000
7327100
6465300
5481600
8439300
5674600
4626400
5182100
6622500
4995800
4459700
5700600
5172000
4752200
4731500
3827700
6342100
4785900
4236200
5015900
3730700
4570300
4874100
2081300
5040300
7674800
6822800
5374000
3710600
3321800
4828600
4961400
4405300
3503800
4741000
4800800
4447400
4178600
10027000
3995000
3777100
3388800
2424500
2314700
2699600
3661100
3039100
2969800
4603800
5060100
4657400
5029200
4135700
3633400
4163600
4091500
3445800
4544200
9176900
12141000
7439900
7009000
7285100
8260800
5353100
4878300
6725600
7197200
5831300
3904000
4683400
3755200
4928100
5612600
4633600
5737800
5185200
4129800
3768700
3216000
3230500
4245000
5209300
5998100
5707500
4518400
4773000
4382800
3413000
4057800
4910700
5312000
5384800
9086600
7041400
4271000
4300500
6475800
12195300
7376400
11450000
5784000
4311400
4782500
5145800
5348100
3972800
3456700
3394100
3860800
4381900
3225100
3612000
3774800
3666700
3324100
4139000
3860600
4181900
4699100
5287400
6160700
6547100
10891800
6158400
3583800
7300000
5299700
5087700
5587700
5396200
5007700
6890300
7332000
4839400
3594800
4934800
4663200
5138500
5167400
4662200
8773200
4154300
3538300
4869900
5144000
4643600
3882100
5771300
3277600
9123400
5134600
3854100
5230500
3619700
4187000
3850800
4299800
4683300
5099200
7050000
5225600
4861100
7149700
3956100
5387300
3960500
5271500
4402600
4446700
4850000
3817100
5105200
5181700
4586500
5885900
5905600
4399900
4766500
5036800
4074800
4613100
5347100
8879700
13245600
5901100
4958400
4516100
4987000
4356200
5806800
4478800
6665600
5842700
5770400
6722000
11022300
11871800
15804900
12517600
13993600
9175600
5187000
7645400
5585400
5129700
15082600
14068600
7249100
6923300
6427000
6751600
6438200
5293400
4477700
6074200
5463900
4979100
5761200
6796600
6027200
6743900
5247200
4723800
6980700
5464400
11048100
4755600
6209600
7043100
8195600
5586600
6745700
7638800
7732200
6944300
7807400
9042600
9200000
5851700
7180900
6842600
5784800
5330500
5338200
4399200
5368200
8790300
15729400
6708300
7513800
8054200
5890600
5373100
5387700
7057800
5009800
4710000
5881200
4136600
4953500
3237600
3530800
4330600
5494800
3881600
3665300
6038600
4585300
4616800
5840500
4440900
5145100
4178600
4800900
2232800
4524200
3661600
7836800
4858800
4962200
5699400
4144900
5081700
4369000
4847900
3796100
5008400
5057700
4474500
11849400
5039900
4740100
9282500
5052000
3052300
2775200
2872000
2941600
3530900
5646000
4346700
4463100
4897100
5201200
5161000
4110800
6881000
5279200
6003400
4600600
8567200
12849700
5751700
5345700
4359700
4004700
3360400
4359000
4826800
5088800
3907300
4521700
3639800
3433000
3803800
3876400
3391100
2458800
3398100
4020900
3525500
3746500
3293600
3275800
8032700
3353200
3758400
3167400
5117100
3560300
3727400
6938000
5214700
3346900
3145800
3178200
3119700
4866000
4602300
3621100
9637000
3763200
3695100
3329900
3307800
3036200
3418200
2704500
3265700
3403700
3215200
3387900
4091500
4404000
3809000
3326900
4132900
3366200
2929600
3767000
3826600
6065500
10153500
5762900
4758200
3618800
5626300
4003400
3302700
3496900
2773200
2715900
2360300
2826600
4023600
3373400
3881500
3742500
3830500
2391500
3029200
2987400
5001000
5626300
5737100
3831700
3567100
4100000
3569300
2901900
3618500
3602500
9287500
5206400
4624500
3556500
3641300
3701100
2479200
3273300
3023700
3247700
3585000
6389000
3378900
3297600
3378200
4316600
8823000
3211600
3435900
2762700
3967300
5259600
2827000
1450400
2690200
4952900
3988100
4690300
5456100
4931300
3933000
3144400
5158600
8019500
10395400
4789700
3904500
3597100
3833800
3282900
4177300
2787000
3507000
2559300
2812600
3278100
2337800
3209400
2068300
2160100
2600500
2418300
2562300
2111800
2729500
2551800
2336000
3111300
3296100
2757400
2639500
2498800
2539200
2141400
2740900
3193300
4514400
3312500
3931700
3413700
4208000
3910600
3284000
3879600
4057100
3275100
2476100
2605600
3739100
12771500
3511100
3345200
3423300
2771900
4910900
5456900
3321000
3192300
2957500
2858400
1982600
3580400
4024500
2910000
2712000
3060900
5632100
12673900
9295900
6620300
4402500
4427400
3738000
3249600
4006500
6052300
3758800
4260100
2736200
3281000
4746200
3542200
3671600
3067400
3406700
4404400
3411700
4660800
3588900
3170200
5189600
3877600
5210300
3290900
3603600
4077900
4936400
3349600
3990700
4202100
3216600
4091300
3438500
4144000
4241900
3623200
3826900
3792400
4125900
4270500
4184500
8225300
1631200
2776500
3967600
3536600
4684900
4234100
3644700
3380200
2862300
3026900
3212000
3608100
3880400
4172200
4172100
2962900
3881600
4559600
7172300
12530500
4447200
3358900
2823700
3617100
2998400
3091400
3370700
3188800
3636900
3624200
3076700
2893300
2944700
2461800
2169800
3294200
3627800
2998300
3715400
3922900
3107900
3844800
3391600
4185100
4689200
3308300
3693400
3807800
3594800
3884400
3700500
3049700
3591600
3355900
5505500
7930300
3006000
3198600
3019000
5830400
3031500
3242500
2300300
3223400
3749900
2144500
3116800
3128800
3709500
4148000
2351200
2577300
3524200
3655600
3165400
4218100
2859500
3269800
6502000
18847000
9845400
6296100
3693900
4650900
3490300
5932400
7539900
4899100
3945100
4492700
4826500
3451000
3601700
3542300
3279200
3648400
3699700
4028100
4507000
5704100
3614500
2982900
5186800
5179100
3295800
4011500
3439400
4399700
4949000
3322000
3598300
4215400
3679400
2953400
2652300
2814400
3409800
2899500
2804500
3219900
3277800
2846100
4514800
8914800
4356200
3846200
3320200
3514200
10055800
4442400
3657700
1872600
2405400
2947500
5204200
3892000
4177500
4494700
5674700
3745300
6868400
8393400
6997600
3398000
2863800
2957900
3014300
2485100
2113700
2663200
3810000
2877700
3874000
2490900
5938500
3901700
4547600
3249600
3026500
3542900
2892300
3692400
3426400
3248900
3117800
3551000
2354300
2292700
2170400
3190700
3979200
2980900
2731000
3487200
2597900
2867600
2903500
3017200
3149600
4962900
3354800
3710400
3902400
2930900
3841800
3178100
8525900
3340800
3085300
2654500
2093600
3905500
3978200
2681200
3617100
3211800
2863600
3966400
5578300
4423500
3658900
3232600
2663100
3365100
6718000
22368900
10548000
7098700
6977300
5409400
5533300
4842800
3712700
8904600
5273700
4318100
3644500
3483300
6096800
4560700
5219500
6275000
5222300
4258500
4704400
6321500
5176100
5344900
4577000
3645800
4459500
7610200
7161900
5756000
4596500
2870500
4560000
5864000
5267400
4384900
4739800
3796600
4127800
4090400
5671600
4184400
7517000
5471900
5697700
5927000
7653500
4079900
1613600
3325700
3381600
3018600
3619700
4546500
4063200
4067800
5932300
4603700
4321300
4022400
5784700
4619200
4816500
4770300
7644600
11076300
13796100
6973900
6890600
5208600
5333300
4970900
4853700
5193400
7186800
4349800
4712300
4292200
4692900
3540400
4647300
3983000
4482000
4659900
4435200
4671500
4968200
5699300
4595300
3902300
3740700
3827800
4667900
3950100
4733000
3485200
3817300
4117800
4591200
4229500
4833000
4913200
5490300
4938100
3961300
4323900
5062600
12535200
5738500
10912700
6851700
6767700
5194400
8537300
5394100
4924100
4091100
6089900
6740500
5125000
5480100
8417900
4835000
5431100
5351300
8527300
11255500
5419700
3878600
4736400
4407100
3871000
5638300
4626300
4206800
3674000
3049900
2222100
3188700
3821000
2431900
2261600
3777400
2226600
5251500
4202200
3949500
3270700
3026500
2988000
2218000
2562900
4793800
3721600
2759900
4620500
3200500
2517100
2376800
2852200
3296700
2728400
4154900
4061700
4425300
2773600
3556200
2460900
3931800
3551100
10686800
3231700
3875400
2762800
3258500
4575500
4223800
6643100
5093000
2422400
2958700
3135100
3309600
3177800
2402500
4501100
4864700
7812600
8872300
8166400
4154400
4853000
3584200
3612700
3376400
3242400
3264100
3943800
4207500
5181100
2125900
3307900
3847000
2708600
2781500
2527200
1858600
1797000
1929500
2814800
2420300
2040100
2177600
2496500
1940300
1723600
3175400
2190200
1503600
2909400
2679700
1822800
2865000
2260200
2524200
2403600
2764000
2298500
2901000
2456400
2561500
3210800
2963300
8852000
3318000
3301800
3082600
4151400
2493900
2336300
2932600
3723200
2283100
3071500
2099500
2991300
2984800
2625400
5090200
3596700
3924700
6895800
5578600
4350200
23416500
20949800
11084800
7599400
6652100
4989100
7895300
4739300
3896000
5818000
4688200
4246900
4104700
4067600
3494800
4958200
3534400
3377600
3239500
4976700
4798900
5410100
3802200
4182200
