3.51597358558
-3.39655172414
1.75438596491
0.440528634361
-3.81355932203
-0.840336134454
-0.418410041841
1.05708245243
-1.14529342919
3.343412527
-3.13807531381
0.420168067227
-2.05761316872
0.0
1.99798522498
2.02997858672
2.86343612335
1.73897454285
-0.614699331849
2.04545454545
-3.08370044053
-3.09084699454
1.29735339907
1.31440588854
-3.94747916842
1.2182654626
-1.46071188717
3.24146299185
-0.58590384284
-0.905054644809
1.18358531317
-0.856531049251
3.77777777778
1.35135135135
2.06896551724
-1.58371040724
2.31481481481
3.34928229665
1.70316301703
2.49376558603
-2.78316524438
-4.51851851852
4.79332427712
0.0582524271845
-3.05882352941
-1.62037037037
2.61282660333
-2.26576283778
-0.856195912355
1.51401869159
-1.83486238532
-0.909090909091
-2.43902439024
-0.660792951542
-0.656455142232
-0.867678958785
-4.45199801028
-4.93379571248
3.57551020408
2.94117647059
-3.0549898167
3.6915019429
-2.96721311475
0.668371977886
-3.048
1.83299389002
-0.300519818064
0.818866688503
2.29519182443
4.94945054945
2.82950641837
5.35238095238
-6.14944583482
0.340807174888
6.19047619048
0.961538461538
-2.34741784038
-5.33333333333
1.80995475113
-0.108479479299
-0.789237668161
-0.446428571429
0.556652899982
3.01516833148
0.464597658428
-0.241008527994
-1.70387243736
0.688073394495
5.82524271845
-1.37878207583
0.0
0.23994625204
-4.4128440367
1.03819058213
1.71600980577
-0.357008643367
-2.57208237986
1.74147886012
-2.04342273308
2.92957746479
-0.411445670469
-3.60555255093
3.38272295219
1.2358490566
-2.58248322764
-3.54578494814
0.382630361274
-7.12396694215
1.04384133612
0.0501295012115
0.715247391451
-0.393931774369
2.85344827586
-0.693433781354
3.14348785872
-5.92291078252
3.43701666953
1.64192139738
2.40586709597
-0.0625670361101
-2.21134516214
4.24601366743
-3.54192300932
-0.19298245614
4.05257393209
0.0547945205479
4.28571428571
3.7037037037
-3.62649914335
1.69393088762
1.28431372549
-2.50430128083
0.596153846154
0.0577256109294
-1.47867298578
2.11983351079
-5.00229885057
-7.24946695096
2.17864923747
2.0
0.446428571429
1.92937750273
-0.38981053395
-1.34156157768
-0.391982182628
1.58371040724
-3.28227571116
-1.50862068966
0.10355540214
-0.369701659359
-2.16184387618
0.109473684211
-0.835073068894
-0.72127342066
-2.13387423935
1.02459016393
-0.310508252983
-0.0979591836735
1.71039521754
-0.823451910408
0.0494315373208
-1.51724137931
-1.24989984777
-3.2480620155
-1.90114068441
-1.03853100542
1.97222009055
-1.2952582942
-1.1974255351
1.85227532586
-0.1902008521
-1.45449092818
2.99613899614
4.01606425703
-0.4
-2.10666457828
0.638398486759
1.504
1.41987829615
-1.35264927165
0.152304609218
2.67489711934
-1.92121407814
0.715447154472
3.25721961048
0.949152542373
2.38611713666
2.33528680519
-4.40539852305
6.55752532562
-3.33974471061
1.05132962276
-2.4224137931
-1.64490418857
2.66364902507
2.57142857143
8.61132660978
-5.44654318724
-1.85385169186
-1.66371681416
18.3989941324
-1.03691414351
1.78364116095
2.01335055986
1.57480314961
4.43124714481
-5.59568733154
-1.00330878429
0.40724466831
-5.26903553299
-0.0608766233766
-3.31567588778
1.81781861766
-0.189412820257
-1.95484312384
2.31
0.563153660499
6.9247311828
-4.55665024631
-2.07035175879
0.120748641578
1.15012722646
-3.61977633902
-1.26876513317
4.82233502538
0.0
-1.44086451871
1.52377082487
0.57212913772
-1.93367398056
6.7486631016
-2.21710939134
-2.80544826184
-4.83652544012
6.85271317829
3.89819587629
-4.0
2.10526315789
1.1930123562
2.88219178082
-1.28732150584
5.27274797859
-2.97237569061
0.421660008877
4.79069767442
5.44384502207
-8.3595505618
4.94045513501
0.141693234148
-0.656891495601
0.294117647059
0.22403018512
-10.3677869372
1.53449940981
-0.86170212766
0.4702864472
1.08038029386
-0.941780821918
-0.26683744263
-0.127918132395
1.14285714286
-4.07487847761
-10.7284645924
-2.64269662921
2.47789240973
-0.458463231249
-1.24954726548
-0.279909706546
-3.012522988
-0.68707601322
-1.39782179916
4.11607142857
-1.79745725559
3.42794957831
-1.73765817145
-1.72519485069
-2.32657599863
2.46275197195
1.875
-2.52393385553
1.01098901099
-1.1728931364
-1.43860250043
1.54782608696
3.13901345291
3.71128267138
-1.27640036731
4.71153846154
-1.23456790123
2.64158300029
2.69269269269
-5.79915134371
3.66568914956
-2.48784672576
-1.02830188679
-1.44119014412
1.01437024514
7.23134253198
3.9794742905
-2.94745400955
3.61204717776
-0.627877773127
6.05993340733
-2.69978401728
4.86976217441
-0.875617422542
-0.0224466891134
-4.71607314726
-1.98113207547
-4.12060301508
5.39137803199
-0.662878787879
-1.18527760449
1.60574688358
4.72397389092
-1.75
-6.32318501171
0.265441551812
2.03125
-3.07925290257
1.662732218
1.27858627859
-0.568475452196
-2.95887662989
-6.38497652582
-6.96252293177
-0.313506923278
2.52678571429
-0.594656962812
-1.89812799303
0.975909970107
-2.11703958692
0.920618377627
-2.84364188676
2.69497400347
1.49516270888
-1.8643190057
-0.0345125107852
-1.52931180969
0.615489827321
1.54513888889
3.03192916555
-0.66631130064
-0.898045430534
-1.9170984456
0.634396454332
-2.01805177112
-1.34408602151
0.872807389204
0.519591141397
-1.83946488294
1.52801358234
2.19484688124
2.32578783844
0.760286225403
-0.965541677739
-0.659978880676
-2.84688381636
-0.451063829787
0.213219616205
0.99052540913
-1.0736196319
0.0938166311301
0.609232881414
0.682505399568
1.8926056338
-0.58633062046
-0.496342737722
1.54744009196
0.435168738899
-0.239213254186
0.195295162006
-0.345010615711
-0.422832980973
-1.37271937446
1.40969162996
-0.74333187582
1.21260400071
0.78501338091
5.25821596244
1.69977081742
2.70694389957
-1.81993259509
-3.17016317016
-1.17939740164
0.6585049156
-0.654196996222
4.07556578443
0.269230769231
-1.60832544939
-0.141709966934
1.28217395465
-0.362284297836
-1.04716981132
1.24164278892
-1.08644307983
0.608307195134
-1.72800298898
-1.59926470588
0.573118875947
1.56792789409
0.244705882353
1.97715711681
0.10568793236
-0.828966174369
-0.859625921028
-0.320150659134
1.1332254071
-0.699763593381
1.10909264748
0.470701248799
2.16900579056
-1.99115044248
0.932038834951
-3.72932049724
0.121654501217
1.81991424488
0.787477191972
3.75647668394
0.410205102551
-1.51739087595
1.13602391629
2.39795918367
1.45977844497
0.124391002384
3.35333190486
-3.17427385892
0.416666666667
2.78372591006
3.2044198895
-4.5358649789
0.370566437268
3.45016429354
1.44444444444
-1.87527256869
-1.06784597131
-1.13042550922
-3.28004125838
-0.36995170075
-0.724341971026
-0.48730964467
1.40004117768
-0.113110539846
-2.1629778672
-1.42800476002
-1.13725490196
0.147275405007
-1.02040816327
1.6195931266
-1.35411592791
-2.4703087886
-0.529250543427
-2.54213871235
-1.88866799205
-0.449802087082
2.33842754557
-0.0276115968707
0.536689182937
-1.6562016562
0.356164383562
-0.427389287988
-3.20394331485
-0.210803689065
0.035146296459
-0.23667601683
-0.679087584886
-1.57669237361
2.05509400962
-0.348583877996
0.218340611354
-0.434782608696
-0.38115038115
0.962043029561
-0.875596012137
-0.842431015215
1.86514886165
1.82790905038
-1.99248448833
-1.00354701964
1.27924296854
-2.15192043896
-3.92092257002
1.0487764275
-0.215946843854
0.618418853418
-1.51440329218
-1.37987012987
2.45322245322
-0.701899256813
-0.197791330147
-0.703764320786
-1.36411332634
0.969845150774
0.573770491803
0.452861259778
-0.77614379085
-0.890688259109
0.488201790073
1.60383597884
-0.444444444444
-1.74672489083
-1.54458598726
1.2494961709
-0.521251002406
0.168688248052
1.92402161454
1.5210705677
1.91444303261
-0.673117374842
1.23509369676
-2.08507089241
4.94529540481
3.39366515837
2.40963855422
-0.754231052244
-0.512445095168
1.04484512252
5.0
-2.41591662719
-2.16887570674
-0.101851851852
1.12359550562
0.470366886171
-0.309481384226
2.61764988933
-1.02866939709
-2.22574036133
0.760063807826
-1.38798926622
0.166836592826
4.85955875207
1.5695952616
2.00382640218
3.04004980286
-2.10259014728
0.152594099695
1.18373648996
-0.695083307779
-0.295556461476
-4.75635798874
-2.71954674221
0.217658748935
-0.592662276576
2.49734837528
-1.31316014844
-0.142531356899
-3.00460829493
1.23157305467
0.544090056285
-0.177919280832
0.413728255759
-1.06056377337
1.88625592417
-1.19872635325
1.11742424242
1.96987253766
0.64139941691
-0.473933649289
-0.586538461538
1.10830254715
1.89202575532
0.990396158463
-0.872669575565
3.69151670951
11.2572932159
-0.376111237748
-1.42680597686
5.72514550422
-1.64719626168
0.292911540715
-0.986078886311
1.63895767009
-4.65430016863
-0.0561797752809
1.2168770613
0.687049124012
0.959537572254
-0.242186599008
2.36099634046
0.97747049708
0.155205348615
-0.640569395018
0.524683997138
2.54340914649
7.60526315789
-0.653594771242
-7.21649484536
3.15275866383
0.31375502008
-3.05389950116
-3.84885353299
1.15976331361
-1.1117612639
-0.280079355817
1.46832445234
1.19832234871
-0.654761904762
-0.414937759336
1.50421179302
1.24269005848
0.588235294118
-0.790273556231
2.23741454319
2.99577518884
-1.51305005674
-1.53941651148
1.1172483053
1.73690932312
1.953125
1.73532918267
1.12525117214
-1.25661375661
-0.748326112643
-1.25745397978
1.5801948907
3.53101567825
2.47275775356
4.11636363636
-1.36298421808
1.60349854227
-2.06995003569
-2.57301808067
-0.138888888889
6.50887573964
-1.42898804316
-2.73720039711
-4.06802721088
3.08555399719
2.33960097603
1.32344386271
-0.936464486385
0.288975581563
-2.52112676056
2.88364005217
-2.37657377281
-1.88757807078
0.0694444444444
5.10948905109
2.16256524981
-3.58067299396
0.27397260274
4.44277108434
-6.71536948581
-0.849700515392
1.97443181818
3.15018315018
0.545079552151
2.86407031368
-2.81296023564
-1.83605609368
-3.40734534283
-0.306278713629
0.0836003901352
-0.180806675939
-4.03096636412
-2.06535947712
-3.59168241966
-3.80652200267
1.50116894303
0.333333333333
-1.20746432492
1.9776119403
1.23394610929
1.87275525911
2.49802787273
-0.730879665884
1.64499867339
4.18797512094
-1.87169401872
2.14740925464
-1.39344262295
-1.74496644295
-1.45502645503
1.88679245283
3.24196465841
-0.868965517241
0.24889380531
0.794425087108
3.16319194824
7.33024691358
1.37672090113
0.867918573457
6.05857740586
-5.17378193937
1.5962592712
2.75016567263
3.51569199108
-4.67549452346
2.5825926547
-0.616666666667
6.00706713781
-0.457263454098
-0.333041191937
3.59542400581
-4.3591524835
-9.91864831039
0.78839482813
-7.38901869159
5.51617873652
-10.1108033241
-2.76094276094
-1.72071475844
1.42300979997
-0.14745308311
3.46740638003
-3.29935622318
-2.61233019854
-0.234558248632
-2.45328587772
-0.342031922979
-1.81592039801
-2.54545454545
1.00391772772
0.171694873682
3.28055731476
1.75280319629
0.388148531505
-2.3499684144
-0.252047889099
-1.69722497522
0.887389076365
1.04824450619
1.03355875973
-3.97010170322
-3.87514723204
0.55667416795
-2.05336426914
1.34023042558
-3.0102622577
0.897376898297
-0.435280641466
2.45276376012
1.81622655036
0.758487840116
0.898931000972
3.43007915567
-1.49752475248
-0.785854616896
1.58413371585
0.2125
-1.98480764519
1.63117918067
1.49121698471
0.597508263412
-1.41621757112
-0.585596810366
0.626880641926
1.6050955414
1.47362978283
1.45573770492
-1.61290322581
-3.81035124736
-1.32271892223
-2.32085177653
-2.8023255814
2.14989903789
-3.22988505747
-0.775547445255
0.194263512741
-1.20794761797
1.1302660121
1.78965717606
5.84255842558
0.943630494164
1.0539523212
-1.66563849476
2.6079250538
0.726855394032
-2.10959930096
-0.261454183267
2.57982120051
0.127877237852
0.0255819902788
1.41393176806
-0.220036241263
-0.322539027222
0.5317769131
-1.03966114748
0.671921436878
1.16339869281
0.843659372528
-2.05293737895
-2.36984747258
-0.226386618035
0.454832596336
-1.00062539087
1.76934826884
-0.644998102947
2.15762273902
0.155279503106
-0.859525336754
0.801758696496
0.821382007823
-1.3250997041
0.856364344103
-1.06546854942
2.90620871863
0.464499004645
0.226123969141
-4.16826003824
-0.696202531646
-4.19597380548
-0.0121256214381
0.573170731707
-0.243309002433
-3.18021201413
3.22188449848
-1.43798681845
2.32985898222
0.12277470841
0.742115027829
3.08555399719
-0.381049155341
-3.35133808004
-0.549383469662
1.3863101869
0.397663725612
0.499562882478
1.72786177106
-0.379698772307
0.330158730159
-1.64855751218
-3.28542094456
-0.108590733591
-1.63778779967
1.07965451056
-2.65094009109
-0.139941690962
0.645539906103
1.57367668097
-1.45676691729
-0.63039925286
0.895170789164
-1.15263709396
-1.91846522782
1.21359223301
-1.13129928008
0.957544993078
0.732132481116
-1.7133066819
-1.62921348315
-1.08913091798
1.44306651635
-1.33481646274
1.02258680751
2.93811451706
0.792818001632
-0.475748433511
0.116171003717
0.961764015951
-2.77112555594
0.137033230558
0.240384615385
-0.77237619264
0.813008130081
4.18754473873
-0.510385756677
2.86935286935
2.31105559026
-2.37804878049
0.354913719251
-2.69143741813
0.0238237045861
1.4501510574
-2.07100591716
0.237247924081
-0.47225501771
0.177409816677
-0.435704192181
2.09184900216
-0.538084419467
1.38198569524
-2.20509780676
1.11484056581
1.11515151515
-1.30398373011
-1.35709228228
0.941036331149
-2.48577070508
-0.185507246377
0.912600912601
1.71367368797
-1.01307574508
-0.620463591665
-1.18000925497
-0.345861194374
4.09216368655
-0.465838509317
1.47878787879
0.794135613928
-0.546780072904
0.969206232364
-2.44165170557
1.22364913981
0.904645476773
1.03754940711
-0.356923076923
-0.0246093269349
0.172562553926
1.60300563557
0.12539184953
-1.16495228653
-0.234915924827
-0.172796840286
-0.601153232732
0.381773399015
-0.441392839627
-0.281207971635
-2.07136015326
0.808690404345
-0.240818783865
0.2414001207
-0.14463058937
1.23230844314
-0.654545454545
0.609756097561
0.1221001221
-0.134129984148
-4.37266791045
-0.660257152786
-1.7972926857
1.10408280621
-2.41301907969
-0.357861775889
1.79872495446
-0.090991810737
-0.879368658399
0.237314950842
-1.99357625429
-0.375151715767
-1.48913043478
-1.37221269297
2.0680599628
0.0547405298883
2.17002237136
-0.0111844312717
0.404267265581
-0.447177193963
1.26797237632
-2.23574986165
0.29973357016
-0.617828773169
-0.592235139285
-0.567066521265
-1.03604575869
0.227149810708
-0.237401532319
-0.568669527897
0.517687661777
-0.0215656674574
3.87544802867
0.0560349658187
0.258426966292
0.0787135949623
0.531313588062
0.351673284175
-0.305360778104
-0.112968820606
-1.53503893215
0.626818894112
0.246858168761
-0.402324541797
-0.223015165031
0.605788647072
0.734546276415
-0.951421535706
1.22365737593
-1.87882156754
0.660250671441
-1.46653434778
-0.439126138983
0.930747922438
0.501113585746
0.955593029792
-0.503355704698
1.14266319719
-0.270788672007
-1.14878429623
0.257184390026
-0.533867200534
-0.695825049702
-0.516426766289
0.28650137741
0.498338870432
-1.22511485452
0.860547219771
-0.614035087719
0.62893081761
-1.19917148152
-0.725108225108
-0.334376011218
0.651395071111
-1.98978506065
0.620985010707
0.722527768791
-0.440197552072
-0.267694613984
0.646621403168
0.563563455078
-0.678148546825
-0.662959794696
0.96081183202
-0.053949072076
1.23429819771
-1.61203653949
-0.0107457554266
0.301789178702
-0.279449699054
2.00635895187
-0.371381758602
2.0624303233
-0.675451223563
-3.94596894278
-1.36382710869
-1.83316168898
-0.614124872057
0.194851810071
-0.398365679265
-1.95292939409
1.06275303644
1.45820497022
-0.642791551882
-1.22946689509
-0.16098199014
-0.61
-0.189639684599
1.34533683998
-0.0808570851021
-0.0101061141991
-0.662584077904
-0.350140056022
0.664652567976
-0.411192458129
0.342155580155
0.965250965251
0.633946830266
0.503545370466
1.40683618174
-0.857526603988
0.258960016573
-0.25829114578
0.300518134715
-0.55647155812
0.227225779798
-0.0206526228831
0.46685340803
-0.0622083981338
1.96638122423
0.0634719136782
1.57962604771
2.02828637211
-2.24008574491
1.61184927031
-0.681449432125
-1.00653174858
0.581583198708
1.3425016372
0.659195781147
-0.328515111695
-0.490356325597
-0.671068297435
-0.40961517732
0.0971083297367
0.389948006932
0.522648083624
-0.573779365595
-1.94267515924
0.0212359311956
0.51227321238
0.666093682853
-0.0429553264605
-0.661403883081
0.752364574377
-0.704375667022
0.267522739433
1.26788036411
0.369806395475
1.42305570877
-0.668419899189
0.573065902579
-0.591586327783
0.939953555236
-0.746350565251
0.774250635992
1.49303996408
1.03209708518
0.170415814588
-1.10112359551
0.044964028777
0.679040289724
0.192765619685
1.50782688766
-0.286927579479
0.368621126598
-0.435829796995
0.902673301701
1.02887875599
-0.61584940739
-1.13727742677
-0.4232441089
0.332835992196
0.0344431687715
-1.80383314543
0.396151669496
-0.270910938029
0.0
0.533363595098
0.159127074335
0.721236405266
-0.239835541343
-1.21841155235
-1.55486450466
-0.0555000555001
-0.409020561574
0.432996558232
-0.519107576762
0.177030316442
-0.0663423264042
0.42194092827
0.636942675159
-0.588758053766
-0.848111025443
0.888987665296
0.491345616974
0.946905647616
0.475705062861
0.158820192853
0.742857142857
0.528492647059
1.56359393232
0.410076157001
2.03227734608
-0.286088925974
-0.249702734839
-1.34897360704
1.33127302983
0.130921209236
-0.30849549122
-1.19577960141
-1.2274201019
1.24267291911
-0.883104810597
1.42604596346
-0.282054295452
-0.919888216116
0.0349446709377
-1.06027428835
-0.344550361778
0.438343522898
1.14339050286
-0.30243108061
0.915600422585
2.04839482511
-0.0837821663674
-1.69431697847
1.55335165492
1.80026760735
-2.0259802169
-0.130921209236
-0.0237981913375
-1.28039469047
0.282718812581
-0.422287390029
0.708800945068
-0.0708298902137
-0.423180909839
0.448695241469
-0.294325406169
0.63981042654
-0.342425315858
0.558062218
-0.413858342202
0.213295414149
-0.682593856655
-1.03657116236
-0.670985654789
-0.368833563854
0.312174817898
-0.265221402214
0.405233298599
0.290292614956
0.443200373221
0.0466744457409
-0.0233317778815
1.67239947812
0.51263710062
-0.651427217814
0.320817490494
-0.378787878788
-0.588373734996
-0.886400746443
-1.13007380074
-0.504818724185
-0.183234081539
-0.817810086324
0.709219858156
0.818821358552
0.0923467620917
0.732558139535
1.20028241939
0.235904694503
-0.082498526812
-1.24534450652
-3.8603558241
0.619229903175
0.817253121453
0.812449937064
-1.17607146896
-0.640449438202
-1.11111111111
0.558659217877
-0.278551532033
-0.399511707913
-0.397921963082
-0.800438596491
-1.27733275601
-0.964837049743
-0.0963907036521
0.0
-0.256382865079
-1.24485705243
-0.556021821234
-0.625521267723
1.08546738329
-0.597108736644
0.378548895899
0.68819481207
-0.693933340343
-0.178421494542
-0.188560653677
0.78125
-0.816753926702
1.33701188455
-1.71047142261
0.125313283208
-1.35970333745
-0.604074946248
1.63371488033
-0.569063631661
-0.881960824531
0.868935553946
0.228097459824
-0.883773507348
-0.0205486489263
-0.123140071832
1.29937629938
-0.36250647333
-0.484436198722
-0.604446265751
-0.112566516578
0.225641025641
-0.813835198372
0.122224485639
-0.122075279756
-0.284033272469
0.849104859335
1.08583247156
0.20725388601
0.31185031185
0.438504907079
0.104515050167
0.715789473684
-0.220565066695
0.804658549497
0.371944739639
-0.842992623815
1.93340494092
0.10752688172
0.671140939597
0.642771543741
-0.43388653867
0.26101141925
-0.0326157860404
-0.979653353429
-0.567330336116
-0.468783294268
-0.466595970308
0.812486636733
-1.02634641837
-0.0211573045594
0.42494422607
1.54261057174
-0.0646830530401
-0.578778135048
-0.288554023726
-0.805682179582
-0.306489114352
0.928
0.514634930846
1.02902946274
0.238870792617
-0.582901554404
-0.172413793103
0.237632317995
-0.771704180064
0.408953938872
0.551888323774
0.0433041030638
0.840611353712
-0.57527406925
-0.238224147266
-0.0649280380911
0.98349907114
-0.424374319913
0.569052309039
0.805295091009
0.879145337191
0.649641577061
-0.25695453022
0.0111731843575
-1.12682280159
-0.198456449835
-0.373462214411
0.485651214128
-0.088222320247
-0.766031954476
1.03936311367
0.132860938884
0.837333928771
0.640449438202
0.633197648123
0.958904109589
1.62412993039
0.524781341108
1.39529383942
1.11190817791
9.0482398957
0.0652315720809
1.55007949126
4.81877517012
-2.728623531
-0.242554911737
-0.536121163383
-1.08710062309
-2.10253082414
1.50177842182
-0.615344330977
-0.169912429748
0.0523080946777
-0.79138557343
2.09271523179
0.31889449907
0.373432915444
2.29195088677
0.0272925764192
0.908840539796
-0.738108255878
-1.5873015873
0.0673038093956
-2.71084337349
-1.03680663556
0.981546917943
-0.130701869037
0.923361034164
-0.25
-1.47783251232
0.0518806744488
2.05162144275
-1.67881311817
-0.659340659341
2.05831903945
1.05333333333
-0.0533049040512
0.320855614973
-0.173495262245
0.213989568009
-0.37308461026
0.2136466818
-1.84796854522
-0.973393900065
0.86398743291
-0.209013716525
0.183222091349
-1.06176356338
2.41347301419
1.89163626537
0.175961017867
-1.88579017264
0.762745885187
0.714285714286
-0.629436185885
-0.160449257922
-1.3454689355
-2.02894804859
-2.42118537201
0.430597771023
-1.34932533733
-1.73112338858
-1.17689881097
0.0485554746298
0.696736340301
-2.25806451613
-1.06382978723
0.236966824645
-0.0473709142586
0.285035629454
0.0951022349025
0.298080362466
0.0835322195704
0.407380781213
0.0359582883855
0.144040331293
-0.892219842969
1.13089509143
-0.287907869482
0.0
-0.167664670659
1.80443794197
-0.774255988386
0.571845723324
-0.375757575758
1.47601476015
0.0
0.184842883549
-1.9453842436
0.193704600484
0.694867731318
0.873093949828
0.271270036991
0.895745210251
-1.1802311286
0.993295257015
-0.0992309600595
1.35780739251
0.100679587214
-1.92545050605
0.049394912324
0.222772277228
-0.785854616896
-0.0490918016691
0.904024767802
0.335487077535
0.587426571679
-0.39835677829
1.13307314617
0.927573062262
1.46982980918
-0.831095767805
0.269230769231
0.762175429531
-0.743685087832
-1.89937106918
-1.07018417123
0.174520069808
-0.285891858297
0.424416427412
0.363317464295
0.150564617315
-0.993788819876
-0.923076923077
-2.33201105902
1.21669302835
-0.0121654501217
-0.182149362477
-0.290592081366
-1.06612362242
-0.819769514079
1.20235661897
-0.192007680307
-0.167724931113
0.131957773512
0.567016527929
0.704653140566
1.09309751904
-0.561797752809
0.355435715161
0.653836664199
-2.18414383975
-0.156626506024
-0.729577801698
0.553217077571
0.374215354901
-1.36921062031
-0.662329982259
0.225225225225
-1.36794107331
-1.16709036284
-0.402808148233
-1.00262048536
0.549891167373
-0.79554494829
-0.912162162162
0.0
-0.347884636966
0.0112233445567
0.224971878515
-0.347494675485
0.631697687535
0.248784349203
-0.796499887817
0.473399458972
1.39428571429
0.609405542141
1.17496510005
2.68785091387
0.697702393841
-0.478869867114
0.191915557155
0.737071048816
0.339476236663
-0.769971126083
-0.120163422254
-0.311451844753
0.590432582239
-0.0602119460501
0.776699029126
0.243309002433
0.17060687302
0.134228187919
-0.666666666667
-2.88404944085
1.45706437358
-0.404424884025
-0.118807175953
0.717960990786
0.480942647589
0.204819277108
-0.954653937947
0.854495125767
2.12635201573
-0.0614175162756
0.692640692641
-0.074156470152
0.235381565907
-0.370278943471
-0.747274286414
0.405904059041
-0.781059311691
0.874061307399
1.57559084657
0.578543579424
-0.425798371947
-1.17574257426
0.497512437811
-1.14348948727
1.10641471905
-0.801578493032
0.296846011132
-0.074156470152
0.247800768182
0.260869565217
-1.04486785495
1.43391521197
0.124843945069
-0.657323576832
0.486041874377
0.425531914894
-0.0500375281461
-0.0250125062531
-0.05
-0.361190683771
-1.04757209761
0.148111577388
-0.674267500306
-0.439399487367
-1.14623552124
-0.599664188055
0.615421744902
-0.516206482593
-0.335008375209
-0.274430258919
-0.757844878626
1.50240384615
-0.191938579655
0.337024554646
0.788547858789
-0.842054613256
-0.0841346153846
0.885170364981
-0.710329882013
-0.467345715998
-0.855411666865
0.42954301396
1.61251212415
0.462850182704
1.15820601281
0.50773993808
-1.50036594291
0.416462518373
-2.00456127716
1.77131688248
-0.195074372104
0.440852314475
-0.548045305079
-0.677392040644
-0.815836832633
-0.631855030997
1.87029390333
0.133771129758
-0.230526571221
-0.338573155985
0.327550649036
-1.02065321806
0.470503076366
-0.40850654812
0.398069963812
0.533592044628
0.0849617672047
-0.603209072264
0.888510223953
1.0951150486
0.756260848004
0.473343298455
0.324918770307
0.238005762245
0.0626723489596
-0.449213875717
-0.755417956656
0.736027944112
0.325406758448
-0.979055645061
1.47132796781
0.581836579813
-0.877632898696
0.770688566014
2.75217447748
-0.772897075873
0.792002077382
0.116989470948
-1.00373182345
-1.08197556008
0.782552918538
0.360499549376
-0.410309013976
-0.395913154534
1.43801010494
0.11673151751
-0.0648088139987
0.678585410414
0.0914315569488
-1.32749065601
1.00234313981
-1.53806716227
0.3214607175
-0.409783583045
2.18529180843
-0.326072779444
0.261540473388
1.31160572337
1.67025862069
0.910697295093
-0.176390773406
-0.754107190951
-2.37938740634
0.781664016958
0.828212663639
-1.48703776813
0.131769666623
0.0791243571146
-0.420223243598
-1.05249480249
-0.581320242863
1.66798003677
-0.235849056604
-0.0131010087777
0.553286786985
0.516419491525
0.252223549715
-0.0795861520096
-0.462107208872
0.344462109168
-1.56494522692
-0.518941359626
-2.54140852194
-0.352778127756
-0.663329161452
0.782038345106
0.417986067131
0.355917122156
-0.894431846813
-0.625938908363
-0.54780876494
-1.32678132678
0.221620290569
0.308756329505
-0.540474143226
0.692640692641
0.710014947683
1.10831234257
-1.56211257129
-0.333621648338
-1.6407389402
0.0851477922394
-0.315266157391
-0.566674704606
0.851167315175
0.451935996091
-1.85806760969
2.21786545766
0.492550178549
-0.963414634146
-0.606060606061
0.499451821172
0.121966093426
0.0610202587259
0.0855014046659
0.269442743417
-1.7448856799
0.217076700434
-0.264613904258
-1.02380952381
-0.225680009502
0.0
-0.60212514758
-1.6031598513
-0.726559797025
-0.276020701553
-3.19527944778
-0.0445136879591
-0.685234305924
-1.17955439056
0.0765110941087
-0.370249373843
0.316801398296
0.859409431468
-0.808743169399
-0.898949420557
0.57734204793
0.130890052356
0.295372497539
-1.28509719222
-0.161725067385
0.172804838535
0.183942869509
0.719267654752
-0.3367003367
-1.3077500268
0.193319729352
-0.385150315609
-0.362434708453
0.600536193029
0.18263859046
-0.470487596236
0.18211033744
2.07763805358
0.109469074986
-0.185751748252
-0.435161009574
0.734246575342
-2.41685381243
-1.0266723116
0.382490437739
-0.116735646822
0.394204133816
0.234942332337
-0.509987250319
-0.685871056241
-0.618708053691
0.0629590766002
-0.146689019279
-0.583333333333
0.0
0.0938379730998
0.692913385827
-0.428601296258
-1.58436213992
0.237186758791
-0.185280494081
-0.123367944896
-1.05787814058
0.913570108807
-1.49646107179
-1.1691815729
1.19324501972
0.243284338571
-0.69458425609
-1.46796270581
0.799840031994
0.573152337858
3.41062701466
-0.96797446195
0.0309023485785
-0.328542094456
-0.112808942673
0.0615700359159
-1.10614978689
-0.835262151555
0.221886031266
0.151515151515
-0.171422809317
-1.20541940626
0.530796194291
0.311432589914
-0.0803051596065
1.08574327752
-0.030432136336
0.295045274189
-0.917338709677
0.28305701577
-0.0707142135569
-0.362355309512
0.262387728328
0.598984771574
0.787884989256
0.846145908575
3.13963388676
1.09748224661
0.72612983635
1.50715071507
-0.991177431652
-2.12153518124
-0.149031296572
1.01075268817
-0.300171526587
-0.881946658166
1.51008521195
-1.11988054608
0.331728196897
0.214477211796
-0.787317799766
-0.539682539683
-0.901845637584
0.178590188045
0.168367883826
0.0315789473684
0.28502058482
0.498620835986
-0.327799513588
0.328877572671
-0.997794349333
-0.926118626431
-0.114333229394
-0.321176958143
-0.10349824053
0.165871863985
1.36612021858
-0.533082470994
0.779521752871
-1.29964649615
-0.967874794069
2.44725738397
0.54088450525
-0.306618735462
-0.661695200084
-3.33028733882
-2.92726197516
0.555004955401
-0.266877532865
-1.01751296351
-0.930503053213
0.92936802974
-0.56420233463
-0.1554001554
-0.193873594416
-0.125859231291
-1.04426135275
-0.286587695835
-1.22664653708
0.38836790755
0.705904798245
-0.982336828186
0.531763365302
-2.48171126956
0.887518684604
0.318650421743
1.06080697102
1.56806156806
-1.16942384484
-0.689264469833
-0.953895071542
0.3095684803
0.0563168762906
0.291819636637
0.368480725624
3.34928229665
0.599214145383
-1.23217231008
-0.145320674288
0.859878835255
-0.756400310318
-0.702936928262
-1.17994100295
-0.227855311877
-1.0985915493
0.471698113208
-0.562851782364
2.06817311375
-0.627973358706
-0.218361340549
-0.0948496632837
-0.490797546012
0.665083135392
0.228549661937
-1.4730718709
-1.36048125868
-0.898835182977
0.0550610259705
0.312989045383
-0.430797433547
-0.164714494876
0.626151012891
-0.966624110888
-1.00207637447
-0.27907814188
-4.12566891075
0.914554481317
-1.34902904279
0.180769561849
-1.63420829805
1.34729254269
0.7870610621
0.960530911631
3.49751468595
-1.24062834702
-1.05095822662
1.19760479042
-1.75608042848
0.317096802607
0.486811825102
2.03196965592
-1.69566761364
-0.06210629048
0.589022757697
0.737211184033
1.40395660498
-1.09107303877
1.53817982055
0.16507703595
-0.872727272727
-1.30103185285
-1.58071352879
-0.176304654443
1.28571428571
-2.24317011434
-0.693421166681
-1.13120233096
-1.26914290549
0.262979300984
0.221050841694
1.7914322804
-0.215889464594
-1.32083510865
1.16379310345
0.0431220353601
0.712238339269
0.532658050995
-1.80914001543
-0.0342847347219
-0.162587711792
0.0685048809728
0.455913978495
-0.223156810574
-0.673486786019
-0.348313652196
-0.0764006791172
-1.03335293623
0.566069618114
1.68384879725
0.613709050048
-0.524505588994
-1.24819563556
-0.448013524937
-0.269769010285
0.482846251588
0.203717850777
-0.186393289842
-1.3127090301
3.2993608568
0.853658536585
2.24438902743
-0.961453647349
-1.14230903383
1.53165117309
0.124102473185
-0.808933438846
-0.932055749129
0.595864002804
-1.72235618326
2.1733391993
-0.820315908893
1.04938271605
0.203234072634
1.88152682751
4.68381867873
5.84538653367
-1.18284869394
-3.62876413033
1.76914153132
-0.15444015444
-1.13560454242
2.51418509098
-1.16031715336
1.17393856388
-1.7587698222
2.03981563205
-1.79138977174
-3.29701033808
-0.120930232558
2.2057425366
-0.614192572994
-0.750257901154
-1.41457100592
-1.40382862352
0.771633290465
-0.484504982174
2.24320029909
-1.364432562
0.268071732298
2.27852888343
1.18626231704
-1.67434860314
-0.774687324995
-1.56192576259
-1.990094552
-0.537393640842
0.08067407673
1.78832116788
-0.445090380598
1.84088806661
3.2572356481
-0.200190657769
3.72787501236
1.07946026987
2.52075007685
-0.732377174245
-1.61128903122
2.30367564247
-5.11026911493
1.08023175881
0.196792285742
0.524233432245
-2.22437137331
2.15372456036
-4.59943449576
-0.757646618651
2.28664370455
-0.438178700705
-1.05560791706
0.425934690014
-1.3630846793
-1.80601393473
1.06550542018
2.7709007808
1.38044212762
1.22141880008
-0.900551951196
-1.7785809397
-1.30479677086
-1.74322080797
2.15773108452
-0.0282592313489
1.10476190476
-2.64255910987
0.860375946881
-1.05487184232
-1.82594476744
-3.75939849624
-1.7860209514
1.05866018743
1.21201475496
-0.323907905104
-1.27905971826
0.277320391715
2.55065766086
-1.24626996665
-0.0613981229717
-2.12893810628
-0.495430084565
1.0007764645
0.590124099627
-0.276936391173
-2.41533654252
1.25705489995
-1.17468097693
-0.613136233832
0.92396371959
0.906680352408
1.20325484765
0.829187396352
-0.495049504951
-1.15889775946
1.46328717011
-1.04292363386
0.224602626123
-0.472874215459
0.0344026834093
-0.428192172647
-1.69220407476
2.39655172414
-1.09140518417
0.0938806861825
-2.73927118785
-2.1205719857
-1.06109324759
0.0402090872537
0.549850408345
0.0566343042071
-0.475078508737
0.901852453689
1.14224669242
-0.944240944241
1.78127589064
-2.35417846453
0.349082643286
0.942391215275
-0.643217716984
-1.06331561141
-0.624399615754
0.69321296147
-0.942190993293
-1.05861905514
-0.737139272271
-0.731745290363
0.500704115162
1.05146651909
1.04649305001
1.26193172626
-0.866078588613
0.402576489533
-2.45051837889
-1.71375636869
-0.131061598952
0.216333153056
1.62531407035
-0.375469336671
0.227361818895
-0.716120495057
2.82535617096
-0.73097092007
-0.0635223122122
2.18255578093
-0.484457004441
-1.82322631788
-0.441954068345
1.28697042366
0.757087628866
-0.68788993761
1.85758513932
-0.583184837194
0.0
-0.899020709584
2.84817964171
0.899625156185
1.28237576985
-0.620441016182
0.142737195634
-0.368077630919
-1.61316872428
-1.92121407814
2.8903654485
-2.25685987985
0.867998689813
0.477209149251
-1.3474025974
-2.17563919327
-0.458425545368
-2.59450304103
0.95600808332
-1.03076923077
0.370599135269
-0.369230769231
1.14370185949
1.80594059406
-1.10449631835
-0.931243209685
0.687607438662
1.05811749842
-0.721229225463
-1.01652828432
-0.22452771756
0.0852382797365
0.186320937815
1.74565560821
1.10206037374
-0.461049284579
-0.898062076572
0.459006014562
1.42065976403
1.65633159269
0.0408129948576
-0.390275632165
-1.55286960698
1.6848445385
0.29387755102
-0.713243637543
-0.963236474555
2.3412470221
2.80381724517
0.0591515970931
2.90434782609
0.58602291612
-2.52365930599
1.95584144645
-2.54151135208
-0.973154362416
0.193326048584
3.28153485546
-0.741059887979
4.10872880596
-3.17060458652
-3.1384097602
2.27174941915
0.736823855756
-0.944530310836
-3.03888102573
0.577792664545
4.33339157784
-2.13748290014
6.20176155453
5.14607599771
1.25676720804
2.80262373286
5.19602718244
5.63224737714
1.74157303371
1.4245014245
-4.83678559809
-1.48504273504
6.01427115189
-3.52928321678
0.815157523684
-1.87006810075
4.10758496511
6.29186602871
-0.889152341434
2.77811624223
3.02535777052
-8.73052245646
-1.04308390023
-2.74561693682
-2.45240400129
0.312904618041
-0.770877944325
3.84700911719
5.62536699941
-1.29824968123
2.86157147967
1.36572395456
3.76222723853
-5.30815817599
4.83007593676
3.67836861125
-3.24675324675
5.41003027511
5.89629216616
-4.19337606838
-6.27112279384
-0.942343459392
-1.24892861516
0.0857843137255
6.11183355007
-3.68236472946
-1.028883104
4.17097107438
-3.9086735327
-5.03181711053
2.62425928165
-0.205165339126
2.82948622487
-1.97080291971
-0.688655309895
-4.20138888889
0.652376514445
2.19047619048
0.574712643678
1.86608122942
1.72456575682
0.0993541977149
-0.995942456658
0.0984615384615
-2.75284260922
-0.724809885932
-3.67402998741
0.633494586501
-2.70088535246
1.64027793598
0.69970176646
2.9279811098
-1.17839225295
0.433559878135
2.58444524582
-1.10556348074
-0.942063118229
3.58624054647
-10.3259680595
1.49883424004
0.648117108057
-2.30349344978
-0.0654593061314
-3.33263024678
2.49702734839
0.938352427714
0.791817881887
-2.72785622593
0.700204675213
0.454496266638
-3.87975868525
-0.702334228465
3.80615417605
-1.98612862547
0.0946670874093
1.31074168798
3.49619499283
-0.917932466397
2.90115821433
0.157675413898
5.23882896764
-2.34953703704
0.58207217695
-3.45060132629
-3.32500271651
3.34643458731
1.45835706961
-1.92200245838
2.29766803841
1.9461601212
2.79108768567
-4.32091690544
-1.54592642744
-1.96902654867
0.0442673749447
-0.942775707082
-1.81896458939
1.044045677
-0.766242175696
0.162144633013
-6.28102522541
0.417090539166
0.357325165901
-0.840251062968
4.91768454594
-0.391451544647
-2.44607286614
-0.737629341256
-3.1838920849
-1.3695949912
0.649862150453
2.84556962025
-2.41130546497
-0.501474926254
1.75087543772
0.685000503677
0.424886191199
-2.54362614611
0.157993482769
0.8364034651
-1.83755253641
-0.234032179425
1.11417866299
1.33892885691
0.130065032516
-1.95212870316
-2.0184544406
0.804185640926
-1.33830417742
-1.48789904887
0.321209258385
1.17568342573
1.97875036553
1.08385062568
-1.37026239067
-1.00057725611
1.64287111285
1.19742701633
-0.315675249088
-3.0694205393
-0.881433039522
1.40317155214
1.19626531803
0.912749043086
-2.98038468863
2.03050616924
-1.68115388289
-1.49604817463
-1.92857801975
1.44154263784
0.319278805522
0.150474936518
-0.848563968668
-0.232579774863
-0.601072683558
-0.193816335948
-0.959780621572
1.09971352001
0.548225236945
0.279537830786
0.299065420561
0.630113796671
0.415525545377
1.31075392269
0.0765990042129
0.278444551128
-1.80086743353
0.359576078728
-0.141736747614
1.35031603141
-0.400610454025
3.05711196304
0.0787014264634
1.4572312606
-0.486690504569
-1.37147335423
1.23971040365
-2.69253039954
0.358353510896
-3.7026674128
-3.09110629067
-4.14139663836
-0.875987633116
-0.512645249487
1.27195639007
-1.27285152913
-0.493029581775
0.00850123267874
0.298431105048
0.0170561146171
-0.509078567792
-0.0593572458238
-1.65943962642
0.267558528428
0.953827973327
0.928607940024
-1.63412385821
0.530749789385
0.772561337974
-1.25743985246
-0.242515470815
0.851817491777
1.46328940613
-0.654594916263
-0.792780635911
-0.319461958806
-0.792326939116
0.486087831043
0.412353782715
-0.535699338746
0.0334924223394
1.02351547961
0.144006776789
1.16548118948
0.516840382462
-0.206309636379
-0.962029627107
0.256060088767
0.342583076396
-0.773349196907
-0.321897501059
-0.698183041723
-0.393799748638
-2.02758167789
-0.0492287495898
-0.1883547621
0.444188533355
-0.0328920319053
0.653865254097
-0.0992227550852
-0.115626032375
1.46652141121
0.437673596499
-0.66884039796
1.45038167939
-0.941018316249
-0.609603340292
-1.31850020602
-1.16468480209
0.400686891815
-2.89049471929
-0.873740554156
0.0157455518816
-1.03622906116
0.289107673074
5.21210128247
-1.15390866244
0.195407914021
1.61330354927
-1.48341348113
1.9358590894
0.208142536009
-0.447575631993
-0.699588477366
-1.11499959307
1.87380814195
0.0414731254147
-0.495212941565
-0.10718113612
-1.4703493095
-0.315815045753
-1.99206349206
-0.717043574186
-0.22014309301
0.736575320767
-0.606156026136
-0.920365026129
-0.326517919614
0.374561061256
0.478281323506
0.456836798992
-0.967238689548
0.211052919565
0.510685103708
1.2569610183
-0.514444004749
-1.24277004846
0.573854256741
-0.266562132497
0.235756385069
0.165302267003
0.18927444795
-1.23841420671
-0.734498221741
-0.262183837138
-0.192411298391
1.12070978286
-0.170926889908
1.02825745683
-0.398717848487
-0.575204041974
-0.985145847764
-0.0538461538461
-0.436547445815
-1.3150933414
0.348881304513
-0.543109300747
1.27578304049
-1.17025292563
1.2227741689
0.653846153846
0.347356233115
-0.993504012228
1.05807846772
-0.78921155467
0.215004223297
-1.57206560351
0.402185460616
-1.75935589682
2.98656429942
0.968992248062
2.78884462151
-0.491595306058
0.294234592445
-0.459115016227
2.08484848485
1.11120189558
-1.8288281062
-0.685095196367
-0.103453764125
2.16260162602
-0.420984455959
1.34558582212
-1.07945783621
0.325706375702
-0.743554513861
-0.217741935484
-0.982192765312
-0.870735375604
-1.15796886003
0.487459705952
0.268033109972
0.308397912383
-0.88564934556
0.409223262769
-0.0707769738912
-1.09667885199
0.902527075812
0.425598991173
0.126262626263
-0.416502946955
0.664504390475
0.68498606133
-0.05572361089
-1.55172413793
-0.265749570111
0.0860517875303
-0.652832828165
0.712273011897
-0.48294126811
0.524626106021
-0.210970464135
-1.07443765943
0.653543919707
-0.54936552151
-0.0154726907009
0.521035850377
-0.139784111206
0.405458089669
0.0
-0.850405875531
0.325758163344
0.350249066003
0.681764751979
-0.893134513824
0.311623558741
-0.519259087034
-1.69142857143
0.275040110016
0.199035443619
-1.21001285639
1.95851646233
0.542677726956
-0.108417873461
-0.661589353027
-0.566052168592
1.48268902344
-0.983858570331
-0.275946650314
1.13178294574
-0.462962962963
1.15516703091
0.517809508866
2.85668173015
1.49058149058
-3.30244713709
-0.488612183781
-4.36388302683
0.912686340128
0.221053433951
0.57497700092
0.377068103117
0.845879248797
4.08723747981
-1.29166002232
0.779429489755
-0.0562158689367
1.04682301388
-2.50019780046
0.902123582947
0.739906707415
-2.40954399184
-0.429821819319
2.13920817369
0.926448078627
0.331393469124
-0.145278450363
-2.96052631579
-0.599455040872
-0.0389105058366
-0.993913244472
-0.429612581511
-0.48098946404
0.637725701114
-0.382701875239
1.04408352668
-0.622550149873
1.49777673766
0.84172435494
-1.44208404404
3.1097609721
1.30385487528
0.742432895488
0.582635811587
-1.29596630488
-2.7874015748
-0.757990153942
0.00781494216943
-0.551799176187
-1.3871857756
-0.183598531212
0.0
2.1010700617
-1.35603667463
2.56025286448
1.02179292728
-1.72589628932
-0.708833151581
-0.023362666459
-0.171033195988
0.155726855096
0.320262458991
-0.295950155763
-1.80483328235
0.299148577127
-0.685609811838
-0.424789501631
1.29860150607
-1.40909090909
0.121359223301
1.54817838712
1.19251753702
0.336279033393
0.0782656335603
-0.529388867264
-0.726485818069
0.380139643134
1.09803921569
0.814422392662
1.25700560448
-0.295362018041
2.02801759244
-1.56337689409
1.07779578606
0.219280435312
-2.09906973046
0.583813179782
-1.99090766578
1.29416435093
-0.103109137056
-0.221589110478
-1.27353699508
-1.24990355682
0.589833139309
-0.448118674187
-0.185085216318
-0.399416237806
-1.21405265953
-0.143961206243
-0.445047899223
0.683526999316
-1.81940198345
-0.40103973264
-0.177922751872
-0.435488633009
0.998956314298
-1.10586847538
0.288354898336
-1.75069010606
-0.130586186883
-0.634371395617
-0.0936262153403
-0.57997995131
-0.135859849839
-0.370449526252
-0.798586572438
0.31192400397
-1.23923545474
3.47750489024
-0.747824836413
-0.543517127941
0.114555738527
-0.121567505721
-0.590033411531
-0.537368309411
0.376153300213
-1.88022284123
0.195367010885
-0.361512791991
-0.228896441701
-1.78486272907
-0.0884835284509
0.314078929401
0.218968112769
-0.279767997271
0.770129959431
1.1757339641
0.0696184906711
0.984251968504
0.204297287777
-1.66943751732
-0.47569803516
-0.233853772612
1.54351166364
-1.80371716618
1.32731063238
0.706837427392
1.01088646967
-2.0427948203
-0.53037608486
-0.137570504884
0.268984067867
0.673517567005
-0.662160297972
0.47124047124
-0.359066427289
0.374272248406
-1.0560965574
0.760088446656
0.11760636458
-0.310344827586
0.339076880493
-0.843968711404
-0.143884892086
0.0411268764137
0.378423008119
-0.253929037129
-0.552825552826
-0.102270402945
-0.0613246116108
-0.488201790073
-0.108371714982
0.401224073444
-1.08300820665
0.493476644359
0.196423733406
0.24443237371
-1.220657277
0.188146754468
-0.786666666667
-0.431463657484
-3.23720213244
-0.0706033376123
0.192926045016
-2.58723297626
-1.12115956392
0.248385494287
-0.0186254423543
1.16826832485
-1.72222222222
-0.953778429934
0.159216166565
-0.14064697609
-0.286585365854
-0.497512437811
-0.740740740741
0.850288490738
0.341276128954
0.146475434849
0.385982110036
0.233357897323
-0.342717258262
-0.511446663419
-0.36398932298
1.78450138932
1.10500686727
-0.366983890029
-0.930490510229
0.247096614776
1.1939738701
-0.118631368631
-2.03082945926
1.01958845702
1.18801975864
-1.44811437022
-2.15844688291
2.37007776818
-0.252416425537
0.644401759713
1.49037856873
3.93464052288
-0.765339213906
-1.09692732055
-1.13521055302
-0.20253164557
-0.959067260076
-0.318670332417
-1.3195215193
0.501952035694
-0.927062868369
-0.440097799511
0.325013797756
-0.730504656967
0.0121765601218
0.15854625282
-0.0304803706413
-0.206837814819
0.201158183481
0.0609942055505
0.428790199081
-0.426959438853
-0.618294235316
-0.746044161001
0.162709413041
0.326481257557
0.394537177542
-2.09769431899
0.363809864615
-0.486675767108
-1.10348065974
-0.240074950228
0.117247039512
-0.91199535289
-0.416497946434
1.31871996249
1.28220349044
-0.254603588134
-0.124186871674
-0.751261885198
0.519174041298
-1.59080352996
1.36534839925
0.627738955348
-0.961876832845
0.0352030039897
-0.0879301248608
0.252703338035
1.12920480209
0.16072385261
0.143070044709
0.340949874387
-0.191044776119
-0.846504469307
1.42291066282
0.282979107713
0.630112087246
0.182094081942
0.647565520191
-0.395521479859
-0.303324435817
1.0172815296
0.00612857755716
-0.578844747746
1.10269204706
-0.209012110408
-1.07638044271
-0.351472548782
-0.721934785224
0.325929502656
-0.264868769564
0.636093778397
-1.52129817444
-1.40579965884
-0.310777530198
-0.588749635675
-1.71307436691
-0.507324858918
-1.28298913961
0.696962828649
-0.0056660434019
0.857191839534
0.540074691181
-0.154887563102
0.0516558572003
-0.746268656716
0.148334094021
-5.36148156147
0.849441873128
-0.676041103299
-0.151204233719
0.805661404464
0.420926037282
0.871243451889
-0.247524752475
-0.027495188342
0.60857538036
1.51642796967
-0.436168428116
4.28621413576
-0.867152271939
4.0668992901
-2.57311998124
4.96493170912
-2.51304504288
-0.873959571938
-2.76894618186
1.02195748657
-0.139958012596
4.66947445523
3.99263679066
-0.905774311234
-3.24975657254
-1.46318061885
0.712646454886
-2.1047652832
-2.0159888773
0.063764419454
0.349019835961
0.927611107849
2.00622829081
1.13257828115
-1.31492439185
1.24659606657
2.40441222036
-0.646472109346
-0.618001590895
-2.27816311887
-1.67558351461
-1.67639747962
-0.0808640905678
-0.910027472527
0.982545370477
2.60941762543
-0.425180111019
-2.96258094092
-1.80068651173
0.0901154604337
-0.904169224759
2.45896952022
0.911766403139
-0.829804280646
-1.19310149845
-2.66387803401
-0.383792971106
-2.26663808809
0.875675675676
-0.60176230389
-0.374692217107
-1.94719991602
2.11158154242
4.29849077697
0.851231749253
0.0789844851904
-2.41149589825
-0.340192043896
1.04790419162
-0.884761224378
-2.10350763934
-0.837556681782
1.52737908249
1.80865729253
-1.39734667247
-1.80459156434
0.493615194763
-0.501815075806
0.0373831775701
2.74912203687
-0.605399509136
-2.1507097876
0.0160128102482
-0.741721854305
1.14135676776
0.479190222366
0.264521701576
2.07185364778
0.0937620649716
1.8881708345
0.502654467412
-2.82640908841
0.701890129325
-3.75531914894
-0.765373449459
-0.110724454287
-0.61831901069
-1.08842127086
-0.572017521257
1.28927863034
-1.53166118421
1.23842231242
0.538843839916
1.28762187368
0.661403883081
2.1299776652
0.371808190716
-2.32322153386
3.17958891277
-0.313117996045
-1.46684709066
-0.108137334415
0.521767487363
-1.17628101837
1.2508157494
-1.29898013956
0.40961517732
0.476551500054
1.16138928454
0.523156561485
0.154431636424
-0.55397103993
0.980337856549
0.775842822059
-0.466666666667
-0.590931683879
0.304675382229
-4.24358158286
-0.768501947573
-1.015995415
0.104313357325
0.392711278668
0.273023206973
-1.05974025974
-0.0519210799585
-0.0103831377842
0.569101446249
-1.08965089857
0.425267088476
-0.274114300491
0.207307592641
-0.0932014705121
0.368984513044
-0.103831377842
0.20809489127
-0.0156046814044
-0.398922391462
-0.206803846552
0.015512694555
-0.247588590292
-1.89261677041
-0.0758495145631
0.116438009416
-0.227295686433
0.63538860367
-0.405001771883
-0.64383079322
-0.921957540118
1.72361350502
-0.257875309703
-1.02096992143
-0.403748380022
-0.189054726368
-1.36421631171
-0.459163735834
-0.621359223301
-0.0048541332945
0.140968306436
0.71970624235
-0.214959206605
-0.389313348581
0.00486665368893
-1.10218029552
0.28477652283
-0.0530657532925
-0.470543045086
-0.182123172777
-0.39146417148
-0.0143198090692
1.67435088571
0.282279651531
0.258612276764
1.2899718282
-0.123408036331
-1.33450224041
1.2426035503
0.0394632991318
-2.28006748614
3.65762254535
0.310761365345
-0.0450901803607
0.493404490988
-0.69
-1.75369651717
-0.977721568246
-0.594748803249
-0.130384392505
-0.442307692308
-0.0288378352398
0.395676510326
1.09761451778
0.608588957055
1.12666269605
0.124235948914
0.31405782652
-0.283342446687
0.867428800642
0.200964630225
-0.345466379612
0.929809490121
1.02613845211
-0.950647249191
0.477593740474
0.356924332042
0.0152990973533
0.921255790015
-1.09946044996
0.99213488922
0.844997407983
2.02030886397
0.286411371592
-0.348837209302
-2.46919944327
-0.231433861345
-0.358716818694
1.36616279674
-1.04857363146
0.750906266183
-1.02511532547
-2.00904068307
0.408492611831
-0.321721208465
0.0754603078781
2.78711412172
-0.160041300981
0.435549102976
0.474081792133
-0.544041450777
0.835945663532
-2.13723284589
-0.127661747434
-0.0510386362476
0.327717753085
2.02706232694
0.917382822797
1.83077418662
0.545209176788
1.17974766508
-1.56980807483
0.660208885762
0.620745984209
-2.44355909695
-3.62956895669
1.50168875032
0.848923125295
0.257434065357
-0.387272346661
-1.47976282547
-1.24242578543
-0.147447630669
0.357179304011
0.409878061277
0.375417845204
-2.05017126738
-0.120748641578
-0.585204821688
0.452193136713
0.307428686624
-0.436549751618
0.140696447415
0.36310454385
-0.0554435483871
-1.21489743079
-0.188848027035
0.359102244389
0.931286181727
0.709759188847
0.792028615227
-1.04667037468
1.06290561603
0.420793349412
-0.107648144351
0.884315043699
-0.759558634847
0.159350262157
-0.256357670221
-2.03917629332
-0.200501253133
-0.72157253048
-1.14133910562
-0.245374687147
-1.25508819539
-0.217591025579
-0.164132271301
0.0386342782634
0.310032456523
0.121253273838
0.0970968055151
0.336109893322
0.151234266758
0.480392156863
-0.927589723666
-0.742347553627
-1.43488383142
0.300228745711
-0.318274666287
0.0570369314131
-0.0949712711905
0.366981222
0.879849992788
1.05431930813
0.0291601866252
-0.981713185756
-0.540851002728
-0.981042654028
5.16871853661
2.90828887977
0.827472072818
-0.534979423868
1.64705882353
0.277894295302
-0.459290187891
-0.864076162881
-0.647715005398
-1.32893735734
1.92317634286
-0.365715463068
-0.476751935203
2.04540698891
0.557601262493
0.242564859734
0.20607661823
0.493840271878
1.51474314053
-0.182943233791
-0.583074783353
-1.7914368269
0.607822410148
-0.572809921698
-1.65383223939
0.31625881377
0.862835329185
-0.390665694343
0.23495013836
0.768138054401
0.311378509605
0.063371356147
0.376358335542
-0.553505535055
-1.17218025527
-0.347835115772
-0.81359423275
0.647836227002
0.500026043023
0.119941593659
-0.960644561512
-1.05779549287
0.312692228829
0.159162088617
0.697962982111
0.530145530146
0.234436051055
-0.394374967568
1.51714692093
-0.897937875228
-2.44461420932
0.553080350284
0.659827826177
0.440095267681
0.139990667289
0.285981697171
-0.290335960182
-0.8074055027
0.950057107258
0.0623376623377
-0.0467313983073
-0.547379292538
-0.421658867692
-0.821093431253
-4.2203985932
0.146756677429
-0.268331951017
0.0195188600986
0.505149583129
0.186713836478
0.221598463584
-1.02836533775
0.682074684724
0.493120962572
0.88050940205
0.640833083008
-0.961919873066
0.759392486011
0.0599880023995
-0.0249887550602
0.220385674931
-0.661757388795
0.32947284345
0.506748281571
0.494125951697
-1.37251976727
1.81256645233
-0.818519634428
-1.57663223447
0.746900363492
-1.02508501306
-1.11116526146
-0.648816152617
-0.887801132546
-0.496609683889
-0.456317140413
0.142802741813
-0.2232248872
-0.712062623786
-1.73308619092
0.409454680811
0.80202617138
-0.10775862069
-0.753278154934
1.31913690757
0.0848736325915
0.635854607573
-0.762855528348
0.697045853288
-1.12986404126
0.433185799039
-0.923679791006
0.799398100254
0.638871799726
0.907311016666
0.0429963691955
0.047796577765
-1.31132075472
-0.43208716889
0.728545746996
1.01309375896
-1.29245283019
1.1112700911
1.21650977552
9.02631578947
1.15530000532
-1.97275716299
-0.0521621198685
-1.15493683939
-0.185270958777
-2.43032889782
-1.67374345808
1.45769673897
-1.3637037403
-1.03662412596
0.853141335437
-0.417423758778
-0.580997949419
0.777406022437
-0.601555240378
0.987800661826
-0.364155307318
-0.0541019083218
-0.669304802384
-1.79907887162
0.404624277457
-0.503235082674
0.801971109715
0.40259992239
0.213882947696
-0.991433246703
-0.0673335898422
-0.687810470004
0.64416882992
-0.445082555635
1.33857122072
1.70168688961
-0.520117762512
-1.23576447783
0.648717198322
0.509853907246
1.38170974155
-1.26122589194
0.776458951533
-0.413711583924
-0.893249377654
1.45092601763
2.32581707626
0.966949759542
0.99204298853
-0.738537285875
0.0615826747408
-0.403782264247
2.37559520695
-0.0888749477206
-0.114882506527
-0.905562742561
-0.861847842815
-0.0256436557596
1.92368008364
-0.494148244473
-0.285269709544
0.380069766231
-0.994845360825
0.0773794170751
-0.359804677461
-1.73746148795
2.29926630154
-0.283373692617
-0.45645707252
-0.829052438838
-0.30929925971
-0.065872814796
0.581010142195
0.102035610428
0.49733388023
-0.393238343292
0.33306005329
-0.173913043478
2.36138017697
1.28871446754
0.335231203108
0.0585667128101
-0.671637844413
0.355588578707
0.47459073215
0.936541256257
0.24279702169
0.602507734897
-0.178803641092
-0.162284972412
-0.17819536692
-0.124042713839
0.368084876042
1.09445113276
0.318401405358
-0.262812089356
0.202995556043
-0.918677973472
0.45322994594
-0.553896280206
0.611921542916
-1.05416801816
-0.868167202572
-2.14997378081
-0.0157290410528
-0.749336524952
-0.507377685736
0.515195670275
-1.16243184858
0.532602513057
1.77349752658
-0.507879993717
0.536926883192
0.263894020162
-0.394280307013
1.76546115985
0.939626309537
-0.643845906213
0.767733564014
0.59828130099
-0.130363932645
1.14828855557
1.84086839749
-1.43392896537
-1.86718623153
-0.746669531586
-0.433224581484
1.25094768764
-1.10855245542
6.8066121375
0.60421222235
0.532222607891
-1.20592101503
-0.455140240086
-1.14173228346
0.537178399774
-0.281928390189
-2.61915220734
1.09353316681
0.524524301099
-0.0111588461753
-0.576912409164
1.36069721676
-0.747809587589
-0.45
0.00555586421467
-1.5802712161
-0.103785437264
-0.261509125579
0.735415180286
-0.534963698892
-0.693879763647
-0.421052631579
0.0323991576219
0.575680225927
1.56094870381
1.31887783615
0.919293892053
-0.92752975359
-0.395146927872
1.23957629029
0.795093139482
0.193467622624
-0.19309404816
-0.894917543761
0.118336526541
0.191960252936
1.09589041096
1.0555459422
0.329861111111
-2.83947146472
1.18912152936
-1.64521544488
-0.843413605593
0.111098766804
-1.2127531142
-0.54033402467
-1.14917723226
0.145882861465
-0.713481036425
-0.618435783974
1.099552633
-0.59472781826
0.344086021505
-1.95561646724
0.925679629728
0.314868182303
0.064082024992
1.68331885317
-0.946643717728
-0.969425801641
-0.540368722187
-0.699668578042
0.880963753118
3.39094650206
-0.262682646528
1.72010688043
0.978077571669
0.593723494487
0.255102040816
-0.541271989175
0.384876613086
2.18623481781
0.0347141865309
-0.803489439853
-0.246178508044
-1.45557122708
0.0620977757706
-1.42459654981
-0.299600532623
-0.87989441267
-1.00713158038
0.2729406627
0.131183383438
-0.710951915771
0.804201542754
-0.359771054783
0.120067674507
-0.450939910899
-0.653100879797
0.0540044283631
0.493867361337
-1.16927697919
-0.374051512237
-0.266467704114
-0.0213128729753
0.692097215516
-0.1981152281
0.289979594029
1.26155519304
0.927501234839
-1.93746299984
-0.535303249291
1.13691732987
-1.6977115487
0.658916805057
-0.839309428951
-3.48133716161
1.25635967189
1.46973607965
-0.325544762405
-1.05979531404
-1.03341902314
0.49082924309
0.446312730292
0.479741356834
-1.41373637672
0.636349526618
-1.70362082994
0.490596892886
0.251037450689
-1.30454568438
0.380672012994
0.315682281059
3.36298089574
-1.17543038436
0.0624512099922
0.219058050383
0.793817684786
0.31113220482
-1.81733457596
-1.00968684332
-0.69221764137
1.51914431871
1.09172586711
0.094112726132
0.647266221123
0.385631273111
0.20644751469
-0.61553030303
-1.29303629849
0.197721005255
1.83870284019
1.21205620508
-0.320752699669
0.0320855614973
1.14121910325
-0.804764204088
0.382378285222
-0.139830052705
0.627773568568
0.928555822591
-0.37004788855
-0.325450206118
-0.71624750929
0.715951619027
-0.0758766462522
-0.790407570707
-0.20926114718
0.0805498872302
1.04726246676
1.11934156379
0.568369937093
-0.734005258545
0.115163147793
0.049380006584
-0.729847494553
0.426649163111
0.699531809419
-0.32392664983
0.696594427245
0.0885347498893
0.194045572989
-0.737438776072
0.242731836487
-2.72605312584
-1.08286002442
-0.0742587386623
0.260582854712
0.437987394509
-0.636875066341
0.383590836441
-0.159574468085
-0.979669229959
0.726829009497
-2.01185277604
-0.0675359758948
-0.0051948051948
0.864553314121
-1.66932866196
0.237566492796
-0.824626101209
0.432098765432
-0.704872816427
0.621884154803
0.29381443299
1.2156310325
1.33227597145
-0.258384307108
1.35756280064
0.607624885734
0.906131307651
-1.24845951883
-0.448071691471
0.0693925483079
-0.324554402767
0.0372578241431
0.26683744263
-1.04562737643
-0.373546588099
-0.0157811678064
-0.590911467866
0.430649650754
-0.392341494036
-0.948235659879
0.384915474642
0.130208333333
-0.15600624025
0.38630194195
-0.203177910914
0.666037340046
-0.271966527197
0.557483959188
0.0789515237644
-0.809230447948
-0.0938869184227
0.230029276453
-0.276315103488
-0.595978441128
0.0829875518672
-0.490322580645
-0.128865979381
0.460877220237
0.777580628327
-0.358795694452
1.74593936829
-0.552457118805
0.221472263236
-0.100089553811
1.42116792221
0.139104381788
-0.93284570944
-0.195725772323
1.79311830273
-1.92754541614
1.57708400386
0.263540041951
1.31320836966
-0.152339499456
1.12792297111
1.06205516014
-1.21395221093
7.65819041987
3.59615266801
0.890042647877
-0.24047354791
0.0616979269497
0.129733736949
-1.05745721271
0.0856478649211
-0.541527228476
-0.0304136253041
0.0243368216111
1.05133722717
0.512915585218
0.222965440357
-0.376380576294
-0.868554651661
0.116350275566
0.852272727273
-0.534430861847
-0.83455165692
0.0
1.40218666996
0.284953230502
0.491782868526
