47.00
44.25
44.94
43.75
44.12
44.75
44.12
41.81
40.81
42.00
41.12
40.56
41.00
43.00
42.00
40.00
40.00
39.00
39.25
42.88
42.38
42.50
42.00
42.00
41.88
42.06
42.62
42.12
40.44
40.88
40.69
39.06
40.00
38.25
36.50
35.75
35.50
35.44
37.00
37.75
42.00
45.25
45.56
43.38
41.88
41.62
41.56
42.00
43.69
42.12
42.50
45.12
45.75
44.44
45.25
43.31
43.56
43.00
43.19
42.50
42.25
41.62
42.12
44.75
46.00
46.31
46.61
46.38
46.25
47.25
47.00
47.00
42.62
41.88
41.50
41.94
41.19
42.25
44.94
44.00
43.25
43.81
44.62
42.38
41.94
41.06
43.00
42.88
42.31
45.12
45.56
44.84
46.00
45.69
45.31
44.25
42.69
42.50
41.81
43.12
42.06
42.62
44.25
43.69
44.00
45.00
44.31
45.31
46.38
47.00
48.12
46.81
48.00
50.00
48.69
47.25
47.50
47.19
48.12
49.12
48.56
47.38
46.56
44.92
45.56
44.00
46.56
45.75
43.62
44.69
44.81
44.38
44.94
45.75
45.38
43.28
43.50
43.62
43.12
43.00
43.19
44.00
43.12
42.81
42.50
42.56
43.69
44.31
44.00
43.94
44.38
42.50
41.69
42.31
42.56
41.88
42.00
41.31
39.50
39.31
40.06
39.62
40.19
40.50
41.19
42.12
42.31
42.12
41.77
42.94
43.19
42.88
42.75
45.06
45.94
45.62
45.38
44.88
44.25
44.75
45.50
44.44
46.69
47.94
48.50
48.31
47.44
49.69
49.88
50.06
49.94
51.75
53.56
53.31
52.44
50.94
49.12
49.88
50.12
50.75
52.44
52.69
52.06
50.75
54.12
53.88
54.81
54.44
56.31
58.12
57.69
56.06
56.00
57.19
56.56
57.06
57.38
57.62
57.12
58.00
57.31
57.31
58.06
56.00
57.00
56.94
58.50
56.75
55.44
55.75
55.19
54.94
52.19
53.00
53.44
54.25
54.25
51.69
50.81
52.25
53.44
54.62
53.69
53.31
46.56
44.06
44.88
45.88
46.81
47.75
47.12
47.75
50.38
51.00
51.75
50.00
50.12
51.94
52.38
52.38
50.94
50.06
50.31
50.56
49.69
48.88
49.31
47.38
47.38
46.69
47.90
47.92
48.35
50.55
49.80
49.70
49.75
48.65
48.22
46.57
47.77
48.46
47.00
47.00
47.72
48.77
47.50
48.93
49.72
50.30
50.58
47.70
45.50
46.57
45.41
46.01
43.97
45.46
45.00
44.89
44.93
42.11
42.82
42.14
43.06
40.90
40.12
40.51
41.86
41.25
43.90
42.19
43.48
44.63
43.76
43.12
43.98
44.44
43.30
43.35
42.99
41.20
41.18
41.99
43.17
41.74
41.35
40.00
39.25
39.70
40.79
40.92
41.90
41.25
42.73
42.37
41.80
42.15
42.97
42.46
42.25
42.64
42.25
42.80
43.35
44.90
43.70
44.52
44.01
43.37
42.85
43.09
42.35
43.18
42.26
43.05
42.05
42.04
42.40
41.80
41.70
41.44
42.18
42.04
42.03
41.71
40.31
39.76
40.42
40.00
39.34
38.85
38.70
39.44
39.40
39.81
40.06
40.60
40.62
41.30
40.00
40.25
40.25
42.02
42.00
41.95
42.98
44.06
44.10
43.84
42.90
42.06
40.80
43.38
43.75
43.87
44.15
45.03
44.92
44.22
43.49
43.49
43.82
42.87
43.16
44.52
44.42
44.00
43.36
43.60
42.55
43.70
43.09
42.25
42.05
42.61
41.74
41.37
41.45
40.98
40.91
42.00
42.24
41.90
41.00
43.43
44.30
45.65
45.29
45.90
44.25
45.06
47.15
47.34
46.25
47.12
46.48
47.00
46.18
45.72
44.88
45.85
46.69
46.92
45.55
44.15
43.87
43.39
43.18
43.29
43.64
41.40
38.78
39.21
38.90
39.20
39.64
38.10
38.11
39.14
38.61
38.52
38.29
38.04
37.99
38.44
37.94
37.40
37.44
39.00
39.13
39.90
39.09
38.99
39.25
39.02
38.23
37.61
37.85
37.38
38.07
37.89
38.37
38.21
37.45
37.69
38.00
38.24
38.68
38.95
39.93
39.20
39.38
39.75
39.30
39.10
39.12
39.69
39.49
39.17
39.90
40.17
39.99
39.91
39.74
38.17
38.50
37.83
38.01
37.79
37.11
36.88
36.51
35.57
36.33
36.40
35.52
36.04
36.10
36.30
37.45
36.96
35.81
36.01
34.49
35.10
35.63
35.35
36.05
36.78
37.02
37.12
36.50
37.05
36.50
36.81
37.62
37.50
37.80
37.84
39.00
39.36
38.77
39.03
38.75
38.40
38.60
38.78
38.80
38.69
39.00
38.90
39.25
39.02
38.63
37.92
38.00
38.34
37.65
37.44
36.66
37.20
37.62
38.15
37.34
36.53
34.90
35.65
33.75
34.00
33.47
34.57
34.50
33.89
32.72
31.66
31.28
31.58
31.97
31.40
30.15
31.06
32.65
32.43
31.14
31.06
30.50
31.84
31.35
30.45
32.05
33.04
33.41
34.68
34.57
34.16
34.70
34.93
36.25
35.07
35.38
35.05
34.56
34.29
33.15
33.25
33.58
32.35
33.06
33.15
32.13
32.83
32.65
32.23
33.30
32.98
31.24
30.95
31.35
30.45
29.60
29.50
30.15
30.50
29.96
29.94
30.70
31.70
31.61
30.58
30.01
30.65
29.64
29.51
29.57
28.89
27.74
26.68
23.96
23.30
24.72
26.01
26.25
26.21
26.31
27.66
27.45
26.50
26.10
26.09
25.72
26.63
26.96
26.85
26.63
28.14
28.06
28.69
29.87
27.68
28.11
27.38
26.30
26.65
26.56
25.81
25.80
24.74
23.10
24.30
23.47
24.00
24.54
24.88
25.85
24.85
24.55
24.58
24.30
24.17
23.38
23.20
22.71
22.63
22.59
21.90
20.15
20.10
20.82
20.18
21.80
21.62
21.03
20.48
20.36
21.25
22.45
22.40
23.76
23.25
24.50
25.25
25.75
27.05
25.85
25.65
24.97
25.82
25.25
25.96
25.66
27.25
27.87
27.72
27.80
26.77
27.21
26.20
25.01
24.32
24.40
25.19
25.64
25.48
26.20
27.48
27.55
28.40
27.45
28.73
28.50
28.35
26.93
26.45
26.25
26.43
25.69
25.70
25.53
25.56
25.75
27.13
27.55
27.25
27.69
28.21
28.00
27.80
28.05
27.28
27.27
27.11
28.91
28.88
31.19
30.28
28.78
29.07
28.80
28.76
29.61
28.54
27.85
27.28
26.70
26.93
25.53
24.54
24.85
24.32
24.32
23.85
24.44
25.28
25.62
25.35
24.91
25.18
24.50
23.71
23.07
22.45
23.35
23.69
23.03
21.30
20.73
20.75
21.35
20.66
21.07
20.80
20.75
20.46
20.85
20.42
20.49
19.35
19.34
19.45
20.50
20.85
21.74
21.47
21.82
21.77
21.64
20.93
21.15
21.43
20.85
20.24
20.06
21.38
22.15
21.68
21.90
21.91
21.48
21.03
21.05
20.71
21.19
21.25
20.29
20.60
20.03
19.98
21.80
22.52
22.12
23.05
23.05
23.36
23.29
24.01
23.53
23.75
23.07
23.01
23.67
24.64
24.54
24.66
24.76
24.95
24.35
24.37
24.06
24.20
25.15
25.45
25.32
25.20
25.46
25.80
25.83
26.18
26.53
26.42
25.80
25.74
25.83
26.02
25.32
25.85
25.55
25.66
25.61
26.10
26.03
26.40
25.80
26.03
25.44
25.55
26.03
26.60
26.23
26.35
26.11
25.76
24.98
25.41
25.17
24.80
24.12
23.46
24.18
23.13
23.77
23.97
23.30
23.54
23.95
23.57
23.63
23.36
23.40
23.85
23.23
23.45
23.38
23.40
23.52
23.60
23.10
23.08
23.23
23.53
23.66
23.74
23.77
23.15
22.88
23.10
22.70
22.80
22.46
22.49
22.95
23.12
23.00
23.13
22.92
23.30
23.29
23.43
23.06
23.41
23.49
24.04
23.86
23.40
22.52
21.91
22.04
21.82
21.98
22.25
22.60
22.50
22.61
22.77
22.91
22.16
22.04
21.95
21.70
21.40
21.63
21.97
22.00
22.40
22.00
22.10
22.34
22.94
23.48
23.59
23.69
23.48
23.98
24.07
23.88
23.60
23.14
22.96
23.50
23.54
23.55
23.30
23.61
23.39
23.11
23.02
22.93
23.03
23.06
23.46
23.39
23.28
23.20
23.18
23.15
24.02
24.39
24.17
23.97
24.61
24.80
24.56
24.87
24.78
25.07
25.31
25.24
25.45
25.32
25.12
25.21
25.89
26.06
26.07
26.14
27.05
27.12
27.10
27.59
26.20
26.83
26.45
26.68
26.74
26.47
27.00
26.49
26.32
26.42
26.69
25.95
25.56
25.70
25.50
26.46
26.08
25.56
25.68
26.02
25.65
25.94
25.96
25.64
25.05
24.87
24.45
24.19
23.88
24.00
24.13
24.15
24.12
24.01
24.25
25.48
25.24
25.19
25.02
25.15
25.14
24.34
24.05
24.36
24.18
24.27
24.53
24.70
24.62
24.10
23.98
23.71
24.07
23.92
24.23
24.36
24.54
24.73
24.87
25.34
25.05
24.58
24.46
24.47
24.26
24.16
24.36
24.17
24.41
24.36
24.77
25.40
25.42
25.50
25.49
25.21
25.37
24.90
25.23
25.41
25.45
25.30
24.74
24.51
24.49
24.50
24.68
24.50
24.30
24.59
24.41
24.31
24.33
24.19
24.05
23.50
23.85
23.70
23.74
23.87
23.72
23.93
24.28
24.34
24.62
24.81
24.55
24.47
24.44
24.54
24.60
24.40
24.07
24.25
23.79
23.80
24.15
24.26
24.25
24.14
24.11
24.13
23.85
23.46
23.59
23.67
23.41
23.54
23.00
23.10
23.16
23.27
23.20
23.58
24.22
24.75
25.34
25.40
25.40
25.34
25.49
25.56
25.59
25.28
24.85
24.86
25.25
25.29
25.24
25.06
25.54
25.37
25.58
25.55
25.57
25.61
25.59
25.69
25.74
25.84
25.80
25.79
25.99
26.18
26.20
26.69
26.55
26.30
26.57
26.84
26.62
26.06
26.56
26.48
26.44
26.41
26.36
26.04
26.05
25.97
25.82
26.01
25.95
26.32
26.90
27.20
27.15
27.00
26.83
26.87
26.89
26.63
26.35
26.68
26.91
26.70
26.46
25.68
25.24
24.99
24.75
24.96
25.35
25.26
25.67
25.52
25.70
26.12
26.25
26.29
26.15
25.97
26.20
26.67
26.38
26.13
26.18
26.11
25.89
25.52
25.46
25.36
25.48
25.35
25.17
25.78
26.10
25.81
25.51
25.41
25.26
25.02
25.31
25.76
25.95
25.68
25.70
25.70
25.81
25.90
25.95
26.03
25.95
26.05
25.88
25.76
25.77
25.59
25.32
25.44
25.15
25.08
24.90
24.65
24.81
24.43
24.41
24.88
24.79
24.47
24.58
24.54
24.45
24.58
23.67
23.62
23.76
23.92
24.39
24.62
24.60
24.47
24.61
24.38
24.10
24.26
24.37
24.52
24.51
24.25
24.18
24.03
24.14
24.16
24.21
24.06
24.32
24.32
24.36
24.49
24.42
24.17
24.10
24.12
24.00
24.09
23.66
23.42
23.40
23.35
23.21
23.04
23.40
23.30
23.49
23.33
23.70
23.69
23.66
23.91
24.20
23.91
23.84
23.75
23.83
23.89
23.83
23.65
23.00
23.21
23.20
22.96
23.18
23.20
23.32
23.16
23.44
23.52
23.80
23.78
23.80
23.80
23.68
23.62
23.58
23.45
23.30
23.25
23.08
23.35
23.49
23.68
23.73
23.63
23.70
23.61
23.55
23.65
23.67
23.38
23.28
23.42
23.34
23.30
23.44
23.54
23.41
23.63
23.91
23.90
24.01
23.95
24.02
24.07
23.87
23.78
23.66
23.50
23.57
23.70
23.94
23.75
23.93
24.10
23.61
23.36
23.57
23.79
23.88
23.89
24.10
24.12
23.84
23.79
23.80
23.71
23.72
23.83
24.04
24.31
24.73
24.45
24.47
24.66
24.97
24.74
24.61
24.47
24.54
24.65
24.74
24.46
24.46
24.26
24.21
24.05
24.14
24.03
24.20
23.91
23.88
23.71
23.83
23.81
24.08
24.02
23.87
24.24
24.08
24.01
24.05
23.82
23.79
23.69
23.91
24.23
24.06
24.08
23.94
23.83
23.77
23.84
23.64
23.90
23.72
23.97
23.96
23.96
23.32
23.09
22.75
22.76
22.56
22.31
22.25
22.20
22.20
22.10
22.41
22.54
23.00
23.59
23.69
23.65
23.70
23.89
23.85
23.78
23.91
23.52
23.66
23.41
23.60
23.60
23.89
23.95
23.95
23.89
23.82
24.17
24.38
24.37
24.77
24.68
24.77
25.08
25.05
24.91
25.30
25.07
25.29
25.20
25.09
24.85
24.90
24.86
25.02
24.87
24.85
24.96
24.83
24.65
24.45
24.58
24.63
24.63
24.62
24.62
24.49
24.71
24.89
24.95
24.93
25.02
24.87
25.07
24.96
24.99
24.84
24.82
24.90
24.71
24.45
24.66
25.21
25.51
25.89
26.05
25.95
26.55
26.52
26.79
27.05
26.92
27.13
27.13
27.48
27.65
28.29
28.32
28.45
28.28
28.15
28.25
27.94
27.57
27.77
27.59
28.09
28.28
27.99
27.02
26.53
26.79
26.95
27.23
27.12
27.32
27.31
27.11
27.00
26.82
26.72
26.92
27.00
27.37
27.31
27.02
27.26
27.02
27.04
26.95
27.12
27.09
26.45
26.16
26.03
25.78
25.62
25.58
25.43
25.94
25.75
25.34
25.35
25.53
25.60
26.16
26.38
26.21
26.16
26.16
25.99
25.92
25.97
26.14
26.31
26.17
26.11
25.62
25.79
25.77
25.10
24.74
25.28
25.24
25.25
25.46
25.70
26.23
25.84
26.06
26.91
26.73
26.60
26.73
26.59
26.58
26.62
26.66
27.02
27.17
27.73
27.79
27.84
27.58
27.33
27.29
27.37
27.33
27.35
27.41
27.70
27.89
27.93
27.90
27.66
27.74
27.38
27.24
27.16
26.56
26.58
26.75
26.99
27.47
27.30
27.34
27.78
28.95
29.50
29.68
30.06
29.99
29.76
30.58
30.90
30.97
30.79
30.71
30.24
30.22
30.22
29.99
30.36
30.25
30.45
30.51
30.56
30.55
30.48
30.47
30.63
30.97
31.27
31.19
31.13
31.61
31.71
31.56
31.28
31.35
31.60
31.90
31.86
32.25
31.86
31.41
31.44
32.06
32.28
32.90
33.49
33.35
32.57
32.37
32.56
32.23
32.55
32.72
31.93
31.78
32.18
32.77
32.96
33.60
33.60
32.99
33.06
32.94
33.75
34.44
34.71
34.73
34.33
34.40
34.22
33.92
34.25
33.76
34.02
33.72
34.30
34.30
34.37
33.42
33.05
33.06
32.96
32.46
32.40
33.20
33.21
32.75
32.67
32.67
32.68
32.82
33.50
33.91
34.00
34.24
34.68
34.78
34.63
34.97
35.18
35.64
35.55
35.66
35.66
35.47
34.99
34.95
35.17
34.98
35.01
35.42
35.50
35.75
34.95
34.50
33.96
33.81
33.94
34.03
34.49
34.73
34.63
34.49
35.02
35.07
35.27
35.36
36.63
36.79
36.40
36.51
37.09
37.63
37.75
38.12
37.79
37.51
37.16
37.38
36.90
36.96
37.19
37.19
37.23
37.48
37.36
37.21
37.05
37.00
37.50
36.15
36.80
36.71
36.44
35.72
36.00
35.43
36.51
36.55
37.06
37.26
37.21
36.94
36.98
37.58
37.91
38.86
39.11
38.88
39.31
39.44
38.95
39.17
39.43
39.46
39.74
39.23
39.27
39.33
39.45
38.94
38.66
38.84
39.26
39.19
38.97
39.31
39.87
39.77
39.10
39.14
38.96
38.64
38.72
38.84
38.68
38.90
39.48
39.60
39.27
39.47
38.91
39.59
40.03
40.39
41.14
41.26
41.10
40.55
40.44
40.41
40.42
40.76
40.49
40.98
41.34
40.53
40.90
40.49
40.38
39.52
40.26
40.12
39.08
39.98
40.56
40.28
40.01
40.24
39.53
39.59
38.85
39.08
39.29
39.98
40.74
41.50
41.85
41.50
40.96
40.66
40.49
39.50
39.81
40.48
40.40
40.21
39.84
39.63
39.65
39.06
40.03
39.68
40.50
39.97
39.24
39.77
39.16
40.23
40.60
39.45
40.26
40.46
40.35
39.25
38.87
39.08
38.26
37.99
37.92
39.05
38.65
38.75
39.78
40.10
40.36
40.10
38.79
40.20
39.76
39.87
40.28
39.73
39.74
38.73
38.78
39.81
39.86
40.77
40.44
40.00
40.83
41.58
42.03
42.53
42.27
42.57
42.83
42.83
42.31
42.23
42.41
41.92
41.99
42.14
41.93
41.98
41.75
41.61
42.29
42.19
41.82
41.93
41.81
41.37
41.17
42.02
41.55
41.00
41.46
41.74
41.41
41.79
40.46
40.42
40.04
40.04
38.66
39.34
39.20
38.65
39.85
39.34
39.37
39.55
37.75
38.03
37.45
37.63
36.35
36.73
37.50
38.03
38.21
38.28
37.86
38.42
38.82
38.47
37.90
39.46
41.71
41.80
41.14
40.50
40.60
39.94
40.26
41.48
41.50
42.30
42.02
42.44
41.56
41.00
41.39
40.89
41.43
39.16
39.00
39.40
38.20
38.51
37.63
37.87
37.30
36.11
35.96
36.69
35.75
35.26
36.40
37.89
37.35
38.49
38.28
38.16
36.73
36.40
37.00
36.37
36.87
37.51
38.67
37.84
37.88
35.89
34.36
34.47
34.98
35.50
35.57
35.20
35.96
34.83
35.06
34.87
35.45
35.02
35.01
34.65
36.09
35.32
35.50
35.03
35.79
37.07
36.05
36.85
38.03
38.00
37.76
37.66
37.66
38.30
39.48
38.72
39.01
38.48
39.01
38.80
38.19
38.20
37.30
37.20
37.33
37.61
37.57
37.51
37.59
37.81
38.53
38.65
38.58
38.30
38.59
38.71
39.94
40.13
39.85
39.56
38.82
38.86
38.59
39.11
39.26
39.61
39.86
40.07
40.51
39.37
38.89
39.18
38.53
38.83
39.51
40.20
39.90
39.35
38.78
38.50
39.46
38.21
37.56
37.22
36.14
36.39
36.68
36.17
35.69
35.25
35.15
34.43
34.38
34.27
34.47
33.47
32.76
33.69
33.30
32.89
32.58
32.68
32.96
32.12
32.77
32.58
32.37
31.95
31.92
31.75
32.12
31.83
31.82
33.06
31.70
31.40
30.63
30.70
30.91
30.81
30.44
30.17
31.05
30.87
30.31
30.97
31.84
31.65
31.30
31.12
31.66
31.40
30.80
30.69
30.76
31.17
30.52
30.62
31.20
32.23
31.99
32.25
32.42
31.58
31.50
32.55
32.55
31.55
31.56
31.54
29.96
29.88
28.80
29.08
30.43
29.21
28.75
28.98
30.07
30.00
27.75
27.92
28.09
27.97
28.12
26.86
25.74
24.73
23.00
22.42
26.07
26.68
24.62
25.46
25.29
26.99
25.73
23.78
25.26
24.68
24.39
27.61
26.90
27.10
26.77
27.81
29.28
27.15
25.99
27.00
27.47
27.33
26.18
28.67
27.65
26.77
26.57
25.23
24.51
25.19
26.94
27.29
28.39
28.56
26.96
28.04
29.08
28.17
28.15
29.98
29.16
28.08
27.94
28.18
27.13
28.23
28.12
27.72
28.12
28.13
27.72
27.83
27.94
27.86
28.23
28.50
29.42
28.43
28.30
27.21
27.18
26.68
25.94
25.99
25.41
25.12
25.23
25.02
25.79
25.51
26.12
26.83
25.93
25.91
24.71
24.62
25.16
25.37
24.66
25.15
26.08
25.89
24.56
24.44
24.29
24.19
23.22
22.96
23.19
23.58
22.68
23.25
23.71
24.09
23.77
23.04
22.67
23.00
22.56
22.58
21.72
23.02
23.35
24.35
24.27
24.36
25.37
25.70
25.60
25.33
26.92
26.33
26.18
26.35
26.00
25.16
25.20
25.92
26.54
26.83
26.59
25.53
25.39
26.10
26.02
25.28
25.45
25.99
25.95
25.29
25.28
25.74
25.50
25.16
25.31
25.65
25.52
25.62
26.01
26.69
26.50
26.69
25.45
25.25
25.36
25.73
25.24
24.98
24.88
24.59
24.67
24.13
23.67
23.68
24.51
24.07
24.63
24.79
24.64
24.84
24.46
24.36
24.56
24.40
24.21
24.28
24.79
25.01
24.63
24.22
24.14
24.13
24.04
24.15
24.66
24.65
24.85
24.82
25.22
24.84
25.07
24.59
24.80
24.33
23.54
23.38
23.44
23.77
23.45
23.97
23.71
23.98
24.42
24.57
24.84
25.48
25.45
25.73
25.52
25.95
26.34
26.23
26.23
26.27
25.73
25.55
25.62
25.58
25.36
25.65
25.48
25.45
25.02
25.10
25.38
25.54
26.00
26.14
26.30
26.51
26.42
26.21
26.05
25.36
25.37
25.15
25.51
25.75
25.94
26.56
26.66
26.53
26.70
26.54
26.37
27.05
26.87
26.50
27.13
27.03
26.96
27.43
27.20
27.01
26.61
26.52
26.76
27.15
26.18
25.94
25.66
25.60
25.90
25.83
25.91
25.70
26.00
25.99
25.94
26.10
25.73
25.31
25.60
26.08
26.23
25.67
25.59
25.36
25.53
25.94
25.93
26.34
26.36
26.44
26.29
26.25
26.29
26.28
26.31
26.11
26.02
26.78
27.10
27.08
26.99
26.94
27.18
27.35
27.52
27.60
27.97
27.61
27.56
27.76
28.01
28.05
27.60
27.52
27.22
27.32
27.54
27.90
28.04
28.10
28.33
28.34
28.32
28.03
28.58
28.44
27.61
27.30
27.10
26.97
26.96
26.64
26.19
25.79
26.20
25.83
25.67
25.39
25.58
25.33
25.62
25.54
25.36
25.38
25.69
25.58
25.03
25.24
24.98
25.26
25.12
25.19
25.07
25.32
25.40
25.24
25.10
25.02
24.83
24.91
24.77
24.81
25.00
24.88
24.89
24.96
24.99
25.28
25.56
25.52
25.60
25.62
25.78
25.85
25.90
26.06
26.24
26.40
26.55
26.26
26.15
26.24
26.51
25.95
25.84
26.11
26.31
26.31
25.65
26.02
26.44
26.38
26.20
26.24
26.24
25.93
26.38
26.66
26.34
26.27
26.25
26.27
25.95
25.91
26.14
26.06
26.28
25.90
25.77
25.14
25.10
25.67
25.64
25.82
25.74
25.40
25.77
25.59
25.57
24.96
24.85
24.43
24.32
24.13
24.63
24.30
24.33
24.78
24.80
24.17
24.32
24.97
24.90
25.44
25.29
25.17
25.54
25.52
25.57
25.43
25.44
25.36
25.44
25.05
24.79
24.95
24.46
24.19
24.34
24.29
24.41
24.33
24.57
24.83
24.84
24.95
24.96
25.00
24.69
24.88
24.79
24.92
25.51
25.54
25.96
26.15
26.20
26.02
25.94
26.59
26.69
26.64
26.74
26.54
26.86
27.01
26.55
26.66
26.72
26.65
26.97
27.28
26.97
26.45
26.49
26.72
26.89
26.70
26.94
26.63
27.03
27.35
27.40
27.44
27.27
27.39
27.81
27.83
27.93
27.93
28.01
28.11
28.17
28.54
28.61
28.59
28.51
28.58
28.87
28.92
28.71
28.60
28.81
28.86
29.36
28.62
28.25
28.22
28.32
28.39
28.47
28.50
28.33
28.62
28.21
28.61
28.34
28.29
28.36
28.31
28.35
28.50
28.52
28.72
28.94
29.06
29.44
29.27
29.18
29.18
29.05
28.83
28.46
28.63
28.24
27.96
28.44
28.32
28.29
28.03
28.14
27.93
27.70
27.79
28.28
28.55
28.49
28.30
28.54
28.63
28.82
28.89
28.78
29.34
29.13
29.23
29.21
29.13
29.07
29.13
29.20
29.25
29.23
29.31
29.33
29.38
29.67
29.88
29.98
29.15
28.85
28.34
27.91
28.04
28.08
28.43
28.33
28.33
28.23
28.33
28.48
28.76
28.73
28.13
27.49
27.52
27.87
27.67
27.99
27.97
27.96
27.91
27.97
28.24
28.47
28.46
28.24
28.30
28.50
28.57
28.20
28.03
27.92
28.13
28.38
28.08
28.17
28.13
27.92
27.90
28.45
28.79
28.61
28.46
28.19
27.81
27.33
27.74
27.94
28.26
28.10
28.14
28.54
28.85
29.36
30.05
30.71
30.61
30.62
30.77
30.70
30.47
30.54
30.71
30.66
30.47
30.18
30.29
30.65
30.31
30.31
30.13
30.68
30.55
30.94
31.42
31.37
31.12
31.21
31.86
31.79
31.22
31.26
31.35
31.69
31.38
31.64
31.41
31.06
31.12
31.20
31.40
31.32
31.08
31.16
31.00
31.11
31.29
31.56
31.17
30.97
30.65
30.36
30.31
30.34
30.33
30.34
30.55
30.79
30.35
30.43
30.77
30.96
31.11
30.88
30.72
30.44
30.76
31.02
31.26
31.41
31.68
31.63
31.23
31.23
31.14
30.80
30.77
30.82
30.58
30.31
30.12
30.33
30.23
30.28
30.32
29.91
29.94
29.96
29.26
29.26
29.52
29.18
29.50
28.78
28.93
27.70
28.85
27.88
28.44
28.22
28.81
28.79
29.17
28.46
27.99
28.45
28.98
29.43
29.06
29.04
29.26
29.62
28.48
28.27
28.05
27.83
28.13
27.96
27.54
27.88
28.12
28.26
28.54
28.94
28.58
28.85
28.30
27.75
27.85
28.34
28.67
28.55
28.84
28.52
28.16
28.31
28.31
28.41
28.44
29.17
28.77
28.99
29.10
29.17
29.02
29.21
29.09
28.99
29.13
28.88
28.41
28.75
29.47
29.74
29.31
28.70
29.08
29.44
29.16
29.44
29.46
28.91
29.16
29.42
29.19
29.25
28.78
28.61
28.64
28.36
28.08
27.55
27.41
27.95
28.06
28.98
28.84
28.96
29.15
29.17
29.40
28.86
29.03
29.01
29.04
28.81
28.79
28.85
28.74
29.12
29.30
29.66
29.87
30.04
29.95
30.17
30.24
30.38
30.43
30.40
29.68
29.66
29.76
29.99
30.12
30.07
30.25
30.33
30.42
30.51
30.40
30.09
30.21
29.45
29.16
29.34
29.41
29.60
29.79
29.95
29.97
30.04
30.02
29.99
29.84
30.04
30.07
29.87
30.02
30.01
30.34
30.28
30.46
30.34
30.36
30.53
30.59
30.63
30.87
30.99
30.73
30.88
31.00
31.18
31.44
31.63
31.45
31.64
31.59
31.65
31.79
31.84
31.71
31.52
31.79
31.64
31.36
31.21
31.23
31.45
31.43
31.57
30.94
30.64
30.13
30.45
30.84
30.54
30.61
30.89
30.75
30.74
30.86
30.61
31.72
31.74
32.44
32.67
32.91
33.06
33.04
33.11
32.86
33.00
33.04
32.81
33.13
33.59
33.53
33.35
33.19
33.29
33.66
33.63
33.54
33.36
33.64
33.69
33.94
33.84
34.17
33.90
34.15
34.06
34.56
34.16
34.55
34.59
34.98
34.98
35.69
35.71
35.63
35.47
35.41
35.03
35.17
34.95
34.98
35.19
35.39
35.66
36.20
36.00
35.77
35.44
35.54
35.44
35.26
34.87
35.35
35.42
35.82
36.19
35.48
35.29
35.38
34.63
35.33
36.30
37.14
37.43
37.92
37.64
37.54
37.58
37.61
37.44
37.43
37.23
37.49
37.39
37.25
37.10
37.24
37.17
36.89
36.59
36.56
36.56
36.95
36.87
36.64
36.82
36.69
36.64
36.81
36.93
37.44
37.30
37.42
37.62
37.72
38.15
37.26
37.60
37.66
37.76
37.94
38.08
38.25
38.06
38.08
37.99
37.70
37.75
37.81
38.17
38.34
37.86
37.66
37.14
36.92
36.26
35.63
35.21
35.40
35.72
36.02
35.32
35.26
35.00
34.71
34.50
34.63
34.59
35.09
34.93
34.83
34.80
33.64
33.20
33.54
33.87
33.95
33.78
33.42
33.14
33.82
33.68
33.85
34.36
33.97
33.62
33.62
33.93
34.13
34.14
33.92
33.91
33.65
33.74
33.73
34.15
34.49
34.32
34.01
34.23
34.34
33.91
34.17
33.67
33.74
33.78
33.66
33.32
33.71
35.00
35.02
35.23
35.39
34.35
34.24
34.37
34.27
34.02
33.76
33.26
33.20
33.44
33.61
33.78
33.75
34.02
34.13
34.68
34.48
34.79
35.51
35.23
35.35
35.43
35.27
35.27
35.23
35.60
35.42
35.29
35.36
35.67
35.47
35.43
35.68
35.19
35.49
35.85
35.91
36.01
36.23
36.60
36.29
36.39
36.68
36.60
36.72
36.60
36.86
36.43
36.15
36.14
36.19
36.15
36.43
36.39
36.74
36.62
36.69
37.25
37.57
37.28
37.91
38.02
37.62
37.76
38.18
38.54
38.59
37.95
37.94
37.78
37.74
38.28
38.73
39.00
37.04
37.28
37.04
37.30
37.46
37.56
37.56
37.34
37.09
37.52
37.83
37.33
37.36
37.00
37.23
37.53
37.38
37.44
37.22
36.94
36.62
36.74
36.75
36.18
35.91
35.50
34.99
35.07
35.67
35.26
35.81
35.45
35.99
35.76
35.62
36.30
35.91
35.76
36.17
35.25
34.35
34.47
34.46
35.03
35.33
35.63
35.40
35.30
35.53
35.62
35.83
35.58
35.60
35.39
35.87
35.81
35.55
35.88
35.96
35.74
35.81
35.58
35.81
35.40
35.46
35.60
35.88
35.42
35.27
35.72
35.77
35.67
35.48
35.59
35.29
34.80
34.92
34.72
34.77
34.35
34.18
33.79
33.87
33.48
33.82
34.29
33.82
33.69
33.58
33.65
33.83
33.32
33.74
33.34
33.41
33.63
33.97
33.97
34.38
34.32
34.57
34.75
34.95
34.81
34.31
34.22
34.09
34.05
34.23
33.98
33.82
34.06
33.94
33.64
33.75
34.00
33.11
33.75
34.15
34.20
33.92
33.71
34.20
34.44
34.61
35.22
35.23
35.28
34.63
35.19
35.57
36.27
36.26
36.20
36.24
36.45
35.53
35.82
35.11
35.17
35.03
35.17
35.07
35.16
35.43
35.60
35.72
35.40
35.30
35.42
35.37
35.28
35.41
35.21
34.80
34.74
34.60
34.25
34.53
34.69
34.40
33.95
33.89
33.85
34.15
33.85
34.38
34.45
34.30
34.69
34.95
35.16
35.18
35.20
35.16
34.95
34.80
34.96
34.95
34.24
33.54
33.62
33.30
33.48
33.79
33.96
33.70
33.57
33.34
33.80
33.42
33.51
33.70
33.31
33.35
33.32
31.95
32.45
32.08
32.00
32.30
32.44
32.95
32.94
33.49
33.15
32.82
32.85
33.18
32.80
32.47
32.17
32.00
32.23
31.93
31.86
32.15
32.13
32.34
32.54
32.51
32.23
32.38
32.35
32.49
32.89
32.98
32.96
34.09
34.30
34.46
34.72
34.61
34.96
35.07
35.07
35.09
35.37
35.63
35.55
35.49
35.27
34.92
35.12
35.20
35.36
35.68
36.10
36.04
36.06
36.29
34.92
34.50
34.49
35.08
35.42
35.70
35.58
35.63
35.76
35.49
35.76
36.40
36.44
36.57
36.20
36.39
36.52
36.74
36.38
35.50
35.27
35.38
35.32
35.21
35.34
35.39
35.47
35.44
35.20
35.05
35.10
35.02
35.01
34.94
34.81
34.83
35.03
34.98
35.02
35.20
35.36
35.39
35.39
35.29
35.26
35.26
35.41
35.36
35.48
35.67
35.84
36.02
35.56
35.65
35.70
35.76
35.86
36.24
36.45
36.03
36.17
35.96
35.94
35.88
35.50
35.54
35.65
36.59
36.36
35.59
35.33
35.46
35.11
34.62
34.21
34.47
34.47
34.64
34.69
34.91
34.74
34.65
34.48
34.53
34.64
34.50
34.51
34.50
34.75
34.74
34.96
34.84
34.97
34.94
35.15
35.01
34.66
34.70
34.85
34.50
34.69
34.95
35.02
35.16
35.47
35.50
35.26
35.40
35.08
35.28
35.23
35.24
34.96
34.97
35.36
35.49
35.33
35.15
34.66
34.25
33.82
33.84
33.87
33.64
34.08
34.28
34.62
34.50
33.66
33.87
34.11
34.33
34.40
34.51
34.84
34.84
34.79
34.92
34.72
34.91
35.12
35.10
35.40
35.61
35.90
35.85
35.72
35.37
35.28
