0.0
6.21468926554
-1.53538050734
2.72
-0.838621940163
-1.40782122905
1.42792384406
5.52499402057
2.45037980887
-2.83333333333
2.14007782101
1.38067061144
-1.07317073171
-4.6511627907
2.38095238095
5.0
0.0
2.5641025641
-0.636942675159
-8.46548507463
1.1798017933
-0.282352941176
1.19047619048
0.0
0.286532951289
-0.427960057061
-1.31393711872
1.18708452042
4.15430267062
-1.07632093933
0.46694519538
4.17306707629
-2.35
4.57516339869
4.79452054795
2.0979020979
0.704225352113
0.169300225734
-4.21621621622
-1.98675496689
-10.119047619
-7.18232044199
-0.6804214223
5.02535730751
3.58166189112
0.624699663623
0.144369586141
-1.04761904762
-3.86816205081
3.72744539411
-0.894117647059
-5.80673758865
-1.37704918033
2.94779477948
-1.79005524862
4.47933502655
-0.573921028466
1.3023255814
-0.439916647372
1.62352941176
0.591715976331
1.51369533878
-1.18708452042
-5.87709497207
-2.71739130435
-0.66940185705
-0.643638704141
0.495903406641
0.281081081081
-2.1164021164
0.531914893617
0.0
10.2768653214
1.76695319962
0.915662650602
-1.04911778732
1.82083029862
-2.50887573964
-5.9857587895
2.13636363636
1.73410404624
-1.27824697558
-1.81532944868
5.28551203398
1.04911778732
2.14320506576
-4.51162790698
0.279850746269
1.34719924368
-6.22783687943
-0.965759438104
1.60570918822
-2.52173913043
0.678485445393
0.838666960936
2.39548022599
3.65425158117
0.447058823529
1.65032288926
-3.03803339518
2.52020922492
-1.31393711872
-3.68361581921
1.28175783932
-0.704545454545
-2.22222222222
1.55721056195
-2.20701831825
-2.30702889176
-1.31914893617
-2.32751454697
2.79854731895
-2.47916666667
-4.0
2.69049086055
3.04761904762
-0.526315789474
0.656918838737
-1.93266832918
-2.03583061889
1.15321252059
2.49050232165
1.76116838488
3.65093499555
-1.40474100088
3.54545454545
-5.49828178694
1.77049180328
4.88308115543
-2.39427164914
-0.267797366659
0.968904912123
-1.246105919
-1.77049180328
0.815337152931
4.85212569316
-0.505747126437
-0.275103163686
1.15955473098
0.279069767442
-0.439916647372
-1.84090909091
2.04081632653
0.724129876197
0.729411764706
-0.140977443609
-2.58640421149
-1.39923267885
0.704545454545
0.136549840692
-0.991437584498
4.42352941176
1.9429119693
-1.46537461593
-0.587406015038
1.62368672397
-0.285714285714
1.67029774873
4.58227848101
0.483337573137
-1.87219171243
1.11055022716
-1.41826324956
-0.765432098765
-1.67516387473
-2.20797720798
-0.449066414559
0.451092117759
0.837921953555
-2.72473218444
-0.578837693911
0.722947761194
0.304093567251
-5.12649800266
-1.91554201132
0.701446733889
0.528867342442
1.11408199643
1.42372881356
-1.11731843575
-1.64835164835
2.38523852385
-4.8190190619
-2.6074259491
-1.15463917526
0.393293314014
1.83389544688
-4.52807405917
-0.380914194066
-0.359568517779
0.240288346015
-3.49758454106
-3.37938760269
0.468955167886
1.6590389016
2.94464075383
3.70521172638
-1.52365677626
-0.47885075818
-1.24137931034
-3.22273073989
-0.474473334599
1.21014214368
2.58128078818
-6.22690317812
0.445434298441
-1.69677066229
0.679647318148
-3.32090214882
-3.11424638679
0.745363147859
2.90759900107
0.107142857143
-2.08078335373
1.11386138614
-0.876270592359
-0.55768560474
-0.416522040958
0.875350140056
-1.51724137931
1.20397836329
0.0
-1.29176713744
3.67857142857
-1.75438596491
0.105374077977
-2.66666666667
3.08370044053
2.36291486291
-0.556053811659
1.01467657184
0.455041863851
5.26920866066
-1.52830188679
-0.823353293413
-1.4930875576
0.0
4.95260205069
1.731942531
-2.75598086124
-2.22679640719
-2.16038081289
1.73216613895
0.712811855187
14.4974226804
5.67408079891
-1.82709447415
-2.17959895379
-1.98675496689
-1.96858638743
1.33701188455
-1.31937172775
-5.220325526
-1.21568627451
-1.44927536232
3.5
-0.23942537909
-3.50404312668
-0.840015273005
0.0
2.82685512367
1.75789053136
-0.49691910157
-0.494462025316
1.75085530288
1.65711947627
-0.872034070168
4.07344871254
0.0
1.47783251232
-2.5260960334
-0.0417362270451
-0.889348500517
-4.35212660732
1.50602409639
0.201207243461
-0.100502512563
2.26104830421
0.891746163418
3.5430534679
-2.51203684321
-1.42385472555
3.10638297872
0.0
-1.50880134116
-2.15296288702
2.67368421053
-2.92254240752
-1.58889782784
-1.15308151093
-0.553578489522
6.03773584906
4.83516483516
-2.2976164913
2.55450341335
-1.30406433384
4.63952695019
-3.2776066872
1.02222222222
0.245043439519
-0.0890273759181
6.69674661601
-1.65810368986
1.6136687233
-2.13655364608
5.28117359413
1.94416749751
-0.962725253024
-3.22503583373
1.47878787879
-6.03644646925
4.05309315004
-2.96688132475
-2.57674210173
1.98811700183
1.48423005566
-1.95543428831
-1.03510351035
2.63279445727
-0.115340253749
0.837404047453
4.34466019417
0.048567265663
-1.9290307216
-2.7333796618
3.42597029229
0.943168077388
3.375
1.91082802548
-1.13350125945
-2.67222358421
-0.317693059629
-2.33890214797
1.57575757576
-3.46360870583
0.849657776729
1.36363636364
-0.830367734282
-1.90830812195
1.20113047574
0.497041420118
-0.914634146341
0.923076923077
-1.28504672897
-1.26874279123
-3.45211581292
2.74599542334
-1.841868823
1.1588275392
1.47567442933
1.21353558926
-0.556973775818
1.74734356553
-1.92218619731
2.17699952674
-1.83507549361
2.37812128419
0.0237868696479
-0.849056603774
1.43540669856
0.239808153477
0.627413127413
-1.75438596491
0.333016175071
0.0237925291458
0.767202109806
3.47308360208
1.38329979879
-1.63285502227
1.05
1.67768174886
1.26126126126
0.387596899225
-1.87626774848
0.10152284264
-1.02989198694
-0.624063904144
-1.33004926108
-0.0492368291482
-1.64648910412
3.25
-0.621118012422
0.0
-4.21227986673
0.0476190476191
0.119189511323
-2.39646347138
-2.45120290513
-0.0907029478458
0.593065693431
2.19114219114
1.99714693295
3.08823529412
-5.94744121715
-0.845714285714
-0.273535445635
-0.634201585504
-1.95425272041
0.244879786287
1.58299412031
1.67854679237
0.0
-0.75308078503
2.21600186611
-0.671918443003
-3.05480682839
0.2251238181
0.954545454545
1.47601476015
-0.550458715596
2.46768507638
-2.63157894737
1.4156416802
1.98816568047
0.475624256837
-1.31424548228
2.08433157643
0.894367899444
-0.193003618818
1.14690092728
0.171107308726
-2.59523809524
-0.568181818182
0.811455847255
2.19512195122
-5.59521068386
-1.96388261851
-2.95728368018
0.794877456392
-1.32897603486
3.72881355932
-1.79760319574
-4.43266171792
-0.401351922264
2.35675675676
-1.84634974533
1.3769363167
-1.10638297872
1.77566045907
1.00612423447
1.87165775401
-2.11559432933
-1.79910044978
-0.490196078431
3.00768386389
3.17100792752
0.638249373148
1.10624567873
0.48633626679
-0.2541002541
-0.802016498625
5.41062801932
6.75605982465
-1.09665901556
0.796915167095
-0.765306122449
-1.10998990918
4.04199475066
-0.0262398320651
-2.63157894737
1.3727013727
0.233644859813
0.600679028467
0.657202944269
0.131613582522
-1.17065556712
1.31787032156
1.44385026738
-0.106837606838
-4.0
-0.332225913621
-1.9298245614
2.07214121259
0.256476019492
-0.662420382166
0.589441312148
2.06643996861
1.64849773996
-0.634081902246
1.25735687533
-1.81245074862
0.475059382423
-1.25097732604
0.418738550118
2.02937249666
-0.636773680021
-0.815789473684
-0.627615062762
-1.13753877973
-0.693196405648
-2.45429501628
1.86224489796
-0.457084814627
-0.930817610063
1.14503816794
0.511508951407
-0.0511247443763
-1.43613000756
0.50645733097
0.816951748787
-1.82957393484
-0.67214339059
0.450112528132
0.200451014783
0.427780573729
4.11317788839
-0.857142857143
1.77108115252
-0.473559589582
0.582164593808
1.83239019132
0.623644251627
1.01342098055
2.64267641271
-2.09193503991
-0.192307692308
2.47747747748
-1.44284128746
-0.16620498615
-0.550964187328
-3.07076101469
1.32575757576
3.21139346551
-0.555401277423
4.40707451435
-1.73789173789
-1.48751052484
0.792079207921
-1.94174757282
-1.98477433388
-0.64829821718
-0.269396551724
1.69863013699
-1.48448043185
1.50684931507
-0.842162455854
-2.15311004785
0.32
-0.793650793651
-0.105708245243
-2.97435897436
-0.914634146341
1.52179520248
-0.666154240328
0.722580645161
0.911458333333
-0.518134715026
-0.464156781846
-0.0515463917526
0.284311191522
-0.794871794872
0.25706940874
-0.891719745223
0.589441312148
1.00957804815
1.8723628692
-0.210526315789
-0.886802295253
1.83266932271
0.560897435897
2.12765957447
-1.45161290323
-1.11642743222
-1.38925294889
2.16925549009
2.21735559814
4.67048710602
-2.10378681627
5.62962962963
-0.735294117647
1.58350761876
-3.18194966734
0.202898550725
1.79994098554
3.57579462103
3.34807327858
1.21483375959
-0.949968334389
-1.2198936503
1.8152866242
4.14593698176
-2.92981326465
-4.86983154671
0.678384212149
4.14258188825
0.257566001288
1.83606557377
-4.20854271357
1.5629984051
2.95566502463
-4.99219968799
-2.99636803874
-1.10745285843
-3.66205305652
0.318194966734
1.20023419204
-1.55619596542
-0.658459776696
-3.64137931034
3.36469917308
-0.87620124364
0.941512125535
1.41782407407
0.787401574803
3.43891402715
-0.300751879699
-0.982727814175
3.80216383308
-2.14761040532
-0.27149321267
3.1746031746
-2.13219616205
0.551301684533
1.30313372634
-3.21321321321
0.970285021225
5.56978233035
0.936995153473
-1.27591706539
2.95566502463
2.87162162162
0.338983050847
-2.15588723051
-1.14754098361
1.80240320427
0.0668002672011
-2.47557003257
-3.15457413249
0.284720025308
3.36821451929
1.89936687771
-2.088091354
3.40755735493
0.440528634361
-0.202908353061
2.35375562478
4.14563806777
3.97301349325
11.3522537563
2.83261802575
-5.74433656958
-4.95963091119
-0.914285714286
0.152613506295
-0.380083618396
-4.88069414317
0.765027322404
3.58490566038
1.53256704981
0.0383288616328
1.43856920684
-3.41719864814
-1.22403560831
0.409683426443
0.826135936913
-5.36602700782
0.285103349964
-2.19588706867
-3.95045195849
7.91184971098
-1.52970473141
2.66617969321
4.10646387833
-1.31332082552
0.338855421687
2.90585044556
0.0387596899225
4.28455941795
7.09956709957
-4.93827160494
3.53642948445
-2.20833333333
-2.20048899756
-1.36655948553
-3.75241779497
4.02414486922
1.22199592668
-0.122050447518
1.15226337449
0.537856847331
3.37895637297
0.775862068966
2.15763980625
0.353513035793
0.177069499779
3.15068493151
8.68486352357
0.248756218905
-3.45821325648
3.17145688801
-7.43119266055
0.832562442183
2.80551592962
2.685546875
0.589390962672
-4.18823529412
-5.34521158129
0.223214285714
-5.72390572391
2.1935483871
-5.10204081633
-2.9702970297
-1.94174757282
-4.80591497227
4.64216634429
0.779727095517
2.72326792151
-3.29202168861
2.25742574257
-2.73497688752
1.16913484022
-5.83486238532
-2.22461428059
0.541125541126
-0.287769784173
3.84759058648
-1.61705255421
3.85496183206
4.7580967613
2.83717105263
-0.327868852459
-3.1361651449
-1.75507020281
0.627943485086
-2.74809160305
-4.65793304221
-0.254083484574
-2.99295774648
3.46083788707
-4.45527323355
0.80701754386
0.529100529101
5.27292981805
1.81474480151
0.761904761905
-0.681044267877
2.88049824835
-0.0389105058366
0.665883274579
-0.117370892019
-0.73786407767
-5.08661997788
-1.52450090744
1.10091743119
-1.58902130733
-1.84331797235
0.75
0.719424460432
-0.891265597148
2.82258064516
0.0366703337
0.590188122464
-6.22621930128
0.103878116343
-7.40621994229
3.00528401585
5.21195274496
-0.997592019264
0.9375
0.139082058414
-2.87065180682
3.74912403644
2.47755834829
2.08944281525
2.17228464419
-0.854066097289
5.48374461418
4.03422982885
-1.24748490946
2.17927631579
0.0
1.97064989518
-2.41407528642
-3.32278481013
-1.32708821233
1.0650887574
1.76635889201
-1.07227958697
2.77551020408
3.33192745677
2.77416558301
2.76169265033
-3.85438972163
-1.43520472773
2.86582718194
8.1220657277
2.7496382055
-0.0963855421687
-2.81030444965
3.33978702807
-1.94589463692
1.29807692308
0.240963855422
1.4173998045
-1.87050359712
2.10577864838
-0.341630063446
5.89147286822
0.0517063081696
-0.565552699229
-5.12195121951
-1.67865707434
-4.09383624655
1.25756870051
-1.60403299725
0.229673863114
0.600739371534
3.392259914
-1.0401891253
-1.30657956136
2.78177458034
3.01383399209
0.897308075773
-6.17399438728
-3.4762979684
2.16789667897
-1.00456621005
-0.0456412596988
2.00186219739
2.13980028531
-0.0950118764846
1.64171897634
-2.26521944313
-0.282352941176
4.73139477575
-1.50485436893
2.8457314029
0.25025025025
-8.34862385321
-3.19715808171
1.80831826401
-4.03470715835
0.0
-1.32705479452
0.300558179476
-2.99875052062
2.03994900127
-0.926315789474
2.94755093195
0.26075619296
-2.78833967047
-3.93668831169
0.40749796251
-0.486618004866
-0.403877221325
-0.761523046092
2.46406570842
-0.0820681165367
1.28844555278
-0.578512396694
-3.7773359841
-1.17878192534
0.513428120063
0.47619047619
-1.02120974077
-1.31782945736
-0.116144018583
-1.33689839572
-1.31926121372
0.416351249054
2.40310077519
0.2331002331
-0.348432055749
-0.730207532667
2.76461295419
-2.0502901354
1.17416829746
-0.428682774747
0.195236235845
-1.87739463602
0.268920476373
-1.40151515152
2.32558139535
-0.883595850941
2.31918238994
-0.430528375734
-1.8440261237
-2.14285714286
1.41059855128
-0.455407969639
0.919188050555
1.35869565217
3.1224979984
-1.69224714679
0.953516090584
1.49193548387
2.8192371476
2.81329923274
-2.9776674938
4.53955901427
-2.69246949937
-0.834376303713
2.87553648069
-1.01954120646
-1.71189979123
1.61221892236
-0.253914515446
1.15582191781
-0.17094017094
-1.88679245283
2.66896254843
-0.938166311301
0.299401197605
-0.0854700854701
-0.510204081633
-0.338983050847
2.1645021645
0.0866551126517
-0.645716745588
-1.2749681258
-0.549450549451
-0.33698399326
-0.126209507783
2.67818574514
1.18006993007
-0.952380952381
1.76211453744
-0.438596491228
1.51380231523
-0.133392618942
-2.00435729847
-0.735294117647
0.521739130435
-0.562040639862
0.916230366492
-1.63090128755
0.0429368827823
-0.597524541187
1.60450997398
-1.49508756941
-0.340570455513
-2.28785357737
0.754400670578
1.96581196581
3.90763765542
2.78411684162
-0.589836660617
1.00824931256
-0.727934485896
-1.21348314607
-1.54867256637
0.444444444444
-0.486510393631
-0.702678963549
-0.611086861632
3.3844765343
0.5444646098
0.410022779043
1.15207373272
1.40186915888
-1.06333795654
-1.54756486117
-0.136363636364
-1.78571428571
1.81818181818
-0.452488687783
-1.07430617726
-2.61551874455
-2.29982964225
-0.466299279356
-0.422119037569
0.894378194208
-2.08507089241
-0.373909430827
0.795644891122
1.18644067797
1.98789974071
0.783972125436
-2.29787234043
-0.16992353441
-0.0424628450106
1.07296137339
-1.31300296485
0.940572894399
1.21159671138
0.390964378801
0.392498909725
-0.434216239687
-0.130095403296
-1.70502983802
0.299273193673
0.472508591065
0.344827586207
0.0862812769629
0.129589632829
-3.62198168193
-1.51701517015
0.910219280099
0.834376303713
-2.60056887444
-0.766129032258
0.977198697068
-1.24648170487
0.363196125908
-1.15676106901
-0.948241801659
0.277337559429
-0.825147347741
0.513428120063
0.796178343949
-0.357001190004
-2.62649671688
-0.652340752111
-0.0383582662064
-0.26778882938
-3.36414048059
-0.258112094395
0.0738007380074
-1.7760057992
5.30534351145
-2.34811777861
1.43667296786
-0.862068965517
-0.224382946896
1.02002266717
-1.96296296296
1.92525481314
0.645896656535
-0.378501135503
-1.01161483702
2.85163776493
1.52582159624
-0.544747081712
0.78431372549
-3.62811791383
1.45705521472
2.03442879499
-0.467289719626
-1.30668716372
1.44249512671
-1.11796453354
-0.0770416024653
1.248049922
2.35528942116
0.723763570567
1.71779141104
1.07482430757
1.29815745394
-0.5
-0.538748445918
-0.0828157349896
0.124378109453
0.45814244065
-0.989690721649
-4.8273155416
0.95087163233
0.198491464867
0.679456434852
-0.51689860835
0.0397772474145
3.28677074774
1.20582120582
-1.27257799672
0.744416873449
-0.370828182942
-1.05992662046
-0.688259109312
0.324939073924
2.15767634855
0.500417014178
1.13876001687
-1.49563772331
0.627090301003
-1.27940569542
-0.533661740558
-0.733496332518
-0.768297614234
-0.562927221552
-1.85477505919
1.15768463074
1.91212367779
0.490596892886
-0.04086636698
0.865622423743
0.413907284768
-0.821018062397
0.786098469177
-0.98320360508
0.205254515599
-1.65522809851
-2.48031496063
-0.0786782061369
-0.313725490196
0.0392310710082
1.1106703689
-0.630666141112
1.8875502008
-1.3079667063
-0.708382526564
-0.157170923379
0.592885375494
2.26354082458
0.93839249286
0.0816659861168
-0.0408163265306
-0.729335494327
0.734693877551
0.82304526749
-1.17934119561
0.73740270381
0.41135335253
-0.0822030415125
0.578751550227
0.582120582121
2.34042553191
-1.46750524109
0.632911392405
-0.16849199663
-0.544616673649
0.632377740304
-0.877559548684
-1.44151565074
-0.246507806081
-1.13728675873
-0.765820233777
1.05906313646
0.32693093584
0.122749590835
-0.40749796251
-0.243902439024
0.819672131148
1.37100124636
-0.742268041237
1.93358554014
-0.0420168067227
-1.44927536232
-0.45342126958
0.0412371134021
0.455675227838
0.124429697221
-0.0828843762951
1.17400419287
1.66240409207
-0.551080966511
-0.337980566117
1.11063648014
-0.552251486831
2.34782608696
-0.4329004329
-0.259067357513
-0.472711645896
0.301724137931
-1.61153519932
-2.64244426094
-2.14141414141
-2.32833464878
-0.236220472441
0.0
0.236779794791
-0.588466065124
-0.27386541471
-0.117233294256
1.22626582278
1.73038229376
-0.0402252614642
-1.54455445545
-0.15816528272
0.198098256735
0.718276137271
-1.87940485513
0.670082774931
-0.820953870211
0.117416829746
-0.0782166601486
-0.156188988676
0.0781555295037
-0.389256520047
-0.19425019425
-0.386996904025
0.15503875969
0.0387747188833
-0.769526741054
-0.725744843392
-0.0763358778626
-1.83589359311
0.527306967985
0.950570342205
-1.01618366579
-1.00596125186
0.826446280992
2.14888718342
-1.88253012048
0.302114803625
0.151285930408
0.113593335858
0.189681335357
1.22887864823
-0.0383877159309
0.308047747401
0.580945003873
-0.730488273741
0.231213872832
-1.40577507599
-2.156133829
-1.10294117647
0.184162062615
0.555555555556
0.633619083116
-0.148864905099
-0.0743770918557
0.976342470897
1.06261859583
-1.23688155922
-0.854700854701
0.786516853933
0.907029478458
3.03738317757
1.74326465927
1.00040016006
0.969696969697
-0.841346153846
-1.53846153846
0.356294536817
-1.59719516946
0.587774294671
-0.700389105058
-1.60796324655
-0.495238095238
-0.152149106124
0.535372848948
0.693107431652
-0.87786259542
-1.76227971504
1.0993176649
0.956754688098
-0.190985485103
0.268096514745
0.849748937814
1.44984326019
0.235663786331
0.394321766562
-0.470957613815
0.512820512821
0.715137067938
-2.36617532971
-1.22605363985
1.12359550562
1.17600940808
0.393545848091
0.593824228028
0.959232613909
-1.14579217701
-1.74689440994
-0.732177263969
1.05140186916
-0.0778210116732
0.0
-0.426191398683
-0.34749034749
-0.19267822736
-0.307337687284
0.308285163777
-0.383877159309
0.656877897991
0.465838509317
-0.0388048117967
0.703399765533
1.0663507109
-0.471698113208
1.15308151093
0.279106858054
0.722891566265
1.01419878296
-0.644901249496
1.55546459271
0.0819336337567
-1.88906752412
0.363049616781
1.30772374336
-0.447518307567
0.162999185004
0.368098159509
-0.528885272579
3.84452893959
0.211685012701
-0.589225589226
-0.66889632107
-1.92701927019
-0.93419983753
0.0813008130081
0.53126277074
-0.568874441284
0.943396226415
1.16182572614
-0.659521846661
-0.451374640952
-0.611745513866
0.0407996736026
1.07216494845
0.289495450786
0.624219725343
-0.455675227838
-0.0827814569536
-0.206526228831
0.623441396509
-1.06907894737
0.0
-0.164203612479
-0.530828909759
0.28665028665
1.03434009102
0.290456431535
-0.0829187396352
0.5
-0.373599003736
1.81741335587
1.02476515798
0.0854700854701
0.214132762313
0.603188280913
0.737847222222
-1.53846153846
0.429184549356
-0.808854831843
0.685812258894
-1.5611814346
0.0422119037569
0.126796280642
-1.04558762024
-1.19834710744
1.21288163948
0.293624161074
0.378947368421
-0.335711288292
-0.251151109251
0.251783466219
0.761099365751
2.82608695652
-0.90478242137
0.0431034482759
1.04529616725
-0.949094046592
-0.0862068965517
-0.514579759863
0.690846286701
-1.19453924915
-0.340136054422
-1.17647058824
0.0841042893188
-0.0840336134454
0.0
0.506756756757
0.254022015241
0.169635284139
0.554371002132
0.643776824034
0.215053763441
0.736568457539
-1.15631691649
-0.595998297148
-0.802364864865
-0.210703750527
0.423190859077
-0.295358649789
0.381194409149
0.254777070064
-0.422832980973
-0.0844951415294
1.24037639008
0.429553264605
-0.597779675491
0.342759211654
0.171673819742
-0.597269624573
-0.424808836024
0.555318240068
-0.93101988997
-1.17105813467
0.0418410041841
-0.45814244065
0.250521920668
-0.291423813489
-0.20772746157
0.837871805614
0.378469301934
0.50718512257
0.68085106383
-0.296987696224
-0.548523206751
-1.00250626566
0.8
-0.752193898872
-0.705394190871
2.07539178314
1.07020547945
-0.890963088672
-0.924758301807
-0.376884422111
-0.0418585182085
-0.871369294606
-0.0829187396352
1.1744966443
0.21017234132
-0.0420168067227
0.37958667229
-0.0421585160202
-0.461603021402
-0.873544093178
-1.11065405183
-1.69834209462
1.14519427403
-0.0817327339599
-0.770478507705
-1.24148978775
0.929668552951
0.528240552621
0.57212913772
-0.285248573757
-0.446247464503
-0.363783346807
1.1447260834
0.0
0.824402308326
0.206526228831
0.665280665281
-0.372825186413
0.457761131918
-0.702479338843
1.21288163948
0.125628140704
0.716997047659
-0.503566932438
0.0839983200336
-1.12126245847
0.249791840133
0.62840385421
-1.52640264026
0.664451827243
0.291545189504
-0.16632016632
0.965575146935
0.126103404792
0.422119037569
-0.920117105813
-1.32067684688
0.706566916043
-0.0830564784053
0.584795321637
0.461603021402
0.252419015566
-0.293624161074
0.846023688663
-1.08786610879
0.758853288364
-1.04297037964
0.0417362270451
0.0
2.74442538593
0.996102208748
1.49450549451
-0.0439367311072
0.886524822695
1.12057373375
0.269662921348
0.225225225225
0.0
0.452488687783
-1.38331102187
-0.576752440106
-2.0
-2.50105977109
-0.422119037569
0.169133192389
-0.210970464135
-0.795311845961
0.167714884696
0.294365012616
-0.543705562526
1.65816326531
-0.591715976331
1.06791969244
-0.805084745763
0.0
-1.21389702805
-0.250521920668
0.0
0.251151109251
0.293870696893
-1.44807612743
-0.861361771944
0.0410340582684
-1.61485668147
0.364667747164
-0.363342753331
-1.2360446571
0.119760479042
0.562023283822
-1.54150197628
0.917431192661
-0.869909054962
0.357142857143
0.438421681945
0.965794768612
-0.200803212851
0.160901045857
-0.639488409273
0.603136308806
0.0804828973843
-0.440705128205
0.523560209424
0.730223123732
0.81799591002
-0.528885272579
-0.203004466098
0.0
0.0406173842404
0.0
0.530828909759
-0.890327802509
-0.723182000804
-0.240480961924
0.0802246289611
-0.359712230216
0.603136308806
-0.797766254487
0.440705128205
-0.120048019208
0.6038647343
0.0805801772764
-0.321285140562
0.768919465803
1.06339468303
-0.851581508516
-2.18167393891
-1.17600940808
-1.46774816531
-0.614203454894
0.385356454721
-2.25988700565
0.113122171946
-1.0078387458
-0.961182994455
0.482912332838
-0.7740508662
0.0
-1.27365356623
-0.614828209765
-2.2622834924
-0.10593220339
-0.456942003515
0.601131541726
0.461811722913
-0.353982300885
1.10952040086
1.34203844759
-0.720201656464
0.652410293585
-1.77999288003
-0.671852899576
1.03608431583
3.58993338268
1.84696569921
-0.970511384845
-0.593692022263
-1.02827763496
0.405604719764
-0.732064421669
0.0366166239473
0.73773515308
0.407407407407
0.671140939597
0.374251497006
-0.74294205052
-0.296296296296
-1.35184508586
0.219699743684
1.07327905255
-0.880410858401
0.888230940044
-0.0739644970414
0.333951762523
-0.626843657817
0.110741971207
2.41965973535
1.10856269113
0.499423741836
0.969743987587
0.624512099922
0.156372165755
0.589854502556
-1.96607555898
0.73786407767
1.6179952644
-0.0394477317554
-0.705052878966
-0.2734375
-2.14067278287
-0.833965125095
0.648607401755
0.191131498471
0.0
0.654097729896
0.270061728395
-0.192529842126
-0.650344299923
-0.646142151273
0.534963698892
0.229797012639
1.91256830601
-0.659170221016
0.0776096235933
2.66932270916
1.45513338723
-2.13607594937
0.158478605388
-0.039603960396
-0.82482325216
-0.933852140078
-2.02058711399
1.5092879257
-0.844205679202
-3.15867707172
0.673400673401
0.488721804511
-0.486344930789
0.526513726965
0.0376222723853
-0.15026296018
-0.150037509377
-1.33234641007
-0.552079499448
-2.01947349441
-0.215905001799
-0.179597701149
0.942712110225
0.914745700695
0.14657383657
-0.292290829375
0.146359312111
-0.073126142596
-0.218898212331
-1.04693140794
-0.681247759053
-0.143215180809
0.10752688172
0.867678958785
-0.28839221341
1.31482834186
0.513950073421
0.294550810015
2.25903614458
-0.0752445447705
-0.635514018692
-0.889218228974
-1.74736075719
0.622710622711
-0.146305779078
-1.58387329014
-4.0414507772
-1.86440677966
-0.606469002695
-1.26413838989
0.233411137046
0.772849462366
-2.6814911707
-1.0355987055
-0.226025185664
0.584605391361
0.260501465321
1.55423280423
0.066181336863
0.0
0.766922307436
-1.2187088274
0.363636363636
-0.656814449918
-0.196656833825
-0.163612565445
0.0327332242226
0.229658792651
0.0328191663932
-0.522363695723
-1.09783661608
-0.959385992965
0.256492465534
0.192740122069
-1.51850680165
-0.315357931252
0.475285171103
0.895140664962
-0.223285486443
-0.791139240506
-0.940438871473
0.125549278092
-1.20930232558
1.22410546139
1.43266475645
-0.0954198473282
-1.93387398628
-0.681536555142
-1.88449848024
-1.76171991639
0.419790104948
2.39484187903
0.617856039543
-0.583538083538
1.02389078498
-0.983102918587
-0.5195599022
2.47416222988
0.471994965387
-1.24300807955
-1.80042722002
-0.57645631068
-1.90476190476
0.0
1.8490451652
-0.211736237145
0.364298724954
-2.4
-2.00348432056
-0.777873811582
-0.0575871004895
1.16516166618
-0.203488372093
0.52600818235
0.884433962264
-0.963503649635
1.45142180095
-0.764256319812
0.889679715303
-1.69096209913
0.0
-0.20366598778
2.84260921604
1.11951588502
-0.0302480338778
0.303398058252
1.54035736291
0.185185185185
-2.40963855422
-0.0301114122252
1.40458015267
0.244872972146
0.0
-0.030599755202
-0.426569165143
-2.02985074627
-1.20908286641
-0.264705882353
-0.700934579439
-1.26874279123
-0.287521564117
0.433150447589
-0.972261938805
-0.596930073906
-1.29068462402
0.253164556962
-0.308468872686
0.0
0.535663941359
1.37182052015
0.114449213162
-0.625533124822
0.5431675243
-0.0856898029135
-1.15753811406
-0.225352112676
-0.699300699301
2.28898426323
1.30434782609
1.59010600707
0.443655723159
-0.383028874484
-0.264472524243
-1.33371991882
-0.691045205874
0.288766965059
0.405914757901
-1.51342090234
-0.142571998859
-0.567054153672
-0.254524886878
-3.4671034671
-0.434900788258
1.07142857143
-0.301287318543
-1.56376381774
-1.43502524581
-0.317880794702
-0.970619097587
0.873246890712
0.746467608638
0.941872981701
-0.588550026752
1.30081300813
-0.162337662338
-0.618445818768
0.0
-0.107440236369
-0.667022411953
0.321199143469
0.403117441548
0.431848852901
0.135135135135
-1.33333333333
3.73443983402
-1.76630434783
0.24516480523
0.740944017563
2.0156774916
-0.777777777778
1.60880609653
-2.95809367297
-0.109439124487
-1.37614678899
-0.536768652711
0.134372480516
0.730914997293
-0.108166576528
-1.59659393294
-0.870482722237
-2.4446731858
-0.63922270519
0.591563786008
-1.09386924447
-0.329614604462
1.25802310655
-0.561654327291
-0.659396398681
-0.0760263558033
-0.704579768495
1.3000254907
-0.101858925388
-0.152555301297
-0.304182509506
1.30970724191
0.724262803932
-0.463439752832
-1.06979113602
0.178616994131
0.564536823197
-0.864919867718
-1.40456483572
0.251445813427
1.71355498721
-0.102197240674
0.462012320329
0.828157349896
-0.206611570248
-0.308959835221
0.413650465357
-0.565552699229
-1.46909827761
-0.30303030303
0.840336134454
-0.50671395997
1.43921870984
-1.71760545592
-1.09917561829
-0.891309730131
-1.82304326689
-0.290838584586
0.389294403893
1.35635018496
0.272007912957
0.0742390497402
-0.0247402276101
-0.834151128557
0.666831316374
-1.19570522206
-0.870827285922
1.9985196151
-0.904645476773
1.01259570264
0.272412085191
2.17611336032
-1.83805265772
0.348953140578
2.66120777892
-2.25112556278
-1.42998027613
0.695134061569
0.674831292177
-0.571570576541
1.79610422464
-0.151553422581
1.90476190476
-0.588536335722
-0.534487146857
-1.72586293147
-1.86548846343
-1.8313253012
-0.836320191159
0.843373493976
1.318359375
0.737825873094
0.419856754754
2.50632911392
-0.778698819392
-1.65513833992
0.19801980198
0.472519273812
0.928714859438
0.529901589705
-0.0504413619168
1.51049667179
-2.42318261304
0.882056451613
-2.02469135802
1.32599449587
1.86034658512
-1.33266281116
1.55771195097
-2.65970668655
-0.911330049261
2.91508238276
-2.01192250373
-0.494315373208
0.272614622057
2.8025477707
0.977617700026
-0.53735926305
2.14323052797
0.710713345617
0.184599156118
-2.89372599232
1.03492884864
-0.258064516129
-2.58924082453
-0.798004987531
-0.644202180377
0.648379052369
3.37715906161
-3.50746268657
1.10663983903
-0.275896664159
-1.01787487587
1.38434432419
-0.0251635631606
2.60779757294
-0.128932439402
-2.58728962572
-0.125439036628
-2.23203335786
0.816023738872
1.1
-2.03281900563
-1.80375180375
-1.07066381156
-1.17564072419
0.615093446889
-0.704721634954
-0.607051132384
0.0
1.22902387143
0.189438787592
-0.424428200896
1.16889312977
-0.166706358657
-0.355956336023
0.500834724541
-0.119104335398
0.550898203593
0.336457582312
-1.6079451407
0.23702299123
0.884744141559
-0.262341998569
0.287012676393
1.06357263718
0.485790624241
-2.02284626368
1.13116726835
1.34146341463
-1.10950313555
-0.67081935793
0.796908959189
-0.909308446997
3.28719723183
0.0989609104404
0.949050949051
0.0
3.56958096223
-1.72852058973
0.357142857143
1.42302716688
-3.0112923463
1.2963904423
-0.0762001524003
-0.455120101138
4.76821192053
-0.7362608467
1.54873164219
-0.478341748605
3.52132049519
-1.03457664035
-2.05333333333
-1.39363660268
-0.471080868882
-0.182863113898
1.10935023772
-1.45757418011
-1.03039670273
0.909799844034
1.50395778364
-3.95337050177
-5.39438983457
-0.215311004785
1.60427807487
1.58024691358
-0.246305418719
1.65247871808
-0.794833581719
-2.94117647059
-0.0481927710843
-1.89125295508
0.666349357449
-0.989632422243
2.11742059673
1.36585365854
-0.942256583716
1.22279285889
-1.30340333092
5.79673135853
0.410256410256
-1.0152284264
3.14136125654
-0.804985717995
2.33855965985
-0.633747029311
1.52815013405
3.29548601495
0.417130144605
-1.98964295448
2.62937062937
1.38967668746
-3.13186813187
-3.93243599894
1.44578313253
-2.96180826189
0.548589341693
0.314465408805
3.89327525184
0.906593406593
-1.62162162162
1.73219686555
-1.35611608354
-1.70621167689
-2.9997414016
2.19344608879
-0.105596620908
5.54471997771
4.45285215367
-0.319118073687
-1.45797598628
-1.46478873239
-0.19679505201
1.05113636364
-2.11345939933
3.24432960092
-0.656018254421
0.544880986521
-1.63610719323
1.22786978869
0.0285632676378
1.03896103896
-3.99002493766
2.18006795017
-0.507042253521
1.34170710819
-2.12349818385
-3.45292689506
2.8294036061
-2.17096336499
-3.10281356824
0.0789473684211
0.635593220339
0.265533722783
0.0
-1.67101827676
-2.98885511651
1.96280991736
-0.743399128429
1.37733887734
-1.35862599334
0.541237113402
1.59727677402
-0.0261780104712
2.41286863271
0.268817204301
-0.348245379052
-0.744482850306
0.106467926537
0.159957344708
-0.212822559191
-0.581856651679
-1.86867376071
-0.310478654592
0.181441161223
0.731070496084
-0.751490023322
-0.309997416688
-3.07961942914
-0.473461250934
0.702634880803
0.733063700708
1.90623390005
-0.102933607823
0.699663125162
-1.3295832268
-0.382068262863
-0.883615248675
-0.627195183141
-0.524082855004
-1.08615156751
2.89560579121
1.23425044999
-0.740173557938
1.68699714508
-0.77259850631
-1.72108327006
-1.71641791045
0.751879699248
1.39771283355
1.46982980918
0.727272727273
-2.43284338571
3.2713949228
1.73056443024
0.91348737238
2.98837852795
-0.687001923605
-0.790621592148
1.41000829417
1.34491454189
1.24822695035
0.284495021337
2.09119953529
0.145433391507
0.320980449373
-0.580214679431
2.98775022408
2.16727716728
-2.76046304541
1.17117117117
1.24657950745
0.951503990178
-0.30599755202
-0.849514563107
2.61519302615
-1.98352151358
0.583179864948
0.64874884152
1.31455399061
0.093984962406
0.535433070866
-1.15193026152
0.91109016651
0.0314267756128
-3.75075620085
4.29022082019
0.955414012739
2.51387528567
-0.228013029316
-0.679391782595
0.324569944823
1.21550591327
0.894928737156
-2.83413848631
0.583090379009
1.84757505774
-2.13109460768
-2.7324120603
0.600315955766
1.11821086262
0.578406169666
-1.70562223626
0.828025477707
1.94805194805
0.358422939068
-0.227568270481
-1.31536734039
2.12975098296
-0.326583932071
-1.85897435897
-3.19578032889
0.750234448265
-0.806201550388
-0.524367674275
2.65991133629
0.253968253968
-3.22580645161
0.0
3.16957210777
-0.0316856780735
0.0634115409004
5.27369826435
0.267737617135
3.75
-0.962861072902
-4.43641143608
4.17665183156
1.6
-0.793650793651
-3.62487529099
0.233333333333
8.10810810811
-0.60888252149
-0.60519757921
0.429031104755
-0.533428165007
4.69099032018
4.3512043512
4.0841083704
7.52173913043
2.58697591436
-14.0007671653
-2.28635682159
8.36718115353
-3.29929300864
0.672202451562
-6.2986291219
4.89700738438
8.20016820858
-5.85906571655
2.35008103728
1.18901189012
-11.6624411445
2.63940520446
-0.738007380074
1.23272319761
-3.73966199209
-5.02049180328
7.8453038674
4.46325509811
-3.74074074074
-1.71095740808
0.512257592389
4.39266615737
-8.68503662365
3.68896925859
3.28726186029
0.752728641325
5.31113753468
2.93757649939
-2.69948392219
-6.49591685226
-1.28252106999
-3.87460373371
-0.595238095238
5.93471810089
-3.85164051355
-3.57634112792
3.23038693646
0.0710479573712
-6.10406937959
2.81207133059
3.84615384615
0.50107372942
-0.851667849539
3.870254331
-3.89656393907
0.391180654339
1.443001443
-1.42247510669
-0.0355492356914
1.47907647908
-0.395256916996
-0.393700787402
0.287150035894
-1.31066241587
-0.947368421053
-3.12712440517
3.48223707351
0.459363957597
4.00588019111
0.110375275938
1.87406296852
2.85273708558
-0.192381685264
2.28256591893
1.15445859873
-0.435988902101
0.83932853717
-2.98565335401
1.09760878087
-2.33537519142
-2.64629146478
3.47088314693
0.0771902740255
4.85633346823
0.365556458164
-2.14626391097
-0.827749310209
2.87915652879
-1.94831013917
-3.56595092025
0.733874082657
5.41530944625
0.490998363339
0.617538081515
0.413393964448
4.1774332472
1.13240418118
-0.991806813282
-1.65394402036
3.96825396825
-2.45161290323
-1.94010965837
-1.57741801577
1.34623474968
3.16840277778
1.63211292457
-1.4347826087
1.95035460993
-0.088573959256
3.95948434622
-5.64726324935
-1.41327623126
-4.1067761807
0.329625051504
-0.369458128079
-3.98108001577
-1.28404669261
0.390625
1.0659297276
-5.90638930163
2.24078997341
0.572956455309
-0.645161290323
1.34615384615
3.3386327504
-0.15873015873
-2.77777777778
-2.33609645818
-1.08087961237
0.902594960511
4.15197806502
0.551398188263
-2.72030651341
0.307455803228
2.92721518987
-0.667976424361
-2.07772220085
0.154142581888
2.60972716489
0.0395569620253
-1.7871017871
0.941176470588
1.35135135135
-0.592651126037
-1.32553606238
0.509404388715
-0.390320062451
-1.49942329873
-2.54777070064
0.716981132075
-0.711877107531
4.87229862475
0.792079207921
-0.433753943218
-1.43801010494
1.94136291601
1.04083266613
0.40192926045
1.17934119561
-0.324280502635
2.23787815997
1.94338825518
-0.0422297297297
-3.38637290902
1.82800166182
-2.2736500203
-0.645421540944
0.608766233766
-0.805152979066
1.55355682747
0.410509031199
-0.814332247557
0.655737704918
0.784799669558
-0.288303130148
-2.05728116176
-0.879648140744
1.54283394235
1.69281585467
0.3314001657
0.0414421881475
0.374376039933
-0.455486542443
-2.06812652068
0.0405679513185
-0.804828973843
0.120870265915
-1.58604282316
1.52979066023
-0.917431192661
1.95201301342
-0.846774193548
1.93177147554
3.35598980459
0.684345594525
-0.255972696246
-1.38830458561
1.36460554371
-2.16937838965
1.09658371995
-1.1259382819
-1.8018018018
-0.610500610501
-1.08695652174
-2.51177394035
0.117878192534
-1.08822386319
0.822884012539
-1.6570327553
-1.48063781321
0.419367136866
0.0
-0.152264940997
2.09871745045
0.704500978474
-0.273224043716
0.156372165755
0.867507886435
-1.1306042885
0.667189952904
0.117878192534
1.71862509992
-0.318725099602
-1.10323089046
-0.626468285043
-1.76923076923
-0.535577658761
-0.608365019011
-0.792153904187
0.340651021953
0.80122090805
0.614203454894
2.72082018927
-0.0394166338195
0.874751491054
-1.41121128969
-0.932038834951
-0.732459521974
-2.3343373494
-0.375093773443
0.490011307953
-0.63670411985
0.60286360211
0.64467197573
-2.51386321627
0.669892072944
1.39622641509
-2.3221525986
0.369959304476
0.259643916914
-1.71345242435
0.845588235294
0.703443169197
1.50319428786
0.339366515837
-0.896860986547
-1.4364640884
3.705118411
0.925212027756
1.09119251754
0.234375
-1.1583011583
0.271002710027
-0.308761096102
0.817120622568
-1.15384615385
0.0384763370527
0.192752505783
-0.613026819923
1.43801010494
1.6594231529
-1.1328125
-1.84049079755
-0.571864277545
2.1815348656
0.312622118015
0.906940063091
-0.665883274579
-1.58057054742
0.0385653682993
-1.55656795748
-0.0758725341426
-0.302571860817
0.570559147965
0.152380952381
-0.152149106124
0.0380517503805
-0.114025085519
0.765990042129
0.345887778632
-2.83793876027
-1.18081180812
0.0738552437223
0.333456835865
0.18559762435
-0.883002207506
-0.621572212066
-0.61773255814
-0.289855072464
-1.32284590633
1.30387540746
0.181422351234
-0.720461095101
-0.89253837915
-0.142602495544
1.63043478261
0.290697674419
1.10213078619
-0.366032210835
-0.79883805374
-1.29032258065
-0.499286733238
-0.213523131673
-0.811860218849
-0.0352858151023
0.0706214689266
1.03460577952
-1.9244226732
0.492264416315
3.00615718942
1.13553113553
0.738007380074
0.482017055988
0.0370919881306
1.2012012012
1.71821305842
1.55098875533
-1.56488549618
1.43244289586
0.623295675886
1.10279637653
-0.742767787334
0.986971969996
-1.13192818111
0.313234142522
0.709779179811
-0.0788022064618
-1.20669521214
0.430023455825
2.1973631642
-0.832012678288
1.04083266613
-1.10847189232
0.557324840764
-0.277888050814
0.478659752692
-0.987361769352
-0.314960629921
0.633914421553
0.557768924303
0.319744204636
0.765203383004
-0.321156162184
0.565199838514
-0.161225312374
-0.76
0.48231511254
-0.0401767778224
-0.280448717949
-0.120048019208
-1.14715189873
-1.09546165884
0.156739811912
-0.3125
-0.0780640124902
-0.620636152056
-0.27079303675
-0.19305019305
-0.613967766692
-0.685975609756
-0.606060606061
-0.564971751412
1.10434120335
0.420650095602
-0.342987804878
-1.0184835911
2.15799614644
0.425696594427
-1.03408655687
-0.760167236792
0.0
2.5730994152
-1.42198308993
-1.58850226929
0.227445034117
0.687022900763
-0.15243902439
0.0
1.19552641728
-1.70583775588
-1.05026256564
1.21488230828
0.266463646745
0.0761904761905
-0.0761324704987
1.23314065511
0.154380548051
-0.879877582249
0.306983883346
-0.837138508371
1.46718146718
0.504462553357
2.50596658711
0.159362549801
-2.22049084534
0.117004680187
-0.697134004648
0.3108003108
1.33858267717
-1.43577803648
0.703399765533
0.0782166601486
2.44391025641
0.442655935614
1.71919770774
0.452302631579
0.787401574803
-2.03004466098
1.35802469136
-0.123304562269
-1.81598062954
-0.0806451612903
2.60653702938
-0.616776315789
-2.6031237485
0.281124497992
-2.12264150943
0.593119810202
0.476758045292
-1.44870790916
0.0783699059561
-0.195541650372
0.550530869052
-0.0393081761006
0.315457413249
-0.314465408805
1.55688622754
1.04881000403
-0.64128256513
2.00327064595
1.11616370401
-0.616269515201
0.205846027172
-0.49160180254
0.32881216605
-0.976800976801
-1.04712041885
-0.0402576489533
-0.440881763527
-0.0400641025641
-0.16
1.2555690563
-0.763665594855
0.363049616781
-0.521669341894
-2.31281850255
-0.117462803446
-1.61787365177
-0.726577437858
-0.190839694656
0.691775557264
0.308404009252
-2.44452801805
-0.374672161858
0.187687687688
-0.37397157816
0.753579502638
-1.191362621
-0.555349870418
1.73258003766
-0.412603150788
-0.224550898204
0.262664165103
-1.18650352243
-1.13636363636
1.14942528736
1.96597353497
-0.151000377501
-0.860778443114
-0.632205280774
0.711610486891
-0.890868596882
1.16410063838
-1.47983721791
-1.17001828154
-0.182481751825
-0.145772594752
0.623395672901
-0.438116100767
-1.51024811219
-0.0718648939993
-0.358037952023
0.0
-0.285612281328
-0.355745286375
-0.212992545261
-1.29642606868
-0.244669695911
0.0699545295558
0.280603297089
-0.244926522043
-1.00450294423
-0.172890733057
0.73145245559
0.384615384615
-0.728913571676
-0.17325017325
-1.7029972752
2.5856044724
1.30973451327
0.106307583274
-0.353107344633
-0.246565692145
-0.280997541272
-0.105263157895
0.600070596541
-1.01327742837
1.45338532435
-1.39811254806
0.952717007763
0.176740897844
-0.24682651622
0.176616036736
-0.141093474427
-0.526315789474
-0.070126227209
-0.696378830084
-0.760193503801
-0.412938747419
-1.29076086957
0.580799453365
0.308430431803
0.0
0.447504302926
0.763093999306
1.30007027407
-0.593782745372
1.38101983003
1.00143061516
-1.68776371308
0.423728813559
0.106044538706
0.927577595433
-0.390902629709
0.751879699248
0.830324909747
-0.323857502699
-1.73267326733
-0.945709281961
0.2106002106
0.671378091873
-0.840925017519
-0.314355571079
-0.659264399722
-0.242298373139
0.382209867964
-1.90865712338
0.720906282183
-0.342114266165
0.0684697021568
0.274630964641
0.206398348813
-0.205973223481
-0.239726027397
-0.17094017094
0.068422853233
-0.272944387581
-0.0681895669962
-0.170183798502
-0.97741826761
-0.70281124498
-0.333555703803
2.84734133791
1.03986135182
1.79957657022
1.5406664278
-0.46362339515
-0.14245014245
-1.23109391488
0.352982703848
0.0
0.35423308537
-0.352982703848
-0.526685393258
-0.973574408901
0.104420466411
2.13295414149
2.32811931611
-0.109011627907
-1.25583064227
0.722804481388
-1.14326545195
0.0715051841258
0.035765379113
0.179147259047
-0.214515552378
-0.956090651558
-0.807867931156
0.0351370344343
0.779036827195
-0.212014134276
-0.701754385965
-0.245012250613
1.31205673759
0.606493043168
0.393982808023
-0.74653394952
-0.880902043693
1.06837606838
-0.319488817891
0.142196942766
0.752148997135
0.0716845878136
-1.93321616872
-1.18096561306
0.629150646627
0.527055516514
0.957786449095
1.36641495865
1.75631174533
-1.47801009373
-0.715819613457
-1.13234253362
0.569395017794
-0.142146410803
-1.40154169587
-1.07452339688
-1.73705722071
-2.29617304493
-2.1491370889
0.326690623979
-0.0326583932071
-0.487487812805
0.228013029316
0.754840827043
-0.229207596595
-0.553565613807
0.163078930202
0.62356416147
0.960901259112
-0.363156157148
-1.17455138662
1.12174199934
0.0
0.597411218055
-1.7926988266
0.425531914894
-1.26050420168
-1.52768936983
0.159387950271
0.803341902314
-0.288369112464
-2.04017576899
0.220195029884
1.82575272261
-0.127959053103
-0.287081339713
-1.07289365731
0.987890376036
-0.821744627054
0.732250875517
1.12685125563
-0.192802056555
-0.25641025641
-0.636942675159
0.255427841635
0.772200772201
-0.256739409499
0.516129032258
-0.353584056573
-0.575263662512
-0.855513307985
1.25120307988
0.645786244753
1.044045677
0.955204216074
0.164962058726
-0.0988793671721
0.0329706561161
-0.0329597890574
-0.687397708674
-0.779473855148
1.44975288303
-0.262898455472
-1.10497237569
-0.613695090439
-0.482160077146
0.74481865285
0.520833333333
0.919842312746
-1.04031209363
-0.838168923275
-0.767754318618
-0.477554918816
-0.852272727273
0.158077774265
1.28081972462
0.0
0.28901734104
1.1038961039
0.0974975625609
-0.162232316677
0.784826684107
0.890795117123
0.630810092961
-0.692383778437
0.330797221303
-0.165125495376
-0.131926121372
1.37077900368
-0.100200400802
-0.0667556742323
2.39234449761
0.0
-0.880758807588
1.16518163125
-1.08474576271
2.50173731758
-0.51849291393
4.440433213
-3.98613518198
3.47919655667
-1.96905766526
0.779588944011
-2.04790003471
0.0694685654741
-1.30270826191
2.49472944483
1.67917113255
-1.61687170475
-1.82884748102
-1.52905198777
1.27322780454
0.068870523416
-0.751879699248
-1.21539500338
4.00280898876
0.742836929607
0.78431372549
0.790513833992
-1.06647707074
0.608011444921
1.52505446623
-1.21951219512
-0.853485064011
-0.495399858457
-0.981079187106
-1.38217000691
1.25962211337
-0.935875216638
1.94346289753
1.98198198198
-0.359066427289
-1.72900494001
-1.15102895012
0.420315236427
-1.00554785021
1.12201963534
1.27840909091
-0.529848110208
0.0
-0.35198873636
-0.105485232068
-2.50257113473
1.39033715676
-0.758882373232
-0.378006872852
-0.239972574563
0.516884906961
-0.65046217049
0.412512891028
0.344946533287
-0.480604188122
0.865650969529
1.65434706089
-1.18260869565
-2.44316253817
-0.907868190989
1.46707608325
2.12543554007
-1.30674002751
-1.22282608696
0.960219478738
-0.951086956522
-0.0678886625933
1.90245589761
-0.857338820302
-0.883752549286
0.787941075711
-0.205128205128
1.63307852675
0.594197832926
-0.104748603352
0.98730606488
0.997150997151
1.92377495463
0.51076249544
-1.93202146691
-0.392017106201
-3.1746031746
0.485436893204
-0.414364640884
-0.65180102916
-0.0685635927323
-0.78231292517
1.8711018711
-0.585601102308
0.0689417442261
-0.103305785124
0.798333911836
0.0694685654741
-0.207972270364
0.382741823243
-1.30494505495
-0.61433447099
-1.2137559002
-0.703046534985
-0.565912117177
0.300500834725
-0.729201193238
-0.231481481481
-0.460829493088
-0.16431153467
0.0986842105263
2.42587601078
0.0674308833446
-0.336021505376
-0.766922307436
-0.43160690571
0.166278683073
-0.595041322314
-0.263765248928
-0.295857988166
-0.294985250737
0.361842105263
1.03024260552
-0.397219463754
2.58064516129
0.99451303155
-0.613496932515
-0.238014280857
-0.641891891892
-0.637797918765
-0.534223706177
-0.0667334000667
-0.233022636485
0.0666222518321
0.100033344448
0.502680965147
-0.665778961385
-0.0997672098437
0.669568128557
-0.499666888741
0.0333222259247
-1.08767303889
0.198150594452
-0.59093893631
0.395517468688
-0.0658761528327
-0.556829348182
-0.196142530239
-0.130590923931
-0.777453838678
-0.387221684414
0.846078750407
-0.485751295337
-0.387096774194
-0.577293136626
-0.826972010178
-0.600695542207
0.572337042925
-0.600505689001
0.158277936056
-0.189573459716
-0.440390059767
-0.157035175879
0.409965310628
0.602791878173
-0.849323686694
0.474083438685
0.892857142857
0.48061518744
-0.0640409862312
-0.699523052464
0.0636334712059
-0.443458980044
2.03619909502
0.97911227154
1.69266511782
-1.05090311987
-1.26459143969
0.98231827112
-0.228683436785
-0.906442214309
0.455284552846
0.0325309043591
-0.388852883992
0.816726559948
-3.49936948298
-0.0630119722747
-2.1578298397
-0.704009794919
-0.729261622607
-0.453720508167
0.0605326876513
-0.211416490486
0.760803408399
-0.424242424242
-0.121065375303
0.701005790917
-0.965891940839
-1.369455195
0.178944229049
0.539730134933
0.482072913528
-0.30039050766
-1.09922756982
0.0892060660125
0.268336314848
0.539568345324
-0.832342449465
-0.148411991689
-0.736593989393
0.295508274232
-0.965759438104
0.796460176991
-0.732064421669
0.264239577217
-1.44675925926
1.17096018735
-1.12879884226
-0.115640358485
-1.11492281304
0.0
-1.98935275988
-0.0560067208065
0.224529890542
0.451085424302
0.169443659983
1.08478447045
-0.398066533978
0.629470672389
-0.0857632933104
-0.596760443308
-0.565131393049
-0.757150869321
-1.49171270718
0.555555555556
0.642996924797
0.931151241535
-0.281373100732
0.282167042889
0.510493477028
1.1184399197
-1.35785007072
-0.197628458498
-1.11669458403
-1.02238187345
2.00112739572
0.538396146217
-0.254381006218
2.16575223794
-1.98131899236
-2.67217630854
-2.26171243942
-0.774779588565
-1.29219409283
0.743889479277
0.266382525306
-0.10643959553
-0.0797660196756
0.45405982906
0.0267165375367
0.537201181843
-0.693518271539
0.267451190158
0.375838926174
0.404312668464
-0.375939849624
0.188323917137
0.759013282732
0.819896146488
0.082056892779
0.0
-1.05548037889
0.216978573366
0.627729257642
-0.48886474742
0.354319978196
0.136462882096
-0.461831024178
-0.324939073924
-1.36217948718
0.375335120643
-0.320684126136
-0.531632110579
-0.265111346766
-1.12712975098
2.38862050456
-0.904255319149
-0.15932023367
-0.264830508475
-0.474433315762
-0.367647058824
-0.444444444444
0.499211770888
-0.0525210084034
0.236904448539
0.769230769231
-0.132450331126
-0.158688177731
-0.94314906995
-0.443401147627
1.26782884311
0.531067445566
1.40010770059
0.595882990249
1.82018753447
1.76817288802
1.19284294235
-0.536723163842
-0.895856662934
-0.832870627429
1.9818799547
0.170164492343
0.742857142857
0.835494093921
0.608695652174
-0.375397054577
0.115640358485
-1.42490738102
0.458058975093
0.287108814241
0.0862068965517
3.44827586207
1.32530120482
-1.0137149672
-0.974313551816
-0.235640648012
0.503256364713
1.07719928187
0.84490042245
-2.010644589
0.41567695962
-0.502215657312
-1.48428405122
1.14807182808
1.04104699584
0.0
-0.913645741232
-0.585994726047
-0.0292911540715
0.64858490566
0.02948982601
0.772659732541
-0.26674570243
0.0296471983398
-1.2298682284
-0.985792983473
0.495337995338
0.911496618642
-0.642711072159
-0.320326150262
1.26806251843
-0.760901375476
1.485001485
-0.207468879668
-0.118413262285
0.356506238859
1.02040816327
-1.15692672797
-3.68571428571
-0.0571102227299
-0.596082883906
-0.452105114439
3.02765647744
0.321261682243
-0.378236834449
0.291800408521
0.734861845973
0.770142180095
1.50330727601
0.180722891566
-0.717703349282
-0.505801844689
-0.503256364713
0.0888888888889
-0.793650793651
-0.322297099326
-1.58592848904
0.580046403712
-0.891060649612
-2.02759785976
0.794777178541
-0.33946251768
-0.225797346881
0.453643322937
0.0
0.113539596934
-1.0393258427
0.508187464709
0.36837631057
-0.197963800905
-0.869077656294
0.563856780378
0.112898673441
-0.70067264574
1.39244103438
-0.845308537616
-1.00418410042
-0.167084377611
-0.277700638711
-0.607231576042
-1.01092896175
0.854229815376
-0.274800769442
-0.790621592148
0.218579234973
-0.326797385621
0.327868852459
-0.705371676614
1.18034586879
0.774550484094
0.0276701715551
-0.138159712628
0.110650069156
-0.768597309909
0.109920307777
-0.952640174197
0.327689787002
-0.190787680567
-1.5033557047
-0.851743412297
0.777896995708
-1.66183065154
-0.289321409784
1.06326422116
-0.370762711864
-1.10005238345
-0.934094447327
-0.1295672454
1.68642951252
0.0263574064312
0.423504499735
0.105988341282
-1.41065830721
-1.16189000775
-0.692307692308
5.29157667387
-0.643776824034
0.647948164147
-0.697050938338
-0.427122263748
-0.266240681576
0.0
0.589180503482
0.674036128336
-1.1460554371
-0.819455458631
1.33940530405
-0.0802997858672
0.972972972973
-0.617781359119
-0.799360511591
0.401284109149
-0.160256410256
0.591080064481
0.757985923119
0.873839432004
-0.326619488296
-0.0272108843537
1.57545605307
0.751879699248
1.15492957746
1.45755930266
-0.228115198175
-1.68208578638
1.16279069767
-1.53588383133
1.01551480959
-1.50041678244
0.643176733781
0.393037619315
-1.87327823691
1.08604845447
0.419463087248
-1.13353607962
2.60992907801
2.62008733624
-0.348128807659
0.0290191526407
-1.62717670568
-0.84913671101
-0.841987089531
0.649717514124
0.28328611898
-0.647340275823
-0.252667040988
-0.586101032654
0.702641933671
-0.0561797752809
0.593387962701
-1.33816559799
0.167550963418
0.731364275668
-0.919732441472
-0.222469410456
0.615556799105
-0.195476123988
0.646430578977
-0.642278693102
1.1581920904
-0.169204737733
-0.393258426966
-0.780379041249
1.2987012987
0.425290615254
-1.25979843225
-0.139781940173
0.280347631063
0.535512965051
-0.309075583029
0.850099178237
1.40804597701
-0.343642611684
0.576036866359
-0.143802128272
1.22270742358
0.497366881217
1.15418762948
-0.236197224683
1.16487455197
-1.0053222945
-1.37066200058
1.38971023063
0.385871178391
0.327575938058
-0.208023774146
-0.532072125333
1.5306122449
-1.24481327801
1.19976004799
-0.209518108351
-0.654177817425
-1.00088313218
0.0
-1.19255381035
0.174825174825
-0.723170378941
-0.517985611511
-0.572246065808
0.402183280666
1.4573010784
0.263004091175
0.381343502493
0.117474302496
-0.525854513585
0.735726898175
0.473092844471
-0.704638872578
0.353565114909
0.89179548157
-0.325925925926
-0.735294117647
2.68800966475
-1.8962962963
-1.17130307467
-0.146198830409
0.825471698113
0.622960545832
-1.43274853801
-0.696864111498
-0.491187518058
-1.73197047132
-0.0283848992336
-0.141723356009
1.87698527288
-1.59136118215
-1.06831599663
-1.92996967191
0.0275785990072
0.165745856354
-0.110375275938
-0.576131687243
2.58936110329
-0.809603573423
2.02221589291
-0.170599943133
0.399657436483
-0.398066533978
0.285143997719
-0.255972696246
-0.762066045724
-0.477528089888
-0.3359462486
0.90395480226
0.28328611898
-0.338791643139
0.141362736783
0.255102040816
-0.367127929963
0.568020448736
1.17816091954
0.172711571675
0.404624277457
1.02189781022
-0.810889081958
-0.461228019602
0.843023255814
1.32547864507
0.177043375627
0.118168389956
-0.878477306003
0.886262924668
-1.54159394997
-0.203193033382
0.437317784257
-1.12424329778
-0.743919885551
-0.597269624573
-0.0568504832291
-0.0568181818182
0.113765642776
0.600858369099
0.431034482759
-0.45766590389
0.0286123032904
2.07359813084
2.0870602266
-0.237953599048
0.960960960961
-0.537634408602
-0.917431192661
-0.500588928151
0.771513353116
0.387250521299
0.689862027594
-1.36094674556
1.13704368642
-0.268576544315
-0.563798219585
1.1708195737
-0.119940029985
0.0900360144058
4.28794992175
-1.54083204931
1.15336658354
0.25
-0.928792569659
-0.431565967941
-1.54779969651
0.0303582270796
-1.64228127799
1.02564102564
1.00548446069
-0.0913242009132
-0.994575045208
1.15853658537
1.01632275947
0.932545850171
0.53125
-0.71362085014
0.939555277169
0.21971123666
-0.902021772939
0.0622471210706
-0.649350649351
-0.614628149969
0.0922792986773
0.868755817561
-0.463248919086
0.0927357032458
-0.430901815943
-1.21617512922
-0.27289266222
0.0606796116505
-3.31475506013
-0.612244897959
-0.464306442252
-0.748847926267
0.317827217567
-1.00114416476
-0.313658397491
0.0
-0.0569962952408
-0.791631325982
-0.72972214426
0.225035161744
0.169061707523
0.623759569039
1.00229095074
-0.569476082005
-0.227272727273
-0.452488687783
-0.896860986547
-1.16343490305
0.166481687014
-0.0554631170272
-0.633783411408
3.92325315006
1.21739130435
0.0289939112786
-1.6818700114
-0.959909655562
-0.78431372549
0.337268128162
-0.140331181589
-0.363534675615
0.760777683855
-0.755033557047
-1.75824175824
-0.109769484083
-0.35548263604
1.02209944751
-0.52212146194
-0.355969331873
-0.59880239521
0.989554700385
2.47887323944
0.652112276722
-0.310910118711
0.169875424689
0.312411246805
-0.367855121675
-0.141282848262
-0.225542712151
0.0846501128668
0.681818181818
0.427960057061
-0.14245014245
0.228440890919
0.0285632676378
0.200343445907
0.373455903476
-0.0574217628481
-0.570939194976
0.142938822184
-0.11422044546
-0.511363636364
-0.452488687783
-0.0847697089573
0.0
0.283366392746
0.0850822461713
0.0
-0.423609149958
0.141402714932
-0.338218714769
-0.532660499019
-0.474330357143
-0.499722376458
1.29358830146
-0.252454417952
-0.140056022409
-0.167785234899
-0.278862242052
-1.04856512141
-0.576131687243
1.16569525396
-0.387061100359
0.583982202447
0.0556483027268
0.167224080268
1.07042253521
-0.112549240293
-0.308555399719
-2.56900792566
0.632563256326
2.1635290812
0.735918482876
-0.366610265087
0.996866989462
1.41536683998
1.19847997662
-0.754279083261
0.0
-0.490762124711
-0.144133756126
-0.630191922085
0.48934945308
0.25974025974
0.493039443155
-0.144801621778
-0.317551963048
0.405797101449
-0.0289771080846
0.0289855072464
-0.719424460432
0.0287852619459
-0.629290617849
0.344431687715
-0.371747211896
0.0858614768174
-0.597439544808
0.399885746929
1.00980957877
-0.115273775216
-0.430416068867
1.01449275362
-0.547708273278
-0.743919885551
-0.199885779555
-0.398179749716
-0.873978009586
-0.0845070422535
0.68065796937
-0.395480225989
0.912200684151
-0.566893424036
0.141924496168
-0.0283768444949
0.800915331808
-0.0285959393766
-1.10294117647
-0.3663003663
0.452872912539
0.512091038407
1.41373341027
1.19708029197
1.27143701952
-0.0591016548463
-0.088573959256
0.683709869203
-1.29107981221
-0.583430571762
-0.982091276719
0.347826086957
2.49554367201
-0.620017714792
-0.703605980651
-0.6408389164
-0.203488372093
-0.318748188931
-0.947187141217
0.0
0.143719459615
-0.372279495991
0.576036866359
-0.544256659983
-0.597949886105
0.05698005698
-0.847457627119
-0.589721988206
-0.807799442897
0.139470013947
0.363941769317
0.989539157478
0.255102040816
