96.06
92.88
91.12
94.31
101.12
100.44
100.75
101.94
101.31
100.75
97.25
97.75
99.06
95.25
95.81
94.88
95.88
97.19
95.75
92.25
94.38
93.19
91.94
91.94
89.25
87.62
88.62
87.25
85.38
83.25
83.75
88.38
89.00
89.88
87.75
91.38
91.88
88.12
86.94
85.31
87.19
86.12
87.75
89.31
88.25
82.88
80.81
80.62
79.00
79.19
78.19
84.75
86.94
85.94
86.81
89.00
84.75
90.00
90.94
88.00
89.00
88.06
90.38
89.38
92.00
92.88
91.31
93.62
91.88
92.75
97.31
94.62
94.06
89.19
90.12
89.62
90.44
91.25
96.12
93.50
88.50
87.44
86.69
86.00
86.94
86.19
85.19
87.75
87.00
86.25
86.31
85.25
85.38
86.19
88.38
88.19
86.19
84.75
84.19
85.00
87.31
85.19
84.62
86.12
86.06
86.50
84.62
85.00
82.31
81.94
81.94
82.00
81.62
84.00
84.31
86.44
84.88
83.62
84.50
86.31
84.88
84.38
86.50
86.69
84.50
85.31
83.00
85.94
87.44
86.62
85.25
87.19
90.25
90.88
89.31
87.00
87.12
89.00
86.75
86.31
86.00
88.50
88.94
89.75
89.25
90.94
90.50
89.56
90.69
89.94
90.00
90.94
92.25
92.94
94.94
96.25
95.81
95.00
94.81
95.50
95.38
94.88
96.19
95.69
95.06
96.00
95.38
94.62
93.19
93.94
92.44
93.56
93.00
90.25
90.50
88.44
88.62
86.25
86.25
84.38
84.19
83.75
84.62
87.50
88.00
90.00
89.94
90.19
91.38
91.94
91.50
93.31
95.00
93.75
92.31
92.19
94.50
93.12
90.62
91.62
92.50
90.25
91.25
88.00
92.00
90.88
89.25
89.94
92.31
93.25
94.25
96.25
95.19
94.69
94.75
98.25
97.56
96.38
97.62
94.12
94.06
94.06
97.25
96.00
96.44
94.25
95.06
95.81
96.06
98.50
99.12
100.12
99.25
99.88
107.25
115.44
114.31
114.88
115.81
114.38
114.00
113.06
113.25
113.88
114.62
110.25
111.50
112.44
113.38
115.88
118.50
121.94
118.12
118.00
117.88
117.00
113.00
114.94
110.62
112.38
112.12
110.62
106.50
110.00
108.94
106.56
108.88
109.50
107.00
109.56
107.31
106.75
111.41
110.90
110.80
108.30
111.10
111.10
112.87
112.30
110.48
112.48
114.14
110.85
114.75
113.23
113.00
112.35
110.95
111.00
112.30
113.01
112.75
109.55
112.20
113.50
112.30
113.90
116.90
116.00
112.90
105.00
109.40
110.30
106.01
107.98
105.23
101.00
102.25
101.50
104.00
103.65
104.02
103.05
103.60
101.35
99.90
101.00
102.35
103.80
105.50
111.00
106.00
107.72
109.48
110.60
115.75
114.52
112.60
116.20
116.11
117.34
117.50
118.97
119.01
118.50
116.75
116.75
119.25
117.88
116.36
117.35
118.04
117.38
118.30
118.10
125.01
123.83
123.10
123.30
120.60
120.88
119.25
119.00
118.75
117.36
118.05
119.05
120.20
121.95
121.45
121.50
120.15
120.34
122.40
121.94
120.95
121.00
122.23
120.36
117.70
116.85
117.00
115.00
115.90
115.85
115.86
109.25
116.02
116.15
115.90
114.00
114.60
111.10
112.00
113.00
111.35
110.05
112.86
114.74
114.65
114.25
111.50
107.31
110.40
111.46
111.49
110.15
111.50
111.65
111.54
111.10
109.80
110.85
107.67
107.75
109.25
110.26
109.35
110.00
110.90
108.68
109.24
108.50
109.82
108.45
111.48
110.05
109.40
106.08
104.45
104.10
105.04
105.00
102.81
100.78
101.57
95.50
94.50
92.45
90.33
86.98
91.00
93.50
93.38
98.00
98.00
96.86
96.90
99.59
99.40
99.40
98.46
98.58
103.40
105.45
103.69
105.81
107.30
103.16
102.43
101.00
107.99
106.80
106.55
108.60
108.60
106.30
106.40
104.63
106.48
109.90
110.50
109.38
110.50
111.15
111.02
111.55
114.98
114.86
115.75
115.75
115.35
116.14
115.55
117.24
116.80
115.25
114.59
115.20
114.40
114.50
117.00
118.20
118.30
117.76
116.30
115.87
115.75
115.03
115.30
117.50
118.40
119.70
118.50
119.20
119.42
120.65
120.00
119.92
117.03
116.90
116.66
117.00
115.90
115.30
113.95
113.20
113.79
111.76
108.50
104.70
104.45
107.65
106.65
107.30
109.30
110.55
110.50
107.90
109.87
111.00
112.60
109.90
109.25
110.25
109.10
110.50
114.00
114.70
116.00
117.36
115.45
114.10
117.25
116.01
119.00
119.90
119.45
119.10
117.20
119.97
121.70
120.90
121.32
121.38
121.00
119.00
121.39
120.15
120.65
122.50
122.60
121.60
120.00
117.95
116.87
115.55
116.85
115.85
115.15
115.27
113.35
113.05
120.40
120.93
123.63
124.11
125.14
124.50
122.80
122.50
124.00
123.40
124.25
125.22
124.76
124.20
125.00
126.95
123.72
122.64
125.80
125.98
126.20
126.10
123.97
125.60
125.93
126.40
126.98
129.15
129.51
129.50
128.97
129.82
128.30
126.95
128.50
129.07
129.00
127.49
125.00
125.60
125.18
124.45
125.00
125.98
121.90
124.41
126.00
125.25
127.30
125.00
126.00
127.37
128.02
127.35
125.70
124.01
124.98
120.75
122.62
124.15
125.75
127.40
125.77
127.50
129.60
129.15
128.00
122.20
122.40
119.90
117.50
117.80
117.35
116.65
109.79
111.00
111.77
119.51
119.95
121.70
126.61
124.45
125.25
121.60
119.06
118.40
122.99
122.34
125.45
125.00
125.00
124.00
126.50
126.55
126.33
128.50
129.00
128.48
125.96
126.51
128.50
126.15
124.20
124.60
123.65
120.10
119.00
121.05
122.38
124.06
127.15
123.74
122.34
120.05
119.07
116.66
116.75
118.19
117.90
116.01
114.50
113.31
115.76
112.55
110.75
116.29
114.48
115.02
114.51
112.25
112.79
112.33
117.60
119.90
121.99
125.00
125.28
124.00
125.13
126.41
127.80
129.75
125.26
128.31
125.00
125.75
127.33
126.69
129.10
128.38
128.98
130.50
128.37
128.30
126.56
126.81
129.02
129.00
129.51
127.74
127.45
128.72
130.98
129.10
126.75
126.89
129.50
130.30
127.60
128.02
128.18
124.95
126.11
124.35
125.10
125.30
123.27
121.91
123.45
120.75
120.61
121.19
123.90
123.20
123.44
123.24
121.35
123.20
123.32
126.25
125.70
126.30
126.80
126.00
126.40
126.60
126.70
127.99
127.65
125.60
126.90
125.65
127.50
128.25
125.90
125.25
125.32
126.35
123.66
125.61
124.30
123.98
123.38
123.50
122.48
124.49
123.45
122.50
123.19
125.13
126.62
126.00
125.50
126.86
125.03
125.70
125.60
126.41
125.85
124.85
123.85
124.85
123.00
123.60
121.68
121.17
123.00
125.70
125.30
128.46
129.97
129.73
131.45
132.10
130.58
132.31
130.55
131.66
127.92
130.04
132.30
133.67
133.86
134.95
132.57
133.48
131.61
132.79
132.92
133.00
133.64
129.01
130.03
128.34
129.60
127.80
125.18
123.13
126.80
126.97
126.04
124.00
126.15
124.81
122.83
121.52
123.26
122.82
123.56
124.00
123.22
125.86
125.20
124.85
124.12
123.50
125.02
123.50
126.74
125.26
124.00
127.25
125.10
126.00
125.81
127.25
126.41
126.95
126.03
128.50
128.50
128.42
130.48
130.48
131.75
132.05
130.78
129.57
129.93
129.05
130.25
128.75
128.98
128.89
129.00
129.37
129.87
129.85
129.00
128.90
130.32
129.96
128.20
127.00
128.50
132.45
136.36
137.65
139.00
139.36
140.80
140.55
139.56
139.60
139.40
139.02
139.92
138.70
137.96
138.86
139.95
142.00
143.98
143.30
142.85
142.50
144.35
144.45
144.05
145.70
143.67
143.38
143.88
142.70
142.25
141.00
140.15
142.62
139.45
139.20
137.60
137.41
136.67
138.35
138.55
138.68
140.81
140.50
141.85
141.05
142.00
142.65
141.15
143.15
143.20
69.90
69.94
71.00
73.15
73.03
72.84
73.31
73.40
74.00
74.55
74.33
74.75
73.80
73.69
75.70
75.97
75.48
75.82
75.93
75.68
76.23
77.25
77.57
78.06
78.96
78.65
79.50
78.52
79.65
79.04
78.85
78.50
78.78
79.89
78.53
78.19
76.95
76.10
76.98
77.95
79.50
79.45
78.65
79.50
81.38
80.85
80.72
80.88
80.80
82.10
82.10
81.19
81.56
82.54
82.00
82.99
83.50
83.55
84.38
85.15
84.61
84.33
84.12
84.40
84.48
85.00
83.58
84.50
84.12
83.24
82.35
82.54
83.05
83.13
83.70
84.95
86.20
80.95
81.98
82.65
81.96
82.67
82.25
80.02
79.20
78.89
79.10
78.90
79.10
79.00
79.80
79.55
80.75
81.40
81.05
80.40
80.20
79.98
79.38
79.75
80.25
79.05
78.32
78.25
78.47
78.95
78.32
79.01
78.80
78.62
77.67
77.77
75.27
75.35
76.10
77.31
79.45
79.22
79.88
79.10
80.00
79.60
80.00
80.60
80.00
80.57
81.93
81.87
82.00
81.90
82.35
82.62
82.95
82.63
83.52
81.64
82.66
83.30
83.95
84.00
83.20
83.78
86.30
87.51
87.28
87.90
86.72
86.05
86.50
86.43
86.50
85.12
84.45
83.65
84.47
83.60
85.00
84.01
82.76
83.32
83.00
82.45
82.45
82.93
82.54
83.72
84.55
85.00
84.13
85.45
85.46
85.30
84.86
84.80
86.00
85.44
85.60
85.95
85.55
85.00
85.93
86.90
87.79
89.02
89.15
88.60
89.05
88.69
89.82
90.00
88.33
87.07
87.55
88.43
88.20
87.77
87.45
86.57
88.19
89.30
85.50
83.45
85.20
83.02
83.70
82.62
81.98
83.05
82.69
82.12
82.30
83.26
82.40
82.83
80.76
79.80
80.00
79.30
79.02
78.15
78.15
78.15
78.20
79.75
79.60
80.19
80.70
80.35
81.23
80.95
81.50
81.38
82.12
82.76
83.57
84.20
84.22
84.10
83.90
84.69
84.65
83.92
82.20
82.05
82.15
81.27
81.20
80.02
78.87
78.68
78.26
78.85
78.68
80.00
80.15
78.95
79.63
81.97
79.76
79.50
79.15
79.45
78.15
77.65
75.00
76.80
75.53
76.95
77.85
75.37
75.40
75.81
77.03
76.95
77.50
76.35
76.00
75.54
78.50
81.40
81.63
81.13
81.35
82.00
82.80
82.20
81.98
82.00
82.17
80.95
80.74
80.17
80.00
80.20
80.00
79.50
80.20
80.12
80.75
80.62
79.00
79.06
78.60
79.05
78.50
78.87
79.14
80.40
80.21
80.77
81.00
81.86
82.59
82.40
82.75
82.70
82.73
82.17
82.40
81.70
80.88
81.50
82.30
83.95
84.58
84.66
83.79
83.99
82.50
82.70
82.75
81.50
82.15
82.97
83.00
82.89
83.60
84.35
83.77
83.40
83.55
84.05
83.55
84.34
83.39
83.98
84.47
85.00
85.50
86.48
85.78
85.40
83.68
83.78
84.20
84.60
83.95
84.40
84.97
85.21
86.46
86.41
86.20
86.10
86.65
85.75
86.00
85.65
85.87
86.40
86.00
85.48
85.15
85.25
85.29
85.18
84.85
85.95
86.00
85.23
84.68
85.00
85.10
85.00
84.75
84.24
84.97
83.90
82.39
80.00
76.50
77.17
76.90
77.91
77.67
77.52
75.87
75.90
75.71
76.47
76.84
76.70
77.35
77.58
77.18
77.58
76.79
77.24
76.07
75.97
76.05
76.98
78.10
77.80
77.30
78.12
78.18
77.80
76.93
77.01
76.78
77.01
76.59
75.86
76.50
76.92
76.56
76.54
75.96
76.61
76.90
76.13
77.67
77.50
77.40
77.85
78.21
75.75
75.68
76.30
77.07
74.00
72.31
73.04
73.63
72.00
73.90
75.39
76.14
75.10
75.12
75.80
75.45
74.57
74.11
75.12
74.80
74.84
74.63
74.09
73.69
74.87
75.10
75.31
74.55
74.19
73.35
72.88
72.47
72.18
72.22
72.35
72.00
72.24
71.24
71.89
72.16
72.36
71.92
70.73
71.53
71.18
70.50
71.08
70.86
71.40
71.39
72.08
72.83
72.25
73.45
73.73
74.04
74.15
73.52
73.67
73.25
72.39
72.36
72.20
72.80
73.10
73.00
73.52
72.89
73.18
73.26
72.53
71.41
71.36
71.51
72.00
71.25
70.29
70.11
70.28
71.01
73.30
74.72
75.65
74.75
75.39
75.75
75.58
75.42
75.25
76.24
75.50
75.08
75.30
75.35
75.65
75.85
76.00
76.09
77.41
77.35
77.58
78.40
77.30
78.75
78.40
79.10
78.07
78.07
78.49
78.21
78.35
78.77
79.05
79.10
78.45
78.40
77.83
77.46
77.87
77.40
76.83
77.37
77.94
76.90
77.32
77.63
78.48
77.89
78.64
77.59
78.35
78.11
77.76
79.49
78.41
78.64
78.50
79.00
78.44
78.20
76.95
77.10
77.00
77.19
76.91
75.50
74.01
73.25
73.22
72.45
72.90
72.40
72.30
73.16
71.75
71.00
71.16
70.65
71.36
72.29
72.69
73.50
73.71
73.20
73.15
73.67
73.19
73.10
73.94
74.00
73.70
74.19
73.64
73.05
72.46
71.80
72.51
72.53
71.90
72.50
72.18
73.28
74.49
75.30
74.84
75.20
74.76
76.68
76.65
76.70
76.84
77.81
77.57
76.52
75.97
76.52
77.89
79.99
81.25
80.11
80.17
79.98
80.90
80.55
80.36
81.69
81.85
84.00
84.01
85.00
84.84
85.00
85.00
85.51
85.15
84.75
85.90
86.69
87.10
87.61
87.25
87.25
86.90
86.70
87.12
85.90
83.63
84.56
84.31
83.60
83.19
83.95
83.26
83.50
83.70
83.66
84.80
84.10
83.20
82.26
79.80
81.39
80.57
80.35
79.80
79.65
80.98
80.70
79.43
79.90
80.65
79.60
79.92
80.40
78.71
79.29
81.64
81.15
80.90
80.87
76.28
74.48
73.25
73.50
72.48
71.66
71.20
70.90
71.15
71.40
71.37
71.05
71.00
68.11
69.89
70.31
70.10
70.00
69.91
69.61
69.90
69.40
69.45
69.36
68.41
68.55
68.53
69.49
70.30
70.79
71.52
71.30
71.13
71.05
70.50
70.06
69.75
70.94
72.00
71.80
71.74
71.74
71.35
71.50
70.75
71.52
71.68
72.60
73.40
74.25
74.14
74.78
73.30
73.75
73.30
73.18
74.10
74.85
74.60
74.60
74.70
73.26
74.03
75.00
75.95
75.56
75.69
75.20
75.44
75.83
75.60
75.25
76.00
75.53
78.09
78.50
79.95
79.75
79.46
79.20
78.99
78.99
78.83
78.84
79.08
78.90
79.51
79.44
79.55
79.15
79.05
79.50
79.84
80.25
80.49
81.40
80.92
81.60
80.86
81.10
79.90
80.60
80.88
81.55
80.42
79.65
80.55
79.77
78.72
78.76
78.84
79.50
79.40
79.67
78.35
78.27
78.30
79.00
78.82
78.16
78.33
78.50
78.10
77.53
78.40
77.89
77.42
78.00
77.31
78.05
78.41
79.48
79.33
78.71
79.09
79.25
78.71
78.85
79.56
78.97
78.54
74.92
74.21
74.75
73.87
74.08
73.91
74.30
74.88
74.64
74.55
76.00
76.43
76.90
76.91
76.50
76.10
76.25
76.49
76.45
76.13
74.25
74.00
73.25
73.01
73.62
73.50
74.03
74.59
74.61
74.75
74.78
75.80
76.23
75.54
76.49
76.25
77.09
77.59
77.66
77.44
76.74
76.38
75.98
76.44
76.53
77.50
77.03
76.84
76.88
76.50
76.29
77.25
76.91
77.00
77.34
76.36
77.96
77.75
77.14
76.96
80.31
79.97
81.56
82.77
83.40
84.31
83.90
84.21
84.42
84.40
85.00
84.78
85.30
84.85
86.48
86.09
86.93
86.88
87.06
87.65
87.62
87.55
87.17
87.30
87.93
87.95
88.43
88.07
87.47
86.62
84.88
85.94
85.30
85.70
87.07
87.58
87.68
87.43
87.97
86.91
86.56
86.60
86.49
85.82
87.00
87.10
87.29
88.00
87.68
87.95
87.97
87.94
87.22
87.67
89.58
90.63
91.44
91.10
91.80
90.50
90.61
90.54
90.24
89.62
90.40
90.18
89.46
88.94
89.06
88.68
87.70
86.96
87.90
87.90
86.36
87.16
86.27
84.94
83.21
87.00
87.55
88.10
88.52
89.34
88.50
88.80
88.59
88.05
88.40
89.81
90.96
90.40
90.26
90.39
89.13
88.01
88.56
89.67
88.66
88.95
89.25
91.75
91.23
92.50
91.60
91.49
92.17
92.80
93.98
93.84
94.35
93.66
94.50
94.75
95.75
94.87
95.12
96.10
94.67
94.18
94.43
94.64
94.28
92.90
85.35
86.87
85.92
86.68
86.48
86.44
85.95
85.98
86.07
84.70
84.94
85.12
85.30
83.34
79.98
79.53
80.05
81.56
80.05
80.13
81.22
81.99
81.60
81.83
82.92
81.58
82.57
83.08
84.44
83.43
81.88
82.69
83.73
84.06
86.26
87.05
88.10
86.41
86.12
85.39
86.21
85.69
84.79
85.81
85.52
86.97
86.10
86.12
84.65
84.24
82.82
82.00
82.10
81.35
80.20
79.75
79.63
78.13
78.00
76.83
77.38
75.47
72.07
73.55
76.40
76.82
76.02
77.80
77.82
77.33
79.79
81.23
79.31
79.47
78.60
78.85
78.38
79.61
79.55
81.24
80.14
80.25
79.32
80.06
79.32
79.56
80.60
80.68
80.06
79.65
78.16
77.92
78.91
78.70
77.41
76.73
77.30
77.97
77.49
79.72
75.64
79.84
81.24
78.50
78.15
78.83
78.73
78.80
78.39
78.06
79.61
81.24
80.59
80.30
80.95
79.50
79.99
79.69
78.80
78.29
78.61
79.35
80.57
81.84
83.00
82.15
81.52
81.19
78.85
77.60
77.19
77.00
76.94
78.44
78.62
77.44
77.95
77.12
75.99
76.67
77.72
77.68
77.70
77.99
78.66
79.04
77.51
76.37
76.24
75.73
76.34
76.60
76.91
77.41
76.50
76.17
76.59
76.73
75.32
75.13
76.00
75.50
76.19
75.76
75.44
74.64
74.21
74.00
73.35
72.84
72.40
72.29
70.48
69.48
68.66
70.18
68.77
69.89
69.92
70.10
68.79
68.27
69.41
68.61
67.90
69.22
69.48
69.36
68.12
70.47
72.40
71.53
70.87
69.77
70.75
70.84
70.53
70.03
70.23
71.75
71.33
71.14
73.19
74.54
73.49
72.55
73.09
73.59
72.15
71.24
70.26
70.91
71.47
70.47
70.69
71.01
72.14
72.38
70.31
70.23
69.49
70.13
70.50
69.97
68.24
69.85
68.02
68.47
68.33
69.51
74.24
72.78
70.77
69.41
68.82
68.80
68.93
67.28
67.67
66.91
66.09
63.10
63.75
59.46
57.50
51.83
58.75
61.96
58.05
54.76
56.16
57.67
60.15
59.25
58.53
58.36
58.60
61.09
64.28
64.49
62.48
63.56
65.45
64.64
64.04
62.92
65.98
63.87
61.18
59.23
63.22
62.33
60.23
61.83
58.25
57.78
62.00
64.34
62.45
65.18
64.95
60.70
59.66
60.13
58.21
59.01
55.46
56.91
56.77
54.27
56.60
55.57
57.50
58.90
58.00
56.53
56.71
55.61
55.55
55.55
55.56
57.23
57.55
58.79
58.74
58.61
57.68
58.80
57.64
56.85
55.31
55.08
55.59
56.42
54.61
53.65
53.01
53.54
53.75
54.45
55.63
56.59
52.79
51.25
51.91
50.55
51.63
52.46
53.86
51.76
50.45
50.60
48.93
47.26
46.58
46.84
47.56
45.73
47.05
47.21
45.65
44.62
43.17
43.88
43.53
42.84
41.31
42.10
44.87
47.05
48.32
48.48
47.42
48.27
49.07
47.36
46.80
48.45
48.85
49.35
50.30
49.72
49.11
48.95
51.59
52.23
52.00
51.51
50.93
52.61
52.78
52.93
52.78
53.85
55.03
53.39
52.26
52.62
53.24
54.26
56.45
56.80
57.00
58.18
57.56
57.89
58.42
58.74
59.01
59.21
59.41
59.42
58.39
57.17
57.76
58.30
59.07
59.10
57.45
56.82
55.95
57.91
56.24
56.69
57.90
59.24
59.56
59.59
60.60
60.97
60.60
60.62
60.57
60.37
60.40
59.41
58.59
58.89
59.48
58.62
57.74
57.46
57.35
58.81
59.36
59.94
60.31
59.90
59.87
61.09
58.87
59.28
58.68
59.83
60.47
61.20
61.91
63.14
63.62
64.44
64.26
66.58
69.40
69.39
69.65
69.33
69.73
70.19
71.80
71.71
72.35
71.97
72.68
72.59
70.84
71.38
72.28
72.35
70.49
70.39
69.35
70.78
72.00
72.74
72.62
72.69
71.48
71.98
71.45
71.81
70.48
70.74
70.98
71.70
71.61
73.05
74.41
73.72
74.63
74.76
75.34
75.12
73.91
74.82
75.12
74.65
74.04
73.93
74.78
74.06
73.56
71.81
71.94
73.46
73.54
73.38
74.46
74.85
74.80
75.35
76.20
76.02
76.27
76.26
75.73
78.00
78.42
77.66
76.99
76.05
74.68
75.10
73.86
74.01
74.68
74.50
74.87
75.93
77.04
78.09
77.91
77.22
77.55
77.89
78.06
77.46
77.12
77.15
77.53
77.87
76.12
76.89
77.85
78.42
78.40
77.58
77.91
76.35
78.25
79.96
80.58
82.01
82.10
82.52
81.39
80.80
81.03
81.85
81.96
82.31
82.78
83.78
84.00
83.79
83.09
82.80
83.88
83.32
83.69
84.38
83.58
84.11
83.74
83.52
83.82
84.83
84.60
82.40
82.33
81.46
81.33
82.62
81.35
80.84
80.70
79.83
81.13
79.16
78.48
78.28
78.80
79.22
79.14
80.08
80.42
80.06
81.14
81.71
80.41
80.00
79.16
79.74
80.57
80.74
81.16
81.21
81.35
82.42
81.15
81.92
81.26
81.57
81.16
81.26
81.93
82.30
81.96
81.50
82.10
81.86
82.01
81.10
81.24
82.36
84.05
83.87
84.22
83.90
84.11
83.41
82.97
83.76
83.04
83.91
84.14
84.70
83.61
84.41
85.44
85.10
86.18
86.82
89.92
88.89
88.94
88.70
89.19
89.22
87.04
86.06
83.66
85.60
85.18
85.39
86.06
85.06
84.88
85.09
83.34
81.17
78.42
80.73
78.70
80.00
80.41
81.53
78.72
78.60
79.29
77.29
76.16
74.74
75.47
75.78
76.66
78.99
79.09
79.28
81.34
80.84
81.96
81.71
80.23
79.81
78.53
78.95
78.72
78.21
79.06
78.80
78.45
78.44
81.12
81.11
81.87
82.84
83.13
83.17
82.71
81.48
80.48
82.64
84.73
84.70
86.50
87.16
86.44
87.05
85.50
86.80
86.98
87.30
87.31
86.81
87.73
87.41
85.90
83.30
83.90
83.33
82.94
83.78
83.33
81.00
81.01
80.20
80.01
81.26
80.12
80.56
79.56
79.51
81.44
82.58
83.23
82.21
83.92
82.87
84.56
84.68
84.47
84.02
85.34
86.26
86.65
86.57
85.86
86.41
86.86
86.65
86.66
87.78
87.38
87.29
87.31
88.66
89.86
89.82
89.48
87.92
88.13
89.15
89.75
89.09
88.75
88.73
89.87
90.45
90.63
90.68
89.99
87.82
85.01
84.57
84.81
85.15
86.29
87.46
85.80
86.33
85.30
85.72
86.02
86.69
85.71
84.08
84.84
85.53
84.66
83.91
84.49
84.46
83.70
83.25
85.42
86.24
86.06
87.00
86.68
83.23
84.98
84.35
84.54
85.23
85.84
85.89
86.39
86.60
87.52
86.41
86.79
86.38
87.01
86.84
86.78
86.53
86.75
87.00
86.29
86.86
86.55
85.72
87.33
88.02
88.47
87.74
87.84
88.25
87.86
88.66
89.21
89.40
88.58
89.20
89.43
87.93
88.02
87.68
87.82
87.92
88.17
88.97
89.67
90.24
90.34
91.72
91.52
91.46
92.14
92.73
92.73
92.57
90.43
89.75
91.90
92.19
90.24
91.85
92.71
92.58
92.37
93.52
92.32
89.71
91.21
89.05
89.06
88.59
89.72
90.27
90.96
90.62
92.61
92.87
92.42
92.27
92.84
92.41
93.53
92.68
93.51
93.94
93.51
93.59
93.59
93.20
93.07
92.43
92.89
91.94
91.65
92.97
94.09
93.91
95.01
95.67
96.11
96.92
97.58
96.93
96.55
95.61
95.73
95.30
96.24
95.77
95.18
96.61
95.54
95.28
93.72
94.34
94.55
92.29
92.92
91.54
92.65
93.46
94.05
94.33
91.35
90.19
90.38
90.86
90.94
91.36
91.44
91.14
92.28
91.70
91.07
92.30
91.42
92.81
93.33
92.04
92.34
91.08
92.63
93.42
93.38
94.83
96.40
96.12
97.73
97.12
96.45
97.11
96.09
94.82
95.20
95.10
94.94
94.83
95.01
96.09
94.84
91.92
89.69
88.19
86.94
87.98
85.67
85.56
85.07
83.44
80.75
80.23
81.00
78.69
81.89
82.66
82.53
82.19
79.83
76.65
78.34
77.17
79.40
80.45
77.73
81.30
81.68
82.70
83.02
80.02
77.44
79.36
79.88
78.06
76.21
78.28
77.96
80.18
81.43
79.57
79.44
79.33
74.82
72.64
74.39
76.37
76.42
74.97
73.91
71.13
70.13
71.74
72.72
75.20
75.12
76.55
76.73
78.27
78.94
78.63
76.18
78.26
77.77
79.38
80.32
76.88
77.98
79.51
81.53
79.88
77.89
77.39
78.86
78.97
79.27
80.29
80.13
80.31
81.30
81.56
81.44
81.29
81.53
80.70
79.28
77.63
77.08
75.55
77.20
78.00
79.71
81.25
81.39
81.33
82.13
82.03
81.83
80.92
81.90
81.00
79.18
79.43
79.52
79.02
79.19
80.43
80.27
81.24
81.91
82.22
81.37
82.23
83.76
83.13
83.53
83.78
83.58
84.59
83.24
84.37
83.75
84.85
84.14
85.10
85.45
85.70
85.26
85.30
87.51
87.15
86.50
87.88
87.52
87.25
88.08
87.15
87.32
88.12
87.54
87.20
87.57
87.60
87.42
86.99
87.99
87.74
87.65
87.88
88.04
87.41
87.83
88.14
87.72
87.47
87.40
85.72
85.24
86.06
86.81
87.10
87.76
88.60
89.00
89.88
89.52
89.17
89.42
88.50
88.63
88.92
89.38
89.29
87.88
89.22
88.79
89.22
87.98
87.36
86.24
86.19
85.36
85.71
86.49
86.04
86.70
86.90
87.19
86.99
86.52
89.33
88.98
88.60
89.41
89.25
89.13
89.16
89.50
89.17
87.70
87.12
86.64
87.14
86.47
85.46
85.95
85.91
85.56
84.78
83.88
84.69
83.37
84.96
84.87
85.38
85.06
84.45
83.05
82.79
82.59
83.22
85.59
85.18
86.54
85.67
86.30
86.31
87.57
87.07
87.82
87.93
88.04
87.11
85.87
85.91
86.39
86.36
88.62
89.29
89.11
89.20
88.81
88.86
89.08
88.38
86.60
86.32
88.12
88.25
88.75
90.87
90.18
88.44
89.28
88.69
90.00
90.94
91.41
91.00
91.65
90.11
91.03
92.00
91.70
91.48
91.50
91.37
92.29
92.36
92.00
92.75
93.93
94.00
93.98
92.56
92.65
92.03
92.92
92.36
92.50
92.05
92.44
92.03
91.92
92.37
93.38
92.27
90.73
91.60
90.92
92.86
93.66
93.78
92.88
93.20
94.06
92.85
93.95
92.88
92.89
92.47
92.90
94.23
93.81
94.05
94.74
94.55
95.29
93.95
93.86
92.95
92.71
94.02
94.94
94.68
94.61
92.41
89.67
89.03
88.57
87.90
88.03
87.94
89.61
88.08
89.95
90.34
89.11
88.60
88.96
88.60
89.17
86.74
88.12
89.25
89.08
89.08
89.29
89.54
90.19
90.10
91.35
90.68
91.41
90.31
90.30
90.80
91.24
91.37
92.65
93.72
92.95
92.00
92.39
93.13
93.92
93.35
92.78
92.70
93.35
93.11
91.98
91.55
94.19
94.34
94.79
95.02
95.17
95.87
96.71
95.84
96.40
96.83
97.00
97.79
98.42
98.39
98.97
99.38
99.79
100.98
100.33
101.80
100.69
101.44
100.77
101.31
101.13
102.65
102.34
102.39
102.66
103.03
102.43
103.06
103.42
104.18
102.88
102.99
103.91
102.11
102.10
103.60
103.39
103.51
103.76
104.73
104.80
105.00
105.33
105.82
105.13
105.33
105.90
105.23
105.83
105.91
105.39
105.10
106.53
105.41
105.35
105.67
106.00
105.80
106.60
105.82
104.45
105.86
106.00
106.09
107.86
107.89
107.15
106.69
105.47
105.84
105.31
105.71
106.24
107.61
104.46
104.97
103.91
103.98
104.78
105.04
106.96
107.63
107.61
108.03
108.11
110.08
109.99
110.32
110.40
111.21
111.16
111.13
112.11
111.59
110.06
109.86
111.15
111.04
111.34
110.79
110.70
110.65
109.80
108.46
109.38
111.41
109.90
110.99
108.95
111.30
111.85
112.07
112.96
110.71
109.50
108.78
108.20
109.07
110.54
109.86
108.37
109.05
108.28
110.37
112.00
113.09
113.38
114.36
114.57
115.14
114.99
114.97
114.61
115.34
116.00
116.44
117.07
115.30
116.17
116.41
116.90
117.13
118.38
117.98
118.17
117.82
117.30
118.27
118.73
118.00
118.52
118.90
116.92
115.68
115.83
115.52
114.79
113.61
114.76
114.38
113.41
112.51
112.87
113.61
114.57
113.08
114.35
115.09
115.63
117.31
117.63
118.80
118.49
119.79
119.07
120.25
121.15
121.50
120.43
121.24
120.89
120.60
119.97
119.39
119.69
119.13
118.71
118.37
118.56
118.72
117.27
118.60
119.16
120.26
121.28
120.86
120.74
122.87
122.79
123.36
123.43
122.96
123.05
124.13
125.08
125.57
124.97
126.76
125.98
125.75
126.46
127.15
126.03
127.54
128.15
127.86
128.97
129.15
129.91
130.02
129.50
129.69
130.36
131.80
131.45
132.63
133.51
131.67
126.06
125.95
126.40
128.19
128.80
128.07
128.74
126.63
126.65
126.77
130.42
131.48
135.06
136.78
137.10
137.23
137.30
138.78
139.08
140.00
138.05
138.37
138.75
137.45
137.48
137.02
136.95
135.81
135.11
137.77
137.74
137.98
138.45
137.35
135.64
133.73
130.02
129.43
130.10
129.96
126.60
128.22
126.09
128.01
127.60
129.57
129.65
129.70
130.34
129.29
129.77
132.31
131.33
130.65
131.56
131.89
132.27
133.13
132.63
134.19
133.07
131.92
132.66
134.37
134.88
133.98
133.73
132.07
133.19
130.08
130.66
132.49
132.75
131.15
133.58
133.32
133.66
134.66
132.82
133.58
134.61
135.88
135.99
136.22
136.90
135.81
134.44
135.00
135.73
133.37
133.45
133.27
135.17
137.30
137.25
138.50
138.81
136.38
136.50
137.43
137.87
137.63
139.50
141.63
139.14
140.28
139.98
140.88
140.56
141.78
143.00
142.48
141.56
140.93
140.07
141.60
139.77
140.71
140.23
141.50
141.81
141.50
142.11
142.27
142.08
142.91
142.76
143.99
144.64
144.97
144.66
144.95
143.19
142.93
143.01
143.93
144.53
144.54
145.10
143.71
143.00
143.75
143.17
143.92
143.41
144.23
145.25
145.48
145.22
144.78
143.50
144.14
144.99
145.00
145.28
145.33
143.83
144.66
144.89
145.34
145.51
145.66
144.92
145.22
144.26
143.33
140.15
140.15
140.62
139.14
140.05
139.30
140.93
140.62
141.35
142.00
142.81
142.75
144.47
143.86
144.78
144.50
144.66
145.00
144.43
143.32
144.06
143.30
144.47
144.21
143.64
144.41
144.70
144.63
143.99
144.45
144.17
143.80
144.92
145.70
147.42
146.92
145.23
144.17
144.41
142.52
140.94
142.50
141.16
138.57
139.33
140.55
138.82
138.25
141.15
139.33
134.26
133.65
132.56
133.42
135.75
137.15
138.40
140.90
141.92
145.00
148.09
149.83
151.39
150.49
153.83
153.14
153.92
155.68
155.69
156.15
156.25
157.95
156.65
158.00
158.53
158.09
158.88
159.33
158.19
