96.50
94.81
96.25
102.50
103.81
103.50
102.50
103.62
101.88
100.94
99.25
99.94
99.38
96.56
95.81
94.88
97.50
98.31
95.81
97.38
96.19
94.00
92.12
92.44
89.38
90.19
89.00
87.25
86.50
84.75
90.56
90.38
91.88
90.69
90.44
93.94
92.12
89.31
88.88
89.19
87.75
87.75
94.62
91.25
88.88
84.25
81.94
82.69
80.50
80.00
83.75
89.25
89.19
87.81
91.50
89.38
87.25
93.25
91.94
90.56
89.00
91.75
92.00
92.38
95.56
94.81
94.88
95.12
94.88
97.06
98.31
96.38
94.31
90.56
90.12
91.88
92.31
97.62
96.31
93.50
89.88
87.56
88.56
87.56
88.25
87.69
87.25
87.75
87.88
86.50
86.88
86.00
86.94
91.31
89.12
88.62
86.62
85.38
84.69
88.75
88.25
86.38
86.56
87.31
86.06
86.75
85.06
85.00
83.19
82.00
82.19
83.81
83.31
84.94
87.38
86.44
85.50
85.00
86.50
87.75
84.88
85.94
87.88
86.88
86.81
86.00
84.38
89.38
88.12
87.75
87.62
89.94
90.56
90.88
89.31
87.50
88.56
89.06
86.88
86.38
90.38
89.69
91.44
90.38
91.62
91.31
91.19
90.62
90.94
90.69
90.94
92.19
93.44
95.50
97.44
96.25
95.88
95.00
95.62
95.50
95.81
97.00
96.81
95.88
95.75
97.44
95.62
95.12
95.56
94.56
92.88
95.94
93.25
91.38
90.56
89.69
89.94
86.44
86.25
84.62
84.69
84.69
87.81
89.50
90.06
91.00
91.25
93.44
93.38
92.69
94.94
96.00
95.00
94.75
94.31
94.88
95.44
93.19
91.31
94.88
93.38
91.38
91.25
88.88
94.00
92.00
90.19
93.12
93.50
95.75
96.75
97.94
95.94
95.06
98.25
98.25
99.75
98.50
98.44
95.75
95.44
96.69
97.38
97.00
96.69
95.88
97.00
96.06
100.00
101.25
100.12
100.25
100.31
106.62
119.00
116.75
114.81
117.19
116.31
114.75
115.00
114.38
113.75
114.94
116.00
113.69
113.94
113.44
115.00
119.38
122.94
122.94
121.50
119.88
119.50
117.00
115.38
115.19
112.50
113.94
112.19
113.50
110.00
110.00
108.94
109.00
111.69
110.62
109.81
110.56
107.80
112.00
112.90
113.49
111.70
111.64
113.25
114.15
112.95
112.31
112.48
115.40
114.14
114.90
114.95
114.74
114.24
112.50
111.40
111.90
113.48
114.07
112.94
112.98
113.10
113.50
113.23
117.50
119.75
116.80
112.90
110.00
109.92
110.30
108.65
109.50
105.80
103.50
103.45
106.50
106.30
104.95
104.02
105.25
106.10
102.00
102.00
103.85
102.90
105.20
111.80
111.20
108.24
110.71
110.65
117.25
116.50
115.10
116.69
119.68
117.40
118.68
119.65
121.92
119.01
118.50
118.80
120.00
120.70
118.65
118.10
118.96
118.75
118.40
119.75
125.55
127.00
124.40
123.85
123.41
121.09
121.49
120.10
120.73
119.50
119.40
119.80
121.05
121.88
122.00
123.09
121.50
120.87
122.43
124.00
122.40
122.75
123.63
123.00
120.36
118.59
117.98
118.68
116.66
116.90
117.95
117.60
117.40
117.50
117.23
116.19
114.99
115.40
112.48
114.00
113.50
112.48
113.99
113.75
116.00
114.65
114.60
111.50
110.50
111.90
112.19
112.00
112.68
112.50
112.50
112.00
111.55
110.88
111.27
108.40
109.98
110.62
110.95
111.50
110.00
110.90
109.48
111.50
110.35
109.82
111.82
111.52
110.20
110.00
107.65
105.75
107.59
106.30
105.17
103.30
103.90
101.58
97.20
95.30
92.80
92.00
92.48
94.00
93.94
96.50
98.77
98.13
97.70
99.80
100.50
100.00
99.75
99.80
102.90
107.00
106.50
106.00
106.77
107.60
103.90
102.79
108.00
107.99
107.24
108.89
110.00
109.25
106.39
106.99
106.57
109.30
111.18
110.50
112.19
113.05
112.48
112.21
113.95
115.85
115.98
116.50
117.69
116.99
116.30
117.47
117.25
116.89
115.84
115.77
115.61
114.40
116.59
119.48
119.66
118.79
117.99
116.67
116.50
115.85
115.97
118.30
119.92
119.88
119.75
119.35
119.89
121.90
121.19
120.16
119.92
117.99
117.50
117.98
117.70
116.07
117.08
114.70
114.47
114.10
112.40
108.50
104.89
107.99
108.83
108.24
110.10
112.53
110.95
111.24
110.25
112.96
113.36
112.60
110.84
110.50
111.30
111.50
114.33
115.00
117.00
117.12
117.69
115.74
117.70
118.50
119.33
120.80
120.20
120.39
119.68
120.95
123.49
123.70
121.99
121.36
122.80
121.01
122.50
121.97
120.99
121.60
122.63
122.99
121.61
120.20
117.98
117.10
117.29
117.93
116.40
115.55
115.80
114.20
114.79
121.95
123.98
125.25
125.50
125.80
124.50
123.60
124.85
125.00
124.25
124.95
128.10
125.50
126.85
126.95
127.09
124.35
126.54
126.80
127.40
127.00
126.99
125.90
127.20
127.23
127.95
128.75
129.99
130.09
130.60
130.14
129.82
129.19
127.97
129.19
129.39
129.20
127.98
126.39
127.00
126.48
125.18
126.70
126.10
124.84
126.35
127.50
127.55
127.50
126.19
127.18
128.50
129.60
128.90
127.00
124.99
125.85
122.87
125.17
125.20
128.72
127.50
127.00
129.87
129.95
130.09
128.46
124.02
123.36
119.91
118.86
118.47
118.40
116.66
113.15
113.75
119.95
121.99
121.50
127.00
127.55
126.07
125.55
122.95
119.80
123.09
124.25
126.25
127.10
125.99
126.87
126.69
127.96
127.65
129.40
129.29
129.48
128.83
127.85
127.70
128.88
126.49
125.84
126.32
123.79
121.40
121.37
123.54
124.43
125.25
127.15
123.74
122.34
120.25
120.60
119.74
119.98
119.99
118.48
117.05
114.91
116.40
115.76
112.55
116.61
116.29
117.30
116.18
115.99
115.48
114.35
116.99
120.60
121.89
125.25
125.00
126.50
125.50
129.00
128.99
129.59
129.80
127.80
128.75
126.10
127.84
127.95
128.60
130.89
129.28
130.80
130.50
129.29
128.30
129.39
129.30
130.38
129.50
130.23
128.90
128.74
130.98
131.55
130.35
127.90
129.75
130.09
130.48
129.08
128.92
128.60
126.58
126.15
125.30
125.73
125.30
123.28
123.67
123.58
121.40
122.30
124.40
124.25
124.10
125.18
123.43
123.47
123.37
126.75
126.74
127.39
127.85
126.80
127.80
127.38
127.98
128.25
128.30
127.97
126.46
127.23
128.12
129.14
128.58
127.18
126.05
127.10
126.89
126.42
125.99
124.50
125.11
123.85
123.94
123.98
124.96
124.05
123.17
125.12
127.49
126.74
126.09
126.85
126.86
125.70
126.00
126.68
127.05
127.00
125.06
125.12
125.14
124.86
124.04
122.83
121.74
125.51
126.67
129.65
129.97
129.97
131.23
134.95
132.62
133.39
132.37
132.62
131.92
130.99
131.64
134.50
134.92
134.58
136.75
133.90
134.73
133.28
134.49
133.73
133.75
133.64
130.45
131.18
129.81
129.67
127.80
125.73
127.05
127.61
126.97
126.04
126.36
126.55
124.81
122.83
124.09
123.74
124.90
124.51
124.09
125.97
126.30
125.46
124.96
124.44
125.27
125.02
126.38
126.74
125.99
126.51
127.68
126.34
127.60
126.71
128.50
127.46
127.00
127.96
128.90
128.63
130.48
130.48
131.95
133.90
132.28
130.78
130.55
131.24
130.53
130.35
129.50
128.98
129.90
129.52
130.99
130.25
130.06
129.85
129.82
130.94
129.96
128.37
127.95
130.18
136.74
137.78
138.75
140.05
141.50
141.25
140.87
139.95
141.64
140.25
140.40
140.34
139.29
139.03
139.95
141.90
144.05
144.85
143.30
142.85
144.85
144.65
144.45
145.40
145.70
143.93
144.40
144.10
143.00
142.74
141.59
142.82
142.75
139.70
139.20
139.31
137.90
139.63
139.24
139.11
140.80
141.55
142.15
142.95
142.61
142.99
142.73
142.18
144.35
143.21
70.27
70.95
71.49
74.05
73.50
73.32
73.31
74.29
74.65
74.85
74.67
74.76
74.30
74.13
75.70
76.05
76.18
76.14
76.13
76.13
77.35
77.84
78.47
79.30
79.33
79.79
80.00
79.74
79.89
79.25
78.97
78.99
79.74
80.16
78.53
78.72
76.99
77.47
77.73
79.65
79.50
79.50
79.24
81.65
81.49
81.64
81.37
81.44
81.98
82.80
82.11
81.70
82.10
83.44
83.13
83.51
83.50
84.74
85.40
85.16
84.69
84.63
84.60
84.61
85.08
85.19
85.00
84.96
84.25
83.25
83.20
83.31
83.45
83.97
84.53
85.87
86.20
82.63
82.76
82.68
82.65
83.11
82.64
80.25
79.35
79.60
79.28
79.82
79.48
80.10
80.24
81.40
81.46
81.41
81.08
80.72
80.32
80.26
80.25
80.63
80.71
79.70
79.04
78.84
79.10
79.28
79.41
79.35
79.50
78.77
78.15
78.11
76.90
76.30
76.10
79.34
79.78
80.25
80.59
79.99
80.50
80.15
81.02
80.84
80.89
81.78
81.98
82.00
82.15
82.77
82.89
82.99
83.24
83.62
83.65
82.97
83.12
83.83
85.12
84.91
84.38
87.18
88.70
88.26
88.57
88.05
87.50
87.34
87.65
87.25
86.85
85.55
85.67
83.95
85.19
85.40
85.50
84.58
83.89
83.60
84.43
82.76
83.60
83.95
83.90
84.30
85.77
85.25
85.31
85.86
85.89
85.65
85.50
86.19
86.31
86.27
85.95
86.02
85.74
86.24
87.59
87.89
89.50
89.70
89.32
89.35
89.56
90.00
90.29
90.11
88.39
87.97
88.44
89.00
88.69
88.00
87.88
88.68
89.19
89.30
85.51
85.00
85.20
84.10
83.75
83.00
83.46
83.05
82.69
82.60
83.85
83.34
83.65
83.67
81.19
80.67
80.14
79.49
79.19
78.50
78.53
79.00
80.00
80.16
80.45
80.95
80.94
81.35
81.98
81.70
81.78
82.46
83.10
83.60
84.17
84.59
84.22
84.28
84.71
84.96
84.68
83.92
82.72
82.76
82.25
81.80
81.20
80.14
79.40
78.68
79.25
79.10
80.34
80.75
80.35
78.97
81.25
81.97
79.77
79.88
79.20
79.60
78.33
78.55
76.62
77.01
77.11
77.77
78.00
76.06
76.26
77.81
77.81
77.73
77.50
77.75
77.70
78.15
81.62
81.79
81.85
81.31
82.02
82.68
82.90
82.21
82.90
82.54
82.25
80.95
80.75
80.48
80.44
80.65
80.51
80.45
80.75
81.82
80.84
80.99
79.61
79.29
79.18
79.45
79.20
79.44
80.60
80.90
81.33
81.18
81.67
82.98
82.99
83.00
82.99
83.03
82.77
83.40
83.02
81.95
82.40
82.80
84.30
84.99
85.00
85.50
84.25
85.00
82.79
83.55
83.12
81.96
83.02
83.91
83.50
83.40
84.50
84.70
83.79
83.68
84.21
84.50
84.60
84.37
84.08
84.52
84.95
86.07
86.98
86.80
86.50
85.85
84.29
84.27
84.89
84.64
85.00
85.10
84.97
86.68
87.45
86.87
86.82
86.78
86.99
86.50
86.76
86.89
86.46
87.05
86.20
86.70
85.50
85.65
85.76
86.06
86.08
86.59
86.21
85.42
85.00
85.62
85.40
85.35
84.88
85.47
85.35
83.93
82.48
80.01
78.20
77.60
78.22
77.92
78.23
77.83
76.84
76.02
76.60
77.14
77.29
77.63
77.95
78.24
77.73
77.58
77.08
77.25
76.28
76.65
77.15
78.41
78.18
77.80
79.23
78.48
78.18
77.80
77.45
77.28
77.80
77.12
76.85
76.25
77.44
76.97
77.03
76.58
76.95
77.04
77.05
76.98
78.55
77.89
77.99
78.51
78.25
76.31
76.32
77.22
77.08
74.55
73.12
73.87
73.63
73.90
75.24
76.16
76.14
75.43
75.97
76.74
76.14
74.85
74.75
75.40
74.95
75.30
74.63
74.20
74.79
75.32
75.35
75.49
74.76
74.19
73.65
73.21
72.90
72.70
72.44
72.44
72.62
72.30
72.06
71.99
72.90
72.96
71.92
71.62
71.54
71.31
71.37
71.35
71.24
71.74
71.69
72.76
74.30
73.82
73.87
74.52
74.58
74.48
73.82
73.82
73.30
72.98
72.72
73.15
72.96
73.42
73.39
73.65
73.39
73.48
73.63
72.90
71.93
71.77
71.99
72.20
71.30
71.25
70.88
70.78
72.69
75.39
75.65
75.95
75.65
75.64
76.29
76.18
75.90
76.24
76.48
75.51
75.41
75.73
75.90
76.34
76.38
76.67
77.30
77.75
77.85
78.58
78.64
77.45
78.75
79.38
79.32
78.38
78.35
78.55
78.75
79.20
79.84
79.74
79.79
78.70
78.90
77.99
78.08
78.16
77.80
77.91
77.98
78.18
77.75
78.26
78.25
78.94
78.93
78.99
78.46
78.67
78.30
79.35
79.49
78.65
78.90
79.83
79.01
78.66
78.23
78.20
77.62
77.28
77.37
76.91
76.23
75.60
73.83
73.43
73.25
73.34
73.25
73.40
73.68
72.09
71.30
71.29
71.28
72.88
72.99
73.42
74.12
74.18
73.35
74.15
74.10
73.74
74.08
74.16
74.66
74.08
74.19
73.80
73.29
72.80
72.34
73.07
72.76
72.80
72.52
73.75
74.24
75.46
75.45
75.19
75.34
76.15
76.96
77.06
77.23
77.20
78.74
77.62
76.88
77.19
77.99
77.90
82.01
82.08
81.37
81.12
81.37
81.54
80.71
82.20
82.39
82.97
85.50
85.90
85.50
85.65
85.68
85.51
85.73
85.31
85.90
86.67
87.30
88.35
87.80
87.76
87.64
87.66
87.21
87.33
85.97
84.83
84.92
84.59
84.02
84.10
84.23
84.00
83.98
84.62
84.67
85.23
84.33
83.91
82.28
81.94
81.87
81.09
81.23
80.47
81.34
81.15
80.70
80.61
81.32
80.80
80.28
80.35
80.93
79.36
81.50
81.75
81.23
80.92
81.60
76.28
74.62
73.72
73.60
72.57
71.97
71.49
71.03
71.38
71.70
71.72
71.69
71.01
69.83
70.70
70.58
70.98
70.11
70.09
69.79
70.29
69.41
69.51
69.36
69.03
68.94
69.28
69.84
70.94
71.57
71.57
71.46
71.73
71.43
70.58
70.40
71.29
71.81
72.00
71.97
72.32
72.00
71.74
71.70
71.59
71.52
72.75
73.79
73.77
74.70
74.40
75.37
74.10
73.95
73.56
73.80
75.00
74.97
74.99
75.00
74.70
74.12
75.02
75.95
76.16
75.91
75.76
75.60
75.55
75.92
75.99
76.00
76.24
76.47
79.40
80.88
80.58
79.95
79.50
79.73
79.25
79.60
79.11
79.30
79.33
79.77
80.14
79.75
79.88
79.36
79.77
80.20
81.14
80.94
81.75
81.50
81.95
81.77
81.50
81.15
80.70
81.20
81.80
81.55
81.29
81.05
80.66
79.97
78.72
79.21
79.40
79.62
79.45
79.67
79.01
78.46
79.20
79.31
79.01
78.36
78.68
78.89
78.49
78.85
78.41
77.90
78.04
78.23
77.96
79.03
79.50
79.62
79.51
79.70
79.88
79.29
79.15
79.66
79.75
79.19
79.20
76.18
74.68
74.83
74.07
74.27
74.50
74.99
74.89
75.00
74.89
76.90
76.92
77.38
77.43
76.75
76.58
76.75
76.57
76.82
76.18
75.00
74.01
73.79
73.77
73.69
74.19
75.15
75.31
75.29
75.50
75.84
76.26
76.26
76.46
76.50
77.06
78.00
78.16
77.67
77.47
77.17
76.38
77.04
76.44
77.61
77.73
77.03
77.03
77.00
76.70
76.92
77.25
77.32
77.47
77.36
77.89
78.50
77.89
77.35
77.51
81.09
82.30
83.25
83.73
84.75
84.40
84.35
85.00
84.94
85.49
85.36
85.85
85.58
87.08
86.48
86.90
87.32
87.18
88.05
88.49
89.03
87.98
87.72
87.95
88.46
88.43
88.43
88.35
87.47
86.91
86.00
85.98
85.71
87.25
87.87
88.49
88.03
87.93
88.30
87.82
87.41
87.72
87.00
87.23
87.27
87.86
88.00
88.18
88.40
88.81
88.57
88.36
88.27
89.96
90.24
92.32
91.68
91.96
91.95
91.41
91.42
91.23
90.29
91.91
92.00
90.90
90.48
89.47
89.46
89.15
88.37
88.71
88.57
88.13
86.69
87.16
86.76
86.43
86.28
89.11
88.84
88.74
89.58
89.34
89.15
89.27
89.49
88.85
89.99
91.51
91.50
90.75
91.04
90.40
89.87
88.62
89.77
89.69
89.47
89.74
91.76
92.25
92.30
92.50
92.74
92.30
92.94
93.60
93.98
94.99
94.88
94.79
94.89
95.92
95.95
96.00
97.00
96.49
94.90
94.73
94.60
95.04
95.36
93.00
86.71
87.06
86.14
86.82
86.48
86.54
86.23
86.91
86.28
85.00
85.34
85.69
85.30
83.57
81.50
80.29
81.32
81.92
80.76
81.60
82.34
82.68
82.50
82.75
82.95
82.39
83.80
84.10
84.94
83.98
82.94
83.99
85.00
86.53
87.15
87.05
88.70
87.06
87.58
86.70
86.31
85.84
85.32
86.84
86.54
86.97
86.50
86.12
85.21
84.76
83.48
82.66
82.15
82.07
80.82
80.71
81.06
78.64
78.70
78.58
77.69
76.44
75.61
76.23
76.83
76.82
77.52
78.68
79.49
80.00
81.28
81.50
79.91
79.94
79.54
79.19
79.57
79.84
81.51
81.65
80.61
80.86
80.20
80.65
79.81
81.04
81.59
81.15
80.28
79.65
78.65
78.73
79.61
79.24
77.99
77.11
78.00
79.44
79.58
79.72
79.26
80.95
81.68
79.34
79.21
79.25
78.77
79.11
78.94
79.48
81.53
81.58
81.00
81.07
81.62
80.26
80.12
80.91
79.08
79.04
78.94
81.19
81.06
83.22
83.04
82.20
81.68
81.19
78.87
77.98
77.73
78.24
78.05
79.45
78.78
77.87
78.13
77.36
76.67
77.67
78.34
78.63
78.12
78.82
79.89
79.06
77.53
76.81
76.26
76.74
77.01
78.20
77.85
77.49
76.66
77.41
77.61
77.02
76.07
76.29
76.00
76.42
76.53
76.12
75.70
75.23
74.45
74.00
73.44
73.46
73.24
72.30
70.48
69.69
70.05
70.18
69.96
70.88
71.17
71.21
69.75
69.38
70.00
68.67
68.67
69.58
69.53
69.70
70.45
71.06
72.77
71.90
70.99
70.57
71.44
71.25
71.06
70.44
72.03
72.08
72.04
73.91
74.68
74.54
73.94
73.87
74.10
73.90
72.31
71.43
71.29
72.71
71.94
71.30
71.22
72.66
72.55
73.63
71.30
70.44
69.75
71.99
71.00
70.12
70.07
70.48
70.25
70.32
69.93
71.24
74.71
73.99
71.03
70.25
70.03
69.69
68.93
68.60
68.31
67.75
67.25
64.38
64.50
61.94
58.57
56.44
59.71
63.60
59.38
57.79
59.00
57.67
61.91
60.90
62.10
61.50
62.76
64.56
64.98
64.56
64.56
64.65
66.23
67.47
65.47
64.83
66.56
64.94
61.93
64.87
65.95
62.93
62.42
62.36
61.06
61.61
64.24
64.50
66.00
67.00
66.25
62.14
61.70
60.45
60.44
60.68
56.74
58.29
57.24
56.57
56.72
58.60
59.50
59.26
58.04
57.06
57.50
55.98
56.11
56.00
57.27
57.92
59.39
59.09
59.81
58.96
58.71
59.01
57.90
57.30
56.00
55.76
56.63
56.60
54.80
54.57
53.67
54.55
54.51
55.85
57.71
56.81
53.02
51.82
52.45
51.83
52.92
54.66
54.11
52.19
50.56
50.60
48.93
47.58
48.04
47.93
47.59
47.62
47.45
47.47
46.37
45.18
43.98
45.43
44.03
43.28
42.45
45.55
47.17
48.02
48.50
48.60
48.78
49.75
49.19
47.58
49.41
49.46
50.76
51.13
51.03
49.94
50.55
50.87
52.90
52.49
52.20
51.61
51.77
53.70
53.75
53.56
54.04
55.00
55.03
53.50
53.45
54.35
54.33
57.02
58.13
57.67
57.94
58.98
57.97
58.76
58.76
59.36
59.56
60.23
59.58
59.80
58.69
58.31
58.75
59.32
59.50
59.68
57.70
56.99
58.08
58.13
56.88
57.17
59.87
60.31
59.96
59.96
61.29
61.05
60.60
61.22
61.46
61.00
60.40
59.57
59.44
59.95
60.19
59.17
57.74
58.55
59.06
59.47
60.07
60.31
61.29
60.74
60.78
61.30
59.25
59.47
59.92
60.53
61.00
62.15
63.54
63.48
63.95
64.74
64.89
69.72
69.90
70.30
70.19
69.67
70.64
71.39
72.50
72.49
72.75
72.59
73.50
72.59
71.53
72.67
72.92
72.49
70.98
70.59
71.04
71.36
72.91
73.00
73.21
72.74
71.84
72.15
72.10
72.79
71.18
71.11
71.54
72.30
73.50
74.39
74.49
74.64
74.88
75.49
75.45
75.25
74.68
75.15
76.00
75.24
74.39
75.41
75.25
74.99
73.87
72.35
73.40
74.75
73.85
74.95
74.73
75.56
75.21
76.93
77.23
77.00
77.08
76.73
77.38
79.25
78.76
78.61
77.26
76.30
75.97
75.72
74.94
74.63
75.28
75.69
75.81
77.28
78.28
79.00
78.17
77.88
78.29
78.79
78.13
77.64
77.22
78.07
77.87
78.01
77.23
77.82
79.00
79.14
78.66
78.60
78.86
77.43
79.93
80.76
81.81
82.17
82.93
83.02
81.48
81.35
82.22
82.31
82.32
83.00
83.59
84.32
84.30
84.08
83.45
83.23
84.60
83.76
84.32
84.60
84.18
84.11
83.93
84.09
85.17
85.13
84.60
82.83
82.89
82.73
82.84
82.64
81.88
80.89
80.94
81.68
81.13
79.50
78.48
79.41
79.29
80.39
79.23
80.64
80.69
81.18
81.74
81.76
81.09
80.60
79.77
80.33
80.95
81.38
81.68
81.36
82.50
82.53
82.13
82.06
81.54
81.67
81.66
81.66
82.41
83.75
84.00
82.20
82.41
82.30
82.25
81.36
81.69
84.50
84.46
84.23
84.48
84.47
84.63
83.60
83.67
83.76
84.24
84.47
85.00
84.95
84.13
85.85
85.85
86.14
87.09
87.79
90.25
89.08
90.00
89.70
90.00
89.22
87.22
90.52
84.31
87.04
85.97
86.62
87.00
85.55
85.14
86.20
83.34
81.47
80.77
80.74
79.55
80.69
81.53
81.69
79.87
78.89
79.76
77.29
76.86
75.15
76.10
77.59
78.39
79.33
79.86
81.00
81.37
81.38
83.00
81.87
80.64
79.84
79.09
79.73
79.04
80.22
79.38
79.00
79.38
80.58
81.59
82.25
82.26
84.57
83.68
83.17
82.77
81.55
82.34
83.11
85.14
86.27
87.47
87.39
87.00
87.48
86.35
87.78
87.55
88.07
87.92
87.54
88.38
87.78
85.99
84.63
84.45
83.96
84.89
84.00
83.44
81.44
82.30
81.00
81.10
81.33
81.09
80.68
80.20
81.10
81.89
83.71
83.38
83.71
84.08
84.07
84.97
85.00
84.75
85.00
86.17
87.63
87.62
87.16
86.75
87.47
87.11
87.32
87.65
88.00
87.89
87.73
89.00
89.90
89.92
89.82
89.50
88.54
89.73
89.26
89.89
89.92
88.96
89.95
90.90
90.63
91.49
90.98
90.53
88.00
85.21
85.29
85.05
85.58
87.87
87.49
86.60
86.34
86.49
86.56
87.17
86.78
85.78
84.52
85.75
85.55
85.06
84.54
84.81
85.07
84.38
84.30
86.73
87.13
87.24
87.42
87.07
84.82
85.05
84.42
85.72
85.91
87.00
86.58
86.65
87.82
87.60
86.90
86.86
87.25
87.42
87.20
87.03
86.98
87.33
87.28
87.90
87.19
87.31
87.33
88.34
88.76
88.87
88.11
88.50
88.74
88.38
89.39
90.50
89.50
89.72
90.29
89.69
88.19
88.30
88.45
88.27
88.39
89.25
89.50
90.84
90.68
91.95
92.30
92.14
92.95
92.96
92.97
93.65
92.58
90.73
90.67
92.64
92.35
92.20
93.40
93.29
93.55
94.16
93.74
92.32
92.05
91.21
90.09
89.24
88.97
90.10
91.80
91.48
92.66
92.98
92.96
92.82
92.90
93.16
93.67
94.33
93.83
94.00
94.10
93.93
93.75
94.64
93.27
93.25
93.22
93.14
91.94
92.03
94.42
94.43
94.32
96.59
96.54
97.30
97.50
97.95
97.50
97.00
96.28
96.83
96.46
96.43
96.00
96.94
97.18
96.23
95.46
94.18
95.00
94.65
92.88
92.92
93.03
93.20
93.99
94.68
94.33
92.11
91.23
90.93
91.99
91.35
92.43
91.90
91.87
92.99
92.08
91.88
92.63
92.87
93.79
93.92
92.42
92.53
92.65
93.02
93.64
95.06
96.95
96.86
97.50
98.19
97.67
97.00
97.22
97.30
95.78
95.63
95.12
94.94
94.92
96.09
96.38
95.53
92.50
89.72
88.72
87.71
88.17
87.25
86.45
85.07
84.22
81.37
82.86
81.22
82.36
82.76
83.66
82.68
83.03
80.02
78.82
78.52
79.81
80.45
80.65
80.26
82.23
82.61
83.37
83.95
80.33
78.26
80.64
80.65
78.18
78.28
78.79
80.39
81.03
81.65
79.57
79.92
79.76
74.90
74.33
75.26
77.77
77.20
75.68
73.94
73.24
72.18
72.84
74.69
75.45
76.74
76.87
79.34
78.40
79.23
79.05
79.15
78.86
79.06
80.56
82.40
79.02
78.40
82.33
81.84
80.59
78.22
78.64
79.82
79.54
80.19
82.00
80.31
81.16
82.66
82.49
82.38
83.10
81.67
81.02
79.64
78.94
77.16
76.86
78.01
78.18
81.05
81.31
81.46
81.60
82.80
82.73
82.14
82.42
81.99
81.22
79.45
79.78
80.02
79.50
80.40
80.47
81.18
82.21
82.64
82.44
82.20
82.45
84.44
84.26
83.87
84.24
84.06
85.19
83.89
84.64
84.12
85.36
85.12
86.23
85.70
86.06
85.94
86.66
87.99
87.80
87.59
87.88
87.98
87.77
88.29
87.94
88.22
88.29
88.18
87.56
88.09
88.00
87.72
87.76
88.15
88.05
88.09
88.18
88.46
88.32
88.20
88.32
88.22
87.57
87.45
85.86
85.67
86.93
87.27
87.75
88.77
89.25
90.00
90.00
89.90
89.73
89.64
88.78
88.67
89.35
89.42
89.61
88.82
89.29
89.36
89.22
88.05
87.79
86.77
86.40
85.69
86.93
86.59
86.93
87.67
87.63
87.55
87.80
87.24
89.75
89.26
89.56
89.54
89.46
89.95
89.59
89.85
89.24
88.62
87.88
87.84
87.69
87.48
86.55
86.46
86.27
85.64
84.78
84.63
84.99
84.88
85.00
85.20
86.00
85.12
85.05
83.98
82.99
82.86
84.64
86.19
86.09
86.54
86.74
86.80
87.23
87.91
87.61
88.17
88.28
88.38
87.14
86.31
86.47
87.60
87.25
89.60
89.69
89.75
89.95
89.38
89.08
89.82
88.76
86.97
87.83
88.65
89.35
90.99
91.20
90.49
89.56
89.51
89.16
92.00
92.08
91.95
91.66
91.80
90.73
91.79
92.34
92.31
92.08
92.07
92.30
92.59
92.50
92.74
93.87
94.30
94.17
94.10
93.36
92.68
92.97
92.97
92.77
92.80
92.15
93.00
92.33
91.99
93.38
93.65
92.31
91.59
91.66
92.43
93.98
94.09
93.99
94.06
93.63
94.07
94.09
94.10
93.40
93.21
92.86
94.27
94.29
94.00
94.53
95.20
95.46
95.29
94.00
93.87
93.34
93.06
94.34
95.10
95.00
94.61
93.06
90.52
89.54
88.84
88.54
88.69
89.40
89.97
89.84
91.23
90.34
89.83
89.56
89.67
90.19
89.38
88.29
89.38
89.70
89.68
89.15
90.33
90.25
90.96
91.00
91.97
91.19
91.68
90.69
91.20
91.09
91.67
92.48
93.90
94.00
93.45
92.58
93.11
94.00
93.98
94.14
93.66
93.72
93.73
93.17
92.80
92.92
94.79
94.93
95.48
95.73
95.75
96.74
96.99
96.66
97.39
97.40
97.70
98.50
98.80
99.33
99.70
99.82
100.87
100.98
101.87
101.95
100.95
101.99
101.21
101.92
102.99
102.74
103.33
102.88
103.59
103.39
103.14
103.38
104.39
104.40
103.14
103.70
104.04
102.66
103.93
104.56
103.94
103.51
104.81
105.42
105.15
105.81
105.96
105.98
105.57
106.02
106.88
105.96
105.98
106.17
105.46
106.49
106.80
106.22
105.50
106.34
106.17
106.80
106.97
106.22
105.88
106.42
106.69
107.93
108.72
108.27
107.91
106.85
105.80
105.97
105.88
106.10
107.51
108.15
105.64
105.18
104.20
104.74
105.12
106.38
108.60
107.99
108.37
108.29
110.51
110.64
110.72
110.79
111.71
111.70
111.78
112.06
112.34
112.29
110.70
110.49
112.38
111.36
112.00
112.21
110.95
111.20
109.89
108.78
111.12
111.45
111.08
111.06
111.44
112.07
112.87
113.23
113.25
110.76
110.06
108.78
108.75
109.98
110.90
110.47
110.36
109.75
109.90
111.56
112.78
113.52
113.88
114.75
115.24
115.49
115.44
115.27
115.75
116.47
116.82
117.30
117.09
116.90
116.93
116.81
117.12
118.60
119.26
118.35
118.25
117.95
117.95
119.00
119.20
118.76
119.18
118.91
116.92
116.21
115.96
115.89
114.84
114.89
115.00
115.17
113.82
113.42
113.83
113.74
114.92
114.86
115.12
115.82
117.14
117.87
118.71
118.91
118.85
120.00
120.19
121.51
122.27
121.93
121.47
121.87
121.21
121.00
120.30
119.96
119.82
119.59
119.11
119.71
119.27
119.22
117.96
119.34
120.77
121.70
121.38
120.94
122.87
123.45
123.31
124.32
123.73
124.96
124.46
125.32
125.48
125.98
126.38
126.93
126.49
126.46
127.32
127.88
128.02
128.17
128.59
128.66
130.12
130.00
130.50
130.78
130.30
130.41
132.55
131.87
132.64
133.65
134.16
132.00
127.39
127.59
127.65
128.80
129.18
128.53
129.66
127.39
127.35
128.77
131.62
135.81
136.52
138.09
137.43
137.34
138.68
139.40
139.65
140.43
139.00
138.88
139.29
138.20
137.75
137.43
137.19
137.06
137.41
138.82
138.50
138.75
138.95
137.49
135.66
133.73
130.59
130.01
131.27
129.96
129.20
128.59
127.64
128.76
129.20
130.39
130.41
131.49
131.00
130.38
132.19
132.75
132.71
132.03
132.33
133.46
133.43
133.46
134.58
135.20
133.81
133.08
134.03
134.74
135.00
134.08
133.84
132.76
133.67
131.11
132.69
133.23
132.85
132.85
134.24
133.70
134.53
134.89
133.49
134.97
135.87
136.65
136.25
137.19
137.77
136.25
135.15
135.87
136.43
133.84
133.52
134.35
136.78
138.25
138.71
139.52
138.89
136.99
136.96
138.35
137.90
139.20
141.49
141.83
141.05
140.43
141.25
142.12
141.37
142.94
143.37
142.77
141.74
141.20
142.00
141.90
140.79
140.96
141.18
141.60
141.90
142.43
142.67
142.91
143.13
143.00
143.74
144.64
145.53
145.21
144.97
144.95
143.75
143.53
143.99
144.39
144.72
145.30
145.30
144.62
144.38
143.99
144.07
143.93
144.82
145.30
145.73
145.58
145.40
145.04
144.20
144.49
145.71
145.48
146.25
145.67
145.06
144.87
145.67
145.45
146.43
145.94
145.63
146.27
144.78
143.55
141.04
140.98
141.12
139.94
140.37
140.89
141.50
141.21
141.83
142.39
142.98
144.19
145.01
144.82
144.99
144.83
144.99
145.39
144.86
144.12
144.39
144.61
144.72
144.65
144.32
145.45
145.26
144.99
144.38
144.45
144.69
144.99
145.79
147.06
147.87
147.00
145.60
145.12
144.46
142.89
142.34
142.90
141.67
139.32
140.45
141.28
140.18
141.48
141.50
139.60
135.35
135.94
134.64
135.97
137.85
137.75
141.10
141.09
147.92
148.79
149.71
151.13
151.73
152.40
154.44
154.39
155.23
156.24
156.68
156.62
157.71
158.00
157.87
159.07
158.88
159.16
160.46
159.41
159.55
