2173400
2713800
3699400
5975800
4101200
3863800
2357600
2868400
2244400
2541800
2114800
2628200
3104600
4491800
2971000
3691200
7020800
2914800
3747400
3282800
2642200
2924200
3520600
3293400
3935400
2884000
2600400
4020000
4491600
3356400
3736000
2581800
3405400
2864200
2884600
4460800
3800200
3627200
3076600
2765400
2891600
2186000
4581000
2052600
5195600
4693200
3258200
5751600
3787800
3156600
4240000
4804800
4068200
2727600
3827600
4404800
4972000
5925000
3254200
2448000
3280800
3155800
2459200
2871400
4841000
2875800
1756400
2501200
2110600
2952200
2454600
4152200
6141600
2893600
2419200
1665200
1983800
3558200
9044200
6956600
4835200
2947000
3476400
2459200
2445200
2766200
2376400
1760000
1949200
1998400
2347400
1838400
2635000
4051400
2193000
1599600
2749400
2568600
1528400
3241000
2512800
1784600
1573200
2137000
2034000
3331600
2704600
3139200
3176600
2483200
2146200
2021400
2151200
2748600
4171400
3842800
2423400
2799400
3272600
2798200
1579600
2224800
3072800
2110400
2552800
3603600
1629400
3385400
2555800
2649200
2613800
3193600
3123000
1662400
2259000
1871400
1502000
3098800
2226600
1425800
2589800
2013800
3960400
2069400
2395000
2240400
2711400
2003400
2093400
2032800
1593400
2862400
3140600
3862000
3663800
2292200
1630800
1871000
1728200
1513000
1057200
1498800
1747200
1656600
1572800
1608000
1900600
1784400
2093200
3204400
2271600
2737800
3829800
3726800
2630800
2537400
2644000
3947600
4802000
4220200
3305400
4520000
5820200
5092400
4293800
5865800
5071600
3306000
3258200
2493400
2911600
4045800
2555200
2792000
1789600
2328800
2367200
4886800
6227800
2857000
4001600
4213400
4775400
10243000
5694200
2279400
2882400
2265000
2140800
2955200
4168000
2673200
2785800
2503000
3368000
1812200
2876400
2205800
1960000
2245400
2655000
2950600
3067600
3314400
3055400
2340400
2156600
990800
4653800
3735800
2641200
2936400
2528600
12211000
29116000
12515200
7502400
6358600
3296600
4116400
2852600
4081200
5946400
4021800
4642000
3838800
4810600
3660000
1999600
2565600
4287200
2754200
4651200
4754400
4060400
8367000
5486600
3962800
4344400
4190600
3655800
4247400
11552200
5365800
4061600
4052400
3528800
3703000
4224000
2956000
3075400
4625200
4077800
3784600
3324200
3290600
3080600
2803600
2102400
1741800
2721800
3377200
4208000
2804200
3509600
3459400
3193800
4349600
5620400
3368000
3815800
4183200
5021800
5335400
2659000
3172200
2920800
4856800
6008200
5499600
9926000
11314000
4221600
6756800
4714400
5505000
8985600
13475400
7820400
5447400
6526400
4470600
4987000
3696200
4640600
6518000
8049800
5920400
3722600
3954400
7774400
4574400
3257600
4091600
3664400
6839600
3849400
4346000
5980200
6300200
3360200
2607000
3171000
5043400
3515800
4315800
4016800
4185400
2934200
3610000
2607800
2344000
2259800
1640800
2843200
7170600
8058800
3933200
2800000
4311600
2805600
5119800
2095000
3110800
3375000
3122800
4273800
2398000
3104800
3007600
2293800
1930800
1700200
4083600
2817000
2752800
5069200
3260600
3400400
6549400
7828600
2918400
3780800
4600200
3741000
2937800
4077400
11605600
2464200
2476000
3345600
3938200
3834200
3926200
3116000
2790400
3138800
4070400
3767200
4547400
3592600
2763200
5238200
3752200
3007400
2186200
2091400
3270200
3209200
2204000
2241200
1872200
2257000
2580200
3115400
3292200
2225800
2318600
2851600
3492400
4144400
2216400
3683600
4081000
2964800
2782400
1800600
2438800
3602200
3987600
2352200
4309400
4040600
3272000
4707600
5046200
7105000
6034800
6716200
6416200
12220600
6966000
5168800
4282800
4472800
4894000
5230600
4148000
4597800
4342600
3257200
3651000
2936400
4500200
6248400
4195200
2792800
3437600
4404600
4013800
4515800
6962200
4075000
3121200
3485800
2491400
4189600
4158000
3176400
3289200
3054600
3513400
6284600
3299000
3475200
2595200
3910000
3097200
3650800
2882000
4258600
3208200
3083600
2526400
1178800
2420000
2774200
2895800
2707600
2455800
2315200
2541200
3158000
2181200
2409200
3076000
2426600
3045600
2617400
2744200
3464400
3605600
2367200
3302000
4210000
929600
2089400
1653000
2044200
3447800
4287000
3695800
4065400
3521000
3065800
3140800
6459600
4191400
5101800
5943800
22779600
15854000
8667600
4692200
4060800
4580200
5438000
3059800
3756800
7653800
4525600
4746200
3363800
4725800
3949800
2598200
7498400
4416600
2706600
2968000
3168200
4486600
3964400
3624000
4535000
4747200
5658200
5105600
4093400
3455800
3850200
5199600
4847400
3747000
3769600
3139200
3187600
3821200
3308400
3033800
5668200
2578800
3806200
2752600
2802000
3768600
2450000
2819800
2440800
4141000
2370000
2408400
3654000
3048600
15237200
5231600
5830400
5183000
5051600
3803600
2929800
3754000
2379600
2331600
2415200
7387800
3782200
4755800
3454600
3666600
3056400
3116000
3874200
3714600
3572200
3217800
4415000
3936000
3004200
4127800
3922800
4717800
3493400
2618800
2933200
2666600
2843400
2089400
6152400
2980600
2714800
4740000
3245600
2961400
3623600
3229000
2892800
3202000
2961200
2967400
3389200
3430200
2358800
4126800
2909800
2182600
3921000
3165800
5587400
4076200
3504400
4717400
3947200
4014400
7480800
5736600
4477400
1833000
4487600
4564600
6210600
7696600
6010800
9856600
6432000
5661200
6325400
9727000
12608600
10135000
11071000
10389800
5789000
6632800
7853000
7425600
5790200
6358800
4950400
7741800
6282800
5526200
4169600
4786400
6027600
8334000
6212200
4568200
4467200
4478600
4123800
4742800
3203000
2829600
3979000
3087000
3817400
2891400
5086600
5602200
4726000
2982400
2770400
3130000
3480400
4624400
6484200
4202400
5560800
5877000
6402000
7759400
4712400
7701400
10163400
10742200
6098200
9548800
8194000
7531600
6002800
6564800
7135200
9842000
8268000
7862200
7082800
4810200
7960000
6082600
5205400
4869600
8997000
6616400
5557400
6542600
4409600
4039000
5026800
4005000
3923400
3834400
6080600
3343800
4764800
3916000
4199600
3246400
5242800
4947400
6005800
7480800
4322400
3734600
3757400
6488600
4577000
4967800
5330800
4127000
1588000
4538400
3117000
3522600
3771400
3184200
3277800
3715400
3180200
3134200
3490800
4889800
4177800
4440000
5632400
6973000
2425000
1021800
2062000
2322200
3033200
3104200
4358200
2754400
3824600
4320600
4605600
3804000
3984000
3172800
4068200
3286200
3131600
4052600
4441400
6220800
5275200
4780000
4903400
3648200
4736000
5023800
5861800
5096000
5291400
4242800
3813000
3598600
3698600
3663000
3754000
5132000
6224000
5251800
3434400
3551200
5295200
3945000
5993600
3870000
4367400
4763600
3150400
4286200
4691400
4685000
5674600
4439000
4989400
5866200
6831800
5838400
7795200
6156400
5885200
7166800
9234600
7008000
6462400
4827200
4418600
3907800
5498800
5949800
5502200
4681000
5309200
7657200
4860200
4636600
3534800
4490400
4219600
5021800
10524600
7316200
6073400
7232400
5964400
7519400
7243400
6930000
4441800
6427400
4541000
4067200
3858600
7668000
6594800
6604400
5528000
4550800
3742200
3886600
5331400
5100800
3639200
4507200
4121600
4662400
2602400
3930400
4205600
4450200
5376000
4307200
3053000
3890400
3997600
5573000
2966400
2985800
2917800
3433200
3947800
4161800
3959600
6107400
6436600
6912000
3666200
3020200
3813000
2862600
2756400
3609600
3436200
2362600
2067600
5117800
3922000
2872200
3500400
2292000
3886200
4260600
2839800
3848600
6146200
13116800
7348600
4040800
6890600
5304800
5760400
4026600
3855200
4318000
3661400
3579000
3298000
3449600
3327600
2708400
5559800
5247400
5373000
6521600
2503600
3627400
3261400
2944000
3226800
4036800
2286600
2360200
2502800
2768800
2250600
6536400
5978400
5643200
5267000
5128400
4290400
3919000
4233800
4366000
3579400
3249000
3514400
2997200
5031400
3975000
2897600
3189400
3614600
6336000
17487400
5201200
4448900
2874100
5580200
2782800
2216000
2040300
3751700
2845000
1941100
2112200
2771500
3149000
3074500
5653900
3233700
3724100
2335300
2162800
2247900
3359900
2411300
2576500
3065000
2807900
2903000
2727200
2367600
2107900
1740400
2248000
2035800
1929300
2460400
2495500
2881500
3187500
2846000
2050200
2812400
2139100
1558500
710300
3392100
2658800
2901400
2118800
2030600
2396300
2831600
2213900
2675500
2238600
3560100
2464600
2022300
2912200
4551700
2860200
2447300
767400
874200
2346300
1459700
1626300
2591700
2985200
2983100
4293600
3489300
3310600
2841300
2159700
2088300
2599600
3635900
9737300
7712200
3805400
2633600
2925700
2877300
4283400
4690800
3389700
3959200
3753000
3458200
2605400
2718700
2076800
3347900
2842000
2058700
2839300
2695200
2285300
2413500
2397500
2259800
2422300
3097500
3521800
2946600
2364800
2216800
2837900
1951300
2852900
2377000
2604200
4185500
4397500
3324500
3473600
7482900
3714400
3553800
3577300
3858100
3209800
2619400
3210300
2615700
2651500
3000700
2986400
2866000
2888900
2237300
1653000
2952600
2340800
1512900
2397800
1861400
2077700
2234400
5273200
2724800
2185900
4789600
5057200
2909000
3211000
2698200
3166400
2990900
2296300
2872700
2443100
2819500
2243300
3089400
2745500
2814700
2509700
2735800
2774500
2958200
2578000
2439700
1974800
2246700
3102700
1837100
2742900
1650600
2365200
1832700
1630900
1738000
2443100
1950300
1766000
1655500
1975500
1927200
2371600
1497900
3702400
2429200
3797100
2989400
1875800
2939100
1865500
2577700
3069800
2627200
1711900
2305900
2454300
2343600
1781300
1605900
2278900
2044800
2074100
2545000
10521700
4972700
3557100
3765900
2739600
3350400
2789300
4493900
2822700
1885300
2412000
1776600
2018300
2577400
3228600
2556600
3981300
3401200
3187000
2100700
2903800
2878100
2757200
2239200
1785100
1563400
1336600
2094800
1616700
1134600
1481000
2508100
2054400
2259900
1778800
2185000
2254700
1782000
1843500
2281700
2235600
3714000
2335700
3567700
2788500
3028100
2955500
3975200
3184600
3306900
4120700
2694200
4114500
3581800
2985500
2951200
3455000
2663900
2614900
1559800
2240500
3746300
3030000
3205500
14470200
4897600
5347100
4062600
4004600
2926600
3642800
3534100
2252700
2112400
2905400
3892700
5547300
6238000
6746600
2969000
2108300
2871200
2547500
2676900
3054600
2825400
2819900
2186000
2571000
2812000
2964100
2616000
1138600
3116900
4306700
3833800
2981900
4940900
2408200
3506100
2412800
3855500
2666400
3889700
3409800
4183900
4854100
6293200
3540900
2810700
2881000
3031100
2216000
2120900
1695200
1271700
1440800
3192000
3644600
2895300
3014500
3293000
4343700
4757100
4183500
4172400
3082200
7161400
4878000
3234000
4259500
4046300
3480400
2919500
2564100
2046600
2800700
3010200
2908000
2314400
2451300
1715200
2020000
1780800
1915300
2578100
2012500
3753600
2962300
2913700
2957100
2989400
3078400
2692200
2252100
2163300
2289900
2182400
2412900
2906800
3619900
2697000
2563800
2523500
2396200
2579700
2199300
2758900
1995800
5264900
1695300
2086700
2366300
1843600
1561300
2752700
1999000
2609400
2293700
2448700
2863200
2333500
2131900
1660700
1588000
2307000
2294600
3206600
4636300
13236700
7149900
4921700
3657800
2715800
2461300
2724900
2750200
3213400
2955800
2834500
3141600
3013100
2600200
2286200
2310700
3866900
2806200
2371700
2553700
1931800
2414300
2247300
2191900
3465200
2962500
2263500
2589800
3051300
1511700
3337000
2085900
2219200
2305500
1611100
2725100
2042700
2720900
2776900
2556500
2363200
2612400
2295700
3939400
2281200
2822300
3977800
4737000
4004000
2282700
3008000
2225100
14756900
8866000
3999300
3753600
3714400
3345000
3709900
3687700
3299300
2791600
3573800
4631600
4230400
2828100
2799900
2857200
2943200
2664000
3194500
3188600
3068200
2502800
2441800
3350800
3281100
2693800
3747200
3984500
5062400
3486300
2723100
3377900
2481900
2634100
3032700
2924100
2856200
3331300
3735600
2167600
2995900
1881100
2386200
2845000
3004600
2507300
3239300
3857400
3615200
2527100
3933600
3004200
2407400
2450300
3959500
2860100
2664100
2942500
2442400
2181800
2588900
1991400
3060100
2824000
1855800
2140800
2830800
3615700
3921100
2306900
1958900
2861300
3729600
3405300
2565900
4737100
7015700
4182700
3332200
3111500
2375400
2938700
2012200
1929700
2727000
3530400
3679400
3676700
2522500
2476100
1821300
1895000
2414900
3005100
2075500
2305200
2579200
4949300
3958500
3700000
2577200
4084500
2635000
1165000
2268000
2498300
2928400
2796200
1734400
2861800
3448600
3821000
2247000
2526300
1990800
2458300
2102600
2910600
4755800
2731100
2974100
1919700
2386500
1095700
1826700
1615600
1374000
1728600
3117200
2558000
2529500
2479500
1845600
1919900
1909900
2121100
1925300
2073400
1833600
1807100
3284500
2953500
5511200
7475200
5027500
3813100
3463600
5317900
3829100
3207100
3258300
2551500
3132800
2846100
3798100
2931700
2320300
3859400
2672900
2923000
2338600
3706300
2674100
2694800
1931100
2774300
2695300
2035500
2657100
3093200
3587200
2954800
2494700
2148800
1832700
1997600
2629000
2863500
4338200
4049500
1748700
3197700
2954700
3468700
3419400
2792500
3511000
5262600
3362600
3125800
3603000
3634600
2784100
10471100
4107900
2564200
2791600
2456800
1793900
3122500
4374600
2922500
4281500
9268200
4363700
3955800
2704600
2991300
2531000
2848100
3807300
3317600
3324700
3632000
3523600
4014700
2818300
2558100
2526500
2597500
3198400
4156000
2690500
2796400
3006500
2783600
2906600
2821900
1838000
2334600
3364300
1721800
2318900
2599500
4299900
3797800
4435400
2561200
2535100
3444200
2488900
3190000
3509500
2448300
2139400
2337200
1793800
2398400
1626900
2527400
1787900
2765500
3268700
654600
2157900
2280500
24358800
9215500
5431100
4320700
4816000
4350900
5183900
5283000
5367700
3413500
5617600
3472600
18859900
9168600
6141000
4012000
3069800
3403200
4835300
4595900
4134800
3613700
4072500
3581000
3124500
3368600
4531200
4650600
5245000
3167400
2485700
2436900
2092600
2783700
2485000
3085100
2658400
3208000
2572100
1780800
2487300
2913000
2503700
3276800
2316400
2189500
3867600
3556400
2624700
5656700
2478700
2620900
3855000
3337700
2408800
4234500
4888700
3383700
2736900
2592200
2943000
2974100
3025200
2616500
2595100
1817900
1898500
2665400
2110700
1753200
1932400
2517000
2566500
2781500
7998800
5275100
3196500
2297600
2392200
2329100
1193400
2677300
2910500
2899900
1814000
2133900
2122200
1731500
3261600
2088900
2574900
2937900
3439100
1937200
3049100
1875200
2842200
1885100
694500
2833900
2150700
1779600
2355000
5475200
2896700
2734700
2357400
2516200
5472500
2811500
4008300
2561800
3219800
6215700
2328100
2844800
2305300
2368300
1660800
1963600
1750300
1686500
1826600
3781500
2968400
2765200
2434500
1896800
1787500
2372500
2582200
2526600
2711300
1963000
2912100
2139300
1949500
1772700
2888700
1996300
3420300
15657900
9284500
6501600
5584500
6350000
4872900
4051900
3840200
4022300
2972100
7193200
3888100
3627500
3794200
3962200
2820400
2795600
1987400
2594000
5865700
5290200
4470900
5008700
4905700
4308500
3775600
3815900
3346200
3220100
4431500
4612800
3930100
5054500
3200500
2379600
3086300
4071900
2780900
3542100
2692200
3186300
4233300
3400500
2414400
3094800
2595100
2484700
2127800
2149800
2793400
2288100
2453700
2483600
2381300
2094800
3557800
4741300
3573800
3734100
4650400
14209100
6776500
6321800
5560200
5224600
4850800
2936100
3646900
3406800
4050500
3181300
4106200
3498200
6580100
3930600
4186400
3953400
3580600
3567500
3393300
4452600
2793800
3294000
3607600
3561400
2852900
2320000
2529000
3008200
4791400
3599500
2923700
3425800
4541400
2881200
4520800
2789900
2348100
2788200
2723400
4802200
2879300
3034400
3255900
2342400
3322100
2407400
1053200
1886000
2009300
2323600
3430700
2567600
4195000
3609800
4584100
2550100
4352500
2788400
5109500
2767300
3644400
5098100
7577700
6248700
4845800
5724600
5677300
3854600
5021400
5717800
4512200
4757100
5069600
5881900
3204900
3468500
3913400
6718500
6135100
3214900
3081600
3059800
2714500
2987400
2182400
3174800
2763300
3543900
4933800
3048300
3231400
2639200
3581200
5234100
3369000
3176200
3090900
2345100
1894500
4353300
4796300
3315400
4976500
3198200
2409100
3407300
3255000
3845600
4186600
3492900
2833500
2409400
3760200
2216800
3458900
2931600
3679400
2621200
3028800
2798700
3415500
2495900
15248300
8993900
7482300
5005700
4088600
2863100
3650200
2791700
4638300
4342500
4917600
3743800
3328000
4484700
7583000
9138500
4726700
5014600
3663000
4204000
6464800
5022900
4429500
4703300
1726100
4067600
4319100
4377400
3226400
5738700
4272100
3189000
3255800
2937500
3709400
3291900
4310900
7253900
4294000
3373200
3731500
3080500
3733200
3398600
7031000
889500
2142300
2278100
2162700
1740700
4453700
2724100
3620300
4223800
5711200
6422300
6835800
8414500
2927600
4206500
4467500
7093000
7053200
6573400
7000800
4805900
3910200
4611700
5061700
4583300
5432200
4739800
3377400
4802400
3871100
3484400
2822000
2097300
3663800
3780900
2485700
3632600
3496500
3242400
4084000
3490900
2936600
3177700
2804800
2701400
3091300
2425500
4390000
3866500
4713900
5199100
4206300
4377800
3961900
4292300
4882800
5050600
4569000
4450700
6937300
4342200
3888700
3700200
3600200
2006400
3505600
4813600
2871700
3280600
2800700
3081600
3469400
2967100
3747300
5613200
4447800
2672600
5284800
3207100
4716600
2907900
2724400
3623900
6323400
5551200
5155000
3612100
4690900
3783700
3756600
3845900
2891400
4089200
3796000
3871600
3552100
3407400
2922700
3473900
4147600
3141900
5215400
4429800
3843200
2879100
2789000
3681600
3433100
3486700
3942600
4848000
4667800
3805800
5984400
4402400
2995500
4905500
3791600
3915100
4156500
3561700
3561400
3544100
7367800
3004400
4535200
4846300
7371800
7481700
5333800
6353100
4661200
3083300
4913300
5163700
6226600
5286200
6262400
5117900
8230000
4636500
5856300
4473900
3354600
5804800
4189600
6515000
4947500
4832600
3599600
3860200
4254200
3026400
2279700
4878600
3929000
4324200
5424900
5461500
4087600
3847600
2992100
4407800
4294100
3688200
2930700
2978000
3062400
3733200
2761100
3481300
3889600
3440100
4766800
5710400
6032200
5452400
6063200
6627900
5740900
5187100
5702000
6903900
8718800
8901700
10863000
10138600
5715400
5786300
5756400
5291300
4302300
8246900
7093900
4615700
7880100
6588000
10949000
8798100
13349200
11647700
16317000
10511700
10622700
9646200
10485700
7288100
6668500
10744000
11002300
15117300
10095000
9268500
9364400
11277700
7141000
7259400
3677600
5896200
8213300
7842900
6134000
5755500
6573400
8203700
11086500
6996600
6571200
9223700
8329600
11517100
14803200
10617300
8689800
6396000
3205500
9715700
11934400
8972800
9290700
10272200
14082600
8788600
5391200
7404600
4723400
5557100
9334200
5847400
5574500
7536900
4210100
3286400
1336400
1634300
3037000
3775000
4005800
5313900
3768800
4966200
4598100
3944900
3661000
4182500
4430100
4520800
4777400
5621900
5683600
5892800
4788900
5684800
5185200
4722700
6105400
8154300
7620300
9052900
7715700
4722400
5291000
5305900
7146900
6909600
5847600
8495400
4810600
8653800
4963800
5554600
8729300
6776500
8260400
8566600
6426200
6911300
8116600
9081400
9040400
8217600
9174100
7150100
10699800
8235400
6201500
5058300
5167300
4977600
6244100
6993700
8475400
7438500
4964700
7846700
7299000
4684300
4797300
7183100
5773100
6961000
4931100
3885300
4060600
4089300
5753900
4586200
4634300
4527800
5735600
6641000
4697100
5059100
5893700
6210900
11541000
7436400
4552700
4622100
5355800
4083200
4520100
4302400
5067100
5627600
5408200
3896100
4082800
5679600
4640800
4747300
4224800
4100400
3736900
4721600
3773900
4140000
4904100
3933300
3782600
6007300
4231000
3927800
3282200
6642100
5144400
4387400
4433100
3627300
3229000
4231600
3791500
3826100
3194500
5868100
5272900
4161200
4447700
3807900
2988600
3194300
6597200
3839900
5582800
5791600
7289400
6101500
3164200
3911400
4041600
3538200
5023100
4129000
4580700
3824900
5030000
4161900
10778600
6128100
4158100
4394600
4666400
4271800
4484100
5571300
4795000
4526400
4297300
4455200
5923800
4802100
4806800
4348700
3597500
4417300
3417700
3907500
2542800
4324700
2504500
3442000
4703500
4076400
3493400
3349200
5864000
3259000
3194700
2251700
3368600
4771200
4135200
3331400
3466400
3566900
2722500
3371500
4387900
2560400
2209900
3344400
3109500
3470700
2390400
3200500
4561800
4362700
3242900
2636000
2730700
3167600
3298900
2803800
2405400
2460100
4121900
3693700
3332000
3066700
3508100
3540500
7186800
5455500
3881300
4502500
4401600
4203100
4526200
3931700
3479200
4076200
3097600
1865200
3950800
3503800
2876400
2451700
2423500
2994500
3094600
2540500
2527900
3027500
3397500
2776600
1939200
1865900
3930100
3058400
2977300
2992800
4376000
3056100
5046700
6599400
5050900
4788800
4999400
4633000
3979200
3841700
6667700
2761300
1844100
1900200
931200
2353800
3865900
2595000
2049800
3043700
2847000
5268500
4470100
3405800
2927100
3031800
3102000
2634100
3955000
4500400
3671200
4783200
4809000
3386600
3138000
5066900
6820700
4347000
3632700
4690000
3401300
5312600
5408000
4407300
4252500
2445200
5524500
5443000
3619100
3095200
2702400
3217900
3025400
3981900
3530700
4106300
3224400
2545100
3365600
2852300
2620300
3142600
3627900
4249800
3584600
4048100
2945900
2622300
4242200
3989700
4939500
6876200
3256700
4153100
3102500
4942500
3815300
3102600
8704600
4336700
2965800
2600800
3208500
4463500
3757700
2883900
2626100
4256000
3632100
4535500
5342300
3554200
5735000
4522900
4627700
3990600
6288900
11138700
5730600
5284200
5262000
4647400
5456400
4880000
9156000
8368800
6271600
4760800
3431000
3314300
4138400
3191700
5219900
6405200
8752700
6489700
3625900
5705200
4720900
4554900
6482800
4340200
5773600
7880900
8152800
5947800
7229500
4803100
6204500
4627700
3612000
3233200
5359800
3976400
5255800
4064000
3116800
3567100
4340100
4339900
3094000
8545400
6942900
6811700
3776900
4012500
4957900
3975800
2817400
3206600
5137400
3114300
4642000
4302500
3054200
3050800
4992700
7153200
4559100
4834500
4243800
2824600
3344200
4744600
3639000
2855500
2222600
2523600
2701300
3187400
3641400
4505600
3435300
2079100
2358400
4374600
3198900
3959300
4355400
3243400
4475900
3577100
3577000
3445900
2408400
4956000
4507000
2477800
2939700
3099200
2787000
2471700
2166300
2863500
3319500
2175900
2431800
5967100
3657900
3680200
2473000
1994000
3420400
2494700
2582600
2915700
3634700
3200900
2286300
4612200
4137400
3321900
2264400
2605900
2501400
3179900
2313700
3097100
2692000
3888100
2819400
5633800
2310800
3192900
2268200
3398500
16228100
6085200
4467200
3815200
4081700
6606100
3724300
5515100
4920500
3999000
5850800
4123700
3131100
5699800
3130600
3576400
3221300
2976300
3933200
3857600
1661300
3590000
3463500
5153700
4257900
2910700
3165400
10359600
5145300
3598100
4453200
4264300
2873400
4758500
2670600
3655800
4002600
3265900
2396800
1890200
1585500
1769700
1666800
1502900
1791500
2632800
2644100
4081300
3452600
3355500
3475200
3024400
2732900
2351900
2094300
2323700
2302200
2167400
3911300
6319600
7480800
4097800
3282400
4927600
4116500
3995200
2892600
1982200
1973900
2621700
2708000
4786500
2787500
3410000
3418500
2971900
3906500
3134200
3435200
5032300
5360900
3995700
2859500
4797400
4008100
2809500
3061100
2770400
3790500
3623700
2117900
5098400
3513000
3549000
5273500
6387500
3581300
4823200
3576000
2067100
3978100
2595800
2748500
2414300
2221400
3566500
3202900
3546700
1956600
2253400
2498400
3428700
2462700
3221500
3894500
2834700
2290200
3110700
3639300
2435100
3635400
2926600
2187100
8004300
3774200
3597800
3086000
3025000
2938700
3226100
4159700
3666500
2039000
3285600
3458300
3949300
2918900
2605500
4845500
3340200
2385400
3486900
2988900
3218300
2814300
2669200
1987200
3181300
3456200
2745200
3108300
2964500
3049700
3469900
2493300
2765200
2543300
2839100
3407700
2995700
3764100
2026700
2438300
2675400
3804200
4179900
2783700
2730000
3071700
4201800
4659700
3064200
3704100
3312100
3014900
4510200
4578100
2816100
5397100
3924000
2951400
4756900
2808000
3540400
2846200
3438600
11432000
6658400
4285900
4883800
5997600
6406300
6277000
9061600
8453100
11496200
12008400
9377400
7142300
5718100
4157200
5078200
5429400
8546300
6151600
4434200
5819100
5176800
6604500
5390000
3467000
3734200
4737700
4535400
4391300
5271200
5213800
4722200
7423400
5848900
6469100
5402500
4222300
6027600
4552700
3914800
4957800
10108500
4583800
5033400
4875300
5932100
5633500
7184500
7619300
8700000
5467000
4835800
5291800
3855600
3320200
5663300
3726900
2840800
4359500
4167200
3865000
4087300
5125200
5428700
12651800
5788900
7413700
5252000
4022500
5772100
3559600
4337800
3771900
4311700
4230500
6393500
4646300
3645800
3168600
3602400
5097100
5077900
3928300
5438800
4170600
4149900
2094000
4923100
3853300
8721000
3867100
5578000
5910500
6011800
4306100
3980600
4075500
3338000
3975800
4203000
3247000
6492600
3485400
4660200
3611800
3164200
2042200
1722600
2613300
1935200
1706500
3380100
3007400
3116400
2839200
2796600
3438400
4465300
3649900
3092900
2694900
3721100
3413700
3522600
3494800
3895600
4412000
4898900
3747200
3148400
3552100
3005500
2288000
3195500
2189300
2959100
2522800
3031600
3085700
2530600
2850300
3647000
2548800
2834600
2406700
2650000
3531300
2524800
3012900
2497700
3277700
2525200
2820500
2701900
3547900
3150800
2603200
1958300
2049300
3107100
2960900
3252200
5007100
2585400
2485300
2433800
3064200
2326100
2572500
2308400
2289600
2207100
2471800
2640900
2298400
2392700
2048400
1932700
3651000
2527700
2476000
2609700
3060200
2354200
1781600
2565000
3177200
2769900
5701200
2962900
2750900
2618000
2072900
2294200
2100200
2343600
2823800
2753500
2710400
3192800
2828500
2601800
2631900
2611300
2770600
2777200
3602900
2450000
3000900
3200000
2322100
2346000
2142200
2697100
3683200
3539200
2899900
3268700
2776300
3032400
2146200
2098200
2570900
2661900
3334900
4696100
2950600
3212500
3446800
3722800
3026000
2908900
2389100
2887800
3267100
4629400
2289700
1410400
1924800
2192900
2600900
3356800
4208600
4938300
2599300
2848100
3078500
4273300
3355100
3024800
2434800
2850400
3541200
4759400
3915400
2714900
2720200
2149700
2949800
2713500
1858500
1764800
2022300
1834900
1755100
2075400
1843500
1983400
3395200
3069600
1639500
2302800
2464000
1823500
1945800
1880000
1913000
1736000
1729600
1917300
2532300
2985500
3223400
3215400
6356100
2403400
2409600
2729300
4993000
3290300
2477500
2723500
2075600
9547000
3037400
3800400
2612900
2081400
2559500
3900600
3602300
2610300
2531400
3663600
2607600
2989500
2561600
2429200
2566100
2916300
2857500
3191800
2538800
3804100
3130800
5866000
3321300
4613900
3592600
3360400
3306600
3051900
2387800
2806100
4593100
3005900
3176400
2220100
2985900
2882700
3291600
5237100
2688600
2035100
2011300
1101100
1910200
2504200
2426200
2364000
2284900
1929200
1969800
2996600
2027700
2476400
2847700
3821600
4064900
2621400
2709000
2750700
2800000
3254800
3289800
5975500
953400
1542900
2360900
1877300
2580600
3206700
2704600
2704900
2745800
2655500
2359700
2600600
2923900
2592500
2106400
2092300
2803900
3187900
3215200
3579300
3816300
4237800
2964900
3530700
2822800
3763100
3853600
1987600
2833100
3510600
2277600
1937800
1715500
1928000
1699900
2217500
2326200
2988500
2995400
2758000
2158100
3021900
2471900
2353700
2870100
2660400
2566300
2632200
3470300
1875200
2357200
1720600
2226800
2059600
2203400
5148400
1811400
3211400
1799500
1937300
2409800
3739200
1893500
2129500
2276700
1684300
2097500
3278900
1771200
2477800
1947700
2370600
3262400
2137800
2111400
3677400
2636800
3155300
3144700
3323000
2646800
3209800
3238200
9027000
3359400
2903700
3768800
3258900
3119500
3013100
2174400
2235200
2654400
4487000
2993300
2044400
2481000
2912600
2685900
4060400
2457300
2473300
3833200
2568400
2228400
2722000
2113600
2599200
3207700
2647100
2508500
2690400
2680800
3374900
2224100
1752100
2400700
2604200
2016800
2617800
1695300
1971700
2975600
4674400
3602500
2676700
2524400
2229600
3428500
2668800
3008800
1358800
2064500
2571600
2196200
2307500
2387500
2291700
2064400
2458400
2096600
2945800
3093900
2823500
2254400
1808800
3346700
2332200
1460400
2285200
2694000
2997000
1899300
1351800
1841100
1934000
2380600
2460100
1647400
2023300
2021400
1994900
2332800
1829300
2153600
2293700
2002000
1953300
1815700
1907500
1545800
1457200
2205600
2168100
2312200
1947900
1965600
1976800
2572800
1889000
2399700
1973300
2756300
2436000
3307700
2912400
6999000
3468500
3585100
2173400
2240900
2028100
2104700
1854800
2056500
2525800
1983700
1931200
2869000
2499200
2688800
2492700
1866800
2720500
2646400
2791700
2590500
1762200
2053500
2337500
3851100
2054300
2358400
1986700
2107700
2327200
1676600
1741500
1757900
1910300
3188900
2234300
1751500
2428600
2426300
2569800
2360400
2148200
2532500
2691800
1576100
1644800
2496300
4229600
2433500
2029000
6897900
7864500
3450700
2842700
2886100
2064400
2353100
3897500
2486700
1743400
2805300
6206800
5580000
4080900
5856800
3439600
1311700
2158200
1894900
1714300
1846500
3052100
2133300
2712100
2525500
3122700
2539900
3254300
2633400
2479700
3025900
1792700
2327900
2705700
2118800
2720300
3776100
3312800
2734200
3584000
4102600
3715400
4245100
7412500
4960000
3828400
3263200
3317400
2604000
2100600
2850600
3030000
2876500
2719400
2155800
2574300
2454300
2863100
2771100
3124000
3179400
2814400
6975500
3551400
2236800
2381400
1966100
1928900
2637000
2520700
2975100
2529400
2032800
2141000
2577500
5920400
2793600
2897600
2318900
2402500
1906500
2711800
2370800
3281400
2676200
2735300
2807500
2893600
2671900
2857200
2368200
2058100
2119000
2135200
2645600
1781100
2252500
2847500
2847800
2093100
2244300
1820900
2904000
3997400
5758500
2710900
2299700
2238500
1939400
2093000
2972100
1695400
2113400
2388400
1901700
1529200
1845100
1641000
1550100
1209400
1512300
1566100
1624100
3908500
1682300
2061700
1335700
1542300
1768700
1800900
1700000
1489900
1839400
1376200
1274300
1209400
1340700
1560500
4204600
1390200
1404500
1321800
1490900
1981800
1878400
1767600
1621300
1142200
1257900
1596700
1521800
2070100
1907900
2114600
1955700
1969200
2776500
2133000
1520900
1608200
1849400
2580000
1601800
2002200
2286600
2458400
3571100
2505800
2494500
2168500
2679000
1892500
2702600
1919100
2176100
3104300
1586900
1960900
1852900
1592500
2298800
1475800
1547500
1012900
1808100
1402200
1314100
1537800
1578800
1533600
1549800
1989100
2446100
1745400
1558800
1465400
2135400
1868000
1945100
2757000
2364800
8106200
2231000
2049700
2608200
2764200
3557700
2848300
2675100
2925900
3221300
3514100
2464700
3144900
4135500
3768000
7366500
4583400
3644300
4794700
3497200
3746400
2782500
3078400
4294300
7424400
4480900
2840000
2358800
2060600
1836500
3016300
2367500
3128600
2770400
2067200
1882800
1463500
1806600
1500700
2375000
1786300
1674300
2311400
2314300
1749000
