94.06
90.62
91.12
94.31
99.94
100.00
100.50
100.75
100.38
98.94
97.12
97.75
94.50
94.56
91.62
90.25
95.31
96.06
92.25
92.06
93.75
92.00
90.00
89.06
86.62
87.44
87.50
85.31
81.31
82.38
83.50
87.56
88.94
86.38
86.50
90.81
89.56
85.19
85.00
84.62
85.06
85.69
87.50
87.25
82.00
81.00
80.50
80.38
78.75
78.56
78.19
83.94
85.88
85.38
86.56
85.00
84.75
89.69
88.12
87.62
87.38
87.62
88.56
89.25
89.50
91.06
91.31
91.62
91.75
92.75
94.62
91.75
88.31
88.06
88.00
89.12
90.00
91.25
88.50
87.38
85.31
86.00
85.06
85.62
85.31
84.75
84.81
85.50
85.50
84.81
85.56
84.50
85.31
85.56
87.62
87.00
83.75
83.38
83.25
85.00
84.00
84.00
84.44
85.75
84.38
84.00
84.12
82.06
81.50
80.44
81.19
81.88
81.62
83.50
84.25
84.44
82.94
81.06
84.06
84.94
84.06
84.31
86.19
85.44
84.19
82.48
83.00
84.88
86.50
86.00
85.12
86.75
89.06
89.50
86.62
86.19
87.06
86.25
86.00
85.31
86.00
88.19
88.56
88.56
88.88
90.06
89.25
88.88
89.94
89.62
90.00
90.19
91.62
92.94
94.94
93.81
94.25
94.00
94.31
94.75
94.56
94.75
95.31
94.50
95.06
95.12
94.62
93.25
93.00
92.50
91.56
93.50
91.62
89.00
88.38
88.00
86.19
84.12
84.12
82.00
83.06
80.50
84.50
86.25
87.75
88.44
89.19
90.06
91.00
90.81
91.50
93.31
93.06
92.19
91.75
92.19
93.06
90.50
90.62
91.62
90.94
90.25
88.44
83.94
88.50
89.56
89.06
89.81
90.62
92.06
92.56
94.81
94.44
93.81
94.25
96.00
95.75
95.12
94.62
94.06
92.75
94.06
93.69
95.19
94.25
94.25
95.06
95.12
95.12
98.12
99.06
98.38
99.25
99.44
107.25
114.56
112.50
113.56
114.50
113.62
112.50
110.19
111.25
113.12
112.62
110.25
109.50
110.88
112.19
114.38
116.25
119.62
117.50
116.38
115.56
110.56
109.56
112.12
109.00
109.56
108.50
110.06
105.88
107.75
106.19
105.44
108.44
105.75
104.06
106.88
105.87
106.45
110.41
109.51
107.60
108.30
110.22
111.10
111.19
110.44
110.38
112.20
109.01
110.05
111.47
113.15
111.25
108.63
109.87
110.07
110.70
112.03
109.30
108.52
111.45
111.88
112.16
113.26
115.05
111.00
106.50
104.51
108.00
105.50
105.23
105.23
102.02
98.50
99.50
101.50
102.76
102.46
100.55
102.05
101.50
98.51
97.16
100.98
100.77
103.06
105.25
106.25
105.40
107.72
108.20
108.90
114.03
112.15
111.02
115.52
114.56
115.50
117.30
118.35
116.38
115.68
115.35
116.10
117.55
115.77
116.30
117.30
116.45
117.25
117.81
117.55
122.70
122.00
122.26
120.52
120.11
118.01
118.77
118.00
116.71
117.36
115.84
118.53
119.08
120.86
120.90
119.85
119.05
119.90
121.71
120.13
119.75
121.00
120.25
117.01
115.50
116.50
115.69
114.65
114.00
115.55
114.10
109.25
115.51
115.35
113.70
112.75
111.50
110.00
111.65
111.40
110.05
110.05
112.00
113.13
112.21
111.00
106.78
107.29
108.68
110.75
109.00
109.84
110.51
111.15
109.99
109.20
109.52
107.60
106.60
107.32
108.92
108.68
108.75
107.50
108.47
107.73
107.55
107.05
108.00
107.51
110.40
108.40
106.21
103.10
103.60
104.05
103.46
103.00
100.77
100.41
94.42
93.35
88.50
89.50
85.86
86.98
90.51
92.66
91.70
96.80
95.20
96.30
96.10
98.80
97.64
97.70
97.45
98.00
103.29
103.84
103.62
104.90
102.98
101.40
101.16
101.00
105.85
106.00
106.02
107.60
106.27
104.00
104.33
103.40
106.01
109.70
107.58
109.29
110.50
110.64
109.70
111.50
113.51
114.31
114.00
115.31
115.35
114.85
115.43
116.04
115.30
114.27
114.15
114.55
112.70
114.04
117.00
118.00
117.38
115.10
115.25
115.12
114.75
113.95
115.30
117.50
118.05
118.15
117.90
118.84
119.21
119.64
119.30
118.20
116.15
116.47
116.50
115.50
114.50
114.42
111.11
112.51
111.40
109.10
100.20
100.00
103.55
105.85
105.02
107.30
108.70
109.46
108.28
105.50
109.65
110.50
109.50
108.10
108.60
109.10
108.00
110.45
113.30
114.70
115.02
115.18
113.80
113.55
116.00
116.00
118.18
117.95
118.40
117.80
117.20
119.25
119.80
120.80
119.40
120.40
119.61
119.00
119.50
119.30
120.00
121.41
121.51
119.90
117.00
115.72
115.40
115.55
116.34
112.90
113.30
113.70
112.30
112.66
119.00
120.81
122.90
123.10
123.62
121.94
121.42
122.48
122.70
122.21
122.90
123.40
123.58
123.99
124.91
124.30
122.50
122.64
123.00
125.98
125.05
124.22
123.29
125.55
125.77
126.40
126.37
128.00
128.80
128.71
128.61
127.78
126.65
126.20
127.82
127.92
126.76
125.00
124.82
125.43
124.03
123.65
124.79
123.33
121.90
124.00
125.32
124.35
125.12
122.90
125.05
126.56
127.29
126.35
123.50
122.22
122.40
119.38
121.90
123.00
125.50
125.36
123.10
126.60
128.35
127.68
123.98
120.26
120.10
114.86
115.00
115.60
115.98
108.88
108.20
110.05
110.66
116.50
119.00
121.61
123.50
122.80
121.81
117.89
116.50
117.50
119.91
122.10
124.08
123.16
123.55
121.01
125.11
125.30
126.11
127.25
127.10
125.79
125.50
125.01
126.05
124.40
123.35
124.31
119.93
118.31
118.42
121.05
121.51
123.24
123.70
121.95
119.07
118.55
116.12
115.55
116.70
117.35
116.00
112.80
111.70
113.30
111.81
108.45
110.75
114.25
113.64
112.81
110.87
110.89
111.35
111.85
117.60
119.55
121.99
122.58
124.05
123.26
123.43
126.09
127.05
125.15
124.90
125.00
123.00
125.00
125.82
125.55
128.05
127.70
127.60
128.03
127.25
126.14
126.56
126.66
129.02
128.14
127.15
126.82
126.65
128.60
129.40
127.76
125.40
126.21
128.90
126.85
127.55
127.10
125.55
124.55
124.02
123.37
124.00
123.52
121.52
121.91
121.37
119.98
120.30
121.10
123.00
123.15
122.66
121.25
121.02
121.55
123.05
125.73
125.52
126.30
125.16
125.56
125.85
125.51
126.35
126.32
126.22
125.18
125.26
125.65
127.10
126.25
125.06
124.85
123.36
123.91
123.61
124.53
122.45
123.00
122.39
122.07
121.67
123.00
122.24
120.25
122.33
125.13
124.81
124.50
124.65
124.83
123.07
124.56
124.84
124.25
124.76
123.20
123.17
123.03
122.33
121.48
120.96
119.46
122.51
124.72
124.53
128.25
127.97
127.77
130.61
130.29
130.29
130.76
129.88
130.05
127.92
129.60
132.24
133.14
132.58
132.26
132.22
131.55
131.52
132.31
131.92
131.72
128.14
127.99
129.26
127.61
127.52
125.51
122.59
122.64
126.04
125.30
124.19
123.98
124.14
121.85
121.05
120.51
122.49
121.62
122.89
122.27
123.22
125.10
123.91
123.47
122.50
123.45
123.38
122.64
124.55
123.05
123.91
124.86
124.99
125.41
124.50
126.40
125.06
125.05
126.00
126.50
127.52
128.35
129.01
129.53
130.84
130.20
129.05
129.50
129.01
128.92
128.27
127.80
127.03
128.68
128.00
129.30
128.39
128.57
128.52
128.64
128.62
127.56
126.95
126.80
127.55
132.45
135.26
136.04
138.63
138.92
140.26
139.29
138.66
139.59
138.90
138.03
138.80
138.03
137.77
138.50
139.62
141.57
143.98
140.59
141.40
142.50
143.21
143.11
144.00
143.51
142.88
142.61
142.92
141.38
141.60
139.93
139.92
139.76
137.64
137.15
137.29
136.31
136.67
137.75
137.46
138.65
140.20
140.27
140.55
141.05
141.92
140.96
141.00
142.85
140.00
68.94
69.80
70.55
72.92
72.52
72.50
72.46
73.26
73.90
74.14
73.73
73.52
73.27
73.29
73.46
75.27
75.12
75.27
75.14
75.53
75.90
76.70
77.57
78.03
78.47
78.49
78.62
78.52
78.86
78.65
78.21
78.06
78.39
78.21
77.35
77.06
76.35
76.00
76.75
77.82
78.60
78.65
78.55
79.40
80.78
80.76
80.65
80.67
80.74
81.76
80.67
80.80
80.80
81.75
82.00
82.52
82.90
83.55
84.35
84.08
84.21
84.09
83.57
84.02
84.40
83.11
83.32
84.40
82.70
82.38
82.02
82.24
82.51
83.10
83.10
84.81
80.10
80.10
81.75
81.75
81.90
82.00
79.56
79.16
78.41
77.57
77.60
78.45
78.69
79.00
79.23
79.10
80.74
80.87
79.68
79.75
79.20
78.93
79.15
79.60
79.14
78.19
78.00
77.60
78.09
78.31
78.31
78.39
78.40
77.56
77.25
75.80
75.13
75.00
74.35
77.31
78.82
78.70
79.70
79.02
79.50
79.12
79.21
79.50
79.99
80.39
81.00
80.90
81.20
81.82
82.10
82.28
82.09
82.60
82.31
81.60
82.10
82.58
82.76
83.18
82.90
83.78
86.00
87.50
87.28
86.61
85.94
86.02
86.27
86.02
85.71
84.03
84.11
82.89
83.58
83.51
84.24
83.36
82.75
82.70
82.21
82.03
82.42
82.44
81.67
83.52
84.41
84.26
84.01
84.80
84.77
84.75
84.65
84.79
85.41
85.44
84.88
85.03
85.04
85.00
85.93
86.90
87.29
88.55
88.47
88.07
88.29
88.51
89.16
87.79
87.41
87.00
87.37
87.64
87.30
86.95
87.15
86.57
88.18
87.78
82.20
83.26
83.45
83.00
82.30
81.37
81.60
80.75
81.60
81.93
81.90
82.41
82.12
81.48
79.65
79.36
78.34
78.20
77.75
77.20
77.75
78.15
77.81
79.57
79.55
80.00
80.18
79.70
81.04
80.77
81.11
81.16
82.12
82.30
83.36
83.77
83.35
83.75
83.53
84.27
83.85
82.00
81.91
81.73
80.85
80.40
80.03
78.70
78.68
77.69
77.91
78.30
78.51
79.69
78.94
78.10
79.25
79.65
78.83
79.22
78.53
77.09
77.30
77.65
73.31
75.25
74.84
76.56
75.60
75.05
75.26
75.48
76.90
76.95
76.14
75.60
75.10
75.06
78.50
80.83
80.81
80.54
80.91
81.90
82.03
81.57
81.70
82.00
80.77
80.37
80.05
80.05
80.00
79.36
79.45
79.50
79.60
79.86
80.26
78.85
78.95
78.53
78.55
78.13
78.45
78.70
79.00
80.04
80.21
80.60
80.76
81.86
82.15
82.30
82.49
82.65
82.07
82.05
81.67
80.73
80.82
81.25
82.30
83.85
84.00
83.51
83.10
81.62
82.10
82.08
81.18
80.79
82.01
82.97
82.44
82.79
83.60
83.80
83.21
82.95
83.42
83.76
83.27
83.20
83.35
83.24
84.15
84.72
85.37
85.71
85.50
83.85
83.41
82.97
83.69
83.74
83.66
84.02
83.52
85.11
86.35
86.10
86.05
85.24
85.51
85.26
85.86
85.65
85.43
85.56
85.31
85.34
84.62
84.89
85.12
84.60
84.85
85.57
85.07
84.57
83.85
84.76
84.79
84.50
84.19
83.53
83.80
82.16
80.51
75.38
76.50
75.50
76.31
76.38
77.21
76.13
75.27
75.11
74.95
76.25
76.27
76.18
77.10
77.17
76.80
75.99
76.00
75.66
75.09
75.67
75.75
76.75
77.56
76.35
77.10
77.95
76.99
76.55
76.93
76.65
76.46
76.34
75.75
75.58
76.21
76.36
75.80
75.40
75.60
76.35
75.80
75.75
76.85
77.09
77.00
77.32
75.58
75.30
75.50
76.05
75.97
72.25
71.03
73.00
72.83
71.37
73.60
75.02
74.86
74.51
75.07
75.08
74.28
73.99
73.99
74.27
74.00
73.90
73.78
73.33
73.64
74.42
74.71
74.65
73.92
73.00
72.91
72.00
71.93
71.81
71.83
71.94
71.20
71.65
71.14
71.28
71.93
71.40
70.85
70.44
71.05
70.55
70.41
70.66
70.51
70.61
71.04
71.78
72.70
72.22
73.10
73.50
73.98
73.56
72.84
72.81
72.15
72.20
71.90
72.18
72.24
72.91
72.80
72.22
72.48
73.00
72.45
71.40
71.15
70.49
71.27
71.26
70.35
70.15
69.71
70.08
70.78
73.09
74.14
74.51
74.72
74.98
75.13
75.17
74.76
74.81
75.54
74.51
74.40
74.61
74.88
75.35
75.50
75.82
75.76
77.27
77.23
77.47
76.52
76.58
77.65
78.11
77.65
77.78
77.75
77.93
78.17
78.23
78.74
78.94
78.14
77.52
77.10
76.85
76.91
76.78
76.68
76.83
76.97
76.90
76.85
77.30
77.56
77.70
73.47
77.35
77.54
78.10
77.45
77.24
78.25
77.56
77.64
78.46
78.08
77.84
77.20
76.95
77.00
76.52
76.70
75.18
74.81
73.72
72.75
72.02
72.40
72.42
71.96
72.01
72.05
71.00
70.99
70.57
70.30
71.25
71.50
72.64
73.41
73.09
72.50
73.08
72.85
72.98
73.00
73.13
73.69
73.12
73.51
72.99
72.66
71.54
71.60
72.05
71.77
71.88
71.88
72.18
73.01
74.29
74.75
74.55
74.63
74.76
76.01
76.38
76.51
76.15
77.56
76.00
75.61
75.76
76.52
76.80
79.54
80.81
80.11
80.17
79.98
80.58
79.31
80.34
81.66
81.37
83.91
84.00
84.40
84.60
84.50
84.94
84.84
83.58
84.61
85.84
86.54
87.06
86.82
87.23
86.78
86.25
86.07
86.22
84.12
83.63
83.71
82.59
83.01
82.65
82.86
82.91
83.35
83.15
83.14
84.50
82.88
81.29
80.34
79.24
80.25
79.89
79.94
79.28
79.25
80.31
78.89
79.05
79.90
79.29
79.49
79.60
78.62
78.61
79.29
80.71
80.79
80.12
80.81
73.84
72.82
72.64
72.46
71.41
70.88
70.17
70.49
70.64
71.06
69.92
70.74
67.05
67.35
69.46
69.78
70.04
69.44
69.55
69.21
69.06
68.78
68.28
68.18
68.28
68.37
68.45
69.19
70.15
70.50
71.03
70.94
71.12
70.04
69.65
69.62
69.75
70.45
71.43
71.45
71.65
71.13
71.04
70.59
70.60
70.80
71.22
72.60
73.20
74.02
73.50
72.96
73.17
72.67
72.22
72.63
74.00
74.35
74.12
74.30
73.33
73.00
74.03
75.00
75.77
75.43
75.14
74.99
74.86
75.35
75.34
75.15
75.20
75.53
77.29
78.50
79.70
78.82
78.54
78.88
78.54
78.11
78.28
78.58
78.12
78.58
79.27
79.00
78.58
78.68
78.84
78.84
79.84
80.13
80.26
80.83
80.60
80.86
80.75
80.06
79.75
80.52
80.57
78.92
80.01
79.65
79.70
79.18
77.35
78.09
78.23
78.97
78.50
78.19
78.23
77.73
78.15
78.75
78.34
77.50
78.15
78.02
77.82
77.38
77.45
77.01
76.97
77.44
77.04
77.88
78.22
78.92
78.75
78.60
78.82
78.13
78.33
78.85
78.83
78.23
78.25
74.24
73.09
73.71
73.72
73.70
73.82
74.28
74.11
74.25
74.40
75.75
76.28
76.60
76.41
75.94
75.90
76.13
75.95
75.64
73.52
73.53
73.02
73.00
72.90
73.00
73.17
74.00
74.54
74.60
74.65
74.42
75.67
75.15
75.50
76.04
76.05
76.91
77.39
76.94
76.81
76.18
75.44
75.67
75.91
76.47
76.94
76.36
76.30
76.42
75.91
75.95
75.91
76.71
76.48
76.75
76.31
77.54
77.01
76.51
76.45
79.23
79.70
80.88
82.16
83.20
83.51
83.69
83.95
84.15
84.40
84.38
84.78
84.42
84.85
84.91
85.75
86.80
86.62
87.04
87.57
87.03
87.16
86.25
86.88
87.63
87.43
87.56
87.23
86.29
84.42
84.55
85.17
84.40
85.02
86.92
87.52
86.82
86.92
86.99
86.12
86.13
85.86
85.90
85.77
86.49
86.22
87.13
87.54
87.38
87.56
87.90
87.17
87.07
87.60
89.40
89.83
90.59
91.00
90.41
88.60
90.35
89.35
88.04
88.74
90.05
89.77
88.78
87.75
88.40
87.51
86.61
86.95
86.99
86.77
84.76
85.75
85.39
84.93
83.21
86.03
87.40
87.65
88.05
88.22
88.00
87.95
87.59
87.51
88.08
89.55
89.90
89.56
90.08
88.67
87.21
87.65
88.31
88.69
88.45
88.74
89.25
91.08
91.10
91.24
91.50
90.33
91.77
92.69
93.09
93.68
93.59
93.47
94.02
94.63
95.01
94.85
95.12
93.92
93.70
93.53
93.51
93.10
93.23
86.29
84.08
84.39
84.40
85.24
85.59
85.26
85.32
85.35
83.88
83.15
83.84
84.20
83.27
81.53
79.18
78.98
79.24
80.05
79.32
79.77
81.04
81.02
81.24
81.06
80.89
80.97
82.04
82.97
82.38
81.94
81.60
82.51
83.56
84.06
86.26
84.65
85.97
85.34
85.88
85.39
85.03
84.11
83.85
84.82
85.30
85.75
85.28
84.37
84.28
82.23
82.37
81.55
80.77
80.10
78.49
79.02
76.97
77.50
77.03
76.83
74.47
74.06
72.07
72.05
75.00
75.07
75.60
76.20
77.49
77.04
79.64
80.49
78.91
78.81
78.28
77.82
77.84
78.60
79.48
80.20
79.54
79.56
78.44
78.68
78.24
79.09
80.46
80.09
79.25
78.19
77.62
77.49
77.92
77.89
76.33
75.28
76.00
77.97
77.16
76.62
75.24
79.02
78.54
77.46
77.91
78.27
77.88
77.86
77.85
78.06
79.44
80.59
79.83
79.42
80.16
79.48
78.80
79.45
78.13
77.71
78.27
79.12
79.28
81.17
81.90
80.53
80.43
77.55
76.46
76.88
76.78
76.85
76.58
78.22
77.35
76.75
76.49
76.47
75.82
75.95
76.91
77.18
77.18
77.46
78.48
77.08
75.83
75.87
75.50
75.56
76.31
76.60
76.91
75.80
75.50
75.80
76.36
74.85
74.75
75.13
75.05
75.25
75.38
75.09
74.85
74.18
73.75
72.62
72.80
72.40
72.30
70.24
68.89
68.61
67.57
68.48
68.68
69.28
69.52
68.56
68.30
67.76
68.65
67.26
67.28
67.54
68.30
67.92
68.10
70.06
70.91
70.23
69.39
69.55
70.05
70.29
69.84
69.35
70.00
70.84
70.65
71.14
73.18
73.38
72.20
72.21
73.09
72.04
70.85
70.29
69.75
70.54
70.28
70.24
70.13
70.91
71.51
70.80
69.79
69.45
68.51
70.13
69.31
68.49
68.18
69.25
68.01
68.32
67.85
68.03
71.01
70.35
69.00
67.89
68.82
68.25
65.51
67.12
66.86
65.51
64.51
60.93
59.87
57.24
53.38
50.01
56.01
58.39
54.62
52.34
55.26
55.00
59.07
57.08
57.74
57.52
58.50
58.34
61.87
61.30
61.75
63.47
64.17
64.39
62.07
62.34
64.08
61.40
59.24
57.91
62.60
60.03
59.50
58.60
56.25
56.64
61.00
61.83
62.40
64.20
62.10
58.82
59.16
58.10
57.84
55.43
55.00
56.47
54.65
53.59
54.92
55.31
57.50
56.28
56.23
55.27
55.31
55.36
55.51
54.26
55.22
56.68
57.52
58.11
58.61
57.58
57.45
57.57
56.69
55.71
54.50
54.29
54.89
53.85
52.75
52.83
52.31
52.95
53.23
53.80
55.03
53.29
50.16
50.30
50.61
50.01
51.40
52.30
50.78
50.76
48.64
49.25
47.20
46.61
46.58
46.44
45.36
45.35
46.03
46.29
45.17
42.75
42.70
43.60
42.04
40.87
41.20
41.80
44.87
46.12
47.31
47.35
47.42
47.69
47.13
45.60
46.57
48.06
47.75
49.03
49.93
48.08
48.77
48.72
51.41
51.25
51.22
50.67
50.60
52.61
52.05
52.50
52.35
53.20
53.64
51.63
52.00
52.25
52.21
53.74
56.38
56.30
56.78
57.00
56.98
57.61
57.78
57.83
57.97
59.20
58.70
58.35
56.60
57.03
57.51
58.10
58.25
58.13
56.02
55.99
55.34
55.95
55.23
55.95
57.90
59.05
58.74
59.12
60.04
59.07
59.75
59.49
60.50
59.91
58.71
58.25
58.59
58.84
58.93
57.42
56.61
57.16
57.10
58.67
58.80
59.59
60.09
59.68
59.63
58.69
57.81
58.75
58.68
59.30
60.00
60.94
61.82
62.16
63.08
63.36
64.05
66.35
68.36
69.30
69.26
68.38
69.18
70.19
71.25
71.50
71.23
71.78
72.32
70.32
70.33
70.94
72.03
70.64
69.53
69.90
69.26
70.50
71.26
72.01
72.24
71.27
70.46
70.90
71.20
69.93
69.89
70.14
70.42
71.41
71.61
72.51
73.72
73.42
74.00
74.50
74.50
74.50
73.91
74.09
74.30
73.63
73.37
73.93
73.86
72.77
72.40
71.62
71.90
73.32
72.73
73.38
73.99
74.47
74.20
75.07
76.20
75.45
75.82
75.60
75.73
77.12
76.81
76.16
75.82
74.28
74.64
73.14
73.35
73.64
73.90
74.46
74.68
75.50
77.04
77.71
76.95
76.72
77.43
77.89
77.33
76.22
76.25
76.95
76.97
77.49
76.12
76.47
77.84
77.91
76.98
77.37
77.65
76.00
78.05
79.72
80.45
81.64
81.54
81.52
80.34
80.55
80.93
81.54
81.40
82.31
82.67
83.65
83.66
82.54
82.67
81.70
83.51
82.12
83.30
83.41
83.30
83.20
83.42
82.87
83.50
83.59
82.57
81.30
81.48
81.04
81.01
79.11
80.18
79.94
79.70
79.83
78.83
77.26
77.25
77.90
78.00
78.84
78.07
79.34
79.74
80.06
80.61
80.55
79.67
79.50
78.64
79.10
80.35
80.58
80.86
80.57
81.23
81.23
80.74
81.25
80.51
80.92
80.78
80.53
81.65
82.00
81.51
81.50
81.16
81.43
80.84
80.75
81.03
82.24
83.35
83.40
83.58
83.55
83.20
82.77
82.79
83.09
82.69
83.48
83.93
83.20
83.14
84.32
85.07
84.47
85.93
86.74
87.77
87.65
88.64
88.40
88.62
87.01
86.08
68.96
81.26
84.90
84.87
85.21
85.42
83.95
83.02
83.85
81.95
79.50
78.14
79.44
77.31
79.03
80.04
78.76
77.97
77.51
77.66
75.80
74.69
72.72
74.50
75.62
76.62
78.06
78.74
78.99
79.90
80.38
81.07
79.88
79.45
77.87
77.88
78.29
76.85
78.21
77.83
77.04
77.50
77.93
80.09
81.11
81.36
82.84
82.49
81.53
80.70
80.08
80.01
81.34
83.85
84.35
85.89
86.33
86.22
85.72
84.86
86.72
86.68
87.23
86.97
86.02
87.41
85.85
83.53
83.16
83.74
82.33
82.67
82.41
81.19
80.11
80.90
79.47
79.47
79.50
79.20
79.58
78.40
79.29
80.83
82.56
82.02
82.21
82.48
82.65
84.21
84.02
83.62
83.94
85.09
86.06
86.06
86.13
85.35
85.79
86.07
85.44
86.32
86.21
86.90
86.11
87.31
88.66
88.44
88.43
87.97
86.78
88.13
88.36
88.37
88.69
87.51
88.60
89.72
90.02
90.63
90.14
88.56
83.80
84.07
83.42
84.32
83.30
86.10
86.00
85.55
84.95
85.29
85.22
85.63
86.14
83.97
83.52
84.56
84.72
83.97
83.14
84.08
83.92
83.00
83.03
85.40
86.15
85.81
86.62
83.81
83.23
83.72
83.75
84.43
85.02
85.45
85.15
85.90
86.11
86.23
85.83
86.23
86.00
86.44
86.55
86.37
86.01
86.74
86.28
86.12
85.63
85.95
85.72
87.33
87.92
87.76
87.45
87.71
87.66
87.25
88.37
89.06
87.20
88.43
89.02
87.25
87.31
87.44
87.68
87.55
87.65
87.81
88.78
89.65
89.96
90.06
91.72
91.00
91.45
92.02
92.05
91.82
89.87
89.27
89.69
91.10
90.44
90.24
91.85
91.35
92.02
92.30
92.58
90.00
89.71
89.90
88.06
86.91
88.05
88.53
90.17
90.41
90.60
91.89
92.13
92.12
91.90
92.33
92.36
92.62
92.68
93.02
93.22
92.60
92.62
93.40
92.03
92.55
91.75
91.98
90.58
91.47
92.93
93.65
93.27
94.39
95.38
96.09
96.86
96.65
96.58
95.74
94.40
95.36
95.30
95.63
94.44
95.11
95.19
95.27
93.14
92.75
93.93
93.13
91.76
91.93
91.38
92.03
93.10
93.49
91.33
90.97
90.19
90.24
90.74
90.36
90.99
90.64
90.90
92.04
90.58
90.66
91.53
91.41
92.33
92.72
90.73
90.68
90.84
92.42
92.68
93.35
94.83
96.06
96.10
97.17
96.99
96.06
95.80
96.03
94.56
94.72
93.71
93.38
94.15
94.50
95.11
93.90
89.56
87.75
87.41
86.60
85.54
85.25
84.82
82.11
81.24
78.53
78.06
78.01
78.29
80.80
81.97
81.05
80.58
76.74
76.60
76.50
76.87
78.85
77.79
76.50
80.90
80.71
82.20
81.28
78.92
76.70
78.66
78.78
76.00
76.00
77.19
76.91
79.48
80.01
77.88
78.46
76.27
72.00
72.34
73.45
75.82
73.50
73.50
71.71
70.93
68.63
71.01
72.00
73.07
75.09
75.89
76.73
76.67
78.12
75.66
75.71
77.27
77.11
78.98
80.23
76.28
75.97
78.92
80.50
78.93
76.26
77.35
77.89
78.12
78.30
80.00
78.47
79.65
81.30
81.38
81.06
80.86
79.67
79.98
77.54
77.45
75.49
75.55
77.05
77.03
79.43
80.25
79.05
80.34
81.61
80.78
80.26
80.77
80.03
78.91
78.26
78.60
78.42
77.51
78.87
78.97
79.93
80.78
81.62
80.94
81.19
81.60
83.36
83.11
82.70
83.32
83.26
84.04
83.08
83.76
83.07
84.13
84.02
84.92
84.96
85.31
84.63
85.00
87.00
86.67
86.42
85.79
87.23
87.06
87.47
87.15
86.69
87.68
87.46
86.75
87.16
87.22
86.75
86.96
87.48
87.40
87.45
87.27
87.88
87.10
87.23
87.25
87.17
87.04
86.38
84.83
84.88
85.98
86.65
86.96
87.51
88.60
88.82
89.37
89.20
88.75
88.80
87.72
88.02
88.60
88.93
88.04
87.72
88.76
88.05
88.20
87.15
86.97
85.90
84.44
85.12
85.08
85.57
85.92
86.66
86.69
86.13
86.91
86.02
88.38
88.50
88.51
88.75
88.72
88.74
88.89
89.11
88.30
87.70
86.30
85.98
86.88
86.24
85.24
85.50
85.26
84.25
83.27
83.75
83.68
82.95
84.03
84.40
85.13
84.10
83.87
82.72
81.99
82.25
83.03
85.33
84.99
85.08
85.22
85.72
86.06
87.01
86.67
87.52
87.35
86.62
86.38
85.46
85.29
86.24
85.98
88.35
88.28
89.08
88.86
88.35
88.31
87.96
87.01
85.34
86.32
87.77
87.55
88.56
90.40
89.84
87.78
87.58
87.96
89.53
90.66
90.91
90.87
90.61
89.23
91.01
91.41
91.62
91.25
91.33
90.95
91.74
92.01
91.94
92.21
93.59
93.55
92.99
92.43
91.79
91.94
92.40
92.20
92.30
91.30
91.90
91.10
91.11
92.06
92.70
90.61
90.65
90.46
90.46
92.56
93.49
93.22
92.73
92.91
92.94
92.76
92.72
92.54
91.96
91.70
92.21
93.10
93.00
93.66
94.45
94.50
93.90
93.15
92.78
92.40
92.37
93.29
94.55
94.17
92.69
91.50
88.58
88.15
87.41
87.59
87.49
87.84
88.78
88.08
89.87
88.71
88.46
88.10
88.50
88.36
87.07
86.74
87.75
88.77
88.40
88.66
89.15
89.54
90.12
89.48
90.51
90.49
90.12
90.00
89.60
90.31
90.68
91.35
92.50
92.52
92.16
92.00
92.13
93.00
92.97
93.21
91.94
92.69
92.75
91.67
91.61
91.40
93.96
94.13
94.54
94.76
95.10
95.71
96.33
95.21
96.10
96.57
96.92
97.51
98.04
98.10
98.81
98.80
99.58
100.27
100.06
100.69
100.07
101.16
100.58
101.25
101.08
101.46
102.04
102.04
102.63
102.58
102.22
102.62
103.32
103.15
102.39
102.82
101.75
101.91
101.95
103.14
102.72
102.59
103.65
104.47
104.49
104.82
105.33
104.96
104.88
105.26
105.85
105.22
104.64
105.38
104.72
105.10
104.68
105.41
104.97
105.28
105.42
105.79
105.43
105.30
104.35
105.10
105.39
106.03
107.86
107.31
105.74
105.70
104.93
104.28
104.82
105.14
105.86
107.24
103.50
103.46
102.89
102.97
104.42
104.91
106.85
107.45
107.55
107.77
108.11
109.75
109.71
110.27
110.29
110.95
110.94
110.96
111.52
110.57
109.58
109.49
111.04
110.48
111.01
110.27
109.69
109.53
108.39
107.64
108.97
110.54
109.51
108.95
108.58
110.75
111.64
111.90
111.53
108.52
108.74
107.15
107.54
108.73
109.97
109.14
108.36
108.33
108.21
109.87
111.90
112.79
112.91
114.17
114.27
114.75
114.06
114.31
114.57
115.34
115.66
116.01
116.06
114.84
115.34
116.06
116.33
117.01
118.27
117.47
117.81
117.14
117.04
117.64
117.70
117.72
117.19
117.57
115.64
115.64
115.47
115.19
113.34
113.34
113.59
114.04
112.67
112.36
112.58
112.85
112.85
113.08
114.03
113.89
115.51
117.07
117.59
118.00
118.32
119.06
118.65
119.87
121.15
120.01
120.37
120.69
120.17
119.92
119.26
118.67
118.80
118.44
117.89
118.13
118.28
117.10
116.65
118.32
118.39
120.00
119.79
120.14
120.71
122.40
122.68
123.28
122.50
122.70
122.87
123.80
124.62
124.76
124.95
125.12
125.56
124.86
126.23
126.23
126.03
127.25
127.55
127.43
128.80
128.98
129.78
129.92
128.55
129.59
129.82
130.94
131.33
131.94
133.34
127.39
125.15
125.49
126.22
127.85
128.39
127.53
126.71
125.98
125.98
126.47
129.98
131.48
134.73
136.60
136.32
136.35
137.03
138.55
138.79
139.48
137.61
138.03
137.48
137.13
136.34
136.20
135.68
134.57
134.74
137.56
137.63
136.98
136.30
136.33
133.95
130.22
128.66
129.10
129.00
126.53
126.42
123.61
124.12
125.92
127.10
128.81
129.02
129.65
130.01
128.66
129.50
131.64
130.46
130.05
131.30
131.44
131.86
132.28
132.00
133.92
131.67
131.58
132.19
134.02
133.71
133.10
132.23
131.59
130.64
129.70
130.66
132.25
130.58
130.86
132.90
131.88
132.90
133.09
132.18
133.18
134.58
135.67
135.33
135.70
135.77
134.39
133.43
134.50
133.90
132.39
132.02
132.02
134.81
137.25
137.18
138.13
137.89
135.00
135.69
135.97
136.56
137.33
139.12
139.87
138.65
139.17
139.18
140.51
140.25
141.71
142.32
141.41
140.02
139.91
139.98
139.89
139.77
140.26
140.05
141.13
141.06
141.19
141.78
141.69
141.61
142.26
141.90
143.53
144.61
144.46
144.19
142.78
142.83
142.60
142.64
142.77
143.99
144.20
144.01
143.05
142.88
142.56
143.06
143.06
143.38
143.56
145.00
144.50
144.48
144.03
143.24
143.54
144.75
144.36
145.03
143.45
143.54
143.65
144.89
144.53
144.47
144.59
143.78
143.99
143.52
140.60
139.08
139.21
139.34
138.43
138.96
138.89
140.54
140.43
140.92
141.85
141.02
142.59
143.81
143.50
144.35
144.02
144.42
144.57
143.63
143.02
143.18
143.30
143.55
143.35
143.15
144.11
144.25
144.00
143.60
143.50
143.66
143.59
144.27
145.69
146.52
145.50
144.35
143.72
142.07
140.98
140.66
141.28
138.72
137.95
138.57
139.59
137.66
137.72
138.33
133.82
131.01
133.21
130.60
132.75
135.75
136.76
138.34
138.70
141.92
144.81
147.34
149.56
150.20
150.00
153.09
152.98
153.24
154.14
155.21
155.48
156.05
156.65
156.50
157.48
157.71
158.09
158.85
157.97
157.84
