9.18450727243
7.57735583685
22.9837837838
-14.1610987379
9.53445822322
-0.0609508329947
-3.69790647623
-11.6355463347
-4.50718177316
12.6674107143
2.20532319392
5.22104420884
-6.90875232775
-3.46935106957
-4.93848257006
9.87607960946
-6.05044981478
8.5807316606
-1.21097445601
-2.11150213002
11.2966398681
-2.59036144578
13.10470134
-3.67534456355
0.0218818380744
-0.93214827661
-4.33430111987
1.98815566836
0.0423190859078
-3.21523653492
7.10682167142
-5.80578512397
-11.6788321168
-2.6470065731
9.53492897451
-0.368359829391
0.0970308558121
7.73573071294
-4.28256954173
-7.82143515956
-0.93201754386
8.27067669173
-7.45284746383
1.63781872325
1.72283226051
-2.07638116426
-1.5873015873
-7.16463414634
-1.27090301003
-17.2432881262
-2.53574318856
8.02855893924
-12.5398241366
1.86940153187
2.9537556803
-3.44560588463
0.142155595761
0.702758979698
-0.928313563693
