-0.826446280992
-4.9504950495
-5.42763157895
-5.25528455285
0.205298013245
2.19594594595
1.86928456159
4.15239139372
6.67452993825
9.31730978064
6.85920577617
5.14705882353
2.95590828924
7.55970149254
3.08208955224
1.83823529412
5.5049977622
1.79533213645
-5.34049166431
-1.8315018315
-0.773383919451
0.0
2.81305375074
5.83925233645
1.57761571662
-0.32
-1.17941913608
3.3893129771
6.89737851662
3.67227279741
5.36398467433
3.5572519084
3.86109569492
-3.33745364648
-2.08490708566
-0.669812756888
-3.14232902033
-9.49989237282
-5.8207217695
1.87778974911
0.821118870386
4.84496124031
5.83187789506
6.1804697157
2.31496062992
-2.43336328242
-7.19424460432
-5.85501858736
-8.15950049667
-15.6146179402
-11.479321315
-13.125
-12.0583427637
-10.7635811067
-3.52564102564
-7.43558282209
0.787401574803
2.21051278756
-1.90062111801
1.2987012987
6.32052703672
1.19199388067
-2.00868962912
0.9784244857
-4.71476302438
-2.19457735247
4.23920265781
8.96054888508
4.89473684211
3.27156549521
0.8038585209
-5.04731861199
-10.0641737628
-8.43373493976
-4.134762634
-3.71517027864
0.794912559618
1.68151587401
3.06717993294
4.60720235807
4.87012987013
-0.474683544304
203.928299008
209.017651573
208.297115765
202.316450726
202.392344498
-2.88888888889
-3.92626728111
-5.59492726595
-4.10391566265
0.713184271396
8.0
8.5
5.65517241379
4.66995073892
4.6811945117
-2.43902439024
-4.97909540099
-3.11187476136
-3.79146919431
-3.87897595035
0.117210392655
2.41339042429
2.94811320755
5.75380914194
3.36808340016
0.0
0.745098039216
-1.92752505783
-2.42566510172
-0.73631840796
0.372549019608
3.15533980583
6.42051282051
2.48596631917
0.620744893873
3.55329949239
-2.19584569733
-2.01005025126
-5.88679245283
-3.96153846154
-1.38165798959
0.717274357442
-3.04034301306
1.06788710908
-0.478468899522
-7.08837209302
-4.4
-0.368932038835
-2.32818029428
0.0
1.89573459716
-3.33271957282
-4.84109386548
-0.574074074074
-2.44585511576
1.20874904068
3.44761904762
6.24263839812
4.46894950667
1.5355450237
0.230769230769
-0.71860816944
-4.57100037467
-1.76738882554
-1.86046511628
-7.0432606364
-7.22807017544
-5.62234794908
-7.68421052632
-6.1135371179
-1.53142052456
0.54683365673
0.658480156612
0.777934936351
1.77777777778
-1.95029340697
-3.8174414659
-5.16455696203
-5.73333333333
-6.0621242485
0.765217391304
0.545888775162
1.28205128205
3.78827192527
1.49152542373
-2.54237288136
-2.10420841683
-1.9936337745
-2.11649170335
-0.101591601761
0.0
5.5154185022
3.80869565217
3.61403508772
4.30943129636
4.88888888889
-0.977141860059
-0.964519462625
-1.72413793103
-4.74427994616
-4.66101694915
-0.864902266044
-0.752136752137
-1.79478496444
0.951086956522
-1.25523012552
-2.74226110363
0.0
1.72235618326
3.99152243024
9.63302752294
4.28070175439
1.2987012987
4.38691118303
2.01801801802
-2.01366414959
9.36300844206
16.0804020101
4.19632821281
4.83566301473
6.7152724482
-0.248803827751
-7.87037037037
-2.60901295384
-2.75532696547
-2.92419444962
-1.98836991184
-0.917431192661
-0.236621769203
-0.219941348974
-1.59457478006
-1.0579064588
5.94867807154
4.15165876777
3.92380952381
3.68681109844
3.85505011565
2.75669196964
3.94088669951
8.1136738056
6.56136087485
5.61889250814
0.501907247541
2.13322600121
-2.01775625504
-3.17647058824
-4.84308407594
-7.9637841833
-7.87912495365
-7.36448598131
-7.59195506432
-6.67148797686
2.4805907972
1.77358490566
4.00466562986
10.8010439671
8.45098039216
5.3671189146
11.7200674536
7.43525480368
1.90261865794
3.42729669438
4.00498028637
-2.06440957886
-0.125156445557
11.7257142857
3.13741895001
0.270495214315
2.38850137392
5.22388059701
-1.94979829673
6.98142761244
3.22164948454
3.54563361786
-3.84128324187
-4.43349753695
-6.15287694246
-0.936170212766
-0.131147540984
1.47783251232
0.820557115094
3.65694383979
5.33393097266
3.08697611537
0.951351351351
0.717703349282
-0.627298291153
-3.58686257563
-7.25182863114
-2.83613445378
-2.06602768903
-1.93042002546
1.35786246167
0.715638812882
0.932994062765
1.4915693904
-1.75072947061
-2.85106382979
-0.377437617949
-0.295983086681
-1.78343949045
3.89779125162
-2.04251771571
-0.645833333333
1.72043010753
2.59202788064
3.61229526587
6.4330079858
5.68031704095
1.13092648978
0.0872029649008
1.73476375257
13.8383838384
7.29978738483
12.0643431635
11.6601752678
7.90640394089
-3.6496350365
5.69288389513
5.20512820513
8.96551724138
1.52538134534
2.16256524981
-4.43808160344
-6.13718411552
-8.93719806763
-4.46727185858
-3.75598086124
5.61995967742
4.92424242424
-1.66270783848
1.67597765363
-0.47619047619
-9.46840063883
-8.4816269933
-5.81655480984
-7.79395296753
-7.6110866696
-8.47776153686
-10.8018965162
-7.06860706861
-5.40254237288
-1.1524244401
0.167329010667
-1.60243407708
-3.7037037037
-2.74057284154
-5.97014925373
-2.62729124236
1.64948453608
0.0400560785099
-2.86228983187
-1.15198059822
-0.667610762695
-2.66907485451
1.87716792491
0.462497486427
-1.33599202393
-5.32465045011
-4.37535981577
-7.51085110398
-6.87265917603
-4.80258162491
1.67478091529
1.3813229572
6.08608608609
7.50956311657
7.46634026928
4.79591836735
4.89795918367
1.0111223458
0.9963399756
0.553846153846
0.184011449601
1.78645616951
4.32489451477
0.84068074636
1.88087774295
0.102333196889
-1.37266953493
-3.26530612245
-0.204624514017
-5.75142800867
-4.66341463415
-5.88121866564
-2.48756218905
0.163968026235
5.20099461252
4.8700634336
5.83673469388
0.0996015936255
-1.45425166633
-0.433257685166
4.2226487524
4.58911419424
9.7027972028
10.984084286
3.12765957447
-1.18018967334
1.3630463003
-0.759054435047
-3.3369447454
1.11876075731
1.75852455501
2.03090507726
4.79545454545
5.36529680365
6.24
4.43449048152
3.89908256881
1.14942528736
2.33644859813
3.67298578199
4.44444444444
5.33945397439
1.70680383446
2.76110444178
0.715990453461
0.422832980973
-1.98910726971
2.19832735962
-0.311153662039
0.721153846154
4.33823529412
1.68552853359
3.40993328391
2.27662178703
1.36452241715
-2.83400809717
-1.51766658762
-1.84331797235
0.590987441517
2.08955223881
2.66503667482
3.28190056331
-1.12709832134
0.271604938272
1.36157337368
3.93900889454
16.1593172119
23.1905465288
24.6153846154
30.5893974317
25.7188498403
-0.142045454545
-4.64788732394
-8.39909808343
-15.5215577191
-15.8602150538
-6.48246546227
-6.70170827858
-6.99868938401
-3.85129713827
-0.667556742323
2.28260869565
3.34057577404
0.633078343445
-4.00513478819
-3.97435897436
-5.30108080288
-4.28905640759
2.04576043069
4.56375838926
4.69798657718
3.32358415315
3.21974778642
0.188781014024
-1.63717982572
-4.19238683128
0.480897675661
2.55916345625
1.8401538039
-0.105513057241
2.42360379347
-3.45628062935
-8.69346733668
-7.47141041931
-6.04708798017
-6.06285572878
-1.67385239665
-1.87376725838
-3.74266144814
-2.8880866426
-1.07711138311
-4.41212121212
-1.31386861314
1.0630407911
1.29205265724
-1.13746369797
0.438276113952
4.44726810673
1.81223256985
6.54545454545
11.917659805
9.95983935743
4.79360852197
5.24503311258
3.63391655451
0.326086956522
1.5221527589
1.34952766532
1.88933873144
-1.32802124834
-3.91644908616
-7.37663645519
-9.14664051005
-9.28011753183
-8.94800483676
-7.016266084
-2.04685573366
-0.41514041514
0.270071200589
3.16866267465
0.586080586081
-0.147746860379
0.0
3.48069105691
2.90115532734
6.22568093385
5.18000518001
7.11483128433
3.85224274406
0.619994833376
2.20042417815
-0.361290322581
-1.16339193382
-1.04438642298
2.81540504648
0.452729693742
1.28071092525
1.38925294889
5.04662643993
2.08785249458
1.07671601615
3.8263229308
9.0
0.690417011875
-0.21645021645
-0.134408602151
-1.07382550336
-7.40740740741
-3.44
-2.99212598425
-2.10526315789
0.377256804096
3.84615384615
-0.18631887144
1.54584221748
-0.236282488842
-5.33163265306
-6.06451612903
-3.04516129032
-2.54545454545
-3.4474017744
-2.48756218905
-4.32098765432
-6.73886883273
-5.98290598291
-2.83251231527
-2.30862697448
-1.4598540146
3.875
1.33630289532
1.02015426723
3.1328320802
3.00751879699
3.09278350515
7.90387182911
6.12622128334
7.72138228942
6.94183864916
3.60480640854
0.133689839572
1.52815013405
-0.161725067385
1.52380952381
0.402144772118
0.808625336927
1.19370591427
1.78326474623
-1.20967741935
10.5185185185
10.5812220566
15.7299843014
10.1208459215
10.5497771174
-0.147928994083
-0.445103857567
-3.07364576993
0.914634146341
3.53846153846
5.46021840874
6.98412698413
6.51539708266
3.96196513471
2.52365930599
1.42405063291
-0.630914826498
-0.387471746852
2.93637846656
-3.50076103501
0.349317243569
3.42577487765
0.388978930308
-2.94490183661
6.20756547042
-1.59375
-8.37070254111
-5.36809815951
-1.77293934681
-3.1015037594
-2.88315629742
2.60736196319
1.71606864275
2.38853503185
2.30769230769
5.8124598587
8.26967784789
6.65557404326
4.14593698176
6.48464163823
3.11258278146
0.534223706177
2.21088435374
-0.658978583196
-1.84254606365
1.6835016835
-1.83546378237
-5.61797752809
0.0
0.505050505051
2.59067357513
3.07432432432
7.78546712803
2.8813559322
-0.66889632107
-0.344234079174
4.04217926186
2.84697508897
5.73476702509
0.707308858201
-1.29119945634
0.530035335689
3.88170055453
2.01096892139
3.81118881119
4.17699115044
2.722323049
-4.24778761062
-1.26353790614
7.8431372549
10.0935307872
11.0887096774
6.483226536
3.93996247655
-4.60431654676
-15.7307060755
-21.5189873418
-17.6086956522
-15.127388535
-5.76271186441
7.59717314488
6.57672849916
4.71544715447
-1.72143974961
-8.95061728395
-12.2480620155
-4.20032310178
-3.60501567398
-1.052957572
2.6941362916
-1.94588020675
-4.03100775194
-1.23839009288
-1.25382262997
-2.17054263566
2.55690676645
0.93896713615
3.19488817891
7.74299835255
6.96517412935
12.6844694308
11.3240418118
11.7857142857
7.24381625442
4.76025017373
-2.13204951857
-1.03448275862
0.0
4.62107208872
3.1541218638
4.98194945848
6.03290676417
5.46139359699
1.1214953271
5.68181818182
6.94980694981
1.2962962963
0.606290261463
9.31753167143
7.09939148073
-1.14503816794
8.87096774194
7.18927701056
1.91586838817
7.40740740741
12.2055674518
12.7272727273
8.93805309735
-0.826104915324
-5.74948665298
-10.8778625954
-14.0625
-15.953886203
-9.15572232645
-10.3130755064
-3.21388991504
-4.83271375465
3.42307692308
1.5625
3.42857142857
4.71953578337
6.95825049702
2.9702970297
0.923076923077
-0.943396226415
-2.45283018868
-5.45112781955
-3.29375718116
3.58565737052
9.45890128046
11.1111111111
10.4192611042
6.57142857143
5.19698239732
2.58474576271
-0.20920502092
-2.86290322581
-8.75232774674
-9.79206049149
-11.9402985075
-9.29791271347
-8.65561694291
-0.995575221239
-2.75735294118
0.18691588785
-0.641025641026
5.23255813953
4.10748560461
6.66666666667
3.16236020054
1.45371078806
-0.3861003861
2.1568627451
-3.51872871737
-0.269230769231
1.87061574435
1.96850393701
-1.73410404624
2.72055965799
2.64508487959
1.42292490119
2.83400809717
5.91836734694
5.66735112936
-0.588697017268
-0.393700787402
-5.18234165067
-5.40540540541
-4.50980392157
-1.62162162162
-0.974658869396
1.59906396256
0.739012057565
1.23064708218
3.47582900519
3.09485530547
6.56691604323
9.17197452229
5.17745302714
8.54293148309
7.93926247289
3.93088552916
2.25792444637
6.20842572062
-0.345721694036
-2.53699788584
0.433839479393
0.130434782609
-1.48536478812
1.93832599119
4.50729120636
2.44444444444
3.37078651685
3.24763193505
0.978647686833
-1.22217372326
-3.64025695931
-4.71092077088
-6.8487394958
-4.01366353544
-4.46205170976
-0.0855798031665
-2.30125523013
-1.0395010395
-2.00836820084
2.47863247863
-1.80672268908
-0.208768267223
-1.02880658436
1.27118644068
0.214132762313
0.0
-4.99801666006
-5.26315789474
-10.1636848116
-11.553030303
-11.7865085248
-6.10800744879
-8.39285714286
-1.72091283202
-2.14974054855
1.42857142857
1.55068078669
7.56819054937
4.82352941176
3.25296593953
-1.66358595194
-4.02903811252
-5.79080709374
-8.14121037464
-6.87811831789
-0.915750915751
0.620891161432
-0.0723327305606
0.0
-0.848056537102
-1.90441969098
-3.8961038961
-1.81107954545
-4.24284235943
-3.70874447091
-4.36426116838
-2.12985228444
-4.60704607046
-1.39455782313
-0.203735144312
0.0
0.103163686382
2.39334027055
0.961538461538
2.07972270364
2.21285563751
0.275862068966
-0.483258543321
1.99649737303
0.838867528836
-0.0351123595506
4.12926391382
5.15426497278
2.95708618824
3.65942028986
2.70465200144
0.75976845152
-2.68456375839
-1.9101521047
-2.30088495575
-3.37979094077
-4.68965517241
-2.54733218589
-3.71253405995
-5.13767629281
-5.28052805281
-3.78234903782
-5.03432494279
-5.2291801162
-4.15191503058
-1.14192495922
-3.82897255903
-1.95512820513
0.813537260007
4.05224380442
2.13262245918
4.92132574489
4.24323421316
5.02392344498
2.43567753002
4.85674353599
4.14923291492
4.54069158226
2.2719328906
2.10157618214
-2.22070379228
-0.451232211038
0.880902043693
1.48989003193
1.52916073969
4.38659058488
4.11998554391
3.6523009496
4.0221402214
1.22390208783
3.24005891016
0.948558920102
-0.145878920496
-1.23906705539
-2.28631727049
-4.26506873458
-1.75627240143
-1.96639256346
-3.51617440225
-0.105411103303
-0.386235955056
0.359712230216
1.04768786127
1.28205128205
1.35327635328
0.707213578501
-1.87080833039
-1.21341898644
-1.64623467601
-2.43224461432
-5.10067114094
-5.09212730318
-4.85568760611
-5.33819628647
-3.68139223561
-0.167504187605
-0.100401606426
-1.00840336134
1.61725067385
1.04835982415
-1.938239159
-3.98457583548
-5.01277139208
-4.38144329897
-5.76800509879
-2.31065468549
0.29004189494
-0.508259212198
-1.55407548367
-0.0636942675159
-2.4115252114
-2.17528373266
-1.96200560573
-1.25274036956
0.0
1.17237008872
2.95358649789
5.69453587887
6.89655172414
3.39150477445
5.87051325059
0.587659157689
-1.20325203252
-3.08241401687
-1.36407924651
-2.74061990212
1.4238410596
2.05774975108
5.11596180082
6.42931213273
4.64322294298
4.67937608319
3.82494831151
2.69702276708
0.521195274496
1.41966759003
1.76366843034
2.21909122931
0.883392226148
1.98440822112
1.26227208976
-1.66493236212
-1.69667590028
-2.44743192003
-2.01388888889
-0.488485694348
1.40696447415
1.54711673699
3.16500711238
2.23642172524
1.95659907506
-0.940766550523
0.352858151023
0.860832137733
1.29449838188
-1.16033755274
-2.61282660333
-2.10708117444
-2.38095238095
-3.26956521739
-1.62573503978
2.43309002433
0.976630624346
-1.61901481226
-2.4762550882
-2.06639566396
-1.30360205832
-1.47766323024
-1.15764385427
-0.270635994587
-0.672947510094
-4.11184210526
-3.35436731983
-3.16518298714
-3.55628058728
-3.28669053043
-1.45867098865
-2.52508902557
-2.16129032258
-1.44694533762
-0.550161812298
0.423177083333
0.194615634123
0.911458333333
0.387346675274
-0.706940874036
-2.72324255858
-1.72138986293
-3.0303030303
-3.93798449612
-2.13836477987
-1.58928014958
-0.759253400823
-1.0
0.78125
-4.64767616192
-3.80695443645
-6.61742983752
-4.53460620525
-3.64348087925
-2.31400117165
-2.4276104124
0.266587677725
-1.49867763738
-1.24888492417
1.51650312221
2.95091839807
1.74804098855
1.5214797136
1.35623869801
2.24992398905
2.18461538462
0.302297460701
2.00852099817
1.40586797066
-0.484114977307
-0.763358778626
1.47239263804
0.489296636086
-2.09455415919
-0.691105769231
-0.667273278738
-0.214263850627
0.553505535055
1.92131747484
2.43151738997
0.365296803653
-0.699088145897
-0.762892889838
3.01602262017
2.94676806084
5.6270096463
8.15253122945
7.09150326797
5.0495049505
3.47540983607
1.10533159948
-0.9765625
1.52621101526
3.02618157089
4.45205479452
5.41466758053
3.43434343434
0.132890365449
-3.51049868766
-4.8550016292
-4.39056356488
-3.00457217505
-3.09079201545
-3.48321722609
-2.63324873096
-2.8025477707
-2.51512257243
-1.77103099304
1.87096774194
3.41207349081
2.08062418726
0.576368876081
1.67202572347
1.73941581884
-0.71661237785
-0.291734197731
1.75953079179
1.13821138211
-0.261865793781
2.26515656229
2.6622296173
2.47078464107
1.48514851485
0.361366622865
-1.54148901279
-1.37840498851
-0.166666666667
0.899100899101
0.628099173554
0.296052631579
0.395387149918
-0.53050397878
0.2002002002
-0.591521524811
0.495867768595
0.396956665564
-1.5986949429
-2.63157894737
-2.49919897469
-3.32374560562
-3.2949456174
-1.51028277635
-0.837628865979
0.353697749196
0.935483870968
0.0960614793468
-1.76767676768
-1.36638068001
-0.256574727389
-1.55604953954
-1.07697180868
-0.408676516819
-1.99314855185
-3.64647713226
-3.34561080417
-3.15950920245
-3.16590563166
-3.91980849791
-2.73519687406
1.24300807955
0.897554936552
1.60841323848
3.14814814815
3.93626991565
1.61035680455
1.50801131008
0.968144909432
2.20820189274
-0.497357786758
-2.8527607362
-3.07551766139
-3.35043766979
-5.00449505544
-2.78029616198
-1.89587721938
-1.11412225233
1.62576687117
1.4902676399
1.75276752768
2.84741566079
1.25
-2.07269450285
-0.993676603433
-2.1954887218
-2.85628382441
-0.21296014603
1.24695863747
3.07262569832
5.4885786802
4.42700156986
2.43066375818
2.11180124224
1.92976906042
-1.16023831922
-1.39318885449
-0.155569383945
-1.76937156803
-3.36288596759
-2.32771822358
-0.645955090741
-1.50168556543
-0.0304971027752
-0.243976822202
-0.366188587122
-0.184218606079
-0.487953644404
-0.273722627737
-1.02626018714
-0.213154689403
-2.30953809238
-2.58467023173
-2.89427052569
-2.21369539551
-2.6962962963
-1.41927853341
0.387712496272
0.984193259767
-0.993571011105
-1.34463607132
-1.85722576901
-1.17889773062
0.329144225015
2.4244238252
3.29106280193
3.45241669168
1.43497757848
-0.476474091721
-1.64851339417
-2.93083235639
-2.17327459618
-2.70506108202
-1.08983799705
0.681683461766
0.352941176471
0.0881834215167
1.98754078908
1.46443514644
0.566318926975
0.324579521983
1.76488184266
1.47501505117
0.269703326341
1.82094081942
3.00911854103
-0.59470710675
-2.15022091311
-1.93946517778
-3.42907385698
-3.37738619677
-1.23348017621
-1.10690358287
-3.02080364776
-3.04063654447
-3.04669703872
-3.86787125918
-2.80294450736
-1.98324022346
-2.92413793103
-2.71468144044
-1.8836565097
-2.83356258597
-2.79663317947
-0.0551419906259
0.0277085065115
0.809829656521
1.99214365881
3.92212189616
2.74787535411
2.06447963801
-0.5830094392
-0.834724540901
-1.08847334636
-1.03728623493
0.141602945341
0.868104172501
-0.222098833981
-2.34396293268
-4.82924226254
-5.53772070626
-4.49317999465
-2.93721368903
-0.163265306122
0.997035839396
0.564971751412
1.49294245385
0.924666847974
0.492206726825
1.1447260834
1.66849015317
0.655737704918
0.739726027397
-0.0546597430992
1.49377593361
1.75340940718
1.04914411927
1.38888888889
1.89362294625
2.1186440678
0.70067264574
2.81010502413
1.35135135135
-0.139043381535
-0.112866817156
0.876448968052
0.284656988329
0.737379466818
0.728291316527
-0.140884756269
-0.673967986521
-1.73426573427
-2.40797121506
-1.598676957
-2.09655172414
-1.27529803161
-1.37931034483
-0.276014352746
-0.41174855888
0.443336104184
0.0554785020805
0.0552028705493
-0.247797356828
0.109920307777
-0.358917725014
0.0555092978074
0.975473801561
2.74398868458
3.17550326056
1.88466947961
1.15103874228
1.93181818182
0.369108461102
-0.926966292135
0.0
-1.38427464009
-2.57403819541
-2.32945091514
-0.391717963067
-1.60531414337
0.837520938023
-0.248481501933
0.166666666667
0.365065992699
2.1487135991
-0.167224080268
0.583171341294
1.40845070423
0.30985915493
-1.00755667506
-0.250208507089
1.35097101041
-1.93370165746
-1.55296727676
0.733013814491
2.07150964813
0.0845070422535
1.97183098592
0.782560089435
-0.755456071628
-1.61920714685
-1.63480188418
-0.392817059484
0.788732394366
-0.027972027972
-0.5
0.25
0.337837837838
-1.71650055371
-0.969529085873
-1.04452996152
-0.497512437811
-2.41758241758
1.26156433978
-0.276243093923
0.358620689655
0.221606648199
0.552486187845
-0.502092050209
0.976290097629
0.0552028705493
0.753558470555
0.0276319425256
-0.0557568999164
0.420168067227
-0.0275938189846
-1.72792100933
-1.92411924119
-2.84398699892
-3.51351351351
-2.52824098978
-1.64553547343
0.108518719479
-0.0541418516513
0.325379609544
1.91885964912
0.379095586244
-0.108401084011
0.653950953678
0.737503414368
-0.977198697068
0.353260869565
0.298994291927
0.1911001911
0.164158686731
1.18099423235
1.32158590308
1.88313486569
0.356164383562
0.74421168688
0.719225449516
1.679731243
4.18349682631
4.94537090282
4.82519503034
2.84495021337
2.05714285714
0.02886002886
0.115141047784
-0.316820276498
2.41841491841
2.39906377999
-0.971706201772
-1.05383081743
-1.08262108262
-2.44457077885
-4.06960426607
-1.51984238672
-0.255681818182
-0.651004811775
-0.339943342776
1.8
1.31166238951
1.23669830313
1.81556195965
1.4367816092
0.344036697248
1.65217391304
1.51824817518
1.31386861314
1.72464191757
2.55807115554
2.04081632653
1.45142180095
0.322202694786
0.974025974026
-1.44885540423
-1.28467153285
-1.31540485238
0.767414403778
-0.645161290323
1.52986172404
0.883652430044
0.706505740359
-0.264939652635
1.66964818128
1.46268656716
1.70760934691
1.10119047619
2.19614921781
-0.208271347813
1.08630054315
0.1500150015
-1.00176782557
-2.26403998824
-0.709010339734
-2.47204237787
-3.19488817891
-0.991831971995
-0.117474302496
-1.54159394997
-1.42152596461
1.11600587372
1.30023640662
1.49031296572
3.24324324324
3.20359281437
2.34445446348
0.594530321046
0.179157957599
-1.04011887073
-0.801900801901
0.120373156786
2.40487062405
2.47858017136
0.178624590652
-1.60724722385
-2.23595175051
-2.81065088757
-3.31360946746
-1.26396237507
-0.349446709377
-0.0588062334607
-0.588235294118
-1.77274048242
0.413223140496
1.80847909873
-0.351596835628
0.26540843409
2.10682492582
0.893388921977
-0.939794419971
0.648776172221
0.922619047619
-0.325347530316
-1.17716303708
0.0881834215167
-0.323339212228
-0.473933649289
-0.32429245283
-1.50724637681
-1.81818181818
-1.10465116279
-1.86046511628
-1.79502026636
-0.461627236007
-3.07692307692
-4.97237569061
-4.60343871326
-3.89538119087
-4.25414364641
-0.639244024458
0.751461174506
0.951847704367
0.531468531469
1.97183098592
0.587084148728
0.36312849162
0.421703682879
1.1315417256
-0.0844356881509
0.618846694796
0.930363687623
-0.559127760693
-1.80555555556
-1.46977260122
-0.753768844221
-0.196961170512
1.27406568516
1.63749294184
1.80688876341
2.16771249287
1.22472230134
0.369423131571
1.05563480742
0.141362736783
-0.736126840317
-0.340618790803
-0.789399492529
-0.932730356133
0.511508951407
-0.310471351962
0.657142857143
1.05413105413
1.25930165999
1.06260769673
2.16262975779
4.8846269104
5.43706818865
6.0072815534
6.28815628816
5.02725620836
1.2746585736
1.09322805952
0.641221374046
-1.14665057333
0.364741641337
0.304414003044
0.549618320611
1.36180748994
1.22174709835
-0.0607533414338
-1.29206730769
-1.5037593985
-3.43693962941
-2.15182307233
-1.28935532234
-0.981850639691
-0.329736211031
-0.535077288942
0.601322910403
0.633675316838
0.870348139256
1.49072102221
2.6862026862
1.24809741248
0.241984271022
0.664652567976
-0.844645550528
-2.00418785522
-1.05421686747
-1.75334323923
-1.6929016929
-1.86500888099
-2.87623474724
-3.43222803956
-2.49203129528
-2.40579710145
-1.63075131043
-0.318563567912
0.762016412661
1.64948453608
2.10121337674
2.20238095238
1.76834659593
-1.52958152958
-2.38642898217
-2.59440761026
-3.17002881844
-1.4235909355
0.405679513185
2.20393770203
2.27004716981
1.90895741557
-0.116076610563
1.82944821481
2.22288975668
0.147623265427
0.472115668339
0.996483001172
-0.235501913453
-1.88623636899
-0.294377391816
-0.703193671257
-0.900377577694
-1.79242555652
-1.33759813899
-1.47911832947
-0.78488372093
-1.0632183908
-1.62116040956
-1.74285714286
-1.48571428571
-0.864553314121
0.840336134454
2.56709451575
1.27314814815
0.603621730382
0.813480534573
1.0541727672
0.351288056206
1.4382154388
2.29344310497
0.467016929364
-0.784427658338
-0.495193708127
0.0587371512482
-0.729713952131
-0.839363241679
-0.69244085401
0.321449444769
-1.44717800289
-0.406976744186
-0.0578536303153
1.73172879366
1.03336285799
2.43107026386
1.47492625369
1.34857812958
0.412614205718
0.444839857651
0.0890207715133
0.683100683101
2.61732851986
2.3220747889
1.53568202349
2.49391727494
2.24719101124
-0.0901713255185
0.606796116505
-0.3600360036
-1.29090363254
-1.70149253731
-0.0900900900901
-1.46487294469
0.210463018641
0.756200846945
2.54055708601
3.7060105886
3.36835599506
2.46457178065
0.547445255474
0.584975369458
-0.434108527132
-0.797057020233
-0.733944954128
0.611995104039
-0.52067381317
-2.33192004846
-0.214132762313
0.429975429975
0.245398773006
-0.244424075771
0.670731707317
0.0
0.680272108844
0.991325898389
0.183654729109
0.923076923077
-0.396099939062
-2.59036144578
-4.24206466924
-3.68514150943
-4.41176470588
-3.35689045936
-2.23792697291
-0.236756436816
0.206794682422
0.472813238771
0.0884173297966
-0.672711319099
-1.4006419609
-0.616559013506
-0.878734622144
-0.117750956727
0.706921944035
0.675675675676
0.147015583652
-0.842288701714
-2.01903663109
-2.55453501722
-2.12765957447
-2.41032998565
-1.261829653
-0.51649928264
-0.513992004569
0.987224157956
1.30813953488
-0.0573230151906
-1.66478555305
-0.905489530277
-2.93122886133
-2.54957507082
-1.71830985915
-0.756090730888
-2.10526315789
-2.23201984018
-2.32429441063
-1.82522123894
-1.62534435262
-0.19353055018
0.193263390392
0.444691495275
1.68728908886
2.08098987627
1.71541057368
2.66439909297
1.43783478996
0.0844356881509
0.395256916996
-0.140409997192
-0.871031188536
0.738426583357
0.9375
0.882939333523
2.03438395415
2.53529242293
1.26545872879
-0.198468953785
-1.20990433315
-1.91118605958
-1.64352507793
-1.13733295422
-0.254524886878
-0.140488901377
-0.586756077117
-1.86318131257
-2.97931034483
-1.72317954419
-0.586592178771
-0.555709919422
0.756514429812
2.25669957687
2.21590909091
1.2729844413
2.01247165533
1.16213151927
0.169539417915
-0.198468953785
0.683565935631
0.341296928328
0.0283527076836
0.482680295287
-1.03815937149
-1.0985915493
-2.89975144988
-5.59421841542
-7.31578947368
-6.23520126283
-6.94626474443
-4.13026211279
-0.55895661432
0.769026783347
0.582164593808
1.78762006403
1.50497178178
-1.05346326047
-0.105960264901
0.612353567625
-0.186418109188
-0.905459387483
1.09158679446
-0.448312236287
-0.870942201108
-1.46943059564
-1.13217482886
-1.15789473684
2.6251691475
3.10204081633
4.26812585499
3.65720524017
4.56796917997
2.4397005822
1.54738878143
1.44324174299
1.63661581137
0.303615788021
-0.551419906259
-0.494913390157
-0.771137427706
-0.138504155125
1.37101287073
2.08274697439
2.04826038159
1.50964495387
-1.01453249246
-1.1068068622
-0.947867298578
-1.30157851011
-0.389863547758
3.02259887006
2.96296296296
1.49971703452
4.18349682631
2.86450873675
1.14285714286
0.659592773157
2.28654124457
-0.172811059908
1.68948441596
1.59651669086
1.60256410256
0.319396051103
1.84804928131
0.0582920431361
-0.202780996524
-0.11641443539
-0.663397750216
-1.95570894449
-3.297632469
-3.60234571349
-4.07593523171
-3.69444444444
-2.84995808885
-0.196905766526
0.731364275668
1.30090497738
2.0119013885
1.33069082673
1.25320421532
1.51342090234
1.66762507188
1.1754587156
1.05865522175
-0.198976691302
-1.01752402487
-1.64027149321
-0.909090909091
-0.512382578992
0.514285714286
0.711642470823
1.6091954023
1.26582278481
-0.790737079921
-2.34375
-4.64169381107
-5.58871405317
-6.30727762803
-5.0924685071
-4.01713979646
-0.834454912517
-1.02040816327
0.0539374325782
0.134192163178
1.52256661229
0.486881255072
1.74863387978
1.20087336245
1.16752647298
0.684369011771
0.0270562770563
-1.34770889488
-1.87466523835
-2.04787234043
-2.27394328518
-1.59744408946
-0.802139037433
-1.03366021733
0.0532197977648
-0.18691588785
-0.661200740545
0.0
1.17994100295
2.23068552775
0.34833869239
0.934329951949
0.944669365722
-0.929861849097
-2.75132275132
-2.09863588667
-1.60231153139
-5.70119623314
-3.66009726133
-2.57731958763
-0.313807531381
-0.366396231353
3.34034718569
2.65370467683
1.78384050367
-0.104493207941
-0.130684788291
-1.75710594315
-1.2454592631
-0.935550935551
-0.880372863801
0.949868073879
1.30890052356
-1.17948717949
-2.58227848101
-3.73878364905
-6.90248096291
-5.56242274413
-4.20044215181
-1.54536390828
-1.71484566389
1.21829935356
0.0742206828303
2.98507462687
3.42871874194
3.9470333588
3.76676986584
3.77406931964
1.28106584678
1.91802417236
0.434782608696
-1.82370820669
-3.73208106772
0.231124807396
-0.444676955271
2.4364684307
4.77707006369
9.64769647696
4.67741935484
-0.572171651495
-0.130821559393
-1.74706649283
-5.72304547777
-4.90797546012
-2.43592996701
-2.0
0.788436268068
1.11082407647
1.875
1.3892462053
-0.102459016393
-1.8064516129
-1.75126903553
-0.903225806452
-0.816534830314
-1.16455696203
-2.88220551378
-2.74006418168
-3.96530359356
-2.46391239423
-5.23032629559
-4.47689729471
-1.77012609117
-2.18181818182
-1.64014687882
1.41119221411
1.21153380179
-0.362406378352
-0.36231884058
-2.78438838648
-2.42165242165
-0.673886883273
-0.743405275779
-0.885803208044
1.17986997351
0.237981913375
-0.621860798852
0.240384615385
1.80355837192
1.73934345909
3.06597988717
1.9756097561
1.98578082863
2.47252747253
1.61812297735
0.716403162055
1.91399453144
1.5687250996
-0.842000990589
-0.961538461538
0.0
-2.25947521866
-0.446207238473
0.123977188197
0.89552238806
0.746640119462
5.32241555783
3.38288057406
5.08077123502
5.09803921569
2.47385870951
0.179441168931
1.85330200992
-0.698576972833
0.235849056604
3.07570977918
4.95022867904
1.69896469339
5.22733460387
1.8958611482
-1.09204368175
-2.54326166754
-1.61922172891
-0.541565123206
3.31034482759
4.76709343503
2.36178207193
2.84716626377
-1.28307939054
-2.10640021604
-1.44966442953
-0.851516764236
0.866973719859
2.54934210526
0.625
1.85944763467
2.90251916758
-0.619278406031
-2.79776179057
-1.99733688415
-1.66711481581
-2.19603642207
0.188831939574
2.09466811752
2.03804347826
3.19089900111
3.20619126589
4.71751412429
2.68156424581
2.44988864143
2.47369917543
2.03045685279
2.51954821894
3.58796296296
8.16019271304
2.50655785485
4.140969163
-0.173460537728
-0.25974025974
-2.32352941176
-1.18087557604
-2.04257767549
-1.00171722954
-2.00791855204
-5.97345132743
-1.83771557817
1.6077170418
2.16374269006
3.30119777973
6.85579196217
3.99882387533
-0.465522257783
-2.22984562607
-0.465251526607
-1.54204247891
-0.787631271879
0.0291036088475
3.82902938557
2.50372578241
0.467699503069
1.00176782557
0.999412110523
-0.472673559823
1.23717561859
2.4251497006
1.25298329356
1.0395010395
3.01278149726
2.82345640707
5.36277602524
0.359281437126
-0.85394581861
-4.05839416058
-4.70136014193
-7.66093795514
-7.58162700609
-4.57993818488
-8.64230461456
-9.57219251337
-7.88838207674
-2.666307568
-3.36682052674
2.40371483201
1.05376925155
-3.01847514962
-2.34087322462
-2.66913319239
-2.52928647497
-0.670960815888
4.00541271989
4.3358946213
2.96598639456
17.1918876755
17.3543307087
15.5409631019
13.0623642569
14.7720174891
-1.95778525543
-2.18730745533
-1.08258583359
-0.40173053152
-2.40780249924
-1.9201920192
-2.14048839313
-1.492992078
-1.03975535168
-0.935990338164
-0.0299940011998
-0.0301386377336
-0.545454545455
0.399140313172
1.62626572568
3.31577316393
2.40740740741
2.07237859573
0.184558597355
0.679641643497
0.435729847495
0.0
1.92307692308
4.90480800258
4.38568203805
5.58659217877
6.57894736842
3.82978723404
1.14229765013
0.944010416667
0.0657678395265
-0.196979645437
0.328407224959
-1.35222150676
2.33177881412
1.16433799069
0.428618529509
2.07844451894
6.91910499139
2.9845626072
3.76251294443
5.09355509356
5.74264445232
4.08455750627
6.46457268079
5.7299270073
4.6031170714
0.785994998214
5.20165849981
4.2650418888
2.66017234919
1.73303834808
5.58279894379
-1.41211445559
-3.09963099631
-4.88239486814
-0.257447591026
-4.08827785818
-2.7114967462
-0.294334069168
5.29080675422
-1.77023121387
-1.28571428571
-1.21428571429
-1.84182015168
-6.49122807018
-5.62563927719
-2.47300592128
-2.47300592128
0.0
0.352112676056
1.24266482568
1.48462354189
1.77242112726
-1.70394036209
-2.90598290598
-0.103448275862
-0.98004900245
-4.82456140351
-5.94323873122
-1.64761264291
-1.05765950188
-3.21815718157
-0.536912751678
2.04429301533
3.58760013932
2.30366492147
2.67826086957
2.33516483516
3.63700564972
1.55642023346
1.52374202693
-0.27748872702
3.62989323843
-0.736067297581
-1.05005250263
1.87725631769
3.40746054519
-3.40323135098
1.45803698435
1.70879316483
-1.63352272727
4.22429906542
18.2520325203
12.2106943336
20.0940572894
13.5941912061
0.488354620586
-5.92734225621
0.440881763527
-4.88003253355
-3.46573208723
5.42574257426
13.2034632035
-2.1568627451
0.367346938776
15.9367945824
17.0607324988
8.04490177736
25.6157635468
18.6440677966
16.5176223041
0.325581395349
1.80952380952
-2.63788968825
7.27272727273
-4.4243338361
9.52623535405
4.27010923535
2.457002457
1.52953586498
5.79787234043
10.0953449243
13.5927805979
4.41251924064
-1.25
-2.84237726098
-8.61096873398
-8.13471502591
-6.16273471353
-3.66281986954
5.50708833152
3.44644750795
4.60704607046
16.6198764739
22.3449969306
8.77817319098
17.7278401998
14.5251396648
10.896637609
12.7335640138
31.308411215
14.1838916607
5.57011795544
1.83893468611
-10.7473749228
-25.2184041934
-9.48387096774
-13.3446905168
-13.0170987314
-7.74928774929
-3.80952380952
-17.9025423729
-0.95613048369
0.722222222222
2.93255131965
4.32495616598
11.3864306785
-0.78125
3.50776308223
6.82957393484
3.69696969697
5.47604231487
9.06877662812
7.94537554314
-0.0626174076393
5.36398467433
1.58027812895
1.41975308642
-5.62390158172
-3.96873120866
-7.11743772242
-1.80012414649
0.371747211896
6.6875
5.05369551485
12.8514056225
14.1743444366
17.211328976
14.6131805158
22.4284609435
14.6584804298
4.67359050445
14.463840399
12.3993558776
-0.995405819296
-3.48148148148
5.9748427673
-0.824402308326
6.88468158348
14.8636763412
19.8934280639
17.2350230415
9.27927927928
-8.06962025316
-2.15146299484
-5.69514237856
-7.10616438356
-2.97202797203
16.9287696577
6.99815837937
18.6878727634
24.5202558635
29.2655367232
19.0528634361
20.5327413984
10.5494505495
10.223266745
16.4473684211
29.5292439372
34.6786248132
36.6366366366
20.5382436261
2.5641025641
-20.9695603157
-21.2014134276
-30.407523511
-26.6112266112
-23.2919254658
-11.3
-17.7325581395
-5.52813425469
0.83857442348
-7.38255033557
-3.93852065322
-1.62059103908
-7.06422018349
-11.5027829314
5.03524672709
2.96735905045
3.1465093412
1.48975791434
-1.46252285192
-11.2600536193
-5.07042253521
-4.41729323308
-5.20741394528
-9.81038746908
-2.78019113814
-9.97464074387
-13.2844335778
-8.55528652139
6.87224669604
-1.62393162393
0.254237288136
3.28282828283
2.31213872832
-6.12076095947
-2.5
-3.43698854337
-6.08695652174
-4.57052797478
-7.70992366412
-8.39694656489
-10.6071689832
-9.38395415473
-12.6634549209
-7.681465821
-4.23976608187
5.88690937258
7.05521472393
12.9860031104
5.34521158129
-0.14598540146
-6.24546114742
-1.51057401813
-1.8320610687
0.597460791636
5.46574287914
4.39727065959
-1.78041543027
-5.48340548341
-2.97101449275
-3.77777777778
-4.07272727273
-0.443131462334
2.21238938053
1.69491525424
0.746268656716
2.15453194651
0.222057735011
3.11787072243
6.18153364632
9.38775510204
12.447786132
11.652892562
14.1493055556
10.1724137931
4.70085470085
0.927487352445
2.97872340426
-2.04081632653
-1.02389078498
-0.679117147708
3.49040139616
2.35191637631
6.81198910082
9.4304388422
8.47145488029
6.30797773655
0.174520069808
-5.41237113402
-12.5
-12.4193548387
-7.4678111588
-1.79948586118
1.48212728858
5.24505588994
3.76569037657
-3.15876974231
-5.27597402597
-8.38658146965
-5.13866231648
-8.84820747521
-10.223880597
-10.2040816327
-9.40665701881
-12.3659756969
-8.3857442348
-8.84353741497
-5.83390528483
-1.2151536812
-0.990799716914
1.48936170213
5.60344827586
9.05688622754
2.94334069169
4.43458980044
2.0999275887
-2.04081632653
-5.91549295775
-4.96503496503
-4.11055988661
-2.67794221283
0.923295454545
2.15827338129
7.1964017991
6.89393939394
5.50185873606
1.5140591204
-4.13793103448
-10.2891728312
-10.8108108108
-8.31629175187
-9.64169381107
-9.375
-12.5294117647
-11.1644657863
-11.0909090909
-8.41288782816
-5.93768371546
0.0
0.482509047045
0.794135613928
0.0
1.79533213645
3.53227771011
3.819661866
6.57552083333
5.87492103601
3.91791044776
1.60891089109
-1.54130702836
-5.06798516687
-3.06184935701
-1.89139719341
-4.03800475059
-3.39487790351
0.621890547264
3.09343434343
5.19897304236
8.43528654218
9.45241199478
5.78947368421
5.52964690207
4.35365036839
7.69764216366
3.16072629455
6.59186535764
3.73185901866
4.25977653631
1.62085976039
3.0492030492
-6.97977821265
-8.70662460568
-9.25221799747
-10.3600758054
-8.38095238095
-2.10727969349
-0.9375
-1.49812734082
-1.61591050342
-0.0634517766497
0.449005772931
-0.124843945069
-0.620347394541
-0.556242274413
-1.12923462986
-2.68414481898
-0.927643784787
0.31113876789
1.125
-1.6049382716
-0.373134328358
2.86259541985
2.61813537676
2.49839846252
1.75879396985
0.815047021944
-0.190476190476
-0.19120458891
-1.13996200127
2.11674150096
2.4405908799
1.74418604651
1.81700194679
2.26683937824
1.629726206
0.841968911917
0.846905537459
1.85062789161
-0.0647249190938
-1.22343850612
-0.0647249190938
-5.53846153846
-8.85542168675
-7.81622911695
-7.39415623137
-8.19964349376
-2.69461077844
0.973236009732
1.33010882709
1.63636363636
5.05617977528
3.66232153942
0.427611484423
1.1620795107
1.22699386503
-0.866336633663
0.186567164179
0.738461538462
-2.96735905045
-2.27817745803
0.74812967581
1.83660544649
4.16666666667
8.01282051282
6.30975143403
1.71211160431
1.54340836013
-2.74314214464
-3.40557275542
-3.38669950739
-2.47371675943
-4.30769230769
0.564263322884
0.186104218362
2.01005025126
0.684931506849
2.20125786164
0.314465408805
0.561447286338
-1.17939168218
-1.77370030581
-2.27412415489
-3.57792601577
-2.90732889158
-2.24514563107
-4.04929577465
-5.8993637941
-8.7437742114
-8.48115299335
-9.40076965366
-5.70005534034
-4.31654676259
-1.41843971631
-2.22222222222
-0.601092896175
-1.47219193021
-1.79347826087
0.163934426229
1.37362637363
-0.163666121113
-1.02536427415
-1.0752688172
-1.08108108108
-1.93965517241
-1.02591792657
-0.962052378407
-1.84696569921
-4.39276485788
-4.82051282051
-2.37216657881
-1.21436114044
-0.263157894737
1.68155543878
2.90237467018
-0.524383848977
-1.86528497409
1.60427807487
0.422163588391
-2.77065161621
1.11346765642
0.207684319834
0.645855758881
4.69613259669
12.593876372
11.7298578199
6.76274944568
3.22222222222
-1.84381778742
-4.09972299169
-4.30839002268
2.73348519362
4.46894950667
6.83661645423
11.0086100861
7.4299634592
9.68144909432
8.02507836991
7.80762023735
-2.40096038415
0.428134556575
0.187734668335
-2.44648318043
-2.67477203647
6.04710375557
6.09993510707
3.22997416021
6.72323759791
4.91071428571
0.964010282776
0.129954515919
-1.96326789107
-3.34384858044
-1.44563167819
-2.44514106583
-4.4099378882
0.0
2.98895386615
5.50397877984
6.97518443997
7.33333333333
9.04696132597
6.72676837725
6.79886685552
7.42074927954
7.37294201861
-0.957592339261
-2.76466621713
-5.55183946488
-7.03281982585
-8.15253122945
-3.81578947368
-2.75409836066
2.74914089347
2.12038303694
1.80722891566
2.42587601078
0.262984878369
-7.38383195417
-9.4175960347
-7.66378244747
-7.53894080997
-5.82043343653
-2.54342431762
-1.64533820841
-1.34146341463
-2.60922330097
-2.2397094431
-2.00607902736
0.18315018315
0.923076923077
4.96815286624
6.58064516129
6.95708712614
5.95084087969
4.30038510911
0.0
1.6393442623
2.32867598137
3.8280725319
6.93205216198
7.75566231984
5.1724137931
2.17539089055
2.54820936639
0.621546961326
-2.93137908061
-4.2904290429
-4.41845354126
-5.9585492228
-7.77070063694
-5.65681961031
-5.19399249061
-5.29230769231
-4.45544554455
-3.91676866585
-1.97165742452
-1.90300798036
-1.81268882175
-2.17917675545
-0.969696969697
0.557620817844
-2.22088835534
0.730371272063
0.486618004866
0.855745721271
-0.676923076923
1.8337408313
2.04968944099
-0.423985463356
-3.19526627219
-4.69208211144
-4.43925233645
-5.07075471698
-3.95578824898
-2.19907407407
-0.641025641026
5.03067484663
4.36923076923
6.96950840075
7.66355140187
6.58385093168
1.49439601494
1.18306351183
-0.556930693069
-0.372439478585
0.124378109453
0.249687890137
0.689655172414
1.38017565872
0.311332503113
-2.60448213204
-4.24387328153
-4.54817474566
-4.09145607702
-2.96072507553
0.978593272171
2.95384615385
3.14814814815
4.79192938209
4.68058191018
1.93266832918
0.184956843403
1.06051154086
0.634517766497
-0.815558343789
1.51898734177
1.56543519098
1.26342387871
-3.31288343558
-4.43645083933
-5.84028605483
-4.37125748503
-7.04638872578
-4.34272300469
-2.62697022767
-5.30474040632
-5.22133938706
-3.73092142453
-2.57289879931
-3.60157568936
0.112994350282
-0.45197740113
-1.17318435754
-3.1561461794
-1.49667405765
-2.69378779549
-3.38427947598
-2.02517788725
-0.714678394722
-1.36686714051
-0.492341356674
-1.55830198818
-1.98497854077
-1.99353448276
-0.759631036354
-1.24257158293
-0.107353730542
-0.160685591859
-0.215053763441
-2.07226354942
-0.483870967742
1.63666121113
1.30222463375
-5.77507598784
-6.0878243513
-6.90690690691
-7.98192771084
-9.12228796844
-2.27722772277
-0.496524329692
-3.94230769231
-3.81458232738
-2.26506024096
-1.75097276265
-3.49784379492
-2.25563909774
-2.81557954012
-2.44475787494
-3.60993905298
-2.93023255814
-0.838769804287
-0.606343283582
-1.16171003717
-0.513059701493
3.26609029779
5.35100638193
4.1788143829
3.36215177714
2.48565965583
2.81481481481
0.246062992126
-0.819277108434
2.20913107511
2.64965652601
-1.84197770238
-1.50266602036
3.23383084577
0.049115913556
2.30923694779
5.20142784294
8.8654353562
4.57856399584
5.76623376623
1.01419878296
0.615700359159
-2.96979006656
-2.83114256825
-2.53164556962
-0.151898734177
-1.86304128902
-2.88413724515
-1.34663341646
-2.90068829892
-3.79931807112
-2.31185440236
-2.14111922141
-1.4742014742
0.74294205052
1.73439048563
1.5992003998
3.0591775326
1.75
0.748502994012
1.001001001
-1.28268376912
-2.25490196078
0.250626566416
0.754147812971
-0.597014925373
-1.8401937046
-0.970873786408
-2.44498777506
-2.880859375
-2.61627906977
1.87469166256
3.5175879397
2.19890054973
2.04285002491
1.67487684729
0.895968143355
-1.19165839126
0.603318250377
1.56882591093
3.62429811128
1.67004048583
0.901803607214
1.37614678899
1.90820010315
2.56544502618
2.80957336108
2.78063851699
0.925925925926
-1.27291242363
-0.156821745949
0.6809848088
3.18809776833
5.30877573131
6.27705627706
3.34954078876
2.74488697524
2.72925764192
0.380641653072
-0.645161290323
0.652528548124
0.759219088937
-0.919415900487
-0.487012987013
-1.11642743222
-0.915948275862
0.326441784548
2.89371174179
1.09409190372
2.00650759219
0.0
-2.54506892895
-6.40625
-3.99159663866
-3.20209973753
-3.83419689119
-0.684570826751
3.05958132045
3.59085963003
2.91734197731
4.15542363734
3.15046170559
1.8589393111
-1.0764262648
-1.49015433741
-3.28810020877
-3.30882352941
-3.53375527426
0.10775862069
3.75483158476
5.79790171176
6.30932439978
5.50918196995
7.84427658338
3.66342301088
9.95749848209
8.47970926711
16.4614387557
7.8320802005
15.7720344599
5.03826530612
3.96725440806
-5.8572300183
-1.17647058824
-7.02402957486
2.21642764016
5.23525513585
8.47121111846
3.92535392535
3.24427480916
-0.711974110032
-2.89575289575
-5.79800498753
-3.59801488834
-3.61741263029
-4.62962962963
-1.39593908629
5.18032786885
2.0253164557
4.61834509301
7.35586481113
4.99666888741
-1.03828682674
0.0633312222926
-3.04726368159
-7.59338640539
-7.23114956737
-3.927680798
2.66579973992
6.91489361702
7.36357659435
3.91779062299
1.77664974619
-0.453074433657
-5.17023959647
-0.065703022339
5.99046970728
6.05652759085
1.17878192534
2.12491951062
-1.8064516129
-8.98389095415
-7.93060718711
-6.89024390244
-4.25400739827
-6.6265060241
-0.554528650647
-3.41113105925
-0.726392251816
-2.46542393265
1.7780502759
-1.33738601824
3.02096177559
1.03975535168
-4.26021876799
-5.44927536232
-1.55595451825
1.24843945069
0.615384615385
4.19916016797
5.2471018914
1.9524100061
-2.79126213592
2.52365930599
3.79825653798
0.552147239264
1.80124223602
1.72839506173
-0.626959247649
2.68542199488
4.15335463259
5.64304461942
8.07204803202
8.28241683639
6.39455782313
5.74324324324
2.14477211796
-5.78252671276
-7.41671904463
-8.63890615289
-9.36925903246
-10.7655502392
-4.95818399044
-2.45248313918
-4.45368171021
-0.789793438639
1.82704019488
0.782661047562
-2.85884455033
-0.999412110523
-2.37247924081
-4.97685185185
-6.10514414924
-6.98060941828
-6.69226549643
-6.38534147696
-3.08468872686
-2.10293303818
0.781686208822
-0.708061002179
-2.96336206897
-3.88140161725
-3.10991957105
-5.03711558855
-1.92307692308
-1.69491525424
-2.00739566825
-1.008492569
0.640341515475
-1.57728706625
-1.40992167102
-1.14882506527
-0.527983104541
-0.530785562633
-0.575013068479
0.419507079182
0.630583289543
0.21164021164
0.694815606627
1.91795418221
1.70666666667
0.0525762355415
-0.787401574803
-2.45046923879
-2.44282744283
-1.98640878202
0.741525423729
-0.104876769795
1.2671594509
2.55863539446
0.631246712257
-2.07468879668
-1.75167439464
-2.32078390923
-2.84826514759
-1.19542619543
1.10120608285
1.30480167015
1.78477690289
0.993723849372
1.42329994729
1.16710875332
4.01737242128
1.49174214172
0.472937467157
-0.367647058824
-1.46366962886
-5.97243491577
-5.15411824154
-5.60515873016
-5.74257425743
-5.34388916378
-2.39162929746
-1.39511709018
1.56171284635
2.12335692619
0.798004987531
0.149700598802
0.299850074963
-0.501253132832
-1.44494270055
0.14985014985
0.400801603206
1.36778115502
2.36018471011
4.53125
6.8303094984
4.99736980537
2.27979274611
3.23093220339
1.5873015873
-3.10237849018
-0.471204188482
0.835945663532
-2.47933884298
-0.891452543262
-1.02354145343
-1.79948586118
-2.44648318043
-2.12335692619
-2.60469867211
-1.31313131313
-1.61861406171
0.050994390617
2.27507755946
1.34575569358
2.85714285714
4.54785827604
2.7239392352
1.73592845871
3.87096774194
4.61956521739
-0.473684210526
1.11228813559
0.316622691293
-2.71966527197
-4.06673618352
-0.938477580813
-1.92207792208
-1.30208333333
-1.18863049096
0.735294117647
0.471451021477
3.82955771305
5.78512396694
6.08552631579
0.847457627119
0.473684210526
-3.4375
-5.02354788069
-6.36550308008
-2.52968508002
-3.65111561866
-4.0
-3.24050632911
-2.6
-3.63184079602
0.972862263185
0.959111559818
1.17827868852
1.0101010101
-0.149031296572
-3.31683168317
-4.9424184261
-4.73401659346
-3.08370044053
-0.983767830792
1.0
3.99201596806
4.43425076453
3.81097560976
4.57818930041
1.16337885685
2.29709035222
-0.507099391481
-0.806451612903
-1.81818181818
-0.503271263211
-2.48880039821
-1.25187781673
-0.8
-3.69649805447
-5.01912045889
-3.41346153846
-3.75903614458
-3.52146647371
0.194931773879
-0.190839694656
-0.810681926562
-1.75189393939
-1.3326987149
-2.5641025641
-0.663507109005
-0.0952834683182
0.859598853868
0.238549618321
0.0475059382423
0.47619047619
0.286669851887
0.431654676259
0.866217516843
1.98643410853
0.961538461538
0.383693045564
0.192215281115
-0.192122958694
0.0
0.434572670208
1.65772793759
0.774818401937
-2.29938995777
-4.40018527096
-3.58472998138
-5.00231588698
-5.66468707172
-3.22434150772
-2.35187697874
-2.58503401361
-2.9226618705
-2.40748996879
-1.82790905038
-1.86418109188
-1.38640429338
-0.31376064545
1.49321266968
-1.31984161901
-0.792602377807
-1.97281893906
-2.10618692409
-3.53557398516
-0.958605664488
-1.77335640138
-0.479930191972
0.751547303271
2.13999108337
1.95468680586
2.84697508897
1.23674911661
-0.0883392226148
-2.09515495417
-1.31521262604
2.04266908761
4.33179723502
6.39097744361
7.76105362183
7.29068673565
4.3581241118
3.03893637227
-0.281162136832
-0.234631628343
-0.700607192901
-2.22325150533
-0.331282536678
2.15414073719
1.47619047619
2.48922929631
4.4003868472
5.5972013993
4.13758723829
4.21836228288
1.11326234269
0.290979631426
-3.23984526112
-4.65779467681
-4.32098765432
-1.0062290369
-2.45979186377
-2.12967345007
-0.425934690014
1.15273775216
0.0479386385427
-0.423928403203
-1.12306972391
-1.53774464119
-2.66479663394
-3.02185030219
-2.52525252525
-1.15633672525
-0.740055504163
-2.46238030096
-0.829875518672
3.66492146597
2.70783847981
3.54406130268
5.33141210375
4.42946557535
1.54664088932
2.9843444227
-0.52405907575
-2.43673851921
-1.56398104265
-2.40566037736
-3.26549929011
0.430622009569
1.861575179
-0.330656589513
0.331282536678
0.0473484848485
-1.41509433962
-0.804924242424
-0.610328638498
-4.12885662432
-4.04361653794
-3.37283500456
-4.21768707483
-4.44145356662
-2.04444444444
-2.17777777778
-1.30454340981
-1.03231597846
-1.45888594164
0.851636037651
-0.177462289264
-0.935828877005
-0.889679715302
0.533333333333
-0.623608017817
-0.177147918512
-4.06156477127
-3.97266125587
-3.3920137398
-5.47368421053
-3.5454933789
0.558899398108
0.0855066267636
2.10434020167
3.03687635575
0.171159606333
0.172265288544
0.862440707201
-1.97679415557
-2.2891055532
-1.26742712294
-1.94256756757
-2.4400504838
-1.48179508891
0.768902178556
0.766283524904
-0.0422119037569
1.40784982935
1.59139784946
0.385934819897
0.127877237852
1.71747531129
0.299529311083
0.0430292598967
0.865051903114
1.55844155844
0.735294117647
1.25649913345
-0.428449014567
0.521739130435
0.0866551126517
0.82860880942
-0.173010380623
1.21422376409
-2.45971162002
-2.16193302247
-2.25916453538
1.35905304691
-0.17316017316
3.60281195079
4.05822673136
7.86206896552
6.83840749415
7.44186046512
3.64298724954
3.28018223235
-2.07113912652
-4.13111809609
-3.54419021983
-0.857787810384
-1.65770609319
-1.59503766061
-1.37289636847
-1.71957671958
-3.73750543242
-2.01931518876
-1.44104803493
-1.18161925602
-1.43415906128
-0.989672977625
-2.10571551354
-2.38704177323
-3.05473058973
-2.74725274725
-2.59849119866
-1.64835164835
-0.297492562686
-0.127118644068
0.0846023688663
1.10169491525
1.45797598628
-0.465313028765
-0.253592561285
1.37221269297
0.940975192472
-2.26320201174
-0.588730025231
0.339270568278
-0.765957446809
-1.26689189189
1.44557823129
0.0420698359276
-3.08261405672
-2.00166805671
1.84946236559
0.684931506849
3.66332315744
5.27909995673
3.13978494624
-0.300171526587
0.733074601121
-1.75664095973
0.917030567686
1.48406809254
0.344234079174
-0.557461406518
-1.18543607113
-2.71877655055
-4.30242272348
-2.18855218855
-1.31189166314
0.810926163039
0.0
1.31189166314
-3.88349514563
-4.9477071601
-5.18008903278
-4.38667749797
-4.29323612799
0.283975659229
1.51082074316
0.93954248366
1.02585145671
0.284321689683
-0.202429149798
-0.122349102773
0.699300699301
0.12325390304
1.19194410193
1.85567010309
1.03007828595
0.454545454545
1.12172829248
1.375
1.25260960334
1.76100628931
2.02360876897
1.94832698009
0.925147182506
0.714886459209
1.0165184244
2.329594478
1.76724137931
2.89917784509
2.76577355229
2.38508239376
0.0431592576608
0.172711571675
-0.215889464594
-1.06883283454
-3.39338081274
-3.81901203819
-2.89308176101
-2.60723296888
-3.10687655344
-2.37218813906
-3.09734513274
-2.49386753884
-0.957934194086
-0.576606260297
0.534539473684
2.6000825423
0.865979381443
-0.16632016632
1.63248221013
0.620604054613
-0.411015207563
0.622406639004
0.0
-0.208855472013
2.11237853823
3.22443784472
-0.618556701031
-1.43442622951
-1.80475799836
-2.14964861513
-3.24302134647
-1.74230145867
-4.50097847358
-6.73297628156
-7.03305149885
-5.2140077821
-4.85736314572
-1.27511591963
0.191644308164
-0.724914154903
-2.54076602199
-0.765110941086
-2.4868123587
-1.28641695044
-0.794852384557
-1.97026022305
-1.72932330827
-1.8853974122
-2.14735283228
-2.32902033272
-0.920810313076
-1.44497962208
-0.551470588235
-0.771491550331
0.0739918608953
0.704747774481
0.297287253809
0.443131462334
1.83314627759
0.933532486931
0.48453224003
0.937734433608
1.57539384846
0.640060240964
0.525525525526
1.43667296786
-1.03934669636
-1.94924604634
-2.13706705969
0.225733634312
-0.339110776187
0.372578241431
0.778354336546
0.406955234924
-3.02809193725
-2.85505124451
-1.90058479532
-1.53284671533
-2.10068815647
-1.50916277398
-1.83255479698
-1.90032269631
-2.24759186586
0.4
1.27365356623
2.0909757887
2.19860754855
3.01359794193
1.02865540044
1.92878338279
1.98279087168
1.18650352243
-0.475493782004
0.0735294117647
1.42964635064
1.67364016736
3.77068103117
5.88690937258
9.01803607214
6.02313522138
3.26001571092
2.76789244761
1.25490196078
-0.716275368086
2.9568788501
3.6223036223
3.14029363785
2.20440881764
-0.23818975784
-2.79441117764
-3.38183248132
-3.42654588421
-1.92610062893
-2.13675213675
-2.33918128655
0.11811023622
1.07484076433
2.00481154771
1.7793594306
1.5037593985
0.395256916996
-1.49019607843
-2.08087946604
0.676751592357
-1.48148148148
-2.42961820285
-2.74599542334
-2.52583237658
-3.53302611367
-0.965250965251
0.659937888199
3.4727703236
4.06212664277
2.39874164373
0.974658869396
1.89873417722
0.277008310249
-1.14173228346
0.0787091696183
-0.194552529183
-1.32708821233
-2.09221232081
-1.85471406491
-1.8539976825
-0.657131812911
-1.61290322581
-1.60121997713
-0.53804765565
0.154738878143
0.466019417476
0.346820809249
2.54104769351
2.32009437672
0.544535200311
-0.271107668474
-0.650842266462
-3.68975903614
-4.36254230914
-3.27313769752
-2.27100681302
-1.28495842782
-0.15037593985
-0.709484690067
-0.67264573991
-1.74786165861
-1.15801270078
-0.299850074963
0.752445447705
2.17640320733
1.35695439126
1.24810892587
0.984102952309
-1.00558659218
-2.7117384844
-0.859491778774
-0.601503759398
-0.937382827147
0.901916572717
2.35741444867
1.01925254813
0.339494530366
0.603545831762
0.150545728265
-1.3503375844
-0.9349289454
-1.04516610676
-1.19269474469
-0.821201941023
0.414312617702
-0.112065745237
-1.4348785872
-2.22303206997
-2.26194819409
-2.20994475138
-0.704747774481
0.51775147929
2.31170768084
2.00967621883
0.966902194124
0.111399925733
0.259547645532
0.524737631184
1.09104589917
1.77895533687
2.43438569798
2.04313280363
1.52207001522
0.681818181818
-0.714017286734
-2.12211466865
-1.19626168224
-0.341296928328
0.303951367781
1.56488549618
1.16760828625
0.337584396099
-0.901916572717
-2.59067357513
-1.54077414506
0.340136054422
2.61739799846
2.26748654881
4.28406020841
2.58288357749
2.59790616518
1.52403282532
2.23968565815
1.05304212168
3.14115308151
1.73570019724
1.266323704
1.71862509992
0.786163522013
-1.37254901961
-1.20810600156
-2.01628538193
-2.30378758298
-1.50987224158
-1.46831530139
0.0780031201248
-1.07403145378
-1.68905950096
-2.01062215478
-2.08096859629
-1.95028680688
-0.496183206107
0.153787004998
0.88021431305
1.61476355248
0.654349499615
1.35396518375
0.231213872832
0.654853620955
-0.344827586207
-0.383435582822
-0.19305019305
0.0
-0.230591852421
0.889060688056
0.617283950617
-1.18275467379
-1.21811952798
-0.724914154903
-1.5975656143
-0.613496932515
0.730207532667
1.31122252218
2.5831702544
2.57510729614
2.59638080252
1.5612802498
3.06041335453
1.71178343949
0.905511811024
0.793021411578
3.26481257557
-0.356435643564
1.37207425343
4.65595385249
5.30271398747
2.94605809129
3.99505766063
2.18556701031
-2.2159548751
-4.31482221334
-5.30451866405
-3.61254466058
-4.67767295597
-3.19812792512
-1.92006269592
-1.66151468315
-1.83164458301
-0.895987534086
-0.658659434328
-0.700389105058
0.700389105058
-0.619674670798
-2.61760242792
-2.27186671715
-2.9089535323
-2.57771038666
-2.6395173454
-0.227100681302
-0.188964474679
-0.526118000752
-2.33246945576
-1.48588410104
-1.60148975791
