153.00
147.25
143.75
143.12
148.00
152.69
151.00
151.06
153.13
153.38
149.62
146.50
149.06
147.94
145.31
138.06
140.50
141.56
140.31
134.00
134.25
137.12
135.94
141.00
141.69
136.56
137.00
134.56
135.06
133.75
134.00
136.63
134.87
131.00
126.25
130.00
130.31
129.50
126.00
130.63
133.50
131.38
137.25
139.50
137.38
130.25
130.31
130.88
129.00
129.62
126.88
133.69
138.13
139.88
138.75
150.50
151.50
157.63
157.75
156.75
157.37
162.00
159.25
155.25
158.56
152.12
154.19
157.63
159.38
158.31
162.62
157.37
148.00
144.38
152.81
156.06
156.06
157.00
162.25
166.12
160.50
161.38
159.00
159.00
159.50
157.44
154.00
52.12
52.38
51.50
51.50
50.81
52.31
54.81
53.75
53.50
52.12
51.88
49.19
49.00
50.75
50.44
49.81
51.75
52.06
53.31
52.00
51.50
51.12
51.50
51.06
50.00
50.00
51.25
50.50
52.00
50.81
51.94
50.06
49.19
48.69
49.38
50.00
49.75
50.50
49.25
52.50
52.25
50.06
50.75
51.31
52.31
53.88
53.25
52.31
51.56
53.62
52.94
53.19
54.62
54.19
54.00
53.94
52.62
52.50
51.62
51.94
52.44
53.88
51.88
52.12
53.06
53.88
55.88
56.12
56.38
56.75
57.25
56.31
56.19
56.69
56.62
56.25
58.06
59.06
59.50
59.56
59.12
57.25
59.25
58.44
58.94
58.88
58.81
59.50
59.50
58.81
59.19
58.50
56.69
57.56
56.62
55.62
57.88
57.00
57.06
58.19
59.19
58.38
58.00
58.62
58.88
59.12
59.50
59.12
58.75
56.75
56.56
54.62
57.00
57.69
53.75
55.50
54.75
51.62
50.50
53.38
53.00
52.69
52.44
54.12
54.75
54.25
53.81
53.56
54.50
54.88
54.06
53.75
52.00
51.44
52.38
52.25
52.69
51.25
50.06
50.00
49.50
50.12
49.12
49.25
49.25
50.88
51.00
51.75
53.56
53.12
54.50
55.19
53.88
52.81
52.75
50.38
50.56
51.00
48.56
47.56
48.12
48.62
49.19
48.94
48.50
46.75
44.25
47.31
47.75
47.25
45.94
44.12
45.62
46.81
45.69
48.00
47.38
47.81
46.88
46.50
46.50
46.38
46.44
44.87
44.76
46.75
46.50
46.25
46.38
47.85
47.67
47.75
47.14
45.66
47.66
47.16
46.30
46.50
47.20
47.70
47.35
46.55
47.00
47.48
48.00
45.50
45.35
44.75
46.25
45.47
46.15
45.25
43.00
41.50
40.75
41.50
40.40
40.70
41.50
40.05
38.75
38.75
40.50
40.75
41.25
41.30
41.75
41.52
41.55
39.55
41.00
41.55
41.44
42.75
44.40
43.55
44.53
44.10
45.88
47.50
48.51
47.75
47.00
46.70
48.95
49.30
49.99
48.05
49.03
49.10
47.60
49.93
49.96
49.00
50.15
49.84
49.01
49.73
49.99
52.00
52.11
52.99
53.15
52.45
51.25
51.20
50.39
49.67
49.15
48.99
49.10
49.20
49.00
48.75
48.84
47.85
47.40
48.10
48.77
48.30
49.00
49.80
48.70
50.40
51.10
51.70
49.00
48.70
47.75
49.00
48.92
49.50
48.80
48.20
46.90
46.75
45.80
45.90
46.60
47.15
45.75
45.60
46.30
46.70
46.50
45.40
44.40
43.95
44.15
44.55
43.35
43.00
43.10
42.30
42.40
41.45
42.35
41.65
42.00
42.50
42.60
42.00
41.53
41.30
41.00
41.52
40.55
40.90
41.10
42.00
42.25
41.65
40.70
40.15
40.90
40.98
41.30
40.00
39.01
35.50
35.20
34.40
31.30
29.00
33.75
35.21
36.00
35.60
36.30
37.30
37.55
37.65
38.45
37.39
36.75
36.80
36.81
38.40
38.94
38.55
38.86
38.75
37.10
37.00
37.15
38.00
37.28
36.85
38.24
38.65
36.75
36.60
36.25
37.60
38.60
38.77
39.65
39.55
40.29
39.90
40.00
40.95
40.88
41.55
41.15
41.20
41.00
40.65
41.45
41.20
40.25
39.35
39.73
38.40
37.75
37.60
37.90
37.76
37.20
37.35
37.45
36.85
37.05
37.80
39.75
39.70
40.80
41.10
41.35
40.90
40.50
40.77
40.55
40.30
40.45
40.80
40.65
39.65
38.70
38.55
39.10
38.20
37.80
38.40
38.90
38.44
39.45
38.30
38.10
38.00
38.60
38.00
36.40
37.00
36.90
35.90
35.10
36.35
37.01
37.40
37.25
37.50
37.70
38.10
38.00
36.90
36.53
37.98
37.52
38.05
39.20
39.25
39.25
39.10
39.80
39.95
40.50
41.75
41.50
41.00
40.50
40.75
40.25
40.55
40.25
40.00
39.74
38.30
37.52
38.12
37.10
37.27
37.70
37.05
37.20
37.10
36.75
37.60
36.50
36.80
36.53
36.70
34.45
33.10
32.50
33.50
33.66
34.15
33.55
33.50
32.85
32.25
32.80
31.75
30.80
31.75
31.65
31.30
31.55
31.00
31.35
32.50
31.75
30.55
31.55
31.45
31.35
32.40
33.00
32.90
32.00
32.10
32.95
32.75
31.85
30.90
31.20
31.14
30.00
30.25
30.30
28.40
30.15
30.10
29.40
30.00
29.50
30.00
30.40
30.70
30.25
29.15
28.55
29.95
27.50
29.70
29.90
29.06
28.15
27.25
28.75
29.70
29.40
28.40
26.80
28.10
28.48
27.32
28.40
28.05
27.10
26.50
25.98
24.19
26.60
27.05
28.89
30.00
31.60
32.10
30.85
29.35
29.25
30.47
30.80
31.50
31.76
31.80
30.75
31.90
32.00
31.55
32.65
32.65
32.40
32.25
32.35
32.50
31.60
30.50
30.20
29.50
28.60
28.30
28.85
28.15
29.20
29.36
28.75
27.65
27.10
28.94
27.20
26.75
26.56
26.35
25.65
27.00
27.50
25.25
24.00
24.75
25.75
24.85
25.25
24.02
23.25
22.55
21.65
23.98
24.20
25.50
25.85
26.90
26.60
26.20
27.01
26.95
27.10
25.80
26.85
26.20
25.65
25.20
25.28
26.50
26.40
26.90
26.61
25.85
24.75
24.30
23.90
24.60
23.50
24.02
23.30
23.80
24.80
26.60
26.20
26.50
26.65
27.30
27.98
27.19
26.50
26.75
25.25
25.65
25.72
25.75
26.10
25.91
25.65
26.43
25.90
25.45
25.85
25.65
25.40
25.57
25.20
24.53
24.35
24.65
25.35
25.40
25.99
25.85
25.75
25.55
25.75
25.70
25.93
25.50
24.80
24.89
24.05
23.65
23.80
23.05
23.60
22.80
23.04
22.50
23.35
23.15
23.20
22.90
23.00
22.61
22.65
22.50
22.28
22.08
22.54
22.92
23.30
23.45
23.95
23.15
23.85
23.47
23.90
24.20
23.73
23.25
23.60
23.50
23.90
23.67
23.22
24.20
25.25
25.00
26.30
26.39
26.86
27.24
26.85
26.73
26.98
26.05
26.25
25.45
25.55
26.95
27.28
27.57
28.34
27.95
27.88
27.29
27.68
27.39
27.90
28.30
27.84
28.47
28.10
28.99
29.00
29.07
28.75
29.68
29.28
29.45
28.80
29.04
28.79
29.22
28.70
28.60
28.88
28.75
28.88
28.70
28.40
27.65
27.74
27.43
27.70
27.73
27.50
28.55
28.27
28.40
29.42
29.00
29.08
29.33
30.21
30.05
30.30
30.59
31.09
31.00
30.85
31.42
31.11
30.26
30.20
29.96
29.87
29.84
29.05
29.20
28.72
28.48
28.82
28.62
28.93
29.27
28.85
28.38
28.35
28.50
28.24
27.72
27.15
27.58
27.77
27.20
27.40
27.65
27.68
28.55
28.38
28.15
28.35
28.20
28.46
28.26
27.80
27.68
27.94
28.05
28.32
28.44
28.20
28.70
29.00
29.90
29.84
29.70
30.30
29.78
29.65
29.63
29.80
29.58
29.75
30.55
31.11
30.94
31.03
31.06
31.05
31.05
31.43
31.50
31.23
31.78
31.77
32.42
31.60
31.30
31.60
30.83
30.12
30.00
30.25
29.81
30.54
31.15
31.00
30.58
30.55
30.53
29.65
29.52
28.90
29.41
28.83
29.02
28.75
29.00
28.78
28.35
28.39
28.50
28.48
28.52
29.15
28.95
29.05
28.81
28.41
28.30
28.54
28.23
28.15
28.12
28.60
28.25
27.67
28.42
29.00
29.12
29.08
28.81
28.77
29.11
28.85
29.20
29.03
29.59
29.40
29.16
29.15
29.50
29.65
29.74
30.28
30.59
30.42
30.65
30.87
30.89
30.80
30.95
31.05
30.89
30.70
30.83
30.63
31.00
31.24
31.42
31.35
31.86
31.65
31.95
32.01
31.79
32.07
32.40
33.75
33.47
33.98
33.65
33.48
34.25
34.30
34.00
33.86
33.69
33.66
33.06
33.31
33.27
33.35
33.17
32.50
33.15
33.00
33.08
33.05
33.00
32.79
32.75
33.41
33.30
32.72
32.75
32.69
32.93
32.46
32.70
32.65
32.50
31.59
31.64
30.92
30.63
30.85
30.65
30.60
30.63
30.62
29.94
29.79
29.05
29.21
30.02
30.58
30.45
30.68
30.42
30.91
30.98
31.48
31.66
31.78
31.55
31.69
30.65
30.70
30.88
31.18
31.15
30.55
30.50
31.00
30.85
30.92
30.35
30.15
30.12
30.12
30.42
29.62
30.35
30.32
29.75
30.12
30.00
30.15
30.30
29.70
30.05
30.78
30.26
30.31
30.94
30.70
31.18
31.30
31.27
31.00
31.18
31.10
31.20
31.48
31.55
31.40
31.15
31.35
31.69
31.78
32.04
32.34
32.58
32.50
32.86
33.22
33.20
32.80
32.34
32.40
32.40
31.95
31.60
31.73
31.87
32.05
32.22
32.73
32.80
33.11
33.62
33.30
33.13
33.33
32.55
32.83
32.67
32.50
33.30
33.35
33.07
32.65
33.20
32.65
32.85
31.80
31.53
31.90
31.90
31.98
31.70
31.87
32.31
32.10
32.63
32.66
32.68
32.70
32.52
32.75
32.75
32.63
32.49
32.79
32.90
33.00
33.05
33.34
33.60
33.80
33.88
33.60
33.82
33.58
33.70
34.05
34.22
34.20
33.77
33.50
33.12
33.20
33.45
33.40
33.70
34.00
34.09
34.09
34.14
33.98
33.80
33.80
34.25
33.70
33.52
33.40
33.88
33.48
33.15
33.37
33.10
33.10
33.57
33.80
33.90
34.10
33.95
34.40
34.36
35.20
35.09
35.02
35.48
35.42
35.97
36.25
36.05
36.28
36.40
36.83
36.25
35.97
35.85
35.60
35.57
35.30
35.36
35.85
35.84
35.65
35.60
35.65
35.58
36.15
36.85
37.39
37.39
37.30
36.40
36.92
37.11
36.77
36.75
36.85
36.54
36.57
36.63
36.65
36.71
36.60
36.15
36.03
36.36
35.88
35.60
35.43
35.60
35.36
35.28
35.82
35.45
35.80
35.22
35.65
35.94
35.60
35.55
35.95
36.00
36.18
36.15
36.02
36.05
36.28
36.32
36.17
36.00
36.23
36.27
36.26
36.13
36.06
35.59
35.15
35.10
35.55
35.42
35.27
35.08
35.74
35.82
36.17
36.03
35.88
35.85
36.03
35.80
36.28
35.81
35.65
35.41
35.73
36.00
35.50
35.83
35.90
35.82
35.60
36.10
36.18
35.52
35.22
35.58
35.58
35.70
35.76
35.67
36.05
35.73
35.82
35.75
36.25
35.85
35.80
36.00
36.35
36.40
36.05
36.08
35.82
36.08
36.10
36.11
36.15
35.82
35.84
36.06
35.90
36.17
35.87
35.85
36.10
36.50
36.90
36.95
36.83
37.02
37.00
37.02
36.92
36.88
36.48
36.84
36.80
36.65
36.77
36.98
36.75
36.78
36.62
36.50
36.45
36.27
36.43
36.32
36.33
36.20
35.50
34.75
34.72
34.84
35.18
35.00
34.85
34.63
34.55
34.18
34.38
35.19
35.05
35.10
35.39
35.34
35.38
35.36
35.33
35.18
35.24
35.20
34.83
34.71
34.88
34.80
34.57
34.25
34.26
34.15
33.85
33.85
33.97
34.30
34.02
34.32
34.12
34.11
33.88
34.04
34.09
34.07
34.00
33.92
33.50
33.50
33.17
33.50
33.20
33.43
33.40
33.45
33.89
34.01
33.94
34.00
34.35
34.27
34.07
34.52
34.30
34.14
33.52
33.33
33.30
33.58
33.47
33.68
33.30
33.65
33.60
33.33
32.90
33.18
33.90
34.23
33.99
33.58
33.75
34.40
34.21
34.00
33.93
34.46
33.95
33.76
34.01
33.98
33.63
33.68
34.00
33.97
33.60
33.90
33.98
34.10
33.88
33.85
33.97
34.55
34.66
34.41
34.39
34.58
35.46
35.76
36.05
36.05
36.00
36.20
36.13
35.95
35.85
35.75
35.42
35.90
35.80
35.57
35.43
35.66
35.50
35.67
35.94
36.03
36.00
35.67
35.66
35.17
35.56
35.57
35.06
35.11
35.12
35.10
35.35
35.27
35.38
35.40
35.27
35.14
35.45
34.90
35.63
34.90
34.90
34.30
33.53
33.55
33.15
32.93
32.95
32.90
32.90
32.66
33.07
32.80
32.85
32.66
32.31
32.78
32.92
33.20
33.18
33.54
33.44
33.35
33.61
33.55
33.25
33.25
33.22
33.20
32.97
32.70
32.75
33.06
33.04
33.06
33.38
33.28
33.66
33.50
33.78
34.65
34.47
34.54
34.51
34.38
34.45
34.03
33.87
33.71
33.55
34.07
34.74
34.79
34.87
34.65
34.30
34.55
34.06
33.92
34.30
34.19
33.76
33.52
33.95
33.80
34.25
33.81
34.00
34.07
33.90
34.49
34.64
34.39
34.22
34.50
34.94
35.10
34.95
34.94
34.50
34.38
34.10
34.74
34.62
34.49
34.23
34.05
34.10
33.76
34.35
34.47
34.34
34.15
34.30
34.64
34.55
34.40
34.55
34.33
34.52
34.17
33.73
33.70
33.98
33.86
33.95
33.72
33.83
33.27
33.18
33.18
33.05
32.93
32.98
33.33
33.10
33.23
33.31
33.35
33.30
33.37
33.21
33.01
32.29
32.08
32.36
32.58
32.85
32.61
32.48
32.80
32.74
32.75
32.80
32.80
32.65
32.55
32.55
32.91
32.68
32.80
32.48
32.35
32.62
32.71
33.19
33.37
33.70
33.71
34.00
33.90
33.75
33.94
33.72
33.70
33.90
34.20
34.29
34.18
34.08
33.87
33.85
33.90
33.85
34.43
34.70
34.55
34.90
34.65
34.85
34.87
34.90
34.36
34.33
34.90
35.33
35.40
35.42
35.40
35.51
35.67
36.01
36.08
36.14
36.10
36.20
36.25
35.93
35.73
35.35
35.82
35.40
35.40
35.28
35.45
35.55
35.75
35.46
35.22
35.28
35.20
34.88
34.78
35.02
35.35
35.45
35.51
35.30
35.28
35.46
35.51
35.87
35.85
36.17
35.98
35.80
35.85
35.57
35.30
35.25
35.41
35.38
35.43
35.41
35.35
35.16
35.15
35.24
35.21
35.85
35.49
36.28
37.45
37.75
38.13
38.05
37.89
37.60
37.79
37.76
37.48
37.41
37.97
37.57
37.45
37.78
37.38
37.50
37.84
38.00
38.18
38.01
37.15
37.13
36.68
36.70
36.65
36.45
36.07
36.20
36.00
36.18
36.26
36.27
36.40
36.32
36.06
35.71
35.55
35.64
35.93
36.36
36.07
35.86
35.99
35.82
35.33
35.26
35.30
34.80
34.61
34.93
34.74
34.73
34.74
34.60
34.57
34.28
34.27
34.09
34.20
34.60
34.50
34.63
34.75
35.44
35.79
35.85
35.80
35.70
35.60
35.56
35.36
35.43
35.37
35.13
35.10
34.80
35.00
35.16
35.60
35.50
35.37
35.16
35.05
35.23
35.13
34.80
34.98
35.46
36.10
36.90
36.82
37.12
37.34
37.44
37.23
37.09
36.92
37.10
36.80
37.00
36.67
36.72
36.75
36.80
37.31
37.22
37.50
37.74
37.43
37.61
37.19
37.78
37.68
37.79
37.81
37.30
37.21
36.80
37.07
37.35
37.25
37.60
37.96
38.18
37.95
39.45
38.95
38.71
38.33
38.30
37.82
38.15
38.23
38.42
38.36
38.58
38.48
38.56
38.45
37.80
38.44
39.63
39.60
40.01
40.32
40.58
40.44
40.30
40.63
40.57
40.01
39.61
39.03
39.54
38.60
39.00
38.85
38.23
38.89
39.50
39.67
38.50
38.57
38.17
37.58
36.51
38.11
38.49
38.03
38.65
39.21
39.04
39.26
38.83
38.24
38.32
38.80
38.84
38.77
38.81
38.91
38.80
39.20
39.39
40.01
40.24
40.08
40.36
41.77
41.50
41.61
41.25
40.75
41.18
41.40
41.26
41.28
42.03
41.95
41.71
41.93
41.74
41.51
41.92
41.95
40.86
40.90
40.78
40.93
40.93
40.53
39.84
40.26
40.42
40.38
40.35
40.47
40.49
40.62
40.89
40.50
39.95
40.20
39.90
39.20
38.52
38.24
38.50
39.90
38.93
38.50
38.48
38.15
37.65
37.37
37.75
36.85
37.69
38.29
38.67
38.20
36.72
36.60
36.70
37.25
37.26
37.40
37.95
37.00
37.48
36.82
36.68
36.78
36.60
36.71
37.40
37.41
37.40
37.35
37.30
37.10
36.81
36.54
36.21
36.43
35.48
35.60
35.56
35.76
35.26
34.33
34.74
33.92
33.20
33.75
34.65
34.95
34.31
34.97
34.68
34.61
35.59
36.17
35.09
34.46
34.08
34.11
33.94
34.25
34.65
34.99
34.36
34.56
34.05
34.36
33.71
33.55
34.07
33.80
33.98
33.74
33.34
33.17
33.73
33.54
32.67
32.44
32.41
33.45
33.51
34.52
32.99
34.91
36.20
36.54
37.63
37.25
37.02
37.26
36.87
36.58
37.36
38.26
37.74
37.82
37.87
36.90
36.90
36.40
32.50
32.38
32.04
32.34
32.11
32.42
32.70
32.50
32.49
32.44
33.01
33.47
33.19
32.85
32.80
33.41
33.36
33.07
33.01
32.72
32.46
32.33
32.53
32.42
32.66
32.45
32.13
32.25
31.77
31.01
30.96
30.42
30.57
30.45
30.79
30.75
30.56
30.46
30.56
30.86
30.23
29.93
30.38
29.97
29.36
28.69
29.18
28.70
28.17
27.86
27.59
27.37
27.74
27.59
26.81
26.35
26.42
27.20
26.75
27.10
27.18
28.14
27.55
27.60
28.13
27.05
26.80
28.10
28.12
28.12
27.82
28.78
29.74
28.95
28.70
27.78
28.73
28.70
28.43
28.14
28.38
29.17
28.77
28.58
29.62
29.92
29.58
29.12
29.66
29.97
29.20
28.74
28.30
28.91
29.04
28.49
28.27
28.35
28.78
28.54
28.45
28.39
27.49
28.88
28.96
28.37
27.70
27.73
24.82
22.17
23.99
23.74
29.12
27.38
25.36
25.08
23.66
24.75
25.12
23.87
24.00
22.83
22.70
20.54
22.28
20.02
21.40
18.70
22.27
22.31
20.46
19.51
19.35
20.26
19.93
20.04
19.24
17.46
18.04
18.37
19.54
19.79
19.27
19.78
19.83
20.69
19.75
18.62
19.34
18.27
17.48
16.41
16.36
15.95
16.03
15.87
14.10
13.56
14.63
15.94
15.44
16.37
16.36
16.14
17.07
17.83
17.38
18.42
18.28
18.03
17.40
16.60
16.95
17.13
17.62
17.54
16.16
16.56
16.27
16.10
16.05
15.95
15.80
15.82
16.51
17.17
16.86
16.67
16.05
16.21
15.97
15.65
14.59
14.08
14.20
13.95
11.88
12.39
12.69
12.48
12.73
13.31
13.33
12.72
12.03
11.88
11.56
11.09
10.90
11.34
12.54
11.95
11.75
11.55
11.20
11.07
10.94
9.71
9.58
8.95
9.09
9.28
8.60
8.29
7.84
7.24
6.75
7.00
6.95
8.01
9.23
8.73
9.90
9.97
9.85
9.93
11.20
10.05
10.28
10.22
10.74
10.85
10.77
10.33
10.33
9.91
10.75
10.81
10.85
10.90
10.73
11.24
11.44
12.49
11.49
12.06
12.40
12.00
10.99
11.66
12.16
12.03
12.13
11.95
12.17
12.53
12.74
12.96
13.25
13.47
14.30
14.38
14.38
14.24
13.21
12.77
13.07
13.11
13.64
14.03
13.51
13.36
13.02
13.47
13.23
13.33
13.82
13.70
13.65
13.62
13.96
13.50
13.56
13.72
13.43
13.45
13.36
13.18
12.71
12.19
12.13
11.86
11.53
11.77
11.62
11.90
11.82
11.84
11.76
11.64
11.37
11.47
10.99
10.94
10.74
10.88
11.57
11.92
12.07
11.91
11.71
11.78
11.36
11.65
11.89
12.17
12.25
12.44
13.01
13.24
13.65
13.66
13.85
14.19
14.53
14.62
14.44
13.80
14.38
14.11
13.35
13.53
13.33
13.66
14.16
14.36
14.23
14.24
14.11
14.35
13.94
13.74
13.21
13.35
13.48
14.52
14.78
14.92
14.87
14.55
15.49
16.39
16.97
16.88
16.43
17.06
17.17
17.06
16.35
16.47
16.91
16.83
16.31
15.45
15.59
16.14
16.03
16.46
16.20
16.36
16.32
16.77
16.79
16.35
16.05
15.80
15.51
15.50
15.37
15.24
15.07
14.77
14.54
14.93
14.30
14.20
14.44
14.28
14.98
15.70
15.95
15.94
15.80
15.76
15.80
15.96
16.01
15.92
15.66
15.83
16.08
16.24
15.49
15.82
16.27
16.12
16.12
16.34
16.07
15.90
15.73
15.81
15.72
15.98
15.83
15.80
15.59
15.91
15.69
15.57
15.46
15.38
15.38
15.36
15.30
15.27
15.22
15.46
15.53
15.48
16.31
16.83
16.58
16.76
16.79
16.68
16.35
16.50
16.47
16.55
16.46
16.33
16.29
16.43
16.22
16.20
16.27
16.79
16.48
16.04
15.83
15.76
15.57
15.62
15.59
15.70
16.19
16.10
16.14
16.23
16.19
15.98
15.76
16.00
16.10
15.92
15.98
16.07
16.19
16.37
16.30
16.49
16.49
16.59
17.02
17.49
18.32
18.09
18.07
17.86
18.16
18.36
18.71
18.32
18.52
18.47
18.21
18.27
18.42
18.45
18.57
18.39
18.59
18.56
18.75
19.21
19.45
19.44
18.64
19.04
19.10
18.91
18.86
19.19
19.24
18.67
19.04
19.46
18.97
19.06
18.22
18.00
17.51
18.04
17.85
18.09
18.41
17.97
17.61
17.72
17.07
16.81
15.70
16.32
15.50
16.35
16.42
16.66
16.24
16.16
16.41
16.08
15.73
15.46
15.58
15.59
15.53
15.77
15.52
15.71
15.87
16.00
16.21
16.09
15.76
15.38
15.12
14.96
14.75
14.47
14.33
14.16
14.11
13.99
14.87
14.95
14.90
15.22
15.26
15.16
15.00
14.64
14.36
15.11
15.08
15.21
15.91
16.30
16.10
16.15
15.92
16.32
16.39
16.41
16.35
16.32
16.42
16.19
15.98
15.42
15.34
15.29
15.66
15.58
15.56
15.18
15.22
14.74
14.46
14.66
14.61
14.67
14.36
14.73
15.10
15.39
15.28
15.39
15.91
15.96
16.19
16.18
16.07
16.18
16.31
16.27
16.52
16.51
16.27
16.33
16.65
16.43
16.34
16.46
16.40
16.31
16.25
16.49
17.00
17.13
17.24
16.97
17.30
17.39
16.78
16.31
16.10
16.19
16.09
16.11
16.26
16.06
16.06
16.22
16.07
16.09
16.00
15.96
16.20
16.52
16.62
16.82
16.64
16.44
16.25
16.23
16.14
15.87
16.00
16.06
16.14
15.83
15.81
15.78
15.73
15.75
16.03
16.29
16.49
16.70
16.92
17.01
17.21
17.22
17.89
17.66
17.64
17.53
17.73
17.77
17.78
17.83
18.00
17.92
18.21
18.37
18.28
18.15
18.49
18.34
18.52
18.69
18.58
18.61
18.71
18.57
18.73
18.61
18.98
18.61
18.46
19.31
19.93
19.98
20.18
19.96
20.39
20.13
20.38
20.84
20.65
20.79
20.77
20.96
21.30
21.17
21.04
21.51
21.45
21.42
21.28
21.54
20.88
20.52
20.12
20.71
20.95
21.12
20.18
20.88
20.85
20.40
20.43
20.58
20.26
19.95
19.96
18.84
19.38
19.27
19.64
19.68
19.77
19.45
19.68
19.85
19.81
19.66
19.98
20.08
20.14
20.73
20.48
20.57
20.49
20.49
20.24
20.02
20.05
19.85
20.05
19.77
19.99
20.52
20.78
20.14
20.04
20.19
20.69
20.72
20.70
20.36
20.56
20.23
20.19
19.97
20.14
20.21
20.00
20.12
19.85
19.62
19.59
19.87
19.93
19.32
19.43
19.00
19.13
19.49
19.68
19.47
19.16
18.83
18.71
18.54
18.49
18.55
18.51
18.31
18.53
18.47
18.21
18.63
18.34
18.60
18.69
18.34
18.42
18.01
18.33
18.54
18.59
18.86
19.22
18.97
19.23
19.08
18.72
18.43
18.53
18.65
18.55
18.33
18.40
18.75
18.98
19.43
18.97
19.00
18.47
18.14
17.99
18.39
17.74
17.25
17.19
16.66
15.67
15.59
15.85
15.15
16.04
16.17
16.24
16.30
15.74
15.10
15.55
15.17
15.48
15.94
15.40
15.79
15.95
16.24
16.31
15.85
15.25
15.50
15.69
15.38
15.01
15.02
15.48
15.90
16.22
15.98
16.25
15.97
14.96
14.90
15.40
15.81
15.75
15.82
15.65
15.10
14.49
14.94
15.27
15.70
15.79
15.98
16.25
16.23
16.42
16.49
16.25
16.71
16.57
16.37
16.37
16.46
16.41
16.96
17.19
16.98
16.13
16.37
16.52
16.55
16.37
16.44
16.15
16.08
16.24
16.22
16.03
16.07
15.98
15.77
15.48
15.29
14.91
14.76
15.23
14.91
15.31
15.89
16.04
16.35
16.50
16.68
16.58
16.38
16.71
16.56
16.34
16.82
16.94
16.97
17.05
17.32
17.70
18.02
18.18
18.00
17.81
18.03
18.23
18.31
18.46
18.73
18.74
19.01
18.55
18.96
18.78
18.99
18.58
19.03
18.81
19.09
18.84
18.83
19.26
19.00
18.83
18.98
18.94
18.85
19.00
18.99
19.02
19.19
19.31
18.99
19.03
18.93
19.01
18.86
19.18
19.42
19.43
19.07
19.36
19.02
19.12
19.18
19.15
19.14
18.95
18.60
18.58
18.98
19.02
19.09
19.20
19.63
19.87
20.26
20.08
20.02
20.16
19.95
19.79
19.98
20.12
20.02
19.82
20.07
20.03
19.97
19.65
19.61
19.10
19.12
19.02
19.01
19.18
18.98
19.03
19.23
19.17
19.43
19.06
19.19
19.77
19.43
19.69
19.68
19.58
19.72
19.80
19.56
19.15
19.23
19.00
19.12
18.92
18.82
18.55
18.89
18.95
18.95
18.99
19.16
19.12
19.15
19.29
19.29
19.19
19.01
18.82
18.44
18.08
18.39
19.09
18.98
19.35
19.16
19.25
19.36
19.87
19.88
19.87
20.00
19.99
19.68
19.48
19.54
19.91
19.92
20.42
20.74
20.38
20.34
20.16
19.99
20.04
19.68
19.50
19.51
19.51
19.64
19.65
19.94
19.89
19.56
20.06
20.06
20.20
20.63
20.79
20.75
20.86
20.52
20.82
20.97
21.14
21.05
20.94
21.00
21.04
21.08
20.86
20.87
21.02
20.95
20.97
20.77
20.74
20.59
20.82
20.76
20.82
20.72
20.76
20.63
20.55
20.87
21.32
21.48
21.49
21.67
21.77
22.20
21.93
21.99
22.30
22.19
22.55
22.40
22.39
22.16
22.24
22.77
22.73
22.93
22.86
22.95
23.04
22.87
22.94
22.61
22.59
22.58
22.54
22.79
22.77
22.81
22.51
21.86
21.35
21.43
21.50
21.19
21.26
21.03
21.53
21.20
21.51
21.36
21.16
20.76
21.04
20.60
20.73
19.90
20.10
20.41
20.67
20.70
20.81
20.88
21.04
20.75
21.24
21.14
21.18
20.87
20.91
21.20
21.44
21.43
21.48
21.61
21.74
21.61
21.69
21.85
21.64
20.91
20.84
20.79
20.81
20.80
20.45
20.29
21.51
21.48
21.21
21.16
21.10
21.04
21.04
21.22
21.18
21.04
21.15
21.22
21.94
22.18
21.98
21.96
22.28
22.44
22.49
22.52
22.21
22.43
22.41
22.48
22.47
22.50
22.50
22.49
22.48
23.11
23.25
23.48
23.42
23.71
23.18
23.35
23.50
22.97
23.02
23.37
23.02
23.15
23.46
23.84
23.70
23.86
23.69
23.59
23.44
23.55
23.44
23.17
23.30
23.73
23.42
23.32
23.45
23.27
23.02
23.14
23.03
23.17
23.38
23.01
22.80
23.05
23.25
23.10
23.55
23.49
23.28
23.07
22.96
22.76
21.94
21.67
21.55
21.69
22.21
21.98
22.31
22.29
22.10
22.25
22.57
22.56
22.69
22.68
22.99
22.77
22.86
22.85
23.04
23.10
23.27
23.46
23.59
23.78
23.52
23.50
23.77
23.42
23.58
23.59
23.37
23.59
23.55
23.25
23.54
23.88
23.49
23.70
23.45
23.68
23.75
23.83
24.20
23.63
23.58
23.12
23.17
23.43
23.41
23.32
23.21
23.27
22.83
23.17
23.36
23.52
23.72
23.91
23.99
23.73
23.66
23.54
23.60
24.21
24.77
24.87
24.79
24.61
24.65
24.53
24.57
24.57
24.60
24.52
24.57
24.49
24.21
24.47
24.34
24.14
24.30
24.20
23.97
23.88
23.90
23.77
23.72
23.66
23.83
23.74
23.36
23.16
23.16
23.44
23.31
22.99
23.34
23.15
23.25
23.67
23.95
24.16
23.77
24.06
24.13
24.47
24.80
24.55
24.20
24.22
24.30
24.30
24.10
23.88
23.94
24.14
24.22
24.18
23.84
23.92
23.84
23.90
24.32
24.21
24.27
24.35
24.38
25.21
25.87
26.19
25.99
25.84
26.07
25.88
26.19
26.29
26.35
26.05
26.59
26.32
26.47
26.94
26.42
27.02
26.92
26.97
27.15
27.01
27.28
27.13
26.99
27.02
26.87
27.14
26.72
26.83
26.75
26.65
26.60
26.34
26.63
26.77
26.93
27.09
27.11
26.50
26.59
26.94
27.10
27.03
27.17
27.27
27.43
27.38
27.68
27.84
27.84
27.90
27.86
27.52
27.66
27.48
27.35
27.33
27.19
26.98
26.84
27.15
27.22
26.88
26.73
26.30
25.98
25.57
25.26
25.33
25.34
25.50
25.21
25.13
24.53
24.46
24.80
25.20
25.39
25.21
25.57
25.23
25.47
26.01
25.68
25.31
25.12
25.02
25.38
25.33
25.21
25.54
25.21
25.52
25.78
26.06
26.33
26.12
26.06
25.68
26.00
25.25
25.26
25.52
25.64
25.37
25.69
25.49
25.58
25.80
25.58
25.90
26.02
25.83
25.92
26.15
26.37
25.95
25.76
25.86
26.09
25.51
25.58
25.67
26.01
26.47
26.63
26.70
26.57
26.44
26.57
26.72
26.83
26.80
26.73
26.77
26.69
26.51
26.27
26.48
26.56
26.58
26.89
26.91
26.72
26.49
26.55
26.61
26.37
26.42
26.55
26.55
26.56
26.69
26.64
26.71
26.75
26.74
26.54
26.79
27.06
27.31
27.32
27.10
26.88
26.95
26.79
26.88
26.66
27.02
27.05
26.66
26.47
26.46
26.29
26.44
26.27
26.35
26.81
26.80
26.62
26.43
26.13
26.19
26.63
26.75
26.69
26.92
26.77
26.33
26.07
26.07
25.95
25.97
25.67
25.57
25.58
25.53
25.07
25.33
25.10
25.13
25.61
25.46
25.84
25.85
25.72
25.89
25.95
25.87
26.14
26.08
26.42
26.34
26.15
26.22
26.05
26.03
26.03
25.89
25.98
25.99
25.90
26.14
26.07
25.99
25.91
25.97
25.83
25.92
26.32
26.19
26.35
26.19
25.99
26.01
25.88
25.58
25.36
25.36
25.43
25.19
25.29
25.60
25.10
24.95
25.23
24.79
24.24
24.18
23.86
23.99
25.00
24.91
25.27
25.34
25.42
25.44
25.66
25.58
25.88
25.42
25.86
25.49
25.73
25.90
25.89
26.29
26.41
26.47
26.27
26.47
26.43
26.47
26.70
26.99
26.80
