-6.83229813665
209.615384615
-11.1111111111
33.7142857143
10.2570564516
-19.8545748334
34.5380434783
-5.51989730424
4.70430107527
37.5231053604
15.8458244111
-8.43137254902
-6.59340659341
-3.1571479248
-6.65562913907
-6.35658914729
2.67430754537
-3.65030674847
-3.37877889745
-6.27777777778
0.502512562814
2.02221589291
2.60081823495
-3.27868852459
4.30424528302
1.98436560433
-8.01991150442
-3.72736954207
6.76520750426
-9.79487179487
-6.72088017221
16.3975501114
12.0748829953
15.8712942878
45.5023671752
18.8125
31.9043693322
5.84642233857
-29.1718170581
-3.46062052506
-11.5567282322
24.5890861275
-10.3183962264
-8.37385197191
-8.27552031715
9.79325353645
13.8785625774
-13.7820512821
-1.52551288795
-3.40447154472
-12.9973474801
7.05158542357
-7.36519070583
-3.47016504444
-3.15573770492
-8.71679760569
3.96732788798
-3.38218714769
11.1064718163
