53.12
53.38
53.12
53.00
57.50
61.81
59.00
59.88
60.12
62.00
60.25
58.50
59.50
61.00
57.38
55.50
54.50
55.06
52.25
52.62
53.50
54.88
55.38
55.62
56.00
56.00
56.50
57.88
57.12
56.62
58.38
59.69
62.00
62.12
58.00
58.25
56.62
52.62
51.00
51.19
51.12
54.75
52.44
54.31
51.50
48.88
47.62
49.00
49.00
49.88
49.69
50.62
53.00
51.88
53.00
53.75
52.50
54.56
56.81
55.00
55.44
55.62
57.25
59.38
62.00
59.94
59.94
61.56
62.62
63.00
65.00
68.19
65.75
63.38
63.00
63.50
63.44
67.50
69.38
68.50
67.75
68.00
66.06
65.00
62.50
64.44
63.44
63.06
65.25
68.25
69.06
70.06
72.00
77.50
74.88
74.75
76.88
76.88
76.00
76.50
78.00
76.00
76.62
76.06
74.44
75.75
74.88
74.75
73.38
73.94
74.12
76.94
80.00
80.75
82.06
81.88
81.56
80.25
79.88
80.81
80.50
80.00
80.50
80.38
83.00
86.00
85.44
88.31
87.25
91.00
89.00
87.38
87.69
88.25
85.75
84.50
83.00
84.50
84.00
85.88
84.50
82.31
78.75
78.38
81.81
81.56
81.31
82.50
82.75
85.50
88.25
88.50
87.00
87.75
87.88
92.50
92.62
93.38
91.69
92.88
91.38
91.75
93.38
91.62
91.06
90.00
90.38
90.75
90.50
95.00
94.00
93.00
92.50
90.38
90.50
94.50
90.56
93.44
94.38
92.62
92.69
93.69
93.62
94.44
98.00
96.00
97.88
98.50
99.56
99.00
105.00
103.88
102.06
104.88
102.94
103.62
104.62
105.75
101.62
105.38
112.00
106.06
104.81
104.12
104.69
104.62
105.00
105.50
109.25
111.50
114.62
109.44
107.62
105.12
107.00
109.06
110.00
109.75
113.00
113.50
110.69
115.00
115.50
115.00
114.00
115.00
114.38
113.38
114.44
116.88
115.50
118.56
117.19
116.38
117.88
118.12
118.25
118.50
119.25
119.25
120.94
116.50
117.50
117.25
118.50
114.50
119.75
121.12
59.75
61.12
61.00
63.25
61.50
59.94
57.25
54.19
53.75
54.38
54.31
55.50
54.94
54.19
53.88
52.69
52.25
53.00
55.31
57.88
59.69
60.00
59.81
57.83
56.75
56.80
59.90
60.99
62.85
61.90
61.95
59.40
59.35
60.75
59.90
58.25
56.25
58.35
57.50
56.90
55.10
55.28
57.30
58.00
60.00
59.35
60.79
60.20
60.50
60.45
61.75
60.20
59.75
58.50
58.10
57.85
56.15
56.70
55.75
54.50
53.48
54.75
56.35
56.25
56.50
58.50
59.26
59.00
58.30
60.89
60.00
59.50
57.50
58.51
57.82
59.19
58.10
59.05
60.68
60.20
60.73
60.03
60.76
63.60
66.25
65.50
64.55
65.00
62.00
60.91
61.00
60.60
58.85
59.20
58.60
59.05
59.15
58.50
59.30
57.60
55.96
55.50
52.50
53.10
54.10
55.15
54.05
56.50
57.25
56.70
56.75
57.25
58.40
57.79
58.20
56.71
57.30
58.07
57.30
57.20
59.40
58.13
59.40
59.70
61.70
61.41
61.60
62.62
62.55
61.98
62.45
61.00
61.92
62.60
62.90
62.99
63.10
65.00
65.74
65.08
66.00
66.95
66.33
66.50
65.50
64.00
64.46
65.50
65.24
66.80
66.00
65.80
64.75
64.00
63.90
64.38
63.42
63.55
64.87
65.37
65.30
65.40
65.80
65.62
66.34
66.50
67.74
69.25
68.11
68.98
69.45
69.47
68.73
68.06
67.90
68.31
66.00
65.40
66.00
64.55
63.45
61.75
59.60
61.99
62.00
63.49
66.49
66.30
66.52
66.90
67.51
67.40
68.35
68.05
68.10
68.08
69.17
67.75
66.09
69.00
68.69
68.72
67.57
67.61
69.30
68.10
66.48
66.00
67.96
68.25
67.08
66.45
65.70
65.99
66.70
67.75
66.00
64.40
63.90
64.42
65.10
65.04
65.70
66.30
67.40
70.74
70.87
70.15
70.76
71.14
71.50
71.30
70.53
71.25
71.85
72.00
72.20
71.90
72.80
70.75
69.50
69.70
70.20
70.80
71.50
70.00
69.25
69.50
70.74
70.25
70.55
71.03
70.00
69.71
69.76
70.20
69.35
69.25
69.27
70.65
71.76
72.60
73.08
72.80
72.33
72.35
72.90
73.00
74.10
74.06
74.00
72.95
73.39
74.36
74.50
73.90
74.96
74.60
75.10
74.40
74.80
75.56
75.51
74.50
74.01
73.32
73.80
75.20
74.95
74.38
72.90
73.35
72.60
70.81
68.05
69.20
70.01
71.40
71.47
72.80
73.35
73.55
74.60
74.55
75.17
75.61
74.83
75.27
74.07
74.35
74.20
76.20
76.00
76.60
77.03
76.65
77.00
76.85
77.65
77.50
78.00
78.36
77.00
77.25
77.95
80.40
84.70
85.78
86.00
85.16
86.70
87.01
86.04
86.43
88.90
89.62
90.00
89.03
89.75
88.55
89.92
88.56
88.00
87.87
87.20
89.25
88.51
87.00
86.91
86.45
87.35
87.60
88.20
89.00
90.15
90.30
90.00
90.37
90.10
91.92
92.00
94.39
96.90
97.15
96.52
95.70
93.50
93.63
96.45
96.71
95.25
93.60
90.27
88.00
91.01
91.50
92.80
92.00
90.26
91.80
93.30
93.70
91.45
88.00
92.90
92.37
90.50
90.99
93.81
90.50
88.20
82.75
82.40
87.50
86.50
87.05
86.50
85.60
87.35
86.10
84.50
83.25
86.00
84.90
87.75
87.35
88.60
86.81
91.20
88.00
88.86
89.10
90.15
90.00
91.73
91.10
90.15
87.90
86.16
87.60
87.97
84.77
86.05
86.70
86.64
88.48
89.02
88.51
89.66
91.80
92.88
90.75
91.00
89.30
90.03
88.20
87.85
88.00
87.50
87.20
87.55
87.97
90.60
91.32
89.75
90.65
91.15
90.99
92.75
93.33
96.50
96.47
99.92
97.64
99.90
99.33
98.98
99.70
98.29
97.10
95.25
95.38
96.00
90.95
94.29
93.35
92.00
94.65
95.04
88.30
88.00
89.07
91.00
90.60
93.05
92.98
89.10
89.92
85.58
82.93
77.50
81.00
80.39
81.85
76.66
78.90
83.09
83.30
83.36
80.93
82.70
83.30
84.09
81.92
82.20
82.41
82.50
81.60
81.40
83.99
84.58
83.75
82.35
83.61
83.51
86.00
86.40
84.41
84.00
84.50
84.00
82.80
82.65
82.75
82.10
82.25
84.34
83.30
83.50
84.80
84.66
83.12
84.16
85.77
85.40
87.91
86.03
84.31
83.94
85.00
84.88
85.75
83.50
79.25
79.76
80.10
82.00
81.90
81.50
81.25
79.85
80.80
82.50
82.50
83.30
83.84
82.69
83.44
84.00
85.40
84.05
83.30
83.99
85.86
83.94
86.60
87.08
86.95
88.40
89.91
89.31
90.42
89.61
89.70
91.50
91.67
91.70
92.10
92.00
93.03
92.42
93.70
92.42
91.64
92.93
94.14
94.00
90.05
91.86
89.00
91.30
91.35
91.05
90.57
90.83
90.27
92.13
90.01
92.85
93.34
94.08
92.76
92.64
93.30
93.97
93.55
93.55
93.19
95.16
94.92
95.75
97.10
96.36
95.35
95.75
95.46
95.05
96.07
94.01
96.00
95.36
97.01
97.87
98.00
98.83
101.25
102.02
102.40
103.73
105.00
52.14
50.34
50.35
50.43
50.16
50.01
51.00
50.80
50.25
50.12
51.47
51.07
51.98
52.20
52.15
51.00
51.20
50.01
50.10
49.25
52.04
52.44
52.75
53.75
54.56
53.26
53.80
54.67
55.75
53.52
52.10
52.10
52.40
50.70
49.00
49.97
49.88
51.00
51.55
51.00
51.21
51.60
51.43
51.47
50.30
49.90
48.81
48.20
49.00
49.08
48.55
49.50
49.95
49.50
49.87
49.70
50.50
50.05
50.01
49.90
50.24
50.00
50.12
50.51
50.75
49.97
50.00
49.40
49.00
48.05
48.52
48.95
50.32
51.76
52.95
52.60
51.00
51.65
51.90
51.58
52.75
52.95
52.22
52.55
53.80
54.40
54.90
55.55
54.60
53.98
52.50
52.50
52.35
52.70
51.55
51.30
50.42
49.48
50.00
49.11
47.77
48.24
48.10
49.64
49.90
49.68
49.90
49.90
51.40
51.55
51.95
52.80
53.90
53.77
54.05
54.65
55.00
54.50
54.14
53.36
53.95
53.25
53.48
54.05
55.00
54.48
54.88
55.92
56.35
56.30
56.30
56.02
56.35
56.70
58.10
58.30
59.05
57.00
56.25
57.30
57.31
57.43
57.15
57.00
56.95
57.90
58.60
58.75
58.60
59.70
60.67
59.67
59.97
59.50
59.90
60.80
60.81
60.05
60.09
59.25
58.80
59.75
59.42
60.00
59.70
59.35
60.00
60.70
60.95
61.35
61.30
61.15
61.85
61.65
62.00
62.00
61.67
61.45
62.45
61.95
63.18
61.85
61.68
61.62
61.11
61.45
62.50
62.35
63.34
63.55
63.47
63.00
63.60
62.45
62.20
62.85
64.17
63.87
64.35
65.05
65.75
66.75
67.00
66.99
66.95
68.50
67.40
64.60
64.00
65.24
64.81
63.75
64.42
66.00
65.96
64.60
64.52
63.35
62.28
61.50
61.85
61.65
62.09
61.29
60.53
60.34
61.02
61.80
62.20
62.00
62.72
63.05
63.05
62.75
63.20
63.62
63.62
63.08
64.39
65.50
65.64
65.90
65.60
65.00
64.40
65.00
64.95
63.50
63.75
63.80
63.85
63.76
64.00
62.23
61.43
61.47
61.60
61.82
61.00
61.70
61.30
61.33
60.70
60.15
61.24
60.40
60.50
61.25
62.30
61.91
66.00
65.50
65.60
66.10
63.78
63.69
62.62
63.70
62.00
62.74
63.44
62.11
63.00
62.45
62.40
60.90
61.50
61.90
62.45
63.80
64.33
64.72
64.98
64.84
65.00
64.90
65.37
65.00
64.98
65.17
65.30
65.40
65.45
65.98
66.42
67.00
67.04
68.42
68.60
68.39
69.00
69.39
69.45
70.28
69.08
67.17
70.15
70.52
70.68
69.99
71.33
72.59
73.67
72.84
74.10
73.76
73.23
73.82
74.60
74.90
73.55
73.26
72.92
74.20
72.65
73.05
72.59
66.55
69.61
68.21
69.35
70.17
71.48
72.95
72.45
72.20
72.50
74.75
75.50
78.05
79.10
80.25
79.45
80.96
81.70
81.35
81.54
82.98
81.85
82.95
81.10
81.75
82.51
82.40
84.08
82.98
82.00
82.05
81.88
81.05
80.85
79.98
82.35
84.55
84.97
85.74
86.90
86.60
85.33
85.80
85.40
85.90
85.43
85.60
85.97
86.55
87.40
87.85
87.20
86.60
85.75
86.20
87.90
87.20
87.55
88.00
88.52
88.40
88.90
88.80
89.85
86.64
89.80
88.25
88.05
86.80
88.25
88.40
88.95
90.30
90.00
90.05
90.88
89.75
89.40
88.25
88.10
87.76
89.30
89.78
89.62
89.10
88.03
86.90
88.36
89.60
90.92
90.69
90.21
91.55
92.20
93.04
91.19
90.15
90.45
92.00
90.28
91.00
90.01
90.65
91.35
91.95
91.88
91.50
92.38
93.30
93.55
93.63
95.56
95.75
95.54
96.50
97.93
98.48
99.60
98.38
97.22
97.30
93.20
92.30
92.60
91.10
93.85
92.80
92.07
91.03
90.40
90.10
92.75
92.72
94.06
95.10
97.25
97.92
97.90
98.50
98.17
97.75
98.45
98.00
96.00
96.20
97.90
96.00
96.40
96.70
97.75
97.50
97.00
97.26
49.15
48.70
49.48
50.73
50.95
52.00
52.00
51.03
51.75
50.93
51.40
52.08
51.60
52.00
51.80
51.65
51.92
51.50
51.65
51.28
51.65
52.81
53.14
53.00
53.05
53.45
53.51
53.76
53.06
52.53
51.80
51.70
50.55
51.04
51.06
50.35
49.00
49.54
51.00
51.11
52.15
51.89
52.92
52.34
52.62
53.09
53.17
52.98
52.29
51.23
52.02
51.79
53.00
52.23
52.00
51.36
51.40
51.30
51.56
51.26
51.34
50.79
50.69
50.25
50.80
50.75
51.50
52.30
52.65
53.30
53.79
53.90
54.76
53.87
53.05
53.03
53.52
54.06
53.80
53.06
52.60
53.88
55.49
55.30
55.90
54.66
55.72
56.21
57.05
57.05
56.40
56.23
56.37
55.90
55.11
54.60
55.50
56.50
56.00
56.54
58.39
57.21
57.70
57.02
56.05
55.45
55.25
56.96
58.12
58.25
59.90
58.05
58.50
58.05
58.07
57.95
59.40
59.75
59.52
59.98
60.75
61.05
61.00
60.62
60.67
60.65
60.06
58.50
60.48
60.42
61.47
61.78
62.89
62.96
62.61
63.15
63.68
63.17
63.48
63.16
63.70
62.75
61.85
63.88
63.83
63.95
64.60
63.50
63.43
62.52
62.60
61.89
62.23
62.75
62.90
61.45
62.60
61.90
61.34
60.20
61.00
61.31
61.40
59.51
58.05
58.73
57.99
58.24
58.40
58.17
59.30
59.73
59.36
59.34
58.50
57.52
58.50
58.15
58.50
58.50
59.40
59.24
58.25
58.80
58.34
59.88
59.10
59.00
58.93
58.05
58.00
57.35
56.30
56.22
56.43
57.50
56.39
56.06
55.45
56.90
57.29
56.90
56.58
56.74
55.00
56.25
56.18
55.46
54.56
55.63
55.75
56.26
56.60
55.40
55.17
55.35
54.65
53.60
52.65
51.55
53.46
53.03
52.70
49.67
49.35
50.51
49.48
50.20
49.59
48.49
48.00
49.30
49.30
48.31
46.60
46.69
46.15
44.68
44.79
45.10
43.93
45.85
47.07
46.78
46.10
45.30
44.43
44.00
42.77
42.10
42.50
42.81
43.75
44.14
46.28
46.70
46.30
46.49
46.72
46.00
45.77
44.82
44.76
45.00
44.90
44.49
43.85
43.50
44.20
44.14
45.11
44.72
44.49
44.43
45.02
44.85
45.00
44.83
45.02
45.45
46.94
48.39
48.07
47.86
47.32
47.64
49.91
51.15
50.40
50.10
50.81
51.25
48.70
49.58
48.30
47.50
49.00
48.64
48.29
48.14
48.83
49.87
47.41
47.08
47.99
48.29
48.29
48.14
48.95
49.02
49.50
49.65
49.69
50.75
50.54
50.75
51.28
51.75
51.95
51.90
50.51
50.50
50.60
50.23
51.64
52.27
52.05
52.04
52.15
51.80
51.74
51.38
50.30
49.42
49.46
48.62
49.20
49.30
49.11
49.43
49.34
49.22
50.60
51.49
50.95
49.62
50.00
49.25
47.15
47.27
47.01
49.20
50.85
50.77
50.50
49.85
49.30
49.25
49.64
49.10
49.34
48.10
48.75
47.84
48.76
48.44
48.00
45.45
46.24
47.02
47.39
48.20
47.60
47.72
47.00
46.23
46.40
46.70
46.25
47.46
47.95
49.44
48.85
49.10
49.03
49.08
49.37
49.90
49.91
50.43
50.00
49.67
50.20
50.50
52.56
53.89
53.76
53.68
52.34
52.87
53.40
54.32
52.50
52.80
52.45
53.35
52.82
53.11
54.40
55.10
55.95
54.60
53.80
53.20
52.20
51.37
51.80
52.06
51.35
52.02
52.50
52.27
52.85
51.95
51.80
51.39
51.28
51.28
51.45
51.94
51.71
52.10
53.51
54.55
53.83
53.82
54.08
53.17
53.22
52.02
52.06
53.99
53.90
54.41
53.81
54.17
53.50
53.40
53.27
52.90
53.37
54.31
53.54
54.30
54.05
55.34
55.46
56.47
56.00
55.98
53.74
52.84
53.40
54.08
54.61
54.82
55.15
54.85
53.87
52.91
53.35
52.96
54.80
54.22
51.50
52.49
53.20
53.90
53.25
53.10
52.72
53.56
52.92
53.10
53.95
53.15
53.59
53.00
52.83
52.76
53.03
53.46
53.02
52.85
53.57
53.73
53.44
53.58
53.89
53.79
54.60
54.40
54.39
54.75
54.94
54.90
54.95
54.31
53.07
53.54
53.70
53.30
53.26
53.20
53.12
52.81
52.69
52.79
51.60
51.68
51.55
51.79
51.14
51.53
52.50
51.59
52.22
52.14
52.53
53.00
51.75
51.43
51.38
53.00
53.90
52.66
54.01
51.95
51.67
51.50
51.17
50.99
50.51
49.91
49.40
49.16
48.24
47.50
49.25
47.75
48.36
48.30
47.79
46.40
47.85
49.29
48.85
48.60
49.44
50.12
49.55
49.00
48.90
48.40
49.42
49.36
48.81
48.69
49.30
50.11
49.86
49.03
49.15
49.34
49.42
49.53
49.65
49.28
49.73
50.11
50.25
49.80
50.17
50.00
49.53
49.52
49.45
49.02
48.87
48.20
47.80
47.42
47.44
47.70
47.79
48.48
49.54
49.24
49.75
48.91
48.49
49.00
47.74
47.24
48.18
49.25
48.47
48.62
48.23
47.77
48.55
48.82
48.29
48.50
49.15
49.75
50.09
50.20
51.48
52.80
53.52
52.72
53.27
53.25
53.47
53.71
53.66
54.07
53.55
54.59
54.65
54.95
54.30
54.27
54.94
54.56
55.97
56.65
57.84
57.26
57.10
56.27
56.37
56.89
57.10
57.66
58.15
58.76
58.88
58.20
58.16
58.00
57.19
56.75
56.56
55.54
57.05
56.09
55.91
55.69
56.25
55.01
54.60
55.54
54.64
51.50
49.82
50.37
49.88
49.90
52.22
50.51
50.07
50.85
49.91
50.06
49.64
49.10
48.86
48.20
48.48
47.60
46.89
46.34
48.19
47.81
48.17
47.99
47.30
47.84
48.80
48.91
47.58
46.23
46.01
47.28
47.08
45.60
45.16
40.65
35.75
37.70
38.64
35.86
34.30
34.52
35.73
35.33
35.41
35.25
34.25
34.24
34.40
34.85
35.80
35.38
36.15
36.74
36.68
38.28
36.99
36.50
35.85
36.13
37.27
35.72
36.84
37.04
33.71
34.06
34.50
33.81
34.00
33.47
33.60
32.72
33.01
33.56
33.07
32.74
32.75
33.09
33.18
32.81
32.54
32.10
32.11
32.58
33.65
34.00
34.50
35.50
34.69
35.04
34.10
34.58
34.22
34.04
33.92
33.87
33.72
33.04
33.01
32.49
32.04
30.30
30.65
30.28
29.97
27.10
27.84
27.23
26.15
26.48
26.48
26.30
26.05
26.12
27.02
24.50
22.71
22.78
23.35
22.90
21.76
22.19
21.91
22.40
22.60
23.72
24.13
24.40
27.92
27.74
27.02
27.47
26.85
27.65
27.12
27.99
28.70
28.96
30.41
29.79
29.27
31.07
31.39
31.49
31.71
31.94
33.25
31.97
30.95
30.10
30.46
30.53
29.30
29.45
29.55
30.04
30.49
29.18
29.56
27.90
28.66
29.07
28.51
28.52
30.00
28.78
27.73
26.50
25.85
29.94
27.00
26.27
26.01
25.19
25.00
25.26
23.68
25.97
25.09
25.06
23.77
22.50
20.26
20.13
16.63
18.06
24.31
22.58
23.62
22.99
24.62
25.14
23.70
24.26
22.18
22.31
21.27
22.31
22.69
22.07
23.68
24.30
22.58
22.60
22.41
22.52
21.08
20.00
18.98
20.27
19.73
18.58
18.91
17.60
16.72
17.57
19.59
19.93
20.81
21.67
20.50
19.84
20.04
19.52
21.98
21.23
21.00
21.31
22.82
23.65
23.06
23.96
24.16
25.02
26.47
25.93
26.16
26.08
26.41
25.82
27.06
26.70
27.40
27.11
26.71
26.10
26.75
26.58
24.92
24.70
24.06
25.39
25.41
24.21
25.44
27.17
28.16
28.27
29.61
29.68
28.76
28.00
29.61
29.80
28.66
28.77
29.62
29.27
27.80
27.80
29.42
28.19
28.44
28.58
28.13
26.60
23.77
24.10
23.34
20.19
19.19
17.74
18.11
17.52
16.57
17.67
17.64
19.42
19.03
20.51
21.63
21.11
21.32
22.29
21.71
21.20
21.68
21.29
21.17
21.30
20.45
20.85
20.61
21.17
21.05
20.33
21.40
24.12
23.56
24.12
24.18
24.34
25.32
24.32
23.52
25.38
22.86
23.10
23.43
23.20
23.00
24.05
24.40
23.56
22.98
23.62
25.74
25.80
28.74
28.26
27.06
27.07
27.67
27.74
27.69
27.71
27.68
27.36
26.95
26.21
26.95
27.46
27.27
26.90
27.72
27.29
27.73
27.63
26.99
26.38
26.02
23.75
23.80
24.01
23.65
24.03
24.08
25.93
25.09
24.49
24.60
24.64
24.93
24.80
25.01
25.09
24.93
23.91
24.05
25.26
24.88
24.90
24.72
25.57
25.06
24.80
25.26
25.25
25.48
25.61
26.25
27.23
27.09
27.78
28.53
28.84
28.08
28.34
27.19
26.88
26.27
26.08
26.47
27.06
27.76
27.64
28.08
27.72
28.38
27.75
28.06
28.72
29.09
29.77
29.83
28.82
29.10
27.97
27.94
27.37
28.94
28.80
28.99
28.02
28.15
29.12
28.85
28.82
27.95
29.45
28.89
28.45
28.72
27.85
26.73
26.01
25.44
25.92
25.15
24.89
24.68
24.38
24.46
24.42
24.29
24.45
24.81
25.17
24.62
24.77
24.71
24.57
25.68
25.97
25.05
26.10
25.93
25.30
26.29
26.06
26.32
26.02
26.58
27.62
27.95
28.10
28.31
29.00
28.99
29.43
28.88
29.23
28.96
28.97
28.66
28.30
28.94
29.33
29.58
28.99
29.44
29.00
28.72
28.27
27.65
27.54
28.16
28.88
28.72
30.43
30.88
30.90
31.50
32.09
31.88
31.97
32.39
32.23
31.89
31.53
31.09
30.85
30.95
31.38
31.73
31.60
31.59
32.86
32.71
32.70
31.99
32.68
33.54
34.56
35.94
35.43
33.82
33.56
32.51
32.34
33.33
33.42
33.03
33.14
34.05
33.24
32.42
32.23
32.72
33.00
32.71
32.78
32.33
31.68
32.23
32.42
32.11
32.87
32.88
33.32
33.52
34.00
34.11
34.05
34.05
33.03
33.74
33.18
33.02
33.09
33.68
32.78
32.15
33.16
32.46
34.39
34.47
33.36
33.14
32.76
33.10
32.66
32.79
32.90
32.80
33.12
33.27
33.53
32.84
32.66
32.18
32.44
32.11
31.07
30.54
30.56
32.22
31.14
30.25
30.31
31.12
29.84
29.93
30.81
31.34
30.50
30.01
29.24
30.15
29.05
28.98
29.81
29.85
30.20
29.97
30.47
30.53
30.11
29.52
28.54
28.59
28.33
29.05
29.31
29.29
29.18
29.12
29.92
30.09
30.47
30.43
30.89
30.92
30.50
30.72
30.90
30.84
31.54
31.50
31.61
31.11
30.77
30.08
29.75
29.87
28.88
28.51
28.31
27.89
28.49
28.98
29.32
29.75
29.91
30.24
30.00
30.32
30.73
30.48
31.35
30.85
31.09
31.00
30.84
31.53
30.79
30.49
30.20
30.89
31.39
32.43
32.76
33.08
33.50
33.30
32.85
31.71
32.01
31.85
32.23
32.28
32.37
31.75
31.63
31.20
30.93
32.04
31.96
32.33
31.81
32.01
32.83
32.95
33.76
33.78
34.10
33.99
34.79
34.01
34.50
34.23
34.46
34.37
34.89
35.12
35.40
35.94
35.83
35.45
34.91
35.49
35.07
35.30
34.77
35.04
34.39
34.45
34.09
34.52
35.09
35.26
36.01
36.09
35.63
35.46
36.85
36.70
37.52
37.51
37.25
36.28
36.40
36.27
36.40
36.65
37.00
36.73
36.63
37.24
36.71
36.97
37.21
36.32
35.28
35.09
34.59
35.54
37.31
36.15
36.61
35.76
35.54
36.32
37.14
37.68
37.71
37.67
37.47
36.91
37.21
36.79
36.76
36.59
36.27
35.45
35.60
35.29
35.12
35.41
35.82
35.50
35.51
35.84
35.91
36.04
36.38
37.03
37.50
37.96
38.38
38.54
38.53
39.23
39.27
39.48
40.79
40.87
40.00
40.58
40.41
39.69
40.59
40.94
42.31
41.02
41.36
41.74
41.78
43.15
42.14
41.52
41.97
42.28
42.16
42.24
42.11
42.20
42.34
42.69
43.86
42.58
42.83
42.85
42.67
42.56
42.55
44.27
44.64
44.47
43.60
43.91
44.29
43.88
43.30
42.34
42.68
42.40
42.37
42.83
43.26
42.64
43.24
43.63
43.91
43.75
44.72
45.64
45.50
45.94
44.86
45.19
44.77
44.62
44.33
44.19
44.88
44.20
45.00
44.53
43.60
44.78
48.09
47.14
48.12
47.52
48.19
48.95
49.40
49.68
49.55
49.44
50.06
49.75
50.72
50.50
50.01
50.91
49.56
49.86
49.86
50.75
50.47
49.44
49.16
47.70
47.67
47.90
48.66
48.70
48.60
48.60
48.69
48.55
47.98
48.55
50.34
49.62
49.40
49.22
49.27
50.10
49.79
51.61
51.98
51.01
51.25
50.32
51.34
51.81
51.75
51.84
53.08
52.85
53.28
52.00
51.38
50.74
51.55
51.81
52.47
51.60
51.37
51.76
51.92
52.52
52.48
51.89
50.57
49.84
49.10
50.28
47.69
46.99
46.59
45.58
43.30
42.33
44.07
41.55
43.79
45.19
45.78
45.68
44.38
43.14
44.17
43.80
44.63
46.27
44.35
46.24
46.54
47.74
47.58
45.79
44.62
46.47
46.75
46.60
44.49
46.38
48.31
49.11
51.07
49.66
50.04
49.92
46.75
46.80
48.13
49.61
49.27
48.35
46.08
45.77
42.11
43.54
44.62
45.00
45.52
46.38
47.21
46.02
47.22
46.87
44.24
45.40
46.68
47.43
48.21
47.67
49.43
49.92
49.17
48.38
46.81
47.00
46.80
46.07
45.45
45.29
45.22
46.06
46.62
46.93
46.80
45.99
44.99
44.61
43.74
44.33
43.96
43.55
44.46
45.31
47.36
48.59
48.49
48.84
48.36
47.99
49.23
48.21
48.71
48.44
47.86
47.88
49.02
48.92
49.42
49.83
49.89
50.95
51.35
51.35
50.93
51.06
51.24
51.26
51.89
52.75
52.63
52.96
52.49
53.22
52.69
53.05
53.35
52.31
52.34
52.20
52.27
50.63
51.61
50.34
50.82
51.40
52.16
53.25
52.74
50.98
51.09
52.00
52.21
52.57
53.50
53.90
54.53
54.62
54.81
54.99
55.06
55.15
55.11
55.34
55.63
55.99
55.75
55.96
55.64
54.71
54.36
54.87
55.75
55.80
55.12
55.16
55.90
55.58
56.31
55.93
54.99
53.62
53.87
53.89
55.25
55.39
55.00
57.97
58.94
59.02
59.16
58.82
58.52
57.96
58.08
58.03
58.39
58.35
57.61
57.70
57.28
59.16
59.04
59.02
58.79
56.94
58.61
56.95
56.27
56.77
56.52
55.65
54.35
55.24
55.37
55.56
55.20
54.82
55.02
55.04
55.07
54.89
54.09
55.76
55.45
55.03
56.17
56.08
56.00
56.21
55.22
54.77
54.84
56.61
57.80
56.84
58.22
57.47
57.72
58.17
59.69
58.79
59.58
59.95
59.83
58.50
58.59
57.66
59.50
58.87
60.34
58.89
56.39
54.88
55.29
56.29
56.27
55.77
55.88
54.61
55.18
55.21
55.54
57.39
54.87
54.37
54.64
51.50
53.12
51.81
53.32
52.74
51.21
50.75
51.38
51.86
51.38
52.30
52.57
51.84
51.64
52.19
51.90
52.84
53.64
52.97
53.44
53.43
53.99
53.87
54.12
54.40
54.53
54.46
54.84
54.40
54.74
54.55
54.97
55.01
53.71
52.68
52.64
54.70
54.59
54.33
55.06
54.69
55.09
56.08
56.22
56.34
56.29
55.95
55.72
56.46
56.98
57.15
58.10
57.59
57.60
57.42
57.54
57.75
57.14
57.19
57.58
55.80
56.01
55.52
56.08
56.44
55.94
56.14
56.14
55.86
57.02
56.26
55.28
55.38
54.35
53.36
53.04
52.04
52.39
51.27
51.25
52.23
52.92
53.20
53.67
52.99
53.13
52.27
53.26
54.18
54.56
53.96
53.73
53.90
53.80
53.87
54.25
55.00
55.22
54.17
54.08
54.62
55.12
54.48
55.38
54.80
54.80
54.12
54.09
53.63
54.88
53.44
52.20
51.88
52.00
51.59
52.52
53.40
52.87
53.22
53.64
53.76
54.40
54.65
56.11
56.03
56.36
56.42
55.75
56.25
55.84
55.74
55.32
57.07
57.44
57.36
57.16
57.56
57.20
57.01
57.01
57.06
54.20
56.51
55.57
55.40
54.69
53.51
52.96
53.82
53.34
53.31
53.43
53.56
53.76
53.97
53.83
54.17
54.68
54.58
54.63
54.30
55.00
55.47
54.69
55.14
54.65
55.14
55.55
56.66
57.16
61.63
62.41
61.75
61.92
62.07
62.09
62.32
62.39
62.83
62.72
62.18
62.39
59.39
59.94
59.99
59.47
58.90
59.13
59.26
59.95
60.14
59.96
59.71
59.79
59.38
60.08
60.32
62.25
62.04
62.67
62.30
61.52
61.30
62.25
62.73
62.57
62.00
62.09
62.02
62.49
63.32
63.43
64.45
62.89
62.60
63.01
61.75
62.27
62.58
63.15
64.24
63.70
64.13
64.29
64.90
65.70
64.80
64.19
63.49
65.03
64.03
65.06
65.62
65.89
65.43
64.96
65.96
66.95
68.02
68.00
68.27
68.57
68.13
67.24
67.01
69.35
70.61
71.56
72.21
72.81
72.08
72.13
72.11
72.88
72.47
73.23
73.03
72.36
73.18
73.18
73.15
73.20
72.41
72.43
73.19
71.99
71.15
71.53
71.85
72.18
72.04
72.01
72.64
71.95
71.40
71.34
72.46
71.81
72.46
73.34
74.24
74.11
74.60
74.58
75.32
74.92
75.09
75.11
74.15
73.09
70.55
70.80
72.18
72.30
72.00
71.70
71.29
71.74
72.24
72.50
72.50
72.59
72.00
71.71
72.13
73.93
73.86
74.51
74.50
71.77
71.26
68.65
68.22
68.51
68.01
67.51
67.55
66.88
68.12
68.40
68.27
68.78
68.50
68.87
70.90
69.70
70.73
70.47
69.95
71.34
71.13
71.97
71.76
71.88
72.39
72.91
74.00
74.21
74.67
74.59
73.64
74.14
73.02
73.32
73.23
73.50
73.70
74.08
72.19
71.20
70.73
71.22
71.03
72.17
72.63
73.84
74.20
74.44
75.00
74.85
75.00
74.91
74.80
75.42
74.94
76.33
75.65
76.20
74.67
74.05
73.99
74.13
73.12
72.72
73.83
72.70
72.83
71.31
71.65
71.39
71.70
71.87
72.14
70.80
69.94
70.77
70.50
70.91
69.76
70.91
70.13
71.16
73.52
73.55
73.60
73.43
74.14
75.98
75.33
75.78
76.04
76.70
77.74
78.26
78.15
78.01
77.28
77.91
77.28
77.76
77.02
76.14
76.97
78.07
79.58
82.19
81.65
81.59
81.48
81.58
81.40
82.08
82.35
81.54
81.65
82.69
81.50
81.07
80.80
81.42
79.77
79.44
79.36
79.49
75.44
75.70
75.19
75.81
76.15
76.57
76.35
75.95
75.25
75.05
74.68
74.83
75.13
75.59
77.82
76.82
77.20
77.86
78.05
77.16
76.35
76.42
77.19
76.71
77.71
78.65
79.23
78.97
78.60
79.24
79.77
79.31
79.73
80.48
79.99
80.05
79.60
79.76
79.78
79.34
79.18
77.90
78.17
79.35
80.83
81.39
81.43
81.35
82.48
81.69
82.28
81.74
81.80
82.59
82.99
82.02
81.98
81.28
81.92
83.33
84.04
84.07
84.25
85.47
85.22
85.52
86.31
85.45
84.12
85.03
84.96
84.76
81.77
81.14
81.59
81.83
80.95
81.00
79.41
80.39
79.61
80.62
81.71
82.21
81.77
82.49
82.94
83.61
83.60
84.39
84.45
85.18
86.00
86.75
87.12
86.78
86.76
86.95
87.70
88.00
88.44
86.76
87.24
86.30
86.00
86.95
87.42
88.51
87.80
87.32
86.62
87.79
86.25
85.58
86.68
86.00
84.85
85.37
86.65
84.90
84.29
86.35
85.09
85.22
84.34
82.17
84.76
86.85
88.24
89.16
91.44
90.94
90.66
91.43
91.05
92.90
92.56
95.00
95.45
94.99
95.57
96.04
95.50
93.68
95.05
95.23
95.64
96.02
95.20
96.99
97.73
96.46
