52.94
52.94
52.62
52.88
56.88
59.81
58.69
59.50
59.81
61.50
58.25
58.50
58.50
57.75
54.56
54.56
54.50
53.88
52.25
52.56
53.12
54.88
55.06
55.62
55.81
55.75
53.75
57.06
55.88
56.38
58.25
59.31
61.88
57.25
57.69
56.88
51.94
50.56
50.50
51.00
49.81
52.00
52.06
52.25
48.88
46.38
47.12
48.56
49.00
49.06
49.50
49.75
51.19
51.69
53.00
52.00
52.25
54.44
55.38
54.94
54.50
55.56
56.44
59.31
57.75
59.06
59.62
60.25
62.56
62.06
64.75
63.31
61.88
61.75
62.44
63.38
63.44
67.44
67.50
67.00
66.88
66.19
64.50
62.69
60.25
62.00
62.81
62.62
65.00
67.75
68.75
69.19
72.00
74.56
74.25
74.69
75.62
74.56
75.12
76.50
76.31
75.19
75.88
74.50
74.12
74.56
74.69
72.50
73.12
73.81
74.12
76.00
80.00
80.25
82.00
80.25
79.94
80.06
79.38
79.94
79.44
79.75
79.25
77.88
82.62
85.62
85.31
87.50
87.06
88.62
86.25
87.25
87.44
85.25
83.25
83.88
81.62
83.75
82.62
84.12
81.81
78.75
78.12
78.38
80.88
81.19
81.31
81.81
81.88
85.50
87.94
86.88
85.50
86.81
87.88
92.50
92.06
91.62
91.69
90.25
91.12
91.75
90.81
91.00
89.25
89.75
90.31
90.00
90.44
93.38
92.44
92.50
91.62
90.38
90.50
91.25
89.69
93.25
91.69
91.06
92.12
91.56
93.56
93.88
96.31
95.62
97.69
98.12
98.62
97.25
103.88
102.25
101.81
102.12
102.12
103.44
103.44
100.75
101.62
105.38
106.25
104.69
102.31
103.50
103.81
104.62
103.31
105.50
108.50
110.75
108.81
104.88
104.25
104.88
106.38
106.88
109.69
109.56
112.75
108.38
109.31
114.06
115.00
114.62
113.31
114.56
110.38
112.75
111.81
115.75
115.19
116.88
115.06
115.00
117.50
116.75
114.88
117.50
119.25
117.75
117.44
113.81
117.00
116.12
115.38
114.38
118.38
118.12
59.00
59.12
60.12
61.31
58.12
57.00
52.81
53.56
53.38
53.44
54.31
54.38
53.75
53.25
52.00
51.38
50.50
52.75
55.31
57.19
59.31
59.31
58.62
56.64
54.92
55.90
59.85
60.66
60.90
61.86
60.56
58.25
58.03
58.53
56.89
56.24
56.25
55.25
55.91
54.01
52.97
54.70
56.71
57.95
57.53
58.90
58.80
59.30
60.15
60.39
60.72
59.10
58.11
57.85
57.65
55.65
55.20
56.30
54.20
50.55
52.97
54.75
56.15
55.85
56.40
58.16
58.22
58.00
57.90
59.85
58.23
59.15
56.50
57.30
57.75
57.59
57.98
58.90
60.01
59.75
59.60
60.00
60.25
63.03
64.61
64.75
64.55
63.20
61.48
59.80
60.24
58.54
58.56
57.25
57.34
58.50
58.80
58.40
57.50
56.05
55.01
53.50
52.50
52.90
54.10
53.10
53.85
55.85
55.89
55.97
56.22
56.82
57.05
57.43
56.25
55.50
56.84
57.50
56.79
57.02
57.51
57.60
59.28
59.60
61.60
61.41
61.59
62.06
61.34
61.25
62.05
61.00
61.50
62.20
62.51
62.82
62.54
64.88
63.80
64.76
65.60
66.22
65.14
65.44
64.35
63.30
64.25
63.68
65.21
66.23
64.65
63.06
63.01
63.33
63.60
63.45
62.75
63.50
64.61
64.87
65.27
65.20
65.11
65.20
66.26
66.31
67.52
68.01
68.11
68.30
68.84
68.43
67.33
67.78
67.90
66.85
64.65
65.30
64.03
62.38
60.90
61.30
58.80
60.91
61.90
62.55
65.80
65.30
66.30
66.15
66.75
66.80
67.65
67.41
67.26
67.93
67.33
65.91
66.09
68.30
67.03
66.85
67.30
67.56
67.86
66.00
65.60
65.90
67.04
66.50
65.51
64.60
65.22
65.79
65.70
64.85
63.79
63.00
62.42
64.30
64.16
65.02
65.23
65.44
67.40
70.10
70.50
69.65
70.50
70.79
70.61
70.65
70.38
70.55
70.56
71.32
71.79
71.06
71.25
67.81
69.14
68.64
70.01
70.32
68.95
69.00
68.08
69.38
70.04
69.71
70.40
70.58
69.15
69.20
69.55
68.60
68.52
69.21
69.27
70.22
71.76
71.90
72.72
72.00
72.10
72.15
71.76
73.00
73.50
73.15
72.80
71.81
72.75
74.22
73.65
73.90
74.05
74.34
73.81
73.57
74.70
74.50
74.15
73.57
73.65
72.40
73.65
74.55
74.27
73.50
71.80
71.81
71.08
67.85
68.02
69.20
69.32
71.08
71.30
72.41
73.14
73.19
74.29
73.86
74.31
75.04
74.83
74.52
74.07
74.25
74.01
75.61
75.13
76.30
75.95
76.32
76.90
76.77
77.04
77.25
77.61
76.30
75.75
76.01
77.45
80.20
83.63
85.50
84.95
85.16
86.54
85.60
85.01
86.36
88.90
88.85
89.05
89.01
87.40
86.35
88.50
88.12
86.51
85.89
87.20
88.30
87.70
85.50
86.26
86.00
86.86
87.50
87.90
88.90
89.90
89.57
89.85
89.10
89.94
90.70
91.80
94.00
96.65
96.50
95.20
91.15
93.49
93.62
96.00
95.70
93.05
88.10
88.00
87.60
89.35
89.82
90.80
88.85
87.10
90.56
92.62
91.80
87.88
85.83
91.10
88.01
89.50
90.25
87.82
88.01
81.50
81.48
82.04
84.30
84.32
85.15
83.91
84.10
84.47
83.94
82.05
83.00
82.95
84.90
85.40
87.10
86.64
86.63
87.95
87.50
88.52
88.80
88.52
89.74
89.85
89.76
87.91
86.21
85.79
87.44
84.26
84.03
85.30
86.05
86.20
88.06
88.50
87.91
88.66
91.08
91.23
90.41
89.50
89.30
88.75
86.02
86.81
86.25
87.38
86.40
87.20
87.95
90.28
89.35
89.50
89.63
90.70
90.99
92.75
93.21
95.58
96.27
96.80
97.48
98.77
98.48
97.99
98.03
94.50
94.10
93.04
94.46
89.00
89.60
92.93
90.39
91.60
94.17
86.51
85.50
87.27
89.06
90.42
90.40
92.50
90.57
88.30
83.12
84.25
75.04
77.50
79.79
80.39
76.40
76.27
78.43
80.50
82.81
80.80
80.93
82.50
82.90
81.25
81.41
82.09
81.28
80.75
80.13
81.20
83.67
83.00
82.24
81.50
82.61
82.80
85.71
84.20
82.75
83.72
83.51
82.95
82.15
81.75
81.40
81.00
82.00
83.10
82.50
83.50
84.49
82.36
82.70
83.45
85.45
85.40
85.30
83.55
83.93
83.57
84.31
84.65
83.37
79.30
78.74
78.40
80.10
81.67
80.55
80.34
79.80
79.23
80.60
81.62
82.40
83.26
82.44
82.40
83.43
83.90
83.60
82.95
82.19
83.91
83.50
83.78
86.27
86.34
86.16
88.06
87.82
88.85
89.50
88.15
89.39
90.88
89.50
91.38
91.10
91.99
92.37
91.87
92.17
90.87
90.65
91.95
92.10
88.20
89.84
89.22
88.80
90.25
89.45
90.56
89.65
90.10
89.80
90.50
89.45
92.74
93.19
92.68
92.00
92.39
92.93
93.16
93.15
92.24
93.14
94.29
94.75
95.00
96.59
95.12
95.35
94.75
94.53
94.13
94.17
93.70
95.10
94.69
97.01
96.88
98.00
98.83
100.68
100.62
101.75
103.73
104.00
49.74
49.76
49.54
50.23
49.25
49.54
50.00
50.00
49.50
50.05
50.77
51.04
51.50
51.78
51.09
50.86
49.81
49.57
48.15
47.25
51.20
50.24
52.35
52.74
53.25
52.76
53.77
54.67
54.40
51.84
51.60
51.16
50.85
47.51
49.00
49.58
49.88
50.32
50.33
50.35
50.50
51.25
51.08
50.16
49.49
48.82
48.55
47.95
48.65
48.71
48.54
49.10
49.40
49.27
49.43
49.65
50.12
49.90
49.48
49.54
49.60
49.80
49.92
50.39
49.94
49.20
49.35
49.04
47.90
48.00
48.18
48.80
49.50
51.37
52.60
51.19
51.00
51.18
51.33
51.58
52.59
52.10
51.30
52.40
53.60
54.19
53.80
54.70
53.89
53.39
51.03
52.11
52.18
50.62
50.82
50.31
49.50
49.25
48.83
47.58
47.77
48.18
48.10
49.41
49.45
48.83
49.00
49.50
50.59
50.58
51.89
52.15
53.25
53.40
53.90
54.22
54.11
53.59
53.08
53.05
53.27
52.55
53.41
53.76
54.38
54.33
54.79
55.87
55.51
55.81
55.84
55.64
56.23
56.50
57.28
57.94
58.42
55.45
56.16
56.40
57.31
56.45
56.45
56.18
56.70
57.06
57.93
58.20
58.00
59.40
58.76
58.94
59.19
59.26
59.33
60.24
59.67
59.40
59.77
58.12
58.35
59.15
59.41
58.39
59.14
59.10
59.70
60.20
60.73
60.36
60.80
61.14
61.40
60.50
61.74
61.46
61.10
61.45
61.85
61.93
62.40
61.20
61.32
60.60
60.80
61.45
62.37
62.32
63.32
63.21
62.66
62.11
61.72
61.44
61.89
62.61
63.10
63.48
64.32
64.70
65.62
66.50
66.18
66.07
66.76
67.13
65.82
61.73
63.25
65.06
63.30
63.64
64.42
65.65
63.61
63.61
63.10
62.20
61.00
60.74
61.42
61.51
60.99
60.46
58.61
60.27
60.88
61.71
61.57
61.51
62.62
62.70
61.81
62.48
63.07
63.09
62.50
62.99
64.20
64.69
64.80
65.17
64.73
64.88
64.06
64.62
63.69
63.10
63.21
63.54
63.61
63.62
62.04
61.16
60.75
60.87
61.45
60.30
61.00
61.43
61.00
60.66
59.34
60.05
60.26
59.75
59.81
61.21
61.74
61.91
65.26
64.34
64.87
64.31
62.80
62.20
62.62
60.07
60.62
62.50
62.15
62.05
62.25
61.88
61.96
60.71
61.21
61.90
62.38
63.55
64.33
64.30
64.45
64.65
64.11
64.89
64.68
64.75
64.58
64.90
65.25
65.10
65.25
65.93
65.85
66.94
67.04
68.34
68.42
68.09
68.83
68.71
69.34
69.61
68.80
67.17
69.71
69.85
69.50
69.93
70.88
72.36
71.95
72.55
73.21
73.22
73.08
73.81
74.28
72.63
73.05
72.21
71.60
72.65
70.89
72.83
64.61
65.81
67.02
68.21
68.47
70.17
71.00
71.48
71.90
71.58
71.90
74.75
75.25
78.03
78.98
79.23
79.23
80.45
79.60
80.82
80.22
80.62
81.55
80.79
80.70
81.18
81.95
82.40
82.83
82.20
81.52
81.54
81.83
79.86
79.26
79.93
81.82
83.61
84.67
85.41
85.49
85.41
85.05
84.53
84.78
85.05
85.00
85.29
85.54
86.36
87.25
87.70
86.48
85.25
85.58
86.20
86.60
87.15
87.11
87.58
88.16
88.32
88.10
87.60
85.47
86.64
88.01
87.58
87.54
86.80
87.46
88.34
88.81
89.49
89.66
90.05
88.75
88.42
86.90
87.30
87.47
87.51
89.23
89.16
88.74
88.75
86.65
86.90
87.62
89.45
90.40
90.24
90.17
90.85
91.92
91.05
90.26
89.20
90.45
90.12
89.88
89.96
89.40
89.62
90.33
90.72
91.88
91.10
92.17
92.54
92.80
92.90
95.29
94.55
95.28
96.41
97.70
98.00
97.98
97.11
95.35
94.00
92.50
92.24
89.55
91.00
91.80
91.30
90.67
89.65
89.99
88.60
91.35
92.50
94.06
94.52
97.20
97.00
97.82
97.50
97.63
96.56
98.00
93.81
95.76
95.70
95.29
95.72
96.35
96.38
97.01
96.37
96.77
96.84
48.50
48.51
49.34
50.49
50.55
50.99
50.70
50.80
50.51
50.90
51.40
51.05
51.16
51.61
49.14
51.10
51.37
51.47
51.29
51.20
51.60
52.79
52.01
52.19
52.75
52.25
53.25
53.05
52.43
51.66
50.90
50.25
50.36
50.81
49.95
49.45
47.75
49.51
50.61
51.11
51.11
51.76
52.20
52.03
52.52
52.90
52.82
51.75
51.05
51.02
51.61
51.77
51.73
51.62
51.10
51.07
51.25
51.18
51.20
51.05
50.46
50.30
50.23
50.09
50.38
50.40
51.50
52.19
52.60
53.11
53.15
53.90
54.10
53.00
52.82
53.03
53.19
53.15
52.41
52.32
52.59
53.64
55.10
55.26
54.86
54.66
55.67
56.15
56.88
56.20
55.95
56.14
55.88
55.12
54.69
54.02
55.14
55.93
56.00
56.53
57.08
56.51
57.04
55.16
53.84
54.42
55.25
56.61
58.00
58.25
57.64
57.75
58.01
57.78
57.10
57.75
59.10
59.13
59.42
59.90
60.05
60.65
60.55
60.40
60.35
60.16
58.40
58.50
59.80
60.36
61.47
61.36
61.75
62.05
62.17
62.15
62.01
62.61
62.94
62.54
63.03
61.03
61.80
63.42
63.27
63.30
63.21
63.25
62.75
62.13
60.60
61.60
61.49
62.03
61.26
61.44
61.62
61.74
59.71
59.98
60.58
59.29
59.39
57.72
58.05
57.45
57.12
58.01
57.65
58.01
59.05
58.75
59.09
58.25
57.70
55.25
58.04
57.40
58.17
58.50
58.72
58.13
57.83
57.94
58.34
59.37
58.51
58.82
57.87
57.84
57.22
56.49
56.24
56.10
56.32
56.28
56.15
53.85
55.45
56.55
56.46
56.15
56.15
55.56
55.00
55.85
55.45
54.83
53.20
55.30
55.72
55.50
55.34
55.00
55.05
53.72
53.65
51.43
50.88
51.55
53.06
51.45
49.51
47.44
49.05
49.48
49.10
49.19
48.80
46.56
47.92
49.30
48.45
46.32
46.08
45.92
44.88
43.31
44.31
43.93
43.60
45.60
46.89
46.20
44.66
44.20
43.38
42.75
41.44
42.10
42.45
42.80
43.46
44.08
46.28
46.04
45.60
46.19
45.79
45.62
45.05
44.75
44.55
44.20
44.20
43.31
43.50
43.50
44.20
44.10
44.65
44.17
42.90
44.43
44.28
44.40
44.29
44.53
45.01
45.45
46.90
47.78
47.81
46.97
47.27
47.38
49.65
49.47
49.35
49.93
50.48
50.28
47.40
47.47
47.27
47.46
48.44
47.63
47.91
48.14
48.78
48.90
46.50
46.98
47.51
47.75
47.84
48.12
48.52
49.02
49.45
49.45
49.64
50.15
50.47
50.60
50.98
51.25
51.33
50.65
49.71
49.97
50.34
50.21
51.64
51.93
51.50
51.90
51.93
51.12
51.46
50.02
48.90
48.30
48.55
47.91
49.00
48.91
48.52
48.95
49.02
49.10
50.56
50.62
49.56
49.30
49.08
48.52
47.15
46.61
46.65
48.79
50.58
50.33
49.83
48.44
48.90
48.93
48.74
48.55
47.86
48.09
47.47
47.83
48.35
47.37
45.12
45.28
45.80
46.86
47.35
47.50
46.88
46.73
46.19
46.22
46.19
46.18
46.25
46.94
47.90
48.49
48.62
48.68
48.72
49.00
49.28
49.35
49.76
49.64
49.59
49.14
49.98
50.49
52.34
53.63
52.91
52.99
52.05
52.87
53.40
52.32
52.05
51.93
52.22
52.43
52.20
52.95
54.25
54.72
55.52
53.36
53.08
52.05
51.40
50.76
51.80
51.28
51.35
51.81
51.44
51.78
52.75
51.86
50.51
50.99
51.17
50.75
51.38
51.46
51.31
51.98
53.43
53.61
53.21
53.45
52.88
52.67
50.94
51.71
51.24
53.00
52.93
53.54
53.11
53.11
52.84
52.67
52.97
52.73
53.18
52.89
53.33
53.88
53.30
54.65
55.27
56.20
54.90
54.59
52.35
52.52
53.13
54.00
54.40
54.72
54.81
53.91
52.90
52.76
52.20
52.75
54.09
53.87
51.25
52.11
53.00
53.35
52.34
52.18
52.72
52.74
52.44
52.72
52.99
53.00
53.16
52.78
52.74
52.00
52.86
52.78
52.52
52.59
53.24
53.14
53.12
53.35
53.61
53.67
54.03
54.40
54.23
54.51
54.82
54.90
54.33
53.82
53.07
53.01
53.05
52.77
52.35
52.80
52.78
52.66
52.60
51.39
51.13
51.03
51.21
51.36
51.05
51.45
50.70
51.48
51.75
51.70
52.11
51.94
51.47
51.15
51.13
52.37
52.87
52.59
53.14
51.30
50.78
51.06
50.96
50.70
49.80
49.10
48.75
48.13
47.36
47.50
47.40
47.51
45.82
46.95
46.03
46.05
47.80
48.17
48.75
47.97
48.90
49.22
49.27
48.10
48.34
48.17
49.19
48.61
48.27
48.33
49.01
49.99
49.14
49.03
48.98
48.97
48.78
49.35
49.39
49.18
49.57
49.53
49.60
49.55
49.78
49.43
49.43
49.13
49.24
48.00
47.91
47.42
46.59
47.15
47.38
47.68
47.76
48.44
49.20
49.15
48.75
48.36
48.25
47.92
47.37
47.09
48.15
47.90
48.18
47.00
47.80
47.40
48.40
48.50
48.12
48.50
48.90
49.51
49.54
49.89
51.48
52.43
52.66
52.72
52.89
53.02
53.35
53.11
53.65
53.32
53.21
53.66
54.58
54.06
54.03
53.90
54.23
54.15
55.27
56.48
56.93
57.26
56.58
55.11
56.37
56.34
56.25
57.10
58.03
58.76
58.75
58.20
58.08
57.87
56.46
56.52
55.94
55.54
55.98
55.75
55.07
55.47
55.08
54.53
54.60
53.79
53.11
50.32
48.12
49.28
49.50
49.59
50.12
50.13
49.32
49.65
49.79
49.40
49.28
48.66
47.59
47.39
47.89
44.00
46.20
46.34
47.78
47.50
47.70
46.75
47.30
47.50
48.80
47.95
46.32
45.55
46.01
46.52
45.75
45.14
44.97
37.32
34.67
37.11
36.63
33.73
33.57
34.52
34.84
35.31
34.81
33.94
33.81
33.90
33.83
34.60
35.80
35.38
36.02
36.49
36.51
37.15
36.52
35.73
35.53
36.08
35.76
35.72
36.05
37.04
33.48
33.77
33.41
33.57
33.46
32.94
32.50
32.32
33.01
33.06
32.56
32.56
32.50
32.62
32.56
32.50
32.02
31.49
31.86
32.45
33.46
33.82
34.00
34.32
34.62
34.21
34.01
34.06
33.66
33.50
33.67
33.57
32.99
32.75
32.48
31.76
30.98
30.00
29.92
29.96
29.89
26.93
27.00
26.22
25.92
26.48
25.89
25.99
25.50
25.29
25.04
22.72
22.68
22.51
22.75
22.18
21.54
22.03
21.20
21.97
22.49
23.24
23.76
24.15
27.28
26.81
26.90
26.78
26.62
26.69
27.12
27.44
27.50
28.96
29.36
29.01
29.27
30.24
31.18
30.87
31.10
31.13
31.90
29.98
29.89
29.85
30.11
29.16
29.01
28.82
29.43
29.86
29.00
28.98
27.72
27.23
28.22
28.48
28.42
28.52
28.91
27.90
25.84
25.50
24.90
26.34
26.14
25.24
24.98
25.10
25.00
21.00
23.67
24.76
24.70
23.99
21.65
20.52
19.20
17.54
14.51
17.83
22.66
21.57
20.70
22.56
24.20
25.00
22.70
22.17
21.26
20.20
20.00
21.00
21.12
21.30
23.25
22.55
22.48
21.97
21.83
21.09
19.59
18.83
17.86
20.01
18.89
18.11
17.70
15.93
15.19
17.28
19.45
19.72
20.75
20.04
19.25
19.05
19.53
19.23
20.88
20.19
20.89
21.21
22.55
23.46
22.50
23.67
23.69
24.92
25.00
25.72
25.48
25.99
25.08
25.76
26.20
26.54
26.56
25.81
26.04
25.75
25.80
25.29
24.85
23.77
23.86
24.76
24.03
23.86
25.25
25.93
27.80
28.09
29.25
28.51
27.66
27.80
28.69
28.75
28.52
28.50
28.91
27.84
27.65
27.50
28.65
27.24
27.80
28.28
27.54
23.35
23.60
22.56
19.51
19.42
17.00
16.84
17.62
16.18
16.32
17.14
17.64
18.77
18.86
20.39
20.62
20.35
21.28
21.09
20.25
20.54
21.11
20.61
20.87
20.90
20.16
20.60
19.85
20.83
20.14
20.25
20.70
22.55
23.00
23.50
23.68
24.08
23.67
23.10
23.52
22.72
22.50
21.95
22.56
22.73
22.69
23.27
23.37
22.74
22.80
23.62
25.25
25.80
28.54
27.40
26.37
26.50
27.02
27.17
26.60
27.25
27.13
26.64
26.13
25.86
26.91
27.07
26.00
26.66
27.12
26.60
27.02
26.31
25.66
25.36
25.42
23.23
23.48
23.43
23.27
23.83
23.97
25.02
24.47
24.19
24.36
24.55
24.55
24.49
24.63
24.65
23.89
23.69
24.00
23.91
24.22
24.39
24.27
24.61
24.15
24.32
24.79
24.36
24.95
25.37
26.04
26.00
27.06
27.46
28.20
27.75
27.74
27.07
26.50
26.04
25.42
25.99
26.18
26.80
27.50
27.19
27.61
27.72
27.80
27.61
28.02
28.27
28.55
29.18
28.81
28.52
27.98
27.70
27.27
27.36
28.03
28.55
27.59
27.70
28.05
28.77
28.43
27.66
27.81
29.13
28.41
28.22
27.51
26.63
25.98
25.13
25.36
24.94
24.52
24.70
23.95
23.95
23.82
24.40
23.50
24.41
24.81
23.96
24.35
24.38
24.33
24.41
25.50
25.03
25.02
25.60
25.29
25.19
25.81
26.00
25.90
25.64
26.26
27.62
27.67
27.80
28.20
28.62
28.66
28.69
28.85
28.95
28.79
28.65
27.87
28.30
28.93
28.85
29.37
28.70
28.50
28.63
28.16
27.30
27.30
27.52
28.07
28.13
28.54
30.40
30.76
30.88
31.41
31.31
31.08
31.92
32.18
31.52
31.25
31.08
30.72
30.60
30.45
30.97
31.28
31.41
31.59
32.34
32.70
31.54
31.68
32.33
33.10
34.50
34.29
33.00
33.10
32.96
32.44
32.11
33.04
32.96
32.22
32.93
32.82
32.39
31.84
32.23
32.00
32.30
32.44
32.03
31.39
31.68
32.12
31.83
31.88
32.36
32.36
32.84
33.36
33.53
33.61
33.77
32.42
32.96
33.03
33.07
32.94
32.94
32.78
31.93
32.09
32.26
31.98
33.72
33.21
32.96
32.72
32.60
32.60
32.52
32.60
32.50
32.52
32.77
33.25
32.74
32.20
31.61
32.01
31.83
30.94
30.08
30.34
30.56
30.26
30.09
29.88
30.28
29.70
29.62
29.71
30.79
30.22
29.89
29.28
29.14
27.97
28.25
28.92
29.55
29.79
29.93
29.56
29.87
30.08
29.75
28.95
28.16
28.17
28.11
28.77
28.85
28.85
28.89
28.87
29.66
29.89
29.32
30.26
30.45
30.22
30.13
30.55
30.76
30.84
31.17
31.20
31.05
30.58
30.12
29.63
29.58
29.12
28.46
28.31
27.13
27.79
28.29
28.80
29.25
29.52
29.61
29.80
29.78
30.12
30.15
30.29
30.24
30.58
30.65
30.74
30.84
30.63
30.15
30.04
29.94
30.83
31.27
32.40
32.68
32.96
33.36
32.96
31.74
31.57
31.65
31.37
31.98
32.12
31.76
31.39
31.47
30.86
30.82
31.85
31.48
31.88
31.42
31.84
32.29
32.91
33.62
33.33
33.92
33.80
34.67
33.98
33.97
33.92
34.13
34.35
34.83
34.91
35.19
35.60
35.25
34.91
34.71
35.08
34.76
34.35
34.55
33.94
34.11
34.19
34.07
34.44
35.02
35.23
35.77
35.84
34.92
35.45
36.12
36.42
37.46
37.15
35.70
35.95
35.81
35.70
36.36
36.07
36.38
36.48
36.61
36.81
35.97
36.74
36.23
35.44
34.81
34.58
34.50
35.34
35.57
35.78
36.02
35.74
35.05
36.04
37.14
37.64
37.38
37.24
36.73
36.68
36.43
36.43
36.62
36.34
35.11
34.94
34.97
34.98
35.05
35.28
35.63
35.45
35.38
35.67
35.72
35.79
36.37
36.83
37.29
37.74
38.05
38.01
38.34
38.81
38.93
39.41
40.47
40.11
39.37
40.13
39.70
39.65
40.11
40.44
40.86
40.71
41.29
41.67
40.90
42.04
41.57
41.39
41.83
42.02
42.04
41.62
41.89
41.99
42.15
42.56
42.73
42.56
42.38
42.41
42.35
42.38
42.45
43.74
43.87
43.31
43.12
43.53
43.60
43.26
42.85
42.16
41.46
41.91
42.30
42.66
42.66
42.39
43.01
43.60
43.51
43.75
44.58
45.11
45.30
45.52
44.78
44.83
44.42
44.14
43.84
44.03
44.08
43.87
44.57
43.35
43.30
44.18
47.56
47.08
46.93
46.88
48.06
48.67
49.23
49.41
48.96
49.02
49.65
49.75
50.19
49.52
49.07
49.76
49.38
49.70
49.75
50.18
49.73
48.65
47.80
47.58
46.97
47.59
48.35
48.25
48.28
48.46
48.01
47.97
47.57
48.36
49.16
49.07
49.23
48.93
48.70
49.72
49.65
51.27
51.72
50.04
50.22
50.12
51.02
51.06
51.42
51.56
52.27
52.55
51.97
51.54
50.74
50.73
51.55
51.79
51.68
51.05
49.95
50.97
51.69
52.13
51.50
51.16
49.71
49.79
48.11
45.69
46.76
45.97
45.02
44.25
41.74
41.81
41.67
41.27
43.79
44.98
44.65
45.13
43.39
42.98
43.29
43.12
44.39
44.83
43.51
45.97
46.20
47.01
47.12
45.69
44.09
46.19
46.65
45.28
44.44
46.32
47.00
48.60
49.34
49.39
49.34
47.98
46.33
46.48
47.58
48.86
47.56
45.79
45.61
42.87
41.32
42.84
43.98
44.45
45.51
45.89
46.37
45.67
46.53
46.46
42.86
45.21
45.94
47.31
48.00
47.67
48.13
48.81
48.19
47.96
45.95
46.07
45.80
45.08
44.80
45.08
45.13
45.44
46.49
46.66
46.15
44.84
44.05
44.14
43.74
43.98
43.42
43.47
44.39
45.09
46.99
48.40
48.03
47.91
48.08
47.82
47.98
48.12
47.94
47.70
47.63
47.88
48.71
48.84
49.36
49.55
49.85
50.69
51.09
50.66
50.89
50.68
51.11
51.25
51.80
52.48
52.47
52.37
52.06
52.53
51.93
52.87
52.93
51.42
51.61
51.96
51.23
49.82
49.90
50.32
50.07
51.38
52.12
52.01
50.75
50.68
50.91
51.65
52.20
52.31
53.38
53.57
54.22
54.26
54.54
54.88
54.68
54.66
55.00
55.27
55.25
55.56
55.59
55.37
55.04
54.12
54.24
54.81
55.50
54.95
54.70
55.04
55.54
55.40
55.80
54.73
53.96
53.40
53.52
53.86
54.18
54.88
54.98
57.74
58.11
58.72
58.67
58.60
58.01
57.22
57.85
57.72
57.74
57.36
57.30
57.11
56.99
58.93
58.90
58.47
58.67
56.47
57.59
55.48
56.15
56.57
55.39
54.66
54.26
54.91
54.85
55.03
55.02
54.57
54.76
54.84
54.73
53.78
54.08
55.50
54.70
55.01
55.87
55.50
55.78
55.46
54.94
54.69
54.72
56.50
57.40
56.84
57.40
57.00
57.57
57.89
58.51
58.18
59.37
59.30
58.27
58.41
57.65
57.23
58.82
55.34
57.87
55.96
54.74
54.86
55.15
55.53
55.24
55.70
54.44
54.57
54.72
54.89
54.87
53.63
54.86
53.97
54.31
51.01
50.89
51.69
52.89
51.08
50.75
50.32
50.62
50.97
51.21
51.91
51.69
51.70
51.41
51.81
51.81
52.78
52.88
52.75
53.25
53.35
53.76
53.81
53.88
54.21
54.37
54.27
54.21
54.00
54.18
54.50
54.70
53.54
52.69
52.68
52.58
53.77
54.01
54.30
54.73
54.41
54.91
55.85
55.84
55.75
55.70
55.18
55.52
56.31
56.63
57.01
56.84
57.32
57.10
56.93
57.33
56.92
56.92
56.26
55.65
55.76
55.37
55.45
55.35
55.77
55.80
55.34
55.51
55.86
55.99
54.83
54.65
53.39
53.42
52.64
52.05
52.00
51.10
51.09
51.14
51.85
52.66
52.82
53.50
52.76
52.55
52.24
53.00
54.07
53.83
53.52
53.61
53.28
53.39
53.74
54.08
54.90
54.31
53.92
53.98
54.47
54.43
54.45
54.43
54.53
54.12
53.95
53.80
53.49
54.01
51.85
52.06
51.55
51.36
51.50
52.33
52.33
52.60
53.21
53.34
53.17
54.22
54.56
55.45
55.90
55.72
55.80
55.68
55.92
55.21
55.37
55.32
56.83
57.10
56.65
57.12
57.05
56.93
56.75
56.75
57.04
54.04
55.19
54.88
54.25
53.29
52.51
52.93
53.39
52.88
53.13
53.18
53.35
53.69
53.52
53.75
54.08
54.35
54.06
54.42
54.28
54.92
54.81
54.63
54.23
54.44
55.09
55.44
56.49
57.01
61.50
61.62
61.49
61.65
61.29
61.95
62.09
62.33
62.62
61.58
61.77
61.96
58.03
59.47
58.64
58.12
58.72
58.61
59.13
59.81
59.21
59.30
59.39
58.87
59.32
59.93
60.31
61.46
61.81
62.26
61.55
61.17
61.20
62.22
62.42
62.45
61.53
61.82
61.49
62.40
62.81
63.02
62.60
62.09
61.92
61.65
60.95
61.70
62.57
62.70
63.62
63.15
63.59
64.10
64.46
65.23
63.65
63.43
63.46
63.66
64.02
64.96
65.04
65.52
65.05
64.65
65.27
66.36
67.29
67.61
67.65
67.69
67.46
66.56
65.92
68.91
70.16
71.40
71.82
72.18
71.70
71.57
71.96
71.98
72.47
72.90
71.93
72.30
72.53
72.62
72.86
72.27
72.01
72.31
72.31
71.37
71.00
71.46
71.61
71.47
71.83
71.91
72.28
71.32
71.35
71.15
71.49
71.79
72.20
73.14
72.55
73.78
73.84
74.33
74.70
74.12
74.97
73.93
72.44
70.62
70.40
70.62
71.63
71.86
71.92
71.50
71.01
71.65
72.07
72.26
72.23
72.16
71.43
71.18
71.84
73.50
73.52
73.76
74.38
71.05
67.54
67.09
68.22
67.65
67.18
67.28
66.72
66.85
67.77
67.86
67.95
68.36
68.27
68.80
69.66
69.64
70.29
69.87
69.81
70.94
71.09
71.50
71.26
71.66
72.37
72.80
73.79
74.05
74.08
74.23
73.64
72.92
72.54
72.54
72.84
73.43
73.68
71.90
70.91
70.46
70.53
70.20
70.70
71.67
72.62
73.71
73.92
74.28
74.58
74.31
74.63
74.51
74.60
74.12
74.94
75.48
75.65
74.55
73.68
73.69
73.99
72.15
72.30
72.41
73.24
72.49
71.38
71.14
71.47
70.84
71.53
71.45
70.64
69.80
69.83
70.09
70.11
69.57
69.58
69.98
69.93
71.00
73.45
73.42
73.23
73.34
74.00
75.13
74.78
75.60
75.80
76.53
77.54
77.58
77.55
77.04
77.11
77.52
77.23
76.96
75.65
76.09
76.77
77.94
79.43
81.30
80.86
80.98
81.07
80.78
81.26
81.41
81.58
81.27
81.60
81.37
80.75
80.11
80.50
79.78
78.82
78.38
78.06
77.47
73.61
74.79
74.95
75.11
75.91
75.23
75.42
74.89
74.92
74.26
74.51
74.30
74.89
75.08
76.74
76.62
77.10
77.53
76.94
76.23
76.01
76.36
76.36
76.63
77.63
78.36
78.66
78.30
78.08
78.88
79.32
79.28
79.48
79.68
79.57
79.26
79.47
79.42
79.10
78.60
77.81
77.53
77.78
79.26
80.46
80.98
81.42
80.81
81.66
81.31
81.60
81.65
81.07
82.32
81.79
81.38
81.89
81.05
81.73
83.21
83.73
83.22
83.43
84.43
84.03
85.47
85.77
85.29
84.00
84.60
83.99
81.72
80.55
80.56
81.16
80.57
80.74
79.16
78.74
79.76
79.53
80.39
80.16
80.81
81.35
82.05
82.36
83.59
83.46
83.95
84.15
84.96
85.52
86.35
85.76
86.42
86.71
86.74
87.42
87.49
86.69
86.20
85.86
85.83
85.85
86.47
87.19
87.64
87.48
86.38
86.60
86.03
85.91
85.58
86.12
84.61
83.73
85.07
84.95
83.93
83.99
84.63
85.05
83.76
82.55
80.72
84.10
86.75
88.00
88.85
89.71
90.42
90.59
91.38
90.36
92.69
92.50
94.31
94.50
94.24
95.02
95.90
93.01
93.50
94.72
94.52
95.40
94.87
94.84
96.85
96.79
96.17
