39.81
39.75
41.38
41.12
43.69
43.50
42.75
42.50
42.00
42.94
43.12
45.25
45.75
45.00
43.62
44.75
45.00
44.88
44.50
43.94
43.31
43.38
43.12
42.56
41.69
40.00
38.38
38.75
39.12
38.06
37.38
36.88
36.56
35.88
35.88
37.06
35.88
36.81
36.56
36.12
35.94
35.38
35.69
35.00
34.12
33.38
33.25
32.31
32.00
32.44
32.88
34.69
35.38
36.38
36.19
35.75
34.81
35.50
36.12
36.88
37.31
37.62
37.81
37.06
36.56
36.00
35.62
35.38
35.00
35.00
35.88
36.50
34.75
34.06
34.31
35.56
37.50
37.50
38.25
39.00
38.94
38.94
39.00
37.81
36.81
37.81
37.94
38.19
38.12
36.56
37.06
37.06
36.44
36.75
36.56
37.12
36.25
36.25
36.62
37.19
37.88
38.00
38.56
39.00
39.31
39.50
38.56
39.06
38.50
37.69
38.62
38.06
37.69
38.38
39.25
38.81
38.56
38.31
39.06
38.75
39.38
39.50
39.31
40.25
40.50
41.00
41.44
42.06
42.56
43.06
43.00
43.06
43.69
44.12
44.31
43.44
43.31
44.06
45.19
45.81
46.69
47.88
47.69
48.19
47.94
48.44
48.69
48.88
48.81
48.31
48.50
48.38
47.12
47.56
48.50
49.31
47.25
45.88
45.75
45.31
45.50
47.62
48.88
50.19
53.38
52.94
52.25
51.94
52.25
53.75
54.00
55.56
57.00
57.62
57.69
58.12
58.75
57.69
56.75
56.62
56.25
56.94
59.25
59.00
61.75
62.81
63.38
63.62
60.62
57.25
59.00
59.50
60.25
60.50
59.25
59.06
58.81
54.00
55.94
59.44
58.62
58.38
57.31
57.81
60.06
60.62
61.12
61.88
63.00
63.69
64.06
65.12
63.81
65.50
64.00
65.06
64.50
64.44
63.25
61.94
63.06
62.69
63.56
65.06
65.00
65.31
64.88
65.56
67.00
66.25
66.19
67.56
65.19
63.69
64.50
66.81
66.81
67.44
68.38
68.12
67.75
66.50
64.75
66.00
66.12
64.06
62.56
61.44
62.25
62.25
63.75
65.62
60.56
59.19
60.25
58.12
58.69
57.19
58.31
59.00
58.56
59.50
58.25
55.62
55.50
55.69
56.19
56.88
56.50
57.50
56.31
54.56
56.50
56.06
56.04
56.42
56.47
56.65
57.12
56.78
58.21
59.09
60.34
58.84
59.63
60.15
60.15
60.20
60.55
61.02
62.00
61.99
58.60
58.30
59.88
61.29
61.87
63.55
64.20
60.96
60.06
56.83
55.51
52.85
53.75
54.76
53.20
49.70
51.60
53.55
54.25
54.00
54.25
55.31
54.53
54.11
53.92
55.84
55.32
56.00
57.83
58.50
58.62
59.18
59.00
60.70
59.55
60.50
59.61
60.00
59.90
59.77
60.84
61.80
62.70
63.25
62.71
63.00
64.25
64.30
64.00
65.16
65.30
65.87
65.44
65.65
66.56
67.97
67.87
67.50
66.00
64.05
62.90
63.20
62.80
62.33
62.90
64.90
66.70
65.72
65.12
64.10
63.67
64.20
65.40
63.32
63.72
64.41
61.54
60.38
56.70
55.40
56.39
56.05
56.88
56.88
55.58
56.30
56.15
55.15
53.77
52.55
53.19
52.90
53.26
53.77
54.08
55.40
55.05
55.70
56.27
56.05
55.19
55.82
56.52
57.95
57.40
57.12
58.52
58.32
58.56
58.34
56.50
56.32
55.88
56.11
56.15
55.85
54.39
53.79
53.40
52.80
51.94
51.78
52.00
52.30
53.01
51.55
50.51
50.17
50.26
49.45
49.90
48.45
44.79
43.46
35.45
32.00
31.93
29.75
27.60
30.09
32.76
33.35
32.10
32.90
32.05
33.13
34.40
35.25
34.95
35.94
35.62
35.40
35.89
34.90
34.78
34.88
33.51
32.51
32.80
33.54
33.80
33.99
33.63
36.05
33.50
33.03
32.42
32.31
33.21
34.60
34.30
34.77
34.60
32.80
31.58
33.20
33.64
34.08
34.60
34.70
34.86
34.34
34.90
35.60
35.15
33.95
34.31
34.60
34.03
34.80
35.43
36.06
36.60
36.71
36.65
36.66
36.00
36.82
36.99
36.27
36.31
37.46
38.15
38.28
38.16
38.55
38.69
38.78
37.85
38.32
39.42
40.92
40.02
39.50
39.63
38.60
38.07
38.43
38.02
37.65
38.03
39.27
38.00
39.40
39.74
40.34
40.09
39.05
39.87
40.90
40.80
40.50
40.56
40.96
40.81
41.72
42.61
43.52
44.00
44.36
43.40
42.55
43.20
43.37
43.90
44.25
45.42
45.90
46.50
47.90
47.41
47.74
47.50
48.93
49.05
49.45
48.90
47.34
46.41
46.77
47.22
46.90
46.34
46.12
45.25
45.54
46.05
47.50
47.80
47.62
48.56
48.56
47.40
47.59
48.30
48.39
48.60
48.23
47.53
48.19
45.00
41.99
42.74
42.40
42.00
42.35
41.00
41.30
43.10
43.48
43.83
44.48
43.85
43.33
42.80
43.30
44.50
43.55
43.76
44.64
44.51
44.52
44.80
44.87
44.11
43.29
43.39
43.05
42.75
42.65
42.46
42.65
41.83
41.45
41.87
41.92
41.75
42.83
42.30
42.60
42.39
41.78
42.54
43.40
43.10
43.02
42.74
41.52
42.82
41.87
42.96
44.10
44.56
43.86
43.17
44.05
43.87
43.09
40.46
39.55
39.13
37.20
40.05
42.15
41.23
39.56
37.58
38.10
37.10
40.31
40.14
41.30
40.60
40.35
40.35
39.10
38.53
39.01
39.70
40.25
40.41
39.55
37.10
34.10
35.40
36.99
37.41
37.73
36.91
37.26
36.90
35.85
36.59
36.40
36.33
36.70
35.23
35.25
36.00
36.54
36.50
36.55
36.92
36.35
35.01
35.90
36.07
36.01
35.45
35.65
34.86
34.65
34.50
35.56
34.66
33.20
34.25
34.13
34.19
31.95
31.63
31.18
29.95
29.98
31.34
30.25
31.14
30.27
29.46
28.53
28.58
29.55
29.85
29.70
29.35
28.70
28.54
29.20
29.55
29.56
29.63
29.87
32.01
32.11
32.50
31.00
31.25
30.87
30.87
31.04
30.90
30.62
31.20
32.02
32.80
33.20
33.26
33.85
33.80
33.70
33.81
33.56
32.43
32.23
32.31
32.00
31.75
31.80
31.40
31.25
31.84
31.42
31.73
32.29
32.40
32.53
32.52
32.14
32.33
32.47
33.00
33.89
33.96
33.03
33.03
33.37
33.43
33.75
33.82
33.25
33.28
33.03
32.27
31.76
31.78
31.00
30.60
30.59
30.50
30.20
31.20
30.53
30.50
30.54
30.33
29.90
29.89
29.57
29.36
28.90
29.43
29.88
29.59
28.20
28.43
28.40
27.99
27.64
27.66
27.24
27.02
26.91
26.53
26.00
25.40
25.46
25.11
24.73
24.90
25.17
25.32
27.00
27.55
27.37
27.01
26.94
26.83
26.21
25.90
25.99
24.85
25.20
25.90
26.43
26.10
27.10
26.90
27.32
26.42
25.70
26.35
26.55
26.56
26.03
26.65
26.59
27.65
27.52
27.16
26.49
27.38
27.23
27.00
27.49
27.45
27.40
28.01
27.94
28.30
28.83
29.29
29.13
29.50
30.10
28.95
28.62
28.55
28.76
28.76
29.41
29.90
29.81
30.15
31.00
31.70
32.03
33.26
33.95
32.83
33.00
34.00
34.93
35.03
35.40
35.53
35.26
35.10
35.20
34.35
34.32
34.24
34.12
34.20
34.03
33.90
34.25
34.23
34.71
34.38
34.63
34.51
34.66
34.50
33.00
33.07
32.12
32.52
32.14
32.20
31.75
32.19
31.16
32.50
31.99
32.00
32.62
32.38
31.95
31.22
31.00
31.35
31.92
31.71
32.06
32.23
32.12
32.66
33.00
33.53
33.97
34.48
35.45
35.13
35.11
35.34
36.02
36.58
37.24
37.51
37.79
36.80
36.74
36.25
35.33
35.11
35.47
35.21
35.48
35.43
35.48
35.67
34.71
34.26
34.08
33.66
33.70
34.31
33.89
34.40
34.81
35.57
35.26
35.53
35.75
36.56
36.88
36.90
36.82
36.61
36.71
37.19
36.92
36.32
35.95
35.52
35.45
35.92
35.31
37.10
38.68
38.11
38.54
38.51
38.31
38.36
38.71
38.39
38.06
38.10
39.01
38.97
38.90
38.51
38.53
38.91
38.50
38.02
38.20
37.61
38.24
37.60
37.60
37.65
38.35
37.87
38.15
38.15
38.29
38.90
38.90
39.20
39.17
39.97
40.69
41.15
41.29
41.66
41.29
41.35
41.37
42.17
41.89
41.71
41.94
41.47
41.69
42.26
42.54
42.05
41.60
42.56
42.71
43.06
42.98
42.90
42.88
41.64
41.65
41.65
41.50
42.00
41.52
41.60
42.21
43.05
43.58
43.99
43.72
43.50
43.32
44.02
44.17
44.39
44.38
44.40
44.30
43.09
42.90
43.09
41.97
42.65
43.00
42.98
42.96
42.22
42.14
42.40
41.41
40.73
40.07
38.87
39.43
38.98
39.48
39.30
39.37
38.04
38.93
38.34
39.10
39.10
39.60
39.70
40.32
40.60
41.05
41.85
42.11
41.51
41.20
41.60
41.68
41.42
41.11
41.40
41.39
40.55
40.31
41.35
41.87
42.93
43.24
43.55
43.07
42.60
43.20
43.01
43.00
43.50
43.31
42.29
42.41
42.70
43.18
42.95
42.49
42.70
43.04
42.75
43.00
44.02
44.25
44.13
44.91
45.45
45.51
45.90
46.10
46.20
47.47
47.62
48.05
48.44
48.37
48.90
49.31
49.34
49.24
49.47
49.33
49.40
50.11
50.40
50.10
49.82
50.42
49.57
48.84
49.07
49.13
48.82
49.88
49.75
49.92
49.15
48.34
49.00
48.48
48.31
47.72
46.40
46.61
46.89
47.11
48.51
49.21
49.74
50.16
50.61
50.30
50.00
48.27
48.46
48.51
48.53
48.64
49.20
49.64
50.18
49.93
49.95
49.97
50.35
50.39
51.15
51.93
51.88
51.81
51.69
51.94
52.36
53.10
53.40
53.60
53.23
52.65
53.81
53.72
53.33
53.67
54.56
54.42
54.52
53.41
52.58
52.79
52.30
51.75
50.50
50.62
51.42
50.88
51.30
51.14
51.32
49.89
49.97
49.81
49.92
50.15
50.18
49.25
48.85
48.30
48.81
49.07
48.10
48.65
49.80
49.54
49.80
49.65
49.66
50.94
50.17
50.41
51.06
51.60
52.74
53.41
53.52
53.61
53.72
54.24
54.65
53.77
53.25
53.41
53.76
53.90
53.28
53.44
53.57
54.30
54.60
54.52
53.72
52.42
52.20
52.33
52.26
52.49
52.29
51.79
51.98
53.09
52.72
53.62
53.32
52.91
52.97
51.77
51.62
51.69
50.92
49.88
49.55
50.34
50.10
50.10
50.62
50.95
50.59
50.10
50.45
51.31
50.88
50.01
49.52
49.52
49.52
49.54
49.54
50.07
50.22
51.42
51.94
51.90
52.30
52.39
53.36
53.63
53.35
53.72
54.01
53.80
53.58
52.55
52.07
52.56
52.96
53.33
54.71
54.26
54.37
55.32
56.99
57.25
57.81
57.44
57.69
57.20
57.30
57.63
56.70
56.71
56.57
56.58
56.95
56.62
56.67
57.26
57.00
57.25
57.94
58.30
58.01
58.05
58.35
58.30
58.42
58.75
57.75
58.45
58.13
57.00
56.22
56.62
57.23
57.72
57.24
58.80
58.15
58.25
58.61
58.26
58.90
59.23
59.64
59.59
60.13
60.16
60.50
59.51
60.26
58.62
59.53
60.22
61.17
60.98
61.51
61.54
61.22
61.12
61.95
62.82
62.91
63.35
63.51
64.10
64.64
65.28
64.24
64.04
64.11
63.92
62.85
63.21
63.65
63.70
63.58
62.69
62.20
61.79
60.50
59.70
61.27
61.40
64.30
64.44
64.17
64.20
63.45
64.51
64.78
64.15
64.20
64.37
64.23
64.25
64.63
64.63
65.69
65.26
65.98
66.13
66.57
65.60
66.01
65.64
65.69
65.85
66.01
66.01
65.64
65.97
65.60
66.04
66.10
66.35
66.27
66.38
66.21
66.52
67.34
67.15
67.08
67.05
66.09
66.07
66.45
66.04
65.87
63.95
64.25
64.00
64.32
64.77
64.74
65.11
63.97
63.95
64.47
63.03
63.34
62.01
62.05
62.40
64.24
64.86
66.31
66.37
66.80
67.00
67.45
66.87
67.32
66.65
66.72
66.56
66.70
66.24
66.60
66.46
66.55
66.82
67.19
65.83
66.25
66.51
64.22
63.95
63.70
64.60
64.68
64.20
64.40
65.02
65.30
64.52
64.56
64.74
65.30
64.94
66.00
67.10
67.51
66.75
67.90
68.09
68.89
68.83
68.40
69.00
68.18
68.32
69.37
68.70
69.43
69.08
69.24
69.52
69.54
69.90
70.81
70.73
70.48
69.60
70.15
70.38
70.83
71.42
70.47
70.69
71.14
70.16
69.33
69.86
69.58
69.05
68.66
68.57
69.11
69.54
68.79
68.66
68.05
67.72
66.49
65.90
67.13
66.91
67.32
67.99
68.20
68.31
70.00
71.30
70.86
70.30
71.16
71.00
71.37
72.03
71.82
71.93
72.05
72.20
72.28
72.65
73.06
73.78
73.31
74.00
72.36
72.25
72.34
72.51
72.30
72.37
71.90
72.50
73.20
74.50
74.72
75.27
76.10
77.05
77.83
78.25
78.35
77.51
78.05
77.82
77.37
77.86
78.06
77.81
78.01
77.50
77.82
79.22
78.72
79.61
79.71
81.11
82.81
81.95
81.88
83.70
84.71
85.86
86.10
84.90
83.20
83.10
83.01
82.82
83.86
85.22
85.81
87.30
87.36
87.10
87.65
87.90
86.94
84.57
85.35
83.28
82.60
82.06
84.02
85.15
81.63
82.29
83.05
81.57
81.21
82.55
83.17
82.06
79.47
80.29
79.01
80.00
77.47
76.40
79.20
82.01
84.75
84.31
84.05
84.90
83.88
83.16
82.80
81.76
80.83
81.28
81.57
80.94
79.26
80.00
79.53
80.03
78.86
80.37
79.47
76.89
77.80
77.97
78.36
80.62
78.56
79.43
80.70
79.60
78.15
78.70
77.30
76.52
78.40
77.42
79.15
78.62
77.84
76.71
75.07
75.66
75.15
75.69
76.86
77.88
77.16
76.51
76.25
76.07
75.00
73.55
73.05
72.90
73.64
74.75
74.46
75.05
74.20
72.76
72.17
72.13
73.61
74.36
74.65
74.73
74.80
74.15
75.51
75.75
75.74
77.37
77.37
79.17
79.25
78.79
78.84
79.98
82.01
83.06
83.14
82.47
81.80
80.89
82.10
81.82
81.81
81.50
81.95
81.77
81.70
81.50
82.72
80.60
77.77
78.52
80.01
79.31
79.72
79.11
79.39
79.98
80.60
83.53
85.05
85.44
85.29
84.76
86.35
87.50
88.57
88.62
89.57
89.78
89.15
86.95
87.05
87.93
87.10
88.65
89.42
89.17
90.76
89.75
89.53
89.52
89.75
89.39
89.08
90.17
89.41
88.97
89.18
89.46
88.35
88.35
88.74
88.41
88.75
88.45
87.01
88.50
87.56
87.56
88.00
88.32
87.50
87.30
87.22
87.76
87.80
84.82
85.00
86.52
86.00
84.60
85.00
85.55
89.00
89.73
89.95
90.31
89.90
89.70
88.55
89.03
88.78
88.30
89.27
89.86
90.73
89.84
90.05
90.27
90.00
88.56
85.24
86.05
85.91
87.01
86.39
87.05
87.82
88.61
89.14
89.00
89.45
88.53
89.57
89.68
89.90
90.02
89.45
89.88
89.79
89.84
90.00
89.01
89.16
88.65
88.08
89.09
89.80
90.20
90.02
89.95
89.65
89.40
90.18
89.93
90.05
90.34
92.76
93.06
93.31
93.37
92.75
94.04
93.28
92.85
92.50
92.84
93.50
93.12
93.65
93.70
93.35
92.70
92.38
93.32
93.79
94.50
95.23
96.27
96.25
96.36
95.36
95.75
97.38
97.96
98.30
100.47
99.45
99.50
98.84
97.69
96.81
95.91
97.42
96.12
96.92
98.73
97.93
97.29
96.51
96.01
95.17
95.60
94.80
94.87
93.58
94.26
95.25
96.27
96.80
97.23
98.02
99.60
99.63
99.56
99.76
100.60
101.00
101.40
100.89
101.63
102.35
103.22
103.34
106.38
102.23
103.60
104.00
103.31
103.00
104.51
104.22
102.09
102.30
100.71
98.02
94.00
99.25
97.40
95.21
90.08
94.64
94.75
96.07
97.00
96.22
96.63
97.13
95.44
95.84
95.93
96.70
94.90
94.02
94.50
94.66
94.05
95.52
97.00
98.35
98.02
98.07
96.44
99.05
99.94
101.25
102.40
102.54
103.25
104.00
104.23
105.22
105.27
104.25
104.45
101.09
100.65
99.66
97.04
94.96
95.42
94.45
93.03
94.63
94.80
93.79
92.60
94.16
93.02
92.00
95.05
95.57
97.00
97.33
96.50
96.34
96.51
96.94
96.11
94.90
94.07
92.70
92.87
92.50
90.97
89.45
88.12
86.92
86.75
88.07
89.86
90.52
91.76
92.61
91.72
91.66
89.85
90.36
90.83
92.00
91.79
88.12
85.55
86.40
88.03
87.20
86.20
86.47
86.48
87.80
89.55
89.28
88.33
87.48
87.24
86.00
86.74
85.69
82.17
79.65
77.81
79.86
80.00
80.15
76.00
76.50
79.02
77.76
74.40
74.12
76.48
76.97
76.48
78.27
79.69
80.80
81.85
81.91
81.35
79.60
78.71
78.81
78.85
81.44
84.01
84.90
84.17
84.83
82.95
81.87
81.75
83.12
83.90
83.40
82.73
82.40
79.25
78.34
79.67
79.38
76.37
74.38
72.39
72.13
71.59
75.13
74.14
75.26
73.45
72.72
74.79
75.14
75.60
74.14
73.08
73.40
74.80
75.73
75.90
75.33
74.88
74.04
76.31
77.79
76.72
76.67
75.60
75.64
76.40
77.50
78.17
77.75
79.57
81.65
83.38
84.28
84.54
84.63
84.57
84.98
85.00
85.13
84.42
84.00
83.75
83.28
84.11
85.08
85.00
84.74
85.00
84.61
80.78
80.55
80.85
81.60
81.08
81.05
81.01
80.47
77.30
77.48
76.80
73.00
73.14
72.76
72.93
73.79
74.38
74.03
73.81
73.37
74.68
75.66
75.12
74.13
69.35
68.05
66.38
65.55
64.56
63.90
63.54
63.57
64.21
65.32
65.01
62.86
62.63
62.02
63.50
65.05
66.54
67.30
67.76
65.62
62.05
62.34
62.26
62.32
63.00
61.01
60.77
61.13
61.86
64.00
64.65
64.31
66.21
65.57
64.00
63.45
63.82
63.18
62.62
62.21
62.21
63.51
63.58
62.87
63.20
64.26
65.10
65.43
64.14
62.04
61.89
61.86
63.92
61.58
61.13
61.70
61.00
60.16
56.43
54.20
57.60
58.26
57.19
56.93
56.80
56.01
54.75
55.62
55.37
53.34
53.76
47.88
48.71
47.18
44.41
40.00
42.50
43.61
41.54
39.99
43.21
43.72
45.53
41.80
42.81
41.75
42.26
43.63
48.81
48.58
49.28
50.82
52.72
49.00
45.35
45.35
45.59
42.75
42.00
39.07
40.80
40.50
38.05
37.45
36.72
36.17
38.89
39.54
39.02
41.10
39.74
39.25
39.15
38.50
36.28
40.04
40.65
40.94
40.02
38.20
38.20
38.20
40.15
40.69
41.00
40.00
39.83
40.04
39.76
39.50
39.81
41.50
42.78
44.80
45.50
44.17
43.88
43.93
43.19
41.80
40.87
39.51
41.04
40.20
40.00
41.17
40.91
42.06
42.88
42.76
40.37
40.63
40.11
40.76
41.69
40.62
42.25
42.44
40.02
39.86
38.58
39.89
38.30
37.76
37.42
35.32
34.35
33.89
33.22
32.64
31.40
29.32
29.05
29.11
29.07
29.39
29.96
31.32
32.39
32.39
32.93
33.38
33.26
32.50
32.97
32.54
33.05
34.82
35.97
36.91
37.07
35.11
35.05
34.21
36.16
36.39
36.54
36.51
36.24
37.68
35.81
36.30
36.61
37.00
38.18
36.36
35.94
36.54
36.60
37.75
37.72
38.32
39.02
39.90
40.09
41.51
41.92
43.08
42.75
43.77
44.53
43.29
42.38
42.72
42.71
43.81
43.90
44.54
42.70
42.86
42.52
43.45
43.19
43.95
45.54
47.31
47.79
48.57
52.16
51.13
51.31
51.10
50.48
50.11
49.02
48.70
48.05
48.15
48.11
46.53
42.52
41.09
41.11
41.50
42.08
42.10
42.15
40.62
39.92
38.94
38.92
39.02
38.92
39.26
40.11
40.51
41.01
41.10
41.16
42.50
41.95
40.78
41.72
41.43
41.80
42.64
43.13
42.80
42.51
43.35
43.40
44.03
45.38
45.19
44.84
45.31
45.75
44.21
43.70
43.69
43.10
43.49
44.92
45.97
47.28
47.44
51.00
50.70
49.02
48.47
48.16
47.76
48.05
48.81
49.70
49.79
50.48
50.44
50.88
51.79
52.20
52.10
52.42
52.13
52.26
51.52
51.30
51.76
53.28
53.46
52.03
50.10
51.38
51.15
51.25
51.86
51.96
51.38
51.36
51.57
50.94
50.85
52.59
51.07
50.50
49.75
49.50
48.00
47.55
47.18
47.81
47.66
47.33
47.46
47.80
48.32
49.31
49.89
50.13
50.54
50.09
49.72
50.88
51.70
51.45
50.75
51.07
52.32
50.95
51.83
51.00
51.78
52.75
53.26
53.51
53.62
54.90
55.06
55.11
54.72
55.12
55.82
55.33
54.45
54.41
53.10
53.36
54.31
54.92
55.11
54.89
55.14
54.75
54.05
54.80
56.00
57.88
59.02
60.86
60.51
59.91
60.35
60.78
60.21
59.96
58.53
58.90
57.70
57.50
57.23
58.83
61.31
60.32
60.72
61.00
60.85
59.25
57.14
57.78
58.39
58.94
58.94
58.93
59.90
61.00
61.72
62.65
63.19
62.25
62.64
62.00
63.03
63.00
64.36
64.05
64.85
66.03
67.13
67.35
68.03
69.15
69.25
68.52
68.30
68.29
69.19
70.72
71.51
71.51
71.78
72.00
72.35
73.00
72.70
71.95
72.30
70.95
71.77
71.47
71.21
71.81
71.80
70.50
70.81
71.34
69.88
70.16
70.95
71.51
73.68
74.55
74.14
72.23
71.34
72.67
72.26
72.46
72.23
70.44
62.00
65.80
69.80
70.14
72.04
71.56
68.98
67.62
67.30
65.29
62.80
61.39
63.06
60.61
63.00
63.91
63.51
62.86
62.06
63.51
60.93
60.07
59.84
61.17
62.30
63.15
64.71
65.47
66.60
65.88
67.16
67.57
66.15
65.65
67.14
66.67
67.26
62.56
62.58
61.31
61.17
60.65
61.03
63.55
64.01
64.01
64.18
64.05
63.36
61.68
62.04
61.83
62.67
64.02
66.36
68.00
68.40
66.90
66.69
66.47
68.50
68.93
69.16
68.33
67.36
68.45
67.54
64.92
64.44
64.54
63.65
64.65
64.99
64.15
63.59
63.21
60.53
59.48
61.07
60.57
62.10
60.80
61.66
62.20
64.09
63.29
63.58
62.95
62.96
63.92
62.43
61.89
62.20
62.00
62.53
63.39
63.63
62.56
63.33
63.80
62.94
64.44
66.05
66.67
65.86
67.02
68.41
67.80
68.15
69.23
68.91
70.66
70.85
70.05
70.03
68.35
69.57
70.57
70.61
71.47
70.73
69.71
70.35
70.36
69.91
68.80
68.04
69.78
70.50
69.75
68.83
66.79
65.04
63.01
62.62
61.84
62.17
62.72
63.39
62.80
63.10
64.02
64.67
63.44
63.47
64.52
65.55
65.95
65.97
66.01
64.92
64.40
63.96
63.63
63.68
64.09
63.71
64.35
62.82
63.28
64.01
64.33
64.33
64.33
64.62
64.73
64.62
66.00
66.51
66.49
67.46
68.80
68.35
68.67
69.51
69.62
69.39
70.23
71.18
70.36
71.34
71.51
71.31
69.11
70.00
69.00
69.12
69.60
69.80
70.62
70.68
71.15
72.02
72.00
71.85
71.93
71.60
71.09
71.46
71.94
72.13
70.38
70.00
70.09
72.06
71.70
69.99
68.60
70.13
70.28
69.91
71.18
71.33
70.51
70.26
69.90
68.34
67.34
67.85
68.67
70.04
70.72
71.14
72.33
72.33
73.11
73.03
73.35
73.47
73.94
73.37
72.71
72.80
73.68
73.04
73.50
72.96
71.55
70.88
72.02
71.75
72.64
74.15
75.08
74.68
75.01
75.05
76.02
78.85
79.16
79.01
78.76
78.09
78.97
79.15
79.76
78.73
78.48
78.56
77.65
75.83
76.60
77.25
77.26
75.77
75.24
75.13
75.94
76.62
77.41
75.26
75.30
74.09
74.42
74.16
73.65
73.43
72.61
72.69
73.19
73.57
73.45
73.76
73.51
73.78
72.06
70.29
70.73
71.33
71.40
71.86
72.90
73.80
73.85
74.01
74.85
74.57
73.00
71.79
71.86
71.00
70.85
69.07
69.31
70.76
72.00
72.24
71.01
69.86
70.53
70.59
69.25
69.53
67.69
66.10
63.00
61.41
58.61
58.76
57.23
56.01
59.16
61.37
61.41
61.61
58.22
57.47
58.04
58.19
60.45
60.50
60.13
63.60
64.80
66.14
66.00
63.71
61.22
63.42
62.61
61.44
60.33
62.03
61.64
63.45
64.52
62.95
63.50
60.99
57.53
58.06
60.00
62.41
61.81
61.36
60.45
57.85
56.90
58.65
59.45
61.43
62.75
63.50
64.13
63.05
63.41
61.66
61.33
62.53
62.18
63.10
63.93
63.55
65.80
67.18
67.31
65.74
62.37
63.83
64.50
65.00
65.17
65.45
64.33
64.59
65.43
67.70
67.05
66.20
65.41
66.29
64.00
63.88
62.33
62.12
64.53
64.84
66.99
68.51
70.93
70.35
70.80
69.64
69.83
70.41
70.18
70.62
69.72
70.05
70.56
69.91
71.23
72.06
73.48
73.60
73.37
73.03
73.31
73.24
74.12
73.59
72.74
72.95
74.18
74.50
74.23
74.78
74.16
75.14
74.77
75.10
75.14
75.32
74.60
72.85
75.00
74.40
73.68
73.96
74.96
74.50
75.86
75.16
74.30
74.51
75.37
74.57
74.75
74.90
75.00
74.87
75.02
75.08
75.31
75.52
75.63
75.01
74.81
74.75
74.86
74.63
73.93
72.30
72.51
73.83
73.17
73.20
73.38
74.31
74.88
75.00
75.00
74.52
74.80
73.37
73.75
74.47
74.80
73.90
72.95
73.78
73.61
74.15
73.49
73.30
72.27
70.59
71.49
71.69
72.37
72.30
73.10
73.47
72.66
73.10
72.17
72.77
74.90
76.55
76.90
75.68
75.85
76.34
76.52
75.50
75.37
74.55
73.32
73.63
73.25
72.35
72.42
72.29
69.46
68.93
70.14
71.08
69.92
70.25
69.66
69.75
69.25
69.07
67.14
67.05
66.82
67.96
69.43
69.27
69.80
70.74
71.57
71.39
71.58
71.25
72.02
72.35
71.25
71.07
71.03
70.48
70.95
70.63
72.89
72.45
73.08
73.85
72.90
73.80
72.89
71.23
70.85
71.85
72.25
72.04
72.71
73.70
73.61
71.58
71.35
72.70
74.27
75.08
74.43
73.88
72.64
71.15
72.68
72.71
72.93
74.01
73.91
73.76
73.60
73.60
72.75
73.02
73.40
73.34
73.12
72.55
70.02
70.05
70.88
71.05
71.13
70.50
70.61
70.40
71.11
72.37
72.55
70.81
71.15
70.80
70.44
71.00
69.89
69.56
69.88
69.03
69.47
69.21
69.38
69.31
69.71
69.18
69.80
69.20
69.36
69.72
70.21
70.55
70.36
70.23
70.80
71.00
71.68
72.50
72.63
73.24
73.59
73.25
72.61
72.25
70.65
70.55
70.27
70.44
69.96
69.85
70.47
69.30
70.09
70.60
73.28
72.84
71.12
70.78
70.29
71.08
71.79
72.39
73.09
73.20
73.60
73.15
73.84
73.86
73.57
73.73
73.18
72.93
73.61
74.43
75.50
75.26
74.10
73.87
73.53
74.14
75.30
75.51
74.58
75.53
75.75
75.01
74.56
74.00
76.45
76.37
77.44
75.34
73.11
74.91
76.16
74.60
74.90
76.18
73.56
72.68
74.29
73.77
73.45
74.41
74.79
73.89
73.00
73.73
73.76
74.23
74.25
75.61
75.40
76.28
76.28
75.85
75.83
74.63
74.54
74.72
74.27
74.75
74.91
76.48
75.03
75.14
75.53
76.40
76.58
76.17
77.11
78.49
79.37
80.72
80.96
83.00
83.52
84.13
84.50
85.04
85.24
85.18
84.18
84.52
84.34
85.41
85.05
85.42
85.03
83.80
84.07
84.21
83.91
85.38
86.19
87.06
87.84
88.00
86.77
86.43
85.78
85.75
86.57
86.44
87.20
90.42
90.07
91.67
91.19
90.82
90.72
91.20
92.67
93.36
94.06
93.77
94.04
93.82
94.10
94.70
95.60
96.30
97.00
98.52
97.90
97.86
97.06
98.85
100.11
98.90
99.06
99.02
99.30
99.08
98.05
98.42
100.06
101.51
100.90
100.61
100.85
101.50
102.52
102.65
102.24
99.38
97.42
96.31
98.18
99.57
102.01
102.32
102.93
100.82
100.78
102.75
103.44
104.46
104.41
106.29
98.99
103.10
103.78
104.42
104.80
105.61
106.45
106.34
106.26
105.85
105.31
103.50
104.80
104.99
105.78
106.00
107.14
106.62
105.53
105.83
104.88
104.05
104.27
104.07
101.77
102.70
102.88
104.55
103.60
103.88
104.80
105.21
103.06
102.57
103.00
103.60
104.66
104.62
105.67
105.11
106.56
107.40
107.80
109.14
109.56
113.26
115.59
116.55
118.81
116.63
115.80
116.80
118.16
118.51
117.79
116.37
117.08
116.28
114.73
115.25
115.40
115.42
113.34
115.91
117.83
116.69
118.14
118.75
119.81
121.25
121.06
121.88
125.90
127.94
128.22
128.64
128.76
129.02
129.55
130.90
132.46
130.59
132.68
131.35
130.95
132.12
131.97
131.10
133.17
134.54
137.77
136.70
132.29
131.20
133.43
130.58
132.56
134.17
134.18
133.62
131.92
130.55
131.25
134.00
134.57
132.18
132.44
131.90
133.14
133.94
135.36
132.84
133.94
135.49
136.32
136.14
137.17
136.79
135.54
135.74
135.51
137.05
137.80
138.50
139.36
140.54
140.90
140.38
137.80
140.14
140.07
139.75
140.81
141.87
141.10
136.32
135.65
136.44
128.07
125.20
123.08
122.75
120.53
118.77
121.51
123.65
126.35
127.46
128.00
127.06
128.02
129.60
128.37
127.51
128.11
128.36
126.21
126.36
126.26
128.06
126.52
129.33
128.69
128.03
128.07
124.76
125.62
123.81
121.63
121.95
123.92
123.66
121.37
121.38
122.50
122.08
123.56
123.32
121.80
123.52
124.80
126.17
127.40
128.28
127.23
124.95
124.06
124.05
123.64
121.92
122.18
122.13
124.73
125.83
127.37
127.48
129.33
128.43
128.37
125.80
126.53
127.80
128.27
128.61
128.95
130.70
129.20
130.17
129.88
131.64
132.86
132.69
130.56
130.03
130.35
129.07
130.04
131.27
131.93
132.87
134.17
134.43
134.04
134.77
135.62
134.59
135.65
137.12
137.50
136.29
133.82
131.64
131.55
131.65
131.72
131.03
131.80
132.09
130.65
129.00
126.28
126.36
127.56
126.20
127.36
127.34
127.70
127.77
125.92
125.91
125.12
126.36
128.76
128.34
127.14
125.79
126.25
126.77
128.58
126.02
124.00
122.41
122.16
122.20
121.76
120.41
119.64
119.77
119.66
117.87
118.87
119.28
120.75
120.01
120.63
122.16
122.15
123.57
125.11
125.58
126.74
126.96
127.78
128.31
127.95
126.72
126.05
124.57
125.20
125.26
124.10
125.90
127.62
127.48
127.20
126.61
125.69
125.72
127.20
128.00
128.92
128.46
127.03
127.23
127.01
126.96
127.00
127.31
124.31
123.84
124.66
125.38
123.29
122.15
122.31
121.50
120.26
120.72
116.32
118.39
121.78
123.00
124.93
121.34
121.06
121.26
121.26
121.96
122.56
122.01
124.73
124.89
125.26
124.20
123.37
124.17
123.80
124.45
124.47
125.74
127.85
127.55
128.04
130.25
130.71
