3.92571541868
2.75721561969
-1.99667221298
-1.43663080556
-1.37163561077
-0.923076923077
0.521940846704
-0.519230769231
-2.19435736677
5.23884930061
1.7590976232
-1.63133214451
-0.184586986617
-0.203947368421
-4.0282863998
-0.857589984351
-1.95777586842
2.96366508689
-3.94537177542
-2.51479289941
2.92953285827
0.804273084479
0.891972249752
-0.615611918247
-0.343558282209
4.11343893715
1.33333333333
0.651465798046
-0.324675324675
-3.22377929994
3.4386375455
3.98810328512
7.00904159132
-0.632501976569
0.723955693912
6.25384615385
4.20841683367
-5.94134057151
-1.16253074
-0.966789667897
1.45253069781
0.0449438202247
3.28820116054
2.27092894445
2.95723014257
0.0
-3.10995342963
0.102718078382
-1.46371846777
-3.34136062613
-7.56173913043
0.0835480052914
1.14788732394
-2.65972031807
-1.26565143824
-5.28846153846
0.237743365675
3.40863787375
-1.31147540984
0.573765086065
1.76510067114
0.040284678394
-4.21864951768
5.78231292517
1.73010380623
2.48226950355
1.39508125989
-2.88427962847
-1.37750533783
-3.68822553897
3.25342465753
8.9552238806
0.0
-4.24467628984
0.31541218638
-2.44755244755
-4.70478475277
-5.0253164557
2.17939597749
-0.238709677419
3.67892976589
-1.24190778174
2.24233418884
4.2676056338
-1.89982728843
-1.2821387165
-3.57095883204
2.74324324324
3.22220672339
189.656565657
-1.49253731343
-3.71718720061
2.0731468805
0.372987828818
-1.67921250724
2.98151460942
1.37013902881
-2.20689655172
1.5
2.29132569558
-0.366897676315
-3.10092830338
-6.24074074074
0.22271714922
-4.63716814159
1.56390436815
3.01851851852
-4.32317505315
2.61818181818
2.21148485412
0.279537830786
-1.54128440367
-3.96475770925
2.25225225225
7.76699029126
-3.73831775701
-0.925925925926
2.60307809234
-1.51571856287
-0.354279321275
-4.55597081331
3.69071784462
1.76525821596
1.42857142857
0.70976405141
-0.477281405116
0.479570305007
0.365806700039
-3.36744186047
-2.05903790087
1.51683314835
-1.70909090909
-0.108972030512
-2.65205091938
0.443970875511
2.02935314369
0.23610606611
-3.19971870605
-4.0
3.83806519453
2.1116678597
0.449397806939
-4.59612416395
4.125
-1.21714588111
-0.439058658237
-0.766817706518
-1.06896551724
-3.026249791
2.57245755445
-0.748936170213
-1.47576723126
1.70561146171
-1.87447698745
-0.416666666667
1.36847440446
3.28040481591
-2.03418803419
0.0
-1.06544901065
2.05384880911
1.09928459257
1.43362831858
-0.106082036775
-5.54442217769
1.06329113924
0.525958601968
-0.135547272111
0.992470910335
-2.19246861925
-0.416666666667
1.16337885685
-2.17714002969
-1.90907620126
0.70055392636
0.114173870494
0.822233185331
2.52908447142
2.25862068966
-3.026249791
3.12068965517
-0.429184549356
-0.851063829787
-2.08333333333
0.73875083949
1.37872340426
-3.59369872005
0.312757201646
-3.57142857143
2.43902439024
1.01839684625
-0.196721311475
5.28132550915
2.31326152216
2.03603603604
2.05958072821
4.81881264456
-3.81905821283
-3.2466367713
3.72093023256
-0.921658986175
-3.22868355334
0.0
3.08937109231
-4.81358305619
-0.435691878703
5.40044085231
-2.45475721197
-4.50034223135
-2.6
2.77492291881
1.30140551796
-3.35401643468
-1.64934850734
-0.508697079094
5.06896551724
-0.429184549356
2.08552400981
2.1116678597
-2.49520153551
-0.658693014387
-0.103896103896
3.01462718516
6.51719551587
-1.16431924883
2.77938621888
0.8369015181
-3.05660377358
-3.86359513876
-3.17878468563
3.64033491081
1.27188940092
4.32692307692
-3.7037037037
0.46511627907
0.580089820359
-2.49954387885
-2.99115044248
0.551699590675
-0.548672566372
1.91197691198
1.48270181219
-3.73568281938
3.29450309428
6.80404354588
-2.13089802131
-1.18443316413
-0.112676056338
0.112803158488
-1.5
-1.71095740808
5.65384615385
-7.0432606364
3.22937811404
5.10085337471
5.35349407438
4.260758415
0.535446562433
-2.48538011696
-0.125156445557
-0.765886979921
-2.2855987055
-0.382832963933
2.05634382069
8.06666666667
-3.22580645161
0.540540540541
-0.28029322984
-0.536135535063
-2.05839109431
-0.626174076393
1.71974522293
-0.821225521162
-1.2887133652
-0.619706672175
3.02191955735
1.33707138236
-1.54989384289
0.148841165214
-2.24485553939
2.84309533989
0.300171526587
-0.469483568075
-0.762388818297
2.69682470639
4.57129861269
-1.19101123596
-0.890868596882
-0.663716814159
-0.528169014084
3.55515041021
2.04651162791
-1.71428571429
1.0626010626
0.697836706211
-2.73755656109
-0.517668242179
3.9784694594
5.76732673267
-2.95460004804
8.18607068607
-3.31658291457
4.24305919329
-1.4963880289
3.99785350148
6.51614747071
0.835734870317
-5.70652173913
-2.59396506088
-4.71626733922
1.64060497308
0.128336755647
-5.66585956416
4.00402921179
4.52750723875
4.94475138122
-5.50770033934
4.35848542631
-1.13116078643
-2.72465286875
-0.72821846554
-1.8882367951
1.71295094731
-1.15443817342
-8.45467355566
-0.884543761639
3.51807228916
2.44384102691
-0.588957055215
-0.851581508516
-1.90930787589
-4.20667581161
3.06314797361
0.449704142012
-2.289546716
1.83702308055
-3.16989737742
1.43418922045
4.67312348668
-0.721153846154
-2.89449112979
1.3484740951
-0.330110822919
1.36233269598
-5.55304740406
-0.135256988278
1.51029748284
-2.8673038453
-2.30184581976
3.02013422819
0.224215246637
2.9309946919
2.16929969347
0.331204163709
0.356125356125
-0.613496932515
-0.842302292934
0.328638497653
1.71919770774
1.74927113703
0.414735301293
-1.01424776624
-0.933014354067
0.674373795761
4.40030173498
2.13148433487
1.03788271925
-0.258799171843
-2.07805372529
-2.32673267327
-0.858895705521
2.1815446339
2.25641025641
1.96078431373
-3.09095515581
1.72680412371
-1.79701341433
-1.07661492238
1.13952899468
3.16091954023
0.20942408377
3.24324324324
-0.88400750067
-3.08930425753
-2.13414634146
2.60688216893
-1.08303249097
3.41333333333
-1.31578947368
0.0526592943655
-0.393391030685
0.873015873016
-0.683131897005
-1.83131287078
-1.82324639149
-0.528967254408
-1.56211257129
-2.79585442275
0.169000482859
2.39802224969
1.68426344897
-0.970873786408
0.955013822568
-0.0502386335092
-0.100376411543
-0.275275275275
1.4470677837
1.88825659596
1.33682830931
1.73333333333
-1.70380078637
4.2349726776
-1.6921837228
-1.22048288671
-1.36090028788
0.473310544307
2.75601188868
0.027027027027
2.9207232267
-1.29049972543
-0.082304526749
-0.76231962973
4.10997732426
1.96531791908
-1.17109397315
15.7355371901
10.4821037253
5.30769230769
-0.763358778626
2.30378758298
-6.90657942566
2.15373189751
-1.28299120235
-0.655498907502
-5.50584996559
-1.08917631042
1.31034482759
-3.13961255845
3.6703601108
3.92227419935
1.27551020408
-5.37931034483
-1.76151761518
-1.6
0.0333444481494
-2.91356426028
-1.30990415335
4.15973377704
-0.132934529744
2.62619372442
-3.2981530343
0.198281559815
0.900300100033
-2.21715030975
-0.162760416667
2.60521042084
1.42276422764
0.305810397554
-1.04236718225
-0.668002672011
-1.41587092526
-0.621727748691
-3.53535353535
-2.22222222222
-0.947722409049
1.93206606419
-0.186625194401
-3.82889620102
-2.79150915964
3.80319951705
-3.12865497076
1.63447251114
0.44776119403
-2.53127727669
-2.13553530752
1.56159629844
2.76374442793
0.990396158463
1.24582193862
2.39576851276
-3.62818590705
-3.64056631031
-1.56427758817
1.32564841499
2.05882352941
-0.758902510216
2.51346499102
2.51533742331
1.05393676379
-2.68476621418
-0.689035350509
-3.52601156069
3.12965722802
-0.739644970414
-1.34267367192
-1.26801152738
-0.857142857143
-2.91262135922
1.00868590642
-0.529542920847
-1.56378600823
-3.36691410392
0.31914893617
1.48448043185
-0.269179004038
-1.64151442944
0.935328701229
3.2275862069
-3.97350993377
3.02947598253
-1.39935414424
0.378173960022
-0.564061240935
2.13991769547
-0.816326530612
-0.648824006488
1.92890603472
5.37166085947
-2.43626062323
-1.53417015342
2.13675213675
5.02692998205
-3.13043478261
4.8632218845
-0.453857791225
-2.36336779911
0.984486873508
1.60654743862
-2.9991179065
-1.64835164835
2.67220902613
1.29323308271
-1.74349881797
1.25673249551
-0.683506686478
-3.96689497717
-0.567536889898
-1.48168856584
-1.86556927298
-2.30501206111
-5.25647536821
0.845070422535
-2.17935871743
1.03771197165
-2.37212750185
-2.59927797834
1.11949379411
1.53199901161
-0.344742674218
-3.65361803084
0.476758045292
-1.36374324007
1.64913957935
1.99902486592
-0.194647201946
1.78306092125
-0.541871921182
-1.43238650158
0.5615234375
1.91589947748
0.827897641746
0.86032388664
-1.56911581569
-1.35135135135
0.147637795276
-1.43099684696
-0.410628019324
3.06198655713
-0.64308681672
0.672310756972
-2.90135396518
0.510328068044
-2.92521821184
-2.39465807046
1.94835680751
-0.560224089636
0.657894736842
-0.117343346632
1.33174791914
2.56097560976
-0.024384296513
-1.74892189746
-1.13690194221
0.908221797323
1.77572366821
1.10673880964
-4.7775175644
1.1129528771
1.75903614458
-3.48837209302
-3.34906720611
-0.846891018498
0.831460674157
0.701516180131
2.05542725173
2.38827145897
-0.259433962264
-1.18853414123
0.893486950388
2.03934740883
-1.60528800755
0.260355029586
-0.611620795107
3.45582866878
2.49438762784
-2.2433552792
1.61050545094
3.06435137896
-1.18597022458
2.32378001549
4.28109854604
3.39643652561
-0.111234705228
-5.86387434555
-1.29198966408
1.89573459716
1.52365677626
0.29490616622
0.539083557951
2.14757709251
1.82225960191
-3.80258899676
2.09251101322
-2.12880625168
0.760249796362
1.76844432164
-3.10575635877
0.945945945946
2.32300884956
3.8185472294
-0.570939194976
0.142938822184
3.98335315101
-0.708382526564
-0.382240517495
1.43155383239
5.93996840442
9.25094925785
1.08164689463
-5.81662832731
0.561797752809
0.298309579052
-9.91340698716
-1.26768867925
-3.80034032898
2.61932479627
4.05814657783
8.76152832675
-5.125
-3.23556093136
-5.64907275321
-2.50347705146
1.32468996618
1.86620729256
-4.23425900467
-2.88384512684
1.76630434783
-2.2056869519
3.03943044907
-1.37726167972
-3.03744435716
2.276379218
-1.86596583443
2.58829873281
2.34547461369
0.582847626978
-0.0831946755408
8.15836832633
-3.36231884058
1.14335971856
-1.70028818444
-0.458978772232
-0.4
0.603621730382
2.8073286052
-1.02369113776
-1.86567164179
4.78195488722
2.43376463339
2.88431061807
-0.723725613593
1.63095618804
1.00129198966
-2.33438485804
-3.61812100943
4.4790343075
0.96215522771
-4.70660146699
4.87179487179
4.1388518024
5.01226778829
7.25563909774
-6.33802816901
3.91511159898
-6.72354948805
-5.08584386135
-0.739549839228
-7.76986951364
4.72049689441
-5.57184750733
0.887573964497
-1.85830429733
0.908291825374
1.27596439169
3.50122850123
-1.72049501962
-3.2700729927
-1.94675064415
-3.32133960697
-0.659884520209
0.331034482759
-3.41060484945
2.54098360656
-0.624490904154
3.74647887324
-0.14064697609
1.13798008535
0.256702795208
-0.397727272727
-4.73612990528
-1.85922974768
2.47686445291
-1.39559849705
-3.32122470161
-2.18274111675
-0.27841052898
0.330116810564
3.8776048536
-3.14256515074
0.539429745697
0.80269290523
1.60484083136
0.608787718369
1.12419700214
-0.63829787234
2.73224043716
-0.839880791114
0.681942171304
0.0272851296044
1.9755147468
-2.39000543183
0.0815438977983
2.08102108768
0.417943716913
-3.05240410589
0.298022216202
1.23422929238
0.0548847420417
2.13004484305
0.0560852495794
0.876944837341
-3.59967275702
-0.353260869565
-3.38671567341
1.357104843
0.750670241287
-2.07403517984
-0.235725510739
-0.934094447327
0.286234712464
2.0175205734
0.802782981001
1.19144327105
2.72600834492
2.48004561003
-0.538701445988
4.6587537092
0.837821663674
-4.56881781839
-0.398179749716
1.26728110599
-2.27976358007
-0.47619047619
2.8818443804
0.1443001443
2.63625592417
0.0592768227623
0.506404527852
1.20590895387
2.06153846154
-0.153609831029
-1.80995475113
-3.3527696793
0.14598540146
1.7226017226
0.0594353640416
2.03153426319
-0.241984271022
1.00824931256
-1.05804111245
-1.48898153663
1.26658624849
1.221001221
-1.14665057333
1.81259600614
-1.57242213487
3.73274780427
0.918012029123
0.317561130518
-4.69128329298
-1.31421744325
-6.11329220415
-1.10926234054
-0.661157024793
-1.08991825613
-3.06391970417
4.15405777166
3.09132161089
0.227401932916
2.17833284926
0.613676212741
2.97923563045
-1.16002379536
-3.22394933794
0.173010380623
-2.25479143179
-0.810735253005
1.53278455861
2.41279069767
-1.34786349297
0.722125938764
-2.7801179444
-3.49593495935
1.51306740028
-1.9687162891
1.6726076227
-3.74769068356
0.986140724947
1.2685560054
0.981193785773
-2.13390237397
-0.636098595282
-0.343370311675
0.291390728477
-1.84607384295
0.391542678152
-2.02046035806
0.23071007434
1.93362947478
-3.84422110553
-1.53389411183
0.29776674938
-0.272209849047
-1.41497926323
0.910881339242
2.34315948602
0.0756429652042
-1.07258667997
0.350438047559
-0.100025006252
-1.79273084479
-2.18592361278
1.46234462588
-1.51224195871
-1.69891458235
0.0708382526564
-2.55407271054
-0.0919540229885
0.741083835109
0.958615852233
-0.7656612529
-1.26002290951
0.0229147571036
0.483536725766
-2.6014801525
1.31788229948
0.227738556138
2.02137546468
0.256231073841
1.89888440541
-0.940512579356
0.141276194961
-0.281756280817
0.40075436115
1.458981105
-0.238606537819
-0.898557578624
0.0473148805299
-2.98370438375
-1.46992311171
0.935859392833
1.2012012012
-1.52411282985
-3.1718061674
0.575985821887
-0.878348704436
1.60642570281
-1.58102766798
2.42914979757
-0.692427965155
0.201432408236
0.630630630631
-2.63157894737
1.31081981782
0.356744704571
1.1273957159
0.407516413856
1.72731460157
-0.572475383559
2.87396937574
-2.52583237658
-1.55967450271
-0.315457413249
0.68058076225
-1.82628062361
0.245590533601
-1.66849615807
0.10989010989
-0.219298245614
-0.414937759336
0.703760721355
-1.00152405835
1.12285336856
0.642588078883
1.30190796857
0.179896559478
-1.06785317019
-0.221975582686
-1.16279069767
-0.175208059571
0.373708507364
0.641592920354
-1.09409190372
0.307287093942
1.1320754717
-0.836451683909
1.18040089087
0.582437275986
-1.34806629834
-0.220507166483
-3.67459643161
0.0637619553666
0.922350922351
-0.829610721123
2.41830065359
0.635825476869
1.67186803388
-1.57964019307
1.1540168664
-2.17108119844
-0.238249945852
-0.880206097037
0.0859475719811
-0.576799829096
0.623387790198
-1.25238802802
-0.841928015155
-1.34966777409
-1.73433993063
1.46997929607
-0.165357585779
1.12876254181
-0.16694490818
-0.99173553719
2.89115646259
-1.23871509553
0.0209995800084
1.86096256684
-1.66175851914
0.401267159451
1.78417884781
-0.873641593863
-0.6351894982
0.233446519525
-0.401606425703
-0.126662444585
1.87096774194
0.911458333333
1.31926121372
-1.17340286832
0.480349344978
1.03684094419
3.18688823128
-1.23651079137
-0.891265597148
1.08108108108
-1.1135857461
-0.553709856035
-0.441014332966
-0.830964356003
0.043754101947
-0.738327904452
0.545851528384
-0.413133289846
-0.173648795311
1.25274725275
-1.40845070423
0.984682713348
1.12856826732
-0.132596685083
0.110619469027
-0.242772015008
0.0883587364701
0.6
-3.78447722899
-0.932005930947
-0.484822934233
-0.503355704698
-0.417710944027
0.104536901526
-1.38144329897
0.43487264444
0.124403897989
1.00523560209
-0.87191197841
-0.165803108808
-0.289315974375
0.290155440415
0.751722697849
0.398322851153
-0.355128472948
-1.80512820513
-1.87198067633
-0.460829493088
-0.656847133758
-0.31746031746
0.8
0.080064051241
-1.9430814524
0.931061806656
1.46733668342
-2.35525024534
-1.71682098765
-1.33231823373
0.0571319748619
0.478377344049
0.345622119816
-1.84696569921
-0.0941442289588
0.491958372753
-1.60119158443
0.674789128397
-0.559179869525
-0.0558867362146
0.524344569288
0.0
0.451467268623
0.188465887674
-0.225648740128
-0.746547219112
0.355871886121
-0.0561587420442
-0.428704566636
0.449354053548
-0.149560665545
0.243628185907
1.11805950351
-0.696273993225
-0.0752162467093
1.89691511784
1.28080729672
-1.13200306984
2.29636898921
0.592300098717
-0.686274509804
-1.0861132661
0.939702427565
1.73272256523
0.0
0.359784129522
0.16016016016
-0.159904057565
-1.63193079041
-2.02273165093
0.115718418515
-0.670498084291
-0.438680144955
-0.304240349876
0.362595419847
0.0381825124093
0.460299194476
-0.229621125144
1.67315175097
3.21285140562
0.100502512563
-1.64096480822
0.736904999004
1.41385578671
-0.741780272654
-1.77235131942
1.01452158345
-0.0198886237072
0.259222333001
2.26345840131
0.0
0.183861082737
-0.890868596882
0.162238896775
-0.424071082391
0.691337942253
1.42297380903
0.497409326425
0.228500207727
-0.145198091682
-0.536414276872
-0.798198935735
0.18453967603
-0.449071239028
0.307125307125
-0.993310358808
-0.604473100947
-0.600841177649
-1.05033690052
0.417910447761
-1.5092120737
0.631163708087
0.197628458498
-0.628436763551
0.334975369458
-0.451157316595
-0.913508260447
-0.425778982001
0.858871754831
0.05859375
0.293829578844
-0.331901600937
-0.562997476218
0.0971628449281
-0.962278675905
0.893203883495
0.0
0.214049425958
0.843799058085
-0.759493670886
0.804868472713
-0.643651258046
-0.214091086026
0.0974089226573
0.175644028103
0.806610269526
-0.352871985885
1.472050925
0.519896020796
0.60350030175
0.444534249343
0.48730964467
0.715746421268
0.348861071209
0.577915376677
-1.36400651466
1.59255429162
0.0413821642872
0.457285387653
-1.61554192229
-1.09223300971
-0.901984365604
-0.140112089672
-0.577114427861
-0.0596658711217
0.741334401923
-0.597490539733
1.33198789102
0.425618159708
0.0811359026369
-1.57716111
-0.0797925393976
1.33414190418
0.243161094225
-0.14164305949
-0.623366177358
-0.59964021587
0.401364639775
-0.34
0.603621730382
-0.100502512563
-0.4004004004
-0.339185953711
0.24
0.745516824501
-0.77968812475
-0.179604869288
-0.713295026749
0.41782729805
-1.43165326535
0.0981546917943
0.0785854616896
-0.837716734853
-0.310739949505
0.311708552503
0.844793713163
0.0
-0.972762645914
0.469116497263
-0.621600621601
1.19913505013
0.0
-0.66393282562
1.10562685094
-0.354121581743
-1.07045543013
-0.155460551885
-0.367860600194
-1.86205586168
-0.24639878696
-0.95738689694
0.376860749953
1.56937799043
-0.533028745479
-0.341491178145
1.07382550336
0.850899245794
-1.50476190476
-0.379506641366
1.01590952655
0.115141047784
-0.344234079174
1.08254397835
1.1339198436
-1.21668597914
-1.46527117031
-0.379146919431
-0.602977199925
0.3024003024
-2.01851851852
-0.625690099374
-1.11010009099
-0.308417997097
0.657414170928
0.237964488376
-0.255614387438
-1.11933562015
-0.431421894661
-0.660714285714
0.430416068867
-0.499643112063
0.0178475816527
0.592459605027
-0.748396293656
-0.142348754448
-0.0888888888889
0.249509891285
0.519527051236
0.197451085981
-1.31089459699
0.53428317008
-0.177777777778
-0.0177746178457
1.4607754734
-0.413074712644
0.687160940326
0.217470097862
0.254360465116
-1.62645218945
-0.338439615248
0.357525920629
0.053657664103
0.107430617726
-1.0453579022
-0.843288826423
0.86833244728
0.32
-0.177462289264
0.124378109453
0.231522707035
-0.390278516942
0.82275084958
1.5253313964
1.1572373255
0.516986706056
0.744047619048
-0.204195284945
0.936855911561
0.225352112676
0.699697428139
0.303490136571
-0.809031044214
0.169619298907
1.25954198473
0.905064509917
-1.27376425856
-1.57185628743
0.640301318267
0.606290261463
-0.0378787878788
-1.03092783505
-5.99118942731
1.75721714183
0.649702219816
-0.734503762092
0.467962562995
0.889776647903
0.547745115939
-0.616947922337
-0.144953795978
1.08058608059
0.183486238532
-0.219699743684
0.220183486239
0.683539626824
0.650799553737
-0.388960918689
-0.66237350506
-0.421399780139
0.794090489381
-0.914913083257
-0.091407678245
-0.0182781941144
-0.436760691538
0.0
0.973906651966
1.43522833178
-0.703312974274
0.915203586104
-0.575673166202
0.654205607477
1.55656795748
0.438512869399
0.0954198473283
0.210365270606
2.16881594373
1.50733835779
0.278440731901
-1.5854374633
0.353565114909
-1.08801243443
0.194666147557
0.923379174853
-0.779727095517
0.156188988676
-0.601591306035
-0.425120772947
0.407450523865
0.428682774747
-1.61042944785
0.153609831029
1.89786734494
0.768927444795
-0.412330649912
0.751730959446
1.03937637418
-0.734126984127
1.1845011042
-2.27584853836
-1.12512124151
-1.0556621881
0.773694390716
-1.89753320683
-0.659754948162
0.0943396226415
-0.971599402093
0.639338097029
0.339622641509
0.397802614131
0.590701219512
0.190912562047
0.460299194476
0.753623188406
-1.35341212352
-0.341945288754
-1.68098617856
0.563486100676
0.339238597814
0.0188501413761
0.283553875236
0.513015390462
-0.472768532526
-0.694835680751
-1.11420612813
-0.425295857988
-0.3133640553
0.129198966408
0.0738825267824
-0.969453082129
0.219981668194
-0.255988297678
-0.0365563882288
-0.454876273654
-0.0727272727273
0.0181851245681
0.127458120903
0.164143716943
0.384474551446
-0.237442922374
-0.0547645125958
2.04918032787
0.130572654356
0.449690837549
-1.16666666667
0.915716688469
0.526019162127
-0.579006350392
-0.759962928638
1.29553135561
-0.392743594539
-0.852957537549
-0.0741152492125
0.260078023407
-0.185425551641
-0.277366863905
0.595238095238
1.43396226415
-0.749063670412
-0.946021146355
-0.773053561568
-0.43980208906
0.0183284457478
0.515843773029
-1.21929026388
-0.937443663241
0.854545454545
0.310049243115
-1.02888086643
-0.144196106705
-0.662488809311
0.0716717434152
0.197486535009
0.197877316064
-1.61061946903
-0.528169014085
0.22939827069
0.247656111799
0.838387442026
0.0535427449581
-0.160370634355
0.0356506238859
-0.319829424307
0.5
1.0101010101
-0.520366050601
1.30885293583
-1.57452138128
1.25
-0.0724112961622
-0.108499095841
-0.10838150289
-2.80898876404
-0.714659229562
0.0174337517434
-1.42636191786
-0.68271036013
1.47211638379
1.35158855538
-1.02501737318
-3.19542549613
0.728443164493
0.905982905983
2.63157894737
0.0
0.175746924429
-0.175438596491
0.529100529101
0.141292829389
-1.54755694662
0.121866295265
13.1822660099
1.64229921891
-0.279608548033
0.0
0.501806503412
1.56982670744
-0.264335095567
2.01203069903
-0.0829015544041
0.625651720542
-0.353283458022
0.480267279181
-2.20543189708
3.39949324324
0.445387062566
-4.82438433589
-0.362027353178
-0.837654567212
2.53578732106
-1.29188534518
-0.462125778581
1.26144455748
-1.64098459075
0.482606072793
0.668016194332
-0.803212851406
1.36372888256
-0.405432799513
-1.06297633373
-1.16947472745
-0.903555293655
-0.0392695857059
1.69728434505
1.17171717172
-0.821478661591
-1.94499017682
-1.64251207729
-1.24045801527
-0.418091980236
-0.416351249054
1.36197966622
1.3807856865
-1.09636468552
0.736291416392
0.428098851917
-0.21359223301
0.763060066523
0.908193484699
-0.977517106549
0.235155790711
0.512113452826
-1.34084726001
0.058331713008
-0.962834585018
1.28730251609
-0.927536231884
-1.22160717694
0.172084130019
-0.0191168036704
2.02847669202
-0.311102469376
0.626100567404
-0.680139914497
-2.13008748574
1.21270452358
-1.04761904762
-0.341685649203
-2.42637525468
0.297232026751
0.54165110198
-0.0186741363212
0.205838323353
0.906344410876
0.360053060451
0.342270393611
2.31517509728
-0.0777604976672
-2.61264672473
-0.151228733459
-0.787696924231
0.0375234521576
1.17691723614
0.438512869399
-0.323071075637
0.114155251142
0.439518440665
0.210647261586
0.288073746879
-1.25165939693
-0.584464555053
0.0754716981132
-0.0377216144851
-0.915716688469
-1.25484406717
-0.532305433186
0.0550964187328
1.09543260304
-1.78701677608
0.494777350192
-0.546746856206
0.237486298867
1.59613956941
-0.443458980044
0.632205280774
0.0558139534884
0.0
0.29856316477
-0.464338781575
1.2030075188
-1.89931772082
0.724368499257
-0.222386953299
-0.111069974084
-0.184774575018
-0.969807868253
0.979305247598
0.988990483299
0.0746965452848
0.847457627119
-0.150432493419
-0.337331334333
1.50275822713
0.133333333333
0.70976405141
-0.799238820171
0.228876597368
-1.50291189179
0.62381852552
1.20528027549
1.10251450677
-0.289296046287
1.17073170732
0.117210392655
-0.0390548720953
0.411764705882
-2.48565965583
0.828995565838
-1.08695652174
0.363636363636
0.907686365392
0.916000779575
-1.13680154143
-3.35195530726
-0.204422969708
1.89358076122
0.533028745479
0.28636884307
-0.701421800948
-1.86046511628
0.279850746269
0.0560014933732
-0.0932487877658
1.72642762284
-0.340328984685
-0.451722190853
0.283125707814
1.88461538462
0.173376998652
-0.612674708022
0.635838150289
-0.612792033704
-2.22804718218
-1.25716398595
-0.588127182503
1.13382899628
-1.03016924209
-0.766703176342
0.109649122807
2.08955223881
0.638377769433
-0.411368735976
0.168570893426
-0.130939019828
1.19250425894
1.16813481425
-0.985968904058
-1.54937464999
1.22826908541
1.34048257373
-0.967191352171
-0.752870318088
0.720379146919
0.304240349876
-0.754859407435
1.29994264959
0.249137600613
-3.17313045092
1.25892521608
-0.819977636974
2.20952380952
-0.0761324704987
1.07733743748
-0.230326295585
-0.742998666413
0.555555555556
1.85365853659
-0.0390091671543
0.0390243902439
0.588812561335
-2.20729366603
0.598571152732
2.31133939154
-0.0789577575997
-0.354051927616
-1.75845410628
0.896860986547
-1.72446828894
0.249711870918
-0.0959508731529
0.656751014101
-0.69058123921
-0.153227351082
0.21113243762
-0.325234360054
0.40338071456
0.153905348211
0.34749034749
0.0
-1.91251656883
-0.414859513483
-0.897028592786
0.469395418701
-0.0750469043152
0.395554718403
0.169811320755
-0.244682853379
0.396825396825
-0.0377786173026
0.742150333016
0.152468076996
-0.133231823373
-0.0190294957184
-0.189933523267
0.630733944954
0.038240917782
-0.608133789434
0.266768292683
-0.247101311538
-1.49784684516
-0.130890052356
-0.502325581395
0.486072163021
0.149784684516
-1.56653151493
0.0368731563422
0.240251339863
-1.51073898799
-1.8227305218
-0.124933071569
0.0714413288087
-0.160485021398
1.63102573396
-1.44668690838
-1.00777934936
-0.158870255958
0.106025799611
0.123849964614
-1.97710718002
0.365535248042
-0.760062186906
-0.224060668735
0.659264399722
-0.7917383821
0.293457621267
-0.0690012075211
-0.120606478291
2.45366284201
-0.0881834215168
-0.281392894829
-1.66032514701
0.960363191898
-0.0697958471471
-0.864902266044
0.277536860364
0.330664810303
0.701016473887
-1.89133425034
-0.496150556031
-1.04960216692
0.271600746902
0.0849473326537
-0.186535526539
-0.623525446579
-0.235373234701
-0.151082759778
-0.451203208556
0.436388049681
0.286147113281
-0.801469360494
-0.016694490818
1.83611016661
-0.135823429542
0.221201293177
0.0851498637602
0.290350128096
-2.23743529805
0.0668337510443
0.301659125189
0.845022815616
-1.10312552231
0.876749283426
0.321380243572
-1.41737535434
-3.11793214863
0.421804023361
-0.210458151206
0.357432981316
0.358715147562
0.772264212948
0.0164338537387
-0.506867233486
-0.66590872178
0.703303892705
0.774682709741
0.513585155732
0.734312416555
1.33603923558
-0.938180599765
0.640701399427
0.0674877678421
-0.302775441548
0.745636332825
-0.202942668696
-0.151975683891
0.372881355932
1.56653468755
0.0516706854978
0.903719151894
-2.35873069744
2.00796261035
-0.138288677615
0.364330326162
-0.637821065334
-0.360700790106
0.258308937489
-0.154745529574
-0.0687285223368
0.241129865656
-1.05657805044
0.324841853308
1.66869459412
0.929824561404
-1.04166666667
-1.85721588005
-0.271877655055
-0.288037953236
0.528019076818
0.307534597642
0.653482373173
0.224060668735
1.54007700385
2.78827127181
-2.25074731845
0.565870910698
2.00216450216
0.983606557377
-2.60777009047
0.912996777658
-1.68954593453
-0.140597539543
0.335037912185
3.5799086758
-1.72320947765
-0.712885403671
1.00810081008
-0.87437544611
-0.391041592606
-2.13950252218
0.0870473537605
0.0174125021766
0.402097902098
1.36452241715
1.02040816327
-1.06269925611
0.106382978723
0.966702470462
-0.107296137339
-0.692594565796
0.625446747677
-0.709723207949
-0.0886367665308
0.64228367529
-0.814015218545
-1.48186889819
-2.04918032787
0.549450549451
-0.342231348392
-0.865139949109
-3.3606557377
-0.245298446443
0.394023969791
-2.26251604621
0.289668490505
0.0
2.4229437943
-1.06001304631
-2.26330889385
-1.13457295934
0.110427512226
0.189663347558
0.0
-0.0158027812895
0.844621513944
-0.349372717167
0.88112784364
-0.952078705173
-1.50046889653
0.660792951542
-0.625390869293
-0.482340127587
0.0
0.437568370058
-0.0468603561387
0.612918434701
-1.10351258937
-1.01538461538
0.0307787011388
-0.138312586445
0.0768994155644
0.354993054484
1.64731722623
1.59387950271
-0.475888324873
-0.0317158261973
1.51320025757
-1.63103721298
0.0158378207159
-0.987925356751
0.9977827051
-0.0158353127474
1.77276390008
-0.973507819981
1.40799482117
-0.0161812297735
0.766345997065
-0.325044693645
0.506370467168
0.0653808434129
-0.98721475967
-1.00929189362
1.69436298469
-0.211347748334
-1.48942985266
3.54892205638
0.0331785003318
-4.81604294963
0.79579818558
1.53522947641
-4.41767068273
-0.476556495004
-0.762776506484
1.61215315455
-0.231982678627
5.70541114926
-0.907176413413
2.43942914039
2.92058070026
-2.64383106086
2.73317389819
-1.8279389569
-2.10146117222
5.94886067142
-4.54922795949
-0.330961442992
-4.01842439644
3.80873866447
-0.213886146759
2.23717409588
3.75218150087
0.986958054283
-2.45831184459
-1.22261844116
0.357873210634
-0.777815353399
-1.64643272909
0.166583374979
-1.41238298571
1.55103402268
4.55100261552
-1.35878912969
0.727650727651
-1.53531218014
-3.53792989962
2.44436952124
-0.13468013468
2.85714285714
-1.63515585079
-1.1116725619
-0.184936112979
-1.84818481848
2.81642348151
1.27147766323
-4.27631578947
-0.246103363413
1.38057218896
1.41700404858
1.52423360164
-0.74791772905
-0.305033045247
-0.940070505288
0.336870473303
-2.07817911925
0.0164962058727
1.26962913465
0.16733601071
-2.19312602291
0.675564343384
-2.92706333973
1.01793504605
-0.896717373899
-1.23359164953
2.31391585761
2.60667441474
0.249667110519
2.42072962837
2.71406058484
0.422015122209
-3.05148312308
-0.475059382423
-1.37215528782
-1.49991758695
0.26441910428
0.348258706468
-1.06644790812
4.38431238226
-0.0513522766176
0.429774798006
-0.682943486426
5.77930287159
-1.30124777184
-0.690387679235
0.713139597076
-5.18931710615
0.10152284264
1.47664835165
-0.732912902676
2.2659926791
0.649122807018
4.8951048951
-2.3188926838
3.9036234591
-3.73966199209
-3.11792370667
0.914044647565
-3.54357409291
0.648464163823
2.6090001751
-1.41550146729
-2.68772047707
4.51193820225
-1.07676276485
5.53519061584
0.887573964497
0.445765230312
2.964237904
0.21080873898
0.772499034376
-0.250433442497
1.72447579855
-1.77093358999
-2.42299023291
0.642722117202
3.52250489237
0.51140833989
-2.26835832372
1.92006269592
1.24975203333
2.58445258445
-0.445705024311
2.94056308655
-2.30236348818
0.327064595258
11.1818181818
-1.12359550562
4.04489127893
-3.32278481013
3.67940004687
-2.15546892914
0.622981079834
-6.21077688812
-1.91042241562
3.67517605634
-4.13502109705
-0.836820083682
0.971694127588
-3.64339507429
-0.947580645161
4.07049937054
4.28884026258
-0.370612600828
-1.24865446717
3.26811916407
0.784225857047
-0.998225377107
-3.7780149413
2.53884876341
1.28574595433
1.25701459035
-1.65562913907
1.38764547896
-0.843320017754
-0.331785003318
-1.30975769483
-0.564358584762
3.71454299865
5.01182033097
0.522813688213
-1.33645955451
0.994553634857
2.27658028578
-0.577895497231
3.72127872128
-8.64704540269
2.55030416472
0.0936768149883
4.1209461107
-1.6782546152
-4.5756119881
4.07142857143
-8.65593736407
-3.0162412993
-0.210482003789
4.73985890653
1.18224403301
3.89339513326
-1.30375114364
-7.15650881291
0.943193997856
-0.0642673521851
1.23617436565
-0.94522019334
0.1721540779
3.08340727595
0.0443852640923
3.84881309057
1.56835205993
-0.996523754345
-1.37142857143
-2.12527964206
-1.82297386339
-0.371991247265
3.934500796
-0.923839567373
-1.77069499779
-5.42181285326
-0.250574232616
-0.249947927515
-0.0208246563932
-6.44847067991
1.84523809524
-0.0396667988893
-1.05965463108
4.64065708419
-0.307062436029
-0.224673202614
-1.98198198198
1.91797592328
-0.989898989899
-0.72202166065
2.42399342646
0.247116968699
2.64214753752
4.02374670185
-1.89818809318
2.00220022002
-0.980392156863
-0.541711809317
-1.28342245989
0.862998921251
2.43093922652
2.12141728729
-2.91411042945
-3.77398271136
6.22620380739
1.22421219678
-0.54114994363
4.13242545198
-1.9115614924
-2.77653381102
-0.0447627573859
4.4901777362
0.801508722301
-0.492610837438
3.52112676056
0.73385518591
-2.89786223278
2.8334147533
5.27127796349
2.23449001052
0.982213963366
-5.87206396802
1.0095911156
-1.5407554672
1.64182874463
-4.71720818291
6.51115098693
-0.0768442622951
-0.433562866616
4.53212476673
1.32360886008
-6.68011091505
-5.07298396746
-0.948091964921
3.15403422983
7.65991050276
-3.43162175902
8.04723976929
-0.573457127253
3.53406841956
-5.7302771855
-0.0532765050613
1.13146551724
-0.188222640495
0.922659430122
-4.82954545455
1.92155830482
4.36813186813
-3.72917217667
-3.47204493235
2.94349540079
3.14448359989
-3.42931937173
-2.22677245969
2.84285338247
3.43043833379
-1.87015762757
1.13482842475
-4.58881154937
2.59190690294
-0.630749014455
-1.98351365276
-3.88710076752
1.78931451613
-2.33817376323
-0.684429234906
5.57419354839
-1.64974619289
-2.76406712734
5.96234309623
0.20964360587
-1.5479876161
-0.487804878049
9.7801578354
-1.63570834488
9.17070217918
-12.4072110286
-6.63366336634
8.34003754358
-2.58620689655
2.08
-0.872323552736
-4.22784810127
21.3517665131
-8.12870448772
0.25466893039
9.9564405725
4.11402656301
2.66045892917
6.44247787611
4.16666666667
13.0
3.6717062635
-15.2014652015
-3.1571479248
15.48545678
3.25719120135
1.32876125161
-4.18891170431
-7.73020083365
5.4756195044
1.99755401549
1.99584199584
4.2027729636
-9.38358853553
1.03133677112
-3.26170376055
-5.23636363636
-2.89548022599
-5.03018108652
7.15055695293
11.6773675762
-1.5408929277
5.54628857381
7.05357142857
11.7206982544
-3.51299326275
3.95197598799
3.20082601962
-0.0515995872033
3.4151547492
8.7637840975
-7.81166399144
-11.7563739377
-0.889096864764
-4.17040358744
-4.3329043329
18.6863543788
-5.39499036609
-5.07544581619
4.9424184261
-4.31588613407
-10.883797054
4.93774151997
8.0241187384
7.10382513661
-1.03244837758
5.17063081696
-3.58923230309
1.2619888945
4.81481481481
-2.72774060731
5.48317046688
2.56124721604
-0.0556483027268
0.335008375209
1.18644067797
-1.66666666667
-2.96495956873
-4.03517847905
-3.10776942356
-5.31561461794
5.29735132434
-0.149700598802
4.21216848674
2.12426978226
-0.842548709847
6.50588895121
2.94457274827
1.82245737801
9.03846153846
-7.52815649081
5.04358655044
0.375
5.26315789474
-8.87290167866
-6.55462184874
6.82226211849
-0.11954572624
-1.47232037691
5.53138595401
-1.65036674817
-3.93423370523
-5.01952035694
1.01408450704
11.1458985598
-2.38386308068
1.05003088326
2.85895806862
12.7507163324
-0.992907801418
9.55710955711
-0.77101002313
6.74897119342
-10.7929515419
4.20811017598
3.97772474145
4.22885572139
9.04159132007
-6.42978003384
0.939368061486
13.3591481123
0.682261208577
-3.57142857143
-12.5718981101
2.01173512154
-9.27756653992
0.458365164248
3.39652448657
-2.01238390093
-8.303761533
7.80413159908
6.60685154976
-15.7967032967
4.74820143885
-1.48830616584
-6.74157303371
4.70588235294
12.8024980484
-6.01614086574
-5.60941828255
-3.60480640854
-2.28310502283
1.12137203166
0.999333777482
-4.5165394402
-16.5161975571
-7.96676441838
11.0146500271
-10.620756547
-0.338327694538
-5.13525905548
14.9104320337
-3.0148185999
0.720535254761
-7.34382451121
-17.1146245059
4.41601320677
0.331262939959
-3.20641282565
-1.07057890563
3.82873610539
-10.9604105572
2.6721866767
-2.1002210759
4.50519830574
-8.55633802817
9.06298003072
2.31827111984
5.64549605645
-2.54854368932
2.02228642179
-7.27133562954
5.40540540541
3.3778148457
-0.703933747412
3.20512820513
-4.7619047619
4.55319148936
-3.29218106996
-2.21327967807
-4.38630242401
5.18008903278
0.93954248366
-3.0495049505
1.20240480962
-2.72904483431
-4.75306349796
0.89921318846
4.13577838471
1.8680445151
-0.277447483155
2.18712029162
3.08977035491
-0.622406639004
-2.19155844156
6.06973740852
-0.684053014109
2.0061055386
-6.17839607201
2.86195286195
-1.0
3.27022375215
1.04347826087
3.27795240233
-5.31462585034
3.9328325232
-0.396126760563
-0.350877192982
-1.80878552972
-5.30179445351
0.245298446443
-10.1396032329
-3.74823196605
0.891901534071
-2.97680858429
-1.66780122532
2.15577190542
-2.34295415959
-0.203320908167
3.98167723749
2.5289017341
-0.252252252252
-1.70031880978
-0.352982703848
-1.11692844677
-0.208986415883
-5.4347826087
-3.03417438518
-4.22147445702
1.08225108225
2.63408441765
-0.911949685535
-0.562851782364
0.819672131148
4.3764396183
-4.1022404544
-0.0315457413249
-2.52152521525
-1.00456621005
0.550964187328
-0.457038391225
-0.9656004828
-2.41460541814
-0.817757009346
1.24186871674
5.7535959975
0.093896713615
-1.57116451017
-1.15712545676
-1.94087787399
-1.76004693458
-0.901162790698
0.673105062921
0.737028301887
-2.10678210678
-3.3203125
2.4
0.661489790049
2.99170616114
-0.618192522814
1.10119047619
-0.738552437223
2.3586332023
-3.89421679744
1.23565754634
0.265486725664
4.43622920518
-0.0923361034164
-2.19747140277
-0.894988066826
-1.38275963519
-2.83018867925
0.11448196909
-0.399087799316
0.688863375431
-0.71245369051
-1.26617895329
1.68812589413
-2.21040850588
0.903444381705
0.911680911681
-3.67727771679
5.37883169462
-0.860091743119
-2.97635605007
3.69195269686
-4.85729967069
4.59242250287
-2.35426008969
-0.998890122087
0.222469410456
-4.71648118707
1.42434829347
-4.7119078105
-1.5877016129
-0.923845193508
1.39240506329
-2.10656753408
-2.63030888031
0.193423597679
-0.505171999038
1.04521147302
0.513071096995
-1.68147970214
0.458494208494
-0.671140939597
2.15475024486
-2.366722448
1.28329297821
0.633528265107
5.58271160278
-1.0941475827
-0.279116975387
0.715563506261
-1.88064192578
-0.869997514293
-1.22759636631
-1.33236434109
0.78125
-0.751150957112
2.02719406675
-0.148111577388
-1.24329595319
-0.965717044906
0.509585052172
-1.12763915547
1.5347137637
0.415851272016
0.196078431373
0.691016781836
-0.977517106549
0.220426157237
-1.59074475777
-1.1672224869
0.0715137067938
1.15746322643
-1.30890052356
-0.308422301305
-1.24179943768
0.68412361406
-1.32681564246
-0.046533271289
1.944971537
9.25110132159
2.1169621593
-0.813648293963
-1.47401086113
3.31285065456
-0.6107275624
-1.43941376603
-2.07585853409
1.80015653535
2.13162803091
-0.845442536328
2.88121772221
-1.9978689398
-0.556291390728
-1.41028989292
-0.338365434669
-3.02877334679
1.45966709347
-0.255427841635
0.230414746544
0.333932699717
2.63643553915
-1.24967456392
0.972660357518
-0.392772977219
0.157356412274
-0.677259703048
0.287356321839
-1.56852661353
-3.25870646766
1.23394610929
0.0251889168766
-0.0503524672709
-0.972326103216
-1.59470068695
0.14742014742
-0.537634408602
-0.219458668617
0.0243902439024
1.66129432184
-1.82570593963
-0.387972841901
0.5608388198
-0.989859971028
0.729571984436
-0.867888138862
0.460159844999
0.0727096461464
-1.0551558753
-2.27325990157
-1.04359925788
1.77012036819
-3.02128633555
-0.432999088423
-1.48181409969
-1.00022227162
-3.16401205338
-0.449967859439
3.48115299335
-1.44230769231
-0.952380952381
0.456621004566
-1.66773572803
-2.6638917794
1.93042002546
2.94824197423
-0.629340277778
-3.19327731092
3.20901994796
-2.28813559322
2.92193632795
3.21854602746
4.54117647059
4.67980295567
-5.77860292411
-0.553888760674
-1.74603174603
3.01331464611
5.33956692913
-1.40708393984
3.46385542169
-0.821508588499
4.01346452615
-3.01356102461
1.99795081967
0.102564102564
2.17448257794
-5.35581453013
1.15374968648
1.73513651442
-4.34464242128
1.06068080908
5.54543087738
1.85627154601
-1.87353629977
0.839674626082
-4.79640269798
-0.249190132071
0.601654550013
-4.08752103871
-1.77137458668
0.665715644318
0.0713775874375
-1.33802816901
1.57367668097
-0.545411429926
2.70336093522
-3.77314272322
1.32985039183
5.03866300823
0.982367758186
0.557244174265
0.152207001522
0.535577658761
-4.71445929526
-2.30294396961
-1.08031939878
-0.583703011908
-3.03373330315
1.07551487414
0.621690075984
4.9540840986
-0.481000481
-1.14122681883
2.21142162819
-4.72331558231
-3.57222594329
-1.40876073079
1.97530864198
-0.0672947510094
0.0448833034111
-0.179211469534
-0.777950655701
0.874439461883
1.1108592156
2.05923183711
-0.64367816092
-0.571428571429
-0.771149920617
2.6303538175
1.92170818505
1.00647016535
0.45739046702
-0.479156684236
0.119932837611
1.7822265625
0.490677134446
1.39303482587
1.59211523882
-0.577889447236
0.176189277624
-2.8843803471
2.55703183755
0.050163029847
-2.92184075968
0.464774951076
-2.2009569378
4.2654028436
0.0499126528575
-1.52371590071
1.24409056979
-2.4987869966
2.08023774146
-1.15055079559
-0.2685546875
-0.991056321006
-4.05844155844
0.794763908368
-0.0233699462491
1.01510859301
-1.78530025504
-0.713627992634
-0.572213321126
1.58102766798
2.33166785629
0.598372426999
6.99103713188
2.01149425287
0.683850604945
0.528820729773
-0.447486180574
0.131787032156
-1.55682407888
-1.83392766174
-0.456389452333
0.89536965976
-1.16308470291
0.61053167133
-1.05713566574
-1.34094859697
3.17704330003
-0.687022900763
-1.99501246883
-1.42576204523
-1.31004366812
-0.578871201158
-0.240615976901
-1.95800896438
0.760637033516
-3.79602103819
-0.771499886544
0.387243735763
1.24538745387
-0.459136822773
0.484429065744
1.52224824356
0.0
1.83639398998
1.25573532963
-1.98816568047
-1.16959064327
1.25532922785
0.643623361144
-2.44186046512
1.72699313934
-2.44634202631
0.254511800093
-2.43792325056
-1.51178301467
0.222816399287
-0.266666666667
0.491290754801
-1.86280955512
-0.392927308448
-0.972762645914
-0.237222342031
0.367965367965
0.173460537728
3.47767556652
1.27243808225
3.55294117647
-1.68864214666
0.981079187106
0.0935234977788
-0.650406504065
0.607618602477
-0.16332244517
0.823335685721
-0.955265610438
-1.10599078341
-1.25142207053
-2.42007104796
0.69304717192
0.834084761046
-0.224921277553
-1.28774422735
0.0888888888889
-0.133155792277
-2.57297297297
-0.258788009489
2.49778956676
-0.0662690523526
-1.58695652174
0.458615418214
2.20982142857
0.76473234368
-0.179613830265
1.5503875969
1.10650069156
-0.504587155963
-0.274473924977
0.4364805881
-0.661798265632
-2.23114680946
-2.31037489102
0.349956255468
-1.82520936225
-0.385026737968
0.494411006019
0.714440355055
-1.42979086641
2.35910878113
0.549088513068
2.79972905848
1.95672191529
-0.275482093664
0.0689179875948
-0.0918062887308
0.973348783314
0.302185030218
-2.88939051919
1.32662397072
0.0228780599405
-3.38196286472
0.421753607103
2.33984552476
-0.587172538392
0.842632657709
0.618698441797
3.02171860246
-2.44127130355
-1.69798505773
-0.33844765343
-0.960893854749
-0.599733451799
-1.25027418293
0.0
-0.284339457568
0.153340635268
-0.566325419299
1.57079646018
-0.352733686067
-0.132100396301
0.0
-1.85825410545
0.259965337955
-0.259291270527
-0.2156101768
0.782268578879
-0.173535791757
0.479511769834
-0.8
0.412505427703
-1.243567753
-0.765957446809
-0.233496073021
0.127523910733
-0.106157112527
-1.09197816044
-1.85490519373
-1.14099429503
-1.14803625378
-0.501002004008
0.402414486922
0.363489499192
-1.35458167331
0.0199242877067
0.0398644608332
0.682319887618
0.585385547033
0.101030511214
-1.15837827042
-1.35933806147
-0.587544065805
-1.46661520648
1.23070912288
0.136932707355
1.10759493671
0.297560007935
-0.532754538279
-0.880109524741
-0.910852713178
3.38609497095
-0.359353164304
1.64366883117
1.0250102501
-0.22499488648
1.64241164241
-0.475894889303
1.23586091328
-1.03648424544
0.18691588785
1.84010152284
-2.33422846519
-0.185567010309
-0.777414075286
-1.35216952573
-0.601805416249
1.30054866897
1.79975175838
-2.4222850222
-0.562023283822
-2.16025137471
-1.5087040619
-1.2227741689
0.0191094974202
-0.815011372252
-1.54879641724
0.979837949878
1.53051463555
-0.248091603053
0.866217516843
1.10938108213
-0.829955607026
0.93512565751
-0.926462072959
-0.537531196007
-0.931913275009
0.650842266462
0.829955607026
0.465386852821
2.15927099842
-0.138476755687
1.01918465228
0.0399840063974
3.09150865622
-0.695865738846
4.31255337319
-0.783732260114
9.68866171004
-6.63774403471
7.71028037383
-5.03660971822
0.400980173758
-2.02968136185
2.07173089775
-2.11513301352
3.56820234869
-0.427254328761
-0.291479820628
-3.92072382594
-3.45257903494
-0.0207943439385
-0.804455445545
-0.144181256437
-0.226058364159
-2.11225105613
0.424242424242
2.04081632653
0.936329588015
-3.84153661465
0.908540278619
4.75888324873
-0.379266750948
-0.918580375783
-2.2249438661
-0.749594813614
-1.51636073424
2.95809367297
-1.19748325553
2.15633423181
3.4312674244
0.387513455328
-2.3338940286
1.01954120646
1.31267484399
-0.535102739726
4.05345211581
3.26586936523
0.115127791849
0.0460723335637
-2.29574611749
2.30255583698
-4.44444444444
-0.677447552448
-2.70040399745
1.51090006475
0.498915401302
2.1719858156
-3.34190231362
1.19228267938
-0.129898246374
-4.68427569129
-2.92467948718
1.01173613921
-2.04162537166
-3.09258547829
-0.0767754318618
2.92374555512
3.32720963462
-2.64308426073
-2.63157894737
0.976944118796
-0.136585365854
-0.175301908843
4.32838853891
0.244448971277
-2.54119515585
1.86046511628
-1.001001001
3.8029925187
3.04068522484
-0.383959044369
1.78028658272
0.130434782609
1.9955654102
0.222222222222
-2.19517496196
1.00987925357
-5.18318068276
0.523121992049
-0.912295251918
-1.12751127511
0.453047775947
-1.22050447518
2.82367705501
-2.02868852459
1.90018793067
1.05507491032
0.658453695837
1.42180094787
-0.981228668942
1.8245004344
-3.92320534224
0.905453779743
-0.293932395549
-0.667361835245
0.608476710029
1.4690227805
-1.15740740741
0.741997032012
-2.52118206241
0.310945273632
-1.14754098361
1.09799047027
-0.247985120893
-0.575303061434
-0.572012257406
-1.40986908359
-0.221061093248
-0.915969733174
-0.67246835443
-0.765456329735
1.81854516387
1.21359223301
0.426569165143
-1.87362965916
0.380152060824
0.260782347041
1.48615635179
-2.03430394894
-0.948241801659
-1.05551211884
-2.08612440191
0.849256900212
-0.613849990409
0.948876839659
-1.28082584592
0.965064659332
-0.499327827924
0.211701308699
0.854037267081
-2.55343294874
0.0189178963299
0.0189214758751
0.113657889752
0.227833681413
-1.23757734858
-1.5688445921
0.78125
1.64492342598
-1.26936718312
1.09454614078
0.0377572210685
2.37727097024
-1.01396594605
-1.28423040604
-0.46992481203
0.814856926284
-2.72811059908
-3.38379341051
-1.00493653032
0.300618921309
-1.25720272394
0.632577754349
-0.245398773006
-0.41892127771
0.0698689956332
-2.40368223662
0.755754036414
-1.42228242465
2.02107445155
0.051849291393
-0.258576107568
-0.650796369241
1.77793271745
-1.25645438898
1.64450664801
1.74439302243
-1.35206321335
-1.87801516196
1.32681564246
-0.951063461871
-0.601581299416
0.241212956582
0.816397429217
0.208877284595
0.226796929518
-0.537914280757
-2.17280597522
-1.14113106226
-0.963935516038
-0.0664341471516
-1.24651467935
-0.13104013104
0.312191915872
1.26455906822
0.0
0.350642845216
0.723175243861
0.0673174015483
-0.368879946345
2.08832591578
0.828443217121
0.958355114131
3.12668463612
0.451263537906
-1.6509852654
-0.0354924578527
0.678935143827
-0.656727014554
0.949650600251
-1.32602545969
1.98341146772
-0.662726132903
4.49185850646
-0.149504765464
-0.870692849203
-2.52798844348
0.253439536568
-1.10991765127
1.37931034483
-2.4433427762
2.50453720508
0.0908265213442
-2.1855010661
0.769919427037
-1.91429574991
-0.870473537604
1.98863636364
-0.827610494805
1.32024977698
-0.106932810551
-1.35372714487
0.335156112189
-2.61123518296
-1.42252328535
-0.605958592829
0.270042194093
1.05747910626
0.376647834275
0.0342524404864
0.533746556474
2.0200245916
-1.72622130157
-1.21077762619
-0.068166325835
0.669068450849
3.66352480882
0.752553305859
0.143549255338
0.179759122775
-0.749330954505
-2.96052631579
-1.31556466769
0.411734431292
1.00502512563
1.60211267606
0.548769693751
-1.94410692588
0.893169877408
-0.936849410132
-0.466240718356
2.55002656278
1.11011638317
-0.498841973989
0.0891583452211
-1.02364984116
-1.23758061705
-0.382010765758
1.21265377856
0.530035335689
-0.387187609996
0.708968450904
-1.861193251
0.121908742598
-0.243224461432
0.243817485197
0.437292286164
-1.93825042882
-0.528919979526
2.48295156496
-0.383208500261
-0.554304521046
0.365090403338
0.506727240958
-0.0698445957744
-3.01439458086
-0.371182723131
0.152078404867
0.869268791546
0.0
0.565649640041
0.829588662288
0.329460724814
0.945212672851
1.76344852155
-0.760120205056
-0.510024621878
-1.50701541659
0.961874781392
-0.383275261324
-1.66181257495
-0.324453551913
-0.442026521591
0.995879120879
0.465758150768
-0.85513938772
1.00190015547
0.520923771488
-1.77383592018
-1.24642075122
3.05502516924
1.31902919451
0.211491011632
2.45576020224
0.271591526344
-0.378787878788
-0.556053811659
-0.393067714847
-1.54793315743
0.246870040557
0.621007806955
-1.45130267529
2.91524203707
0.0179985601152
-0.483610961848
0.558357348703
1.4249177932
2.03168685927
0.0186428038777
-1.21546961326
-1.68386746334
-1.12781954887
-0.21436227224
-0.937887099628
1.47243670318
2.29610580456
-1.92758061611
-0.733190271817
0.0357781753131
-0.16074298982
0.268624641834
-0.992907801418
0.498930862438
-0.865571453807
-0.246696035242
-0.543287767263
-1.05774232703
-0.0866250866251
1.88879082083
-1.0825912345
-0.951227948807
1.813699595
-1.06271777003
-0.433651344319
0.208586824266
0.700157535445
0.776150996648
0.0352920416446
-1.40918580376
-2.16170212766
-0.423728813559
-1.0233182352
-0.417641162713
-0.564784053156
-0.0995685363425
-0.871853923343
-0.734813847159
0.0490115994119
0.740618828176
0.230946882217
-0.197563384919
1.60588825694
0.639730639731
0.797556422875
-0.623946037099
-0.336134453782
0.727949889961
-0.639192598823
0.202258553851
0.884203366774
-1.83608746453
0.841609156708
-2.06066600725
0.165125495376
-2.54264563888
0.550161812298
-0.290416263311
-0.353697749196
0.161030595813
-0.384985563041
1.05365537364
-0.947334617855
0.597641738007
0.601234969126
-1.64615630494
0.886810706224
0.16149870801
-0.928
0.563153660499
-0.352733686067
-0.826840515185
-1.91827822832
-0.819798917247
0.139405204461
-0.216383307573
-1.2213740458
0.321641905345
-0.0153139356815
-0.122361578464
-1.07429263126
0.471267862572
0.998003992016
-1.31818181818
0.902002751873
-1.22319540924
0.18154311649
-1.59297305345
0.0297840655249
-0.459531574266
0.297353553375
-0.561797752809
2.09811320755
-0.719316649183
2.18989280245
-0.457317073171
0.582643360932
-0.275229357798
-0.517188926072
0.0913520097442
2.46489859594
-0.758631367085
0.717292998597
-1.39913899139
-3.27186198691
0.870087008701
-1.17123795404
0.0444971818452
-1.0421253486
0.560885608856
0.177436049091
-1.1401841836
0.190392501465
-1.58547131738
-1.21030898476
0.242649157865
-0.256264236902
-0.0995590954345
0.142429853297
0.185502283105
0.415532311219
-2.40525800587
-1.74498488596
0.761456458535
-1.48663393344
-1.45161290323
-0.945280255625
0.900053734551
-0.334716829562
-0.770559319782
-1.16859243697
0.43518396413
-0.407144733386
0.567956676793
-0.993853798875
0.539048119905
1.73889780631
-1.94123819517
-2.30650948232
-0.306591722023
2.30005227392
2.40899357602
-0.651509107831
3.06975469371
-1.17822318527
-1.52040544145
1.01037316449
1.79648930335
-0.531987450552
1.80530481878
-1.66598388639
-0.906630581867
-1.62406815761
0.481540930979
-1.1634056055
1.36692575717
0.0536336819523
-2.26706853623
-0.947559709242
-0.734441437959
1.67692912354
-0.792825578373
-1.7745435976
0.616570327553
-0.536604062859
1.9140625
3.76976084313
-0.0675128274372
-0.88329764454
0.416610670609
-1.26061571125
-0.541111257754
0.570745951686
0.373034905409
-0.172895331826
1.92490172157
-2.45934153114
-0.0792707094729
-0.316080600553
0.158290463
0.891668884748
-1.37813361334
0.913907284768
0.013246787654
-0.970746425292
0.461254612546
1.33547008547
-0.385792204337
1.11649179446
0.0942507068803
1.13017429194
-0.568643379366
0.285132382892
0.0543404428746
2.36406619385
-0.138869601444
-0.29077817779
0.431094423585
-0.717934557504
-0.970741044572
-0.894308943089
0.613496932515
-0.420852565843
-1.2600536193
-0.771481777068
-0.146101739939
-0.0132802124834
-0.396825396825
-1.71606864275
-0.927357032457
0.0902410725796
0.323331608898
1.15122972266
0.486394110688
0.105277010133
-0.432389937107
0.566609566478
0.489936440678
-0.539971025945
1.81013676589
0.756552283167
-0.390257031355
1.8782561009
0.996953752423
0.0
-3.26814894187
-0.981432360743
-0.880767713948
1.08970099668
-1.40199161426
-4.87348871993
-0.360158966716
0.149253731343
-0.581179671077
0.29765595932
-0.333745364648
-2.06996731631
-0.181246979217
-1.07578293091
0.673886883273
1.58924205379
-0.438169425511
0.280727450262
0.03663003663
-0.26790063322
1.48294611962
-1.05160185865
0.46683046683
0.456621004566
-0.503438113949
-0.549517645622
-1.09903381643
0.558659217877
-0.14552510308
0.255319148936
-2.02501488982
0.119260584377
-0.874807896915
-0.587613115525
-0.584180394906
-0.244755244755
0.597959901512
0.803687507387
0.130177514793
-0.0473148805299
-1.61759571744
0.209912536443
0.539336381756
1.65673420739
0.720288115246
-0.454110898662
-0.993847610033
0.487456901676
-2.18630073264
-0.486054854762
-1.32465456206
-0.837957196241
-0.428458676288
-0.348314606742
-0.213028366409
-0.446478401607
-1.25647525625
1.43096702068
-0.323155783374
0.0445930880713
0.38048343778
-0.0559221563583
0.596309630963
0.372670807453
1.79330957581
-0.149219467401
-1.28045325779
0.535429482798
-3.50665054414
0.419472347941
-0.592560079008
2.19804867108
2.55319148936
1.43490433971
-1.06186518929
1.27410870836
-1.23528053567
1.88191013879
2.60680666184
-1.35714285714
0.334448160535
-2.29898471234
-1.50574712644
-1.51686665157
-0.270941521788
-0.494270950348
0.134983127109
-0.112359550562
-0.0224668613795
0.20261143629
-0.19098977643
0.292957746479
-1.30115658363
0.0111222333445
0.200601805416
-0.620223723557
-1.08457493427
1.45604090252
-2.85066407515
0.510093336227
-1.4756201882
-0.36224163648
0.17075773746
0.536480686695
0.32292787944
2.4368728636
0.576688477321
-1.19438965593
-0.360301342941
0.947867298578
-1.0470062166
0.185751748252
0.560377980442
0.187142228093
1.31608298015
-0.366707411935
-0.519566659297
0.477618571587
-1.25041131951
0.851769911504
-0.637502747857
2.02983066054
2.96766743649
0.127182333218
-2.51352569883
3.93626991565
0.969955050863
-1.12280701754
-0.627615062762
-1.55606407323
1.36859197402
-0.519210799585
-0.45940048237
-0.0688626190749
-0.320329481753
0.436631046765
-0.0344589937974
-0.831529786992
0.411757977811
0.702603086846
-0.126538594271
-0.492216117216
1.34570765661
-2.02318708797
-0.722184608441
-0.24763619991
-0.914566138746
0.639802446964
0.712186298892
0.981735159817
0.114285714286
-0.703586019065
1.18268457917
-0.876394263601
-0.328984685196
-0.709619283622
-2.85589232958
0.362398418625
-0.24101665206
-0.24043715847
-0.424420502775
0.174424942767
-0.0871364775079
-1.06681034483
-2.223158782
-0.690593282411
0.304366078925
0.210349179638
0.337695230055
-0.0948866631523
0.508636219137
-0.306359602789
-0.94181665969
0.515409698117
-0.491940548461
0.0314103235263
1.14370433125
-0.221893491124
0.360551431601
-0.663646897714
0.0632444397597
-0.503408495018
0.147043377796
-0.65734557596
0.461215932914
0.877656762187
-0.179438463162
0.296421765827
-0.0105853710173
-0.0740427332346
0.0952885124404
-0.0211707420345
1.59156898591
-0.577354859403
0.699827734711
-0.524793830995
0.0964837049743
0.139559849705
1.32709670401
0.0762029174831
0.163559044815
0.879991200088
3.30681818182
1.76939979184
-0.529161394225
0.660027790644
-0.0462962962963
0.44175773076
-1.65771121527
0.598044853364
-0.149288011024
-0.366132723112
0.148962988427
0.773672055427
-0.642496558054
-1.08942351339
-0.41812634196
-0.729190038142
0.292529252925
-0.792499162853
0.493550196298
-0.100851636038
0.247135475174
-0.591848129537
-0.189478377173
-0.465941868205
0.546569994423
0.0446378752371
0.764646351063
1.17178612059
-0.576857821513
-0.0113096584483
0.890004564126
0.297550926986
-1.10909913988
-0.797125856068
-1.14317425083
0.445930880713
0.797842454208
0.77001472087
-0.237234523272
2.0285846012
-1.82188525518
0.477544059125
0.468357322367
2.01608204172
-0.0698730639339
-1.48003671409
0.149373779157
1.9683655536
-2.35670975861
1.76970543719
1.05894811154
2.66972698719
0.0483442107808
2.2365006796
0.859920239282
-2.83361588762
-1.70217831211
-1.90331620738
2.00095283468
-1.92734493634
-0.914351851852
-0.265496941013
-1.56800363595
-0.373556712701
-0.45075501465
-1.34519177321
-0.990643918547
-0.579995622675
-1.12529755464
0.917230836427
-0.737047474529
-0.151515151515
0.719424460432
0.207536865101
0.527067091248
0.441160251461
0.59913458338
-0.496798410245
0.0883977900552
-0.132421099095
