108.06
102.00
101.69
100.00
105.88
109.81
106.50
103.81
106.19
107.56
112.00
112.31
112.38
115.25
109.06
112.12
107.19
106.62
103.88
109.50
117.81
113.88
117.81
121.12
125.19
125.81
128.81
135.94
130.94
130.50
128.00
127.17
130.50
125.81
123.94
138.62
137.25
132.75
130.56
132.19
131.69
132.75
137.44
136.12
132.06
132.38
139.31
136.38
136.19
131.75
128.62
131.67
135.00
134.12
140.86
144.38
77.81
79.38
80.06
77.88
76.06
73.62
77.31
72.94
73.12
72.12
71.81
74.94
72.56
70.00
65.00
61.12
57.00
66.50
69.25
66.12
65.12
63.44
66.00
66.75
69.00
69.33
71.44
68.00
66.06
63.62
67.75
62.75
62.75
58.50
60.25
59.94
60.00
60.56
58.00
55.38
53.44
55.25
50.55
55.12
54.50
54.94
59.88
56.94
60.94
64.38
63.25
61.31
62.88
63.69
64.38
62.12
65.00
65.19
66.50
67.81
68.94
67.12
67.44
64.56
62.62
62.81
62.25
63.56
61.19
63.56
64.62
61.88
64.75
65.38
63.12
62.12
63.88
65.25
68.25
69.62
67.25
66.81
69.50
68.12
66.06
68.12
68.56
68.00
62.81
65.44
63.19
60.94
64.38
65.56
66.25
65.50
67.81
63.38
64.31
64.50
63.19
63.06
63.44
63.50
65.50
64.81
67.19
66.50
65.50
66.06
66.56
66.56
68.62
68.56
66.00
64.25
66.25
63.88
61.19
58.88
61.31
61.25
62.75
60.06
62.00
63.12
61.12
60.31
57.19
55.19
57.31
59.44
55.25
55.50
56.25
58.56
57.56
56.19
53.69
51.12
51.19
49.81
56.06
54.50
54.56
52.25
58.25
57.31
55.88
54.88
50.62
53.56
50.69
48.06
53.88
52.12
55.75
56.75
55.12
56.75
52.12
53.25
50.06
50.38
53.12
53.56
51.06
52.75
51.25
53.69
50.56
52.69
51.25
51.00
51.69
47.88
48.50
45.81
52.12
51.44
49.94
52.38
54.81
54.38
51.12
50.94
48.17
42.94
41.75
36.50
38.88
41.50
40.75
40.75
39.56
38.25
33.31
41.31
41.88
36.62
36.55
37.12
36.25
39.12
38.06
38.50
39.00
41.88
40.38
41.44
42.62
42.56
39.31
38.38
37.25
38.00
37.44
38.25
35.50
34.56
35.75
31.06
30.00
28.19
29.56
28.50
29.38
30.81
28.25
26.06
25.12
26.44
27.00
26.06
24.00
23.69
24.50
22.19
23.08
24.00
24.00
22.81
20.62
18.81
21.38
20.25
20.31
19.94
20.81
19.06
19.31
19.75
18.69
17.88
18.12
15.75
15.25
15.81
15.06
13.75
13.69
14.94
13.62
14.49
15.86
17.40
17.98
17.20
16.66
17.93
18.91
19.15
17.33
16.26
15.73
15.21
15.60
16.98
17.80
20.00
18.66
19.64
19.25
20.38
19.13
18.83
19.05
18.57
18.74
20.00
19.86
20.20
22.87
23.48
22.36
22.91
22.05
20.46
19.00
19.26
18.85
19.73
21.54
20.76
21.82
20.49
20.38
20.37
19.02
17.74
16.65
16.50
16.64
16.40
17.68
17.52
18.51
18.02
17.93
18.58
18.20
19.22
19.19
17.58
16.79
17.25
16.20
16.70
17.86
18.74
17.71
17.79
17.15
17.76
17.99
18.27
18.38
18.70
19.38
19.06
18.89
19.22
20.30
20.25
20.05
19.54
19.26
17.98
18.29
18.33
18.21
17.65
17.00
17.48
16.61
16.90
16.01
16.48
16.76
18.25
18.01
17.09
17.08
16.01
16.33
15.77
14.88
14.40
14.36
14.47
14.00
13.57
13.49
12.88
12.09
12.56
12.60
12.23
11.24
12.18
11.90
11.48
13.95
14.42
14.94
15.05
14.59
15.15
16.46
16.95
16.21
16.97
15.60
16.72
16.72
16.83
16.41
17.23
17.74
17.29
16.42
16.57
16.92
17.66
17.26
17.90
18.47
18.93
19.09
19.20
19.26
19.58
19.89
20.14
20.02
20.71
19.79
19.15
19.59
19.93
19.70
18.88
19.89
20.44
19.86
20.52
21.54
21.79
21.16
20.74
20.78
20.50
19.01
19.39
19.26
19.62
19.35
18.29
18.19
18.11
18.24
18.49
18.54
18.11
19.23
20.76
20.83
20.53
20.95
20.85
21.00
20.21
19.63
19.68
18.94
19.48
18.85
18.06
18.93
19.05
19.13
19.70
19.01
19.34
19.80
19.21
18.31
18.50
18.61
17.06
16.76
17.69
17.26
17.52
17.46
17.09
16.81
16.69
15.11
15.24
15.60
15.50
14.24
14.27
15.00
16.48
16.51
16.77
17.00
17.80
17.42
16.77
16.36
16.74
16.54
16.52
16.74
16.02
16.49
16.57
16.18
16.29
16.34
16.93
17.52
16.42
16.60
16.87
16.15
16.18
14.82
15.55
14.87
15.30
15.01
15.58
15.97
15.44
15.26
14.87
14.01
14.43
14.59
13.91
14.13
14.65
13.70
13.64
13.14
12.89
13.08
16.27
15.75
15.42
15.70
16.45
16.56
17.01
17.25
16.58
16.16
16.56
16.90
16.57
16.38
15.65
16.01
15.78
15.33
16.08
15.92
15.46
15.73
15.47
14.99
15.29
14.89
14.30
15.07
14.71
14.49
14.08
13.74
14.06
13.45
13.43
13.82
13.95
13.09
12.56
13.04
14.05
13.67
13.14
13.51
14.05
14.38
14.44
14.27
14.80
14.34
13.65
12.98
12.50
13.09
11.61
11.82
13.31
13.34
13.19
12.10
11.89
11.36
12.07
12.99
13.20
13.12
13.41
13.37
14.35
14.36
14.45
14.72
14.73
15.11
15.10
14.45
14.49
14.02
13.72
14.20
13.82
13.07
13.27
12.77
13.03
12.96
13.43
13.57
13.04
13.05
12.93
12.54
12.50
12.00
12.08
11.96
11.43
11.96
11.36
11.23
10.48
10.94
10.05
9.81
9.46
9.08
8.60
9.23
9.74
10.32
9.99
10.99
9.81
10.17
10.51
10.95
11.22
11.26
11.75
11.78
10.90
10.60
10.91
11.18
11.61
12.31
12.69
12.96
12.35
12.56
12.16
12.87
13.42
14.00
14.08
13.91
13.66
14.38
15.24
14.89
14.89
14.45
14.83
14.92
15.06
14.52
14.43
14.11
14.18
13.50
13.93
13.85
14.11
13.40
13.67
13.66
13.22
13.00
13.27
13.44
13.35
13.10
13.01
12.97
13.10
13.64
13.91
14.20
14.60
14.44
14.95
15.22
15.28
15.58
15.18
14.90
14.13
14.18
13.96
14.59
13.86
13.71
14.22
14.08
13.87
13.37
13.48
13.20
13.20
13.24
12.85
13.15
13.47
13.20
13.31
13.68
14.31
14.42
14.26
14.67
14.42
14.08
13.51
13.75
13.98
13.72
13.63
13.74
13.48
13.24
13.01
13.02
12.69
13.42
13.40
14.13
14.20
14.22
14.04
13.90
13.51
13.72
13.66
13.50
13.22
12.98
12.98
13.64
13.64
13.71
13.57
13.43
13.04
13.04
13.21
13.47
13.34
13.56
13.95
13.94
14.32
14.33
14.35
14.34
14.98
15.14
15.00
15.12
15.27
15.38
15.90
15.50
15.22
15.95
16.67
16.47
16.42
16.75
16.63
15.94
15.99
15.70
15.92
15.69
16.15
16.28
16.62
16.41
16.80
17.01
17.37
17.37
17.36
17.23
17.40
17.60
17.78
17.41
17.98
17.98
18.73
18.56
17.93
17.24
16.75
16.87
17.13
16.89
16.79
17.24
17.86
17.52
18.22
18.73
18.80
18.31
18.57
18.61
18.51
18.23
17.76
17.89
17.93
18.67
18.88
18.58
19.08
19.08
19.16
19.28
19.49
19.15
19.26
18.86
17.65
17.53
17.58
17.71
17.83
17.59
17.80
17.79
18.27
18.55
18.57
18.87
18.79
18.98
19.10
19.01
19.19
19.14
19.59
20.24
20.59
20.42
20.86
20.78
20.46
20.71
20.66
20.39
21.29
21.14
21.42
21.02
20.78
21.15
20.32
20.06
19.96
20.20
19.59
20.20
19.99
20.76
20.80
21.00
20.79
20.95
20.79
21.00
21.14
21.02
21.04
20.64
21.08
21.11
20.63
20.16
19.80
19.93
20.90
20.82
20.86
20.93
21.71
21.58
21.80
22.90
22.34
22.19
22.35
22.97
22.70
22.26
22.05
21.73
22.05
21.94
22.17
22.80
22.62
22.81
22.70
23.18
23.11
23.30
23.98
23.75
24.29
23.23
23.78
23.93
24.09
23.98
23.77
23.49
24.17
23.79
23.98
23.94
23.87
23.75
24.40
24.12
24.23
24.25
24.77
25.06
25.56
26.34
26.48
27.03
26.89
27.40
27.16
29.13
28.86
28.60
28.22
27.33
28.20
27.50
26.78
25.96
25.71
26.20
26.41
24.08
23.82
24.74
24.67
24.78
24.24
24.05
24.06
24.25
24.09
23.68
23.19
22.75
23.05
23.58
23.35
23.16
23.53
23.03
22.70
23.19
22.89
22.36
22.12
22.21
22.34
23.13
22.78
23.12
23.50
23.17
22.50
22.35
22.36
22.67
23.58
23.40
23.85
23.93
23.57
23.74
24.43
24.81
24.65
24.24
24.15
24.13
23.62
23.26
22.82
22.48
22.86
22.11
22.37
23.15
23.32
23.14
22.94
22.37
21.91
20.91
21.12
21.37
21.26
21.50
21.69
21.62
22.25
21.96
21.76
21.24
20.93
21.00
21.36
21.52
21.64
21.65
22.24
22.35
22.54
22.37
22.24
22.41
22.35
22.78
23.89
23.74
23.56
23.82
23.32
23.64
23.88
23.36
23.42
22.87
23.22
23.97
23.68
23.43
23.30
23.71
23.70
23.11
22.95
22.37
22.42
22.17
22.36
22.29
22.14
22.10
22.13
21.53
21.36
21.88
21.17
21.39
20.93
20.54
20.71
20.50
20.80
20.92
21.24
20.74
21.12
20.61
19.93
20.05
20.46
18.29
17.79
17.86
18.23
18.68
18.99
19.10
18.88
19.18
18.97
19.32
19.17
19.47
19.03
18.76
19.09
19.30
18.75
19.05
19.31
19.93
20.46
20.25
20.35
19.56
19.59
19.16
19.30
19.65
18.96
18.90
18.40
18.04
18.07
18.31
18.10
18.93
18.96
19.10
19.53
19.13
18.78
18.98
19.16
18.86
18.59
18.48
18.65
18.70
18.45
18.63
18.27
18.06
18.11
18.55
18.95
19.21
19.26
19.29
19.28
19.52
19.97
19.97
19.75
18.44
18.74
19.26
19.55
19.38
19.54
19.52
19.01
19.15
19.00
19.21
19.23
18.94
18.75
19.15
19.20
19.43
19.82
19.73
19.80
19.40
19.42
19.27
19.28
19.40
19.40
18.99
19.05
19.36
19.32
19.45
19.30
19.26
19.31
19.42
19.32
19.32
18.56
18.57
18.85
18.72
18.72
18.64
18.93
18.78
18.88
18.74
18.15
18.32
18.01
17.75
17.51
17.69
18.18
17.90
18.04
18.13
18.15
17.52
17.90
18.16
18.24
17.63
17.58
17.70
17.97
17.92
17.71
17.45
17.30
17.31
17.28
17.18
17.20
17.42
17.50
17.74
17.80
18.04
18.24
18.12
18.53
18.71
18.45
18.54
18.25
18.07
18.03
17.80
17.94
17.92
17.75
17.88
17.89
17.75
18.03
17.89
17.70
17.67
17.82
17.77
18.15
17.90
17.99
18.24
18.00
17.81
17.20
17.02
17.18
17.19
17.68
17.43
17.48
17.28
17.25
17.14
17.27
17.26
17.31
17.65
18.00
18.02
18.21
18.21
18.55
18.70
18.89
19.09
19.06
19.24
19.38
19.47
19.55
20.00
19.62
19.90
19.79
19.40
19.64
19.88
19.40
19.38
19.41
19.41
19.47
19.24
19.30
19.18
19.32
19.53
19.53
19.60
19.77
19.80
19.78
19.30
19.03
19.16
19.36
19.08
18.99
18.82
18.82
18.84
19.31
19.54
19.78
19.97
19.94
19.89
19.65
20.17
20.12
19.56
19.32
18.85
19.06
19.18
19.30
19.15
19.26
19.49
19.54
19.43
19.30
19.25
19.61
18.25
18.06
17.80
17.71
17.63
17.84
17.66
17.82
17.69
17.76
17.52
17.48
17.40
17.64
17.51
17.62
17.65
17.72
18.20
18.40
18.37
18.58
18.48
18.25
17.84
18.03
18.42
18.17
17.97
17.85
18.11
18.05
17.92
17.72
17.92
17.86
17.92
17.74
17.67
17.50
17.73
17.63
17.49
17.19
17.43
17.30
17.27
17.17
16.98
17.20
16.93
17.03
17.16
17.12
17.10
17.05
17.14
17.45
17.48
17.63
17.51
17.87
17.85
17.86
17.75
17.15
17.47
17.35
17.27
17.22
17.37
17.02
17.06
17.28
17.44
17.55
17.48
17.51
17.54
17.69
17.64
17.50
17.56
17.78
17.64
17.55
17.52
17.50
17.69
17.76
17.52
17.47
17.31
17.21
17.29
17.35
17.25
17.29
17.24
17.12
17.45
17.85
18.35
18.77
19.06
18.97
19.40
19.20
18.92
18.68
18.73
19.02
18.51
18.16
18.33
18.57
18.58
18.78
18.89
18.57
18.58
18.37
18.15
17.83
18.09
19.40
19.55
19.76
19.55
19.70
19.94
19.98
19.86
19.58
19.67
19.72
19.85
19.97
20.24
21.06
20.88
21.04
21.05
20.87
20.86
20.44
20.82
20.86
21.25
21.44
21.25
21.62
21.68
21.41
21.42
21.41
21.36
21.69
21.33
21.57
21.97
21.67
21.59
21.56
21.69
21.18
20.81
20.99
21.03
21.02
21.18
20.86
21.47
21.26
21.03
20.68
20.29
20.47
20.73
20.98
20.95
20.96
21.39
21.49
21.86
21.75
21.76
21.68
20.75
20.05
20.34
20.56
20.21
20.18
20.29
20.87
20.60
20.37
20.49
20.52
20.31
19.77
19.68
20.50
20.44
19.88
20.17
19.91
19.89
19.97
19.48
19.36
19.61
20.22
19.98
19.82
19.73
20.07
19.69
19.61
19.60
19.30
19.38
19.91
19.53
20.00
19.60
19.63
19.39
18.97
18.69
18.26
18.02
17.94
17.97
17.88
18.00
17.88
17.46
17.95
18.07
17.94
17.69
18.08
17.88
17.48
17.48
17.56
17.24
17.41
17.29
19.78
19.56
19.54
20.09
20.65
21.10
20.85
20.86
20.91
21.24
21.05
21.09
21.05
21.41
21.68
21.67
21.99
22.27
22.09
21.69
21.54
21.75
21.96
22.65
22.65
22.70
22.72
22.84
22.76
23.27
23.01
22.88
23.23
23.50
23.35
23.48
22.98
22.98
23.41
23.93
23.90
24.09
24.31
24.33
24.40
24.45
24.53
24.59
24.48
24.18
24.16
24.55
24.43
24.34
24.29
24.19
23.72
23.90
24.13
24.10
24.05
23.77
24.68
24.84
25.10
26.71
26.74
26.68
26.64
26.60
27.15
26.93
27.11
26.80
26.91
26.84
25.80
27.03
27.08
26.91
26.69
27.25
27.04
27.09
26.88
26.98
27.11
27.08
27.25
27.31
27.56
27.61
27.63
27.39
27.29
26.93
27.19
27.30
27.42
27.33
27.73
28.46
28.47
28.63
28.47
28.68
28.69
28.92
28.04
26.98
26.45
26.70
26.53
26.04
26.89
26.22
26.35
26.21
26.25
26.62
26.59
27.14
27.51
27.28
28.09
28.14
27.71
27.54
27.18
27.46
27.56
27.52
27.66
27.38
27.40
27.51
27.24
25.71
25.94
25.85
25.30
25.46
25.96
25.87
26.15
26.08
26.17
25.50
25.85
25.81
25.99
26.30
26.34
26.79
26.37
26.19
26.34
25.93
25.70
25.43
25.53
25.40
25.85
26.10
26.06
26.20
25.99
25.79
25.97
26.68
26.62
26.84
26.87
26.68
26.99
26.58
26.33
26.78
26.55
27.03
26.74
26.86
27.67
27.70
27.91
27.81
28.36
26.51
26.29
26.63
26.29
26.13
26.48
26.28
26.21
26.40
26.37
25.97
25.40
25.52
25.90
26.39
26.92
26.86
27.01
27.20
26.60
25.85
26.48
26.32
26.06
26.53
26.83
27.39
27.21
27.30
27.20
27.32
26.92
27.03
27.15
27.27
27.85
27.85
27.89
28.10
28.37
28.47
28.45
28.31
28.76
29.80
29.89
29.89
29.73
29.44
29.94
29.59
30.26
29.76
29.91
29.67
28.97
29.49
28.91
29.77
30.13
29.46
29.50
29.69
31.68
31.40
31.39
30.83
30.26
29.92
29.30
29.99
29.76
30.10
30.26
30.27
30.73
31.10
30.41
31.00
31.43
31.92
32.32
32.22
31.84
31.52
31.74
32.16
31.78
31.51
31.56
31.50
32.04
32.09
32.21
32.30
31.88
32.44
32.99
33.23
33.13
32.99
33.01
32.45
32.15
32.65
32.71
33.08
33.27
32.80
32.92
32.79
32.29
32.46
32.68
31.50
31.37
31.54
31.26
31.18
31.90
32.41
32.61
33.06
32.18
32.51
33.08
34.08
32.75
29.63
28.58
29.11
30.14
29.71
29.30
29.94
29.43
29.04
28.25
28.69
27.50
27.49
28.05
28.15
28.02
27.57
26.96
27.48
27.79
27.45
27.66
28.02
28.80
29.06
28.65
27.95
28.15
28.19
28.28
28.60
28.72
28.38
27.79
27.56
27.07
26.54
26.75
26.12
26.13
25.43
26.24
26.24
25.87
26.29
25.85
25.15
24.33
24.30
23.48
24.03
25.11
24.20
24.10
24.06
24.36
24.50
24.94
23.82
23.26
23.08
23.38
23.54
23.52
23.43
24.06
23.53
23.30
22.88
23.20
23.19
23.60
23.80
24.07
24.95
24.66
24.39
24.40
24.29
24.27
23.94
24.11
23.99
25.15
25.14
24.95
24.32
24.29
25.58
24.47
24.77
25.64
25.75
24.78
24.18
24.08
24.09
24.98
24.96
24.23
24.39
23.94
23.96
23.53
24.04
23.38
23.31
23.11
23.83
23.89
24.51
24.89
24.92
25.44
26.03
25.60
25.35
25.51
25.64
26.67
26.75
26.28
26.33
25.78
25.70
25.49
25.84
25.89
25.75
26.50
26.51
26.37
25.85
25.37
25.58
25.10
25.59
25.54
26.21
26.72
26.35
26.34
26.76
27.54
26.54
26.43
26.36
25.65
25.96
26.37
26.27
25.97
25.28
25.52
24.64
24.55
24.48
24.70
23.82
23.61
23.26
23.15
22.84
23.12
22.57
22.88
21.58
22.13
21.82
21.30
21.04
21.10
21.52
21.66
21.84
21.90
22.17
21.76
22.43
21.98
22.42
22.17
21.99
21.99
21.99
22.65
23.93
23.58
24.25
24.62
24.50
24.31
24.67
24.91
24.49
24.24
24.23
24.23
24.71
24.21
24.11
24.37
24.66
24.05
23.75
23.31
22.28
22.26
23.37
22.97
22.99
23.05
23.46
22.38
22.80
21.80
22.80
24.29
23.11
22.73
22.80
23.48
23.82
21.79
22.56
21.95
21.20
21.25
20.46
18.84
18.34
17.19
17.23
19.27
18.54
16.57
17.75
17.91
18.96
17.86
17.41
17.24
16.31
16.09
18.31
17.87
17.79
17.77
17.20
18.33
17.39
16.94
17.58
17.57
17.18
16.55
17.26
16.62
16.21
16.45
15.08
14.47
15.17
16.40
15.42
16.39
16.54
14.96
15.32
16.01
15.33
15.94
17.25
17.16
17.33
16.91
16.99
16.84
17.42
16.84
16.66
16.64
16.37
16.24
16.35
16.27
16.01
16.23
16.30
16.96
17.11
17.79
17.32
17.54
16.70
16.40
16.45
15.74
15.81
15.82
15.01
15.70
15.37
15.89
16.30
16.73
16.88
15.93
14.97
15.31
15.62
15.84
16.35
17.04
16.85
16.05
16.17
16.20
16.10
15.29
15.37
15.04
15.08
14.36
14.99
14.77
14.49
14.57
14.32
14.39
15.25
14.55
14.18
13.62
14.64
15.02
15.51
15.51
15.45
16.14
16.50
16.23
15.91
16.98
16.68
16.57
17.31
16.95
16.31
16.77
17.46
18.14
18.16
17.53
16.85
17.13
17.82
17.89
17.93
17.56
18.08
17.99
17.31
17.69
17.44
17.62
18.42
18.37
18.67
19.25
19.32
19.58
19.50
19.63
19.61
18.95
18.73
18.61
18.72
18.05
18.09
17.92
18.72
18.88
18.60
18.10
17.90
18.49
18.22
18.51
18.50
19.50
19.61
19.36
19.67
19.87
19.87
20.08
19.95
20.10
19.91
19.36
19.08
19.20
18.99
18.92
18.41
18.57
18.61
19.03
18.91
18.99
18.65
18.80
18.50
18.53
18.24
18.13
18.17
18.34
18.57
18.73
19.81
20.12
20.51
21.15
21.59
21.45
21.90
21.88
21.84
21.93
21.72
21.98
22.01
22.57
22.44
22.17
22.31
22.19
21.64
21.17
21.43
21.51
21.31
20.73
21.01
21.24
21.89
22.19
22.06
22.00
21.93
21.88
22.00
21.60
21.17
21.55
21.49
21.84
21.92
22.23
23.01
23.09
22.79
22.98
23.36
23.39
23.40
23.63
23.41
22.80
22.65
22.62
23.61
23.30
23.54
23.09
22.67
22.94
23.35
23.61
23.67
24.03
23.78
23.89
24.38
24.37
24.02
24.25
24.11
23.96
24.18
24.17
23.70
23.54
23.02
23.52
22.81
23.00
22.91
23.29
23.93
23.82
23.99
23.65
23.92
23.40
23.71
23.87
24.09
24.00
23.68
23.46
23.90
23.74
23.74
23.38
23.40
23.92
23.87
23.83
24.16
24.21
23.81
23.86
23.94
23.77
23.84
23.48
23.45
23.18
23.33
23.64
23.75
23.78
23.96
24.08
24.10
24.18
23.94
24.69
24.58
24.42
24.53
24.66
24.59
24.20
24.64
24.95
24.40
24.85
24.41
23.98
22.97
22.99
22.90
23.15
22.52
22.47
22.73
23.02
23.07
23.16
23.70
23.50
23.89
23.76
23.93
23.76
24.00
24.07
24.28
24.36
24.30
24.05
24.34
24.33
24.33
24.60
24.61
24.84
24.95
25.21
26.13
26.13
25.87
25.97
25.88
26.08
26.15
26.26
26.34
26.15
26.28
26.64
26.45
26.43
26.47
26.51
26.65
26.03
25.83
26.17
26.22
26.34
26.28
26.60
26.53
26.44
26.88
27.21
26.98
27.07
27.18
27.24
27.32
27.47
27.57
27.01
27.04
27.53
26.93
27.54
26.56
26.55
25.49
24.71
26.13
25.96
26.74
25.53
24.94
24.87
24.36
24.26
23.31
23.46
23.37
23.31
22.89
23.67
23.16
23.00
23.35
23.72
22.96
22.76
22.96
22.78
22.77
22.91
22.76
23.33
23.29
23.17
23.49
23.34
22.97
22.86
22.57
22.18
22.42
21.62
21.31
21.26
21.13
21.34
22.48
22.55
22.70
22.86
23.09
23.74
23.92
22.75
22.73
23.05
22.56
23.27
23.35
23.61
23.30
23.39
23.21
23.07
23.80
23.82
24.14
24.17
24.07
24.77
24.31
23.73
21.36
21.36
21.91
22.05
22.41
22.22
22.23
21.68
21.13
21.21
20.70
20.81
20.32
19.99
20.26
20.52
21.04
20.58
20.64
20.61
20.62
21.26
21.45
21.59
21.93
21.86
21.75
21.64
21.67
21.53
22.09
22.11
21.86
21.87
21.90
21.91
21.76
21.99
22.30
22.39
22.48
22.47
22.62
23.18
23.07
23.36
23.30
22.97
23.40
23.26
23.48
23.61
23.40
23.29
23.19
22.86
22.92
23.17
23.71
24.21
24.26
24.39
24.35
24.49
20.52
20.15
19.95
19.44
19.41
19.61
19.61
19.56
19.20
19.46
19.49
19.44
19.16
19.32
19.22
19.07
19.43
19.39
19.35
19.70
19.70
19.58
19.54
19.47
19.75
19.55
19.62
19.53
19.56
19.69
20.16
20.35
20.25
20.23
20.23
20.49
20.52
20.77
20.95
20.97
20.79
20.88
21.12
21.08
21.21
21.22
20.82
20.77
20.73
21.17
21.54
21.42
21.44
20.93
21.15
21.47
21.62
21.91
22.05
22.03
21.99
22.04
18.92
18.70
18.81
18.67
18.58
18.68
18.85
18.59
18.40
18.36
18.64
18.56
18.56
18.50
18.53
18.40
18.20
18.22
18.12
17.92
17.95
17.85
17.39
17.05
17.00
17.14
17.39
17.45
17.58
17.36
17.28
17.19
17.44
17.33
17.15
17.04
17.06
17.22
18.07
17.91
17.65
17.47
17.44
17.25
17.17
17.03
16.73
16.61
16.93
16.94
17.10
17.52
17.19
17.29
17.52
17.58
17.41
17.47
17.48
17.56
17.60
17.79
17.78
16.93
16.88
16.60
16.64
16.65
16.66
16.53
16.35
16.27
16.19
16.25
16.46
16.80
16.38
16.25
16.01
15.99
15.51
15.30
15.31
15.12
15.06
15.08
14.84
15.05
14.97
15.14
15.51
15.36
15.47
14.93
15.05
15.13
15.34
15.61
15.86
15.67
15.56
15.90
15.74
15.43
15.60
15.57
15.43
15.59
15.44
15.66
15.82
16.35
16.46
16.28
16.29
15.69
16.01
15.97
15.83
15.46
15.49
14.82
14.94
13.94
14.06
13.73
15.92
15.99
16.03
16.00
15.85
15.01
15.08
15.01
15.44
15.46
15.08
15.32
15.74
15.63
15.67
15.82
15.41
15.28
15.88
16.29
15.82
16.09
16.35
16.33
16.67
16.62
16.51
16.53
15.84
15.33
15.61
15.99
16.07
15.84
15.85
15.50
15.19
15.58
16.16
16.75
16.66
17.09
16.99
17.25
17.42
17.55
17.17
17.51
17.16
17.19
17.38
17.54
17.62
17.61
18.44
18.56
18.53
17.59
17.85
18.18
18.03
18.01
18.31
17.61
18.61
19.02
18.94
19.12
18.80
18.48
18.42
18.00
17.92
17.41
17.50
18.01
17.68
18.64
18.58
18.55
18.79
18.73
18.99
18.57
18.88
18.53
18.47
17.98
18.04
17.94
17.69
18.41
17.92
18.13
18.47
18.58
18.16
18.25
18.08
18.63
18.99
18.92
18.85
18.97
18.83
19.07
19.15
19.06
19.31
19.54
19.79
19.92
19.83
19.82
19.83
19.83
19.56
19.56
19.65
19.80
19.80
20.09
20.19
20.20
20.43
20.00
19.90
20.03
20.07
19.91
20.19
20.29
20.36
20.12
20.23
20.14
20.17
20.20
19.88
19.88
19.76
19.60
19.48
19.41
19.68
19.80
19.83
20.22
20.20
19.91
20.03
20.14
20.57
20.50
20.38
20.53
20.84
20.91
21.08
21.03
21.15
21.19
20.82
20.36
20.22
19.96
19.55
20.02
20.06
19.85
19.73
20.08
20.06
19.91
19.91
19.68
19.42
19.49
19.60
19.98
20.16
19.98
19.84
19.72
19.12
19.08
18.71
18.78
16.81
16.51
16.71
16.54
16.69
16.55
16.47
16.67
16.73
16.69
16.39
16.33
16.59
16.39
16.33
15.96
16.11
16.12
16.69
16.58
16.73
16.48
16.79
16.66
16.92
17.10
17.14
17.18
17.51
16.93
17.13
16.94
16.82
16.73
16.48
17.17
17.08
17.15
16.94
16.77
16.65
16.41
16.38
15.98
16.31
16.19
16.23
16.70
16.68
16.36
16.07
15.12
15.42
15.38
15.69
15.87
15.95
15.98
15.74
16.35
16.69
17.14
17.16
17.70
17.54
17.34
17.17
17.35
19.02
19.06
18.94
19.16
19.22
19.13
19.20
19.36
19.22
19.20
18.90
19.08
19.00
18.90
19.73
19.56
19.15
19.04
19.08
19.36
19.49
19.16
19.05
19.12
19.11
18.90
18.81
18.67
18.58
18.80
19.10
19.04
18.87
18.93
18.90
18.86
18.90
18.80
18.31
18.26
18.41
18.55
18.85
18.71
18.61
18.04
18.19
18.01
17.38
17.20
17.29
17.15
17.51
17.35
17.40
17.48
17.21
16.83
16.82
16.86
16.85
17.66
17.94
17.99
18.30
18.34
18.48
18.84
19.06
18.96
18.83
19.01
18.91
19.03
19.17
19.21
19.48
19.34
19.79
19.78
19.73
19.74
19.86
20.11
20.38
20.27
20.24
19.96
19.83
19.92
19.65
19.45
19.65
20.34
20.45
20.48
20.29
20.31
20.30
20.44
20.48
20.97
20.98
21.03
20.95
21.02
20.87
20.62
21.02
21.15
21.06
20.78
20.58
20.57
20.83
20.82
21.08
21.19
21.10
21.16
21.27
20.97
21.14
20.99
20.99
21.46
21.11
20.76
20.90
20.66
20.61
20.89
20.86
20.83
20.74
21.22
21.72
21.80
21.83
21.88
21.70
21.58
21.59
21.93
21.67
21.52
21.67
20.84
20.75
20.85
20.85
20.83
20.90
20.83
21.22
21.20
21.04
20.61
20.57
20.97
21.47
21.69
21.54
21.05
21.16
20.63
20.58
20.46
20.59
20.91
20.39
20.64
20.67
20.98
20.92
20.38
20.73
20.83
20.81
20.38
20.72
20.83
21.10
21.27
21.27
21.21
23.89
24.24
23.95
24.01
23.34
23.51
23.53
23.89
24.12
24.37
24.12
24.38
24.36
24.32
24.55
24.49
24.36
24.07
23.99
24.35
24.09
24.70
24.82
24.68
24.44
24.48
24.06
24.01
24.39
24.63
24.34
24.34
24.32
24.59
24.57
24.63
25.16
25.41
25.87
25.94
25.93
25.71
25.72
25.86
25.82
25.72
25.56
25.59
25.50
25.50
25.33
25.67
25.59
25.89
26.19
26.31
26.21
26.12
26.26
26.05
26.34
26.32
26.38
24.48
24.27
24.27
24.32
24.07
24.01
23.86
23.83
23.48
23.45
23.45
23.31
23.48
23.77
23.69
23.55
23.92
24.16
24.38
24.29
24.32
24.38
24.37
24.80
24.61
24.51
24.27
24.14
24.43
23.77
23.33
23.43
23.24
23.32
23.01
23.02
22.89
22.64
22.50
23.01
23.28
23.34
23.18
23.00
22.78
22.96
22.93
22.65
22.26
22.37
22.46
22.55
22.83
22.71
22.56
22.57
22.58
23.07
23.28
23.11
23.51
23.45
23.73
24.00
21.37
21.54
21.29
21.42
21.23
21.47
21.46
21.27
21.21
21.27
21.25
21.09
21.26
21.25
20.91
21.28
21.22
21.21
20.88
20.51
20.24
20.68
20.92
21.00
21.07
21.13
21.57
21.69
21.80
22.02
22.25
22.43
22.00
21.98
22.01
22.31
22.29
22.09
22.22
22.19
22.41
22.78
22.78
22.74
22.83
22.84
22.56
22.20
22.00
21.75
21.65
21.98
21.91
21.55
21.80
21.98
22.49
22.67
22.83
22.71
22.85
22.27
22.56
22.41
22.28
22.30
22.13
22.12
21.84
21.93
21.92
21.80
21.57
21.82
21.87
21.82
21.73
21.69
21.61
21.82
21.52
21.35
21.51
21.63
21.63
21.83
21.64
21.57
22.34
22.32
22.02
22.33
22.42
23.10
22.99
23.09
22.71
22.85
22.94
23.12
22.65
22.46
22.85
22.89
23.03
23.21
23.40
23.52
23.50
23.33
23.00
23.02
23.16
23.11
23.01
22.94
22.96
22.72
22.87
23.02
23.02
23.19
22.86
22.81
24.18
24.37
24.35
24.12
24.48
24.38
24.52
24.71
24.82
24.68
24.62
24.78
24.68
24.50
24.70
24.83
24.80
25.00
25.04
24.66
24.70
24.53
24.50
24.63
24.71
24.83
24.70
24.53
24.72
24.65
24.70
24.85
25.08
25.03
25.19
25.23
25.07
25.44
25.44
25.52
25.44
25.67
25.98
25.63
25.91
25.85
25.95
25.68
25.83
25.97
25.92
25.71
25.63
25.23
25.00
25.17
24.97
24.93
24.86
25.03
25.23
25.15
25.20
24.54
24.43
24.63
24.64
24.71
24.89
24.65
24.70
24.81
24.80
24.85
24.99
24.88
25.04
24.91
25.00
24.95
24.86
24.93
25.18
25.16
25.06
25.22
25.21
25.22
25.20
24.97
24.70
24.98
24.54
25.00
25.12
25.17
25.03
25.06
25.31
25.01
24.64
24.66
24.19
23.34
22.93
23.06
22.96
22.82
23.25
22.93
23.51
23.26
23.57
23.78
23.76
24.07
24.10
24.08
24.47
24.58
24.88
25.15
25.26
25.33
25.15
25.15
25.11
25.68
26.32
26.47
26.60
26.59
26.81
