38.94
38.38
38.81
38.69
38.88
39.75
40.12
40.62
41.88
41.88
41.19
41.00
41.00
40.44
39.50
39.19
34.69
35.88
36.38
37.12
36.50
35.38
34.44
34.62
34.00
35.50
35.38
35.12
34.81
33.31
33.44
33.25
33.38
32.31
32.19
32.38
31.00
30.75
30.62
31.56
31.12
30.75
30.56
31.12
29.81
30.00
30.00
31.00
31.31
30.06
30.44
32.75
33.75
34.12
34.50
35.00
33.94
34.69
34.12
34.00
34.81
36.81
36.81
37.56
37.69
37.25
36.88
36.12
35.88
35.88
36.31
34.12
33.00
33.06
31.94
32.50
33.75
35.12
38.19
38.38
38.06
37.56
38.00
38.31
37.06
35.56
35.00
35.19
36.19
37.12
38.12
37.25
37.38
38.44
38.31
38.56
37.62
37.81
37.75
38.12
37.12
37.19
35.94
35.31
35.25
35.19
35.25
34.88
34.31
34.50
31.62
32.00
32.06
31.62
31.62
31.31
31.06
31.00
31.06
31.12
31.50
32.88
32.62
32.00
31.06
31.44
32.25
31.62
32.06
32.00
32.19
32.25
32.00
31.00
31.12
31.12
31.00
31.00
31.31
30.56
30.12
30.06
31.69
32.06
32.00
31.44
31.81
32.56
33.19
33.00
33.50
33.06
32.25
32.62
32.88
33.00
32.25
32.06
31.00
31.00
31.25
31.19
30.94
30.00
29.88
30.00
30.19
29.94
29.62
29.31
29.38
29.56
29.06
28.25
28.06
27.81
27.00
26.38
27.06
27.44
27.56
27.00
27.00
28.19
28.94
29.44
29.50
29.81
29.75
30.00
29.94
29.88
29.69
29.44
29.50
29.94
29.94
27.94
28.00
28.81
27.62
27.81
27.56
28.12
28.81
28.81
28.81
28.62
28.69
29.44
30.69
30.62
31.31
31.69
31.69
31.56
31.25
31.19
31.31
32.19
32.81
33.25
32.69
32.50
32.50
33.19
33.31
33.44
31.50
30.88
31.25
31.50
30.62
30.44
30.12
29.06
29.31
28.75
29.00
30.38
30.56
30.75
31.44
31.69
32.38
31.38
31.81
31.94
32.06
32.12
32.44
33.56
33.00
33.38
32.88
32.56
32.75
32.56
32.31
32.62
32.56
32.12
33.62
33.62
32.69
32.62
32.62
30.31
28.25
28.81
28.00
29.12
28.95
28.96
28.96
29.15
29.26
29.19
28.95
29.28
29.65
29.72
29.14
29.25
29.85
30.07
29.61
29.60
29.95
29.75
29.71
29.00
28.99
28.60
28.46
27.85
28.11
28.17
28.62
27.93
27.14
26.29
26.54
26.11
26.21
25.69
25.33
24.88
24.75
24.75
25.06
25.00
25.09
25.52
26.30
25.62
25.39
25.72
25.75
25.94
26.60
26.56
26.43
26.77
26.90
26.86
26.70
26.71
26.80
26.78
26.62
26.69
26.76
26.90
27.12
27.25
26.75
26.41
26.65
26.50
26.25
26.91
27.05
27.36
27.45
27.40
27.50
28.52
29.02
30.20
29.85
30.12
30.27
30.31
30.26
29.84
29.52
29.08
29.00
29.61
29.52
28.91
29.25
29.48
29.85
29.80
28.42
28.14
27.98
27.80
28.00
27.81
27.66
27.00
27.15
27.53
27.00
27.20
26.92
27.03
26.05
26.30
26.65
26.19
26.20
26.83
27.30
27.32
27.57
27.51
27.45
27.69
27.99
28.45
28.71
28.60
28.45
29.01
29.16
28.90
28.80
28.60
28.56
28.29
28.00
27.69
27.91
27.77
28.05
28.60
29.36
29.80
29.90
29.98
30.10
30.21
30.10
29.72
29.65
29.76
29.90
30.04
30.32
30.31
29.86
28.60
27.47
27.59
28.00
27.16
26.15
26.50
26.00
26.06
26.43
26.65
26.69
27.27
27.52
28.52
28.42
28.26
28.05
28.93
29.37
28.96
29.37
29.45
29.32
28.75
28.01
28.02
27.55
27.60
27.38
28.00
27.28
25.00
25.85
25.82
26.36
26.42
26.66
26.76
25.88
25.99
26.12
27.01
27.21
27.58
28.00
27.45
27.17
26.91
27.30
27.26
26.90
26.50
26.56
26.59
26.60
26.60
26.66
27.31
26.81
26.86
26.40
25.45
25.15
26.05
26.06
26.13
26.12
25.65
25.70
25.84
25.72
26.05
26.52
26.41
26.24
26.52
26.80
26.82
27.00
26.81
26.75
26.34
26.02
26.02
26.06
26.10
26.25
26.52
26.87
26.30
25.38
25.51
25.86
26.10
26.77
26.63
26.60
26.56
26.94
27.04
26.37
26.51
26.66
26.70
26.76
26.75
26.10
26.20
26.50
26.39
26.77
26.45
26.02
26.10
26.07
26.25
26.88
27.78
27.62
27.74
27.77
27.65
27.33
27.99
28.30
28.27
28.32
28.41
28.52
27.65
27.05
27.12
27.28
27.72
27.10
27.00
27.21
27.50
27.56
28.00
28.02
27.66
27.52
27.60
27.15
27.42
27.07
28.21
28.30
28.41
28.50
28.50
28.02
28.09
28.00
28.02
28.06
28.36
28.61
29.10
29.02
28.71
28.71
29.40
29.92
29.84
29.92
29.71
29.50
29.61
30.06
30.10
30.05
30.10
30.11
29.82
29.71
29.67
29.50
29.15
29.25
29.81
29.66
30.01
29.71
29.55
29.43
28.55
29.40
29.54
29.69
29.42
28.85
28.76
28.86
27.87
28.22
28.15
28.02
27.61
27.08
27.58
27.51
27.45
27.92
27.31
26.85
25.94
25.95
25.37
25.11
24.10
22.80
23.40
22.76
21.75
21.91
23.96
24.35
24.30
24.30
23.33
23.58
22.96
22.73
22.07
21.99
22.26
22.57
22.31
23.00
23.72
23.54
24.05
24.25
23.97
24.00
23.35
23.60
23.47
23.26
23.57
22.93
22.00
20.81
20.97
20.91
20.84
21.29
19.89
20.01
20.95
18.90
17.90
17.80
17.80
17.80
17.70
17.85
18.04
18.20
17.42
17.64
18.00
17.74
17.26
17.21
17.20
16.40
15.75
17.25
17.65
17.59
17.31
17.09
17.26
17.49
18.66
18.52
18.57
18.28
18.25
17.90
17.86
17.90
17.98
18.20
18.40
18.69
18.80
16.50
17.08
16.25
16.52
16.96
17.10
17.38
17.54
17.75
18.05
18.52
18.03
17.94
18.16
18.23
18.44
18.14
17.60
17.78
17.89
17.18
17.18
16.93
17.20
17.12
17.14
15.58
15.70
15.51
15.47
15.17
15.32
15.46
15.47
15.40
15.61
15.95
16.03
16.17
16.35
16.46
16.75
16.65
17.05
16.85
16.43
15.65
15.21
15.31
15.20
14.65
14.78
14.64
14.50
14.25
14.20
13.91
14.07
14.05
14.05
13.68
13.48
13.56
13.81
13.67
13.41
13.16
13.26
13.41
13.30
13.22
13.16
12.93
12.77
12.80
13.27
13.19
12.91
12.75
12.51
12.44
12.41
12.42
12.12
12.52
12.76
13.24
13.75
14.12
13.97
14.20
13.94
13.80
14.08
14.12
14.35
14.32
14.01
14.10
13.88
14.15
14.75
15.62
15.37
15.32
15.58
15.45
15.62
15.53
15.02
15.80
15.80
15.83
15.74
15.79
16.15
17.05
16.87
16.71
17.07
17.25
17.49
17.25
16.93
17.36
17.44
17.99
18.05
18.44
18.44
18.10
16.58
16.91
17.33
17.39
17.60
17.86
18.16
18.32
18.73
18.72
18.95
18.80
19.90
20.40
20.49
21.22
21.17
21.31
21.41
21.92
21.95
21.25
21.56
21.78
22.30
22.10
21.95
22.17
21.90
21.41
21.70
22.40
22.47
22.68
22.46
22.12
22.16
21.86
20.88
20.70
20.40
20.83
20.81
20.79
20.94
21.06
20.81
20.95
21.10
21.93
22.65
22.67
22.20
21.92
21.57
21.88
22.90
23.29
23.54
23.03
22.43
22.75
22.65
22.55
22.73
22.45
21.65
21.80
21.89
22.40
22.29
22.06
22.11
22.39
22.81
23.05
23.22
23.54
23.14
23.40
23.26
23.43
23.65
23.65
23.66
23.65
23.59
23.80
23.87
23.30
22.92
23.30
23.26
23.72
24.26
24.08
23.98
24.34
24.06
24.10
23.91
24.24
24.21
23.87
23.80
23.82
24.05
23.52
23.59
23.60
23.62
24.10
24.01
24.26
24.50
24.74
25.22
25.30
25.80
25.78
25.99
25.90
25.81
25.92
25.97
25.51
24.74
24.66
24.46
24.56
24.89
25.18
25.40
25.25
25.22
25.90
26.35
26.35
26.20
25.93
25.46
25.37
25.26
25.54
25.51
25.38
24.84
24.40
24.58
23.59
24.11
25.11
23.10
23.92
24.12
24.35
24.61
24.66
24.80
24.96
25.13
25.17
25.15
24.71
24.54
24.77
24.75
25.00
24.96
25.22
25.32
24.88
24.90
25.40
24.74
25.14
25.38
25.72
25.86
26.28
26.20
26.67
26.79
26.67
26.72
26.65
26.45
26.74
26.91
27.14
26.95
27.13
27.53
27.61
27.76
27.31
28.37
28.32
28.38
28.75
28.25
29.30
28.95
28.90
28.59
28.65
28.36
28.49
28.50
27.78
27.90
27.65
27.54
27.57
27.80
27.82
28.02
28.28
28.44
28.66
28.56
28.77
28.93
28.74
28.42
28.78
28.26
26.40
26.52
27.04
26.45
26.55
26.55
26.95
27.15
27.02
27.05
27.42
27.12
27.20
27.25
27.33
27.35
27.02
26.65
26.51
26.23
25.71
25.80
25.90
25.50
25.63
25.62
25.05
25.33
25.18
25.19
25.50
25.87
26.15
26.15
26.20
26.41
26.66
26.51
26.62
26.52
26.65
26.81
26.56
26.60
26.53
26.59
26.68
26.70
26.76
26.98
26.99
26.40
26.38
25.80
26.09
26.04
25.74
26.04
26.28
26.42
26.42
26.56
27.02
27.76
27.64
27.76
27.96
27.60
27.31
26.98
26.98
26.90
26.96
27.05
27.20
27.32
27.08
26.58
26.79
26.24
26.13
26.17
26.15
25.82
25.69
25.64
25.70
26.27
26.40
26.46
26.64
26.60
26.56
26.95
26.98
27.00
26.66
26.86
27.01
27.40
27.10
27.48
27.37
26.98
26.89
27.04
27.42
27.45
27.56
27.42
27.43
26.95
27.07
27.22
27.42
27.73
27.65
27.71
27.92
27.90
27.77
27.46
27.88
27.90
27.59
27.31
28.05
28.65
28.96
28.80
28.81
28.35
28.27
28.42
28.10
28.20
28.61
28.86
28.68
29.00
29.05
28.77
29.30
29.65
30.04
29.93
29.81
29.93
30.10
30.24
30.11
30.11
29.65
29.00
29.02
29.26
30.20
30.31
30.01
30.50
30.86
31.14
31.12
30.96
30.91
31.21
31.14
31.40
31.73
31.82
31.84
32.31
32.44
32.19
32.40
32.30
32.12
32.12
32.22
32.22
32.34
32.05
31.54
31.74
31.83
31.80
31.73
31.52
31.05
30.96
30.84
30.81
31.08
31.56
31.13
31.13
31.43
31.90
31.87
31.94
31.20
32.10
31.91
31.56
31.40
31.80
32.38
32.38
31.96
31.86
31.79
32.21
32.60
32.42
32.21
32.07
31.95
32.02
32.25
32.32
32.85
33.02
33.04
33.00
33.50
34.17
32.92
32.33
32.51
32.51
32.54
32.29
32.05
31.68
31.30
31.52
31.43
31.38
31.45
31.40
30.96
30.98
31.09
30.88
30.65
30.81
31.00
31.15
31.11
30.52
30.31
31.20
30.74
30.15
29.37
29.88
29.70
29.51
29.75
29.70
29.93
29.79
29.61
29.11
29.12
29.60
29.73
29.76
29.37
29.60
29.80
29.70
29.77
29.50
29.60
29.65
30.08
30.65
30.73
30.85
30.66
30.77
30.96
31.17
30.93
30.69
30.80
30.47
30.20
29.32
29.18
28.75
28.98
28.91
29.15
28.80
28.93
28.98
28.80
28.84
28.96
28.56
28.22
28.13
28.12
27.88
27.74
27.72
27.71
27.61
27.36
27.78
28.75
29.00
29.16
29.54
29.60
30.59
30.74
30.59
30.27
30.51
30.49
30.30
29.97
30.10
30.50
30.25
31.22
31.20
31.09
31.10
31.75
32.04
32.25
32.85
33.07
32.62
33.04
32.98
33.05
33.22
33.05
32.85
32.76
32.90
32.98
32.77
32.21
32.03
31.53
31.72
32.39
33.01
33.18
33.29
33.71
33.12
32.31
32.36
33.55
33.47
32.50
31.31
31.33
32.55
32.95
32.98
33.10
33.00
33.12
33.40
32.82
32.62
32.50
32.09
32.18
32.32
31.62
31.77
32.01
32.32
32.30
32.46
32.01
31.82
32.37
32.65
32.31
31.48
31.55
31.55
31.61
31.93
32.35
33.03
33.09
33.33
33.28
32.71
33.03
33.75
33.16
32.73
32.88
32.94
32.82
32.80
33.01
33.46
33.52
33.88
33.84
34.06
34.75
34.40
34.78
34.81
34.70
34.10
34.34
34.35
35.11
34.85
34.69
34.07
33.80
34.20
34.11
34.33
34.01
34.03
34.01
33.58
33.20
33.42
33.73
33.81
33.99
34.54
34.80
34.74
34.35
34.52
34.41
35.00
35.09
35.27
35.67
34.55
34.75
34.92
34.83
34.90
34.99
35.17
35.44
35.90
36.06
36.26
36.22
36.11
36.16
36.07
35.75
35.86
36.01
35.35
35.72
35.50
35.19
35.11
34.89
34.43
34.69
34.64
34.57
34.43
34.65
34.39
34.54
34.11
34.12
34.19
34.70
35.00
34.67
34.67
34.62
34.36
34.40
34.37
34.28
34.16
34.18
34.26
34.43
34.57
34.43
34.47
34.48
34.95
35.19
34.97
34.70
34.05
34.11
34.33
34.55
34.36
34.08
33.81
33.71
33.85
34.30
34.31
34.22
34.32
34.80
34.85
35.20
35.57
35.69
35.22
34.87
34.61
34.67
34.43
34.41
33.97
33.51
33.53
32.79
32.88
32.88
32.62
32.72
32.96
33.25
33.08
32.81
33.30
32.98
33.38
32.83
31.73
31.97
32.64
32.94
32.76
32.70
32.85
32.48
32.50
32.43
32.49
31.91
32.40
33.57
33.57
33.30
33.43
33.09
33.39
33.30
33.66
33.08
32.75
33.79
34.57
34.70
34.52
34.45
34.57
34.65
34.39
34.45
34.62
35.13
34.85
34.98
35.15
35.23
35.21
34.95
34.26
34.22
34.50
34.66
34.93
35.43
35.92
35.91
35.62
35.43
35.26
35.16
35.16
35.14
35.73
35.80
35.77
36.01
36.42
36.17
36.05
36.35
37.10
37.35
37.80
37.03
37.27
37.30
37.33
37.62
37.80
38.07
38.08
38.55
39.43
39.23
39.11
38.95
39.62
39.70
39.67
39.48
40.00
40.45
40.60
41.80
41.85
41.71
41.46
41.23
40.00
40.78
41.35
41.84
41.69
41.61
41.41
41.22
41.60
41.76
41.62
41.21
41.24
41.66
41.35
41.86
41.97
40.85
40.88
40.99
41.06
41.28
41.65
41.91
41.75
41.67
41.05
40.79
41.47
41.55
41.70
42.00
42.51
42.54
42.96
43.25
43.37
42.81
43.15
43.38
43.12
43.25
43.24
43.74
43.73
43.52
43.50
43.82
44.02
44.10
43.50
42.87
43.34
43.25
43.59
43.46
44.11
44.09
44.17
44.39
44.52
44.30
44.20
44.40
44.04
42.86
42.54
42.75
43.48
43.65
44.20
44.42
44.30
44.43
44.46
44.14
44.42
44.40
44.71
44.71
44.84
44.86
45.05
45.74
45.81
45.83
45.76
44.00
43.38
42.94
43.63
42.85
42.31
42.65
43.40
43.78
44.09
43.43
43.06
43.40
42.50
43.65
43.74
43.82
44.37
44.34
44.65
44.82
44.46
44.66
44.71
44.26
44.94
45.04
45.13
45.81
46.06
46.24
46.15
46.87
47.42
48.05
48.57
48.32
47.67
48.23
48.13
48.32
48.73
48.70
48.26
48.21
49.25
49.58
49.55
49.42
49.30
49.25
49.63
49.58
50.48
50.63
50.74
51.51
51.82
51.99
51.95
51.35
50.74
50.73
50.14
49.79
50.30
50.55
50.45
50.43
50.47
50.21
50.56
50.98
51.35
51.25
51.77
52.13
51.69
52.19
51.30
50.64
50.02
50.19
51.20
51.19
50.79
50.47
50.81
51.34
51.10
51.00
50.81
50.25
50.23
50.50
51.40
51.82
52.00
51.92
52.16
51.95
51.89
51.49
50.79
48.86
48.47
48.05
47.86
47.50
48.07
48.46
48.26
49.00
48.32
49.01
48.59
48.60
47.38
47.50
46.64
47.33
47.66
48.06
48.56
49.50
49.63
49.39
48.50
48.17
48.63
49.12
49.07
48.98
48.81
49.00
49.49
50.93
51.16
52.66
53.11
54.14
54.61
54.75
54.79
54.70
54.71
53.89
54.20
54.06
54.11
54.67
55.68
55.54
55.85
55.93
56.02
56.70
56.28
55.95
56.18
55.93
56.04
56.45
56.67
56.32
55.61
55.69
56.23
56.94
57.60
58.42
58.62
58.83
58.84
58.50
58.76
59.39
58.25
58.81
58.10
58.51
56.77
56.58
56.24
57.49
57.88
57.90
57.32
57.30
56.75
56.89
57.42
57.57
58.20
58.10
59.45
59.06
59.08
59.94
60.70
61.75
61.10
61.10
61.11
59.71
59.53
58.75
58.23
59.00
60.00
59.81
59.16
59.17
58.83
57.89
57.74
56.43
56.87
56.96
56.10
56.96
53.32
53.72
53.44
52.22
51.92
52.26
49.37
50.89
52.99
53.99
49.36
50.07
50.80
50.11
52.85
53.30
52.88
53.53
53.30
54.81
55.19
55.92
55.85
55.50
54.84
55.50
55.01
55.12
54.39
55.12
55.68
55.10
54.30
53.94
52.67
52.62
53.27
53.00
52.00
52.93
53.45
53.60
53.40
53.75
53.01
54.01
53.59
53.70
54.40
55.36
55.20
55.42
55.23
55.56
56.00
56.37
55.77
55.40
55.45
55.40
55.39
55.59
55.14
55.23
55.67
55.70
56.86
57.55
58.05
57.42
58.10
58.29
59.26
59.20
59.15
59.54
59.35
60.80
60.30
60.09
59.25
58.79
59.06
59.30
60.76
60.27
59.66
60.27
60.40
59.14
58.41
58.42
57.31
57.55
58.35
58.62
58.80
58.07
57.21
57.43
57.77
56.84
58.00
59.01
58.64
58.92
59.40
59.39
59.07
58.05
57.87
57.35
56.94
56.08
56.78
56.41
55.17
55.52
55.70
57.18
56.26
56.64
57.33
58.28
58.14
57.19
57.51
57.33
58.20
59.01
59.91
59.19
59.50
58.52
58.00
58.35
57.70
57.97
59.90
59.69
59.44
59.77
60.68
61.42
61.31
61.55
64.77
63.62
61.94
62.00
63.23
63.04
62.25
61.96
61.90
62.69
61.90
61.21
61.37
61.71
61.81
62.39
61.20
59.96
59.56
60.93
62.99
62.59
62.26
63.57
63.08
63.11
62.39
62.09
63.60
62.22
61.31
60.70
61.79
62.05
59.86
59.88
60.86
61.17
60.02
55.45
52.73
53.25
52.08
45.79
54.75
54.64
51.32
50.80
52.60
54.28
54.76
53.60
52.57
51.70
51.64
52.23
56.01
56.85
56.44
56.59
56.39
55.75
53.44
53.93
55.90
55.62
53.75
52.00
54.63
55.50
54.80
55.26
52.58
51.15
55.00
54.83
55.30
57.06
55.99
55.44
56.50
58.77
58.55
60.40
59.03
59.76
60.62
59.52
60.00
60.91
62.18
60.90
60.16
60.07
60.51
60.75
60.83
59.79
60.40
61.32
62.20
62.89
61.83
60.84
59.70
59.85
59.75
58.82
56.41
56.55
58.54
56.91
57.16
57.69
56.75
56.45
58.30
58.31
58.02
57.37
57.45
57.19
57.50
57.07
58.12
58.05
56.88
56.63
55.63
56.69
55.26
55.55
55.31
54.05
53.69
53.92
53.92
52.06
51.50
51.28
52.14
52.29
50.44
50.90
51.31
52.07
50.69
50.51
51.87
51.55
51.36
53.42
54.30
52.94
53.10
53.38
53.25
54.78
54.84
53.03
54.27
53.87
55.63
55.56
55.60
54.60
55.05
56.16
55.90
54.52
53.03
53.80
54.80
55.14
54.95
54.20
54.01
54.05
53.77
54.00
54.20
53.10
51.76
52.50
52.97
53.39
52.94
54.51
54.04
53.25
53.14
53.24
53.04
53.04
53.72
55.02
55.22
55.69
56.78
57.77
57.40
57.69
58.92
59.48
59.75
59.80
59.35
57.75
58.75
57.87
57.63
57.50
57.24
56.82
57.21
57.21
58.00
57.13
56.64
56.04
56.15
56.75
56.60
57.21
57.65
57.25
56.80
56.75
56.44
56.28
56.56
56.56
56.86
56.71
56.92
57.26
57.98
57.91
58.48
55.62
55.75
55.70
55.80
56.20
55.55
54.92
54.68
54.91
54.80
54.67
54.79
55.75
55.85
55.76
55.56
54.83
54.50
54.43
55.11
55.65
56.05
55.70
56.15
56.30
56.59
55.76
55.65
55.46
54.69
55.06
55.40
56.00
54.69
54.75
54.23
53.88
54.17
55.00
56.05
56.30
55.83
55.58
55.50
55.54
56.42
57.08
57.05
56.22
56.46
56.09
56.29
56.72
56.72
56.81
56.03
56.57
56.68
57.39
57.27
58.06
58.82
58.62
58.00
59.09
59.02
59.12
58.44
58.60
58.60
58.56
58.60
58.82
59.20
60.29
61.03
62.13
61.98
62.45
61.99
62.17
63.71
63.45
63.22
63.05
63.25
63.68
63.27
64.27
62.98
63.03
63.51
62.49
61.95
61.14
61.29
60.04
60.33
60.69
61.19
61.82
61.89
61.93
61.92
61.97
62.14
62.66
62.57
63.25
63.15
63.56
62.81
62.39
62.31
62.19
61.06
61.11
61.60
61.85
62.00
62.56
62.09
62.05
62.77
62.75
62.80
62.81
62.92
62.75
63.30
62.75
62.39
62.83
63.35
64.61
64.02
62.63
62.92
62.77
62.97
62.54
63.19
63.28
63.77
64.00
64.30
64.63
64.70
64.77
63.76
63.85
63.67
63.91
63.45
63.30
63.25
64.23
64.84
64.73
64.67
65.36
65.69
65.80
65.87
66.36
66.00
65.90
66.83
66.58
66.84
66.93
66.59
66.92
66.63
67.06
67.76
67.65
67.26
67.87
68.14
68.37
68.31
69.05
68.97
68.33
68.99
69.95
70.05
70.12
70.75
70.73
70.40
69.76
70.58
70.39
70.65
70.30
70.13
67.49
67.42
69.75
70.13
70.15
70.45
69.10
69.35
69.84
68.90
67.63
65.55
67.26
66.20
66.00
66.02
66.75
66.04
66.20
67.44
66.52
66.25
65.81
68.04
68.71
68.75
69.30
69.85
70.01
69.38
69.81
69.77
68.55
68.47
67.61
67.37
67.25
66.09
65.80
65.31
65.96
65.63
66.00
67.55
68.75
68.96
70.12
70.16
70.43
69.86
69.45
69.44
69.65
70.51
68.94
69.90
69.99
69.37
68.90
68.59
69.93
70.06
70.21
69.84
70.02
72.35
71.97
71.50
71.04
71.69
71.54
71.74
72.80
72.45
72.68
73.33
72.19
72.30
73.11
72.86
72.74
72.55
73.72
74.29
74.42
74.93
75.75
73.66
74.18
74.01
73.81
73.71
74.35
74.13
74.30
74.88
75.00
74.58
74.94
74.75
74.22
74.30
73.87
74.54
74.40
75.25
75.40
75.51
75.64
75.27
74.88
75.41
75.67
76.93
77.16
76.68
77.17
78.27
77.85
78.63
78.58
77.00
77.12
77.40
77.37
78.27
77.82
78.84
78.80
78.70
78.71
78.66
79.32
78.14
78.77
77.12
77.43
78.63
78.76
79.06
78.44
79.25
78.54
77.15
77.50
79.10
79.22
79.05
79.40
79.90
78.12
77.45
77.32
77.08
76.91
76.91
76.53
76.62
76.82
76.51
76.91
76.76
76.23
75.94
76.63
76.52
76.34
76.60
74.11
74.31
74.08
73.59
73.52
73.57
73.46
72.46
72.14
74.31
74.75
74.68
74.64
74.15
75.00
75.15
74.34
73.05
73.35
73.20
73.08
73.81
73.64
73.30
74.20
75.18
75.53
75.51
75.83
75.80
75.76
75.70
75.37
75.52
74.59
74.55
74.42
74.51
74.71
73.64
75.17
75.56
75.94
74.97
75.20
75.29
76.00
75.46
74.34
73.17
73.12
72.89
73.38
73.53
73.67
74.49
74.76
75.00
74.87
75.46
75.76
75.87
76.14
75.97
76.46
75.66
75.78
76.00
75.83
76.50
76.45
76.66
76.40
76.43
77.17
76.50
76.54
76.55
77.01
77.52
77.77
78.35
78.51
78.82
78.20
78.65
79.08
79.27
79.17
79.11
80.38
80.44
80.44
80.73
81.37
81.99
81.49
82.41
82.51
82.20
81.27
81.28
80.98
80.46
80.01
80.43
80.96
80.00
80.62
80.28
80.39
80.80
81.11
80.90
81.85
82.11
82.49
82.48
81.40
81.72
81.51
82.42
84.10
84.24
84.15
85.33
85.30
85.66
85.25
85.10
84.97
84.81
85.56
84.92
85.15
85.56
85.90
86.02
88.44
87.78
87.83
87.08
86.67
85.82
85.60
85.03
85.00
84.25
82.75
82.01
82.57
83.61
84.44
85.78
85.76
85.68
86.44
84.68
85.82
87.33
87.75
88.54
88.36
87.83
90.07
90.10
90.02
90.03
89.01
87.07
88.62
88.61
83.65
84.16
85.17
85.44
87.37
88.04
87.54
89.00
87.48
85.10
85.75
86.73
89.40
87.98
87.38
87.81
86.00
83.74
84.90
86.07
86.59
87.61
88.67
88.03
88.28
89.14
88.51
88.21
89.31
88.38
91.09
91.40
91.45
90.87
92.01
92.49
92.78
91.71
91.67
92.28
92.30
93.22
93.84
92.35
92.59
93.86
93.86
93.70
93.07
91.72
92.19
91.22
91.81
91.70
91.80
93.07
93.11
94.64
95.22
95.32
95.08
94.82
95.50
96.72
97.62
97.20
97.76
97.16
97.86
97.08
96.98
97.93
98.70
98.55
98.76
100.00
99.46
99.60
100.06
98.75
98.76
98.68
99.87
99.51
99.35
99.35
100.07
99.61
100.05
100.74
100.70
101.27
100.04
98.41
98.05
98.69
98.35
97.70
98.25
98.36
98.26
99.04
99.34
99.56
99.60
99.70
98.94
99.28
98.95
98.31
98.36
99.41
100.00
100.15
100.40
100.05
99.50
99.50
99.26
99.14
98.96
98.84
99.10
99.54
96.46
96.53
96.58
96.37
96.68
97.15
97.57
97.32
97.07
96.72
95.77
95.13
96.10
97.07
97.06
96.93
97.76
97.68
98.30
97.15
97.07
97.64
97.31
97.50
97.35
96.96
96.32
96.91
97.02
94.13
95.65
94.85
94.15
94.78
94.94
95.80
97.09
97.13
96.90
96.79
95.75
95.20
92.97
91.56
91.73
91.67
90.66
90.85
90.98
89.50
89.69
89.89
91.00
90.67
90.83
90.81
90.26
89.85
89.26
86.50
86.01
86.01
87.44
88.01
85.92
86.59
86.67
86.88
88.12
89.73
89.92
89.21
88.16
87.53
87.98
87.70
88.55
88.04
87.38
88.06
87.65
87.95
88.70
89.11
89.33
89.65
89.00
89.19
92.07
91.50
91.21
91.00
92.05
91.40
88.25
87.62
87.84
88.59
88.65
89.12
88.81
89.30
88.56
89.29
89.50
88.97
86.15
87.09
87.20
87.72
87.92
87.75
87.44
87.28
87.16
88.05
88.26
88.13
88.10
89.01
88.96
89.01
88.60
88.90
88.71
88.85
89.56
90.42
90.90
91.17
90.61
90.54
91.47
91.72
92.00
92.76
92.75
93.39
93.16
92.82
92.88
93.12
90.40
91.89
90.72
90.27
90.59
90.70
90.81
91.42
92.36
92.36
92.35
92.65
93.64
93.25
92.61
88.55
87.85
87.32
87.09
86.97
86.62
86.37
86.40
86.76
86.70
87.63
86.70
84.96
84.05
84.60
84.52
84.18
83.61
83.31
84.37
85.10
85.29
86.56
85.80
85.82
85.69
86.10
85.95
86.76
86.27
86.73
87.10
88.20
89.01
89.00
89.20
88.93
88.50
89.01
89.92
89.70
89.45
89.11
89.10
88.39
87.76
87.47
86.81
89.33
90.16
89.67
89.25
89.97
90.36
91.03
91.05
91.43
90.86
90.91
91.31
91.85
91.81
92.25
93.02
93.28
93.64
94.05
94.43
94.46
95.50
94.50
94.51
94.41
94.07
94.36
94.60
94.81
93.48
93.19
93.21
93.77
93.75
93.30
93.85
95.26
96.05
95.11
95.51
94.96
94.87
95.33
95.93
96.64
98.03
98.28
98.53
98.54
98.90
98.82
98.21
98.20
98.59
98.42
98.52
98.12
98.26
98.18
98.67
98.85
99.03
99.06
99.53
99.81
100.85
100.57
101.01
101.34
101.50
102.13
102.02
102.00
100.10
99.45
98.38
99.21
100.09
100.85
100.40
101.15
101.56
101.33
101.12
102.55
102.05
101.79
100.76
99.46
99.40
99.80
100.44
101.30
100.84
100.80
101.24
101.42
101.41
100.35
99.73
100.88
98.28
96.79
96.56
96.57
97.64
96.12
95.16
97.00
99.12
98.07
98.07
97.87
98.23
98.30
98.95
98.53
96.62
96.89
96.02
97.14
98.04
99.13
98.93
99.26
99.39
99.71
99.25
99.55
99.20
99.40
99.76
100.50
100.70
99.47
99.30
99.99
99.53
97.06
96.68
96.30
96.56
96.92
97.39
97.84
97.63
98.32
98.45
98.83
98.37
98.27
97.44
97.07
97.00
96.11
95.64
95.19
95.01
95.05
95.36
95.11
95.21
94.91
95.10
94.01
95.00
94.70
94.14
94.12
94.34
95.08
95.25
96.21
96.50
96.37
97.07
97.13
97.40
97.49
97.64
97.00
96.90
96.82
96.86
97.41
97.79
97.00
95.11
95.85
94.01
94.61
94.40
94.14
93.94
93.14
93.51
94.33
94.18
93.45
94.14
94.65
94.52
93.24
94.21
93.93
94.24
94.36
94.68
95.30
95.73
96.11
96.52
96.83
97.02
97.47
96.78
96.32
96.80
96.85
97.31
97.18
96.40
96.90
97.36
97.18
97.59
97.37
98.65
98.15
96.95
97.08
96.33
96.07
95.36
95.20
95.90
95.45
95.07
95.17
94.04
94.05
94.90
94.27
94.57
94.93
95.34
96.05
96.14
96.63
96.80
96.79
96.63
96.26
96.50
95.52
96.13
95.00
95.25
95.64
94.59
94.80
95.15
95.19
94.77
95.01
94.69
94.50
94.39
93.92
94.10
92.87
92.93
92.95
92.91
92.59
92.22
93.69
94.62
94.52
94.83
94.79
94.50
95.11
95.54
95.46
95.49
96.04
96.24
95.89
95.71
94.65
94.86
94.00
94.86
94.94
94.75
94.97
94.97
95.71
98.15
97.01
97.01
97.46
97.22
95.78
95.81
95.47
95.99
95.83
95.84
95.52
96.21
97.30
97.63
97.34
97.35
97.39
96.57
96.52
97.90
98.16
99.06
99.32
100.07
100.49
100.25
99.25
98.89
99.01
99.13
99.39
99.65
99.81
101.04
100.33
100.99
100.59
100.80
100.95
101.43
101.82
102.79
102.50
102.54
102.15
102.35
101.74
101.44
101.55
102.23
101.77
102.07
100.87
100.87
100.71
101.32
101.41
101.27
101.75
101.78
101.18
100.68
100.33
99.54
99.41
100.24
100.82
100.91
101.04
101.66
101.51
101.41
101.03
101.07
101.15
100.50
100.24
100.35
100.74
99.82
99.73
100.26
100.16
100.03
100.30
99.86
98.76
98.35
98.13
97.55
95.10
94.82
95.27
95.32
95.39
95.71
95.57
94.56
94.20
93.52
93.35
93.36
93.24
92.92
93.46
93.15
93.55
93.26
93.41
93.93
94.26
94.00
94.24
94.27
94.41
94.05
93.60
93.51
93.51
92.69
93.04
92.80
92.80
92.20
90.96
90.53
92.42
92.82
93.25
93.25
93.18
93.26
93.80
93.82
93.44
93.66
94.06
94.02
93.98
94.34
94.01
94.00
94.51
93.69
92.80
92.81
92.71
92.30
90.66
90.63
89.57
89.34
89.64
90.71
89.70
90.60
90.88
90.55
91.50
91.69
92.00
92.49
92.83
93.02
93.77
94.39
94.42
94.06
94.98
94.93
94.83
95.18
95.27
95.60
95.37
96.43
96.50
