40.06
39.56
40.38
39.38
40.00
41.00
41.50
43.06
43.62
42.81
42.50
42.62
42.56
41.88
41.44
40.25
39.62
37.94
37.44
38.00
37.56
36.75
36.19
35.88
35.62
37.62
36.69
36.25
35.44
35.31
34.12
34.44
34.06
33.69
33.19
33.38
32.38
31.81
31.69
32.44
31.94
31.44
32.31
32.50
31.56
31.25
32.00
32.38
32.44
32.50
32.88
34.38
35.19
34.88
35.50
35.75
35.94
35.94
35.19
35.38
37.06
38.25
37.94
38.62
39.31
38.62
38.06
37.31
36.94
37.75
38.19
36.00
34.81
34.12
33.81
33.19
36.00
39.00
39.44
39.38
39.12
38.75
39.31
39.62
38.69
36.69
36.19
36.12
37.19
38.81
38.81
38.25
38.56
39.25
39.31
39.06
38.75
39.12
39.25
39.94
38.56
37.94
37.06
36.56
35.81
36.31
36.00
35.62
35.31
35.75
36.00
33.31
33.19
33.00
32.31
32.56
32.06
31.75
31.75
31.56
33.19
33.62
33.50
32.81
31.94
33.05
33.38
32.56
32.56
33.50
33.44
33.06
32.62
32.44
31.56
31.56
31.62
31.44
32.00
31.88
31.19
31.38
33.25
33.75
32.81
32.62
32.62
33.56
33.94
33.69
34.25
34.12
33.19
33.06
33.62
33.44
33.62
32.56
32.38
31.94
31.94
31.88
31.75
31.31
30.56
30.44
31.00
30.44
30.38
30.06
29.81
30.31
30.38
29.56
28.81
29.56
29.50
27.75
28.81
28.56
28.62
27.94
28.25
29.28
29.44
30.12
29.94
30.25
30.38
30.44
30.50
30.50
30.44
30.31
30.12
30.38
30.44
29.81
29.19
29.44
28.50
28.50
28.88
28.62
29.19
29.62
29.25
29.19
29.75
31.31
31.50
31.69
32.00
32.62
32.25
32.31
31.75
31.88
33.25
33.31
33.50
33.75
33.44
33.44
33.88
34.00
34.44
34.00
33.38
32.06
33.25
32.94
32.12
31.62
31.25
30.50
30.62
30.12
30.12
31.19
31.50
31.75
32.25
32.56
33.19
32.75
32.69
33.06
32.75
33.12
34.00
34.50
33.81
34.69
33.88
33.00
33.31
33.25
33.31
33.31
33.94
34.12
35.06
34.31
33.50
33.75
33.50
32.12
31.12
29.94
29.71
29.54
29.49
29.75
29.51
29.53
30.50
30.24
29.67
30.10
30.25
30.35
31.00
30.17
30.45
30.84
30.85
30.35
30.49
30.20
30.17
30.00
29.48
29.21
28.68
28.91
28.96
29.30
29.35
28.65
28.03
28.10
27.31
27.45
26.70
26.48
26.09
25.48
25.34
25.49
25.60
25.51
26.98
26.60
27.25
26.57
26.09
26.54
26.25
26.94
27.37
27.25
27.03
27.29
27.30
27.95
27.90
27.47
27.25
27.26
27.04
27.19
27.47
27.68
27.95
27.79
27.56
26.86
27.01
26.95
27.20
27.21
27.78
27.90
28.11
27.98
28.75
29.90
29.97
30.96
30.35
30.76
30.59
30.79
30.81
30.67
30.34
29.60
29.75
30.45
30.06
30.00
29.99
30.05
30.29
30.40
29.88
28.55
28.80
28.51
28.66
28.43
28.19
27.98
27.75
27.99
27.79
27.54
27.59
27.39
27.06
26.72
27.32
27.04
27.23
27.69
27.89
27.89
27.88
27.94
27.75
28.68
28.59
29.44
29.10
28.92
29.05
29.50
29.50
29.48
29.13
29.08
28.96
28.90
28.50
28.22
28.49
28.17
28.70
29.80
30.07
30.09
30.47
30.45
30.95
31.00
30.47
30.10
30.08
30.10
30.20
30.87
30.85
30.75
30.32
30.21
28.80
28.44
29.10
28.09
27.50
27.35
27.29
26.88
27.00
27.60
27.48
27.65
28.71
28.93
29.04
28.84
28.87
29.51
30.10
29.97
29.97
29.84
30.00
29.39
28.61
28.70
28.40
28.11
28.38
29.01
28.90
26.90
26.37
26.45
26.98
27.00
27.15
27.26
27.13
26.75
26.95
27.54
27.68
28.36
28.50
28.25
27.62
27.21
27.60
27.75
27.23
27.10
26.95
27.03
27.36
26.96
27.50
27.72
27.67
27.49
26.76
26.75
25.82
27.08
26.90
26.66
26.48
26.34
26.12
26.06
26.34
26.90
26.93
26.90
26.64
26.96
27.05
27.47
27.48
27.45
27.28
27.00
26.60
26.70
26.49
26.54
26.85
27.05
27.40
27.45
26.43
26.38
27.00
27.00
27.20
27.05
27.15
27.29
27.35
27.45
27.20
27.14
26.95
27.08
27.05
27.28
26.76
26.98
27.24
27.06
27.06
26.97
26.63
26.65
26.43
27.10
27.80
28.60
28.00
28.20
28.12
28.54
28.95
28.43
28.94
28.79
28.81
29.00
29.06
28.53
27.54
27.69
28.10
28.28
27.62
27.73
27.77
27.83
28.50
28.60
28.97
28.24
28.24
28.20
27.75
27.69
27.50
28.90
28.79
28.89
29.20
28.80
28.80
28.48
28.64
28.63
28.59
28.72
29.40
29.75
29.78
29.39
29.50
29.97
30.52
30.58
30.19
30.26
30.07
30.15
30.40
30.68
30.72
30.54
30.40
30.40
30.25
30.11
30.09
29.61
30.05
30.25
30.07
30.44
30.44
30.15
29.94
29.70
29.92
30.00
30.28
30.02
29.65
29.46
29.43
28.89
28.86
28.82
28.62
28.24
28.09
27.93
27.98
28.14
28.50
28.19
27.42
27.08
26.50
26.50
25.90
25.00
24.41
24.42
24.48
24.16
23.50
24.88
25.29
24.99
25.34
24.34
24.19
24.11
23.63
23.70
22.88
23.29
23.23
23.25
24.16
24.35
24.69
24.62
24.76
24.70
24.61
24.38
24.20
24.07
24.11
24.10
23.59
23.03
22.19
22.20
21.69
21.80
21.58
20.72
20.68
21.94
21.20
18.70
18.40
18.24
18.41
18.08
18.40
18.60
18.85
18.03
18.48
18.88
18.46
18.04
17.69
17.85
17.56
17.31
18.25
18.00
18.55
17.77
17.83
17.63
18.45
19.95
19.37
19.31
18.74
18.84
18.55
18.37
18.40
18.38
18.76
18.93
19.22
19.70
17.91
17.48
17.25
17.18
17.38
17.49
17.91
18.01
18.20
18.87
19.05
18.68
18.40
18.64
18.64
18.85
18.71
18.65
19.17
18.52
17.96
17.47
17.34
17.53
17.69
17.55
16.68
16.08
15.89
15.86
15.55
15.57
15.66
15.67
15.75
16.08
16.59
16.55
16.67
16.68
16.92
17.10
17.25
17.38
17.24
16.85
16.89
15.86
15.65
15.94
15.28
15.31
14.99
14.78
14.68
14.56
14.39
14.62
14.39
14.48
14.12
13.97
13.76
14.18
14.05
13.72
13.64
13.52
13.62
13.75
13.69
13.61
13.30
13.17
13.26
13.69
13.85
13.10
13.05
12.85
12.90
12.81
12.70
12.55
12.84
13.54
13.71
14.40
14.68
14.57
14.73
14.40
14.30
14.38
14.68
15.20
14.63
14.63
14.50
14.44
14.55
15.86
16.05
15.92
15.80
15.94
15.89
15.90
15.85
16.00
16.19
16.09
16.06
16.00
16.00
16.95
17.40
17.27
17.20
17.68
17.68
18.03
17.82
17.38
17.60
18.30
18.43
18.56
18.81
18.73
18.43
18.50
17.50
17.81
17.85
18.01
18.45
18.62
18.83
19.40
19.18
19.23
19.38
21.33
20.93
21.68
21.94
21.81
21.76
22.20
22.32
22.20
21.99
22.08
22.43
22.74
22.60
22.45
22.95
22.52
22.07
22.78
23.00
23.24
22.96
23.03
22.85
22.85
22.92
22.20
21.17
21.06
21.51
21.39
21.25
21.38
21.64
21.49
21.40
22.40
22.51
23.19
23.07
22.85
22.58
21.94
22.23
23.90
23.98
23.94
23.85
23.04
23.00
23.00
22.95
23.05
23.08
22.63
22.25
22.36
22.78
22.71
22.60
22.71
22.70
23.50
23.54
23.49
24.25
23.62
23.83
23.60
23.65
23.80
23.90
23.97
24.02
23.88
24.06
24.37
23.96
23.84
23.75
23.91
24.30
24.75
24.77
24.22
24.87
24.94
24.59
24.50
24.49
24.46
24.50
24.19
24.17
24.21
24.15
24.22
24.15
24.19
24.49
24.60
24.64
24.76
25.08
25.66
26.20
26.60
26.20
26.78
26.38
26.11
26.48
26.29
26.09
25.77
25.27
24.72
24.92
25.26
25.75
25.89
25.73
25.89
26.45
26.52
26.85
27.01
26.45
26.36
25.85
25.55
26.02
25.96
26.12
25.55
24.94
24.95
25.02
25.19
25.34
24.13
24.25
24.66
24.87
24.89
25.03
25.10
25.48
25.45
25.56
25.55
25.15
25.12
25.09
25.48
25.35
25.50
25.63
25.67
25.50
25.45
25.65
25.60
25.57
25.85
26.25
26.23
26.51
26.75
27.27
27.22
27.02
27.05
27.03
26.79
27.05
27.14
27.50
27.37
27.95
27.88
28.05
28.39
28.76
28.58
28.55
29.01
29.17
29.98
29.98
29.90
29.64
29.36
29.09
28.81
29.02
28.84
28.57
28.40
28.71
28.36
28.06
28.50
28.32
28.62
28.80
28.75
29.02
29.25
29.43
29.19
29.33
29.20
29.16
29.22
27.85
27.05
27.66
27.14
27.23
27.00
27.58
27.55
27.55
27.80
27.98
27.80
27.66
27.88
27.88
27.88
27.62
27.29
27.32
26.70
26.83
26.25
26.48
26.05
26.00
26.03
25.92
25.54
25.57
25.57
25.88
26.45
26.51
26.64
26.45
27.03
27.20
27.00
26.94
26.94
27.05
27.21
27.10
26.80
26.83
26.93
26.97
26.99
27.15
27.38
27.16
27.00
26.63
26.44
26.46
26.48
26.17
26.61
26.59
26.62
26.85
26.98
27.99
28.07
28.00
28.20
28.25
28.21
27.88
27.59
27.35
27.63
27.42
27.39
27.52
27.59
27.59
27.20
27.30
26.78
26.66
26.75
26.69
26.37
26.05
25.95
26.44
26.74
26.74
27.07
27.18
27.04
27.00
27.29
27.28
27.36
27.09
27.24
27.53
27.90
27.77
27.98
27.92
27.30
27.17
27.71
27.67
27.74
27.78
27.98
27.84
27.57
27.48
27.73
28.06
28.03
27.96
28.13
28.25
28.26
27.99
27.91
28.45
28.18
28.03
27.68
28.88
29.19
29.49
29.48
29.49
28.84
28.99
28.75
28.55
28.88
29.20
29.10
29.15
29.60
29.73
29.44
29.69
30.25
31.00
30.29
30.27
30.42
30.50
30.54
30.47
30.53
30.57
29.75
29.57
30.12
30.83
30.73
30.85
30.84
31.36
31.58
31.42
31.21
31.37
31.75
31.85
31.88
31.98
32.03
32.50
32.75
32.94
32.79
32.74
32.96
32.74
32.52
32.51
32.59
32.69
32.45
32.23
32.31
32.27
32.21
32.18
31.86
31.67
31.35
31.31
31.36
31.69
32.00
31.77
31.60
31.89
32.09
32.25
32.39
32.24
32.50
32.19
32.02
32.10
32.60
32.85
32.85
32.48
32.21
32.49
32.70
33.18
32.98
32.50
32.50
32.45
32.49
32.71
32.98
33.25
33.42
33.82
33.60
34.23
34.56
34.00
32.99
32.79
32.92
33.00
33.07
32.48
32.32
31.95
31.87
31.91
31.78
31.79
31.76
31.42
31.68
31.60
31.52
31.14
31.29
31.70
31.59
31.78
31.04
31.05
31.91
31.34
30.69
30.22
30.25
30.28
30.50
30.65
30.47
30.27
30.40
30.15
29.79
29.60
30.00
30.26
30.28
30.05
30.15
30.32
30.15
30.09
29.83
30.00
30.06
30.66
31.03
31.14
31.50
31.29
31.00
31.49
31.40
31.16
31.15
31.21
31.08
30.45
30.49
29.66
29.27
29.54
29.45
29.56
29.38
29.19
29.40
29.16
29.18
29.29
29.10
28.68
28.46
28.48
28.44
28.20
28.13
28.09
27.99
28.06
28.87
29.06
29.25
29.62
29.94
31.07
30.97
30.96
30.99
31.25
30.97
30.80
30.77
30.43
30.44
31.18
31.33
31.58
31.74
31.65
31.50
32.38
32.45
32.97
34.70
33.96
33.64
33.72
34.18
33.64
33.55
33.45
33.23
33.26
33.49
33.60
33.45
33.10
32.75
32.37
32.01
32.92
33.87
33.66
34.42
34.17
33.88
33.31
33.50
35.03
34.03
33.86
32.62
33.15
33.59
33.76
33.30
33.95
33.57
33.65
33.99
33.55
33.14
33.18
32.77
32.47
33.39
32.50
32.71
32.36
32.71
32.87
34.02
33.46
32.89
33.14
33.41
33.04
32.38
32.29
32.78
32.73
32.46
33.32
33.48
33.81
34.05
34.18
33.28
33.89
34.25
34.05
33.60
33.36
33.55
33.17
33.08
33.88
33.78
34.10
34.58
34.76
35.38
35.25
34.91
35.26
35.27
35.36
35.22
34.84
35.54
35.65
35.69
35.12
34.93
34.35
34.75
34.68
34.70
34.72
34.39
34.29
34.29
34.29
33.85
34.20
34.30
34.74
34.85
35.36
35.32
34.74
35.16
35.44
35.37
35.91
36.09
36.31
36.14
35.70
35.24
35.07
35.25
35.71
35.81
36.08
36.44
36.51
36.75
36.49
36.46
36.59
36.55
36.27
36.39
36.44
36.00
36.08
35.99
35.52
35.53
35.47
35.18
34.99
35.06
34.96
34.78
34.90
34.73
35.01
34.70
34.41
34.83
35.14
35.25
35.07
35.14
35.13
34.81
34.86
34.65
34.77
34.65
34.80
34.63
34.91
34.91
34.89
34.91
34.99
35.45
35.57
35.41
35.49
34.83
34.68
34.85
35.11
35.00
34.45
34.17
34.13
34.65
34.72
34.75
34.53
34.88
35.08
35.25
35.39
35.93
35.99
35.96
35.52
35.00
35.12
34.76
34.97
34.72
34.14
34.13
33.68
33.28
33.35
33.08
33.28
33.74
33.78
33.56
33.55
33.77
33.74
33.88
33.62
33.47
32.96
33.53
33.35
33.25
33.11
33.54
33.40
33.01
32.80
32.79
32.59
33.69
34.60
34.00
33.88
33.84
33.71
33.89
34.33
34.45
33.68
33.13
34.96
35.16
35.20
35.00
34.75
34.96
35.34
34.77
34.95
35.40
35.50
35.23
35.70
36.00
36.06
35.56
35.68
35.52
35.08
34.96
35.10
35.57
35.99
36.25
36.24
36.10
36.01
35.74
35.88
35.69
35.93
36.15
36.20
36.19
36.80
36.76
36.58
36.61
37.51
37.75
38.29
38.09
37.83
37.83
37.75
37.70
37.93
38.42
38.53
38.96
39.09
40.06
39.93
39.88
39.77
40.05
40.09
40.05
40.28
40.70
40.88
41.28
42.46
42.22
42.27
41.97
42.09
41.47
41.47
42.36
42.46
42.48
42.15
41.93
41.96
42.24
42.15
42.10
42.10
41.90
42.08
42.25
42.12
42.22
41.60
41.64
41.70
41.79
41.82
42.00
42.25
42.25
42.26
42.07
41.47
41.94
42.12
42.26
42.67
43.43
43.00
43.43
43.89
43.79
43.58
43.68
43.94
43.95
43.75
44.00
44.24
44.20
43.98
43.92
44.36
44.63
44.68
44.38
43.86
43.82
43.85
44.15
44.29
44.60
44.68
44.65
45.06
44.99
44.90
44.80
45.00
44.48
44.14
43.09
43.65
43.85
44.44
44.52
44.74
44.71
44.86
44.88
44.84
44.90
44.90
44.97
45.05
45.24
45.38
45.90
46.12
46.09
46.21
46.15
45.75
44.56
44.44
44.47
43.73
43.25
43.26
44.16
44.49
44.89
44.63
43.87
43.75
43.73
44.24
44.35
44.70
44.67
45.14
45.49
45.19
45.04
45.30
45.27
45.14
45.35
45.49
45.81
46.63
46.42
46.74
47.00
47.92
48.10
49.13
48.96
49.00
49.70
48.80
48.66
48.95
49.41
49.10
48.90
49.20
50.06
50.02
50.01
50.00
49.85
49.95
50.12
50.76
50.85
51.88
52.09
52.27
52.42
52.33
52.58
52.50
52.07
51.29
50.92
50.52
50.83
51.23
51.21
51.20
50.88
51.48
51.48
51.62
52.10
52.22
52.53
52.60
52.51
52.88
52.47
51.37
51.09
51.85
51.94
51.66
51.47
51.37
51.40
52.06
51.87
51.62
51.45
51.11
50.88
51.66
52.50
52.57
52.40
52.84
52.73
53.22
52.87
52.78
52.00
51.04
49.53
48.92
48.90
48.37
49.28
49.41
49.53
50.30
51.00
51.88
49.93
49.99
48.71
48.75
48.35
49.20
48.72
48.84
49.45
50.03
50.46
50.56
49.59
49.31
49.21
49.54
49.79
50.00
49.87
49.58
50.62
52.54
51.95
54.68
55.51
55.44
55.19
55.73
55.63
55.48
55.40
54.90
54.92
54.95
54.90
56.22
56.44
56.24
56.39
56.56
56.95
57.46
57.53
57.42
57.36
57.35
57.05
57.29
57.10
57.07
56.26
56.97
57.25
58.28
58.56
59.53
59.51
59.85
59.71
59.45
59.89
59.92
59.86
59.59
59.27
59.25
58.50
57.70
57.30
58.34
58.95
58.81
58.40
58.00
57.84
57.78
58.20
58.40
59.60
60.35
60.47
59.86
60.39
60.77
62.14
63.49
63.69
62.25
62.00
61.00
60.49
60.10
59.16
60.25
60.49
60.50
59.92
59.79
59.94
59.48
58.80
57.47
58.25
58.64
57.53
58.49
56.90
55.31
55.19
53.83
53.04
53.29
52.62
53.05
54.19
54.75
51.43
51.43
51.78
53.58
54.37
54.29
54.50
54.19
54.86
56.41
56.34
56.82
57.07
56.77
55.47
55.99
56.40
56.35
55.69
56.16
56.82
57.00
55.10
54.76
54.74
53.63
54.17
54.20
52.78
54.73
54.80
54.63
55.12
55.18
54.80
55.48
55.49
54.76
56.00
56.51
56.30
56.22
55.94
56.00
57.05
57.24
56.85
56.33
56.24
56.03
56.10
56.21
55.85
55.81
56.14
57.20
57.42
58.47
58.68
58.77
59.44
59.88
59.98
59.99
60.50
60.60
60.93
61.24
60.99
60.70
60.69
59.80
59.58
61.04
61.76
61.50
60.88
60.95
60.87
60.45
59.96
59.26
58.37
58.46
59.05
59.84
59.64
59.19
58.91
58.62
58.50
57.82
59.56
60.41
59.77
59.85
60.33
60.30
60.33
59.40
58.97
58.50
58.05
57.81
58.39
58.10
57.19
57.43
57.35
58.43
57.88
58.01
58.66
59.50
59.30
58.36
58.50
59.46
60.34
60.98
61.00
60.90
60.60
61.21
59.25
59.99
59.08
60.00
60.78
60.98
60.51
60.96
62.41
62.42
63.06
66.24
67.00
65.43
64.09
64.29
64.35
64.23
63.02
62.67
62.85
63.90
63.21
62.27
62.59
62.95
62.94
64.29
63.15
61.54
60.47
62.50
64.65
63.77
64.64
64.87
64.87
65.08
64.82
64.23
65.47
64.76
64.50
62.65
62.70
63.34
63.48
61.73
64.02
63.90
62.96
59.84
58.94
55.83
55.71
57.78
57.62
59.84
56.08
55.27
56.13
56.86
57.92
56.18
56.31
54.55
54.31
56.73
59.94
59.50
58.29
58.93
58.24
58.06
56.85
55.85
58.10
57.01
56.25
56.30
58.30
57.11
57.23
57.94
56.30
55.21
56.50
57.11
58.05
58.98
58.74
57.75
59.83
62.08
62.86
63.99
60.97
61.93
62.45
61.18
61.23
63.00
63.59
63.02
62.17
61.40
62.18
61.66
61.57
61.37
61.75
62.39
64.13
63.84
64.46
62.57
60.83
60.95
61.23
60.80
58.62
58.59
59.98
59.80
58.94
59.47
58.72
58.67
59.22
59.70
59.06
58.73
58.44
59.15
59.77
58.58
59.33
59.43
59.02
57.85
57.05
57.59
56.41
56.56
57.11
55.23
55.39
54.94
55.15
54.69
52.92
52.63
53.57
53.70
52.50
52.19
53.46
53.50
52.94
52.43
52.97
52.93
53.70
55.55
55.84
55.23
55.17
55.00
55.04
56.09
55.90
54.17
55.35
55.33
57.06
56.64
56.61
55.77
55.83
57.27
56.66
55.90
54.18
54.85
56.41
55.79
56.15
56.51
55.50
55.45
54.89
55.33
55.18
55.24
53.21
53.97
53.65
54.60
54.37
55.45
54.83
54.81
53.92
54.12
54.54
54.27
54.46
57.00
56.25
57.69
58.92
58.95
58.60
59.03
59.99
60.77
61.01
60.65
60.49
59.18
59.55
59.62
58.71
58.48
58.15
57.91
58.12
58.82
58.83
58.02
57.61
57.10
57.70
57.40
57.35
58.14
58.55
57.83
58.24
58.00
57.19
57.29
57.72
57.53
57.52
57.49
57.33
58.05
58.50
58.67
59.59
57.19
56.47
56.31
56.70
56.96
56.69
55.79
55.39
55.49
55.24
55.25
55.40
56.49
56.37
56.63
56.65
55.80
55.24
55.27
55.99
56.25
56.62
56.38
56.75
57.22
57.18
57.05
56.24
56.40
55.70
55.60
56.24
56.62
55.52
55.39
55.12
54.34
55.29
56.64
56.73
57.00
56.75
56.50
56.27
56.39
57.46
57.67
57.66
57.33
57.14
57.18
57.00
57.64
57.56
57.62
56.77
57.54
57.30
57.93
58.25
59.23
59.45
59.65
59.11
60.60
59.61
59.96
59.28
59.32
59.22
59.50
59.54
59.54
60.85
61.50
62.18
62.88
62.76
63.10
62.81
63.80
64.75
64.48
63.98
63.94
64.19
64.30
64.29
64.60
63.86
63.76
64.05
63.85
62.85
62.70
62.26
60.90
61.03
61.35
61.91
62.40
62.43
62.74
62.48
62.43
63.08
63.09
63.68
63.71
63.70
63.92
63.65
63.07
63.07
62.75
62.41
62.34
62.41
62.43
62.66
63.29
62.73
62.98
63.82
63.60
63.60
64.78
63.60
64.00
64.00
63.87
63.22
63.97
64.05
65.75
65.27
64.34
63.80
63.85
63.83
63.84
63.89
64.18
64.35
64.62
64.89
64.93
65.05
65.55
64.64
64.73
64.14
64.42
64.34
63.79
63.76
65.54
65.50
65.24
65.21
65.98
66.19
66.24
66.44
66.74
66.91
67.25
67.35
67.19
67.44
67.45
67.48
67.49
67.39
67.71
68.20
67.96
68.13
69.03
68.77
68.85
69.05
69.53
69.49
69.28
69.97
70.59
71.19
71.47
71.35
71.42
71.33
70.73
71.70
71.71
71.84
71.30
71.06
71.49
69.32
71.05
71.10
70.94
71.30
70.45
70.25
70.81
69.95
69.36
68.04
68.51
67.84
68.06
67.20
67.63
67.31
67.80
68.25
68.09
67.82
68.45
68.90
69.41
69.55
69.98
70.49
70.50
70.58
70.43
70.50
70.37
69.30
68.54
68.29
67.89
66.79
66.84
66.90
67.00
67.10
67.37
69.15
69.33
70.00
71.07
70.98
71.46
71.28
70.38
70.96
71.00
71.54
71.17
70.87
71.03
70.38
70.25
69.98
70.50
70.84
70.95
70.50
71.80
73.34
72.98
72.32
72.15
72.47
72.12
73.64
73.82
73.40
73.20
73.94
73.10
73.45
73.76
74.07
73.47
73.32
74.60
75.06
75.35
75.98
76.26
76.08
75.13
75.34
74.57
74.83
74.90
74.79
75.35
75.75
75.78
75.43
75.44
75.39
74.96
74.75
74.97
75.20
75.13
75.96
75.95
75.99
76.31
76.25
75.82
76.07
77.09
77.77
77.94
77.62
78.14
79.48
78.75
79.25
79.00
78.62
77.77
79.90
78.63
78.76
78.71
79.47
79.39
79.40
79.25
79.58
79.85
79.45
79.38
78.64
78.52
79.48
79.66
79.53
79.20
79.67
79.27
78.47
78.73
79.58
79.65
79.79
79.94
80.94
78.95
79.21
77.84
77.76
77.37
77.45
77.19
76.96
77.06
77.14
77.37
77.11
76.75
76.61
77.50
77.05
76.86
77.59
75.91
74.90
74.94
74.58
74.46
74.49
74.37
73.55
74.12
75.36
75.44
75.74
75.75
75.85
75.68
75.71
75.45
74.73
73.98
74.26
73.76
74.27
74.50
74.35
75.97
75.99
76.32
76.23
76.45
76.34
76.34
76.13
76.32
76.44
76.45
75.33
75.34
75.87
75.91
74.80
76.63
76.60
77.24
76.05
76.00
77.25
77.04
76.41
75.67
74.75
74.19
73.79
74.23
74.30
74.65
75.00
75.75
75.63
75.45
76.04
76.45
76.50
76.50
76.74
76.91
76.74
76.38
76.50
76.96
77.46
77.22
77.54
77.36
77.00
78.41
77.69
77.25
77.34
77.96
78.44
78.59
78.93
79.09
79.31
79.18
79.37
79.82
79.85
79.97
80.71
80.91
81.25
81.29
81.50
82.63
82.85
82.70
83.08
82.99
82.97
82.20
82.25
81.74
81.27
80.95
81.47
82.23
81.50
81.61
81.38
81.32
81.85
81.89
81.93
82.72
82.97
83.07
83.09
82.34
82.65
82.50
84.41
84.66
84.91
85.79
85.99
86.28
86.29
85.90
85.86
86.05
85.76
86.46
86.05
85.93
86.26
86.58
87.04
89.57
89.00
88.45
88.18
87.77
86.85
87.49
86.58
85.81
86.46
85.53
84.94
86.03
85.46
86.97
86.94
86.87
87.19
87.51
87.27
88.43
88.89
89.56
90.15
90.46
90.49
90.82
91.22
91.20
91.09
89.93
88.95
89.48
90.00
86.46
86.20
86.30
87.79
88.24
88.76
89.22
90.56
89.72
86.97
87.85
89.47
91.00
90.38
89.82
90.17
87.78
86.60
86.77
87.25
87.97
88.52
89.89
89.83
89.94
89.98
89.90
90.00
90.63
90.15
92.45
92.31
92.86
92.67
93.84
93.65
93.68
93.39
92.83
93.15
93.83
94.70
95.45
93.96
93.49
94.95
94.80
94.91
94.33
93.55
93.00
92.62
93.14
92.50
92.45
93.99
93.79
95.54
95.88
96.47
96.59
96.27
96.65
98.29
98.43
98.53
98.95
98.46
98.78
98.62
98.37
98.92
99.50
99.35
100.15
100.82
100.75
101.00
100.82
101.59
100.30
100.40
100.77
100.93
100.45
100.11
100.65
100.43
101.20
101.87
101.80
102.22
101.89
101.02
99.51
99.71
98.94
98.81
99.26
99.49
98.82
100.27
100.00
101.18
101.29
100.46
99.66
99.92
99.64
99.75
99.44
100.25
100.75
100.75
101.04
100.76
100.75
100.10
99.88
99.68
99.64
100.35
100.20
100.44
97.65
97.60
97.48
97.29
97.44
98.19
98.55
98.10
97.85
97.82
96.48
95.94
97.03
97.83
97.84
97.70
98.25
98.81
99.41
98.57
98.66
99.50
98.78
98.73
98.75
97.80
97.90
97.58
97.98
97.24
97.77
95.93
95.45
95.24
96.07
97.53
97.75
98.01
97.71
97.58
96.85
96.03
94.87
93.09
92.73
92.60
91.69
91.74
91.69
91.58
91.11
91.32
91.96
91.57
92.11
91.80
91.73
90.52
90.26
88.13
86.78
87.41
88.66
89.78
88.27
89.05
87.59
88.94
89.92
90.76
90.62
90.25
89.67
89.15
88.59
88.33
89.43
89.50
88.26
89.19
88.41
88.73
89.98
89.93
89.95
90.87
90.81
92.50
92.69
92.27
92.35
92.23
93.32
92.29
89.85
89.47
88.46
89.47
89.69
89.67
89.76
89.85
89.69
90.36
90.43
90.12
87.98
87.96
88.23
88.48
88.28
88.39
88.05
87.86
88.22
89.00
88.80
88.95
89.00
89.82
89.75
89.81
89.02
89.86
89.51
89.46
90.79
91.08
91.50
92.10
91.65
91.89
92.12
92.43
93.10
93.45
93.20
93.91
93.92
94.00
93.35
93.63
92.01
92.50
92.23
91.25
91.19
91.56
91.65
92.60
93.37
93.00
92.70
93.74
94.09
94.16
93.75
90.25
89.08
88.38
88.45
87.79
87.56
87.54
87.10
87.90
87.63
88.13
87.98
87.00
85.10
85.30
85.28
85.61
84.74
84.39
85.05
86.17
86.26
87.07
86.67
86.46
86.66
86.98
87.31
87.43
87.38
87.97
88.39
89.14
90.17
89.81
89.99
89.73
89.39
89.93
90.80
90.85
90.12
90.19
89.69
89.37
89.13
88.54
88.25
90.35
90.70
90.79
91.05
90.96
91.24
91.64
91.98
92.12
91.63
91.32
92.10
92.30
93.33
93.75
93.60
93.94
94.58
94.99
95.10
95.29
96.32
95.79
95.54
95.33
95.06
95.48
95.31
95.34
94.75
93.89
94.31
94.49
94.48
94.45
95.25
96.78
96.57
95.95
96.22
95.82
95.67
96.10
96.82
97.16
98.95
98.89
98.87
99.47
99.38
99.70
99.34
98.99
98.90
98.88
99.62
99.60
98.67
99.29
99.78
99.68
100.42
100.50
100.81
101.47
101.50
101.50
101.74
102.47
103.70
103.44
103.05
103.11
102.23
101.44
99.66
100.24
101.24
101.63
100.99
102.52
102.36
102.44
102.34
103.34
102.80
102.52
102.28
101.23
100.20
100.70
101.49
102.03
101.78
101.90
101.94
102.62
102.40
101.51
100.66
101.94
100.64
98.59
97.71
97.99
98.68
98.16
96.83
98.69
100.18
99.49
99.10
99.07
99.42
99.69
100.04
100.07
98.68
97.75
97.71
97.99
99.14
99.82
100.11
100.30
100.50
100.56
100.84
100.50
100.37
100.36
100.96
101.81
101.73
101.12
100.35
100.77
100.41
97.93
97.72
97.40
97.59
98.08
98.03
98.54
98.54
99.24
99.20
99.44
99.40
98.99
98.99
98.40
97.80
97.10
96.37
95.91
95.50
95.99
95.90
95.82
95.69
95.68
95.94
95.19
96.33
95.98
95.13
95.28
95.36
96.46
96.75
96.79
97.36
97.46
97.85
97.65
98.17
98.36
98.99
98.51
98.05
97.58
98.60
97.99
98.32
97.99
96.69
96.39
95.88
95.21
94.80
94.80
94.58
93.96
94.44
94.80
94.88
94.20
95.24
95.52
95.70
94.85
95.49
95.20
94.81
94.95
95.72
96.10
96.45
96.70
97.50
97.50
97.75
98.19
98.09
97.30
97.49
97.76
98.12
98.70
97.71
97.79
98.29
98.05
98.09
98.51
99.27
99.09
97.66
97.60
97.29
96.75
96.13
95.82
96.95
96.50
95.70
95.72
95.68
94.62
95.78
95.58
95.95
96.30
96.51
96.95
96.75
96.91
97.28
97.15
97.08
97.03
97.03
96.62
97.08
95.71
96.35
96.22
95.83
95.40
95.67
96.30
96.13
95.96
95.32
95.95
95.96
94.68
94.64
94.30
94.00
94.55
94.74
93.47
93.84
95.19
95.95
95.93
95.84
95.67
95.58
95.97
96.57
96.66
96.11
97.00
96.94
96.72
96.74
95.41
95.46
94.80
95.27
95.61
95.67
95.79
95.68
98.92
99.07
98.90
97.89
98.20
97.99
97.29
96.95
97.40
96.74
96.49
96.57
96.36
97.44
98.45
98.52
98.23
98.11
98.42
98.24
98.22
98.54
99.85
99.73
100.16
100.94
101.12
101.00
100.39
100.27
99.99
100.10
100.75
101.18
101.78
101.76
101.04
102.28
101.38
101.30
102.11
102.18
102.95
103.33
103.62
103.78
103.00
103.39
102.83
102.44
102.58
102.98
102.85
102.90
102.04
101.49
101.46
102.50
102.00
102.47
102.60
102.62
102.00
101.61
100.96
101.01
100.59
101.17
101.84
101.79
102.03
102.30
101.99
102.18
101.90
101.89
101.67
101.48
101.36
101.08
101.32
100.75
100.57
101.25
101.05
100.81
100.73
100.37
99.80
99.09
99.09
98.63
96.85
95.82
95.62
95.85
95.97
96.42
96.34
95.36
94.73
94.35
94.30
93.95
94.00
93.84
93.92
93.65
94.32
93.89
94.47
94.74
94.75
94.66
94.76
94.86
95.37
94.79
94.68
94.76
94.20
93.70
93.49
93.23
93.12
92.82
92.70
93.06
93.29
93.84
93.91
94.11
93.83
93.90
94.93
94.47
94.15
95.32
95.31
94.88
97.30
96.36
95.08
94.60
95.29
94.43
93.54
93.95
94.00
93.45
92.42
91.74
90.98
90.29
91.14
91.59
91.45
91.51
92.10
91.79
92.09
92.60
93.12
93.39
94.01
93.78
94.63
95.07
94.93
95.10
95.69
95.42
95.38
96.22
97.18
96.08
96.95
97.30
97.30
