0.0
-5.53447185326
-4.0072859745
4.17457305503
1.57404433023
-13.2143852802
-1.04827586207
7.59869397447
-3.21746624533
3.72467222884
-2.72463768116
-0.719424460432
3.3303597978
2.68702290076
-1.68117682378
-11.1733333333
2.3751023751
-1.34661998384
1.03401360544
1.21178738639
0.861111111111
-3.35570469799
-1.6631467793
-0.655651717808
0.342105263158
1.17145899894
-0.344919076678
2.03031943692
-2.48152059134
2.37837837838
0.325379609544
-0.162425554954
1.20547945205
2.81690140845
6.35110844817
-2.19748022268
2.83217836698
7.06451612903
-5.34351145038
-3.67647058824
-1.98904583453
0.550724637681
-5.47945205479
1.38888888889
0.0
3.03377218088
-3.61379310345
3.18815826929
0.543789353177
2.37327864049
-1.95346164895
-1.41602945341
-4.0749796251
-6.66835699797
0.637917836183
-3.23456790123
-2.55052935515
0.289575289575
-0.74251497006
1.97850512946
0.318549375153
1.39130434783
-2.42424242424
-1.33939248983
1.65329443229
2.825
-1.08803165183
-1.36585365854
-0.750423626241
-2.8
6.09086370444
2.06369426752
0.977617700026
0.309677419355
-1.89873417722
-3.51734245237
-3.10059171598
4.96894409938
-0.617283950617
-4.4360547428
1.80158539515
-4.56212746447
3.85714285714
-2.32558139535
4.24242424242
3.93046107332
0.328614762386
-2.46548323471
-0.466257668712
-0.754992693619
-0.170192073912
0.784121538839
0.0
-3.27091727898
-0.14201183432
2.57344015538
0.31660983926
0.440313111546
2.04692960559
1.90791147291
-1.25596583773
-0.175526579739
-4.75280630523
-0.758473571936
1.05389221557
3.2393669634
-0.443131462334
-0.636007827789
1.71684498632
-0.618199802176
-2.69489894129
2.06286836935
1.31873600398
-1.37423312883
-2.97619047619
1.96649672251
-1.78826895565
0.455089820359
0.0
0.602409638554
4.71864748928
-2.14814814815
1.25
2.14504596527
-0.860759493671
1.7778922958
0.648340248963
1.31371518655
1.49333333333
-1.31578947368
0.502512562814
5.02777777778
-0.166389351082
-2.88176676542
-0.827991452991
2.40700218818
2.26573426573
-3.37837837838
-4.21951850893
3.17841880342
2.2113022113
-2.32
-1.47136100893
0.157894736842
0.316789862724
-1.76348547718
-2.37974683544
-1.56989783205
-5.57647058824
0.14137606032
3.36093521676
-0.773320444659
1.69574834112
0.469135802469
-0.295420974889
-0.781631656082
1.08641975309
1.55466399198
-0.771336153272
2.73517382413
1.76899063476
1.31787032156
1.33547008547
-1.16156282999
-0.655651717808
0.183920126117
-0.98855359001
0.156331422616
-1.46341463415
-0.128205128205
0.957804814911
-3.425
-3.61445783133
3.10559006211
0.77616424637
3.39114677712
-3.425
1.57440325038
0.484817555499
1.95109261186
0.339336987732
3.01156224792
0.161594398061
-0.827991452991
-0.319488817891
-0.344919076678
0.346112886049
-3.22081937645
1.46405228758
-3.16455696203
0.483337573137
-1.42928786359
-3.32121212121
1.37625952322
-0.610649731314
-1.06331561141
2.65442818159
3.35897435897
-1.88679245283
3.92156862745
7.92889390519
-0.169014084507
1.60274756726
-3.95821880154
0.525006907986
0.0
3.96437805228
-0.910902362653
2.38997376858
-1.63417431193
-2.59703993298
-2.2386022386
-1.82256767623
-1.97057277982
2.01018493701
0.484783194183
0.677874186551
18.4709283649
-1.76711896497
4.10643889619
-1.6160310278
-2.73498899717
3.01165803109
2.28552500828
1.07130900569
1.66780122532
1.10116999312
-2.31932773109
-0.63460253841
0.234348844995
3.67927802846
-0.449205252246
-3.53333333333
1.90217391304
-4.07298794396
-2.38549618321
2.6444662096
-1.00193923723
1.84331797235
0.230946882217
1.88235294118
2.58620689655
-1.29339686862
0.238826339133
0.617919670443
7.64966740576
-2.27518959913
4.72768532526
-1.8559762435
-4.83927940657
-1.53043478261
-0.656530753283
3.57909806729
-10.0450740502
-2.75516593613
1.39682539683
4.58167330677
0.0
-0.855826201448
2.98305084746
-6.52724968314
-4.53720508167
-0.958657878969
0.785024154589
1.31538696849
5.01124317379
3.76666666667
-1.6393442623
1.46373918829
0.838644750084
-3.27709279689
-0.258899676375
1.47783251232
-3.33333333333
2.43902439024
1.05159382189
-3.73299588738
1.96774193548
-3.51696234049
0.56338028169
-1.72254690864
3.20634920635
1.12359550562
-3.88768898488
1.24960949703
2.76083467095
-1.14249444621
1.64516129032
2.3102310231
-3.50318471338
2.11382113821
-0.64620355412
2.0105471325
1.16705568523
1.55773789367
-0.67272115708
-0.833889259506
0.435510887772
0.437415881561
8.03344238459
-1.82012847966
3.43300110742
-3.25
1.74418604651
-1.74937522313
4.08769973987
-1.71658144631
1.52020763812
-3.05535585909
-0.358166189112
-4.38356164384
2.96191819464
0.925266903915
-1.74825174825
2.25241329996
3.21033210332
0.0
-3.49002849003
-1.4391014391
-0.384615384615
-2.22222222222
2.16556060077
-1.58129941561
-0.240054869685
-2.8
-5.95611285266
0.0627352572146
1.65816326531
4.4289044289
5.07347795661
-7.23790976956
-2.25253807107
1.90753313935
2.2479338843
-0.981996726678
-2.24
0.93669250646
0.161759948237
-0.25814778961
1.40706806283
2.37855946399
-3.95752895753
-0.607611128878
1.03392568659
-0.48231511254
-2.99438552714
-1.38418948016
-0.276073619632
-4.9008168028
-0.63768115942
4.19812745394
-0.570570570571
2.02205882353
0.0613120784795
2.64317180617
0.506008855155
-0.31525851198
0.316255534472
0.861244019139
-0.791139240506
-1.71073094868
0.94191522763
1.07902253253
0.0635122261035
2.24025974026
3.14802411253
0.538720538721
2.30795728557
0.623916811092
-1.36752136752
-2.82392026578
3.1175059952
0.689893066575
2.61946902655
0.355239786856
-0.670430486944
-1.90377293181
0.521920668058
1.37566137566
0.56757715502
1.73222663298
0.0722282412423
2.17712177122
-3.21428571429
1.37581462708
-2.02199361476
2.13768115942
-2.47349823322
4.7760088856
-0.515653775322
0.555555555556
0.446428571429
2.79158699809
-1.20891575368
-1.59851301115
-0.480947095819
1.61654135338
0.948766603416
-1.19985001875
0.641509433962
-0.375939849624
-0.857249347745
-1.72161172161
1.03626943005
-0.807635829662
-0.583941605839
0.587371512482
0.590841949778
1.72802404207
0.642722117202
3.11890838207
-0.965250965251
0.387596899225
-1.1872845653
-0.152963671128
-1.87617260788
0.94696969697
2.48447204969
1.37741046832
3.16686967113
-3.1458906803
-1.08907040062
1.38012618297
3.55247039608
1.57610949813
2.24766751484
22.4935064935
4.61956521739
-0.540540540541
8.95170789164
-4.98041410185
-0.167597765363
2.52004581901
0.114678899083
-0.626780626781
-5.74650912997
3.32963374029
-5.15789473684
-4.57056755399
3.16062176166
0.520833333333
2.61892036344
-2.04188481675
-1.03626943005
-2.77078085642
1.22386537481
2.40208877285
-0.0521920668059
3.56756756757
3.35195530726
-3.19091400757
-0.323450134771
0.161987041037
0.433839479393
-3.04942166141
1.65686798503
2.52054794521
0.495594713656
-2.31307154384
-1.27456186936
-0.211976682565
-1.51356993737
2.18666666667
1.57096424702
-2.016985138
-0.580474934037
1.28273650454
-2.04188481675
-1.13871635611
-4.8275862069
-2.21579961464
-3.44186046512
1.08133521392
2.01438848921
-0.714285714286
-1.82328190743
1.5187470337
4.25531914894
-0.246791707799
-1.02589154861
2.50375563345
-0.15
-7.62124711316
-3.94853593611
0.850111856823
3.32871012483
-3.4375
0.719424460432
2.96296296296
3.00429184549
0.865800865801
-0.858369098712
1.30434782609
0.729927007299
-0.628626692456
0.145278450363
0.242718446602
-1.90476190476
0.238663484487
1.11003861004
-3.40326340326
-3.02893309222
-2.5550660793
-2.36559139785
2.01842913559
4.54128440367
-2.19829519964
1.92043895748
2.33972859148
-0.512104283054
4.78048780488
-3.48399246704
0.188679245283
0.426338228328
-1.4012143858
0.990566037736
-2.66299357208
-1.62601626016
1.79310344828
1.63551401869
1.61443494777
-6.19153674833
3.55166051661
-0.550458715596
1.77404295051
-5.0110864745
-3.71477369769
-2.21294363257
2.35042735043
-1.96899874319
-1.52640264026
1.42259414226
4.54943132108
-6.04192355117
2.52844500632
0.253485424588
-2.27085053675
1.38133110088
-1.48453608247
5.4347826087
-4.12671946644
1.82512733447
-1.99667221298
-0.455486542443
1.64141414141
0.0421052631579
-0.710702341137
0.885702235344
1.0225820196
-0.127659574468
-3.37171052632
-0.77519379845
0.864197530864
1.25
1.56580617859
0.767590618337
1.0775862069
1.48731408574
-0.131061598952
-0.823223570191
0.786026200873
0.615114235501
1.42602495544
-0.531914893617
-2.92598967298
0.519031141869
0.216731686173
-4.07484407484
2.4712398807
-2.20833333333
1.52284263959
-1.08786610879
-0.871007880547
-1.18852459016
-2.20440881764
1.67074164629
0.163265306122
-0.0815660685155
-1.92
3.73443983402
4.69157254561
-0.690250215703
-4.09598676045
0.582605076987
1.82203389831
3.10179117519
0.0
-3.94460763743
1.1889596603
1.72786177106
-1.27931769723
-3.89344262295
-0.408163265306
-0.122299225438
-1.28772635815
1.71919770774
2.47483221477
1.6631130064
-1.59462861939
1.14601018676
0.0849617672048
2.12581344902
-0.774860094705
1.39676996945
1.82222222222
1.1690647482
0.542495479204
1.93548387097
0.230946882217
-1.50136487716
1.85356811863
2.03309692671
0.522813688213
0.0475511174513
-2.32234091965
-1.91343963554
5.22531160115
6.64621676892
1.61038961039
1.31578947368
-1.19604784191
1.10410094637
-0.157480314961
0.793650793651
2.94117647059
-0.756756756757
-2.3746701847
-4.24456796362
4.15789473684
1.27931769723
2.56971022417
-2.19251336898
1.35501355014
2.61401557286
1.86968838527
-2.70121278942
2.71800679502
6.12980769231
4.65408805031
1.72744721689
-4.81120584653
-0.665456745312
3.3125
-7.78097982709
-0.516055045872
-1.63564579808
5.34759358289
9.92815153494
7.2880168185
-0.76495132128
3.45323741007
-4.13793103448
-1.02389078498
2.95151089248
3.34059549746
-5.03448275862
-4.2904290429
-4.47667087011
-4.74474474474
1.21580547112
-2.66272189349
-2.70581462291
3.20855614973
0.959808038392
4.1875
3.8961038961
-2.34622701332
0.573979591837
6.44942294637
-2.06117021277
1.89701897019
-3.90625
-3.39622641509
-2.15384615385
0.432632880099
4.38709677419
0.0
-2.02275600506
-1.00125156446
1.52477763659
6.27954085078
-2.82152230971
1.12806901128
2.16949152542
-4.40699935191
-2.95597484277
4.33070866142
0.660501981506
-3.56687898089
-3.38461538462
1.5625
6.3122923588
6.43564356436
-3.48122866894
3.16901408451
-6.70170827858
-4.875
-0.497512437811
-4.0
2.13414634146
-2.08955223881
0.0
-3.6248561565
1.57802454705
-3.87640449438
2.29885057471
-3.22580645161
3.45224395857
3.76119402985
-0.475341651812
0.778443113772
-1.93775689959
-5.65096952909
-3.11325818572
-1.21951219512
3.28587075575
3.28054298643
1.78468624064
-1.02564102564
-1.95530726257
-1.21412803532
-2.21262817053
1.20152921901
0.715071507151
-1.99460916442
-5.11508951407
0.102406554019
-0.560081466395
3.31404523935
-4.4243338361
0.353178607467
2.21763795771
4.58468176915
4.86425339367
0.226757369615
2.73733255679
1.89910979228
-1.11502347418
1.06761565836
-0.0592768227623
2.1186440678
-2.1327014218
-0.880798590722
3.02480338778
2.03703703704
-1.57958687728
-1.02224894768
1.34064594759
-0.905797101449
3.43535290443
-0.187032418953
-1.65542611895
-5.50405561993
-0.576036866359
-4.87671232877
1.108033241
2.092760181
-2.21238938053
-0.385674931129
-0.819672131148
-0.920411478073
2.66814897165
-0.332409972299
1.40449438202
3.79008746356
-0.981524249423
-2.03619909502
3.3918128655
2.08955223881
-0.593471810089
-1.23094958968
4.34250764526
-6.57142857143
0.286532951289
3.25443786982
0.0
-0.588235294118
3.9755351682
-0.668286755772
-0.121359223301
1.10429447853
1.05393676379
-3.58637178721
-3.29479768786
2.6706231454
0.0
-0.998824911868
2.46839253462
-0.894988066826
0.539892021596
1.0303030303
-3.28253223916
1.54761904762
4.67289719626
0.69008782936
1.78799489144
-0.381679389313
3.55731225296
1.06524633822
-1.05401844532
-6.2962962963
-1.33982947625
-3.46854791299
2.59348612786
-2.29817324691
-0.991831971995
-8.537886873
7.70114942529
-1.6393442623
0.340328984685
0.28441410694
-0.621820237422
3.93654524089
-0.52600818235
-4.83870967742
1.86968838527
1.20412844037
-1.69109357384
3.5610040864
0.175438596491
-1.38408304498
-2.80269058296
-1.97802197802
-0.600764609503
1.7787659811
-2.22826086957
-0.271002710027
-2.22575516693
-1.92307692308
3.16353887399
2.69823788546
-1.57181571816
0.654664484452
-1.76848874598
-0.320512820513
-0.899947061938
2.16333153056
0.162513542795
0.544662309368
1.0456796918
-2.62593783494
-1.99579831933
2.91891891892
1.09289617486
-0.866738894908
0.108459869848
3.47923681257
-0.168067226891
-0.167785234899
-1.32450331126
-0.657894736842
-3.3386327504
-2.93209876543
0.829875518672
-1.88295165394
-2.09267563528
1.56882591093
-4.67920887603
-1.00286532951
-1.5977443609
4.72440944882
-1.45489815713
-0.865384615385
0.0
2.2113022113
-1.54813739719
-2.22327341533
2.57156720039
2.58835241414
-1.18052139695
2.36656596173
1.17167600611
2.72108843537
-1.49484536082
0.310237849018
-2.07594936709
-0.703871292107
-1.58337456705
0.697558545092
-2.47813411079
-0.0970873786408
-1.52963671128
1.75097276265
-1.34357005758
-2.20553730643
-0.187353629977
1.42517814727
1.10470701249
-0.904331270823
2.93973542381
-1.96926032661
1.01892285298
-1.15107913669
-2.06669798027
-2.82975810132
-0.634920634921
1.65975103734
-1.04927007299
-2.66429840142
1.85436454093
2.59860788863
0.653900046707
-1.10854503464
-0.869963369963
-0.952380952381
-1.78173719376
-0.222222222222
-0.265957446809
0.489977728285
0.223214285714
0.76473234368
1.13739763421
1.75925925926
0.887435777674
0.752941176471
1.91846522782
0.627413127413
2.06896551724
-0.975609756098
-2.14797136038
-1.73545966229
-0.652376514445
1.27418593676
-0.795880149813
0.849858356941
2.81553398058
-0.386847195358
2.17391304348
0.696517412935
-1.66340508806
0.838677849038
-0.880195599022
-0.146484375
2.34882558721
-0.940594059406
1.96870267542
-2.46184145741
1.14541832669
-0.986193293886
0.545364402578
-3.16850696111
-0.525310410697
-1.5977443609
0.424728645588
-1.71614100186
0.465983224604
-1.91956124314
1.01569713758
0.744186046512
-2.05011389522
0.919540229885
-0.684931506849
1.4828544949
0.139211136891
-1.10142267095
0.786308973173
-1.05263157895
0.229357798165
-1.53568202349
-1.77462289264
-1.0101010101
-0.480769230769
1.06007067138
-1.22164048866
0.747252747253
-1.1728931364
-1.62393162393
0.0
1.07991360691
0.129757785467
-0.942587832048
0.0857632933105
1.08365843086
0.173686495875
2.26465364121
-1.1847301448
0.485008818342
0.44286979628
-1.09505037232
-0.69595476294
-0.389948006932
-0.0433087916847
-0.345274061286
2.61293179805
3.3409610984
-1.57657657658
2.44577757268
-0.459347726229
-2.37668161435
-0.490852298081
-1.05960264901
-0.744960560911
-0.0438020148927
-0.522875816993
0.0435919790758
-0.864304235091
-0.387430047353
-0.938166311301
-0.0426257459506
0.385109114249
0.68935803533
-1.14991482112
0.772532188841
-0.128589798543
-1.436417406
-1.94697597349
-0.247933884298
-1.62601626016
-1.44230769231
0.361881785283
-0.040192926045
0.810372771475
-0.883534136546
0.322320709106
-0.120724346076
1.55292194524
-0.447518307567
-0.485829959514
2.7027027027
-1.43442622951
0.993377483444
2.07013096747
-3.19018404908
1.875
0.840336134454
2.32158211522
0.30185424752
-0.0431034482759
-0.642398286938
-1.76693310896
-1.28737541528
-12.7536231884
-1.42857142857
4.01188707281
0.0743494423792
0.711344065893
-1.07407407407
1.69491525424
-0.747663551402
3.04314329738
-1.2927756654
-1.60867938646
0.753863550697
-1.26535169334
0.411061285501
0.412757973734
-0.559701492537
1.2084592145
0.914634146341
0.0381242851696
3.06483300589
2.00400801603
-4.4061302682
3.03987366759
-0.275590551181
-1.5503875969
0.272055965799
1.33910988578
1.96787148594
-0.796812749004
1.33225676221
-1.11776447106
-0.199203187251
-0.396825396825
0.0794281175536
0.760304121649
-1.4201183432
-2.31213872832
-2.07547169811
-0.338473110192
2.22991157247
-0.914285714286
2.14007782101
2.8
0.0
1.21457489879
-0.803212851406
-0.240384615385
0.645161290323
-0.8
0.48231511254
0.933062880325
1.10746513536
0.827129859388
0.960334029228
1.05485232068
2.90924880591
-0.43233895374
0.477845351868
0.0869565217391
1.0989010989
1.33630289532
1.58371040724
-3.82941688425
-0.0869565217391
-1.28755364807
0.25817555938
1.48471615721
0.262697022767
-0.695652173913
-0.216919739696
1.63139329806
-2.24137931034
-2.31578947368
0.380388841927
-0.210881484606
1.0225820196
-1.55201342282
-2.3751023751
1.87734668335
-0.374064837905
-1.39344262295
-0.813008130081
0.0813669650122
-0.566343042071
0.0
0.080971659919
-0.683554483313
0.0402252614642
-0.639488409273
0.280561122244
0.120385232745
1.0953346856
-2.72296764009
0.635424940429
-0.237717908082
-0.980776775206
0.0
0.830696202532
0.0395726157499
2.30769230769
-0.121310149616
1.56057494867
-1.0162601626
1.02669404517
0.495253817582
0.165357585779
1.34059488898
1.79104477612
-0.170285227756
-1.71548117155
1.09983079526
1.4157014157
1.5243902439
0.481400437637
-0.435729847495
0.481611208406
-0.695652173913
-0.389779125162
-0.0432900432901
1.44927536232
1.24499777679
0.942549371634
1.31878126421
0.227894257065
-2.22816399287
3.0303030303
2.6874115983
1.53183341312
-3.0626450116
-1.95632393085
-1.25786163522
-0.625
-0.17825311943
1.21786197564
-0.627521290901
-0.844444444444
-0.793650793651
0.0882612533098
1.16071428571
-0.22271714922
-0.133451957295
-0.266193433895
0.759946356728
-1.41031291318
-0.87374399301
0.131233595801
-1.29533678756
-0.686106346484
0.301075268817
1.04302477184
-1.66666666667
-0.0853970964987
1.25378296585
-1.19607005553
0.472103004292
0.171969045572
-0.852514919011
1.25161847216
2.52212389381
-0.877192982456
1.10864745011
-2.29636048527
-1.95412064571
-1.42378559464
-1.88989317995
-1.65656565657
-0.402414486922
-0.200803212851
0.24154589372
-0.679728108757
0.643863179074
-0.240867121638
-0.677830940989
0.763358778626
0.606305578011
-2.21343873518
2.76198212835
0.122000813339
-1.1258544431
-0.400480576692
-0.597133757962
-0.396510705789
-0.0396353547364
-0.903377847604
-0.702028081123
-2.58358662614
-0.416193719258
1.49769585253
-0.875523410735
-1.46286571643
0.263256863483
-0.783582089552
0.261878039656
0.753863550697
-0.112951807229
0.720515737581
-1.08777194299
-1.94924604634
-0.475841874085
-0.0731528895391
0.811209439528
0.221729490022
0.669642857143
-2.8901734104
0.217233888487
0.913408841798
0.183016105417
0.811808118081
-0.367647058824
-1.52063721941
-0.0361925443359
-0.360620266859
0.253073029646
0.217391304348
0.181488203267
0.657654366094
-0.18234865062
-0.218340611354
-0.542888165038
0.144980065241
-0.576576576577
-0.85744908896
0.143112701252
0.251076040172
0.287769784173
-0.179533213645
1.0889292196
0.547445255474
-0.145772594752
0.993743099006
-0.403225806452
0.257258360897
-1.83982683983
-0.108108108108
-1.94346289753
-1.53096729297
0.842105263158
-0.070126227209
1.31438721137
0.715563506261
-2.95138888889
0.769769069279
0.989399293286
0.247963159759
-1.39713587146
-0.590277777778
-0.104058272633
0.104166666667
-1.74002047083
-1.90763052209
0.134048257373
1.66950596252
0.0
0.0340831629175
-0.170125893161
-0.642325895876
0.852369587453
-0.0681431005111
0.997935306263
2.21596904678
-0.767888307155
1.77619893428
0.932233775547
-0.178954903364
-1.89606741573
-0.731962356222
0.42002100105
-1.07340720222
-0.276243093923
1.50718541886
1.96568977841
-0.0714285714286
1.48604566872
-1.53461812991
-2.02797202797
-0.174520069808
0.986958054283
0.996796012816
-0.319375443577
1.43988480922
0.0
0.108108108108
-1.49094781683
0.967741935484
-1.5873015873
-1.32265924121
0.524842547236
0.527611677805
-0.385423966363
0.457585357269
-1.01045296167
1.05633802817
0.959829363669
-0.0355366027008
1.58844765343
0.253347810351
0.949945195469
1.59613956941
-0.773480662983
1.99098422239
-3.79472352729
1.35531135531
0.367647058824
1.49253731343
-0.149031296572
3.62934362934
-1.89393939394
0.265856437524
0.304761904762
-2.0156774916
0.299513290902
-0.669393826701
-0.628233555063
0.408163265306
1.0498687664
-0.299065420561
-0.925925925926
-0.258588843738
-0.769794721408
-0.8
-1.57480314961
0.395256916996
1.01633393829
-0.397686189443
0.0361663652803
-0.539568345324
-0.286944045911
1.60349854227
-0.507614213198
0.510204081633
0.439238653001
0.886262924668
-0.769512641993
-0.437796424663
-0.508166969147
0.109011627907
-0.864553314121
0.434153400868
2.21893491124
0.970873786408
0.299625468165
0.413689356901
-0.523756079312
0.149868864743
1.59878188047
0.883256528418
1.59968786578
-0.889404485692
1.69091624066
0.99285146942
0.358708648864
0.199680511182
1.00847115772
1.39059304703
-2.2
-0.714853057983
-0.90515545061
-1.16686114352
-2.35472844664
-0.189537528431
1.26679462572
1.12577639752
-0.271002710027
1.05633802817
-1.04529616725
0.741029641186
-0.927357032457
0.193573364305
-0.462427745665
1.20904836193
0.117141741507
0.195618153365
-0.81490104773
0.585480093677
0.549450549451
0.275482093664
-2.79265493497
2.63054574009
-1.58423493045
0.465838509317
-1.5666794039
-0.34272658035
-0.114111829593
0.805214723926
0.423565652676
0.93276331131
-0.271317829457
1.57480314961
0.793650793651
-0.513225424398
-0.0788954635109
0.237247924081
0.396982929734
2.02511138113
-0.282714054927
-1.62892332141
-0.198255352895
1.08216432866
-0.359424920128
-0.31847133758
1.2494961709
2.90335960182
0.458333333333
-0.456242223144
0.878661087866
0.631578947368
1.8002571796
0.430477830392
0.0430663221361
-0.171969045572
-0.428082191781
-0.0427899015832
-2.46243739566
-0.704517198508
0.499791753436
-2.23941368078
1.36194799835
0.581154005812
-0.0414937759336
0.921273031826
0.462768195204
1.84233076264
-0.384122919334
0.171013253527
-0.425713069391
0.427533133818
-0.213310580205
2.09059233449
-0.0870322019147
-1.37339055794
-0.93537414966
-0.254452926209
0.68317677199
-1.6792611251
-2.25687320476
-1.17599351176
-0.644641418211
-0.321285140562
0.362756952842
-1.39109697933
0.0
-1.02281667978
-1.12796577207
-0.580046403712
-0.576701268743
-0.191864927091
0.812379110251
-0.538668718738
3.13492063492
0.59880239521
0.441058540497
-0.0801282051282
-0.359281437126
0.119904076739
-0.239234449761
0.601684717208
-0.120192307692
0.32154340836
-0.519792083167
-1.99843260188
-0.584339696143
2.4750499002
-0.555776101628
0.159045725646
0.0795861520095
0.52
1.05092966855
0.161943319838
0.651996740016
1.11248454883
0.705394190871
-0.372054568003
-0.329625051504
0.538525269263
0.0414421881475
-0.165494414564
0.834376303713
-1.76229508197
1.7090454356
-1.72060630889
-1.33387227162
-1.04
-1.26382306477
-0.93896713615
-0.312012480499
-0.233463035019
1.26083530339
0.714285714286
-3.96341463415
2.02177293935
0.783699059561
-1.80838784148
2.16194968553
1.43540669856
0.0
-1.49253731343
0.592651126037
0.158290463
0.677290836653
0.359856057577
0.200320512821
-6.51685393258
-0.743494423792
0.673652694611
0.149925037481
1.02234002272
-1.27102803738
-0.483630952381
-0.628465804067
0.520252694166
-0.920471281296
-1.09249817917
-0.902201371346
-0.96497498213
-1.40944326991
1.39335476956
-0.355998576006
0.214056368177
-0.673281360737
1.21951219512
-0.464119957158
-0.142602495544
-0.142399430402
-0.248579545455
-1.40056022409
-0.348918353105
-0.313043478261
0.244072524407
0.139664804469
0.0
1.92170818505
1.11550917596
0.981104651163
0.255009107468
0.402340892465
0.922849760059
-2.76381909548
-0.0358808754934
-0.0717102904267
-0.178954903364
0.107488355428
0.431810003598
0.397398843931
0.544860152561
-0.93558834113
0.0720201656464
-0.537249283668
0.143472022956
0.831826401447
-1.56639373443
2.21979621543
0.512070226774
1.18430792006
-0.916758342501
1.0
-0.735294117647
-2.01729106628
-0.71530758226
1.04806649801
-0.788813194693
-0.782639630025
-1.02112676056
-2.37194912341
1.11226972541
-2.738336714
-1.76021255397
1.04026845638
-0.334448160535
-0.300100033344
-1.18616144975
1.98252688172
0.540540540541
-1.82421227197
0.5
-0.760833608998
0.298606502986
-0.0331674958541
-1.17994100295
1.02649006623
-0.983606557377
-0.391900718485
0.0
-0.39037085231
0.687848018343
-0.391517128874
2.61131570137
1.8411183089
1.48788927336
2.19236209335
-1.42906936215
-1.71291538198
-0.88285229202
1.30718954248
-0.547382825864
0.343288705802
-0.512295081967
0.549450549451
-1.85372430064
0.884053043183
0.102110279101
-1.6733601071
-0.4
-0.0666222518321
-0.166278683073
0.0998668442077
0.703989272544
-0.300802139037
-1.09090909091
1.13674356403
4.21602787456
0.737100737101
-0.384615384615
-1.71821305842
-0.546821599453
0.480769230769
2.28310502283
-3.06435137896
-0.373134328358
0.477164280845
0.445053064019
-1.64983164983
0.0336813742001
1.15843270869
-1.51006711409
-0.798934753662
0.468227424749
1.73528411024
1.41476880607
0.520291363163
-2.5354969574
0.509683995923
-0.30487804878
-0.404858299595
-0.235610905419
-0.635451505017
-0.033433634236
-0.2002002002
1.11336032389
1.54162384378
0.829015544041
0.0
-1.43003064351
0.893163861216
-1.5556307068
-0.26981450253
-0.802944128471
0.134003350084
0.81053698075
0.406917599186
-0.304259634888
-0.638226402419
-1.4564713671
-0.788177339901
0.197433366239
0.263939293962
0.831669993347
-1.34558582212
-1.80470512407
1.04200586128
2.09441489362
-0.26525198939
-2.92887029289
0.0966494845361
0.355641771743
0.0647039792947
1.24467736652
-1.51612903226
-0.609169605643
0.386224654007
-0.861518825782
-0.159286396942
0.448
-0.191632066432
0.0319488817891
0.610736097718
0.290135396518
-0.257234726688
-1.51994933502
-0.0316555872111
0.445151033386
0.54347826087
-0.31867431485
0.576923076923
-2.43902439024
0.787897888434
-0.408035153798
1.27145581691
-0.850929719508
0.0946372239748
-0.595798055817
-1.75600739372
-1.18721461187
-0.755287009063
-1.42942227516
3.64197530864
0.433973961562
-0.830003074085
-0.489446313857
-1.11917725348
0.364298724954
-0.54347826087
-0.331026181162
0.727493179751
0.243087207536
0.981896287205
-0.912131346914
0.0304136253041
-0.514372163389
-0.120882441825
-1.0466507177
-2.22222222222
0.293255131965
-0.117164616286
-0.726955510323
-0.376593279258
-0.0579038795599
0.261248185776
-0.777649769585
1.22448979592
-0.550884314294
-1.03299856528
0.693441201965
0.20266357846
1.11241217799
-1.07153200116
-0.02895193978
0.0579374275782
0.729501021301
0.204678362573
-0.783289817232
0.818952910208
-0.898550724638
0.145137880987
-0.115975645115
-1.42897970849
-0.62482249361
0.513845275478
-0.624113475177
-1.67364016736
0.985915492958
0.99573257468
-1.20854412591
0.650636492221
1.17344018317
1.12879884226
-0.374855824683
-1.02739726027
-0.369633210122
0.457012282205
-0.483229107447
-0.22688598979
0.198920147769
-0.817361894025
0.538396146217
2.70663562282
1.29716981132
-1.93697600463
-0.460431654676
0.230747043553
-0.630553167097
-0.456490727532
-0.256118383608
-0.0568828213879
0.0569151963574
0.0854457419539
6.07250755287
-3.35766423358
-0.407095085781
1.29602356406
0.682087781732
-1.89118417224
-0.174266627941
-0.749495531854
0.931044515566
0.497076023392
1.7251635931
-0.326119181737
-0.177567327612
0.535554894377
-1.40803754767
-0.843513670739
-2.24623258459
-0.452872912539
0.971706201772
-0.653038046564
1.61569532602
1.25620800467
-0.465251526607
-0.11617775196
-0.116042935886
-1.28865979381
0.80831408776
-0.773417358923
0.0
-0.228636753358
1.15640358485
-0.230747043553
-0.14400921659
-0.856653340948
-0.369843527738
0.658648339061
0.0
-1.02040816327
0.570125427594
0.486966485248
-1.16081540204
0.426499857833
0.5431675243
0.0
-1.38144911193
-0.644257703081
0.028019052956
-0.44630404463
-0.582362728785
-1.34062927497
1.19047619048
1.20481927711
-1.05350706959
0.250138966092
0.111296605454
-0.194390447098
0.0555709919422
-0.0832870627429
-1.15257958288
0.46870692032
-0.575657894737
1.78571428571
-0.52733832917
1.23630233212
-0.89111668059
1.32618510158
0.567536889898
-1.28851540616
1.21916643039
1.03122314523
1.89725627554
0.175438596491
0.0585137507314
1.84743742551
0.479041916168
-1.15418762948
-1.77325581395
-0.40532715692
-0.632911392405
1.66715413864
0.0
0.146455770357
0.234879624193
0.0
-0.612780857893
1.24076809453
-0.849443468073
-1.10081112399
-0.0579038795599
-0.259890268553
0.405914757901
0.0870574579222
1.68191206846
-0.264861683343
-0.788321167883
-0.349141693337
-0.290107339716
-0.60553633218
0.231213872832
0.37713954163
0.378567268492
-1.96974022267
0.805755395683
-0.51531634698
2.4941314554
1.00770598696
-0.79388415172
3.06060606061
-2.45344368903
-1.54249126892
1.35693215339
-1.16618075802
-0.723589001447
0.758238553514
3.90909090909
-0.482509047045
-0.240673886883
2.71940667491
2.04982655314
-2.67034990792
-0.30599755202
-0.698875721665
-1.14148392911
-0.834078045874
1.23642943305
-2.09625036906
0.0886524822695
1.92771084337
-2.03599881971
1.25485509411
-0.386904761905
-1.55288602403
0.264394829612
-1.0752688172
2.44120273891
0.0893921334923
0.209017617199
-0.682087781732
0.596658711217
-0.119189511323
0.53924505692
-3.47021399653
0.0578703703704
1.52761457109
-1.61849710983
0.815850815851
0.733783387144
-1.30359212051
0.906167787197
-0.523407967432
-0.750360750361
-0.345125107852
0.14400921659
-0.515759312321
-1.60699182408
0.567054153672
-0.507757404795
0.481859410431
0.771208226221
-1.29687059487
0.939100739898
0.371322479292
-1.04578858112
1.7251293847
2.86897367643
-2.50865051903
-0.601891659501
-0.484883057616
1.77068214804
0.203606748109
-0.865051903114
1.13735783027
-0.981807681201
2.45562130178
-0.353773584906
0.118063754427
-0.586854460094
1.73134328358
-0.386559619387
2.71838729383
2.24859462836
-2.99909118449
3.60954174513
-1.66666666667
-0.399631109745
4.096
-0.95087163233
0.15873015873
-1.06783919598
1.92061459667
-1.5132408575
-2.96726827776
-0.365742151783
-1.02564102564
0.332929782082
0.885496183206
0.0
0.0916870415648
-0.213479719427
1.3601236476
1.85768261965
-1.61090458488
-1.4652014652
-0.757346258709
0.0606244316459
-0.0908540278619
2.35585864848
-0.216517166718
-1.85185185185
-0.902527075812
1.27970749543
1.20259019426
0.0308451573103
0.433705080545
1.38190954774
0.220333648096
2.0558946354
-0.0962772785623
2.03012442698
1.2599469496
-1.66286273231
1.15435356201
-0.0988467874794
1.67504187605
0.0670465973852
3.68439346542
0.911960715538
1.38691322902
-1.40252454418
-2.42901128977
1.91771269177
-2.3493360572
1.97916666667
-2.07412444747
-1.44101876676
-2.67449445532
-0.776699029126
2.76022613901
-4.53968253968
-0.693568726356
-1.24533001245
0.59505167554
-0.312207305651
-2.2879804759
1.42326732673
-0.52323791936
0.931966449208
-1.197053407
0.960644561512
-0.921093030396
-0.972940103375
0.0
-0.634441087613
1.72095881991
0.401110768281
0.0
1.6943834327
0.726927939317
1.248
1.59297789337
0.984898227183
-2.340493748
-0.70041388093
0.255346313438
1.78687459389
1.050558109
-3.97225725095
1.53649167734
-2.06896551724
-0.43695380774
-0.124688279302
1.00755667506
1.21096239643
1.22580645161
-1.21096239643
-1.66092134127
1.10899873257
0.0951474785918
0.928297055058
-0.888324873096
1.44834245253
0.713128038898
-1.59489633174
3.87673956262
0.466045272969
0.367524223187
-1.28627968338
-1.49447693307
-1.75550590488
-0.413223140496
0.54330457015
-1.10619469027
-0.93926111459
-1.2978986403
-0.215849522047
-1.00732600733
1.01757631822
-2.61261261261
-0.567333532398
0.60078101532
-1.30447672695
-2.79538904899
0.405092592593
0.758017492711
-1.35174000575
1.2816778328
-1.35057471264
-0.543012289226
0.22916069894
0.547235023041
1.84804928131
1.27748068925
0.148765248438
1.14354498947
-1.21878715815
-0.649734199646
0.147885241053
0.625
0.900900900901
0.361663652803
-3.40611353712
-0.405914757901
4.48348985156
-0.512356841471
-1.9213715637
1.68319807635
0.0902527075812
-2.03359858532
0.832095096582
1.63092721232
0.485584218513
0.182426269383
2.97432686287
-1.38931769065
0.527622594662
-0.831024930748
3.04471931494
-0.126702565727
1.1858974359
0.48309178744
1.10713122761
-0.614886731392
2.72606382979
0.434056761269
1.38794854435
-0.202702702703
1.3698630137
0.343642611684
-1.12130479103
-3.28623069339
-2.46794871795
0.970873786408
1.34470318137
0.263071358106
-2.37560192616
0.419084461638
-0.257234726688
1.96721311475
-1.35834411384
-2.36817177139
4.34925864909
0.897606382979
-0.954889693777
-3.00223570744
-0.350095480586
1.617076326
-3.46550109273
-2.34756097561
1.99004975124
1.32325141777
-1.8249304052
-0.523076923077
1.30922693267
1.03937007874
-0.21998742929
-0.0314169022934
-1.14906832298
1.89873417722
-0.346893724377
-0.157430730479
-2.54679349494
0.741885625966
-0.277435265105
-0.21531836358
3.07545973367
0.573979591837
-4.73876063183
1.51094665433
-1.03753433018
-0.516089860352
-0.962116656645
2.78121137206
-0.461396493387
0.994097545822
-3.73803827751
-2.76243093923
4.49711333941
1.16815247464
2.39219389361
-2.15583615645
-0.854961832061
10.1580894719
-3.12805474096
0.03259452412
2.40320427236
1.42180094787
4.52937013447
6.36055701919
3.46573208723
7.89915966387
3.29861111111
-13.7724550898
4.04984423676
9.88446726573
-3.70828182942
-1.93939393939
-6.77966101695
4.89924930857
9.80477223427
-1.49572649573
3.49402919062
5.80252690688
-10.6231702217
-0.250312891114
-5.36912751678
-2.23851794674
3.47444089457
-3.76633358955
7.38753611226
6.22533976326
-2.35445205479
5.79710144928
1.37741046832
8.03571428571
-6.88221709007
2.70398481973
6.78824721378
-4.4992743106
3.66098294885
6.46022423919
-11.3162878788
-4.86486486486
0.771674988652
-2.08888888889
-0.088809946714
10.7722577472
-5.26561043802
-2.18778486782
0.688389169344
-4.30390865173
-8.62760834671
5.90735231619
-0.717299578059
3.85626643295
0.928792569659
-0.702678963549
-4.2472666106
0.848176420696
3.28515111695
1.78332590281
2.27998176015
0.366132723112
-0.636653024102
-0.856627592426
3.30693991616
-4.49288256228
-0.925517849273
-5.14214046823
1.78723404255
-3.33196215549
4.8748921484
1.22270742358
2.64455401165
2.05855443733
3.11320754717
1.92307692308
-2.62172284644
-0.465983224604
6.02766798419
-4.66321243523
1.23986647592
1.74672489083
-1.19846596357
-1.83529411765
-4.62298025135
4.84705882353
2.75628626692
2.37623762376
-2.03685741998
8.52631578947
1.54997327632
-3.80462724936
0.0514403292181
3.62473347548
1.40540540541
-1.75252257037
1.67386609071
3.81165919283
1.1911514464
-0.339174674958
0.912721049629
3.29994107248
-5.30133928571
3.22580645161
2.96559905101
0.536672629696
4.48598130841
-1.89486552567
-3.42384887839
5.94121325829
1.01073910297
1.53944836434
-6.14087898856
0.120554550934
-4.81927710843
1.75131348511
-0.464846019756
-3.42312008979
-1.60132523468
2.31638418079
1.43266475645
-7.76955602537
3.4445051941
-1.29519697787
-2.78069254984
2.52824098978
4.14565826331
-1.70704845815
-3.35284725918
-7.02622464127
1.05
1.93679918451
2.61506276151
-1.23966942149
-2.61569416499
1.79211469534
2.68138801262
-3.59858084136
-3.80302291565
0.637880274779
4.99742400824
-0.308166409861
0.360824742268
-1.17167600611
-3.10957551826
2.63424518744
1.1788826243
-7.13945740124
-4.06392694064
-0.182315405652
-4.02449693788
-1.25269978402
-10.5141090066
2.13185945519
-0.510604870385
3.03520841764
1.60361842105
3.05084745763
0.511073253833
0.299017513883
-3.3044196613
1.63727959698
1.14649681529
1.37752905725
-1.98312236287
-3.42298288509
2.80687054881
-0.500208420175
-0.949628406276
-3.23611666001
-0.397930760048
0.199362041467
-0.238663484487
0.761523046092
-1.50019739439
0.0
0.916334661355
-0.515259611574
0.678371907422
3.34020618557
3.23541932737
-0.802364864865
-0.168634064081
0.807479813005
3.83936451898
-0.961538461538
-0.0873362445415
-2.76008492569
0.512163892446
-0.972104818259
1.41448778397
-0.511727078891
2.6707530648
-1.08271979212
2.48557478917
1.30395683453
-1.28717265868
0.53547523427
-1.27753303965
-1.77412375595
-4.02823920266
-2.86405808794
1.14239086087
-3.38983050847
0.674603174603
-0.709219858156
-5.29850746269
0.827689992476
0.491493383743
0.303375047402
1.8539976825
-1.2585812357
4.37898089172
-1.56739811912
-0.468018720749
1.46418678275
-0.394166338195
-4.94567253653
0.945537065053
2.08494208494
-1.22044241037
-0.1523229246
1.5467904099
3.06895177361
-0.436507936508
-1.0989010989
-1.58362302047
-3.359462486
-0.0373134328358
-0.260513583923
-0.481481481481
-0.0370233246946
0.633383010432
3.07219662058
1.40186915888
1.10236220472
-0.157232704403
-1.77606177606
-1.44596651446
-2.48608534323
-4.97179125529
-0.211118930331
1.21082621083
-0.742311770944
-0.281988015509
-0.316233309909
0.070323488045
1.57142857143
-1.33897110641
1.06837606838
0.393278512692
1.26719768284
-2.16082182076
1.03793843951
1.74799708667
0.365497076023
0.551267916207
-1.66245030719
-1.80979418027
0.0354987575435
-1.74398325776
0.104748603352
0.0
0.809574093629
-1.72950536147
-1.09476565173
-0.578231292517
-1.57348510211
1.77172061329
0.410537119398
-0.713315217391
1.90377293181
0.837696335079
1.70394036209
3.4140969163
-3.19829424307
2.81329923274
-0.145932141554
-0.760318609703
-1.46271851588
-3.34482758621
1.5406162465
-1.51724137931
-0.412087912088
-0.580402867873
0.826161790017
-4.56636005256
-0.846905537459
-0.550696469064
0.652103032279
1.52267461106
0.666444518494
-1.54199475066
0.826993053258
-1.24142437112
0.856672158155
0.43017868961
-1.65961601041
-0.194868463787
1.51665018134
-1.65369649805
-0.516129032258
1.04302477184
-0.0651465798046
-1.91693290735
-1.261829653
-0.408419729815
-1.08763206961
-0.77089115017
1.56592546195
-0.0625978090767
-1.38888888889
0.278551532033
-0.370027752081
0.433570764943
1.19084926355
-1.4515132798
0.309789343247
0.093023255814
0.561272217025
0.250078149422
0.534255185418
-0.0314169022934
-0.156838143036
1.65816326531
1.75210902012
-1.502077341
0.870406189555
1.37254901961
-1.32215414382
-0.577108047451
1.89480561908
2.10140093396
0.200534759358
0.876601483479
1.15961800819
-0.102214650767
-0.676818950931
0.10162601626
-1.53435623749
-2.50406504065
3.64004044489
0.440081245768
0.203527815468
-1.20643431635
-0.632700632701
-0.431034482759
0.299301629531
-1.31276665573
-1.26377187297
-0.515796260477
-0.672430355427
0.353470437018
0.646830530401
-1.49729213125
0.0956632653061
0.384122919334
-0.951173113507
-1.06649937265
0.758533501896
-2.85538839423
-1.9566526189
0.0903886712865
-0.360252176524
-0.0600060006
-1.41969831411
0.356188780053
-0.0889679715303
-0.0888888888889
0.0
-0.088809946714
0.416171224732
-0.913107511046
-0.176418700382
-1.10497237569
-1.99487033343
-0.623052959502
0.42662116041
0.17094017094
0.544256659983
-1.80028129395
0.936967632027
-0.704820975472
0.424688561721
-0.981216708719
-1.51849806737
0.919476177208
0.139508928571
-0.994475138122
-0.549450549451
1.59084566006
-0.940005529444
-1.01258894362
-0.054704595186
-0.598151169114
-0.0271812992661
-0.67494600432
1.98237885463
0.082667401488
-2.49865663622
1.03148751357
-1.91693290735
2.65099754031
3.53706847765
3.91061452514
1.79586950015
-5.32728818362
-1.31431767338
1.79333902647
1.09352517986
2.02583675866
-0.409356725146
1.39341832197
1.0182689428
4.37636761488
-2.67721326437
1.20073891626
0.49504950495
-2.26791654067
-3.78236834449
2.84260921604
0.2700270027
-4.05872193437
0.0864304235091
3.02760463045
1.96731234867
-0.331825037707
0.63752276867
-3.43007915567
-0.379672897196
0.913645741232
-3.02943698199
0.574877838459
-0.798403193613
-0.22759601707
0.256702795208
2.06695778748
0.0291205591147
2.20238095238
0.358422939068
0.782661047562
2.84829721362
2.53968253968
0.0317561130518
0.350541746335
-1.07187894073
-4.28485214243
-0.599880023995
-1.21481481481
-0.0592241634587
-1.97387518142
0.613317757009
0.558002936858
3.0881017257
-0.840588411888
-0.269461077844
1.79823224627
-2.32211967848
-1.58218576033
-0.78488372093
0.350058343057
0.705052878966
0.978938000593
0.0593647966756
-2.29118329466
0.789242911429
-1.78007464829
-0.428816466552
-0.0571428571429
-0.455062571104
-0.36837631057
3.1268264173
0.676669608708
0.920427553444
0.0594177064765
-0.296208530806
-0.44234739015
2.16932811088
0.423600605144
0.364409353173
2.45799626633
0.0934288383681
0.532247964934
-2.56253813301
1.32921174652
-0.583896742471
-2.89465831095
-1.1795930404
-2.19209691376
2.45271867612
0.0
-0.704225352113
-0.204978038067
-0.350160490225
0.64610866373
-0.467699503069
0.117061750073
-1.12847222222
-0.974212034384
1.15942028986
1.50044130627
2.6268115942
-1.3698630137
0.871132472214
0.210716435882
0.636170857316
-0.271903323263
-0.719856028794
0.60350030175
-2.03960981377
0.326215895611
-0.56030669419
-1.73862648508
-0.173560890946
0.261020881671
-1.2317387568
0.172166427547
-0.0860091743119
0.374100719424
1.48948598131
-1.09763142692
-0.173010380623
-0.829282241922
-1.38183869148
-1.39043381535
0.11135857461
-1.61599561764
1.05175754221
0.277546489037
-0.221545278316
-0.496004408928
-1.99837969214
-0.456989247312
0.377765785213
0.542593597396
-0.351446336848
2.95018090732
-4.82119205298
1.34228187919
0.893824485374
-0.806018269747
-0.957956359766
1.54012429073
0.162381596752
2.29789590255
-2.03417412531
0.463215258856
0.768808347062
-0.246507806081
-1.64331896552
-0.589180503482
-0.665070497473
0.0798722044728
0.616126439861
0.973762510143
0.626020685901
0.218221494817
-1.26582278481
-0.295381310419
0.784844384303
-0.162118346393
-0.107962213225
-0.0269832703724
-0.723278864184
-1.63372859025
0.663129973475
0.586979722519
0.321199143469
-0.63829787234
0.320170757737
-0.079978672354
-0.819672131148
-3.00076942806
-2.42742742743
0.78184110971
0.506970849176
-0.126582278481
0.253807106599
0.587184069441
-0.229240957718
-0.0763553066938
-0.253871541
0.767459708365
-0.204237937197
-1.43432310015
-0.50075112669
0.200702458605
1.06490872211
-0.0506842372022
1.57014157014
-0.0514535631592
-2.53259779338
-1.50654482588
-0.0246913580247
-0.515843773029
-0.561797752809
-0.582807187955
-5.02767527675
0.115446779035
-0.230361667818
0.393154486586
0.348108609886
-1.39588100686
0.0
0.321395775941
2.13364595545
1.23427486352
-0.683639792551
-1.23399301513
-1.80612711477
1.74459176553
-0.693000693001
-1.76991150442
1.19402985075
1.2319851232
-0.416666666667
0.185528756957
1.53049211208
-1.07151176334
1.63352272727
1.48966842864
2.51231527094
-0.392541707556
-1.1399466408
-1.41080822573
0.916988416988
-1.89393939394
-1.44657022865
-0.255992552944
1.05832549389
-0.978108989287
-0.945790080738
0.603388257136
0.560093348891
0.516068496364
0.471364600519
0.378519044239
0.547098001903
0.670498084291
-0.310336595846
0.624549603651
-0.167865707434
1.65772793759
-1.204238921
0.776699029126
-0.362756952842
-1.64129400571
-0.544121126094
0.810875268304
-0.944956295771
-0.587130108032
-1.02278010228
-0.185614849188
-0.392881904322
0.464360343627
1.05584232755
-0.16397282736
-0.859266140269
-0.092807424594
-1.84468230471
5.75626204239
-0.1443001443
0.14450867052
1.44148546299
-0.195074372104
-0.989859971028
0.0966650555824
-0.289156626506
0.826044703596
0.170357751278
-0.097252613664
0.341546718712
-1.27649325626
-0.264232524622
3.04455445545
0.848726909636
1.72676485526
-0.0507614213198
0.12706480305
0.305888350752
-0.355600711201
2.25974025974
0.338806359135
-0.570095879762
0.520969002344
0.999736911339
-0.0788643533123
-0.496991891185
-1.41825683342
1.22683372488
1.29561078794
0.638637573177
-1.28710270554
0.395569620253
-1.12125162973
-1.76741803279
-1.71198388721
-0.625469101826
1.0108668183
-0.427780573729
-0.425958406414
1.75930647629
0.178799489144
-1.03640040445
-0.0505305709954
0.78940667176
1.34193548387
-1.99797673242
0.457317073171
-3.38733431517
0.221402214022
0.221893491124
0.12342631449
2.50506072874
0.304568527919
2.01967892284
0.468262226847
3.97619691642
-1.22896072669
5.88401697313
0.483229107447
6.50923402967
-4.81268011527
10.0190234623
-1.80572851806
-2.93139921426
-1.66419019316
0.688210652304
0.149835181301
2.51920122888
2.1978021978
-0.53091817614
-0.280286515104
-1.23039064903
1.56201187129
-1.2037037037
-2.29191797346
-1.25074449077
-1.40927774516
2.03714799281
2.83425754775
2.2040302267
-2.66625804474
2.12832550861
2.93170103093
-0.798977309044
-0.508744038156
-2.60142458966
-1.97328476017
0.0911577028259
1.23039064903
0.619003404519
3.29283887468
5.85448392555
-0.938652363393
-1.55115511551
-2.75994865212
2.23097112861
-0.554649265905
1.62466843501
4.0
-2.88010716678
-5.23643287845
-1.62347798938
1.04100946372
-3.93939393939
1.19595216191
-3.40639810427
0.625931445604
-2.66898752538
3.23450134771
-1.62050677666
0.981850639691
-0.679669030733
-3.7542662116
-0.593723494487
2.49203129528
-1.54065620542
-3.39029768467
0.193316763325
3.8130733945
3.80952380952
-1.37951276783
-2.74050813588
0.776754890679
-1.10953058321
-0.396712949844
4.43918319029
-2.45381062356
-5.61307901907
1.6057585825
-0.905349794239
2.58936110329
1.08108108108
-1.34717934325
3.78677541509
0.911228689006
1.85628742515
-0.32826022083
-1.6436747872
0.205882352941
-5.16039051604
-0.388996943595
-1.69352635892
-0.893340552247
0.298669562856
-0.727762803235
3.285077951
-1.75054704595
-0.245566166439
0.880814753647
3.32764505119
-0.0852514919011
-0.368063420159
1.64028776978
-3.9259054465
-0.275709953129
-1.84032476319
-1.98938992042
0.239298059027
0.993555316864
-1.24635375232
0.56
-2.11433046202
-1.38996138996
-1.64556962025
-1.02731145076
0.40251572327
0.302800908403
2.40310077519
-0.0774593338497
0.859375
-0.2079002079
-1.38390568939
-1.06490872211
0.330704655304
0.152866242038
0.0
-0.783619817998
0.533672172808
0.254777070064
0.66683765068
0.231362467866
-1.09331299263
1.07941403238
-2.725
-1.13692535838
-1.26891166423
-0.70268960504
-0.626053455333
0.193003618818
-0.813591768366
0.456730769231
0.848484848485
-0.698122291767
-0.502994011976
0.433004570604
0.726920281076
-0.506268081003
0.411522633745
-0.792507204611
-0.691628905318
-0.142891164563
-0.943618778014
0.070821529745
-0.7962529274
1.66666666667
0.59880239521
-0.642551166111
-0.520833333333
-0.236183278224
-3.79459213815
1.21895124195
0.0230043708305
0.64829821718
-0.575506445672
0.462534690102
-0.0693321007627
-0.0462000462
-0.824742268041
-1.64488508337
0.520951302378
1.47092622386
1.16252034411
-1.75879396985
-0.136861313869
1.2705012705
0.83857442348
-0.348189415042
2.30349085728
2.7323737497
-0.918540004834
-1.85053380783
0.716845878136
0.456072971675
-2.38987816307
0.447164038597
0.97433460076
-0.637544273908
0.80933111164
-0.403034613561
-1.21779859485
-1.5221402214
0.0230680507497
0.556715379262
-1.55286595113
0.574184657786
-0.616297648939
2.04984859073
-2.0310360566
-1.0835214447
-1.5992892048
-0.574204946996
-0.614574187884
0.863404914766
0.355476560764
-0.155279503106
1.69185653057
1.18694362018
-1.30660058572
0.0
0.407147704139
-0.517551755176
-0.134831460674
-2.15479331574
0.619469026549
-1.11572959965
2.95045045045
-0.0225174510245
-0.958965209634
-1.51548429607
-0.219154065308
-1.31920415225
0.960698689956
-1.25053902544
0.324464633355
-2.01356506994
0.19112338076
-0.0212314225053
-0.862976215534
-0.460926042321
0.696202531646
-0.147461554666
1.64882226981
-1.26849894292
-1.19072487988
0.104558762024
-1.40206185567
-0.451559934319
0.267544762297
0.997713573062
0.145711906744
0.0833333333333
1.35135135135
0.190395599746
-0.295296350981
-1.6185930691
0.689511073966
-3.01925025329
0.0
0.734843845683
0.823214653221
1.27136306794
-0.373754152824
-0.289855072464
-2.83645141823
-0.460552663196
0.281124497992
1.3431013431
0.655469070053
-0.326663944467
-1.5873015873
0.2416918429
-0.321220638426
-1.3468013468
1.06084867894
0.624370594159
-0.421179302046
0.342121151137
-0.400881940269
-0.716417910448
-0.416171224732
0.01982160555
1.63174858985
-0.0402738622634
0.996542607281
-0.786924939467
-0.141043723554
0.0
-0.81934452438
1.25455281263
-0.101071356378
-0.382601691502
-2.22484741091
-2.06324720401
0.231928875145
0.42701863354
-0.077579519007
-0.27079303675
-1.71102661597
0.477554918816
0.383509108341
0.481695568401
-1.51802656546
0.0759589821497
-0.151687523701
-0.340136054422
0.723258469737
1.15517905275
-1.21719284899
0.573833205815
0.403303245631
0.832687838885
-1.58185629884
-0.304009120274
-0.641872758165
1.22300783489
1.59192389827
0.585823081429
1.72824791418
-0.494168808065
-0.393778302816
-0.878220140515
-2.00803212851
-0.24799694773
1.00192678227
0.212396215486
2.02915681639
0.217176702863
0.775964982093
0.359424920128
1.95439739414
-1.32583366814
-0.160449257922
-0.914149443561
-0.297206261145
0.77875399361
0.0799360511591
6.33234169146
-0.821917808219
-1.06338615513
1.67479330083
-0.631978091426
0.105440742303
-1.02275099144
-1.0941370768
-0.493015612161
-1.17742590337
0.469100550683
0.884773662551
-1.21951219512
-1.04585679807
0.12082158679
0.750659362954
-0.0202839756592
-0.584795321637
1.0803098247
-0.365556458164
-0.121703853955
-0.363783346807
-0.322320709106
1.07920993688
0.904047667968
-1.23782467532
-1.87176423736
0.560672807369
-1.94384449244
1.86
0.240577385726
0.0601805416249
0.646073087018
0.773143438454
-1.28539867443
-2.56360078278
-0.214801796524
-1.87775435907
2.39356484206
0.413711583924
-0.0393855848759
-0.0196889151408
0.415183867141
-0.0197667523226
-0.978665100803
-0.853871531147
-1.67906887998
0.133740924723
-0.739616916366
-2.26135310473
0.0
-0.790731886723
0.0367917586461
0.685312094832
0.371816322737
-0.167037861915
-1.30060450632
1.28014842301
-0.718364339657
-0.421863536317
0.294334069169
-0.548847420417
-0.164383561644
-0.363967242948
-0.0181950509461
0.145772594752
-1.31271354073
-0.215323883007
2.0695970696
0.793797304781
-0.147465437788
1.23157305467
-0.575139146568
-1.06461086637
-0.201502106613
-1.33742996566
-0.84229390681
-1.20396600567
0.212916962385
0.0710227272727
-1.86443631295
-0.468262226847
0.96305375591
-0.401116149285
-0.709956709957
0.295241403265
1.3197254971
0.923459421062
-1.10642781876
1.11880660629
-0.827756252201
1.01405443871
-0.741656365884
0.283336284753
-0.580985915493
0.194037749162
-1.34006265228
0.366812227074
-0.590380274353
-0.190641247834
-1.90411424685
-0.541088941495
-1.61370820163
-0.726672171759
0.0
2.83627717391
-3.07818930041
0.115359261701
1.15019169862
-2.55035737492
-0.725689404935
-0.926665601534
1.04940264772
-0.0967741935484
0.210117989332
-1.79365079365
0.254614894971
-0.585350419237
-1.04884157796
-1.41975308642
-0.399631109745
-1.52868170123
0.121230489468
-1.01994900255
-0.78869047619
-0.17825311943
-0.22232103157
-0.295551943254
1.80532571085
-0.165214779213
0.695704779189
0.440528634361
0.396522800061
0.521232561705
-0.397007176668
-1.79937022042
0.648958647751
2.49033255994
2.48890298034
-1.12852664577
-0.854700854701
1.94866920152
-0.0316756414317
-2.63685427911
1.59799467335
0.0470219435737
1.28591839975
-2.03732503888
0.783699059561
-1.069933323
-1.22530249655
1.49230530079
3.79154565989
-1.1956001913
0.464445868033
-0.207767300623
-1.01249802246
-0.800376647834
0.902612826603
-1.22008446739
1.05912108758
-0.55022795158
-0.329050454403
-1.3753670221
-0.354173082846
0.0462178400863
-2.50826073896
-0.597193191998
1.59259821022
1.38397662617
-0.504895960832
-0.698875721665
1.01289134438
1.1801242236
-0.077579519007
-0.293935643564
0.13942680093
-0.661742074484
0.57266676985
0.669990651293
-0.726991492653
-1.08629130967
-1.72906329875
0.742199333535
-1.53616703952
1.72963131543
0.243346007605
1.57577630156
1.2513686845
-0.0781494216943
0.0312695434647
2.53286309715
0.337783496863
0.549894873039
-0.0808015513898
1.21033693163
-0.811161583387
-0.145796209299
0.619396903015
1.08749382106
-0.19733596448
-0.442043222004
0.41098142364
-0.164122763827
-0.294550810015
-0.309951060359
-0.146603681381
-0.324728040266
-1.97357950024
-1.73600250235
-2.36677355321
-1.79937022042
-0.37346877801
-0.0597193191998
-0.193711816421
2.11503347535
1.09213967082
0.401544401544
0.668532338308
-0.201706749418
-1.21091354997
0.0766988801963
1.08543960304
-0.524448557766
-0.077065351418
1.34333020931
-1.96018376723
1.09924136863
0.921875
0.644755464696
-3.03446172614
-0.951517897599
-0.927727068682
0.586995785671
0.135644310475
-0.105389942788
-1.08711839166
-0.680372725928
-2.01449275362
1.29183793306
-1.34685010862
-0.303205313312
0.376811594203
0.116076610563
0.657222141084
-0.174952617
-0.608607448196
0.29065542799
-0.0580973129993
-0.217391304348
2.75502606106
-2.08515602216
0.351185250219
0.841080123949
-1.73988690735
-1.49957155099
0.0285714285714
0.719424460432
0.549768518519
-0.158890654341
-1.01515584787
-0.37037037037
0.659592773157
-2.02304017983
0.579341528896
0.326056138361
-0.521788182203
1.44492131617
-0.100042875518
-0.370212160046
-1.72124265323
0.49219519055
-0.642727399748
1.488939308
1.27818469051
0.0143636885952
-1.26223230747
-0.212284177753
-2.13296398892
-1.05522817596
0.78729281768
-1.20087336245
-0.771834800271
-1.03189493433
0.363147276395
-2.46622064804
-0.222513089005
0.170447095844
0.210222047037
0.382484832498
-0.681163217186
1.48896570061
0.427236315087
-0.649953574745
2.89340794322
-1.58495634654
0.228863758751
0.0943269101199
0.310894836442
-0.296495956873
-1.47390784756
0.695280117663
2.84653465347
0.650519031142
-0.864434687157
2.17299873826
-2.58126195029
0.840104668778
3.74339191313
-1.49190710767
-0.989409141583
-5.02911593436
-0.145368045461
-1.80378925513
-0.938423961949
-0.1540238737
0.012836970475
-1.67865707434
-0.439808997235
0.900215544567
-0.404091425685
-1.1730937227
-0.743218134522
0.64829821718
0.162337662338
-0.497017892644
-0.408365301324
1.69896803423
-2.75364092522
-1.17319787131
-0.791936645068
1.37452864615
0.292790045138
1.13510178902
-0.405505038093
1.81408732641
-0.174847008867
-1.62182086251
-0.731796560556
1.82563338301
-0.358866476921
0.572495332918
1.08189709397
-0.0754242614708
1.1829051132
0.178389398573
-0.645651348272
-1.34881978269
-1.83891136447
-0.122443981878
-0.0244828008324
1.56657963446
1.64286616959
-0.552972225713
-1.11842922828
3.81886208231
0.649266329048
-0.785879927854
-0.0515065670873
-1.63394553515
-1.30016252032
1.11237517381
-0.427942101951
-0.0880281690141
-0.0879507475814
1.73846350505
0.578554898431
-1.09359104781
-0.882278800101
-0.276520864756
-0.93388121031
-1.12041369121
0.234481056399
0.921658986175
-1.60539215686
-0.427089688835
-0.570249939335
0.414230019493
1.4335145823
0.960698689956
-0.298544595099
-0.814312152992
-0.0493279072635
-1.33836233118
-0.194292653309
-1.1641862698
-0.50155242417
0.167464114833
-0.511722004046
0.0238066896798
-0.308532099205
0.464949928469
-0.42735042735
-0.636942675159
0.200921876847
-1.0177819373
0.861356932153
0.521883525086
1.82367149758
0.0
-0.600240096038
0.16835016835
-0.502512562814
-0.2268115077
1.1470659261
0.0724987916868
0.0967585873246
-1.45411203814
-0.65127294257
-0.996483001172
-0.513179379519
-0.844223430091
0.0347061545581
-0.460617227084
0.28871694191
0.850221290473
-1.55927539555
0.414460050656
-0.0345264127057
0.149838635316
0.708067324434
0.937316930287
0.376337763142
-0.908984966787
0.0816421740145
-0.545180373507
0.197582519758
-0.875576036866
0.661022845877
-1.05565117613
1.10208816705
-1.15812406834
1.54867256637
0.585617240572
-2.13204951857
0.564841498559
0.184778842822
1.26301017425
-1.5428900403
-0.742857142857
0.332530673088
-0.445205479452
-1.13982620472
-0.750448028674
-0.766922307436
-0.1332001332
0.278272484417
-0.597477317991
-0.121560393414
0.121708342554
0.39991113086
-0.387296669249
0.155159038014
0.389408099688
-1.01321585903
-0.153947657796
0.887508320391
-0.879700901693
0.41961130742
1.07142857143
0.0893655049151
-0.500166722241
0.33456005353
-0.455150976909
-0.210479672095
-0.0664231152441
-0.0110692937791
-0.165764172837
1.3439354911
1.10972709772
-1.27445500279
1.5669353923
-0.755014649538
-0.101317122594
-0.224643378636
1.76020116585
0.80654453278
-1.87676653477
-0.124209575429
1.66456204799
-1.13494495517
2.800140007
-0.649124840617
2.81253724228
-0.27335393392
2.50974658869
0.415953021776
-2.49314088035
-1.97614593078
-2.30751656386
0.505166475316
-1.01147857711
-0.699695293985
0.180893159977
-1.64572445235
0.446777616441
-0.764797162492
-1.2694243817
-0.359829898593
1.5052573326
-0.714285714286
-1.08695652174
2.22222222222
0.245043439519
-0.222271615915
0.0889877641824
-0.652005746491
-0.34140969163
0.431368211481
0.143996455472
0.512135381875
1.03487064117
