29.94
31.88
33.12
33.12
32.13
35.94
36.75
35.94
35.00
35.00
34.81
34.94
35.44
33.63
34.00
38.00
37.44
37.62
37.50
36.44
36.44
38.00
38.50
38.25
38.44
37.94
39.00
37.88
38.63
37.37
37.19
37.25
36.88
36.38
35.44
34.62
34.06
33.06
32.94
34.00
34.75
34.62
36.50
36.75
36.38
35.94
36.25
35.75
35.50
34.75
34.94
35.50
36.94
39.50
40.06
41.44
41.94
41.75
42.19
42.50
41.19
41.00
41.50
41.87
41.94
40.75
41.25
41.38
41.38
42.50
43.62
40.75
39.50
38.75
39.75
41.50
42.50
41.44
40.56
42.50
42.25
43.62
43.88
43.06
42.00
41.94
40.44
41.13
41.63
41.75
41.38
41.38
41.13
42.63
42.88
42.81
41.25
41.50
40.69
40.81
40.44
40.19
42.00
42.44
42.56
42.00
41.00
41.56
40.94
41.13
42.00
41.69
41.50
41.06
42.00
42.25
42.00
42.06
42.06
41.81
41.31
40.50
40.50
40.19
40.13
39.44
38.69
38.87
39.19
38.13
38.44
37.75
38.13
37.69
37.50
37.44
36.19
37.56
39.31
38.69
37.25
37.62
38.25
38.50
38.19
38.75
40.31
40.19
43.00
42.81
42.00
42.12
41.75
40.75
41.38
41.00
41.13
40.37
40.19
40.00
39.25
38.44
38.38
38.38
38.38
38.44
38.50
38.87
39.81
39.38
39.44
40.00
41.50
40.69
40.19
39.75
40.00
39.44
39.81
39.06
38.50
38.44
37.75
37.81
38.13
38.19
38.38
39.44
39.19
39.88
40.13
40.19
41.50
41.31
41.06
41.94
41.56
40.25
40.06
39.12
37.88
35.94
36.00
37.19
36.69
36.81
35.69
35.50
34.81
36.31
35.87
37.00
37.62
38.25
38.13
37.19
38.00
33.50
32.19
31.31
31.75
32.50
32.13
31.19
30.50
29.50
29.31
29.94
30.56
30.44
29.87
29.19
30.75
29.87
31.13
32.00
31.44
31.31
31.06
30.56
30.69
29.87
29.75
29.94
29.63
27.75
27.69
27.44
27.12
28.56
28.88
29.13
28.44
31.37
33.44
32.63
31.56
31.00
30.56
31.37
31.88
33.25
34.00
33.44
33.44
31.31
31.25
31.06
30.75
29.94
31.00
31.30
30.92
31.70
31.25
30.80
32.10
32.85
32.50
32.13
32.98
32.90
31.91
32.50
32.97
32.10
32.00
31.70
31.02
31.40
31.12
31.24
31.00
30.20
30.00
29.90
30.40
30.37
30.17
29.39
28.18
28.05
28.12
27.99
28.20
28.23
27.90
27.50
27.99
28.50
29.76
28.51
28.47
28.85
28.97
27.73
27.50
28.29
28.49
28.90
29.64
29.25
29.19
29.65
30.00
31.98
32.00
31.67
31.36
29.99
30.94
31.97
31.90
31.45
31.50
31.85
31.40
31.00
31.17
30.98
30.33
31.25
31.70
31.68
31.40
32.50
33.25
32.68
34.61
34.80
34.36
33.93
33.01
32.85
32.45
32.05
31.80
31.75
31.63
31.88
32.41
32.25
31.75
31.73
31.43
30.82
29.80
29.55
29.60
29.54
30.29
30.00
29.19
28.98
28.37
28.89
28.99
29.02
28.73
28.67
28.12
28.15
27.80
28.20
28.09
28.30
28.62
28.30
27.75
27.75
27.40
27.28
26.88
26.65
27.10
27.35
27.40
26.84
26.86
27.17
27.50
27.02
27.65
27.39
27.98
27.52
27.59
27.48
27.28
26.55
26.70
25.98
26.34
26.39
26.31
26.85
26.93
26.63
25.88
25.65
25.52
26.05
25.84
25.40
24.40
23.99
21.00
20.00
18.70
18.33
18.20
18.50
17.96
17.91
17.79
18.80
18.92
19.00
20.05
20.23
19.75
19.31
19.10
19.48
20.49
19.89
19.38
19.59
19.90
18.52
18.49
18.66
18.95
18.85
19.10
19.39
18.80
18.80
18.95
19.09
19.10
19.50
18.75
18.58
19.55
19.10
19.00
19.48
19.85
20.39
21.35
21.62
21.91
21.32
21.29
21.50
21.30
21.00
20.49
20.75
20.47
20.15
21.90
22.62
22.90
22.35
22.65
22.59
22.17
21.49
21.29
21.23
20.90
20.95
20.79
20.95
20.79
21.00
21.15
21.25
21.51
22.20
22.75
23.60
23.25
22.89
22.38
22.34
21.80
21.62
21.50
21.34
21.31
21.48
21.50
21.91
21.90
22.60
22.24
21.75
22.25
22.60
22.46
21.98
22.15
22.59
23.59
24.04
23.70
24.00
24.39
24.30
23.89
24.44
24.35
24.25
24.40
24.60
24.50
23.76
24.00
24.00
24.26
24.16
24.15
24.10
24.08
23.97
23.90
23.55
24.40
25.00
24.92
24.38
24.10
23.74
23.70
23.65
23.05
23.28
22.99
22.90
22.79
22.78
23.62
23.18
23.47
24.24
24.09
24.05
24.00
24.14
24.25
24.47
25.17
25.14
25.10
25.00
25.15
24.87
23.99
23.50
24.30
24.70
23.96
23.58
23.33
23.90
23.80
23.55
23.60
24.49
24.98
24.72
24.87
24.65
24.53
23.80
23.83
23.98
23.90
23.65
23.30
23.42
23.36
22.45
22.67
22.40
21.82
22.29
22.37
21.65
21.18
21.20
21.78
22.19
21.45
20.76
19.54
19.50
19.65
19.19
19.40
18.98
19.09
18.70
19.01
20.00
19.79
19.37
19.10
18.70
18.93
18.26
18.13
18.26
18.15
17.20
16.75
16.30
16.61
17.00
16.83
17.45
17.74
17.73
17.55
15.31
15.15
14.97
14.70
14.85
14.65
14.61
14.10
14.58
15.23
16.22
16.84
16.74
16.93
17.45
17.19
16.88
16.85
15.95
15.97
15.95
15.58
15.23
15.04
15.52
16.20
16.32
16.64
16.10
15.76
15.91
16.25
16.00
15.49
15.29
15.15
15.20
15.50
15.98
15.90
15.39
15.80
16.70
16.65
16.20
15.40
14.95
14.69
15.43
16.15
16.23
16.75
16.67
16.90
16.77
17.40
17.49
17.95
18.11
18.03
18.15
17.41
17.08
16.83
17.10
18.59
18.75
18.99
18.85
17.99
17.70
17.76
18.00
18.29
18.69
18.89
18.46
18.63
19.65
19.80
20.10
19.42
20.20
20.15
20.24
19.09
17.90
17.80
17.44
17.23
17.18
17.15
17.05
16.75
17.05
17.24
17.04
16.65
16.70
16.97
16.64
16.95
16.67
16.06
16.45
17.38
17.45
18.29
18.37
18.06
18.30
18.46
18.54
18.51
18.45
18.44
18.28
18.09
17.64
17.80
17.60
16.99
16.98
17.33
17.06
17.68
17.80
17.19
17.29
17.10
16.98
16.54
16.80
16.48
16.31
16.73
17.30
17.25
17.02
17.30
16.94
16.84
16.81
16.93
17.10
17.19
16.80
16.08
15.89
15.75
15.58
15.42
15.24
16.35
16.52
17.10
17.18
17.00
17.22
18.74
18.01
17.99
17.91
17.77
17.87
17.30
17.25
18.05
18.07
17.76
18.30
17.76
17.38
17.36
17.97
18.25
18.33
18.39
18.41
18.55
19.00
19.28
18.99
18.73
18.54
18.80
18.70
18.85
18.99
18.89
18.69
18.58
18.40
18.70
19.08
18.80
18.76
18.49
18.50
18.25
18.10
18.35
18.38
18.35
18.94
19.52
19.85
19.82
20.18
20.09
20.88
21.09
21.55
21.28
20.71
20.85
20.90
20.96
20.78
21.23
21.04
20.69
20.53
20.33
19.93
19.75
19.47
19.68
20.17
19.94
20.28
20.57
20.70
21.07
21.13
20.77
20.88
21.55
21.62
21.45
21.15
21.05
20.84
21.04
20.92
21.24
21.33
22.17
22.23
22.11
22.11
23.80
22.55
22.10
21.75
21.80
21.85
22.09
22.49
22.54
22.69
22.63
22.53
22.45
22.09
22.01
21.80
21.33
21.24
20.94
20.83
20.70
21.04
21.47
21.49
21.54
21.40
21.21
20.94
20.79
20.44
20.45
20.50
20.55
20.45
20.50
20.23
20.30
20.16
20.65
20.40
20.30
20.48
20.85
21.00
21.65
21.40
21.59
21.68
22.09
21.80
21.88
22.06
22.00
21.94
21.99
21.71
21.90
21.88
21.85
21.85
22.33
22.60
22.84
22.95
22.88
22.99
23.00
23.07
23.44
23.76
23.41
23.22
23.38
23.43
23.38
23.15
23.15
22.88
23.08
22.78
22.85
23.24
23.20
23.14
23.34
23.05
22.60
22.20
22.03
21.79
22.35
22.71
22.71
22.91
23.08
23.05
22.94
23.18
23.26
23.45
23.49
23.45
23.46
23.50
23.56
23.45
23.92
24.20
24.27
24.64
24.98
24.99
24.95
24.99
25.03
25.08
24.94
24.84
24.60
24.79
24.84
24.44
24.48
24.13
24.65
24.18
24.03
23.88
23.72
23.52
23.53
23.98
24.30
28.00
28.41
27.75
27.51
26.86
27.05
26.99
26.75
26.43
26.39
26.98
26.88
27.04
27.05
26.90
26.99
26.85
26.65
26.41
26.26
25.52
26.10
25.49
25.50
25.95
26.06
25.94
25.27
25.35
25.10
25.16
25.24
25.27
25.23
25.26
25.38
25.99
26.58
26.65
26.47
26.49
25.90
25.74
25.14
25.18
24.90
25.09
25.29
25.04
25.25
24.94
24.86
24.54
23.95
24.40
23.75
23.25
23.26
23.36
22.97
22.92
22.60
23.20
23.20
23.58
23.45
22.99
23.30
23.41
23.18
23.36
23.25
23.75
23.85
23.93
23.87
23.94
24.45
24.52
24.38
24.52
24.61
24.87
24.85
24.79
24.90
24.94
25.00
25.02
25.01
24.95
24.95
25.43
25.42
25.57
25.57
25.60
25.50
25.42
25.27
24.87
24.75
24.65
24.73
24.46
24.40
24.22
24.09
23.57
23.94
23.94
23.45
23.43
23.14
23.09
23.12
23.22
23.15
23.18
23.08
22.82
22.75
22.25
22.17
22.59
22.22
21.59
21.40
21.74
22.07
22.33
22.42
22.51
22.63
22.60
22.69
22.78
22.75
22.64
22.59
22.53
22.58
22.69
22.79
23.08
23.04
23.39
23.48
23.38
23.30
23.58
23.65
23.43
23.42
23.50
23.49
23.59
23.35
23.27
22.80
22.76
23.17
23.74
23.99
24.35
24.96
25.05
25.01
24.86
25.10
25.03
25.01
25.15
25.11
24.90
25.30
25.13
24.60
24.93
24.98
25.20
25.26
25.42
25.86
25.93
26.39
26.67
26.30
26.49
26.86
26.80
26.96
26.97
26.76
26.88
26.69
27.08
27.22
27.37
27.45
27.34
27.44
27.25
27.78
27.99
27.75
27.50
27.48
27.20
27.64
27.98
27.79
27.74
27.71
27.86
27.75
27.63
27.65
27.65
27.68
27.85
27.99
27.98
28.03
28.00
28.26
28.22
27.75
27.86
27.54
27.38
27.44
27.88
27.88
28.50
28.85
28.94
28.71
28.59
28.27
28.85
28.91
28.56
28.38
28.85
28.97
28.90
28.86
29.36
29.90
29.99
29.83
29.57
29.54
29.44
29.58
29.50
29.47
29.37
29.00
28.84
28.77
28.50
27.94
28.51
28.85
28.77
28.97
29.00
28.76
28.52
28.21
28.21
28.10
28.97
28.92
28.89
28.44
28.39
28.41
28.03
28.15
28.42
28.25
28.45
28.85
28.89
28.67
28.66
28.67
28.71
29.00
28.46
28.21
28.30
27.88
27.75
27.30
27.29
27.23
27.75
27.71
27.42
27.12
26.90
26.69
26.40
26.72
26.45
26.82
26.96
27.15
27.18
27.07
27.78
27.09
27.10
27.17
27.40
27.60
28.02
28.00
27.83
27.74
27.75
27.93
28.00
27.72
27.81
27.60
27.44
27.46
27.50
27.62
27.66
27.71
27.88
27.99
27.80
27.20
27.18
26.70
26.89
27.00
26.80
26.29
26.15
26.05
25.84
25.75
25.49
25.25
25.06
24.66
25.26
25.47
25.72
25.88
26.50
26.47
26.45
26.13
25.87
25.85
25.86
25.93
26.15
26.19
26.11
25.98
25.79
25.65
26.15
25.83
25.59
25.76
26.26
25.95
25.90
25.88
26.26
26.36
26.47
26.26
26.20
25.97
25.85
25.80
25.49
25.48
25.46
25.36
25.25
25.17
24.93
25.26
25.34
25.15
25.30
25.16
25.13
24.98
24.11
24.24
24.06
24.18
23.67
23.35
23.28
23.44
23.49
23.57
24.00
24.35
24.22
25.00
24.57
24.60
24.19
24.12
24.09
23.96
23.46
23.54
23.55
23.54
23.48
23.44
23.39
23.35
23.61
23.85
23.80
24.00
24.50
24.81
24.87
25.00
25.05
25.20
25.26
25.54
25.80
26.00
26.19
26.11
26.16
26.10
25.68
25.17
25.00
25.15
25.19
25.20
25.24
25.10
25.11
25.00
25.06
25.58
25.70
25.51
25.25
25.45
25.28
25.13
25.09
24.91
24.85
24.68
24.38
24.21
24.38
24.40
24.30
24.28
24.19
24.48
24.69
24.69
24.79
25.03
25.33
25.79
25.79
25.74
25.83
25.35
26.30
26.50
25.80
26.13
26.20
25.58
25.28
25.58
25.51
25.34
25.17
25.11
25.35
26.88
27.04
26.86
26.76
26.76
26.75
26.91
27.10
27.19
27.28
27.55
27.78
27.99
28.49
28.46
28.18
28.07
28.44
28.22
28.06
28.15
28.27
28.30
28.62
28.66
28.85
28.85
28.80
28.81
28.63
28.20
27.90
27.68
27.54
27.44
28.12
28.09
28.05
28.07
28.25
27.94
27.83
28.00
28.00
28.05
28.00
28.00
27.90
28.19
28.10
27.54
27.54
27.34
27.54
27.44
27.85
28.15
28.18
28.03
28.16
28.43
29.15
29.32
29.60
30.19
29.94
29.98
30.00
30.45
30.30
29.93
30.40
30.32
30.45
30.35
30.33
30.53
30.47
30.51
30.72
30.69
30.99
30.98
31.03
30.48
30.00
29.01
28.73
28.80
29.25
29.54
29.45
29.34
29.75
29.51
29.28
29.75
29.65
29.64
30.07
30.17
30.31
30.45
30.45
30.08
30.34
30.27
30.30
29.33
28.70
28.60
29.14
29.54
29.75
28.99
29.41
29.62
29.65
29.64
29.79
29.73
29.75
29.92
30.10
30.12
29.90
29.69
30.05
29.73
29.68
29.80
29.76
29.76
30.00
29.97
29.97
30.05
29.80
29.31
29.07
29.45
29.53
29.61
29.71
30.00
30.04
29.77
29.69
30.05
29.83
30.28
30.51
30.41
30.58
30.33
30.61
31.05
31.13
30.70
30.40
31.10
31.46
31.23
31.30
31.02
31.05
31.27
31.16
31.39
31.59
31.39
31.40
31.43
31.24
31.14
31.22
31.59
31.75
31.79
31.33
31.44
31.55
31.98
31.99
31.91
31.88
31.86
31.81
31.97
32.48
33.02
33.24
33.85
32.85
32.35
32.60
32.77
33.10
33.21
33.12
33.37
33.28
33.06
32.89
32.98
33.00
33.24
33.13
33.50
34.20
34.19
34.35
34.49
34.64
34.68
34.56
34.74
34.84
34.69
34.89
34.80
34.80
34.61
34.63
34.70
34.81
34.61
34.54
34.55
34.44
34.63
34.69
34.55
35.03
35.29
35.15
35.30
35.93
35.97
35.48
35.64
35.75
35.42
35.07
35.07
35.09
35.26
35.15
35.38
35.49
35.46
35.59
36.09
35.30
34.66
34.62
34.82
34.73
34.91
35.13
35.24
35.24
35.21
35.29
35.00
34.38
34.50
34.24
34.11
34.55
34.62
34.83
34.90
34.37
34.12
34.46
34.09
34.10
34.12
34.43
35.25
35.42
35.31
35.25
35.11
34.60
34.71
34.75
34.51
35.17
34.87
35.01
35.01
35.03
35.08
34.73
34.87
35.14
35.24
35.10
35.02
35.32
35.30
35.24
35.43
35.47
35.13
35.14
35.50
36.00
36.01
36.16
36.30
36.57
36.33
35.99
36.17
36.25
36.34
36.18
36.23
36.19
36.76
36.70
36.79
36.57
36.15
36.14
35.98
35.95
35.62
35.78
35.89
35.36
34.91
34.28
34.44
34.18
33.55
33.97
34.75
34.89
34.86
34.76
34.36
34.44
34.52
34.29
34.34
34.25
34.46
34.72
34.67
34.64
34.61
34.61
34.59
34.01
34.27
34.57
34.58
34.87
34.78
34.83
34.56
35.23
35.38
35.19
34.90
34.38
34.15
34.07
33.94
34.53
34.62
34.39
34.85
34.93
34.20
33.42
33.74
33.50
32.64
32.63
33.55
33.11
33.45
33.68
33.98
33.89
34.08
33.79
33.95
33.74
33.82
34.30
34.10
34.48
34.16
33.87
33.70
33.82
33.90
33.85
33.45
34.70
34.95
34.75
34.89
34.60
34.32
34.58
34.49
34.42
34.91
35.01
34.97
35.07
35.60
35.69
35.45
35.55
35.63
35.58
35.49
35.34
35.59
35.40
34.77
34.79
34.96
35.11
35.00
34.72
34.81
34.57
34.73
34.71
34.26
34.26
34.18
34.03
33.83
33.20
32.72
33.07
33.14
32.84
32.70
32.30
31.89
31.70
31.90
31.96
31.82
32.96
32.91
33.49
33.50
33.07
32.99
32.89
33.00
32.97
32.51
32.70
32.89
33.23
33.25
33.30
33.14
32.50
33.05
33.41
33.20
32.90
32.80
32.52
32.63
32.02
31.68
31.49
31.50
30.59
30.94
30.88
30.75
30.28
30.27
30.04
29.31
28.48
28.54
29.31
29.86
29.47
29.20
29.98
30.17
30.80
31.05
30.99
32.18
31.92
32.30
32.27
32.44
32.96
32.85
32.70
32.78
32.67
32.89
32.64
33.09
33.21
33.23
33.19
32.85
32.71
32.25
32.15
31.74
31.25
30.82
31.21
31.82
31.58
31.36
30.85
31.73
31.90
31.98
32.16
32.24
32.04
31.96
31.78
31.48
32.02
32.39
31.70
31.62
31.73
31.40
31.21
31.56
31.49
30.38
30.10
30.38
30.89
31.55
31.50
31.42
31.68
32.20
32.45
32.61
32.88
33.03
33.42
33.80
33.72
33.78
34.95
34.80
34.47
34.80
34.78
34.98
35.00
35.02
34.94
34.60
34.09
33.78
33.60
33.74
34.15
34.35
34.05
33.59
33.51
34.59
34.71
34.30
33.34
34.00
33.94
33.70
33.95
33.90
33.86
33.35
33.12
32.73
32.44
32.50
32.84
32.29
31.92
32.15
31.08
31.25
31.20
30.62
30.00
29.98
29.78
29.57
29.87
29.78
30.60
31.23
31.29
31.00
30.55
31.19
31.48
31.52
31.33
31.12
31.77
30.87
30.70
30.59
31.40
31.62
31.27
32.12
33.42
32.92
32.20
32.62
32.92
32.60
32.06
32.20
32.00
32.38
32.09
31.87
32.10
32.67
32.75
33.37
32.54
32.44
31.55
33.05
33.30
33.23
33.00
33.45
33.29
32.89
33.00
33.74
34.85
34.05
33.32
32.59
32.88
32.81
32.95
30.85
30.80
30.81
31.06
29.03
28.35
27.12
26.29
24.42
26.84
28.00
25.23
24.60
25.85
26.55
26.18
24.68
23.64
23.20
22.55
24.23
25.40
25.55
26.47
25.85
26.24
25.97
24.27
24.20
23.90
22.41
21.71
21.75
22.39
20.74
20.98
21.03
20.15
21.13
22.91
22.68
22.77
22.54
22.13
21.55
22.00
22.56
22.84
26.10
24.88
24.20
23.66
22.86
22.98
24.17
23.94
23.90
23.20
22.53
22.50
22.21
22.42
22.15
22.50
22.95
24.03
24.00
24.83
23.89
23.22
23.12
22.48
21.93
21.20
21.61
22.14
21.66
21.31
21.20
20.97
21.42
21.50
22.40
22.02
21.65
20.50
20.79
20.09
19.30
19.64
19.82
19.44
18.98
18.88
18.90
18.11
18.01
18.01
17.88
17.84
18.15
17.80
17.60
17.13
16.55
16.69
17.22
16.60
16.42
16.24
16.62
16.98
17.49
17.64
17.69
17.83
18.37
18.30
17.98
18.92
18.70
18.88
19.14
18.95
18.26
18.49
18.82
20.50
20.39
20.00
19.38
19.55
20.07
19.69
19.39
19.80
20.64
20.70
20.01
19.51
19.74
19.73
20.46
20.15
19.79
21.43
22.57
21.98
22.90
23.34
26.29
26.17
26.00
25.17
24.90
23.99
23.97
24.22
24.26
24.40
24.28
23.30
24.00
24.61
24.72
24.40
24.25
25.26
25.46
25.16
25.22
25.55
25.55
25.49
25.52
25.64
25.39
24.78
24.43
23.95
23.97
24.12
23.33
23.07
23.48
23.73
23.56
23.84
23.75
23.93
23.45
23.14
23.22
22.84
22.64
22.72
22.78
23.21
24.13
24.99
24.83
25.43
25.54
25.60
26.84
26.82
26.68
26.59
26.64
26.70
25.64
25.61
25.66
25.70
25.62
26.83
26.54
26.41
26.47
26.35
26.47
25.54
25.28
25.60
25.99
26.86
27.12
27.30
27.20
27.11
27.08
26.97
26.67
25.65
25.63
26.03
26.36
26.99
28.37
28.42
28.29
28.37
28.46
28.53
28.68
28.18
28.40
28.60
28.32
28.02
28.38
28.44
28.00
27.76
27.27
27.77
28.33
28.45
28.99
28.76
29.15
28.79
29.00
29.25
29.52
29.98
29.73
29.96
29.57
29.47
29.47
28.93
28.16
28.16
28.31
27.86
27.73
28.73
29.10
29.00
29.07
29.30
29.47
29.46
30.53
30.88
30.93
30.78
30.40
30.25
30.76
30.53
30.75
30.50
30.37
30.77
30.87
30.97
31.10
31.24
30.98
30.93
31.53
31.83
32.08
32.33
32.59
32.29
32.17
32.49
32.50
32.47
32.34
32.36
32.48
32.38
32.75
32.75
32.16
32.00
31.86
31.94
31.74
31.12
31.37
31.18
31.15
31.19
31.24
31.42
30.71
30.23
29.94
29.81
29.48
29.82
29.77
30.01
30.87
30.49
29.84
29.95
30.04
30.09
30.43
30.20
30.50
30.93
31.07
31.52
31.47
31.27
31.50
31.41
31.41
31.60
31.92
31.96
32.86
33.22
33.50
33.34
33.60
33.81
33.81
33.75
33.83
33.84
33.85
33.98
34.19
34.10
34.43
35.50
35.60
35.42
35.20
35.20
35.59
35.54
35.61
35.49
35.75
36.88
36.33
36.06
36.21
36.51
36.51
36.17
36.65
36.75
36.87
36.85
37.14
36.82
36.55
37.39
37.49
37.98
37.30
36.56
35.55
34.35
35.63
36.25
36.21
35.53
34.78
34.34
34.64
33.80
32.96
32.87
32.99
32.37
33.85
34.37
34.05
33.87
34.79
35.10
34.35
34.07
33.32
33.82
34.23
34.26
34.57
35.00
34.93
35.11
35.35
35.83
35.46
34.63
34.18
33.68
33.76
33.37
32.51
32.10
31.68
32.30
33.17
33.54
33.80
33.89
34.67
34.51
34.42
34.00
33.50
33.45
33.60
33.77
34.21
34.72
34.66
34.21
34.80
33.88
34.68
34.55
34.96
35.05
35.09
35.23
35.41
34.77
34.30
33.81
33.75
33.99
34.22
33.78
33.20
33.55
32.70
32.24
32.44
32.85
32.99
32.83
33.70
33.98
34.70
34.63
34.10
34.49
34.28
34.67
34.23
34.42
34.19
34.73
34.99
34.98
34.81
33.73
33.82
33.66
33.47
33.18
33.49
33.58
33.60
33.99
33.98
33.98
34.70
34.74
34.61
35.20
34.95
35.15
35.00
34.60
34.75
35.04
34.99
35.72
35.97
35.96
36.52
36.51
36.49
36.45
36.43
37.16
37.27
37.14
37.23
37.00
37.39
38.00
37.66
37.29
37.32
37.78
37.33
37.05
36.62
36.98
36.93
36.71
36.83
37.41
37.59
37.67
37.73
37.98
37.49
37.00
36.95
37.48
37.50
37.37
37.18
37.17
37.34
37.42
37.99
37.94
37.75
37.52
37.84
37.65
37.60
38.00
39.00
40.00
39.89
39.68
39.55
39.81
39.65
39.36
39.34
39.51
39.49
39.39
39.94
39.95
39.92
39.93
39.69
39.79
39.25
39.95
40.71
40.75
40.77
41.20
41.24
44.05
43.66
43.51
43.41
43.57
43.71
43.90
43.65
43.15
43.29
42.47
43.13
43.87
43.79
43.62
44.24
44.34
43.61
43.58
43.38
42.83
43.12
42.68
41.86
41.58
41.20
41.67
41.99
41.95
42.35
42.99
43.24
43.30
43.03
43.48
43.21
43.38
43.05
42.83
42.73
42.27
42.24
41.94
41.75
42.02
41.56
41.71
41.28
41.46
42.46
42.40
42.35
42.44
42.68
43.15
43.35
43.79
43.57
43.24
43.25
43.50
43.35
44.13
42.58
41.76
41.87
41.30
41.14
41.45
41.74
41.84
41.33
41.34
41.34
41.22
41.67
41.99
41.59
40.69
39.66
39.70
39.88
39.65
39.53
39.33
38.86
38.86
38.82
38.47
38.37
38.27
38.89
38.77
37.93
38.02
38.42
38.45
38.43
39.12
39.86
40.18
39.95
40.06
39.98
39.54
39.52
39.83
39.84
39.82
39.12
39.73
39.85
40.87
40.97
40.89
40.81
40.37
39.83
39.31
38.75
38.43
37.50
36.89
35.95
34.57
34.75
32.27
33.08
33.56
33.80
33.67
33.75
32.69
32.98
32.65
32.11
32.58
32.83
32.64
33.17
33.87
34.32
34.33
33.04
31.94
32.68
32.66
31.72
31.31
31.61
32.73
32.99
33.29
32.64
32.88
32.52
30.90
29.90
30.34
31.71
31.42
31.52
30.71
30.33
29.97
31.55
32.05
32.37
33.10
33.28
34.43
33.73
34.53
34.22
34.20
34.35
34.12
35.16
35.71
35.35
35.19
36.60
36.34
35.79
34.47
34.38
35.13
35.01
35.17
35.46
34.59
34.76
37.42
36.42
37.00
36.32
35.86
35.78
35.63
34.47
33.78
34.22
34.53
34.50
35.89
36.33
36.83
37.37
37.20
37.33
36.96
36.77
36.77
37.12
36.00
35.72
35.74
35.55
36.38
36.70
37.00
37.72
37.80
37.71
37.80
37.80
38.46
38.99
39.58
40.15
40.25
39.91
39.53
38.86
38.59
38.98
39.10
39.47
39.44
39.50
39.27
39.68
39.75
39.50
39.11
39.31
39.67
39.25
40.00
40.59
41.15
41.91
41.64
41.45
41.92
41.62
41.75
41.73
41.86
41.90
41.71
41.67
41.58
41.95
41.97
42.37
42.54
42.53
42.77
42.32
42.07
42.32
42.57
42.85
44.08
43.70
43.50
43.52
43.58
43.31
43.87
43.40
43.71
44.41
44.50
44.15
43.27
43.85
44.00
43.75
42.99
43.18
42.27
42.13
41.70
42.20
42.22
42.13
42.74
42.61
42.51
42.84
42.25
42.43
42.76
43.56
43.65
43.35
44.09
43.81
44.13
43.71
43.95
44.49
45.80
45.59
45.80
45.50
45.80
45.55
45.23
44.49
44.41
44.70
44.46
44.61
44.96
45.50
45.48
46.10
45.35
44.69
44.92
45.60
46.22
46.25
46.63
46.41
46.65
47.45
47.43
47.40
48.00
47.97
47.89
47.52
47.23
47.47
48.08
47.84
48.95
48.75
48.75
48.55
48.18
48.18
48.38
47.59
47.80
48.38
48.12
49.92
49.67
49.62
48.95
48.06
48.33
48.64
49.87
50.54
50.14
49.85
49.53
48.99
49.87
50.00
50.31
50.65
50.47
49.92
49.99
50.15
49.97
50.42
50.55
50.59
50.48
50.15
49.66
49.61
49.85
49.85
50.17
49.78
49.90
49.83
51.24
51.87
52.00
51.80
51.67
51.79
52.67
52.75
52.43
52.12
52.95
52.91
53.39
53.05
53.40
52.60
52.78
52.53
52.86
52.25
52.69
53.08
53.15
52.50
52.33
51.63
51.56
50.75
50.81
51.50
52.40
52.74
52.59
52.05
51.35
51.08
51.03
50.54
51.24
50.31
50.99
50.86
50.70
50.65
50.84
47.95
47.63
48.42
48.04
47.64
47.76
48.03
48.50
48.95
49.28
49.43
49.20
49.25
49.85
49.94
50.00
49.45
49.90
49.13
49.38
49.51
49.99
50.07
49.69
49.12
49.32
50.32
50.51
51.06
50.75
50.20
49.98
50.00
49.70
49.80
51.25
51.34
52.34
51.76
51.18
51.50
51.24
51.02
50.83
51.15
51.78
52.70
52.34
52.80
54.16
54.87
54.56
54.56
54.21
54.00
54.25
54.87
54.50
54.41
55.50
54.48
54.72
54.98
55.05
55.30
55.17
55.62
55.95
55.82
54.82
54.58
54.79
54.04
54.66
55.04
55.37
55.84
56.58
56.84
56.47
57.51
57.75
57.63
57.44
57.82
57.78
57.19
57.05
57.15
56.85
57.10
57.11
56.73
56.50
56.94
57.14
57.46
57.75
57.72
57.73
58.82
59.24
60.14
60.67
60.73
60.67
60.75
60.69
60.67
61.56
62.10
62.62
62.90
62.17
62.29
63.25
63.08
63.50
63.93
64.85
65.59
66.09
66.00
67.11
67.43
67.52
67.49
67.79
67.89
66.58
66.60
66.40
66.71
65.44
65.53
66.76
66.48
67.11
65.03
63.82
64.93
64.12
63.32
64.87
64.97
64.30
64.45
64.40
64.43
65.13
65.49
65.55
63.52
63.08
62.99
63.10
63.46
63.97
64.52
64.92
64.14
63.83
63.95
64.79
65.54
65.30
66.83
67.00
67.36
66.10
65.46
66.37
66.03
65.33
64.77
65.12
64.74
65.07
65.03
64.87
65.12
65.87
66.59
66.54
67.16
66.30
66.46
65.75
64.43
64.26
64.17
63.32
62.50
62.18
62.39
61.88
61.82
61.99
62.11
61.35
61.15
61.52
61.27
61.99
61.22
61.60
61.83
61.84
62.97
63.94
66.35
67.03
67.65
67.20
67.37
66.50
65.84
65.48
65.16
64.93
65.29
65.44
64.95
65.25
65.34
64.93
65.43
65.31
64.77
64.18
65.67
66.59
66.98
66.94
66.86
66.59
67.27
67.63
69.13
69.20
69.19
69.87
69.48
69.39
69.30
69.30
69.18
69.55
69.06
69.62
69.34
69.41
68.74
68.45
68.99
70.15
70.17
70.09
69.72
69.92
70.01
70.33
70.58
71.69
71.25
71.27
71.31
70.41
70.48
70.68
71.49
71.48
71.65
72.13
70.02
70.13
70.85
70.91
72.20
73.08
73.56
73.33
73.86
74.69
74.78
76.54
76.50
76.50
76.70
76.84
76.70
76.28
75.46
75.51
75.13
74.58
75.10
74.40
74.63
74.88
75.43
74.95
74.23
72.91
73.00
72.24
73.63
73.32
72.73
71.25
72.05
76.73
75.70
77.31
77.92
78.01
78.24
79.47
80.00
79.78
79.65
80.45
81.59
81.35
80.95
80.59
81.59
80.65
82.17
83.21
83.42
83.65
82.43
82.33
81.39
81.98
80.41
81.60
82.25
82.30
81.02
82.05
80.93
80.34
80.24
78.61
79.46
80.39
81.61
81.97
82.24
82.85
80.80
79.65
80.53
80.92
77.95
77.83
78.21
78.98
80.22
79.98
79.89
79.95
80.06
79.46
79.06
78.68
79.53
79.87
80.55
81.31
81.63
82.44
82.27
82.02
82.94
82.75
82.18
80.83
80.42
81.38
81.76
82.34
82.79
83.36
83.98
83.90
84.09
84.39
84.42
84.23
84.40
84.95
84.99
85.86
85.40
84.81
84.20
82.99
83.44
83.46
83.75
83.92
84.08
82.93
83.57
84.32
84.68
85.39
86.07
86.87
86.71
86.98
86.82
86.32
87.29
87.61
87.36
87.49
86.65
87.63
86.19
85.98
86.00
86.56
86.53
86.96
86.70
87.22
87.30
87.27
86.95
86.01
87.52
87.24
87.62
87.01
86.89
87.98
87.62
87.95
88.91
89.47
90.37
90.29
90.05
90.53
90.90
91.14
90.67
90.41
90.49
90.38
90.93
91.16
91.20
90.94
90.84
90.54
89.82
90.04
90.20
90.37
90.43
90.77
90.50
91.15
90.61
89.24
89.64
89.60
88.89
89.05
89.54
89.24
87.66
88.90
89.18
88.26
88.15
88.16
87.00
86.39
85.52
83.76
82.47
84.66
85.61
87.68
88.61
88.63
88.66
88.99
89.96
90.25
90.54
91.98
91.82
91.98
91.60
92.00
90.02
90.42
90.03
90.12
90.71
90.85
90.78
90.69
90.28
89.46
