28.75
30.00
31.62
31.62
30.81
34.00
35.25
33.31
33.81
33.44
33.06
34.06
33.44
32.69
32.38
36.50
36.38
36.63
36.44
35.81
35.94
35.81
37.56
37.00
37.56
37.00
37.13
36.88
36.81
36.63
35.38
36.56
35.69
35.31
32.63
32.63
32.44
31.00
32.00
32.25
33.19
33.81
34.88
35.56
35.44
34.88
34.62
34.69
33.00
33.81
33.63
33.75
34.56
37.69
38.63
39.75
39.81
41.06
40.00
40.62
40.25
39.75
40.25
41.06
38.38
39.25
40.00
40.50
40.25
41.75
40.00
39.25
37.69
37.06
38.00
40.00
40.81
40.13
39.69
40.75
40.88
42.25
42.00
40.31
39.63
39.38
39.25
39.56
39.75
40.50
40.56
40.06
40.19
41.25
42.06
41.00
39.75
40.00
39.75
38.19
39.06
39.25
40.62
41.63
41.13
40.25
40.00
40.44
40.13
40.13
40.50
40.37
40.19
40.44
40.88
41.06
41.13
41.56
41.50
41.06
39.38
39.56
39.56
38.63
38.06
37.75
38.00
37.88
37.44
36.50
37.44
36.00
36.06
36.25
36.25
36.12
35.38
36.44
37.50
37.19
36.56
36.31
37.06
37.56
37.19
38.00
39.00
39.56
39.44
40.94
40.56
41.38
40.31
39.56
40.37
40.37
40.00
39.25
39.31
38.75
38.13
37.69
37.44
37.62
38.00
37.75
37.62
38.13
38.31
38.13
38.56
38.81
39.63
39.69
39.19
38.56
38.81
38.50
38.81
38.00
37.50
37.00
37.00
36.81
37.31
37.50
37.50
37.75
37.94
38.50
39.25
39.63
40.00
39.88
40.56
41.13
40.06
38.75
38.06
37.50
34.25
33.50
34.44
34.31
35.75
35.56
34.31
34.56
33.88
33.81
34.06
34.81
36.63
37.00
37.00
36.50
36.81
30.81
31.19
30.00
30.63
31.13
30.38
29.69
29.56
28.56
28.50
28.56
29.63
29.56
28.37
27.88
29.13
29.19
29.06
31.13
30.06
30.44
30.25
29.75
29.63
28.62
28.25
28.81
29.06
26.81
26.50
26.00
26.75
26.94
27.63
28.44
27.63
28.00
30.88
31.31
29.56
29.87
29.87
29.31
29.75
31.81
32.56
32.06
32.38
30.50
29.87
29.87
30.00
29.31
29.57
29.95
30.33
30.26
30.55
29.81
31.00
31.00
31.08
31.25
31.87
31.30
30.75
31.25
31.25
31.13
31.10
30.60
29.60
29.90
30.11
30.26
29.92
28.68
29.30
29.10
29.90
29.75
29.40
27.00
26.92
26.30
27.00
27.06
27.31
26.64
26.47
26.06
26.55
27.25
27.88
27.49
27.35
27.63
27.89
26.47
26.85
27.17
27.57
28.05
28.66
28.32
28.20
28.91
28.83
29.70
31.21
30.51
29.90
28.58
28.85
31.00
30.50
30.25
30.28
30.70
30.57
30.30
30.35
30.36
29.85
30.23
30.87
30.75
30.56
30.30
32.00
32.12
33.50
33.66
33.10
33.10
32.16
32.00
31.65
31.34
31.19
31.21
31.13
31.36
31.54
31.39
31.07
30.68
30.50
29.65
29.26
28.90
28.84
28.30
28.94
28.75
28.29
27.95
27.35
28.10
27.76
28.07
28.25
28.10
27.27
27.41
27.01
27.10
26.81
27.53
27.48
27.42
26.90
26.77
26.83
26.76
26.03
26.07
26.30
26.83
26.40
26.18
26.26
26.40
26.60
26.62
26.76
26.81
26.80
26.87
27.15
27.01
26.56
26.15
25.10
25.50
25.65
25.62
25.88
26.05
26.39
25.65
25.35
24.42
24.56
25.00
25.10
24.23
23.15
23.25
18.85
17.75
16.81
15.50
16.02
17.51
17.25
17.30
17.13
17.76
18.02
18.10
18.51
19.30
18.81
18.41
18.50
18.64
19.56
19.10
18.90
18.85
18.41
17.81
17.90
18.11
18.40
18.35
18.00
18.54
18.15
18.01
18.30
18.46
18.70
19.00
18.35
18.28
18.55
18.05
18.20
18.91
19.05
19.00
20.40
21.02
21.25
20.41
20.85
21.01
20.80
20.16
19.75
20.15
19.80
19.50
20.38
21.50
22.19
21.30
21.65
22.01
21.30
20.37
20.63
20.70
20.41
20.51
20.50
20.44
20.50
20.56
20.81
20.55
20.83
21.90
22.22
22.81
22.65
21.65
21.60
21.73
21.20
21.18
20.50
20.76
21.00
20.99
20.81
20.80
21.25
21.80
21.02
20.02
20.80
21.85
21.65
21.45
21.20
21.53
22.33
23.11
23.15
23.07
23.95
23.76
22.85
23.05
23.57
23.27
23.83
23.58
24.00
22.86
22.80
23.25
23.44
23.79
23.55
23.36
23.50
23.44
23.35
23.18
23.80
24.19
23.96
23.82
23.18
23.26
23.05
22.65
22.65
22.86
22.10
22.50
22.20
22.25
22.51
22.73
23.02
23.25
23.27
23.40
23.44
23.77
23.80
23.25
24.75
24.48
24.30
24.50
23.68
23.77
22.78
22.75
23.01
23.78
23.10
22.89
22.78
22.95
23.26
23.05
23.26
23.80
24.09
24.29
24.30
24.16
23.54
23.07
23.30
23.36
23.46
22.85
22.60
22.80
22.30
21.99
22.03
21.54
21.10
21.55
21.47
20.00
20.79
19.70
20.85
21.52
20.75
19.49
19.15
18.80
19.18
18.60
18.45
18.49
18.24
17.60
18.37
19.05
18.85
18.69
18.13
17.81
18.00
17.28
17.20
17.70
17.55
16.37
15.66
15.33
14.90
15.50
15.93
16.32
16.65
17.00
16.80
14.90
13.85
14.31
13.75
13.48
14.00
13.95
13.75
13.52
14.48
15.08
16.00
16.22
16.46
16.80
16.25
16.21
15.93
15.25
14.86
15.52
14.67
14.73
14.54
14.91
15.05
15.78
16.10
15.37
15.23
15.33
15.75
15.36
14.81
14.85
14.70
14.59
14.71
15.24
15.15
14.60
15.02
15.53
15.81
14.76
14.10
13.90
14.00
13.99
15.51
15.34
16.11
16.06
16.50
15.91
16.52
16.64
16.93
17.13
17.15
17.20
16.52
16.65
16.52
16.53
17.84
18.13
18.09
17.95
17.06
17.10
17.23
17.06
17.94
17.95
18.27
18.00
17.93
18.45
18.95
19.43
18.87
19.32
19.75
19.15
18.45
16.85
17.30
16.85
16.77
16.50
16.62
16.54
16.40
16.55
16.76
16.40
15.99
16.21
16.47
16.30
16.45
15.94
15.50
15.82
16.58
17.08
17.45
18.00
17.57
17.76
17.95
18.15
18.11
17.78
17.90
17.71
17.12
17.04
17.16
16.67
16.48
16.58
16.35
16.25
16.76
17.31
16.74
16.61
16.60
16.28
16.08
16.28
15.94
15.88
15.94
16.77
16.63
16.65
16.53
16.55
15.98
16.44
16.36
16.63
16.70
16.00
15.70
15.51
15.30
15.10
14.91
14.84
15.32
16.05
16.03
16.41
16.40
16.25
17.29
17.32
16.95
17.44
17.10
17.37
16.89
16.95
17.36
17.62
17.10
17.57
16.92
17.07
17.00
17.50
17.57
17.90
17.92
17.95
18.14
18.17
18.76
18.45
18.00
18.23
18.19
18.17
18.55
17.70
18.42
18.32
18.23
18.05
18.12
18.34
18.45
18.15
18.24
18.23
17.77
17.61
17.45
17.92
18.20
18.15
18.90
19.18
19.30
19.82
19.66
20.00
20.41
21.05
20.10
20.45
19.85
20.30
20.14
20.28
20.67
20.46
20.02
20.17
19.64
19.49
19.00
18.85
19.23
19.54
19.40
19.86
19.93
20.20
20.27
20.44
20.41
20.56
20.95
21.18
20.98
20.71
20.74
20.26
20.35
20.30
20.66
20.81
21.63
21.82
21.63
21.70
22.38
21.83
21.51
21.32
21.35
21.57
21.80
22.00
22.20
22.18
22.35
22.37
21.95
21.76
21.44
21.31
21.10
20.85
20.64
20.15
20.22
20.56
20.83
21.17
21.13
20.98
20.93
20.46
20.48
20.07
20.00
20.05
20.20
20.09
20.21
19.87
20.02
19.78
20.15
19.97
19.84
19.86
20.36
20.66
21.25
21.01
21.01
21.31
21.55
21.53
21.38
21.41
21.65
21.65
21.53
21.38
21.51
21.52
21.52
21.51
21.82
22.20
22.33
22.40
22.40
22.70
22.59
22.60
22.50
23.29
23.10
23.01
23.03
23.23
22.92
22.65
22.49
22.59
22.57
22.38
22.55
22.72
22.90
23.01
22.96
22.44
21.79
21.90
21.56
21.60
21.92
22.03
22.27
22.57
22.66
22.85
22.69
22.87
22.68
22.95
23.26
23.26
23.15
23.16
23.26
23.19
23.46
23.61
24.00
24.26
24.55
24.71
24.60
24.60
24.69
24.71
24.77
24.31
24.26
24.48
23.75
23.92
24.07
23.51
22.98
23.70
23.60
23.10
23.05
23.14
22.90
23.28
23.75
27.27
27.61
26.85
26.49
26.56
26.70
26.39
26.02
25.80
25.91
26.43
26.52
26.64
26.70
26.58
26.66
26.41
26.20
25.98
25.42
24.75
24.90
25.10
25.22
25.36
25.58
25.35
24.87
24.91
24.55
24.81
24.91
25.06
25.05
24.90
24.29
25.55
25.71
26.23
26.01
25.92
25.51
24.96
24.80
24.63
24.43
24.59
24.74
24.65
24.88
24.56
24.10
24.18
23.60
23.68
22.90
22.95
22.86
22.85
22.47
22.33
21.39
22.59
22.65
23.10
23.06
22.69
22.84
22.85
22.86
22.68
22.82
23.03
23.53
23.61
23.47
23.43
23.38
23.96
24.01
23.98
24.33
24.47
24.51
24.53
24.58
24.56
24.70
24.73
24.77
24.75
24.30
24.56
25.09
25.13
25.16
25.34
25.11
25.14
24.68
24.70
24.34
24.32
24.30
24.15
24.02
23.86
23.41
23.10
23.40
23.20
22.95
22.88
22.69
22.84
22.57
22.90
22.81
22.90
22.69
22.35
22.25
21.85
21.84
21.95
21.52
21.00
20.88
20.96
21.55
21.75
22.12
22.23
22.15
22.20
22.21
22.48
22.39
22.38
22.33
22.29
22.23
22.30
22.36
22.77
22.81
22.90
23.20
23.00
22.93
22.93
23.39
23.00
23.00
23.21
23.16
23.20
23.11
22.35
22.00
22.39
22.51
23.19
23.52
23.78
24.28
24.56
24.78
24.58
24.83
24.67
24.60
24.98
24.81
24.63
24.50
24.55
24.27
24.36
24.50
24.78
24.90
24.79
24.97
25.46
25.68
26.15
25.96
26.00
26.36
26.35
26.47
26.63
26.42
26.47
26.32
26.50
26.50
27.11
27.21
26.90
26.70
26.88
26.96
27.61
27.28
27.20
26.99
26.68
27.15
27.01
27.59
27.58
27.48
27.43
27.35
27.23
27.29
27.38
27.52
27.59
27.69
27.82
27.88
27.76
27.81
27.52
27.39
27.36
27.05
27.10
27.11
27.16
27.63
28.05
28.25
28.46
28.25
28.15
27.90
27.95
28.31
28.06
27.96
28.45
28.43
28.68
28.52
28.67
29.26
29.62
29.35
29.22
28.98
29.00
29.24
29.27
29.15
29.06
28.42
28.10
28.09
27.51
27.60
27.90
28.30
28.41
28.61
28.75
28.43
27.69
27.81
27.47
27.63
28.30
28.40
28.32
27.82
27.90
27.78
27.73
27.75
27.91
27.80
27.97
28.25
28.51
28.32
28.31
28.34
28.35
28.30
28.05
27.72
27.70
27.52
27.33
26.94
26.85
26.60
26.71
26.94
27.05
26.80
26.51
25.82
25.71
26.11
26.02
26.18
26.63
26.81
26.95
26.68
26.25
26.62
26.76
26.93
26.91
27.16
27.65
27.80
27.53
27.42
27.30
27.74
27.73
27.42
27.36
27.39
27.25
27.06
27.15
27.36
27.33
26.70
27.30
27.60
26.98
26.77
26.60
26.41
26.57
26.60
26.25
25.68
25.47
25.70
25.37
25.12
24.96
24.87
24.75
24.35
24.38
25.03
25.05
25.40
25.85
26.25
26.01
25.61
25.56
25.50
25.51
25.59
25.66
25.61
25.70
25.63
25.52
25.45
25.52
25.56
25.30
25.29
25.64
25.27
25.40
25.52
25.72
26.08
26.07
26.01
25.92
25.50
25.55
25.40
25.15
25.16
25.10
25.13
24.92
24.65
24.55
24.80
25.03
24.90
24.84
24.91
24.79
23.85
23.90
24.02
23.80
23.74
23.32
22.90
22.97
23.13
23.10
23.22
23.28
24.02
23.96
24.06
24.22
23.92
24.02
23.84
23.70
23.20
23.08
23.20
23.13
23.19
22.90
22.89
22.90
22.97
23.15
23.49
23.35
23.50
23.98
24.28
24.56
24.63
24.59
24.87
25.07
25.16
25.39
25.63
25.75
25.70
25.61
25.70
25.02
24.76
24.73
24.91
24.96
24.84
25.00
24.80
24.90
24.82
24.81
25.05
25.33
24.97
25.03
25.15
25.04
24.84
24.71
24.54
24.32
24.22
23.95
23.96
23.95
24.10
24.11
24.10
23.95
24.00
23.77
24.10
24.44
24.72
25.00
25.25
25.52
25.50
25.38
24.99
24.91
25.60
25.25
25.60
25.35
24.90
24.99
25.18
25.23
25.15
25.00
24.90
24.96
25.50
26.60
26.57
26.47
26.25
26.49
26.62
26.80
26.83
26.51
27.15
27.37
27.61
27.98
27.82
27.93
27.74
27.91
27.88
27.75
27.91
27.83
27.94
28.16
28.42
28.55
28.51
28.54
28.52
28.04
27.75
27.41
27.35
27.30
27.06
27.16
27.65
27.69
27.81
27.78
27.63
27.38
27.37
27.55
27.62
27.73
27.77
27.55
27.70
27.47
27.29
26.91
26.75
26.87
26.98
27.00
27.65
27.63
27.78
27.89
28.16
28.50
28.61
28.78
29.58
29.52
29.61
29.72
29.87
29.65
29.18
29.63
29.85
29.95
29.98
30.01
30.25
30.16
30.13
30.42
30.45
30.45
30.38
30.42
29.70
29.25
28.30
28.22
27.95
28.50
29.05
29.00
28.91
29.04
29.07
28.86
29.06
29.32
29.24
29.49
29.82
29.96
29.70
29.94
29.67
29.85
29.83
29.81
28.45
28.15
28.15
28.32
28.95
29.12
28.43
28.49
28.96
29.22
29.17
29.26
29.40
29.32
29.31
29.39
29.60
29.18
28.77
28.79
28.69
29.22
29.44
29.48
29.56
29.56
29.64
29.68
29.51
29.01
28.82
28.70
28.92
29.00
29.23
29.31
29.65
29.75
29.57
29.30
29.50
29.40
29.66
30.00
30.05
30.12
29.99
30.06
30.60
30.51
30.00
29.74
30.26
30.90
30.82
30.83
30.40
30.48
30.80
30.94
30.86
31.23
31.06
31.15
31.12
30.78
30.91
30.97
31.20
31.40
31.37
31.06
31.03
31.00
31.30
31.58
31.40
31.33
31.46
31.39
31.69
31.94
32.42
32.47
33.00
31.74
31.70
31.91
32.34
32.69
32.89
32.87
33.00
32.77
32.64
32.46
32.43
32.78
32.81
32.76
33.09
33.38
33.87
34.00
34.01
34.25
34.28
34.36
34.38
34.15
34.10
34.33
34.52
34.43
34.14
33.94
34.32
34.47
34.27
33.99
34.17
33.99
34.07
33.95
33.98
34.45
34.85
34.89
34.90
35.25
35.48
35.05
35.00
35.27
34.88
34.47
34.44
34.62
35.01
34.89
35.00
35.15
35.08
35.20
34.95
33.92
33.77
33.93
34.52
34.17
34.41
34.67
34.75
34.96
34.98
34.93
32.65
33.33
33.53
33.86
33.42
33.75
34.25
34.40
34.28
33.92
33.51
33.28
33.74
33.50
33.81
33.97
34.26
34.45
34.87
34.80
34.64
34.05
34.24
34.04
34.24
34.52
34.44
34.55
34.80
34.76
34.34
34.43
34.51
34.77
34.71
34.75
34.57
34.71
35.03
34.89
34.86
34.97
34.79
34.70
35.09
35.40
35.62
35.71
35.92
36.02
35.70
35.55
35.73
35.88
35.89
35.78
35.79
35.83
35.98
36.10
36.25
35.80
35.64
35.47
35.27
35.27
35.13
35.17
35.21
34.75
33.95
33.79
34.12
33.52
33.00
33.40
34.00
34.48
34.44
34.16
33.88
33.91
33.92
33.86
33.73
33.72
33.71
34.20
34.30
34.24
34.43
34.38
33.85
33.67
33.96
34.00
34.21
34.35
34.19
34.40
34.28
34.43
34.67
34.75
33.74
33.74
33.57
32.99
32.75
33.69
33.84
33.83
33.85
33.85
33.00
32.07
33.13
32.13
31.63
31.25
32.30
32.52
32.64
33.11
32.97
33.12
33.49
33.07
33.07
33.33
33.45
33.50
33.74
33.87
33.47
33.23
33.29
33.41
33.44
33.00
33.06
33.40
34.54
33.80
34.04
34.20
33.68
34.19
34.12
33.93
34.38
34.60
34.54
34.83
35.03
35.13
35.10
35.06
34.90
35.15
34.86
34.94
35.14
34.71
33.77
33.57
34.58
34.36
34.14
33.94
34.20
34.25
34.01
33.32
33.52
33.40
33.62
33.31
32.89
32.06
32.00
32.06
31.75
31.75
32.01
31.15
31.02
31.12
31.49
31.20
30.68
31.67
32.38
32.93
32.83
32.44
32.26
32.25
32.66
32.27
31.71
31.97
32.03
32.55
32.69
32.61
32.08
32.13
32.25
32.95
32.73
32.34
32.27
32.24
31.69
31.66
31.00
30.91
30.46
29.20
29.90
30.21
30.12
29.58
29.33
28.69
28.25
26.30
27.09
28.35
28.60
28.50
28.12
29.06
28.84
30.18
30.62
30.05
31.10
31.11
31.61
31.52
31.77
32.07
32.16
32.03
32.12
31.89
32.20
31.80
32.49
32.72
32.61
32.44
32.13
32.11
31.38
31.52
31.19
30.56
30.28
30.61
31.20
30.82
30.43
30.05
30.77
31.23
31.25
31.80
31.84
31.53
31.31
31.00
30.99
31.52
31.46
31.15
31.06
31.21
30.95
30.61
30.72
30.15
29.83
29.57
29.82
30.24
30.85
31.05
31.17
31.11
31.69
31.95
32.21
32.21
32.33
32.42
33.30
33.12
32.79
34.05
34.33
34.03
34.04
34.22
34.33
34.52
34.47
34.47
33.98
33.50
33.35
33.18
33.26
33.66
33.74
33.48
33.05
33.00
33.15
34.10
32.97
32.84
32.89
33.25
33.12
33.35
33.39
33.10
32.77
32.57
31.94
32.04
31.96
32.30
31.52
31.43
31.14
30.40
30.70
30.74
29.74
29.31
29.53
29.25
28.80
29.07
28.55
29.05
30.12
30.66
30.38
29.97
30.40
30.70
31.00
30.46
30.41
30.89
30.13
29.83
30.05
30.40
30.84
30.92
30.95
31.84
32.06
31.52
31.45
32.34
31.81
31.58
31.40
31.32
31.88
31.40
31.44
31.41
31.77
32.31
32.30
31.97
31.49
30.87
31.92
32.43
32.48
32.20
32.60
32.25
31.50
31.91
32.06
33.25
32.84
32.15
31.63
31.97
31.94
29.25
29.48
29.91
29.90
29.46
26.30
26.21
24.93
23.75
21.25
23.50
25.04
23.28
22.07
23.44
24.59
25.09
22.32
21.89
21.50
21.36
21.52
23.50
24.17
24.94
24.19
25.29
24.10
22.32
21.41
21.66
20.49
20.03
19.58
20.94
19.58
19.86
19.93
18.60
18.78
20.60
21.30
20.94
21.82
20.27
20.30
20.57
21.46
20.87
22.91
23.32
23.30
22.58
21.93
22.34
22.57
23.14
22.50
22.18
21.28
21.76
21.79
21.96
21.15
21.38
22.52
22.50
23.29
23.80
22.92
22.51
22.23
21.61
21.03
20.42
19.95
20.78
20.15
20.46
20.47
19.98
20.50
20.85
21.60
21.12
20.51
19.84
19.76
18.71
18.17
18.65
19.10
18.64
18.26
18.03
18.40
17.72
17.53
17.22
17.13
16.92
16.97
17.03
16.84
16.42
15.90
15.99
16.09
15.85
15.32
15.46
15.14
16.38
16.57
17.01
17.12
17.16
17.50
17.48
17.08
17.74
18.04
17.86
18.40
18.40
17.54
17.82
17.84
19.15
19.78
19.35
19.03
19.00
19.60
19.27
18.80
19.04
19.72
20.08
19.23
19.15
19.00
19.16
19.56
19.60
19.31
19.47
21.15
21.12
21.84
22.66
24.66
24.98
25.00
24.68
23.90
23.43
23.27
23.27
23.55
23.75
23.41
22.93
23.05
23.38
23.77
23.49
23.50
24.75
24.88
24.75
24.81
24.85
24.63
25.08
24.82
25.10
24.52
24.04
23.37
23.36
23.51
23.38
22.63
22.55
22.78
22.78
23.15
23.31
23.04
23.39
22.57
22.60
22.50
22.05
22.10
22.23
22.07
22.66
23.37
24.36
24.43
24.77
24.96
24.99
25.31
26.17
26.22
26.09
25.78
26.19
25.04
25.36
25.24
24.99
25.07
25.60
26.14
25.77
25.75
25.71
25.54
24.89
24.95
25.00
25.47
25.87
26.73
26.80
26.59
26.51
26.59
25.75
25.59
25.26
25.25
25.35
26.09
26.15
26.96
28.01
27.79
27.83
28.10
28.14
28.25
27.66
28.01
28.04
27.65
27.53
27.72
27.94
27.25
27.00
26.84
27.00
27.67
27.96
28.25
28.45
28.49
28.36
28.48
28.70
28.81
29.20
28.99
29.20
28.85
28.69
28.42
28.01
27.23
27.18
27.28
27.01
27.10
27.90
28.23
28.34
28.23
28.95
29.11
28.90
29.71
30.03
30.25
30.30
29.92
29.85
30.31
30.10
30.00
29.80
29.95
30.44
30.50
30.30
30.42
30.82
30.45
30.52
30.75
31.37
31.81
31.61
32.20
31.65
31.58
31.99
32.22
32.04
31.94
31.80
32.01
32.10
32.22
31.87
31.70
31.68
31.54
31.53
31.09
30.68
30.87
30.96
30.41
30.50
30.72
30.57
29.95
29.55
29.32
29.01
28.71
29.25
29.34
29.22
29.79
29.66
28.99
29.46
29.48
29.03
29.76
29.86
30.17
30.38
30.68
30.85
31.06
30.86
31.01
30.85
30.98
31.34
31.39
31.55
31.92
32.75
32.95
32.78
33.10
33.12
33.47
33.36
33.49
33.53
33.52
33.48
33.42
33.73
33.87
34.42
34.85
34.97
34.76
34.81
35.01
35.07
35.10
35.06
35.14
35.64
35.80
35.71
35.77
35.86
35.68
35.58
36.28
36.35
36.12
36.49
36.67
36.16
35.96
36.50
36.60
36.84
36.32
35.08
31.00
32.77
34.56
35.14
34.82
34.74
33.83
33.29
33.52
33.09
31.99
31.40
32.11
31.21
32.14
33.48
33.24
32.85
33.46
34.31
33.44
33.01
32.41
32.83
33.45
33.58
33.92
34.11
34.48
34.60
34.92
34.86
34.29
34.05
33.46
33.12
33.05
32.04
31.36
30.91
30.72
31.38
31.66
32.90
33.37
33.39
33.96
33.92
33.60
32.92
32.99
32.80
32.63
33.05
33.45
34.09
33.96
33.80
33.42
33.02
34.13
34.02
34.14
34.56
34.39
34.90
34.73
34.13
33.71
33.41
33.11
33.51
33.40
33.06
32.71
32.80
31.97
31.55
31.88
31.58
32.32
31.91
32.91
33.53
34.02
33.66
33.75
34.00
34.05
33.92
33.72
33.88
33.71
34.36
34.53
34.27
33.90
33.00
33.31
33.28
32.94
32.68
32.83
33.12
33.08
33.36
33.44
33.68
33.80
34.43
33.96
34.59
34.58
34.56
34.50
34.00
34.27
34.46
34.30
35.10
34.99
35.47
35.94
35.83
35.76
36.10
35.95
36.46
36.78
36.89
36.68
36.51
35.15
36.60
37.14
36.71
36.70
37.20
36.75
36.52
36.00
36.30
36.43
36.10
36.02
37.04
37.05
37.05
37.28
37.31
36.94
36.51
36.60
36.57
37.14
36.90
36.90
36.77
36.84
37.10
37.34
37.52
37.30
37.07
37.31
37.39
37.21
37.62
37.85
39.17
39.44
39.16
38.93
39.24
39.04
39.01
39.00
39.00
38.96
38.51
39.28
39.54
39.47
39.37
39.25
38.65
38.65
39.04
39.80
40.28
40.41
40.71
40.79
42.72
42.73
43.00
42.98
42.98
43.05
43.47
43.26
42.40
41.97
41.60
42.40
43.00
42.97
42.98
43.61
43.10
42.38
42.73
42.81
42.16
42.26
41.58
40.63
40.42
40.48
41.17
40.99
41.38
40.87
42.40
42.78
42.52
42.36
43.05
42.70
42.64
42.51
42.20
42.06
41.50
41.40
41.55
41.25
41.49
40.84
40.96
40.46
40.88
41.76
42.10
41.87
41.72
42.18
42.38
42.81
43.21
42.89
42.30
42.44
42.85
42.93
43.10
41.11
40.94
41.25
40.89
40.68
40.90
41.14
41.12
40.95
40.87
40.85
40.55
41.19
41.48
40.32
39.99
39.17
39.14
39.33
39.14
38.85
38.42
38.35
38.51
38.24
37.77
37.98
37.65
38.25
38.28
37.19
37.39
37.47
37.79
37.73
38.35
39.03
39.60
39.27
39.73
39.20
39.08
39.03
39.09
39.39
38.98
38.46
38.99
39.28
39.67
40.54
40.16
40.37
39.42
39.19
38.50
37.82
36.93
36.47
35.26
34.40
33.03
32.31
29.60
31.81
32.44
33.09
32.75
32.84
32.17
31.82
31.94
31.33
31.73
31.88
31.36
32.61
32.82
33.74
33.34
32.41
31.33
31.99
31.91
30.73
30.52
31.02
31.23
32.43
32.63
32.06
32.23
31.24
29.18
29.05
29.68
30.59
30.38
30.23
29.99
28.99
28.19
30.31
31.02
31.61
32.30
32.24
32.75
33.27
33.91
33.18
33.13
33.47
33.25
34.09
35.02
34.41
34.09
35.63
35.72
34.86
33.31
33.80
33.97
34.33
34.61
34.34
33.66
33.65
36.37
35.88
35.96
35.47
34.80
35.24
34.22
33.41
33.40
33.28
33.76
33.97
34.66
35.72
36.30
36.73
36.75
36.46
35.82
36.17
35.92
36.18
35.12
34.99
35.15
34.51
35.15
35.75
36.26
37.11
37.40
37.17
37.25
37.36
37.94
38.12
38.70
39.45
39.59
39.16
38.45
38.41
38.02
38.41
38.40
39.00
39.10
38.96
38.57
38.96
39.06
38.98
38.38
38.66
39.16
38.56
39.36
39.96
40.20
40.99
40.55
40.83
41.59
41.26
41.13
41.08
41.55
41.49
41.15
41.09
41.23
41.30
41.55
41.85
42.13
42.04
42.11
41.73
41.70
41.95
42.03
42.15
42.43
42.90
43.17
43.18
42.95
42.93
43.27
43.01
42.86
43.92
44.09
43.26
42.30
43.10
43.32
42.91
42.48
42.68
41.96
40.88
41.24
41.25
41.70
41.54
41.88
42.32
41.80
42.24
41.73
41.97
42.38
42.69
43.12
42.84
43.15
43.30
43.49
42.84
43.31
43.09
44.41
45.05
45.00
44.98
44.92
45.06
44.30
43.62
43.51
44.13
43.81
44.01
44.38
44.60
44.86
45.06
44.34
44.14
44.20
45.00
45.53
45.59
45.73
45.58
45.99
46.21
46.92
46.80
47.28
47.43
47.22
46.91
46.55
46.82
47.23
46.98
48.22
48.24
48.42
47.83
47.70
47.76
47.18
46.97
46.85
47.38
47.69
48.40
48.96
48.73
48.50
47.42
47.69
48.01
49.06
49.69
49.65
49.09
48.72
48.13
49.36
49.65
49.72
49.05
49.85
49.32
49.46
49.53
49.65
49.80
50.33
50.15
49.51
49.50
49.03
49.01
49.41
49.29
49.59
49.37
49.40
49.23
50.09
50.64
51.66
51.48
51.43
51.27
51.73
52.17
51.96
51.77
51.78
52.43
52.73
52.61
52.54
51.77
51.97
52.05
51.92
51.47
51.69
52.39
52.76
52.11
51.46
51.09
50.20
50.42
50.36
51.08
51.33
52.12
51.60
51.40
50.75
50.56
49.96
49.52
48.80
49.28
49.77
49.82
50.08
49.59
49.92
46.53
46.96
47.28
47.05
46.96
47.05
47.45
47.66
48.40
48.80
48.91
48.53
47.84
49.32
49.25
49.27
48.85
49.14
48.56
49.01
49.19
49.36
49.42
48.91
48.55
48.67
49.15
49.94
49.83
49.68
49.84
49.45
48.90
49.02
48.80
50.64
50.84
51.33
50.66
50.57
50.76
50.59
50.45
50.18
50.43
50.80
51.84
51.81
52.18
52.78
53.92
53.61
54.10
53.53
53.55
53.65
54.15
53.80
54.00
54.41
53.41
54.31
54.59
54.69
54.67
54.71
54.89
55.57
54.56
54.01
53.93
53.59
53.60
53.85
54.39
54.30
55.00
55.90
56.25
56.01
56.52
57.34
56.70
56.94
57.27
57.34
56.75
55.76
56.54
56.16
56.52
55.87
56.33
55.99
56.50
56.15
56.96
57.00
57.18
56.37
57.76
58.52
59.34
60.02
60.27
58.84
59.08
60.02
59.88
60.25
61.15
61.54
61.59
61.55
61.55
62.59
62.44
62.80
63.11
63.88
64.51
64.77
64.56
65.51
66.34
66.92
66.98
67.18
66.20
65.68
66.05
65.71
65.27
64.24
64.39
65.92
65.74
64.32
63.07
62.53
63.86
62.80
62.04
63.25
63.70
62.97
62.87
62.52
63.63
64.25
64.56
64.33
61.82
61.82
61.82
62.50
62.75
63.45
63.15
63.63
63.08
62.57
63.11
64.16
64.65
64.57
65.65
65.93
65.89
64.93
64.76
65.66
64.91
64.26
64.33
64.53
64.26
64.11
64.47
64.10
64.38
65.13
65.33
65.61
65.97
64.12
65.20
64.60
63.67
63.41
63.47
62.20
61.71
61.83
61.79
61.09
61.16
61.46
61.33
60.57
60.41
60.55
60.55
60.60
60.52
60.96
60.63
61.27
61.93
62.98
63.41
65.50
66.88
66.72
66.21
65.40
64.91
64.68
64.28
64.20
64.25
64.69
64.39
64.36
64.40
63.83
63.97
64.57
63.97
63.10
64.29
65.50
65.78
65.93
66.13
65.98
65.99
67.16
67.75
68.02
68.02
68.97
68.92
68.78
67.93
68.35
68.50
68.41
68.06
68.62
67.09
66.72
68.19
67.42
67.30
69.00
69.55
69.33
69.04
69.08
69.27
69.80
69.60
69.90
70.46
70.39
70.76
69.38
69.32
70.08
70.77
70.92
70.90
70.43
68.80
69.28
69.91
69.83
70.14
72.10
72.34
72.66
73.25
73.91
73.93
74.89
75.81
75.90
76.01
75.49
75.90
74.81
74.32
74.56
73.05
73.29
74.25
73.72
73.68
73.30
74.05
74.15
72.72
71.72
72.24
71.12
72.00
71.80
69.85
69.88
70.37
74.78
74.61
75.57
77.11
77.64
77.20
77.77
79.43
78.80
78.84
78.80
80.46
80.04
79.59
79.86
80.17
78.85
80.54
82.02
82.84
82.02
81.69
80.72
80.05
79.66
79.57
80.31
81.28
80.04
79.76
80.05
79.38
78.60
78.61
77.28
78.31
79.66
80.39
81.30
81.14
80.40
78.56
78.12
79.26
77.48
76.81
76.85
76.31
78.19
78.60
78.69
79.21
78.97
79.11
78.16
76.88
77.74
78.18
79.26
79.62
79.80
80.80
80.12
80.07
80.90
82.08
81.75
80.63
79.21
79.34
80.14
80.52
81.42
82.04
82.19
83.32
83.25
83.43
83.62
84.01
83.72
83.31
83.90
84.27
84.53
84.70
84.17
82.60
81.80
82.56
82.61
82.81
83.25
82.79
82.32
82.49
82.48
83.77
84.13
85.07
85.76
86.20
86.50
86.32
85.68
85.85
86.19
86.37
86.66
85.54
85.12
84.87
85.17
85.50
85.51
85.76
86.31
86.05
85.81
86.16
86.09
85.69
85.21
86.01
86.02
86.17
85.23
85.62
87.05
86.78
87.42
87.81
88.69
89.58
89.64
89.67
89.98
90.12
90.30
89.94
89.98
89.96
89.33
90.15
90.67
90.01
90.10
90.16
89.51
88.75
89.06
89.25
89.56
89.46
89.97
89.91
90.39
89.19
88.23
88.24
88.06
87.91
87.36
88.54
87.20
84.65
87.55
88.07
87.04
86.33
85.57
85.40
83.76
83.90
78.54
79.55
82.68
84.15
86.25
86.98
87.76
87.58
88.24
88.95
88.95
88.91
90.75
91.00
89.80
89.59
91.15
88.65
88.95
89.13
89.33
90.03
90.38
90.05
90.13
89.19
88.75
