-16.7270699749
-12.7724137931
-2.22617987533
-9.16403332376
-7.24076281287
3.97101449275
4.31654676259
0.178412132025
6.29007633588
0.750525367757
-8.0
-5.13240513241
-9.42633988688
-10.8843537415
-8.26218672542
4.16666666667
-1.6644295302
-1.97993664203
-3.6191974823
-4.44736842105
-4.15335463259
-1.16741841337
2.54466702761
0.659978880676
2.7027027027
1.84381778742
2.03031943692
1.20547945205
6.70422535211
10.8448172558
8.05742748315
11.2985839108
17.7419354839
8.39694656489
-1.82352941176
-1.61429806861
-3.79710144928
-15.0684931507
-9.02777777778
-5.55555555556
-0.715512306812
-4.8275862069
3.89980074011
3.03377218088
5.47905068854
0.373455903476
2.66213537242
-4.56397718011
-11.4097363083
-12.9114570043
-14.049382716
-15.0384985563
-11.1727799228
-5.53293413174
-4.2745481192
-0.75961774075
3.25465838509
0.460606060606
-0.143506338197
-0.461949914904
2.025
-0.469831849654
0.609756097561
1.21036068748
-3.22352941176
-0.149775336995
3.03184713376
5.47980447646
6.6064516129
7.59493670886
-2.14948705423
-7.10059171598
-3.42857142857
-4.32098765432
-6.7956583294
-1.65745856354
-3.14076111875
-4.16666666667
-5.81395348837
2.73939393939
4.88788107836
10.2628918099
3.55029585799
5.52147239264
0.462737457379
-3.5010940919
-3.06297476109
-0.612594952218
-3.41313107371
-2.81656804734
-0.145666423889
-0.608865075499
-0.171232876712
5.31702446331
7.4790129738
3.46646571213
2.95887662989
-2.36446142823
-5.0485897132
-5.84431137725
-1.55786350148
-1.82176267848
2.4217221135
4.97636227917
3.2393669634
-2.69489894129
-0.24557956778
1.71684498632
-1.37423312883
-3.71428571429
0.898276280651
-2.90891750119
-3.73652694611
-2.39520958084
1.20481927711
3.93641180924
3.55555555556
4.375
6.61389172625
5.06329113924
2.11285751095
5.03112033195
5.0972149238
4.42666666667
3.94736842105
2.64480296218
7.11111111111
5.54631170272
0.996498788042
1.49572649573
3.41903719912
0.699300699301
-2.54054054054
-3.88299249288
0.0
-0.1911001911
-4.66666666667
-2.78507619548
1.65789473684
-1.16156282999
-5.00518672199
-5.06329113924
-5.15823573386
-10.5882352941
-10.7445805844
-6.08865075499
-4.54325761237
-1.37625952322
4.93827160494
4.48055145249
0.293111871031
2.17283950617
2.03109327984
0.771336153272
3.83435582822
6.50364203954
6.74749604639
6.51709401709
6.09820485744
2.59638080252
0.998423541776
-1.30072840791
-2.44919228765
-2.74711168164
-2.23076923077
-1.47553714729
-3.9
-7.51807228916
-3.2298136646
-2.35353029544
0.0
0.0
5.38344337227
2.70477162541
3.90218522373
0.835291046724
7.55579456843
6.05978992728
4.67414529915
2.34291799787
1.64499867339
-0.985090521832
-4.32878124195
-2.11764705882
-4.91139240506
-4.12108878148
-5.81745235707
-5.91515151515
-5.99655935119
-3.51734245237
-5.00241662639
-1.06673282064
5.76923076923
2.36477987421
7.03267973856
16.7607223476
13.5492957746
11.6199198626
9.26333150082
5.69218016027
-2.07239568942
1.98218902614
-0.540848277825
6.03322646459
3.75573394495
1.06115610165
-4.9686049686
-5.84293755025
-9.85286389911
-6.51299919593
-3.55507675734
-0.677874186551
19.8522325731
20.1009782266
22.5689881735
20.0064641241
15.9383841559
0.809585492228
4.9685326267
1.90826916639
5.30973451327
9.46317962836
3.79831932773
0.835003340013
0.0
1.97847969455
0.414651002073
-0.833333333333
1.69836956522
-2.67188009123
-8.36513994911
-5.51746653608
-3.03813833226
-3.09414088216
1.25371164632
5.68067226891
5.62068965517
5.30973451327
3.6506311839
4.05080672846
9.94087213599
4.73094980137
11.119515885
8.79732739421
2.89650300247
-5.87826086957
-4.3192812716
-5.36864710093
-13.2646490663
-11.3650594865
-8.73015873016
-3.9176626826
-7.23771580345
2.23831468071
8.27118644068
-0.190114068441
-8.89292196007
-9.766327142
-8.2729468599
-9.75833588253
1.38130420816
10.2
9.44262295082
10.1796407186
9.66118752097
1.0058403634
-2.91262135922
0.164203612479
-4.57142857143
-3.05691056911
1.28162997042
-2.2461246441
-1.77419354839
-1.96078431373
-3.7558685446
-6.39803137496
0.349206349206
-0.481540930979
-0.863930885529
-0.187441424555
4.36597110754
-0.0317359568391
0.483870967742
6.96369636964
1.94267515924
1.30081300813
1.80936995153
2.17534607779
1.03367789263
6.33254317643
3.43087790111
3.23549032688
1.64154103853
0.908479138627
7.34278444202
6.10278372591
10.6681432263
6.60714285714
7.99418604651
-1.7850767583
4.1248606466
-1.05916727538
3.81905821283
-1.07836089145
0.322349570201
-7.84246575342
-3.45557122708
-4.02135231317
-2.72727272727
-0.178762960315
7.74907749077
4.64944649446
0.0712250712251
0.3861003861
-2.2027972028
-7.35042735043
-5.34404470835
-3.47198349948
-2.29766803841
-4.66666666667
-8.30721003135
-10.1944792974
-7.23852040816
-2.8971028971
4.96850944717
3.53781239857
1.1421319797
1.39023601681
-0.727272727273
-6.44844517185
-1.408
1.80878552972
0.0647039792947
-2.38786705389
-0.032722513089
4.69011725293
-0.3861003861
-1.15126319156
0.129240710824
-1.73633440514
-6.8933250156
-4.39864657029
-4.07975460123
-9.71411901984
-9.85507246377
-3.17124735729
-2.37237237237
-0.122549019608
5.0889025138
8.55884203902
4.71220746363
4.98108448928
3.22580645161
4.05103668262
0.569620253165
-1.64852255054
-0.408163265306
0.34909552523
-0.444585582725
2.5974025974
7.669122572
7.23905723906
8.54288666896
9.15077989601
5.29914529915
-0.797342192691
1.74717368962
0.137978613315
2.12389380531
3.90763765542
6.21030345801
1.03842159917
0.869867780097
-0.352733686067
-0.141894288755
2.27354745579
4.33369447454
6.05166051661
1.25
2.06372194062
-1.70273146506
0.326086956522
-4.24028268551
3.66530914476
1.73112338858
4.40740740741
2.67857142857
8.22179732314
2.04004533434
0.92936802974
-0.110987791343
1.05263157895
-0.759013282732
-0.749906261717
1.50943396226
1.61654135338
-0.857249347745
-3.47985347985
-1.29533678756
-2.71659324523
-2.9197080292
-1.50513950073
0.812407680945
1.5026296018
2.98676748582
6.82261208577
5.17374517375
4.96124031008
1.95327460743
1.14722753346
-3.75234521576
-1.89393939394
0.155279503106
2.75482093664
6.17133576939
4.79748328746
2.68378063011
1.57728706625
3.75663536137
2.1567814185
7.84563189143
33.5584415584
37.8260869565
32.3783783784
41.9905771496
31.9529938444
7.54189944134
5.38373424971
6.07798165138
-3.24786324786
-4.02792696026
-0.665926748058
-8.10526315789
-12.405826218
-9.06735751295
-3.02083333333
-3.68786745056
-0.523560209424
3.16062176166
-2.77078085642
-2.0907700153
-2.29765013055
-0.313152400835
4.32432432432
10.8938547486
6.05732828556
3.23450134771
3.45572354212
0.325379609544
-5.88853838065
-1.17584179583
1.64383561644
1.98237885463
-0.80688542227
1.00902814657
-0.84790673026
-4.74947807933
-3.14666666667
0.704225352113
-0.0530785562633
-0.42216358839
2.40513094602
-1.83246073298
-4.45134575569
-7.1921182266
-8.71868978805
-12.976744186
-10.2021626704
-7.3381294964
-3.33333333333
-2.94530154278
2.04081632653
5.24492825334
2.91214215202
2.58915486077
7.110665999
5.35
-6.65127020785
-10.115350488
-8.41163310962
-7.67452612113
-10.7142857143
-2.65287769784
4.35185185185
6.5808297568
4.0404040404
6.81926561755
7.43961352657
5.10948905109
1.40232108317
0.677966101695
1.79611650485
-1.42857142857
-1.90930787589
-0.19305019305
-3.7296037296
-6.87160940325
-7.48898678414
-9.89247311828
-9.08293111014
-1.60550458716
-0.762673844773
3.79515317787
8.79737950398
6.09869646182
6.34146341463
4.94350282486
3.16037735849
1.23164377072
0.326950023354
-3.30188679245
-2.47933884298
-4.24570912376
-2.94252873563
0.0467289719626
0.664767331434
-2.98440979955
2.12177121771
-0.229357798165
-0.093370681606
-6.60753880266
-4.14175918019
-9.47807933194
-6.83760683761
-10.2639296188
-6.97194719472
-2.00836820084
4.76815398075
-3.82244143033
0.589970501475
2.40811153359
-1.32122213047
-4.31142737547
0.329896907216
3.17391304348
-1.33388912047
2.8013582343
-0.623960066556
0.414078674948
-3.19865319865
1.01052631579
-1.50501672241
1.3918177984
2.8973157222
1.10638297872
-2.34375
-2.40718074255
-2.42798353909
-2.20833333333
-0.550148116801
3.71002132196
5.64655172414
6.29921259843
4.84927916121
2.38301559792
2.40174672489
1.93321616872
1.87165775401
1.46276595745
-0.688468158348
-0.951557093426
-1.34373645427
-6.69438669439
-3.87729015765
-3.16666666667
-2.19966159052
-3.47280334728
-0.248859394442
-3.81147540984
-3.80761523046
-3.66748166259
-2.44897959184
-1.67210440457
-2.4
3.52697095436
6.60295395308
5.69456427955
1.44807612743
4.03662089055
2.1186440678
0.567933595457
1.26692878986
1.42677297524
2.03821656051
1.94384449244
-2.38805970149
-6.18852459016
-2.73469387755
-3.99510803098
-6.84104627767
-4.01146131805
2.34899328859
4.4776119403
2.93747377256
5.4753820034
3.78079864061
3.4273318872
0.947051226862
4.01571366216
4.71111111111
5.84532374101
4.20433996383
7.05069124424
5.81986143187
2.36578707916
3.05838739574
4.58628841608
3.13688212928
2.94816928198
2.09010682768
-1.68564920273
1.39022051774
7.56646216769
9.24675324675
13.3157894737
14.1445657826
9.67402733964
2.67716535433
1.85185185185
3.48583877996
3.94594594595
0.369393139842
-3.73926225366
-0.526315789474
-2.13219616205
1.14816839803
1.33689839572
7.26287262873
5.67296996663
6.28895184136
0.826901874311
5.88901472254
10.8774038462
13.0817610063
12.9238643634
10.4750304507
6.83605565638
4.0
-8.35734870317
-10.378440367
-7.38860688099
-1.7825311943
4.50685826257
21.5837421163
21.2795549374
27.5539568345
16.0689655172
4.50511945392
0.281096275474
4.42992011619
-4.13793103448
-4.2904290429
-7.62925598991
-14.5345345345
-16.2917933131
-14.201183432
-12.780656304
-5.76351752822
-0.119976004799
2.8125
9.74025974026
10.1458465441
7.33418367347
13.1704005431
6.3829787234
4.33604336043
2.66927083333
-1.38364779874
-9.35384615385
-7.0457354759
-4.77419354839
-0.903225806452
0.505689001264
1.68961201502
2.79542566709
4.65901417961
1.70603674541
4.97677504977
8.33898305085
2.00907323396
-6.85534591195
0.0
-0.462351387054
-6.05095541401
-5.04615384615
-0.625
1.26245847176
7.07213578501
7.16723549488
14.4366197183
5.12483574244
-5.9375
-12.0646766169
-12.5373134328
-13.4146341463
-9.13432835821
-4.4776119403
-7.47986191024
-2.1040327294
-7.86516853933
-3.73563218391
-6.84093437152
0.0
2.14925373134
5.76351752822
4.19161676647
5.57839107457
-3.71191135734
-10.091250671
-10.7635206787
-8.54326396495
-3.67647058824
3.91479562464
6.15384615385
5.36312849162
0.772626931567
-4.5871559633
-5.13380666303
-3.46534653465
-3.50404312668
-7.31457800512
-5.12032770097
-6.77189409369
-4.36612309311
-6.73705379588
-1.36226034309
0.72202166065
5.9331175836
7.52262443439
12.7551020408
15.4338963308
15.0741839763
8.80281690141
4.86358244365
4.5643153527
3.93462469734
-0.177725118483
0.0587199060481
1.99637023593
4.13580246914
0.364520048603
1.50330727601
3.77818403413
-0.18115942029
1.18675827608
2.61845386534
1.96198651134
-4.92468134415
-4.60829493088
-12.2739726027
-11.135734072
-7.74886877828
-4.53539823009
-4.35261707989
-0.273224043716
-2.27395776936
-1.72317954419
0.16620498615
1.96629213483
6.7055393586
6.63972286374
1.75339366516
5.55555555556
6.26865671642
1.78041543027
1.52403282532
8.13455657492
-2.28571428571
-4.01146131805
-0.295857988166
0.94674556213
-3.82352941176
7.03363914373
6.01458080194
2.54854368932
3.68098159509
5.39367637942
-2.27136879857
-4.85549132948
-2.19584569733
-3.26409495549
-5.22914218566
0.722456351595
3.22195704057
1.07978404319
2.12121212121
-0.234466588511
-1.13095238095
4.42367601246
4.57967377666
5.36398467433
8.52417302799
10.6719367589
6.85752330226
5.00658761528
-3.33333333333
-4.26309378806
-10.758377425
-9.40892641737
-10.5480259281
-5.48424737456
-12.3799359658
-2.24137931034
-6.27473148672
-3.74361883154
-2.50284414107
5.93555681176
2.23266745006
3.38983050847
-1.94660734149
-0.396600566572
1.43348623853
-4.05862457723
-0.116754232341
5.14619883041
1.7877739331
-2.24215246637
-2.52747252747
-6.44456581103
-4.94719288494
-5.76086956522
-3.30623306233
-3.55060943296
-4.83367983368
-3.53887399464
1.32158590308
0.0
2.94599018003
3.10825294748
-0.373931623932
-3.86447856008
-0.216333153056
-0.704225352113
1.6339869281
3.02696752889
1.23258306538
-2.88865546218
-0.216216216216
0.327868852459
-1.57096424702
1.19305856833
6.84624017957
3.64145658263
2.34899328859
1.87637969095
1.09649122807
-5.56438791733
-8.17901234568
-7.26141078838
-7.78625954198
-9.11808669656
-4.504048583
-6.22286541245
-7.92741165234
-7.65977443609
-1.23031496063
-4.17070805044
-0.336538461538
0.673076923077
4.57002457002
-1.69327527818
-2.45979186377
0.921882581271
3.53409656546
0.0983767830792
4.07854984894
7.69230769231
7.84929356358
3.55670103093
5.11892450879
0.556962025316
-1.30718954248
-5.44285007422
-3.33831589437
-6.02526724976
-4.12621359223
-4.92351816444
-1.70233463035
-3.69481765835
-3.42562177382
-3.51288056206
-0.61757719715
-1.24879923151
-0.809138505474
4.40960313572
2.54562920269
2.13488597768
-0.143884892086
-1.31517144199
-6.84618895482
-5.57823129252
-4.97925311203
-4.88138686131
-5.46181172291
-0.904568068747
2.32018561485
1.30780009341
1.24711316397
3.11355311355
0.272108843537
-4.00890868597
-4.84444444444
-4.03368794326
-2.71714922049
-1.5625
0.989653621233
2.36578707916
4.44444444444
4.85754320411
5.41176470588
6.61870503597
6.08108108108
6.4039408867
4.43902439024
1.43198090692
-2.20450281426
-3.44827586207
-4.20009438414
-4.02621722846
-1.08593012276
3.49514563107
3.77176015474
4.69367588933
6.26865671642
3.62035225049
1.62802170696
1.12469437653
-1.171875
0.449775112444
1.18811881188
2.32205956588
0.689315608075
1.99203187251
-1.33136094675
0.148735746158
-4.89678348536
-3.00859598854
-5.63909774436
-4.29447852761
-6.44712430427
-2.935694315
-4.29616087751
-1.75438596491
-1.44186046512
-1.77676537585
-1.33333333333
-0.0913242009132
0.370713623726
-0.232018561485
0.734281780633
0.601295097132
0.228832951945
-1.00917431193
-2.66485998193
-3.32741792369
-5.05050505051
-4.50174825175
-3.71024734982
-3.40314136126
-0.923076923077
-1.08601216334
-2.22222222222
-3.24786324786
-0.993520518359
-1.60034602076
-1.37103684662
0.343053173242
1.43042912874
0.521059487625
2.66429840142
2.41333918385
2.82186948854
2.17006200177
0.876040297854
-2.04436711614
-1.25649913345
-1.77566045907
-2.54639620199
1.1071744907
5.21739130435
3.96396396396
6.55283802492
6.4308681672
1.25560538117
-2.4988844266
-1.98675496689
-5.03943908852
-4.64301357862
-2.83224400871
-2.31037489102
-2.11754537597
-1.76495910461
-2.64392324094
-2.17391304348
-1.83996576808
-0.301594140457
-1.06473594549
0.643776824034
0.557222460351
-1.26742712294
-3.85252692626
-2.97520661157
-5.28455284553
-6.53044871795
-4.82509047045
-2.97427652733
-1.94489465154
-1.20481927711
0.564061240935
0.0804828973843
1.67552104618
0.406834825061
0.80971659919
3.20166320166
1.84426229508
1.28311258278
3.84452893959
1.02249488753
0.208333333333
2.52100840336
3.86930352537
2.06985769728
5.38793103448
2.78372591006
0.126209507783
-3.40531561462
-15.9782608696
-17.1428571429
-13.2615156018
-11.6356877323
-9.84649943841
2.22222222222
5.46139359699
0.635514018692
3.62095531587
1.55893536122
1.0101010101
0.0753863550697
-0.446594715296
-2.98953662182
-1.31332082552
-0.261194029851
0.188821752266
2.40091463415
2.02058711399
4.71512770138
7.41482965932
1.45593869732
3.59257797079
3.26771653543
-1.35658914729
-3.03148076176
2.79637652619
1.72690763052
1.19521912351
4.15825595478
2.71457085828
1.15537848606
-1.19047619048
-0.317712470214
-0.880352140856
-1.18343195266
-3.27552986513
-4.90566037736
-5.302745393
-3.92156862745
-3.42857142857
0.972762645914
6.0
6.36
5.3036437247
5.42168674699
2.96474358974
0.806451612903
0.0
-0.72347266881
1.01419878296
2.37899917966
2.5641025641
4.38413361169
4.97890295359
7.03430308294
5.40423692175
5.03909643788
4.13043478261
4.17582417582
2.58351893096
4.66063348416
0.174064403829
0.0
-2.36051502146
-3.39931153184
-3.49344978166
0.61295971979
0.0
1.08459869848
2.46913580247
-1.29310344828
-3.83157894737
-2.78951817413
-2.78363559679
-3.36599914785
-2.68456375839
-2.74365274365
-1.29328327076
-1.45469659185
-3.81147540984
-3.08943089431
-0.650935720098
-3.03398058252
-2.66990291262
-1.21457489879
-1.08564535585
-1.126307321
-1.19904076739
-0.921843687375
-0.882825040128
0.892494929006
-1.89423835833
-0.635424940429
-1.14896988906
-2.23617104747
-3.29540996469
0.237341772152
-0.356153541749
2.18623481781
3.07319045693
4.681724846
2.76422764228
3.77823408624
1.93974411886
2.23232740802
2.01089233347
4.90405117271
3.66113239676
1.38075313808
2.32656514382
2.4024024024
2.13414634146
2.80087527352
4.1394335512
3.50262697023
1.34782608696
-0.563014291901
-1.08225108225
0.790513833992
1.55624722099
3.2315978456
5.0022737608
5.2871467639
1.47058823529
3.25987144169
5.04479019331
5.26567735759
1.80974477958
2.09281164695
-2.15633423181
-5.3125
-6.9073083779
-2.79657194407
-1.47915732855
-1.06666666667
-1.23456790123
-0.970873786408
-1.02678571429
-0.623608017817
0.0889679715302
0.621118012422
1.29637907912
-1.27809607757
-1.92223678462
-1.66229221347
-2.67702936097
-4.07375643225
-2.40860215054
-0.521512385919
-2.30769230769
-1.11016225448
0.821444012105
-0.683468603161
-1.24463519313
0.601891659501
-0.170502983802
-0.172637030643
3.58407079646
2.19298245614
3.14855875831
1.64644714038
-1.57179269329
-5.36013400335
-6.3270336894
-8.88888888889
-7.12273641851
-5.46184738956
-3.86473429952
-2.67892842863
-0.402414486922
-0.240867121638
-0.717703349282
-0.200883889112
1.09135004042
-1.77865612648
1.17790414297
1.9926799512
0.0804181745074
-0.921105326392
0.716560509554
-2.37906423473
-2.53666270313
-2.31736056559
-2.61310452418
-4.55927051672
-4.57813091184
-3.11059907834
-3.0833650552
-3.82595648912
-1.01541933058
-1.38059701493
-2.58136924804
-0.980022615907
0.376506024096
0.834281380356
0.525131282821
-1.69179845531
-2.89165446559
-2.85296269203
-2.76548672566
-1.47819660015
1.15327380952
-1.30057803468
-1.01375814627
-0.913408841798
-0.95168374817
-0.811808118081
1.76470588235
0.0
-0.941006152733
-1.47854309412
-2.02458423717
-1.44927536232
0.254083484574
0.949945195469
1.13056163384
0.655021834061
-0.108577633008
-0.144980065241
-1.36936936937
-2.03644158628
-1.68157423971
-0.896700143472
-0.755395683453
-0.359066427289
1.59709618875
2.00729927007
1.60349854227
2.31873389768
2.08944281525
1.24954061007
-1.1544011544
-1.11711711712
-3.99293286219
-5.08002783577
-4.52631578947
-2.80504908836
-1.42095914742
1.25223613596
-0.208333333333
-0.279916025192
0.777385159011
-0.283386468296
-2.37513098149
0.0
-0.867152271939
-1.73611111111
-3.68474923234
-4.18340026774
-3.48525469169
-1.77172061329
-1.87393526405
-0.102249488753
1.66723375298
0.878972278567
0.0681895669963
0.0
0.963523743978
3.37671473795
3.24607329843
4.1918294849
5.23485120115
4.00858983536
-0.175561797753
-0.139421401185
-1.47007350368
-3.42797783934
-3.52209944751
-0.175254118472
2.53752680486
2.03571428571
4.67560710402
3.35474660956
-0.244755244755
-2.33856893543
-1.30419457173
-1.77999288003
-0.567778566359
2.95176385889
3.13174946004
2.23423423423
-0.283990060348
1.00358422939
-2.01058201058
-3.30664810303
-2.90412876137
-0.914526908196
-2.24246671338
-0.211193241816
0.104529616725
0.633802816901
1.06647707074
1.42146410803
2.56317689531
3.87260224394
3.76324442821
4.41722345954
3.64640883978
4.05709992487
-0.144560896278
0.25641025641
-0.955882352941
1.30597014925
-0.819672131148
6.83397683398
3.40909090909
3.30421572351
2.09523809524
0.186636804778
-3.03257207039
-1.82223875046
-2.69770879527
-2.5974025974
0.44994375703
-0.14953271028
-0.407407407407
-0.0369412633912
-1.20967741935
-3.01818181818
-4.25912670007
-2.98239310097
-1.74228675136
-1.37382501808
-0.542495479204
0.503597122302
-0.179340028694
0.400874635569
0.290065264685
0.765306122449
1.75695461201
2.95420974889
0.549651887138
0.620211601605
-0.399274047187
-0.726744186047
-2.44956772334
-1.26628075253
1.36834319527
2.87528005975
3.07116104869
4.40015043249
3.40441451553
1.3113525665
1.94137799772
2.53456221198
3.74561061256
3.36426914153
4.95477782147
4.32883240667
3.78636907134
2.35623003195
4.31625655506
4.0081799591
0.72
-0.357426528991
-1.45611963794
-3.57837417347
-7.14014432207
-5.23123578469
-3.33973128599
-1.35869565217
-0.464576074332
3.01251956182
2.12930700736
1.59906396256
-0.463678516229
0.0
-1.50289017341
0.741029641186
0.117141741507
1.25195618153
0.23282887078
1.28805620609
0.627943485086
0.787091696183
-2.21882172915
1.17785630153
-1.00463678516
-1.08695652174
-2.90408865113
-0.4569687738
-3.11905667554
-0.766871165644
-0.808625336927
1.71006607073
1.78294573643
3.50393700787
3.49206349206
2.52664824319
1.49901380671
2.01660735469
0.833664152441
2.06561360875
2.30210016155
0.715137067938
0.277557494052
0.961923847695
-1.39776357827
-1.43312101911
1.45102781137
4.60389879718
3.95833333333
3.85732061385
5.10460251046
4.46315789474
3.34333476211
3.31467929402
3.83290267011
2.75150472915
1.66952054795
-0.171159606333
-3.04674457429
-3.77123912143
-3.12369845898
-4.88599348534
-3.549319026
-0.539643005396
0.124481327801
0.544388609715
3.32351703828
3.81319622965
2.81690140845
3.03548525011
1.66028097063
1.62462590851
-0.42662116041
2.04703832753
1.78416013925
0.815450643777
-0.552721088435
-0.593723494487
-1.96413321947
-3.52644836272
-4.39064423471
-4.62287104623
-4.99597099114
-5.9437751004
-3.99032648126
-3.13990461049
-1.98728139905
-2.36034618411
-3.15052508751
-4.06032482599
-3.26797385621
-3.45356868764
-1.66344294004
-1.07733743748
2.61904761905
3.83233532934
4.49077786688
3.56570512821
3.75249500998
0.719424460432
-0.11961722488
0.0401123144806
0.0
0.683279742765
0.0399840063974
-1.72413793103
-2.88274250097
-0.359281437126
-1.23064708218
-0.556660039761
1.55192996419
2.68
1.25303152789
1.98380566802
2.48573757131
3.54346930367
3.73443983402
2.27366680446
1.77173465183
1.6570008285
0.580190634065
-0.289615225486
0.917813934084
-0.532786885246
0.625260525219
-1.14707087259
-2.30396119644
-4.12
-3.63349131122
-6.14241001565
-4.79719188768
-3.73540856031
-1.49724192277
0.47619047619
-2.59146341463
-0.311041990669
0.705329153605
-2.34705656022
-0.943396226415
4.62519936204
2.55183413078
0.235663786331
2.6866851047
0.672734467748
-0.0796812749004
0.279888044782
2.00320512821
-5.20599250936
-6.0594795539
-6.0628742515
-6.25937031484
-5.49034456645
-0.18691588785
0.0744047619048
-1.21996303142
-0.854700854701
-2.76141384389
-2.58557902403
-2.99530855287
-3.32380271623
-5.17970401691
-2.96534476599
-2.24279102884
-1.14163396361
-0.850460666194
1.79340028694
-0.071403070332
0.142602495544
-0.213599145603
0.213068181818
-2.38095238095
-2.26796929518
-2.4347826087
-2.05718270572
-1.67597765363
-0.279329608939
1.99288256228
3.45448002879
4.21511627907
4.33515482696
4.75493782004
3.72831303064
-0.251256281407
-1.25583064227
-1.57762638939
-2.14745884037
-2.93801504837
0.251889168766
0.686416184971
1.30766436615
0.539762504498
0.504141159525
-0.465616045845
-0.717360114778
-0.433996383363
-1.06799572802
1.05531295488
2.12143379663
3.18282753516
1.3934726806
4.03703703704
1.02941176471
-1.51296829971
-3.36194563662
-1.44560896278
-3.19110792399
-3.23728210601
-2.25352112676
-3.88449639051
-3.82342718109
-5.71331981068
-6.64231152441
-4.69798657718
-2.70903010033
-4.06802267422
-2.5370675453
1.17607526882
0.675675675676
-0.829187396352
-0.0333333333333
0.396956665564
-1.26078301261
-1.82421227197
-1.17994100295
-0.662251655629
-0.885245901639
-1.56760287394
-1.53494448073
-0.74821080026
-1.08090402882
-0.489396411093
2.51088048209
4.39822707126
6.36678200692
7.95615275813
6.83164865807
2.32956491949
-0.407470288625
-0.584795321637
-3.25008552857
-1.51047030553
-0.30737704918
1.13324175824
-2.02224469161
-0.612036722203
-0.850918992512
-2.00803212851
-2.93333333333
-1.16588940706
-2.19487861656
-2.19707057257
0.167616493463
0.267379679144
-0.760330578512
0.534938147777
4.66898954704
4.7034047034
4.61538461538
3.95189003436
2.22146274778
-1.44230769231
0.0702493853179
-2.62172284644
-1.28900949796
-0.27266530334
-0.308113659706
-4.14141414141
-1.0778039744
0.442930153322
-1.54362416107
-2.76298268975
-0.66889632107
1.02075535897
1.27674258109
3.36455081512
1.55510480054
1.59700985389
-0.440379403794
-2.22672064777
-2.96196566813
-1.07023411371
-1.60481444333
-1.5015015015
0.0
1.78143199726
3.28151986183
3.31606217617
2.04290091931
1.82068017863
-1.28508623605
-2.36087689713
-3.14486450318
-1.60804020101
-1.6886187099
0.271278399457
0.236646382691
0.403090359422
-1.19165839126
-2.75862068966
-2.96150049358
-2.40844605741
-0.964737192282
-0.853298326223
-1.8691588785
-1.04200586128
0.764627659574
-0.331564986737
-1.93112327004
-0.0322164948454
-0.711283543485
-2.68521514073
-1.21192269898
0.225806451613
-0.480923372876
-0.450595429675
-1.37204850032
-2.7397260274
-0.8
-0.383264132865
-0.73482428115
0.73931211829
1.19277885235
0.48231511254
-0.85497150095
-0.918012029123
-1.08108108108
-0.831202046036
-0.892288081581
1.21794871795
-1.21951219512
-0.882445635046
-1.82046453233
-0.254291163382
-1.67034352348
0.883280757098
-0.501724678583
-1.84842883549
-4.23135464231
-4.13897280967
-5.59857057772
-1.57407407407
0.619962802232
0.983707347064
1.25420617926
1.57289776165
-1.6393442623
-2.59661835749
-2.10653024376
-0.909366474689
0.455788514129
1.07394906413
0.699300699301
1.06447688564
-0.18154311649
-0.543970988214
-2.54186602871
-3.83040935673
-3.57771260997
-3.19273579379
-3.78016865368
-3.12862108922
-0.984365952519
-1.01596516691
-1.67050691244
0.262390670554
0.0869817338359
-0.889526542324
-0.462294134643
0.521134916039
0.409836065574
-0.115841297423
0.897510133179
0.260718424102
0.787861103006
-0.116959064328
0.174064403829
1.02369113776
0.0579710144928
-0.522496371553
-0.84082342708
-1.48613889683
-2.89690428855
-1.51298886669
-2.2695035461
-3.79358437936
-1.43661971831
0.170697012802
-1.54581225408
-0.2828854314
2.60446479679
2.7496382055
1.35524798155
1.54109589041
0.5117998294
-0.199942873465
-1.79079022172
-1.64492342598
-0.426257459506
-0.87373167982
-0.793425899688
2.38649592549
3.95047169811
1.73460537728
2.10071942446
1.78828958754
-1.51905990255
-3.2239657632
-1.56516789983
-1.16609783845
-1.3375071144
-0.626602107662
5.89123867069
2.59854014599
2.23902297179
3.50515463918
4.1221826809
-3.69508292115
-0.522799883822
-0.864802536754
-1.22199592668
-1.40350877193
2.23081499108
2.07530388378
2.66350991418
2.26123177626
0.322675271341
-2.2105875509
-4.0943986352
-4.35890178319
-3.94398399543
-3.20840431573
-0.807847663012
2.7461291265
2.73335271881
1.62648852745
2.17580504787
-0.744558991982
-1.18360277136
-1.48954454311
-1.37496419364
-1.48613889683
0.954032957502
-0.0865301413326
0.547235023041
-0.314106225014
-0.455192034139
-0.945017182131
-0.715922107675
-1.5873015873
-0.171037628278
0.68748209682
-1.13250283126
-0.710833096389
0.857632933105
0.285877644368
-1.57879898506
-1.06442577031
-1.45699075371
-2.42677824268
-2.99500831947
-2.95485636115
-1.16279069767
0.0
-0.60992514555
0.222345747638
1.69727323317
0.305470702583
-0.833564879133
0.138811771238
-1.26234906696
-0.909842845327
-1.28837719298
0.418526785714
-0.0277546489037
2.38831132341
1.00250626566
2.93453724605
1.70261066969
0.924369747899
0.907286645875
2.86450873675
3.44424985406
3.04093567251
4.44704505559
5.09535160906
4.52095808383
1.39094406629
-0.581395348837
-1.04226983208
-3.45224395857
-2.31061713951
-1.16993272887
0.761570005858
1.40927774516
2.05519671169
-0.233440326816
1.00443131462
0.0
-1.3325608343
-1.38969310944
-1.03956107421
-1.85561032183
-0.928612884504
1.85895544408
1.64802825191
1.10948905109
0.349141693337
-0.0290107339716
-2.27797001153
-1.79190751445
-0.638236147375
0.0873616773442
-1.59862974593
-0.201438848921
-0.944746636129
1.14436619718
1.77830468287
2.9991179065
5.30303030303
3.25155187703
-0.81490104773
-0.47197640118
-0.845481049563
-4.48625180897
-1.34149897929
4.12121212121
2.23160434258
3.1889290012
6.76761433869
8.1362346263
1.28913443831
1.46878824969
1.00273473108
-2.79363172124
-5.54066130474
-1.74909529554
-3.51343371715
-2.74822695035
0.271084337349
-0.944231336677
-0.926202569465
0.803571428571
-0.849692352769
-2.46768507638
-1.51118860796
-0.357249181304
0.119189511323
1.91101821439
0.948991696323
2.65513126492
0.0893921334923
0.53924505692
-3.15211104685
-2.43055555556
-1.52761457109
-3.00578034682
-2.73892773893
1.49691810977
0.115874855156
-0.496930722011
0.610642628671
-0.952380952381
-2.0132297958
-0.576036866359
-1.9770773639
-3.04482661404
-1.75786787638
-1.91819464034
-1.5873015873
-0.314195944016
0.0
0.369948776323
1.25678377606
-0.282645562465
0.66129959747
4.90979000296
1.32641291811
0.343938091144
0.912721049629
0.957910014514
-1.65794066318
0.0
1.74978127734
1.24169794975
1.92307692308
1.35613207547
2.36127508855
0.616197183099
3.37313432836
0.505501040737
3.60415394013
5.80886945659
3.24144198728
5.14752040176
3.7962962963
0.645557946511
2.464
4.62757527734
1.14285714286
1.75879396985
4.12932138284
-1.48171500631
-3.48730498623
-3.99268515696
-3.95173453997
-5.44794188862
-3.14503816794
-0.18320610687
0.275061124694
1.09789569991
2.13292117465
3.11712846348
1.45600991326
-0.1221001221
-0.666464707664
-1.93998181267
-3.8158691702
0.0619962802232
1.33003402413
0.212507589557
-0.75210589651
0.609384521633
-0.524205982115
-0.277606415793
2.04460966543
4.39698492462
3.30500472144
4.17603597816
4.04364569961
5.6974459725
5.57029177719
3.58656667754
2.67150395778
2.66886326194
2.31155778894
1.10626885686
6.60410149461
6.34864959663
7.93029871977
4.6633941094
2.05268559699
0.313807531381
-2.92815798434
-2.36111111111
-3.02618157089
-2.04423592493
-6.45792563601
-4.95145631068
-4.22347855005
-6.63492063492
-5.92686002522
-4.54545454545
-3.22580645161
-6.11926319076
-3.9048200122
-1.85643564356
-1.13881194214
-0.80770425598
-1.68815224064
1.58041524636
-0.76757752533
-1.21617512922
-2.12830647613
-1.57099697885
-0.829748002459
0.493674791731
1.48102437519
3.20050203954
4.61441213654
4.128
5.36410923277
6.40183847669
2.18018595704
0.732250875517
-0.255346313438
-0.0649772579597
0.0
-1.67087011349
0.544174135723
-1.7868338558
-3.93258426966
-5.04987531172
-0.125944584383
-0.44614404079
2.90322580645
2.10325047801
0.532748354748
0.63371356147
-0.475737392959
-0.768245838668
-0.444162436548
2.70357257805
2.30145867099
0.574162679426
3.51225977469
4.92676431425
3.80888740394
1.74802110818
1.85185185185
-3.67060325567
-4.51366815003
-4.3464365612
-4.17193426043
-3.63180964308
-3.18294190358
-2.99105766266
-4.48717948718
-2.43601603454
-4.08408408408
-3.37414153479
-2.58335836588
-2.87577823896
-6.54178674352
-3.64583333333
-2.36151603499
-4.25654299684
-1.74774249927
-0.287356321839
-1.2289225493
-1.74735032942
0.14400921659
0.704018773834
3.38680926916
4.10592085689
5.05567258501
3.21046373365
0.679267572357
-0.443655723159
0.0297619047619
-0.21021021021
1.38637733574
-1.42649199418
-1.97158596695
1.78733717055
0.361663652803
-1.9213715637
3.24616771867
3.76052948255
-2.71146478043
-1.39673105498
2.17456961643
0.971168437026
1.06415323807
6.23043206011
3.89008953381
2.76225946617
1.41582025239
4.31335236283
1.17199873297
3.8141025641
3.76811594203
5.79615760339
2.03883495146
4.95345744681
4.17362270451
5.11171293162
3.75
5.82191780822
3.3676975945
1.7669045192
-2.92474531712
-5.12820512821
-5.50161812298
-4.55887176123
-3.2226241368
-2.3113964687
0.580270793037
-0.64308681672
-0.0327868852459
-1.64941785252
-1.64193242817
2.20757825371
3.39095744681
0.428054000659
-1.24560843181
0.795671546785
-1.84346701164
-6.08804246019
-7.40853658537
-2.64303482587
-1.0081915564
-4.36127435818
-1.44615384615
2.24438902743
1.29133858268
-0.251414204903
1.57084511467
0.931677018634
1.51898734177
0.126143172501
0.188916876574
-2.33200368211
-0.463678516229
-2.58939580764
-2.46078129806
0.697526949905
3.92219387755
-1.73147023086
0.0308356460068
-0.793408605432
-4.25015179114
-5.71256764883
1.7305315204
-0.246078129806
1.8018018018
-1.495215311
-3.28583890666
-1.67122455181
-0.0614817091915
1.32200188857
2.98737295966
5.00763358779
10.6962663976
5.9954382535
3.55280312907
8.37783711615
10.8666215301
5.2016985138
15.5062100113
19.4704049844
25.8823529412
28.2118055556
5.76347305389
3.46573208723
9.88446726573
-1.93654717759
-6.90909090909
0.640301318267
1.46187277756
1.38828633406
3.71794871795
9.46483856701
24.2395882078
5.85529067336
-3.83813099708
-7.61942360837
-12.7363952142
-14.6565495208
-8.10914681015
-1.07304993809
11.0477860587
10.9160958904
13.4057971014
19.4674012856
20.1884920635
5.35796766744
10.8159392789
11.8541033435
5.37010159652
1.10330992979
15.5899626268
-0.189393939394
-11.0810810811
-6.17339990921
-11.3777777778
-16.8294849023
3.88588293163
3.44827586207
0.410209662716
3.25837540156
-1.09793588054
-18.41894061
-8.797280068
-7.42616033755
-4.51358457493
0.707651481645
9.44224857268
-1.05130361648
0.508905852417
-0.0438020148927
0.802496656264
3.83036935705
8.83295194508
7.23055934516
2.93056807935
4.4713553796
-2.44661921708
-3.70207139709
-8.06856187291
-5.6170212766
-11.6824352118
-3.0198446937
-0.917030567686
7.21649484536
7.50228728271
14.6698113208
11.4423076923
7.20973782772
3.96085740913
8.00395256917
-0.141309467734
-0.810681926562
3.63901018923
2.87631831256
-4.75294117647
-4.71274685817
-1.31764705882
-0.338491295938
3.26732673267
3.05528612997
17.2631578947
13.5756280064
6.32390745501
3.90946502058
9.91471215352
2.7027027027
-0.637280934679
5.02159827214
8.96860986547
6.40952921157
4.57885811193
7.41585852824
9.13376546847
-0.446428571429
1.55529953917
4.92289442467
4.53190220632
5.73208722741
9.53545232274
2.47933884298
5.44090056285
5.93809222994
2.95060936498
-1.50511739916
2.10970464135
-8.26161790017
-7.58902510216
-9.41313190006
-6.79012345679
-8.39315295417
-1.52542372881
-1.83381088825
-9.03805496829
-2.56971022417
-2.26659471128
-7.13536201469
-6.13232920925
5.9943977591
0.715859030837
-1.38371474188
-5.69025235032
-7.05
-9.02140672783
-5.02092050209
-2.94421487603
1.65995975855
2.40655401946
3.15457413249
-3.09173846934
-5.60702096538
-2.45338567223
0.618238021638
-2.31124807396
1.70103092784
4.48293428426
0.592300098717
-1.6717325228
-0.205023065095
-7.66301761066
-10.3652968037
-7.65724703737
-13.6482939633
-15.7235421166
-18.7862388867
-13.5412554283
-13.8256087981
-7.48684743019
-4.81085526316
9.6186440678
7.87904599659
8.756941478
2.06526228831
2.09907640638
0.212314225053
1.07619457598
-1.22362869198
-1.34474327628
-0.209467951403
-1.83409754064
-4.08753096614
-5.31362365162
-2.34779148428
-4.82456140351
-4.57438345267
-2.92585170341
-1.184366364
-0.789577575997
-0.0796812749004
-0.356718192628
-0.438946528332
4.45360824742
7.8331204768
5.99662162162
6.36593591906
6.50233744156
7.01676963813
2.66608391608
3.40611353712
0.72186836518
0.426803243705
-4.22654268808
-1.92884697814
-2.34541577825
3.10858143608
1.47249891728
5.01553484243
4.90107913669
4.08344429649
1.91878625614
1.71806167401
-2.509736045
-7.64119601329
-9.11657926583
-8.56793145655
-10.5242412298
-8.29365079365
-5.12214342002
-7.5
-7.78781038375
-4.0831758034
-4.43686006826
-1.96987253766
2.2120518688
5.81210191083
3.64420062696
2.84711388456
2.45350217649
3.35041387466
-5.88235294118
-3.47957639939
-1.00386100386
-3.6231884058
-3.38918507235
3.20959010054
5.38062973296
2.77777777778
2.90423861852
1.4291232136
-3.47144456887
-6.38059701493
-6.21510978787
-5.62962962963
-4.14661236579
-0.186289120715
2.91858678955
4.63395638629
6.29921259843
6.1713836478
3.62934362934
-0.913242009132
-4.71243042672
-10.437235543
-10.4855735398
-7.76353276353
-7.10498409332
-5.00528727529
-0.351370344343
-0.070323488045
0.285714285714
-0.317124735729
1.03276353276
1.75187701108
2.96886314265
-0.814736096351
1.57480314961
2.25782957028
2.22953216374
1.50679897097
2.02385254789
-0.851667849539
-2.52041178559
-4.56923613533
-4.99301675978
-3.38687150838
-0.809574093629
-2.55966793497
-1.91583989052
-2.58503401361
-4.11784399063
-3.20272572402
-1.09476565173
-0.713315217391
1.76531671859
4.25828970332
4.18885339013
7.30543318649
4.6197583511
5.55352575813
4.52389638818
1.99131064446
-2.81840884766
-2.96551724138
-4.16666666667
-5.48275862069
-5.1510989011
-4.30180949129
-0.172117039587
-6.17608409987
-5.53745928339
-5.66893424036
-4.49951092273
-3.83978814962
1.43285571476
0.721784776903
2.11710221634
0.196014374387
-0.461285008237
-0.694904037062
-0.813537260007
-1.81877232868
0.92317837125
-1.58884565499
-2.51612903226
0.1629726206
0.293159609121
-3.09904153355
-2.71293375394
-2.60760289036
-4.66128029832
-5.33456675917
-1.97306608205
-0.782472613459
-1.75925925926
-0.402352212937
0.0
-1.11489625271
0.125352554058
0.0617665225448
0.092936802974
0.558139534884
0.685999376364
-0.250078149422
1.75989943432
1.4137606032
1.16060225847
2.26403061224
3.79623621025
1.69383189517
2.61121856867
4.18300653595
1.12866817156
-1.18627765309
2.22149624306
3.46897931955
2.27272727273
4.55158462576
6.37789904502
4.2930153322
1.4551607445
1.35501355014
-1.06737825217
-4.65040650407
-1.07853050219
0.0338524035207
0.135685210312
0.469168900804
2.3976023976
-1.62466843501
-1.76255404057
-3.24909747292
-3.30524951393
-3.1914893617
-3.42619276337
-3.37403598972
-1.4553686934
-1.68843580758
-1.08418367347
-0.0320102432778
-1.33164235891
-3.0112923463
-0.790139064475
-3.7150752226
-5.96026490066
-4.97137692076
-4.29300510357
-5.07050705071
-3.66755397811
-1.39507272188
-1.57176749703
-1.3037037037
-1.24444444444
0.088809946714
0.148632580262
-0.677466863034
-0.76448103499
-1.86100610643
-3.73325733827
-4.7295383744
-3.44141069397
-3.10541310541
-1.48954454311
-1.29395218003
0.255536626917
-0.873978009586
-0.622876557191
-2.13064199608
-1.84980673661
-1.86681526888
-1.03236607143
-2.43093922652
-2.00549450549
1.08847334636
-0.774122200719
-1.91570881226
-0.984682713348
-1.0331702012
-2.60940472955
-2.34881209503
0.605726872247
0.744006613392
-1.18216012896
-0.13572204126
-1.3844515442
-0.737906531839
2.68817204301
9.43840047045
10.2663873092
6.43241711533
2.32102908277
0.597779675491
-2.12949640288
-1.90839694656
3.18713450292
6.01838126297
5.2111410602
8.62769615505
3.62032248251
5.29556650246
4.36262376238
0.967644390686
-6.92464358452
-1.64572112507
-2.5502550255
-6.9660333909
-4.72486315183
2.01840308697
1.15012106538
0.542986425339
5.46448087432
1.75901495163
-1.60630841121
-2.62304745063
-5.25864532724
-5.31762000575
-2.7373823781
-2.58890469417
-3.2230462065
1.86317321689
1.31042516016
4.375
4.9880525687
5.5388320289
6.34674922601
9.01587301587
6.70053985392
6.69216061185
4.7288776797
-2.53470126735
-5.51889622076
-6.6962962963
-7.07728753331
-7.92452830189
-3.21261682243
-2.08516886931
2.17983651226
1.38096667667
3.14371257485
4.35842730875
1.369455195
-3.22297099326
-3.16860465116
-2.56709451575
-3.6133960047
-0.355977454761
1.30602552686
-0.232018561485
0.204618532593
-2.2681596325
-3.63064608348
-3.74285714286
-1.93401592719
-3.06035704165
1.78258328463
2.91262135922
3.91923990499
4.45632798574
4.53199052133
0.914184606311
2.41036456764
1.90620272315
2.21682356514
5.04044803983
5.60573030209
3.91358797746
0.823672971324
1.79289026275
-1.22925629994
-4.17785735601
-5.80949572398
-5.45139890395
-4.40307328605
-3.84160756501
-1.67253521127
-0.702781844802
1.16720163408
-0.616740088106
-1.08155510085
-0.263388937665
-1.18634259259
-1.80515759312
-1.30434782609
0.647249190939
3.17028985507
2.91840381179
4.83628717333
3.85310054184
2.96879733414
0.0604229607251
0.719856028794
0.452625226313
-1.80313331363
-2.10557532622
-2.38867590681
-3.3903216459
-4.13653456754
-1.88515081206
-3.40876539673
-2.69727403156
-1.06077981651
-0.517985611511
0.700934579439
0.837666088966
0.490196078431
-0.257363454389
-2.00225606317
-4.78309232481
-3.61915367483
-5.0123253903
-3.21062828674
-1.58201498751
-0.415397396843
-1.01956461835
-1.40426681069
-2.87634408602
-2.77927684835
-2.03472599023
-1.89240335226
3.06150848873
-1.45695364238
-0.510067114094
-0.162513542795
-0.61794734014
-4.39063331559
1.99945960551
0.811907983762
2.21483942414
0.949281258476
2.39782016349
1.61998901702
1.20514927417
-2.69396551724
-1.25870380289
-2.367650971
-3.03514376997
-2.19662469863
0.405734379226
1.63309744148
2.53682487725
1.1580931861
0.241675617615
0.0541271989174
-0.729532558768
-1.05263157895
0.188882892607
-0.241092954728
-2.63504611331
-1.83023872679
-1.14727854856
-0.802997858672
-0.718085106383
1.25400213447
0.506531591576
-0.898995240613
-4.18055911772
-5.90590590591
-5.47288776797
-4.91761723701
-4.25316455696
-1.04060913706
2.01684962982
0.993377483444
0.407228302367
0.2792586951
0.793041698644
0.0
-1.20785103171
-1.62744116174
-1.17912694431
-0.887423935091
-0.734921439432
2.29086229086
2.75276562902
-0.0501504513541
-2.59323289701
-2.56790123457
-4.56890198968
-5.05617977528
-3.15687226809
-6.61900369004
-6.48810898176
-6.2197650311
-5.31914893617
-4.43258296589
-0.778032036613
-0.892448512586
-0.34435261708
1.38335287222
2.27866128649
3.0174446016
1.74621653085
-0.411522633745
-0.790881600372
-2.6796026796
-3.74404356705
-1.37772675086
1.67364016736
-0.486111111111
0.394248608534
3.76736519896
1.4442115071
1.84659090909
3.79625180202
6.20689655172
4.19528949951
4.12321125394
1.00430416069
0.434362934363
-3.88257575758
-4.89967335511
-4.04933674657
-1.6462841016
-3.49324639031
-2.56055363322
-0.533766535159
0.280046674446
-0.258034248182
1.20197973132
2.55500354862
2.49762131304
2.6101532567
1.76653139174
1.92169108816
1.36690647482
2.48659190639
0.578034682081
1.67475728155
0.677146311971
-0.80875356803
-2.95718003312
-0.977820176485
-2.66950153555
-2.88868013152
-2.2780102278
-1.92575406032
-3.09683383407
-1.71813327142
-0.0938526513374
0.773014757554
0.0928936367859
0.394431554524
-1.91300387156
2.6493256262
2.66955266955
3.70905587669
5.30173466895
7.07144598878
0.241429261226
0.483325277912
0.0481927710843
-0.55879494655
-0.194694572889
0.705081449064
0.951451573555
-0.0481695568401
-1.12899351429
1.70792079208
2.67099350974
4.08836973083
5.3807106599
5.79415501906
2.98241141983
1.75260350521
2.28571428571
2.68438884545
1.96942213009
2.18806980985
3.57800578795
1.20925341746
0.366204551399
-0.489943269727
0.208822761681
0.502379693284
1.22405534859
0.420278434463
2.26793248945
-0.104302477184
-3.125
-5.38771399799
-4.75356517388
-4.16982562547
-3.49773527932
-2.17990478577
1.27485976543
2.0945083014
0.0252780586451
0.404244567964
1.62974280621
1.21290322581
-0.986342943854
0.508130081301
-2.84732449681
-3.39483394834
-4.46252465483
-2.39447050111
-0.404858299595
3.40101522843
5.25634386328
5.51508844953
9.57533134974
5.58375634518
11.4568599717
9.77828311541
16.3790493491
6.54178674352
18.6746987952
10.0560398506
6.31610758537
-1.84249628529
3.83004189108
-5.4839676356
-1.32104454685
3.89324960754
5.09056839475
4.07972594207
2.64533989542
1.68697282099
-1.6975308642
-3.43787696019
-4.37760571769
-4.55079271873
-4.10425404434
-0.184842883549
4.4080604534
2.91143119828
6.60406885759
7.53865979381
3.73921380633
0.985691573927
1.052957572
-3.00546448087
-5.68216347615
-3.75269147954
-2.66171463943
3.22890025575
11.4720812183
10.3251759973
7.29372937294
3.69062901155
2.62467191601
-3.58890701468
-1.09416445623
4.48275862069
4.35365036839
-3.26880355443
-4.30846081798
-4.85804416404
-12.1212121212
-8.43299601349
-6.66469194313
-4.5305514158
-8.03597331012
-1.16801437556
-3.91868002357
0.446295745314
-0.856973995272
-1.96245733788
-5.59796437659
-1.65169516082
-4.10841654779
-6.72546857773
-2.89975144988
1.40481651376
2.70833333333
2.8764308776
3.5683699686
4.17146144994
-0.76813655761
-4.7888920374
0.828647528855
1.12586605081
-5.28610354223
-2.68549280177
-3.18244170096
-4.89726991275
-1.45092460882
3.00308728599
5.21409845616
7.14285714286
6.37724550898
4.89406147419
4.57880833578
0.970588235294
-5.10460251046
-7.19644345652
-8.46763179459
-7.76935571197
-7.68395329894
-3.3692722372
0.194877505568
0.136761487965
0.791268758527
1.37627305257
5.51763367463
2.07445296959
3.5107587769
5.46762589928
0.442355543268
-3.06038047974
-4.76319350474
-6.31299734748
-7.60436054241
-2.87325456498
-3.81861575179
-1.46666666667
-1.59227355782
-3.19176319176
-5.72151898734
-5.51240290654
-5.66037735849
-3.33080999243
0.387596899225
1.98812290214
3.93229166667
3.30041580042
1.56330087135
-1.87626774848
-1.47545153905
-2.16560509554
-1.96178343949
-1.36501516684
0.228716645489
0.152866242038
0.66683765068
0.899742930591
0.584795321637
1.13081470059
-1.875
-3.63321799308
-5.07564665691
-4.70075115096
-6.30869251144
-3.49819059107
-3.18257956449
-1.49038461538
0.0484848484849
-0.0240731824747
-0.718562874251
0.529227808516
0.799612309183
-0.554484088717
0.556765916243
0.264169068204
-0.858573813499
-1.71469397476
-2.14673271998
-2.47875354108
-2.48243559719
-0.166666666667
0.574850299401
0.880533079486
0.284090909091
0.850259801606
-4.56714383095
-3.97884084637
-3.33563377042
-2.19958323686
-2.53222836096
1.78075855689
0.485324705339
0.4158004158
-1.0538373425
-2.11807120324
-2.06115515289
-0.551597333946
0.651011392699
-0.296939241663
1.23175182482
1.9866019866
1.35103657116
-0.162488393686
3.96580384707
6.95291534521
4.64104423495
1.85053380783
2.93906810036
1.08017282765
-3.95970009372
-2.63591433278
0.166349809886
-1.18063754427
-0.833134967865
1.18539592224
-0.491803278689
-2.9520295203
-2.30680507497
-2.55161215495
-3.67663850194
-1.92926045016
-1.02716274823
0.978336827393
-1.62026471931
-1.15124153499
-3.28742780986
-3.2464664311
-5.77260755048
-2.98870932035
-1.57742723839
-0.133096716948
2.14301827205
3.99452179868
1.75715251183
1.39671097094
1.96788057001
-0.247524752475
-1.55056179775
-2.39665787159
-1.79203539823
-3.28155764603
0.0900900900901
0.202657059221
1.4272970562
-0.72479683725
0.175323252246
-3.97923875433
-3.03493449782
-3.32039672273
-1.51416828899
-3.28529037728
-1.80505415162
-2.76008492569
-2.37844664281
-3.14267756128
-0.464135021097
-0.800505582473
0.856531049251
0.443974630021
-0.292458742427
-0.878293601004
-2.12371134021
-4.14614121511
-2.65486725664
-0.498856786531
-0.457951706911
1.04166666667
2.87162162162
2.79246879628
1.4764817549
-0.311267897904
0.292519849561
-4.03242147923
-4.2147922999
-3.22514798939
-0.823214653221
-0.250104210088
2.47093023256
2.17391304348
-1.4484007242
-2.70324389267
-3.6546184739
-1.9943019943
-1.06513723884
1.49040424663
0.341571227647
0.302114803625
-1.34511142341
-3.30758566053
-1.9615692554
0.2416918429
-0.421179302046
0.241497283156
1.20264582081
-0.577114427861
-1.60523186683
-1.16947472745
0.100725221595
0.463149416029
2.19646125686
1.81598062954
1.65222647592
0.0201491033649
-0.759392486011
-0.505868069607
0.18192844148
-0.0604107933951
-2.28391415633
-3.50944851523
-4.4839582528
-3.97903726708
-3.68502715283
-1.76015473888
-1.40684410646
-1.16523400191
-1.20805369128
-0.655105973025
-1.89753320683
-0.113938473224
-0.739476678043
-1.45502645503
-1.21811952798
1.46322680015
0.152149106124
0.879877582249
1.63241789898
1.74283501162
-1.0101010101
-0.0950028500855
-1.30262412686
-0.496846932926
0.252378178994
2.460456942
4.54906634883
4.70448705278
3.03209293168
0.526932084309
-2.06540447504
-3.96795116368
-2.52408477842
-1.93087468623
0.945626477541
3.23790720632
4.29765220852
3.63418530351
5.43566775244
1.9686621133
1.58443642198
-0.119236883943
-0.772736278978
-1.91693290735
-0.519584332534
5.94985125372
6.04847207587
5.23352793995
6.1691753233
5.41394564988
-0.75917334458
-0.960133583803
-0.990916597853
-3.10188989318
-3.63377994316
-3.28370385478
-1.41975308642
-1.54471544715
-2.09171359614
-0.805477245268
-0.527490363157
-1.41987829615
-0.786448880823
1.34529147982
0.85296506905
-0.0202839756592
-0.363783346807
-0.100725221595
-0.101812258196
1.17115266078
0.0405844155844
-1.47351652728
-0.600720865038
-3.57353229923
-2.66
-1.20288692863
0.74222668004
0.827781142742
3.62156663276
0.421771440048
-2.38747553816
-2.65573130248
-5.09676183177
-3.57072787914
-1.9109535067
0.630169358015
0.826934435913
3.18307631475
0.751136588259
-0.64591896653
-1.45546283718
-3.09101316543
-3.36262896446
-4.05841077186
-5.30120481928
-4.48563484708
-3.62265538801
-3.71596762325
-2.33376551213
0.297453058189
0.129918337045
-0.384685839897
0.853432282004
-0.552587953583
-1.33895818048
-0.883002207506
-0.128064398097
-1.55251141553
-1.20109190173
-0.80058224163
-0.947521865889
-1.70832584068
-1.75847837789
0.641025641026
1.45837179251
1.16129032258
3.76935995522
3.39517625232
0.220264317181
-0.769371679795
-1.95192481475
-3.9605734767
-4.56798866856
-3.33569907736
-3.07173295455
-3.58947551838
-3.22580645161
-1.10313430222
-1.70910359261
-2.47619047619
-0.329975686002
1.46049621679
1.42070680163
0.702493853179
2.55727224294
1.40894681226
1.10300658246
-0.565071516864
0.832300336462
-0.862676056338
0.158758158405
-2.17542638357
-1.08296943231
-1.94478208022
-1.55979202773
-3.62121727304
-2.84071694285
-4.75794376976
-4.88852188274
-4.7068538398
-0.101902173913
-2.65020576132
-0.939353988134
0.933488914819
-1.64067576348
-5.0475729721
-2.9397667359
-2.03422667097
-3.24193548387
-0.501050589947
-1.57142857143
-0.397835773393
-2.00917576333
-2.94301815905
-4.52160493827
-3.16630802336
-4.88875435145
-4.21275950902
-4.18479076046
-3.57142857143
-3.35710041592
-2.07499629465
-2.48263632333
0.300887618475
0.931210573746
1.81488203267
2.49126538053
3.20268415434
1.90096581328
1.66437624065
-0.854700854701
-0.648958647751
1.42304717711
3.4083703234
2.64890282132
3.63636363636
4.97465145754
2.3915109281
-2.72937548188
-0.0469998433339
0.862068965517
0.206381965391
-1.80404354588
1.64576802508
-1.02341448287
-2.28212589983
-2.08300948236
3.74314294934
1.70572293958
3.28315182575
4.34713121304
1.77187153931
-2.73069679849
-0.665083135392
-2.33067417488
-1.09073664243
-0.628831944663
-0.156690692573
-2.41075567918
-1.55528179858
-2.54198120475
-4.46079903875
-4.71782621678
-1.85044744426
-0.138397662617
-0.688494492044
1.15466423579
2.79312461633
2.37577639752
0.899922420481
1.11386138614
1.96746707978
0.277008310249
-0.32502708559
0.4206918043
-0.015467904099
-1.23929008568
-2.30040595399
-2.13571644956
-4.28038777032
-1.91169776969
-0.593155893536
2.7498841341
3.26920068825
4.79837449203
3.0487804878
5.40237255531
4.11774167605
3.39640950995
3.39366515837
4.61236506379
1.20051914341
0.712781467682
0.78239608802
1.96078431373
0.542673902319
0.916830386379
1.4795331251
0.689315608075
-0.687285223368
-0.799347471452
-0.504968235869
-1.23396655301
-3.0240331052
-4.42602439787
-6.39792334708
-7.94721847353
-7.99223184942
-6.19587936698
-4.72358813888
-0.349969567864
2.58421781264
3.38223938224
4.1355721393
4.12723041117
0.735744941754
-0.276115968707
0.403163281129
-0.78667283665
-0.662762022195
1.90565448297
-0.168453292496
-0.154822727976
1.296875
2.02862085234
-2.37877401647
-1.37441474098
-3.35178811911
-3.67248645394
-4.15975885456
-1.26467931346
-1.39985107967
-1.15367549179
-3.71014492754
-2.59835584263
-3.80883417813
-3.04649148137
-2.01449275362
0.116076610563
-0.511172776398
0.670651698498
0.362266338212
0.276122656591
0.101670297749
-0.768115942029
2.1444527178
0.627004957714
0.68773778168
1.59362549801
0.0434971726838
-4.09882890603
-2.02857142857
-1.6690647482
-1.953125
-0.375559728441
0.114383757506
-0.2849002849
-0.344135359908
-2.89407136836
-2.17606330366
-0.850581230508
-1.0012692145
-0.228898426323
1.72931256253
0.768902178556
-1.28743352925
-0.2812543946
-2.33337990778
-0.779920589904
0.861697544162
2.64291870152
0.850943128634
1.28785734503
-2.32686980609
-4.57722351651
-3.83977900552
-3.78002183406
-4.31956668923
-3.24309836505
-1.85608607935
-5.02426866063
-4.08376963351
-3.17293824571
-1.95769281303
-1.9388024268
-0.14409221902
1.56873172029
1.82910547397
0.955033824115
3.48027842227
2.53861652116
1.26548196015
0.929793828325
1.90592051906
-1.25336927224
-1.14194662063
-0.681909346169
2.04895489549
2.39446366782
1.81119648738
5.57969998598
2.14422288992
0.151494284534
3.22903271896
2.57565095004
-0.599219620959
-3.09687665431
-4.04387471918
-9.17466908902
-8.66435274457
-7.89372352715
-3.00385109114
-4.49324750726
-3.1666247801
-1.36934195512
-1.61636570274
-2.7829776613
-1.85804533631
-0.78543822466
-1.51098901099
-1.60288270378
-0.84148001485
1.59828844702
-1.83576061682
-3.14465408805
-3.43172546196
-1.70295584479
-3.06209588874
0.814312152992
1.59744408946
4.26623295383
2.67266142126
0.712618257771
-1.1464812782
1.06805762543
-1.08897413686
-0.348475420037
2.39023776576
3.06725329981
2.41668786568
2.96890927625
1.72173692873
-0.724366179593
-2.47640063749
-3.73454144729
-3.9294895336
-1.7903767251
1.18791861494
2.51351011688
1.49123897105
5.39285253516
4.44098169069
1.94537490338
2.45943857842
1.92526915769
-3.10038754844
-2.65453166477
-2.30333543109
-2.33903420523
-0.804121120744
2.24977630065
1.70995114425
1.03001017294
0.226871691454
0.0377073906486
-2.58996388993
-4.23540999754
-2.94952486733
-1.18321086063
-2.5
-2.00122025625
-1.45595729192
-1.27923976608
-0.778546712803
1.80910792265
1.94053986814
1.6903146206
1.22086570477
-1.545200146
-2.671523983
-3.51656265002
-3.21232385957
-3.0023923445
-2.18969415685
-1.97595524342
-1.12732882402
-0.166905102527
-0.759734093067
-0.884642604388
-0.70913603593
-1.41553579785
-1.02654867257
-0.0830269244455
2.39130434783
2.18599033816
2.61704681873
1.91197691198
0.87341469251
-1.15793243405
-0.024148756339
0.652489125181
0.580551523948
-0.381406436234
-0.805210183541
-2.90738569754
-3.47562397947
-4.38302301376
-2.93845441925
-2.75218793183
-1.48977942026
-0.139762403913
-0.859894519606
-0.483536725766
-0.0575440211762
-0.195942830798
-0.336622170633
2.19097832455
2.15218158297
1.2585945694
1.18964310707
-0.0695974944902
-0.801952580195
-2.03917050691
-0.487069465383
-1.61790017212
0.0116009280742
-1.34158926729
1.07126222636
0.995549308972
-0.103163686382
-0.634005763689
0.716018015937
0.432697930067
-1.69257340242
-0.297142857143
-0.527462446967
-1.15296803653
-3.49847646992
-2.72177419355
-2.7453595643
-3.1968031968
-2.49332146037
-1.95839787564
-1.33716432755
-0.453640185882
0.0777604976672
-0.586477813434
0.166241826444
0.678682688028
-0.462555066079
-1.01165603695
0.255158642112
-0.780734550253
-0.750883392226
1.33928571429
1.58623771224
0.188951872847
1.41630422661
0.532859680284
-0.742217791071
-0.896712055795
-0.409563869825
-0.906177478174
0.884757531638
2.21945419545
0.983789826719
2.57749517429
1.97205318909
0.517843071035
-0.808716163091
2.24025602926
1.47482428851
0.327868852459
0.30487804878
2.2041097463
-0.703665872205
1.26006300315
2.5269502724
5.54165176975
3.52983123366
7.34649122807
4.85686322486
2.91065251103
-1.88260056127
-3.88393877085
-5.7634902411
-7.10307989544
-5.39442500846
-3.31260599209
-2.65762259535
-2.71417401988
-2.47173575704
-3.031297877
-3.55468324065
-0.464858882125
-1.61538461538
-1.9347826087
1.53333333333
2.14969926487
0.411202489442
1.22358175751
1.66869267322
-0.881057268722
-0.696825572392
-0.332299512627
0.0890670229348
1.7885264342
