72.12
69.19
69.00
69.75
71.00
71.50
68.25
69.50
70.56
72.81
70.25
72.25
72.75
72.63
72.19
73.00
75.00
78.56
76.62
76.81
81.31
81.38
80.25
81.56
81.75
84.00
82.44
81.38
82.00
79.06
79.62
79.00
77.81
74.56
75.12
76.56
74.62
74.88
76.38
77.69
78.87
79.75
79.38
82.25
81.00
78.63
78.06
77.75
77.13
78.50
77.19
84.19
88.50
84.50
85.50
88.75
90.94
96.00
93.56
93.12
89.31
85.94
86.00
87.81
83.00
84.25
86.81
86.00
85.12
85.00
86.50
84.25
75.75
74.94
78.06
75.63
76.25
74.44
75.25
76.19
73.31
71.75
71.56
73.38
74.25
72.87
70.50
71.31
70.88
68.75
68.50
68.13
72.06
73.69
73.06
73.75
72.25
70.50
71.94
70.50
69.75
69.38
71.13
73.00
75.44
80.00
79.25
76.50
76.62
75.38
71.37
48.19
47.62
48.25
46.62
44.12
45.12
47.50
46.38
46.00
46.44
46.56
47.81
46.69
46.62
45.62
45.88
47.38
46.62
48.25
49.69
49.81
50.50
50.62
51.00
51.81
50.12
50.12
50.50
51.62
50.75
50.88
48.62
48.38
48.06
48.25
49.62
50.69
50.00
50.62
52.56
52.62
52.12
51.75
51.31
51.56
51.62
50.06
50.06
50.25
50.62
51.00
52.75
53.00
51.88
52.00
51.62
52.31
53.50
55.12
56.19
55.75
55.94
56.75
56.50
52.00
49.62
49.94
48.44
46.56
46.44
45.62
44.62
44.56
47.00
45.75
45.25
45.12
46.19
46.31
46.56
45.44
44.25
41.75
41.94
40.25
38.88
37.44
37.75
38.75
37.75
32.38
38.12
38.12
37.94
38.12
39.75
38.88
40.31
42.81
44.12
44.50
45.38
44.12
44.56
44.62
43.25
42.56
42.81
40.75
41.75
40.62
40.56
39.12
38.12
37.75
37.00
37.81
39.19
37.44
37.19
35.44
37.06
36.88
38.06
39.06
38.31
39.62
40.06
41.94
43.62
41.38
41.88
43.81
43.94
43.25
43.44
45.00
45.19
44.81
45.94
44.31
43.31
43.19
50.81
48.31
48.31
47.88
48.94
51.12
52.38
52.50
52.12
50.56
49.81
50.06
50.12
52.25
51.75
52.75
54.18
54.63
54.50
53.51
54.29
53.70
52.00
51.88
51.53
51.05
51.68
51.10
50.90
50.90
50.25
49.63
47.01
45.39
46.20
46.81
46.85
45.30
44.78
45.19
45.30
47.50
48.02
49.80
47.80
45.49
45.60
43.39
44.75
44.12
42.65
42.50
40.05
37.58
39.81
41.65
41.10
41.95
42.02
42.90
43.65
41.50
39.21
41.26
39.50
39.90
41.23
44.05
44.00
45.02
44.77
46.50
48.20
47.30
46.74
47.35
46.02
47.25
49.05
47.75
47.55
48.30
48.31
48.19
48.61
47.50
47.00
47.26
46.35
46.35
47.02
46.60
47.86
47.89
47.70
49.71
48.39
48.95
48.60
48.10
48.39
47.85
48.40
48.39
48.50
46.26
44.51
43.80
44.01
42.50
43.25
43.31
43.35
43.85
44.15
44.50
45.22
45.75
45.05
44.00
44.00
44.31
44.00
44.09
45.34
44.95
43.90
43.36
41.95
40.71
42.16
42.21
40.90
40.60
40.75
42.95
42.95
43.00
42.55
41.70
42.25
42.78
43.55
43.05
43.00
43.50
43.04
42.57
42.31
41.82
41.21
41.13
41.55
42.00
42.01
41.28
41.02
40.82
40.40
40.60
40.60
39.85
40.54
40.15
39.42
39.12
39.11
39.06
38.09
36.50
35.96
35.89
34.00
34.40
33.01
31.30
29.04
31.60
32.13
32.05
31.70
33.29
33.60
33.82
34.30
34.05
33.06
32.05
32.07
32.55
32.94
32.01
31.85
33.45
34.57
34.00
33.00
33.88
35.52
35.73
35.60
37.00
35.65
34.55
35.25
35.16
35.80
36.27
36.43
37.54
38.60
38.02
37.25
38.97
38.75
39.15
38.81
39.57
39.28
38.45
38.60
38.96
39.26
37.20
36.50
37.61
36.13
36.26
37.63
39.15
39.70
38.41
38.26
37.67
36.80
35.40
35.81
36.72
36.85
36.15
35.02
35.60
36.00
35.99
36.35
36.16
35.68
36.34
38.02
38.90
38.28
38.39
38.36
37.72
37.05
37.31
36.10
36.50
35.50
35.62
34.99
35.90
34.75
33.45
31.70
30.40
33.02
32.05
30.55
28.30
28.90
29.55
30.24
30.74
31.05
30.00
29.40
29.30
28.95
28.39
28.90
26.70
27.75
28.51
28.50
28.87
29.05
30.00
32.31
33.17
33.70
34.17
35.03
35.36
34.94
34.70
34.85
35.07
35.56
35.15
34.20
34.50
34.95
35.10
35.15
35.26
35.00
35.20
34.58
34.12
34.62
34.25
34.85
34.50
33.10
33.60
34.25
34.33
35.76
36.37
37.30
36.42
36.20
35.87
34.39
34.77
34.00
34.35
34.40
35.49
35.02
34.24
34.63
36.00
35.50
35.00
35.10
36.73
36.90
36.83
37.60
37.28
37.30
36.84
37.54
37.51
36.95
36.70
35.05
35.87
34.57
34.08
34.22
33.40
32.50
33.18
32.79
31.73
32.50
31.25
33.57
34.78
34.25
33.01
32.79
31.65
32.70
30.15
31.40
32.55
31.35
30.00
30.00
31.15
31.80
31.25
30.06
29.25
29.68
28.44
28.43
27.53
26.91
25.85
24.42
19.80
18.22
21.00
21.05
23.25
23.80
24.11
24.25
23.28
22.10
23.25
23.18
24.82
25.27
25.01
24.30
23.37
24.11
24.19
24.84
26.30
25.98
25.66
25.40
25.65
26.20
26.04
25.66
26.10
24.75
24.25
23.99
23.90
22.08
22.74
22.90
21.86
21.75
21.26
21.34
18.80
19.50
19.90
19.01
18.50
18.32
18.80
18.26
17.86
18.78
18.09
17.60
16.54
16.15
15.84
15.26
15.34
16.40
16.80
18.01
18.00
18.52
18.29
18.55
19.82
18.91
19.65
19.51
20.95
19.90
20.34
20.42
20.51
22.00
21.79
21.24
20.01
20.00
20.00
20.30
20.10
21.42
21.46
21.70
21.63
22.15
23.76
24.31
24.51
24.10
24.40
25.11
24.80
24.40
24.05
23.54
22.80
23.09
23.27
23.70
23.87
23.51
23.55
24.66
23.90
22.86
23.66
24.30
24.03
24.19
23.67
23.61
23.69
24.80
25.20
25.96
27.62
26.51
26.85
26.75
27.21
27.14
26.82
26.51
26.03
25.27
24.60
24.50
23.56
23.06
23.24
22.76
22.83
22.70
23.34
22.75
22.78
22.20
21.80
21.76
21.94
21.51
20.86
21.17
22.07
22.30
22.38
22.15
22.19
21.72
22.10
22.21
22.51
22.66
22.40
22.35
21.96
21.57
21.35
20.67
20.13
21.07
21.16
21.01
22.45
22.70
22.75
23.76
23.45
23.57
23.88
23.68
23.88
23.65
23.75
24.62
24.90
25.09
25.60
25.45
25.58
25.41
25.42
25.88
26.28
26.25
26.50
27.16
27.17
28.65
28.31
27.65
28.00
28.63
28.81
28.69
29.09
30.00
29.97
30.16
29.82
29.58
29.77
30.36
30.28
30.76
30.90
30.23
30.05
29.93
30.27
30.37
30.50
32.07
32.19
32.42
33.32
33.74
33.40
34.41
35.01
33.60
33.87
33.91
34.23
34.34
34.85
35.63
34.80
34.05
34.58
33.61
33.50
33.79
33.50
33.80
33.64
33.05
34.04
33.70
34.40
34.90
35.40
34.72
35.18
35.78
37.01
36.00
34.82
34.85
33.50
34.26
34.60
34.52
34.47
35.16
34.75
35.03
34.98
33.23
32.40
32.73
32.50
32.52
32.66
32.94
33.30
33.13
33.21
33.48
33.66
33.83
34.05
34.38
33.82
33.27
33.00
33.06
33.12
33.78
34.08
34.55
34.57
34.16
34.26
34.21
33.16
33.52
33.44
33.72
33.87
34.52
34.62
35.11
34.56
34.61
34.79
34.43
33.94
34.12
33.86
34.56
34.78
35.00
35.12
35.17
35.56
35.49
35.43
35.56
36.15
36.26
36.50
36.16
35.97
36.35
34.69
34.70
34.63
34.79
34.99
35.36
35.73
35.81
36.05
36.28
36.30
36.11
36.02
35.65
35.53
35.76
35.61
35.10
35.07
34.81
34.70
34.45
34.75
34.99
35.10
35.20
35.25
35.36
35.58
35.63
35.23
34.85
34.73
34.70
34.50
34.55
34.90
35.11
35.32
35.28
35.19
35.34
35.65
35.99
36.03
36.12
36.23
36.52
36.60
36.53
36.30
37.09
37.49
38.06
38.35
38.42
38.45
38.93
38.70
38.95
38.88
38.97
39.75
39.37
39.33
39.89
38.94
38.40
38.74
38.86
38.76
38.85
38.61
38.91
39.51
39.32
39.52
39.98
40.00
40.25
40.35
40.47
40.34
40.17
40.03
39.95
40.15
40.56
41.12
41.40
41.50
42.00
42.35
42.92
42.29
41.80
41.20
41.13
40.75
41.00
41.69
41.70
41.15
40.44
40.85
40.54
40.70
41.20
41.47
41.85
41.74
41.94
41.10
41.13
41.35
41.22
41.00
41.11
40.00
39.01
38.24
38.91
38.87
38.50
37.45
37.52
37.92
38.26
38.37
37.89
37.46
37.55
37.47
37.81
37.90
37.32
36.47
34.62
34.93
34.76
35.48
35.33
34.75
35.49
35.71
35.75
35.87
35.90
35.80
36.50
36.51
36.66
36.50
36.75
36.84
37.15
37.52
37.78
37.60
37.48
37.02
37.19
37.09
37.13
37.13
36.90
36.70
37.07
37.58
37.77
37.85
37.80
38.20
37.70
37.95
37.22
36.65
36.66
36.63
36.72
36.70
36.29
35.91
35.76
35.71
35.50
36.70
36.12
36.37
36.16
36.48
36.36
36.80
36.88
36.91
36.92
36.64
36.15
35.90
35.95
36.20
36.50
36.75
36.50
36.93
37.86
37.83
37.85
37.92
38.47
38.34
38.60
39.10
39.50
39.10
38.91
38.99
39.27
39.70
39.71
39.35
39.35
39.47
39.16
39.29
39.08
39.15
39.51
39.30
39.50
39.35
39.41
39.42
39.06
38.95
39.04
39.42
39.86
39.75
39.06
39.16
39.41
39.26
39.38
39.01
38.95
38.20
38.52
38.53
37.79
36.32
37.05
37.40
36.90
36.95
37.03
37.67
38.02
38.43
38.41
38.63
38.50
39.00
39.11
39.06
38.85
38.87
38.90
38.95
38.40
38.12
37.79
37.27
37.15
37.26
37.55
37.60
37.11
37.06
37.77
38.20
37.99
37.77
37.80
37.53
37.25
37.49
37.92
38.30
38.76
38.63
38.19
38.52
38.64
38.80
39.10
38.93
38.95
38.94
39.05
38.95
39.01
38.32
38.39
38.64
38.39
38.05
37.90
37.57
37.71
37.65
37.52
37.83
37.11
36.85
36.76
36.83
36.76
36.51
36.63
37.24
37.30
37.38
37.35
37.40
37.60
37.69
37.45
37.39
37.14
37.27
37.45
37.18
36.78
36.30
35.90
36.00
36.45
36.65
36.52
36.88
36.87
36.70
37.12
37.31
36.91
36.34
36.29
36.00
35.86
36.19
36.05
35.90
35.82
35.50
34.96
34.88
34.87
34.73
34.32
34.47
34.53
33.84
33.35
33.97
34.62
34.67
34.50
34.57
34.25
34.50
34.19
33.89
34.21
34.68
34.73
34.32
34.56
34.89
35.04
34.97
35.00
34.92
35.12
35.27
35.45
35.52
35.50
35.54
35.00
34.86
34.63
34.11
34.53
34.50
35.46
35.81
35.91
35.72
35.66
35.70
35.72
35.71
35.64
35.56
35.01
35.41
35.20
35.45
35.48
35.31
35.24
35.27
35.39
35.61
35.61
35.88
35.80
35.90
36.06
35.92
35.40
35.52
35.62
35.88
35.32
35.01
34.81
34.43
34.30
34.50
34.75
34.86
35.17
35.48
35.60
35.38
35.10
34.84
35.00
35.32
35.24
35.31
35.07
35.18
35.11
35.15
35.30
35.42
35.35
35.21
34.94
34.91
34.63
34.46
34.29
34.25
34.52
34.40
34.38
34.52
34.41
34.31
33.82
33.86
33.63
33.38
33.31
33.36
33.72
34.07
34.25
34.63
34.51
34.61
34.50
34.15
34.18
34.05
34.22
34.42
34.45
33.92
33.79
33.91
33.89
33.74
33.76
33.50
33.78
33.75
33.56
33.44
33.42
33.74
33.51
33.11
33.01
32.92
33.76
33.78
33.74
33.91
34.45
34.77
35.25
35.51
35.63
35.94
36.00
36.40
36.58
36.70
36.98
37.06
37.38
37.25
37.21
37.68
37.99
37.98
37.65
37.45
37.70
37.62
37.77
37.52
38.14
38.75
38.75
38.80
38.22
38.40
38.39
38.57
38.79
38.32
38.42
38.65
38.89
39.00
39.26
39.41
39.64
39.49
39.42
39.60
39.86
40.01
39.97
39.82
39.80
39.48
39.30
39.42
39.50
39.55
39.88
40.07
40.61
39.90
39.65
39.41
38.95
38.80
37.88
37.97
38.09
38.06
38.71
39.17
39.42
39.74
39.67
39.59
39.40
39.31
39.05
39.25
39.44
39.29
39.61
39.65
39.97
40.24
40.40
40.55
40.74
41.00
40.87
41.55
40.97
41.13
41.37
41.43
41.14
41.02
41.20
40.96
40.87
40.98
41.25
40.99
41.26
41.25
41.15
41.04
41.00
41.82
41.91
41.78
41.50
41.31
41.12
41.50
41.88
41.50
42.04
42.02
41.63
41.69
41.48
41.70
41.91
41.83
42.07
42.30
42.38
42.40
42.16
42.11
42.16
42.53
44.10
44.73
44.91
45.22
45.50
45.69
46.04
45.85
45.51
44.96
44.26
44.25
44.13
43.09
42.69
42.50
42.34
42.12
41.59
42.32
42.95
42.44
42.17
42.74
43.53
42.91
42.01
42.13
41.25
42.02
41.59
40.34
39.33
40.00
40.01
39.75
40.04
40.10
41.00
39.85
40.61
40.69
40.94
41.61
42.00
42.00
42.04
42.27
42.29
42.43
42.15
42.22
41.21
40.61
40.40
40.52
41.74
42.75
42.79
43.35
44.01
44.37
44.20
44.80
45.04
45.25
45.20
45.10
44.12
44.84
44.94
44.33
43.67
43.50
43.71
44.15
45.12
45.25
45.27
45.33
45.11
45.16
45.63
45.30
45.31
45.42
45.70
45.58
45.32
45.44
45.48
45.13
44.68
45.12
45.29
45.73
46.10
46.76
46.47
46.22
46.95
46.67
46.51
46.75
46.39
46.62
46.90
46.84
46.74
46.94
46.95
47.00
46.78
46.69
47.09
47.17
47.55
47.74
47.50
47.00
46.61
46.37
46.54
46.82
46.75
46.92
47.31
47.16
47.08
47.43
46.71
46.69
46.50
47.05
47.47
47.20
47.18
47.31
47.36
47.06
46.99
47.37
47.59
47.55
47.40
47.38
47.18
46.45
45.78
46.21
46.05
45.51
46.16
46.77
46.76
46.56
46.35
46.70
47.35
47.50
47.30
48.00
48.03
47.95
48.14
48.33
47.62
47.95
47.82
48.64
48.27
47.59
47.75
47.63
47.32
47.36
47.44
47.94
47.90
48.10
48.12
47.92
48.14
48.70
49.28
49.51
49.93
49.50
49.11
49.37
49.85
50.86
50.73
50.54
50.76
50.80
50.52
50.08
50.25
50.33
51.00
50.89
51.01
51.12
51.27
51.38
50.72
50.43
47.60
48.89
48.30
48.11
47.20
47.43
48.26
48.62
48.53
48.60
46.56
45.91
47.14
46.98
47.16
47.33
47.81
48.36
48.43
47.94
48.35
47.79
48.02
47.95
47.70
48.09
48.27
48.34
48.66
48.98
48.98
48.73
48.66
49.32
49.71
51.43
51.35
52.10
52.05
51.65
52.18
52.56
52.14
51.99
51.60
52.00
52.37
52.59
52.55
52.23
52.43
51.95
51.72
51.55
52.00
52.20
52.50
52.45
52.31
52.09
51.93
51.45
51.26
51.45
51.35
51.67
51.66
51.54
51.19
50.26
49.74
49.54
50.03
49.34
49.52
49.93
50.42
50.33
50.29
49.42
48.68
48.58
48.06
48.30
48.08
48.56
48.10
48.57
49.04
48.65
48.45
48.53
47.46
47.12
48.13
49.27
49.73
49.83
47.83
47.84
47.38
47.06
45.12
44.29
43.50
43.70
43.61
43.94
43.20
44.00
43.39
43.28
44.15
45.27
44.17
42.51
43.68
43.13
42.81
42.16
46.15
45.07
45.75
45.03
45.15
45.03
44.89
43.46
43.15
43.34
44.27
44.26
44.07
43.83
43.20
43.35
43.67
44.15
44.38
45.01
44.89
45.12
47.17
46.73
46.63
46.17
45.65
45.74
45.68
45.58
45.42
46.82
46.65
46.98
47.28
47.05
46.99
46.55
46.53
46.54
45.79
44.60
45.75
45.45
44.96
44.66
45.13
44.74
45.15
45.93
46.51
46.05
46.04
44.20
42.06
41.67
42.69
42.15
40.68
41.17
41.86
42.63
44.44
43.08
42.48
41.19
40.28
40.15
40.96
40.33
40.57
42.56
43.01
45.01
44.95
44.00
43.93
44.53
45.85
46.55
45.50
45.18
44.73
44.68
44.36
43.13
43.66
43.05
43.33
44.14
44.24
43.51
42.82
42.79
42.00
41.76
40.63
40.16
39.42
38.54
39.30
40.39
40.60
38.85
40.21
39.80
38.52
37.66
40.00
44.26
43.21
43.40
44.75
46.32
45.85
46.90
46.03
43.85
43.27
43.25
43.26
42.82
42.75
43.01
42.47
42.01
42.17
41.85
42.22
41.91
42.76
43.41
42.62
42.39
40.38
39.43
38.22
38.11
37.15
36.61
36.31
37.16
38.40
36.63
36.01
37.00
41.25
42.44
42.85
45.02
44.91
43.97
42.86
42.65
42.61
44.66
45.94
45.32
45.12
45.47
44.43
44.08
43.58
42.43
41.17
41.28
43.10
44.17
45.42
44.60
44.75
44.69
45.34
46.54
46.81
46.62
46.73
47.68
48.03
47.85
47.25
46.39
45.31
45.52
46.51
45.22
45.30
45.58
46.05
45.87
43.50
42.33
42.10
42.12
42.30
41.90
42.29
42.87
41.66
41.19
41.16
41.40
39.95
36.42
37.16
37.07
37.63
37.80
39.10
38.95
37.93
36.82
36.95
36.51
36.25
37.50
36.20
34.20
33.96
32.33
34.23
34.49
33.56
33.42
34.09
33.55
32.09
31.68
29.24
31.50
37.80
39.20
38.35
37.61
39.37
39.04
38.48
37.41
37.18
39.97
40.30
39.77
38.91
40.21
40.34
39.48
39.40
40.37
37.02
36.15
36.42
37.37
36.65
35.00
35.02
35.79
36.86
36.08
35.90
35.87
37.23
38.09
38.50
38.44
37.83
37.35
40.00
39.45
38.79
37.92
40.19
37.00
35.02
35.50
34.04
42.55
40.75
40.06
40.22
41.30
40.48
41.00
43.77
46.30
46.72
45.23
41.70
39.31
38.50
36.68
35.02
39.66
39.66
38.00
36.31
39.06
38.80
39.60
36.01
35.82
34.51
33.33
32.52
35.51
36.03
37.28
40.20
40.88
38.62
37.86
36.47
35.65
35.27
34.31
33.50
34.16
32.50
30.36
28.28
22.32
19.69
22.50
28.50
28.17
30.13
26.02
24.61
27.04
29.75
29.73
33.60
33.66
33.08
29.74
28.01
28.17
28.84
31.05
30.12
29.78
29.51
29.11
28.65
29.25
28.80
29.88
30.44
30.47
29.08
29.51
28.00
26.86
25.81
24.50
24.27
24.76
23.76
20.53
17.70
18.88
21.21
21.81
23.74
24.06
26.34
25.25
24.60
24.35
23.70
23.74
22.49
25.30
26.30
24.30
25.14
24.17
24.66
21.65
21.00
20.54
18.75
19.48
18.96
20.12
22.80
21.55
21.07
20.60
18.80
16.04
14.96
15.02
17.13
19.12
20.00
22.91
22.96
22.27
24.18
24.59
23.15
25.13
26.20
25.93
27.65
27.28
24.78
24.85
25.29
27.41
27.50
27.68
27.01
26.51
30.20
31.81
30.65
30.27
32.36
32.53
29.64
28.87
31.32
31.66
32.25
32.40
32.28
33.25
32.75
32.06
32.90
34.46
35.56
34.73
36.20
35.83
34.06
33.68
33.82
34.40
35.20
35.77
34.26
33.67
34.41
34.12
34.66
34.60
35.68
35.77
34.45
33.65
34.23
34.50
34.55
35.09
34.37
34.54
34.80
33.93
33.38
32.18
32.84
33.79
32.86
32.93
33.07
32.81
33.48
34.04
33.87
33.65
32.27
31.59
32.13
31.79
32.87
32.21
32.43
34.06
35.01
35.22
36.18
36.59
36.60
36.21
36.57
37.40
37.57
37.65
37.44
37.90
37.93
38.99
39.17
40.26
40.22
41.18
42.01
40.94
41.03
41.81
41.80
40.71
41.06
41.00
41.48
42.53
42.95
43.30
42.92
42.54
42.51
42.06
41.56
40.75
41.11
41.79
41.85
42.39
42.20
42.48
42.01
42.55
43.21
44.20
44.70
44.22
44.48
44.98
44.26
43.34
43.69
44.43
43.43
41.36
40.53
42.35
44.07
44.46
45.05
45.08
45.35
44.53
46.63
46.36
46.00
45.45
45.77
44.65
44.83
44.96
43.55
43.67
42.50
42.76
41.73
41.52
41.98
42.12
42.40
42.91
43.30
43.55
43.78
43.00
42.36
42.76
42.54
42.94
42.26
42.15
42.70
42.24
41.94
40.75
41.49
41.62
41.47
41.31
41.22
41.06
40.63
40.60
40.66
40.75
40.70
40.62
40.88
40.19
40.04
41.50
41.69
41.45
41.51
41.56
41.46
41.23
41.45
41.67
42.78
43.31
43.61
44.08
44.31
42.94
42.87
44.10
43.34
42.90
42.71
40.32
38.82
38.84
38.28
38.07
38.72
38.80
38.95
39.70
40.17
38.35
37.03
37.32
37.84
38.52
38.36
38.36
38.75
39.76
39.77
39.90
40.25
39.76
40.00
39.70
40.60
41.41
41.36
41.34
41.66
42.19
42.47
42.05
42.81
42.80
42.85
42.60
42.69
43.27
43.15
43.13
43.04
43.78
44.20
44.89
44.79
44.46
44.36
44.25
44.99
44.79
45.15
45.02
44.81
45.45
45.90
45.85
46.78
47.49
45.14
44.59
45.56
45.00
44.03
44.25
43.73
42.30
42.78
43.60
42.23
42.89
42.25
41.62
39.29
39.78
41.42
41.15
40.81
40.78
39.21
38.77
38.55
38.52
37.31
37.02
38.50
37.35
38.47
39.40
39.36
38.50
38.67
38.62
37.50
36.66
36.55
37.01
37.41
37.52
37.23
37.26
37.99
37.92
38.38
38.66
38.22
38.02
37.42
38.28
38.47
36.88
36.51
35.16
35.34
35.86
36.41
37.15
37.68
38.60
39.74
39.84
39.31
38.86
38.12
38.28
38.34
38.73
38.97
39.50
40.61
40.15
39.91
39.72
40.73
40.87
40.86
40.94
39.97
39.66
39.16
37.75
37.22
37.50
37.28
37.40
37.39
37.00
36.81
36.84
35.92
35.67
35.62
35.55
35.83
35.73
36.66
37.49
38.47
38.22
38.34
39.12
39.67
40.64
40.46
40.34
40.55
39.99
40.03
40.47
39.75
38.99
39.30
39.01
38.61
38.06
37.96
38.29
38.71
39.07
39.42
39.20
39.13
39.40
39.47
39.58
38.10
36.54
37.01
37.50
37.46
36.21
37.32
37.00
36.78
37.00
37.33
37.32
37.10
36.83
36.96
37.86
39.78
40.21
39.73
39.59
39.85
39.38
39.71
39.04
38.98
39.36
39.26
38.21
37.60
37.59
37.50
37.11
37.24
37.65
38.33
38.70
39.30
39.24
39.06
40.57
40.77
41.16
40.47
40.06
39.82
39.53
39.69
39.98
41.16
41.82
41.80
42.47
42.30
42.05
42.04
42.96
43.34
43.90
44.25
42.65
43.00
43.42
44.25
44.17
44.45
44.50
43.60
43.61
44.85
44.86
44.26
44.87
44.69
44.40
44.40
45.16
45.34
44.84
44.30
44.65
45.31
44.65
44.95
45.40
46.47
46.54
47.10
47.50
47.55
45.85
45.29
45.21
46.12
46.42
45.59
45.07
45.71
45.10
44.76
45.30
46.02
45.26
45.25
44.63
43.85
43.66
43.40
44.75
45.32
45.35
44.77
45.09
45.67
45.95
45.52
46.22
45.96
46.18
46.05
46.05
46.63
46.96
46.63
46.75
46.25
45.88
44.91
44.83
43.53
43.76
43.94
44.12
44.38
44.61
45.05
45.41
45.40
45.11
44.86
45.28
44.99
44.76
44.32
44.98
44.11
43.55
42.98
42.72
42.65
43.41
43.75
43.09
42.30
41.69
42.10
42.10
42.54
42.77
41.73
40.83
41.02
40.37
40.65
40.20
40.54
40.10
40.72
41.48
40.25
39.70
40.54
40.12
40.25
40.48
39.62
39.44
39.33
39.24
39.92
40.37
40.77
40.97
40.18
41.10
40.56
39.29
39.24
39.41
40.29
39.50
38.93
39.71
40.62
41.23
41.76
41.29
41.29
40.59
40.62
39.90
39.96
39.84
39.35
37.82
36.72
33.69
33.69
33.99
34.63
35.58
36.39
35.77
36.32
34.50
34.26
33.35
32.31
34.68
35.42
34.82
36.47
36.75
37.22
36.29
34.51
32.78
33.87
33.44
31.93
31.21
32.17
31.86
33.13
33.02
32.13
32.24
30.26
28.53
28.86
29.96
31.25
30.42
30.44
30.11
28.64
27.85
29.40
30.42
30.65
31.58
31.41
32.69
30.92
31.40
30.97
31.14
32.03
31.67
33.01
33.57
33.36
33.50
35.70
36.19
34.73
31.84
33.06
32.84
33.45
33.71
34.02
32.38
32.28
33.02
32.22
32.08
31.40
30.34
30.33
29.60
29.38
28.33
28.28
28.82
28.48
29.80
30.03
30.81
33.22
32.68
32.72
32.08
32.36
31.76
30.87
30.83
31.57
31.81
30.42
31.24
31.90
32.54
33.13
33.03
32.57
32.71
33.06
34.01
34.33
34.40
35.14
34.99
35.76
35.66
36.17
35.13
34.50
34.53
36.71
36.62
37.27
36.80
37.12
37.25
37.15
36.36
36.93
37.50
37.42
38.05
37.81
37.70
37.97
37.84
37.11
37.78
37.44
37.31
37.05
38.23
38.41
37.90
37.75
38.19
37.79
38.85
39.02
39.47
40.23
40.00
39.12
39.38
40.22
40.50
40.20
40.82
43.07
42.93
44.22
44.21
44.37
44.86
44.41
44.44
45.40
45.83
45.36
45.27
45.50
45.46
44.97
43.96
43.81
43.07
42.66
43.57
44.00
43.06
42.84
43.16
43.27
42.77
42.71
41.80
42.81
42.98
43.06
43.23
42.54
42.96
42.84
42.67
41.71
41.37
40.95
40.12
40.54
36.62
35.76
36.12
35.46
33.88
32.97
32.26
32.99
33.21
33.62
33.29
33.36
32.95
32.91
31.77
30.83
30.86
32.27
32.80
32.55
32.78
32.51
33.63
34.07
34.41
34.50
34.73
35.83
35.43
35.96
34.64
35.58
35.50
34.85
35.25
35.59
35.54
34.22
33.73
33.54
33.81
34.12
33.94
34.86
34.73
34.27
34.65
34.31
33.90
33.10
34.22
34.79
35.34
35.51
35.94
35.91
35.82
34.76
35.50
36.11
36.57
36.75
36.59
36.40
36.65
36.98
36.95
36.80
36.80
36.80
37.56
37.56
37.20
36.67
36.90
36.90
37.06
36.71
36.86
36.78
36.94
37.50
39.00
38.73
38.73
39.79
39.59
41.23
40.95
40.66
41.04
40.55
40.77
40.59
40.53
39.70
40.21
40.16
40.80
40.56
40.42
40.91
41.46
41.11
41.30
41.33
41.85
41.15
41.73
42.27
42.77
42.75
42.06
41.50
41.05
41.34
41.40
40.87
41.15
41.58
42.33
41.86
42.41
40.31
40.40
39.86
40.30
40.00
39.13
38.97
38.83
40.09
40.25
40.35
40.97
40.09
40.64
39.88
40.91
40.85
40.75
40.20
40.50
41.11
41.73
42.01
42.42
42.70
42.50
42.71
42.81
43.31
43.42
43.41
43.34
43.71
43.72
42.90
43.09
43.05
44.22
44.20
44.44
45.02
44.96
45.14
45.53
45.47
45.48
45.35
45.57
46.29
46.18
46.13
45.92
46.08
46.61
46.48
46.25
46.96
46.88
47.21
47.38
47.93
48.32
47.90
48.26
48.38
48.60
48.50
48.37
48.57
49.12
48.36
47.83
48.41
47.65
46.85
47.76
48.75
48.37
48.33
49.31
49.62
50.01
49.61
49.91
50.05
50.11
50.19
49.15
48.95
48.68
49.04
48.35
48.34
48.16
48.32
47.56
47.28
47.49
47.88
46.53
46.90
46.75
47.59
48.46
48.88
48.83
48.45
47.90
47.59
46.38
46.05
46.70
46.87
47.39
48.16
48.89
48.61
48.65
48.72
47.85
47.71
46.98
47.57
48.26
49.11
48.92
48.64
48.61
49.66
50.15
50.84
51.25
51.91
52.45
53.29
52.66
52.72
54.03
53.91
54.53
54.59
53.04
53.87
52.70
52.27
53.41
54.02
53.11
52.97
52.97
52.91
53.54
53.72
53.52
52.27
51.69
50.11
51.51
51.88
52.88
52.58
52.43
52.12
52.21
53.11
54.05
54.19
54.44
54.55
54.75
54.60
54.78
54.84
55.49
55.91
55.95
56.47
56.38
55.89
55.60
55.38
55.08
55.51
56.20
56.01
56.01
55.31
54.78
54.13
54.33
53.68
53.60
54.00
52.89
53.07
51.80
50.66
51.28
51.93
51.90
51.79
50.55
50.13
50.45
50.29
50.83
50.93
51.91
51.28
52.52
53.30
53.06
52.08
52.23
52.98
52.88
52.56
52.53
52.80
51.39
50.30
50.06
51.54
51.39
51.44
51.45
51.29
51.50
52.01
51.83
50.84
50.25
51.38
52.16
51.76
52.18
52.58
53.61
53.80
53.89
53.62
52.72
52.11
52.07
52.50
52.25
52.50
51.54
51.30
52.00
51.66
51.83
51.58
51.80
53.70
53.60
53.15
53.70
54.19
55.30
55.78
55.77
56.28
57.06
57.41
57.17
57.33
57.20
56.90
56.14
56.21
55.75
55.62
56.09
56.35
55.96
55.91
56.04
56.33
55.66
55.40
56.82
57.20
57.80
58.04
57.92
58.06
57.71
58.05
57.97
58.21
58.83
58.11
58.30
58.33
58.18
57.53
57.56
57.73
58.74
58.03
57.58
57.42
56.21
55.09
54.69
55.24
54.85
55.63
55.18
54.20
54.60
54.58
55.20
56.26
56.39
56.58
57.16
56.96
57.75
57.90
57.22
57.27
57.37
57.58
56.92
56.22
56.14
56.39
55.69
56.64
57.36
58.40
59.07
58.87
58.13
57.42
57.19
56.62
57.05
57.62
57.89
58.13
60.00
60.35
60.56
59.89
59.02
59.68
60.60
60.37
60.20
60.28
59.80
58.84
58.25
58.50
57.38
54.55
54.48
54.35
54.69
55.01
54.99
54.94
55.56
55.61
55.64
54.68
55.57
55.72
55.50
55.44
53.70
53.32
53.24
54.06
53.68
54.03
54.50
54.30
53.35
52.97
53.06
53.41
53.98
54.02
54.16
54.69
55.00
55.39
55.31
55.02
55.09
55.25
55.49
56.65
56.90
57.39
56.98
56.87
56.88
56.33
56.68
56.95
57.21
57.35
57.24
57.30
56.87
56.60
57.24
57.38
57.08
56.82
57.00
56.40
55.63
55.61
54.96
55.19
56.20
57.76
58.31
57.76
57.90
57.90
58.37
58.52
58.99
58.84
58.67
58.44
58.61
57.66
55.97
56.34
55.60
55.83
55.68
55.64
56.17
56.13
56.51
56.70
56.39
56.76
57.34
57.39
57.60
58.33
58.86
59.39
59.53
58.81
59.23
59.15
59.46
59.43
59.22
59.74
58.78
58.92
58.97
59.75
59.45
59.62
59.82
60.54
60.98
60.80
60.77
61.02
60.15
60.32
59.73
60.13
59.73
58.61
59.05
60.00
59.19
59.18
58.89
58.51
58.11
56.06
54.26
54.28
55.57
56.07
57.08
57.44
57.94
58.00
58.25
58.81
58.76
58.92
59.87
60.36
59.42
60.39
60.63
60.86
61.20
61.29
60.23
59.99
60.18
59.89
60.20
60.15
59.75
