12019200
11723400
8714500
8369200
6571900
4723500
8405500
7271800
6918900
9731800
5296600
15734700
7770300
5160600
6459100
7579900
8386600
8165800
7500000
7160200
9651000
7126200
9200200
5115100
4684200
6318600
9818500
6880500
7052500
5904700
8965500
4829700
5716200
8121300
7068600
4452900
5199900
4644300
6051000
6166900
4866300
3583800
5981400
5691400
4566900
5247700
3979500
5311300
4723300
4129600
8861700
15634900
11889100
8076100
8345500
8604100
10431400
9489000
4828900
7325700
9088300
8017200
6805000
8509500
12638700
7310700
4853400
4914100
7864900
8217100
9133300
6781000
13084500
8708700
6833400
9057100
4540600
7792800
6327100
5500500
9298200
8603200
8439700
8411200
9320500
6172200
14505100
5497600
6378000
6616000
7853100
12221800
6703200
7925100
4350600
5156200
5114500
4164600
5208700
8573100
7721400
6163900
4197700
4983100
8779600
8867400
4890400
5546800
5901100
3975100
10294900
5142600
5649900
5920600
9911800
16619900
7731000
5643600
4059300
3268600
3662500
3195000
5146100
4898400
4679500
6995300
2746100
5083900
3497600
6245000
3393600
4641900
4531400
4588500
4532300
5069900
3273200
4287100
6117400
5470100
3232600
2697100
4654000
3556100
2880800
3650700
10556800
6692900
5914200
8546500
6924000
3458500
6305600
4979200
4492200
4970100
7236200
5305600
4514400
3694100
3502300
7456800
6868200
4508200
4746600
5261600
7020300
8367100
8450600
5478500
4851200
6821900
3495800
4496500
5219500
7314600
42585300
20361300
14822300
15120400
15642000
12493000
12166800
17425600
11709900
8176500
7879200
9307900
8576500
7138200
9742300
6363900
9189200
13400700
6499500
11926200
16885900
14847200
14143700
8405600
8318700
29641500
14981100
7559300
5240100
10595900
9256100
10398700
9867500
7884900
13186900
8789400
6435700
5879800
4568100
4101800
5754400
6306500
4465600
6041800
6506300
8300500
6940400
8358900
7421300
6202100
6600100
3835500
10451600
13168300
9867200
15472400
9448300
6819200
13818600
19776900
9650300
8411700
9131000
7843400
10288900
16122600
11412000
13271000
13078000
6853300
8796400
7098600
4832200
7452200
6397400
9657000
7803200
21303200
26409800
16215700
9938300
7285100
10857000
16077700
8946800
10508500
10317300
13565600
10789100
10581500
8794600
9316500
8347100
7967800
9494400
9452800
13130800
9174100
7075200
5273700
7560200
7988800
5730800
5490500
5246300
7334700
6835100
7408400
7364800
9073500
9835100
12409800
9708100
8783500
11744300
10510600
10551800
7559700
5988200
6844500
7296600
7064400
6377600
8549500
7065900
16205000
8561300
10739300
9742500
10213200
12026300
15668200
10763200
8319900
12254000
7315300
6688200
8463000
8743100
9050300
11634000
8644900
9789600
7386400
7962300
9898000
6740700
6377000
5115500
15206700
11593500
8496300
5135800
6179000
8079600
7012500
6371800
7737700
8051200
6753000
7494000
8223200
10128700
8695500
6490800
5905800
5675600
5469800
5821200
9348000
7818200
5556700
6909900
8750800
6283400
5418700
3857900
5391800
5402700
5875300
6006400
4271200
6758900
12689200
11970800
7355600
6247800
8116400
7347500
6765500
16099300
7108600
5717600
7645800
7181900
7293900
4647300
6830700
6571400
4913000
6180700
5128300
3057900
4379000
5037300
4892200
8433400
8240300
7200400
5728800
7292100
6459800
10179800
8137100
4094700
4128000
5781100
7438000
5522800
6060000
6203600
8469900
8843900
4944500
5896700
5036000
4686600
5489800
5501900
4708300
4209300
4620700
4808900
6343100
4967800
5850000
7114200
5342100
4557900
11913100
5481500
6436800
6178300
7395300
4918600
6377800
10440300
11279200
8777400
9263700
20453200
13190400
13595900
12567200
19319400
13583500
11045500
8319900
6552000
10302300
8583800
10114000
15753100
11926300
9235900
7810600
7750700
8522700
10665500
8231000
8377100
8870300
14314100
6970300
7393000
7499100
8313200
7721100
7579000
6616600
7740200
9263400
6379000
8193300
6018900
6622200
9947800
8817300
6771400
4529500
5311200
7900400
5773200
5273100
5616600
4777500
5442300
4915600
3129700
6817800
7612900
18051800
11981900
7271300
11064300
8180500
9551300
10875900
5674700
6631800
6604900
6770500
8901400
14055500
8043900
8069500
10382500
19306500
18511200
3508600
5315500
6687800
5924400
6298000
7929300
10348200
10432900
9453000
7604000
6189600
6870400
7788900
7333000
8475900
15076200
11503100
11283800
7824300
8666100
7715600
13942200
13716200
17854300
22844200
12247600
13705300
12660000
28714800
19514500
17090600
15573300
12952700
7807600
20457300
17197200
16647400
13378500
14369600
9669400
25756700
11513000
10028100
10123500
8056800
9530300
16655600
16766900
15044900
12092200
11721000
16507800
13336300
10128600
8074400
11626800
8641100
7615100
8460200
6479800
7176700
8444900
9780000
6541200
6425000
4588500
5126800
5978700
6825900
5999500
5735300
5537600
9663300
12118300
6738500
11163000
14282300
19356200
10163900
6647600
8053500
7383300
7354700
10939400
7525800
8569000
9882800
6543700
7680200
7122800
6321700
8673800
10199300
8214200
5472400
5811000
8431300
8716400
5798700
7433100
4149000
6318700
5234100
6222500
4945900
4890600
5388600
9332200
7764000
7325800
9405000
7263200
7494700
9275100
5536800
6525300
9581500
6041300
9795700
10245100
7572900
6437800
8559200
12353700
10176300
6963000
19122800
9726800
7830000
10082100
12179600
8979400
4612400
7585700
7100300
8858000
11589300
7531200
11558500
14886800
16035100
9790100
12270800
16705900
44908600
46819400
33168200
18050500
18354600
16052300
13790900
12536300
13448400
14479200
14504500
10715900
16995400
12011100
9748200
11024300
15345800
13570400
9678900
13035800
9419200
9146800
11966500
9148500
8705300
9691100
7982600
6932700
7594200
11007600
9968900
11126100
11131700
23679300
11271200
6951000
11703100
10826400
10109200
10284400
46143600
18650600
16576500
13813500
18935000
16291400
16468700
14082400
19837400
15851400
15141200
21175900
21502400
19884300
22978300
27852900
22442500
19016500
10441300
20045700
15243300
13722500
10505200
18375700
11149300
13235400
15584100
9805800
15491700
13296300
9994100
9821000
9145800
13636400
10929600
17198700
19726200
12928700
8165400
9326300
10768000
10599200
12308100
9986300
8207300
19718200
20578600
14654500
10104600
9448600
11766600
4637400
12493900
12677900
9266800
11451300
13236200
9414800
8975700
6803600
8396500
8218200
7942600
11435100
14182700
13923400
15517500
9285700
3772400
5838500
7220200
7389700
6215300
16739100
12525700
22932400
17837500
15857300
11205600
8725900
9290600
8216900
8147800
7734500
9809500
10367800
16066100
8020000
11709500
8787500
10567800
9989200
9122100
9560900
7833000
8152200
8414600
8906400
9526700
9080900
12582400
9567700
10872500
8881000
9225300
8084700
7140000
8525100
7695700
10674500
6608100
8760600
7684900
8083200
7706700
7670600
10613600
9272100
8585100
12601900
16405900
12988100
13848700
15267800
9193900
11398700
10698200
18484800
10964200
9397300
6461300
7552700
7736700
9251900
9689000
13884500
10313700
10113600
12796300
8949700
10140100
7215900
8002200
10041200
13327300
18636300
11055000
8337900
13899900
15108200
12139800
11300700
9481100
12232300
14738100
10261200
10634900
13997200
12208100
10721500
10890100
8820500
8801900
7476000
7515000
10648700
9273900
8306200
8688400
8389500
8651800
5751600
11224800
12017300
9548300
10683100
13337100
11581300
13171500
10380500
11835400
10274000
10879300
9252300
9632500
6746500
9417400
9515500
11336300
10874200
14781400
9876500
8236100
8978200
6316400
6674600
7847900
10439900
7459100
4376600
9773400
6165500
9640700
7622500
6973600
12088000
11553500
14435700
12002000
7596000
11938000
9538500
7764200
8595200
8693400
8228700
9207500
5860400
8761300
20439300
15744400
12309200
12232200
9218200
6296700
6982000
8519300
6716000
6993000
3542300
7126400
8275200
9319200
8675600
8131400
6126200
9840600
6019800
5600000
5862800
8424200
7478400
6254600
6752900
5748400
5257900
9825500
6717500
6251300
5058200
6846900
7692500
14752000
12211800
9198100
8583700
11445500
8682300
10336800
6481500
9570000
11368400
7329000
11020900
7475700
11345300
9122600
9138000
5649300
7584400
7239600
7431100
6902200
5893700
7403400
7525900
19397500
10030800
7625600
9827700
11744200
7608300
6897700
6287600
8157200
6485500
5912300
9049600
6347600
4639500
4123200
7141100
4597500
7224800
5762000
6955200
9797800
7517200
6834200
7258700
5539000
3922400
2447600
6957000
6301200
7612400
6089700
6769400
6070400
7684300
6405900
7650900
5457900
8140500
7330600
7282300
7733000
12023200
8872000
7058300
2007000
1347300
5532000
5358700
6141100
9280500
9715400
21209800
14472600
11834300
10569000
7044400
7205200
8672300
50329900
18767200
18914100
20679600
15683600
10503600
12289900
9141000
14578500
12886900
8622300
8810200
6921800
7851100
6487100
7312300
6090000
7191400
11688200
8121300
6907200
8309400
7170700
14877300
9572100
8355200
10757900
9655500
6612000
9295700
10655400
8802700
7990900
9311600
16242100
8789300
9036700
10364300
11924500
10815400
7970000
7481600
8745600
10219700
9468900
9690300
10830000
7835100
8173900
6019400
7541100
7785300
7842800
10295200
12806900
10003200
7845200
7224700
4961800
4989800
11592300
12978200
15835000
9741200
7395300
9028300
18611600
14094200
7214500
7071300
8743600
7048500
10451500
7720300
8119800
9740200
8968500
7717600
11997100
21494000
16613700
16881200
11896100
9251400
10311700
8825600
10945700
7384700
7116500
6079600
8236600
6704000
8163000
4311000
5619300
6267600
7280700
5832100
7368400
7042800
6053000
5198600
6317600
8166300
5895200
5747200
12953300
5511700
9628200
9303600
10092000
12499100
11788300
9783000
16628400
15371800
8373200
15088300
13643800
9619100
7199600
9447300
9633300
10905200
12141900
10179400
9112000
11567800
18145600
12868900
10259500
8089000
8491200
8535900
8556300
7910000
8075700
9053900
6809800
8439200
9666200
7355900
9031000
7271900
7201400
6165000
9070700
10501300
9555700
7859600
9293600
8000900
6038500
11953600
8500300
6590800
5918800
6606700
8253400
7301300
6939300
10487500
11362200
7663900
6536900
8320200
7749300
7142200
10947400
9749500
7806700
10296700
12767500
9352100
8779600
10374800
8002100
7725600
8422700
11375700
12622200
12012800
7631200
7051800
6542800
3363700
8410800
7602800
11762100
8057300
5915300
16571000
23141100
11568200
8983300
11971100
10566300
11518800
8766200
11215900
10154500
9869300
11104200
12158700
13418700
7547900
7004600
7633400
8004300
11168600
8794300
14141300
14438700
14942800
14346300
13073300
10883200
6854700
3143500
10747600
13032200
11122800
8238200
10918000
10695800
8779000
11421600
10360900
8579000
14880100
12084600
13420900
11590300
14179700
8837800
8686400
9282700
8556100
5639800
5420000
6008200
4745700
5754000
14957900
11360900
9770200
9115900
9971200
9284500
8966300
9075900
9646600
7346500
9729100
15845900
15240300
14174400
12870700
9986100
14555600
9791100
15282000
14111800
14015400
13147400
10737700
10662400
9438000
7579200
7084500
8872600
10676700
6686000
8145300
9579800
12155800
17789700
14882000
12550200
9123400
8776200
11403900
10170900
9392100
8372400
12698300
11265600
9934400
17648000
11903100
9297300
13097500
8607000
13404700
9034600
18106400
11448100
14833000
17485800
11987900
8804800
14720400
11279800
13312200
20140200
15639300
15200900
10676000
8304500
6360800
7172800
14425600
11500600
11012300
15012100
16011300
10932200
25470000
16555800
13476600
9174600
8410100
11456900
12987700
14205800
10170400
12748700
12880000
8286700
7313800
6858100
13667900
9091900
11278100
13913000
10447100
11668100
14821100
10298500
7475100
7940900
6290700
5064800
5880200
6003700
7597500
12206800
15578700
8616400
5933100
8578500
7721800
7090400
6504700
7127600
5900100
9128200
9775400
15436700
8378700
5783400
9192700
10695500
12273900
8561800
5892400
6204900
10788500
10686600
7921200
10760500
10625900
9587000
8455100
14462200
11108900
8773400
7631300
8386100
12573900
13308600
9322000
6976600
5979400
6473500
8414600
7518400
8494900
7263000
6646600
9788200
9565300
9288400
5770300
5923500
9726700
9605300
8664400
7604000
8645900
11000800
6676300
6186900
6593100
7900100
13530100
6982000
9644200
7483200
8907800
10076800
9768700
7100200
7289600
10212300
9160300
9107300
9714100
13029900
8136800
8574400
19557400
10208200
12550200
10551200
8108600
9615200
9849000
8734600
8838600
10701100
10533700
14619200
14992300
11652000
12637200
9923000
6499600
10166000
15446600
13003500
11165800
8469300
8777600
19372600
18561300
15313700
14340400
10839200
16107000
10161100
12044700
14962500
19177200
12955100
10366900
11269800
8644600
7807400
11315500
16843700
8195900
8725900
10030500
10959700
9583900
14886200
10634100
11501000
11983100
3775300
11353900
14807000
12823600
12194100
9823600
6495100
12369500
9663000
8597600
8492400
8013600
10624800
8511200
8737000
12066400
15601200
7655500
11624300
10147300
7005900
7752400
9526900
7390000
8567500
12838600
13491500
8109400
7966900
16575200
16614800
12332300
12230000
10961200
9941100
17813100
12091800
20902400
13172300
9781500
14248700
16187900
12929400
8701700
15582100
11429800
10309100
10440700
6591800
8590500
10065200
8496300
8790500
7791600
12904100
12685700
11572000
11518600
7324500
13151400
8739500
9294300
8541700
11716200
10527700
10939800
12290600
9777800
9441300
9147100
9767500
11175700
10626100
16221500
14011200
10045600
13042300
9418000
13473600
13516100
12986800
7212800
7836200
15562700
7822900
9323500
10371300
10872900
14008500
9494600
6226600
10753900
7409300
8828400
5873900
6554700
7986200
11079200
9448100
8435900
13733100
9475900
11649000
10647800
17465000
28234900
16235100
12964500
15589600
10550700
17297800
10283900
7931000
7213600
10532900
18204900
11229400
8263600
13005200
10905200
13351300
14742200
13249400
12944000
9902400
7918100
8680900
11348000
9034900
9637700
7867200
12679200
9958000
14402700
8106100
9059600
16522300
16879100
18481200
15754500
9087100
11176100
15242300
10466300
9954700
11183300
14116000
8540100
17320000
16247700
6828300
10451000
10831500
6736400
5332100
8814500
7025300
11099000
10439300
10806600
10760800
27046400
16362600
15203300
12629200
12536000
14170000
13841100
14184400
14621600
13402300
11051900
9045400
14113100
5925500
11025900
10452800
10392300
6868600
6985600
11078300
8814800
6163700
9213600
5649000
6252400
8730200
8682800
4450900
7324900
8050800
8596400
6245400
6703300
6134000
7126400
7278400
7728200
7173200
11555700
11745700
7622400
15421000
11125300
6768700
9084200
7782700
6046700
15329800
12381400
8884200
6165100
10115300
7382800
11801200
20650500
12915100
10748900
7252800
14164900
10288100
14979300
7298000
7330200
8880100
21532700
11986700
10979200
8838300
13431500
9021700
7644300
7112500
10222600
12564200
11490200
7059000
7984100
8633700
8535500
7511200
6836700
5849900
7664600
8276800
11340700
8192500
12991600
8614500
7423800
5916100
2926400
11109800
13415600
9414400
13058500
14731400
13148100
10747700
14162400
7394600
9120100
11221600
15958400
11353700
10052600
16172100
8538200
9291400
6036400
10782200
8342000
4101200
7716200
6525200
9601100
14244700
9471500
10760500
8239200
9276700
15597000
8049200
10646700
8696500
16291400
12654200
14649200
18325500
12845300
13857500
14855900
13990300
12085000
12325700
18460500
13420400
15443400
8079900
9849200
7537400
10312300
9489000
7889000
8374100
10745900
13339600
11291900
9171500
9337100
9111600
10042600
13342800
21228500
19180400
22648000
16922400
20199600
17751900
13664500
11979500
9452900
10445700
25294400
25043400
15828300
24746900
14448200
14507400
20747600
18906700
11748200
11851000
11183500
13176700
10837100
12674800
13834500
13572200
9163600
7991000
7509000
8200100
11971300
9472400
11266300
15765000
12238500
39198500
20708700
21166800
12675600
10315700
18088100
14440500
14428600
29900000
13859000
12968600
9700300
11974600
7375400
9028200
12561700
13478400
12419400
9328300
11105000
12924700
9049900
11115100
10408300
9665800
11246900
13105800
10761300
9552300
10243400
10976300
12104800
11095500
13615700
13877400
17409400
13508100
11252000
15388300
14507600
12440700
18351900
9290300
12251900
14920700
19429500
25110400
17240200
18963800
16354200
14430900
21764700
15717900
7444000
11613000
10792400
10577700
21881800
27232500
19172800
16393800
12263900
18302200
35535600
26199400
30677800
20520200
35706200
40175100
51202000
40020600
32316300
34080900
44504500
28297400
36628500
34200000
30556500
27447200
39278200
32549000
21357600
25217200
27726700
51414800
57869900
32691300
23582300
30844900
21476600
13248000
13527200
23516300
21605200
15581500
16937800
15416800
15556800
18994400
21526200
17181500
15148000
13896800
20262100
12482300
17958300
27267800
31807800
19553500
20535000
17346800
16405200
17485400
12840300
15587900
17276200
16003200
12675700
11132400
13435600
8305500
12967500
18858500
27920400
12507000
16575300
22510200
34659600
19397900
29500400
18094100
13519100
27352800
20076400
18851700
18861900
13131400
23899100
31730100
39570300
28852800
28756400
28980700
37342800
43587300
27691800
35927500
25367400
23434200
29021800
29656500
33277800
26759300
10808400
27132300
28501100
32246500
23553600
40113500
21417200
19315200
20627900
19130200
15286600
23388400
38455700
44364000
41261000
27651800
19965700
25224900
21293700
27147500
26363000
7679700
14578700
16530000
16852200
16361200
22122300
17150700
25873800
25644100
33646000
33546300
41863600
37520500
22817000
45240000
63183100
39647200
51919100
57178600
77137000
52062600
38410900
29739100
56112700
68343800
55500600
48834500
28310200
39045100
27274800
36818000
26058300
25874000
27193400
26533400
31180000
29031400
25811900
30149700
32878200
30452700
27917200
24989300
38566000
36606500
36856600
31481900
56449300
36325600
44356900
43258700
41281300
58401200
44572400
45537900
77776000
125296300
76994300
70593300
72777200
66011200
54485500
41122700
32154500
29011900
28920400
54562600
36597900
30314400
29875900
24069200
29187700
28476400
30230100
41959900
33774900
37271800
52568400
30302500
31398100
23513400
23703800
23260300
37769300
24266600
27175000
20738700
36280800
31723700
27942900
19276100
25441400
27636400
26106000
21730400
20295600
27485300
24138200
27289500
20871400
19402200
48996100
40611900
28883300
21440900
28457800
31688700
22789000
21391600
30620500
28503100
30800100
27755300
39887900
74856700
54412400
50965800
53247700
40465600
34860200
32510200
35513700
59944400
55374100
37741100
43526200
42317900
45708400
69316700
50792600
74620100
51750200
33028500
48883600
62285100
50971000
47807900
71316700
50370200
88717800
79957800
132114600
65409900
41354400
50104200
59345600
47454600
35188000
41673200
50527400
47954900
37394100
30773300
27748000
35763100
33009400
42712200
37174200
34643900
65248300
48575900
41142300
36656900
32193100
41424300
39065000
30564500
36022700
27081000
28810800
23812300
34724300
23327100
33267600
28787600
41510300
42100300
85629900
56435300
46100400
57012300
51417100
92112900
90368100
104396300
132982000
88523900
44934200
32404400
27186400
36831300
148081400
79528000
66987800
59424300
53944700
68639000
63065300
62396200
75686800
88790300
112976400
81628900
95288900
84755700
75112400
60991200
44732100
41780700
60825200
63917000
61968800
62712700
73082500
61823300
47372000
86948900
45059900
48917100
53524900
56467100
50210800
41558500
61577400
56726100
74523600
55941000
57560400
67807700
90226200
160729900
194075000
137382200
105430800
55644900
22787500
70984500
81316000
64914200
80719600
73599200
84589300
65827700
47919600
70746400
59939000
51629100
75822100
46719900
57491500
55696800
36378400
26931700
12339700
12630500
22318000
29842400
25891700
32494900
44069400
44216300
42156500
52075800
42597500
59360000
73422800
73907300
136759300
156843400
142090400
136421400
110240800
74369200
74278400
50766500
91373900
58624200
74937200
51532900
66166300
55330300
79815500
76845200
54360000
91948700
64712000
80536400
58580600
91424800
82868300
66502700
135941600
101615400
186379900
135790100
125043400
109872500
94984900
85590100
145009700
153808900
155154800
132882900
149090800
155421000
151894700
120464600
125001900
99884700
142105800
124920200
108922700
146776000
133143000
149452500
133663400
108610200
104860500
84307400
106016900
131840800
80949500
72188000
73652600
66538300
147913000
110196200
109541400
108069400
132956000
104962100
109372200
115629300
124080300
89366500
117098100
67832500
65809900
84731300
94556900
68254100
100918400
63488200
102644800
113228400
110026400
86808000
94148900
82160700
68764300
68301000
71730900
59860600
77073900
65068100
39227200
65462400
76374100
66107300
61932300
90184500
159381700
72136300
70954200
61583800
61615100
58992300
60176100
66560900
41157300
55388500
56344000
65456600
63861500
77009100
70388300
59046500
50429500
57205700
46722500
34914800
39470600
36463700
38352200
60664000
56704900
71784600
41655600
51037400
70454200
52924000
84050100
71465100
61742300
43554400
43509400
40137700
56528800
35328600
30479300
29035900
29931400
38531000
39085700
42957800
43363800
63334100
54175600
65696000
43700600
50698800
43077100
40385300
38413900
39162800
29053600
29394100
29634300
42863600
40385200
34835700
31908400
28975700
27263600
32251100
51475400
35898500
35019600
21880200
28089300
29031600
25112100
27289900
28945000
49985400
38721900
35705700
39492000
24070000
41148100
34427200
42231400
31056100
25826100
23930600
40904000
50562700
43061100
34430200
41695700
36148700
36627700
26034200
24220600
45701900
70368700
36096800
37459000
30415400
30614800
32991600
32388900
27638200
42085500
38075200
45679500
35898600
58853300
44598100
29387800
42548800
32893300
27140000
38845500
30980200
32669300
34649600
36650700
43516700
25859700
20422300
26878000
25328200
29810700
31881800
26123800
26230100
38240600
39211100
32519700
53314400
61485000
32949600
41878900
42492800
36380900
46616100
35340800
40244400
43562800
44272800
48126800
35991900
24754800
24503600
7956500
13039900
15593000
15501800
20143100
35460500
41208300
27729000
44864700
33110100
31878700
47109600
39622000
37938300
69738500
41731500
39934400
137547700
106634900
56572200
52975300
66314300
65047400
53649000
37408200
45968500
37373300
57211800
75224100
58321000
45173500
39331800
33830600
38051100
46425300
34644100
31809500
40290200
43898900
52233100
44645000
46718100
67699100
34606800
33891600
27562500
25450700
34790800
28524900
37107100
40903700
30119600
31367300
29142000
28553800
32918800
26012000
37014400
23257200
33735700
35849200
45019400
39727000
30628400
30296300
39043000
23894600
21342400
28192100
28890100
28869900
22881200
24645900
27988900
72533100
45412100
121203900
72136600
39310700
46320600
63176900
32483800
42889300
66296100
48578900
36520300
54121100
31230900
48982200
43062100
78226200
72976300
66578300
50771200
47700000
35320800
60719400
56506200
61735000
64600500
76564100
89588800
49141600
66813700
50719600
44843000
41252400
37848600
39618500
30950400
52868900
44528300
51017900
42586000
44302600
31147600
48662200
45355600
37217100
34755100
37270800
33665100
42245700
45046000
73843400
70734200
39962900
56694200
35332500
56642900
36796000
35953600
44602900
41498200
30422300
24998900
48564800
37320600
81876200
58507400
35404900
43538200
41115600
35494400
28241000
27209400
44872200
23945400
28994300
26406500
35566700
29967900
23078100
19830500
34906600
37790900
34166500
46201600
35387300
24564100
28334100
33883800
27041700
35384700
30862000
29282800
48709200
36058000
31873200
38448800
27306500
34784400
36770500
31282900
34135600
31885500
30781000
33438800
21928600
41643200
42754100
25399500
25207500
45938300
33337500
33548900
34546000
33471100
28855100
25684900
31442600
40207000
54885200
38973800
38886100
42379500
31559900
26923900
28178500
24601000
38798100
69607700
76504900
142280400
55058700
70595100
43497200
38250300
24876900
37893500
39188100
30777500
30614600
19803300
36941900
39913100
35299600
77569400
75684800
32967000
32800100
35587900
25499700
33504800
28772500
46023000
32027500
30987600
26542000
33249500
35340400
24248300
12819100
30911400
33716700
33157200
41526000
30070200
25364500
40908200
38115900
43001900
28449000
35730400
34010800
30264000
37123200
52004800
22978200
30757800
47280400
18927900
17203200
20386600
13637400
12901900
12199700
43278500
40036800
50032500
31606200
69579400
30098100
28067100
44296900
42133000
86983800
46237700
44989200
46977700
44767400
27826800
36022400
25639400
26740900
38593900
23574500
28255500
24104900
23322400
38172900
36790900
28649500
33491000
22688600
40812800
28699200
35972900
44327800
22932600
23844300
44561900
36264800
31926900
26782100
25985300
33682600
28600000
23043600
27716900
28110800
32941500
25174700
33783700
20337600
24508900
35606000
41962900
46741800
77421000
28985300
19756600
26688900
21748100
20710400
19039400
17913300
26829100
23340500
25387300
15708000
21058400
31203300
29972000
23808000
25641600
27231300
55383900
45214600
32475000
50958800
26705000
35542800
24368100
17358900
25900000
20857200
19859000
23363000
25904000
30025500
22727400
26154500
26332300
22469500
20534200
31519600
29567900
32872500
34951100
36277100
24372100
19518000
29946700
32299500
39341400
26505300
21648100
24747300
28746300
38628700
45964000
31833100
40895900
36312000
38890700
30082300
48545700
31767100
32103500
37336400
50316600
31999600
21565400
34241100
27306300
48307500
36136800
30632700
41558700
44775900
28000100
32136800
23805800
23865700
28550800
20680000
38328000
33808300
34020600
65327400
46544900
47603200
34837400
31250900
45552200
19986100
22522300
24350600
32361100
23370200
37793400
34039300
42119000
41110100
59931100
85507800
107650300
78985700
83975700
69583500
44072800
34827900
42266600
30131400
57130300
52960800
50971400
55807900
41959800
55387600
35114200
27943900
28818700
30051100
36862300
41677300
57071200
36145900
44815300
67187400
53377600
50137600
44442500
35847800
52683800
33154800
34085100
57389200
86285600
51731300
58696100
58242900
38725900
51014100
42420600
51002700
69800000
51117200
53214000
49320600
37324800
38161700
55462500
78830000
51899600
40865400
64392400
50119300
41657100
48445300
45697200
38679100
36350900
76438300
39891200
46429800
74052400
34325900
40084700
30858700
25925900
30193100
52990400
30427400
29983400
27596300
31260500
40761800
55130100
39029900
39658100
36466200
44468500
21423200
45280100
45104700
61412600
33189700
90515100
52207600
38782900
44722800
47788900
39104600
35977900
49475100
41291500
33457300
52596800
47388000
49091600
30893000
35543200
21958800
16891600
19242700
19792000
18196900
44102800
36571200
38381400
33160600
23001800
35972800
29852900
39420700
61571500
55115100
55502100
37000400
34716500
27499200
25403800
29860700
33284600
27674600
24423600
29649500
41957800
26784200
41074400
23106200
21091900
23258700
28608400
22618800
24828000
27031900
26534900
22139600
28009300
22804200
23416900
31361400
17586400
34030400
37900900
41187700
44376700
34897900
30806900
33927500
22875100
22052300
33494200
30763800
77277600
68028700
57117700
48844500
41509300
34796200
27267900
27457200
30639300
33529400
33026400
29755800
32262300
25945800
27669300
31036400
41342900
28832300
29376400
38841000
32142200
33631100
58183900
40387600
26887000
20242900
25961800
26178100
25536300
21420400
31694000
28100300
26242900
23518000
26359700
22462200
19536400
31279900
25910100
28049700
38769900
35827100
217294200
96488500
89903700
68729600
95429200
82650100
99554800
84721000
52512900
37843800
28796400
35855200
34203600
42124900
50472200
60492400
46502800
47980500
53888800
34238200
46404900
43334400
72456600
44428000
40917100
31084400
32489000
61149700
95637000
44193500
33115800
35053600
34156800
69904800
56063200
34274900
26705900
58519800
32057200
30545000
33175500
35144300
39301500
83001000
52368300
43998300
28944900
34384700
36301200
41248300
29920400
32127700
28900500
63636200
30698200
19681600
22180200
36675000
24516300
18979200
37225800
18672400
23406700
15492700
14453500
18065100
17521300
15894100
17079800
17922100
36880600
16899400
16429500
20019300
17618200
18050500
13681900
13700700
16771600
13631400
13537500
41346800
28082400
20853500
22378900
29882200
47018600
43471600
19740100
25186600
22887200
20997400
28287400
20499500
21988200
23782700
20843400
21380700
21956400
26946100
22419100
24326500
22774400
18631300
19947500
25797600
27755000
44564000
26268000
28588100
26177500
23630400
29747500
27993000
22896400
18918900
17311700
21892700
19423500
23325400
17029200
13252500
17190900
47631200
27830900
27553200
12816000
19793500
30986600
24858700
32458000
26781200
19375900
13030200
8316700
20376600
19875000
26106900
18915000
20066600
18955500
24031100
25515600
20541700
34552900
22394500
21955000
23110600
18457000
16208600
23879800
33858600
34348500
25014900
38973500
8621200
11498900
19567000
15401200
24209600
31413000
24227700
24487700
24456900
19624200
25920600
23413600
19723900
19079500
29898000
43453600
41086800
28679100
24257300
19105100
20008200
26009100
19706800
19907400
18631300
19536000
24520000
20822600
28067500
28282600
21429600
15218300
13935900
16388000
21635600
18017800
20016200
20445900
24786700
24437700
23584100
32775500
39401400
31921200
24711500
25923400
17695200
25561100
19607900
24245400
32711900
19473000
18003400
16680200
26378700
60880800
28011400
24411500
19385300
23535900
22791500
23581400
16417500
26530100
27506700
17442200
17273700
33467400
21514000
22961500
18672300
20066700
20388900
22584700
37805900
31527300
23865500
43466300
26106800
19746100
15230100
20568500
16459300
19058800
13929000
13496300
13802600
17686400
15529300
43257900
20829500
24291600
23559300
18103100
16199600
23979500
24188400
27467000
21389500
26080300
22020000
37112600
46968300
25294200
18342300
27162300
20482600
24890800
24990100
28279600
22022600
24326000
23940900
21691000
16007000
17600800
18479100
17090200
17185300
16856600
13259100
20840000
31857100
44412200
30736500
20951400
19332000
17093600
18256000
23511100
23935300
10442300
17070200
21786900
20508700
16915000
21322600
32569200
28292000
19222700
19166600
24563100
17762600
15999700
10577100
16665000
13870200
16762300
10049100
14207400
19404900
15979400
11007300
9370200
10588600
12828400
18587100
12652500
15133000
15078100
15785800
16933200
17139000
22793300
18701500
17136200
14658500
11126800
16548400
23596800
18748100
13576000
15863100
15277200
19923800
13913200
22339900
19936400
20233200
16028600
21976700
11942900
17055300
13207000
20844500
22452200
30792200
28189500
34906900
39175500
22298700
23026000
21350600
19188000
23841200
18614500
17407200
16159300
19536000
24721200
24328700
32498800
18881600
17566500
24864000
17791000
24796600
19471700
24820900
21034400
17759000
20889600
14836800
23363100
16157200
23738000
25794400
18891300
14532200
14013000
17348900
31183100
12062800
15964800
22121900
17634000
20530100
22318800
22979900
17682800
22843600
16730600
18649600
16263300
11238900
7128800
12465300
20426800
20287200
21324900
18661200
12714000
14543700
17836100
15325300
11461300
26379200
18338500
27685900
16790000
22001700
13990600
4532600
6677000
8943700
8815800
11017400
15627600
14214100
17550700
17851200
14687400
13242500
12694900
20711600
30272400
35186600
21689400
20997900
19548300
15433500
26234600
26833100
23935000
18041000
25459000
17031100
18174000
28549900
20709300
19491600
20881600
23388500
14715200
18774100
13437900
16605500
13067300
14983800
18669900
12457000
16790100
16151400
17991800
23661700
16277500
18599000
19151000
17157000
17761500
19420600
18602200
16945200
19420000
17932100
17192500
18635800
13581400
12554800
21450700
33736500
35144100
25810500
24053500
22745200
24632600
14708700
15216700
14584400
14012200
11925200
16966900
18685700
16956500
15308400
29977200
47241300
31081500
26691400
27049400
17955400
12384800
16257600
11379000
15360600
15937700
21394100
13453400
14388100
12744600
15153800
25232300
25327400
18502600
16090800
12366500
12825500
12310700
10325800
19763000
19992400
12068900
16888200
13210200
11800900
10876500
14503700
11374900
11741000
11991900
9440000
9131500
9727800
16803400
15399800
11999700
11609200
14232200
11670200
12040800
11199100
11200500
13729400
11624400
17124800
16007700
12322900
14836600
11854400
10178600
11549000
14472200
19189900
12599800
13916100
18343400
10914300
12436600
10230000
14004400
36178000
20507500
17013500
12803300
9141400
10375200
11122100
9844100
10500600
12382800
13498800
11815700
15955900
23915400
13543900
16863300
12190600
11743800
12213200
9066800
11289600
7019500
8275900
12727400
8881400
9040500
8121400
12745500
10228600
13996800
10281100
11410900
9096100
8897900
8671100
11791800
9811900
9600900
8090000
14868700
9153800
11467000
14373700
10685600
10947900
15091800
16973700
18739300
13225200
14328800
13728200
16340100
11948900
10686500
14384800
18995800
24559100
18321100
11578000
14542000
15834100
19189500
16689400
17148000
29096800
37805800
31965100
19541900
10807600
14007300
13728400
12631500
13741100
11087100
13600900
16712100
14705200
18347600
11830100
15294800
14063600
10419900
12378700
10781600
12514100
17196000
12240400
6802000
9017600
8897800
9207700
10916600
