74.75
70.62
70.25
70.12
72.63
72.75
70.00
69.69
71.13
73.94
73.94
72.25
75.38
73.88
74.37
73.00
75.38
79.44
79.56
76.81
82.44
83.00
83.50
82.50
82.19
84.06
84.94
83.13
83.25
82.25
80.06
81.00
80.62
78.06
76.00
77.37
77.25
76.62
76.75
77.69
79.88
80.50
82.00
82.94
83.44
80.75
78.75
80.00
77.62
80.50
77.88
84.94
89.25
90.00
86.44
90.63
91.00
97.00
96.00
93.75
94.25
89.44
88.00
87.94
91.50
84.25
87.00
88.25
85.50
87.00
87.94
86.00
82.00
77.50
78.25
80.75
78.12
76.00
75.75
78.75
75.12
74.25
72.50
73.81
75.19
75.12
72.00
71.62
72.25
70.69
70.06
69.12
72.75
76.62
73.25
73.75
74.62
73.25
71.94
72.50
72.00
70.38
71.62
73.00
75.87
82.38
80.50
79.38
77.44
77.69
77.00
49.38
48.38
48.88
49.81
46.75
45.38
48.00
47.69
47.25
46.62
46.56
48.38
48.12
47.44
47.69
45.88
48.44
47.81
48.25
50.19
50.38
51.69
51.38
51.44
53.75
51.25
51.00
50.75
53.00
52.44
51.62
51.00
49.38
50.06
49.00
49.88
51.94
51.00
51.88
53.06
53.81
53.44
52.31
51.56
52.75
53.00
51.25
50.06
50.81
51.00
51.44
52.94
53.38
53.12
52.00
53.06
52.50
53.69
56.69
56.44
57.25
56.56
56.88
57.50
57.75
50.38
52.00
50.31
49.12
46.69
46.81
46.50
44.75
47.50
47.38
46.44
45.31
46.38
46.62
47.62
46.38
45.62
44.50
43.12
42.06
40.12
40.12
37.88
40.19
40.00
33.50
38.12
38.69
38.19
38.19
40.06
40.69
40.50
42.81
44.81
45.50
45.69
45.56
44.88
45.12
44.94
43.06
43.62
41.88
42.81
42.06
40.88
40.94
39.75
38.56
38.31
37.94
39.44
39.44
37.38
37.19
37.12
37.38
38.62
41.25
39.44
40.31
40.25
42.50
43.94
42.31
42.00
44.00
44.75
44.81
43.44
45.44
45.62
45.06
46.19
46.94
44.62
43.44
51.50
50.75
49.00
49.88
49.50
51.12
54.00
53.50
52.94
51.50
50.75
50.56
50.12
52.69
53.00
53.44
54.19
55.10
56.49
54.99
55.00
54.51
54.01
52.35
52.33
51.69
52.47
52.54
51.75
51.38
50.40
51.99
48.95
47.75
47.05
48.00
48.95
47.89
45.60
45.60
45.90
48.25
48.40
50.25
49.60
47.50
46.75
45.00
44.90
45.26
44.40
45.46
42.79
40.05
40.30
42.15
42.11
42.70
42.80
43.15
44.50
44.12
41.40
41.30
41.60
39.90
41.40
44.25
44.25
45.37
45.05
46.95
49.00
48.79
47.95
47.80
47.51
47.75
49.47
50.04
48.49
49.25
48.60
48.25
49.05
48.75
47.25
48.00
47.52
46.40
47.40
47.39
48.06
48.80
48.48
49.85
49.80
48.95
49.25
49.00
49.33
48.55
49.25
48.75
49.50
47.55
46.00
45.15
44.25
43.60
43.85
43.65
43.90
44.50
44.90
44.55
45.70
46.60
46.00
44.05
44.20
44.40
44.75
44.80
45.75
45.80
45.28
44.40
43.50
41.96
42.45
42.29
42.90
41.39
41.00
43.83
43.45
43.40
42.76
43.15
42.70
42.80
43.60
43.50
43.20
43.55
43.51
43.32
42.62
42.35
42.05
41.90
41.81
42.12
42.07
42.20
41.85
41.30
40.90
40.70
40.91
40.30
40.78
40.90
40.28
39.25
39.11
39.50
40.00
38.00
36.00
36.30
35.00
35.10
35.00
33.15
29.25
31.65
32.55
33.73
32.50
33.60
34.30
34.40
34.52
35.15
34.50
32.50
32.20
32.70
33.55
32.99
32.10
34.00
35.50
34.65
34.15
33.88
35.90
35.95
36.15
37.48
37.10
35.30
36.01
36.09
36.09
36.50
36.61
37.72
38.65
38.80
38.76
39.85
39.90
39.61
39.55
39.60
39.85
39.40
38.60
39.39
39.65
39.49
37.40
38.31
36.90
37.00
37.70
39.25
40.25
39.77
38.76
38.75
37.40
36.60
36.10
36.95
37.20
36.85
36.52
35.76
36.04
36.25
36.55
36.45
36.49
36.50
38.02
39.05
39.00
38.85
38.40
39.25
37.65
37.31
37.50
37.00
36.15
36.00
35.35
36.25
35.45
35.15
34.06
31.52
33.11
34.05
32.17
30.57
29.27
30.00
30.24
31.22
31.60
31.50
30.00
30.21
29.30
29.80
29.28
28.45
27.80
29.00
29.19
29.01
29.60
30.25
32.52
33.50
34.45
34.75
35.50
36.00
36.00
35.01
35.12
36.01
35.75
35.70
35.19
34.80
35.20
35.20
35.20
35.85
35.65
35.38
35.19
34.85
34.62
34.54
35.00
35.19
34.80
33.70
35.50
34.95
35.95
37.01
37.50
37.27
36.68
36.70
35.40
35.75
35.40
34.70
35.44
35.50
36.30
35.95
34.94
36.50
36.25
35.94
35.35
36.90
37.24
37.05
38.00
37.80
37.92
37.52
37.56
38.00
37.75
37.10
36.50
36.01
36.00
34.91
34.65
34.87
32.75
33.65
33.98
32.85
33.12
32.35
33.60
35.48
34.70
34.60
32.80
32.25
33.30
30.75
32.05
32.65
33.59
31.02
30.71
31.50
32.59
32.26
31.60
30.00
30.75
29.60
28.90
29.01
27.60
26.55
25.96
23.65
19.01
23.75
23.20
23.75
24.60
24.80
24.96
24.53
22.88
23.50
24.42
25.30
25.60
25.80
24.95
24.40
25.12
24.79
24.98
27.01
26.50
26.40
26.30
25.75
27.00
26.40
25.90
26.25
25.65
24.76
24.63
25.04
23.20
23.90
24.01
22.88
22.01
21.60
22.20
19.06
20.00
20.12
19.56
19.26
19.03
18.89
19.27
18.35
19.15
19.14
18.26
17.63
16.55
17.25
16.05
15.46
16.44
17.01
18.30
18.15
19.60
18.78
18.68
19.98
19.70
20.24
19.52
21.00
20.80
20.50
21.05
20.75
22.35
21.82
22.95
21.20
20.60
20.22
20.31
20.50
21.42
21.93
22.24
21.66
22.30
24.05
24.31
25.00
24.90
24.55
25.40
25.99
25.10
24.62
24.70
22.96
23.86
23.27
23.86
24.09
23.95
23.80
24.80
24.45
24.01
23.80
24.40
24.60
24.20
24.45
24.01
23.99
25.25
25.50
26.00
27.98
27.25
26.85
26.85
27.40
27.50
27.55
27.08
26.35
26.52
25.42
25.10
24.85
23.75
23.60
23.20
23.50
22.75
23.50
23.59
23.25
22.67
22.60
22.00
22.45
22.00
21.50
21.30
22.08
22.50
22.60
22.59
22.89
22.00
22.35
22.40
22.64
23.15
22.85
22.41
22.42
21.69
21.87
21.55
20.50
21.25
21.77
21.25
22.88
22.85
22.78
23.89
23.75
23.57
23.90
24.01
24.12
23.75
24.15
24.80
25.40
25.34
26.46
25.85
26.05
25.73
26.00
25.98
26.51
27.54
26.50
27.31
27.32
28.75
28.73
28.75
28.00
28.69
29.14
29.35
29.15
30.00
30.25
30.45
30.45
30.08
30.08
30.94
30.73
30.80
31.04
31.25
30.42
30.10
30.40
30.55
30.70
32.20
32.75
32.59
33.35
33.92
33.65
34.69
35.77
34.60
34.00
34.30
34.99
34.85
34.95
35.99
35.60
35.25
34.85
34.55
33.75
34.30
34.00
34.40
34.25
33.84
34.24
33.80
34.48
35.07
35.48
35.45
35.21
36.48
37.54
38.26
36.25
35.23
35.10
34.50
35.10
35.35
34.75
35.47
35.58
35.50
35.65
35.08
33.36
33.65
33.00
32.76
33.22
32.99
33.47
33.80
33.43
34.00
34.10
34.15
34.68
35.05
34.83
33.72
33.50
33.15
33.26
33.96
34.42
34.70
34.87
34.49
34.34
34.50
33.92
33.75
33.52
34.00
33.89
34.60
34.87
35.50
35.01
34.99
35.50
35.00
34.52
34.40
34.60
34.70
35.15
35.68
35.20
35.55
36.20
36.05
35.70
35.56
36.50
36.94
36.55
36.62
36.15
36.60
35.07
34.70
35.00
35.25
35.00
35.55
36.15
35.90
36.22
36.30
36.56
36.54
36.34
36.01
35.55
36.10
35.81
35.70
35.20
35.42
34.89
34.74
34.85
35.17
35.15
35.30
35.30
35.61
35.70
35.81
35.65
35.17
34.73
35.46
34.76
34.82
35.16
35.50
35.40
35.73
35.74
35.75
35.77
36.06
36.18
36.27
36.27
36.54
36.80
36.56
36.66
37.15
37.50
38.10
38.40
38.50
38.80
39.08
39.85
39.00
39.40
39.09
40.04
39.94
39.45
40.15
40.00
39.17
39.05
39.10
39.10
39.12
39.11
39.00
39.85
39.43
39.58
40.22
40.47
40.42
40.67
40.73
40.82
40.58
40.10
40.40
40.35
40.66
41.23
41.42
41.68
42.00
42.60
43.04
42.94
42.49
41.75
41.35
41.28
41.15
41.69
41.80
42.02
41.25
41.15
40.99
40.85
41.30
41.47
42.06
42.09
41.95
42.50
41.28
41.60
41.50
41.75
41.16
41.64
39.66
39.34
39.02
39.25
39.42
38.54
37.70
38.40
38.31
38.56
38.55
37.97
37.80
38.01
37.93
38.31
37.80
37.49
35.95
35.90
35.30
35.55
35.73
35.06
35.68
36.00
35.75
35.88
36.27
36.09
36.85
36.99
36.87
36.84
37.05
37.15
37.30
37.53
38.05
37.99
37.71
37.73
37.60
37.28
37.28
37.41
37.20
37.00
37.10
37.62
37.78
38.09
37.95
38.38
38.58
38.18
38.00
37.26
36.92
37.04
37.00
36.70
36.87
36.54
36.25
35.95
35.93
37.25
36.53
36.60
36.44
36.63
37.00
37.25
37.00
37.23
37.45
37.00
37.24
36.15
36.06
36.20
36.82
36.90
36.82
36.95
37.95
37.90
38.32
37.97
38.75
38.75
38.60
39.32
39.55
39.67
39.11
39.52
39.45
39.75
39.85
39.62
39.51
39.62
39.69
39.30
39.37
39.31
39.68
39.66
39.50
39.50
39.75
39.47
39.62
39.14
39.38
39.65
39.90
40.33
39.70
39.31
39.52
39.54
39.50
39.05
39.60
39.24
38.53
38.55
38.75
36.70
37.08
37.80
37.47
37.02
37.35
37.85
38.42
38.77
38.50
39.35
38.75
39.64
39.32
39.33
39.18
39.20
38.93
39.00
38.50
38.50
38.20
37.90
37.42
37.65
37.78
37.70
37.69
37.18
37.80
38.25
38.38
37.95
38.20
37.81
37.25
37.66
38.00
38.32
38.80
38.80
38.20
38.60
38.65
38.95
39.12
39.20
38.97
39.01
39.16
39.08
39.48
38.98
38.60
38.77
38.69
38.27
38.10
38.00
38.00
37.78
37.71
38.01
37.80
37.25
36.86
36.99
36.80
36.62
36.88
37.28
37.50
37.50
37.47
37.44
37.70
37.92
37.61
37.56
37.30
37.57
37.67
37.34
37.28
36.65
36.51
36.18
36.52
36.68
36.97
37.00
37.00
37.15
37.25
37.51
37.23
36.73
36.48
36.26
36.11
36.51
36.25
36.22
36.16
35.88
36.00
35.06
35.10
34.93
34.65
34.52
34.90
34.79
33.67
34.00
34.75
34.75
34.86
34.67
34.62
35.05
34.57
34.25
34.25
34.73
35.63
35.02
34.77
34.98
35.18
35.08
35.30
35.03
35.58
35.58
35.51
36.15
36.00
35.56
35.60
35.14
35.35
34.83
34.59
34.51
35.60
35.83
36.19
35.90
35.97
35.79
36.04
35.95
35.83
35.56
35.25
35.62
35.47
35.52
35.55
35.52
35.60
35.29
35.45
35.74
35.66
36.19
35.90
36.05
36.20
36.42
35.90
35.58
35.77
35.98
35.71
35.22
35.00
35.00
34.60
34.61
34.81
34.96
35.25
35.65
35.69
35.67
35.51
35.22
35.70
35.40
35.55
35.64
35.52
35.36
35.45
35.32
35.47
35.56
35.42
35.35
35.31
35.07
35.26
34.80
34.64
34.27
34.66
34.65
34.46
34.80
34.59
34.51
34.31
33.99
34.14
33.43
33.72
33.59
33.75
34.28
34.25
34.90
34.94
34.63
34.79
34.40
34.40
34.35
34.23
34.88
34.52
34.29
33.90
34.22
34.25
34.05
33.89
33.85
34.23
34.19
34.12
33.73
33.51
33.88
34.00
33.49
33.15
32.98
33.98
34.21
33.98
34.15
34.89
34.77
35.26
35.70
35.71
36.10
36.22
36.50
36.79
36.71
37.26
37.10
37.46
37.44
37.35
37.75
38.17
37.98
38.02
37.91
37.70
38.00
38.00
37.67
38.21
38.98
39.00
38.86
39.02
38.52
38.39
38.83
39.15
38.85
38.47
38.66
39.14
39.02
39.41
39.56
39.73
39.71
39.69
39.66
39.94
40.12
40.40
40.11
39.86
39.71
39.83
39.78
39.61
39.92
39.88
40.50
40.73
40.25
39.78
39.48
39.11
39.34
38.81
38.14
38.27
38.16
38.71
39.25
39.52
40.03
39.88
39.88
39.45
39.40
39.20
39.28
39.53
39.62
39.77
39.66
39.97
40.45
40.66
40.63
40.89
41.26
40.94
41.55
41.59
41.16
41.63
41.50
41.48
41.02
41.49
41.50
41.06
41.45
41.26
41.16
41.42
41.35
41.31
41.27
41.19
42.05
41.99
41.86
41.93
41.73
41.54
41.78
41.95
41.60
42.17
42.39
42.25
41.93
42.00
41.83
41.96
42.28
42.22
42.40
42.50
42.88
42.51
42.53
42.39
42.66
44.10
45.38
45.00
45.59
45.51
45.91
46.60
45.94
45.74
45.92
44.95
44.33
44.60
43.80
43.29
42.90
42.75
42.74
42.10
42.65
43.10
42.90
42.66
42.75
43.80
43.66
42.97
42.37
42.00
42.35
42.10
41.35
40.64
40.10
40.60
40.17
40.14
40.13
41.12
40.83
40.67
40.69
41.17
41.68
42.93
42.05
42.87
42.40
42.45
42.54
42.36
42.88
41.95
41.25
40.81
40.95
41.90
43.05
43.17
43.40
44.15
44.50
44.68
44.88
45.10
45.79
45.90
45.15
45.96
45.00
45.48
45.12
44.25
44.05
44.30
44.15
45.44
45.28
45.68
45.41
45.27
45.20
45.70
45.68
45.40
45.88
45.89
45.70
45.85
45.64
45.65
45.89
45.00
45.59
45.39
46.01
46.41
46.86
46.70
46.73
46.95
47.08
46.70
47.11
46.91
46.79
47.00
47.15
46.96
46.95
47.05
47.29
47.10
46.86
47.29
47.30
47.70
48.02
47.98
47.05
47.84
47.21
46.88
46.83
47.07
47.30
47.35
47.57
47.34
47.78
47.75
46.93
47.15
47.18
47.50
47.49
47.65
47.45
47.40
47.49
47.57
47.50
47.99
47.66
47.78
47.60
47.22
47.14
46.46
46.21
46.72
46.50
46.28
46.90
47.07
47.08
46.66
46.70
47.56
47.78
47.61
48.20
48.30
48.03
48.33
48.42
48.64
47.98
48.54
48.80
48.75
48.00
48.05
48.17
47.57
47.90
47.47
48.00
48.10
48.16
48.65
48.05
48.30
48.87
49.57
49.68
50.24
50.00
49.57
49.70
50.07
50.96
51.22
50.81
50.85
50.84
51.06
51.02
50.59
50.35
51.09
51.05
51.16
51.15
51.45
51.80
51.55
51.17
50.61
49.07
48.98
48.95
47.60
47.97
48.69
48.79
49.12
48.64
48.45
46.72
47.14
47.62
47.20
47.51
47.81
49.06
48.59
48.55
48.59
48.29
48.24
48.61
48.38
48.25
48.56
48.35
48.78
49.01
49.10
49.52
49.45
49.47
49.97
51.57
52.03
52.65
52.35
52.06
52.24
52.77
52.77
52.46
52.40
52.00
52.83
52.80
52.81
52.48
52.55
52.79
52.12
52.00
52.09
52.37
52.78
52.62
52.38
52.56
52.33
52.00
51.53
51.65
51.43
52.25
51.92
51.56
51.24
51.23
50.30
49.83
50.41
50.22
49.63
49.93
50.64
50.83
50.44
50.91
49.69
49.56
48.72
48.45
48.26
49.25
49.23
48.90
49.19
49.10
48.62
49.21
48.30
47.52
48.69
49.68
49.91
49.95
48.81
49.50
48.81
47.75
46.63
45.67
44.30
44.09
44.75
45.07
43.70
44.41
44.60
43.76
44.99
45.75
45.04
43.36
45.23
43.94
43.13
42.75
48.08
47.17
46.12
46.67
46.45
45.50
45.75
44.48
43.88
43.64
45.00
44.40
44.83
44.24
43.27
43.75
43.96
44.50
44.42
45.23
45.39
45.68
47.97
47.62
47.50
47.20
46.25
46.26
46.20
46.05
45.47
46.99
46.71
47.20
47.45
47.31
47.59
47.47
47.01
46.67
46.77
46.00
47.04
46.10
45.79
44.90
45.92
45.73
46.10
46.96
47.39
46.40
46.95
45.65
44.45
42.69
42.69
42.93
42.51
41.40
42.11
43.30
45.90
44.60
43.74
42.70
41.37
40.81
41.50
41.87
40.92
42.73
43.38
45.38
45.90
44.32
44.54
44.88
46.21
46.80
47.11
47.03
45.83
45.24
44.82
44.77
43.90
44.33
43.92
44.14
44.72
44.60
44.19
43.07
43.55
42.34
41.41
41.10
41.46
39.59
39.77
40.88
41.27
40.73
40.46
41.57
40.24
37.66
40.40
45.83
45.67
43.79
45.94
47.10
46.41
47.26
47.83
45.05
44.27
43.39
44.96
43.89
43.66
43.55
44.05
42.41
43.54
42.37
43.14
43.06
43.43
43.73
43.07
44.00
41.88
40.55
39.37
39.36
38.18
36.89
37.73
38.48
38.85
37.84
38.80
37.00
42.19
43.26
42.91
45.42
46.02
45.27
44.22
43.20
42.71
45.13
47.08
45.37
45.85
46.43
45.24
45.18
44.20
43.32
42.40
42.18
43.53
44.34
46.33
45.29
44.96
45.41
45.37
47.29
47.67
47.34
47.25
47.68
49.90
48.32
47.34
48.22
46.98
45.75
46.82
47.04
46.00
46.05
47.32
46.55
45.66
43.80
42.40
42.72
42.40
43.39
42.69
43.96
42.63
42.53
41.74
41.90
41.79
40.32
37.23
38.50
37.71
38.39
39.48
40.36
38.53
38.79
37.69
37.99
36.81
37.94
37.16
36.45
34.86
33.69
34.36
35.12
35.50
34.30
35.74
34.00
33.38
34.19
30.73
32.30
38.05
41.20
40.34
38.16
40.91
42.06
39.17
39.41
37.94
41.41
40.63
41.11
40.14
41.27
41.35
40.68
39.51
40.79
40.99
37.64
36.59
38.05
37.92
36.01
35.52
36.18
37.22
37.40
36.17
36.55
37.66
38.51
39.56
38.91
39.30
37.50
42.39
40.81
39.99
38.25
40.84
38.39
35.58
39.08
36.53
47.00
45.69
40.55
41.50
42.25
40.55
46.58
44.63
46.91
49.25
50.31
43.49
45.43
38.93
41.03
35.03
43.91
43.33
39.33
39.02
39.63
40.01
39.92
39.15
37.36
35.12
35.10
34.95
37.11
36.89
37.29
41.25
41.25
41.73
38.96
38.23
38.28
35.82
35.42
34.65
36.33
33.82
32.76
31.69
27.74
23.74
23.92
29.63
28.76
30.36
30.67
26.54
27.44
29.84
30.41
33.97
35.67
34.40
32.60
28.44
29.34
29.01
31.50
32.16
30.11
30.64
30.23
28.65
30.05
29.99
29.89
30.70
31.19
30.73
29.79
29.15
27.90
27.55
25.92
25.21
25.59
26.54
24.83
21.00
19.29
22.36
21.92
25.00
25.12
27.19
26.74
25.81
25.00
25.03
24.25
23.74
25.51
26.65
26.86
25.25
25.35
25.25
22.80
22.18
22.07
19.71
20.90
20.13
20.83
23.32
21.63
21.70
21.68
21.74
18.50
17.19
15.37
17.35
20.35
20.15
23.59
24.31
23.30
24.82
27.25
24.66
25.30
28.05
27.19
29.05
28.27
25.67
25.73
25.29
29.58
27.98
28.27
27.28
27.45
30.44
32.01
33.04
30.62
34.01
33.35
31.78
29.07
31.64
32.23
33.66
32.53
32.35
33.44
35.01
32.85
33.06
35.45
35.82
38.50
36.80
37.35
36.24
34.70
34.12
35.45
35.71
37.30
36.61
34.19
35.26
34.12
36.50
35.14
36.35
37.40
35.07
34.40
34.40
35.72
34.55
35.72
35.57
35.07
34.86
34.88
34.27
33.43
32.85
34.65
34.69
33.11
33.78
33.48
33.88
34.55
34.60
34.27
33.36
32.03
32.63
32.93
32.89
33.31
32.87
34.53
35.11
35.50
36.42
37.02
37.20
36.40
36.95
38.05
37.97
37.74
37.79
38.13
38.38
39.12
39.27
40.34
42.28
41.28
42.03
42.28
41.19
42.73
42.63
41.21
41.10
41.15
41.53
42.86
43.86
43.39
43.39
43.05
43.81
42.44
43.08
41.51
41.23
42.33
42.79
42.60
42.73
43.13
42.08
43.61
43.35
44.29
45.24
44.54
44.81
46.40
45.21
44.15
43.97
44.89
44.80
43.40
40.82
42.48
44.36
44.60
46.04
45.46
46.37
45.65
47.19
46.36
46.70
46.42
45.81
46.02
44.92
45.70
45.12
43.99
43.73
43.22
43.95
42.18
42.09
43.21
42.60
43.14
43.93
44.14
44.34
44.08
43.16
43.25
42.92
43.14
43.10
42.47
42.95
43.26
42.67
40.98
41.56
42.61
42.15
42.30
42.25
41.63
41.01
41.25
41.36
40.99
41.01
41.50
41.17
41.06
40.53
41.55
42.00
41.84
41.68
41.85
41.73
41.27
41.62
41.79
42.79
43.45
43.79
44.37
45.12
43.99
43.55
44.20
44.30
43.40
43.01
43.04
40.65
39.76
39.00
38.35
39.68
39.65
39.10
39.80
40.58
39.79
38.64
38.29
38.19
38.64
38.84
38.67
39.33
40.26
39.94
40.11
40.40
40.90
40.05
40.16
40.69
42.03
41.98
41.65
41.91
42.32
42.85
42.39
42.87
42.91
43.34
42.92
43.35
43.31
43.75
43.45
43.07
43.85
44.44
44.98
45.04
45.25
44.90
44.31
45.03
45.28
45.23
45.83
45.16
45.88
46.03
46.04
47.40
47.65
47.67
45.23
45.77
46.04
44.91
44.73
44.78
43.48
42.84
43.89
44.02
42.97
42.97
42.11
42.63
41.03
42.32
41.46
41.74
41.44
40.10
39.93
40.62
38.54
38.55
37.02
40.16
37.67
39.19
39.58
40.33
39.32
39.17
39.86
38.49
37.79
36.86
38.15
37.68
37.79
37.97
37.55
38.02
38.60
38.60
39.55
38.93
38.29
38.55
38.78
39.55
37.91
37.02
36.54
36.31
36.69
36.64
38.78
37.75
38.86
39.81
40.15
40.72
40.28
39.03
38.32
40.25
38.96
39.17
39.80
40.74
40.44
40.71
39.72
40.98
41.50
41.22
40.97
40.74
40.55
39.67
38.65
37.36
37.80
37.32
37.97
37.39
37.66
37.11
37.21
36.59
35.95
36.36
35.87
36.40
35.94
36.74
37.84
38.47
38.73
38.34
39.93
39.92
40.64
40.97
40.51
40.72
41.03
40.24
41.31
40.43
39.63
39.51
39.54
39.36
38.79
38.49
38.34
38.98
39.36
39.56
40.11
39.67
39.52
39.47
40.66
39.25
38.87
37.15
37.90
38.00
38.19
37.50
37.97
36.98
37.06
37.70
37.45
37.61
37.53
36.98
38.14
39.89
40.86
40.43
39.87
40.27
39.86
39.82
39.74
39.58
39.57
39.41
39.06
38.01
37.83
37.71
37.47
37.49
37.95
38.43
39.07
39.48
40.35
39.36
40.67
40.89
41.57
41.44
40.73
40.42
40.06
39.83
40.16
41.17
42.15
41.82
42.70
42.58
42.31
42.11
43.00
43.78
43.92
44.40
44.54
43.27
43.70
44.44
44.94
44.51
45.02
44.55
43.83
45.05
45.21
44.82
45.20
44.98
45.05
44.41
45.20
45.79
45.48
45.00
44.75
45.49
45.36
45.10
45.40
46.60
46.56
47.15
47.77
47.82
47.20
46.04
45.63
46.25
46.81
46.47
45.39
45.72
45.98
45.62
45.38
46.33
46.08
45.28
45.42
44.55
44.64
44.46
45.24
46.28
45.66
45.29
45.70
45.70
46.10
45.83
46.53
46.05
46.55
46.12
46.17
46.81
47.64
47.52
47.00
46.55
47.24
45.68
45.24
44.27
44.26
44.90
44.68
44.65
44.85
45.30
45.61
45.81
45.94
44.95
45.98
45.24
45.47
44.75
45.06
45.02
44.10
44.06
42.97
42.68
43.72
44.32
43.83
42.40
42.77
42.11
42.12
42.70
43.24
42.87
41.93
41.09
41.10
40.92
40.58
40.59
40.59
41.29
42.13
41.02
40.63
40.85
40.50
40.68
40.67
40.12
40.05
39.40
40.07
40.04
40.72
40.81
41.51
40.59
41.19
40.70
40.19
39.24
39.67
41.18
40.61
39.79
39.92
40.69
41.57
42.27
41.52
41.50
41.20
40.69
40.24
41.16
40.10
39.76
39.31
38.30
36.23
35.38
35.52
34.63
37.13
36.53
36.27
36.46
35.27
34.76
35.12
33.29
34.82
37.79
35.28
36.82
37.40
37.42
37.62
35.06
33.11
34.10
34.44
33.08
31.35
32.81
32.73
33.37
34.05
32.69
32.77
32.23
29.35
28.96
30.06
32.62
31.62
31.58
30.74
30.03
28.25
30.23
30.71
32.58
31.60
31.98
32.76
32.45
31.87
31.64
31.36
32.77
32.32
33.48
33.61
34.18
34.11
36.56
36.61
35.93
32.47
33.71
34.12
33.99
34.03
34.53
33.84
32.92
33.28
32.95
32.09
32.34
31.40
30.67
30.02
29.90
29.11
28.28
29.71
28.98
30.15
30.86
30.88
33.64
33.26
32.82
33.55
32.36
32.55
32.37
30.88
32.10
32.16
31.87
31.40
32.00
32.69
33.62
33.22
32.99
32.71
33.11
34.06
34.44
34.71
35.69
35.44
36.07
35.80
36.82
35.26
34.85
34.54
36.84
36.78
37.31
37.18
37.36
37.88
37.23
36.66
37.53
37.89
37.69
38.27
38.06
37.86
38.05
38.60
37.22
38.08
38.23
38.08
37.15
38.60
38.65
38.30
38.06
38.66
38.07
39.13
39.33
39.51
40.43
40.70
39.45
39.46
40.47
40.75
40.86
41.02
43.62
43.64
44.87
44.44
44.53
45.53
44.72
44.45
45.48
45.92
45.76
45.92
46.08
45.75
45.74
44.68
44.13
43.19
43.88
43.59
44.12
44.95
43.38
43.69
43.62
43.44
43.51
41.92
42.98
43.65
43.22
43.94
43.33
43.00
43.46
43.38
42.33
41.43
41.50
40.72
41.23
37.14
36.10
36.19
36.79
35.04
33.99
33.52
33.32
33.62
34.44
34.00
33.98
33.30
32.96
32.41
32.16
30.89
32.71
33.77
32.77
34.37
32.88
33.69
34.41
34.89
34.71
34.99
36.03
36.49
36.02
35.26
36.06
35.64
35.32
36.70
36.27
35.96
35.61
33.92
33.81
34.22
34.21
34.33
35.06
35.76
35.44
34.75
35.02
34.05
33.24
34.58
34.98
35.78
36.01
36.50
36.11
36.19
35.62
35.82
36.24
36.57
36.85
36.72
36.76
36.87
37.42
37.07
37.18
37.20
36.92
37.63
37.88
37.81
36.94
37.31
37.10
37.32
37.06
37.14
36.98
37.08
37.58
39.04
39.23
38.80
39.88
39.84
41.96
41.00
41.05
41.33
40.96
41.53
40.61
41.55
40.15
40.40
40.42
40.88
41.14
40.83
41.16
42.04
41.33
41.77
41.55
42.37
41.60
41.91
42.79
42.93
43.09
42.80
42.25
41.47
41.68
42.24
41.42
41.45
41.70
43.04
42.33
42.57
42.01
41.28
40.31
40.85
40.18
40.21
39.06
39.43
40.09
40.33
40.94
41.10
40.79
40.87
40.49
41.15
40.99
41.27
40.78
40.69
41.25
41.84
42.54
42.60
43.00
42.65
42.77
43.00
43.83
43.99
43.69
43.82
43.72
43.95
43.96
43.10
43.10
44.98
44.74
44.45
45.09
45.40
45.56
45.89
45.97
45.89
45.49
45.91
46.40
46.38
46.25
46.23
46.24
46.74
46.84
46.28
47.04
47.01
47.40
47.54
47.94
48.42
48.65
48.33
48.51
48.80
49.35
48.40
49.35
49.12
49.35
48.41
48.63
49.10
48.22
47.85
49.16
48.60
48.73
49.49
49.88
50.05
50.59
50.23
50.35
50.29
50.25
49.97
49.19
49.65
49.57
48.79
48.63
49.04
48.74
48.20
47.84
47.55
48.01
48.03
46.96
46.79
47.88
48.74
48.94
49.21
48.90
48.39
48.43
48.11
46.80
47.15
47.40
47.68
48.32
49.02
48.86
49.08
48.96
48.76
48.25
48.63
47.71
48.57
49.22
49.70
49.05
48.84
49.77
50.20
50.87
51.26
52.28
52.53
53.43
52.82
52.90
54.56
54.09
54.60
55.71
54.60
54.54
53.78
52.84
53.77
54.64
53.46
53.90
53.00
54.04
53.70
54.03
53.99
53.08
52.96
50.88
51.51
52.65
53.03
53.12
53.22
52.57
52.31
53.36
54.54
55.07
54.77
55.84
55.51
55.49
54.90
55.05
55.51
56.51
56.17
56.72
56.92
56.45
56.06
55.98
55.87
55.58
56.36
56.27
56.33
55.99
55.06
55.42
54.69
54.04
54.22
54.33
53.52
53.07
52.89
51.78
51.92
52.00
52.27
52.16
51.02
50.33
50.59
50.82
51.25
51.16
52.03
52.41
52.78
53.83
53.37
53.43
52.29
53.45
53.19
52.69
53.63
52.95
52.08
51.01
50.22
51.93
51.50
51.73
51.64
51.32
52.00
52.07
52.29
51.83
51.17
51.84
52.96
51.94
52.91
52.61
53.79
54.26
54.27
54.65
53.31
52.84
52.16
52.89
52.83
53.00
52.65
51.45
52.74
51.85
52.26
52.13
51.83
53.91
53.93
53.52
54.26
54.27
55.49
55.97
56.43
56.28
57.25
57.50
57.63
57.58
57.58
57.10
56.89
56.44
56.71
56.57
56.28
56.49
56.54
56.05
56.37
56.34
56.66
55.84
57.10
57.21
57.97
58.07
58.35
58.17
58.14
58.20
58.31
58.29
59.16
59.29
58.54
58.98
58.67
58.51
58.30
57.73
58.79
59.21
58.09
58.33
57.09
56.00
55.08
55.39
54.96
56.07
55.50
55.50
54.72
55.10
55.35
56.65
56.77
56.61
57.34
57.07
57.89
58.02
58.36
57.53
57.59
57.62
57.90
57.37
56.78
56.57
56.30
56.95
57.48
58.51
59.35
59.14
59.42
57.70
58.00
57.11
57.21
57.82
57.99
58.36
60.96
60.37
61.11
61.24
59.94
60.21
60.83
60.95
60.37
60.65
61.02
59.69
58.80
59.10
59.35
55.18
55.85
55.09
55.00
55.34
55.26
55.04
55.80
56.07
56.31
55.63
55.73
56.24
55.92
55.83
53.88
54.04
53.55
54.20
54.22
54.27
54.74
54.64
54.20
53.42
53.08
53.72
54.05
54.17
54.55
54.75
55.09
55.75
55.58
55.65
55.09
55.52
55.91
56.76
56.91
57.47
57.48
57.07
57.03
56.85
56.79
57.29
57.69
57.69
57.54
57.88
57.22
57.34
57.33
57.44
57.15
57.27
57.23
56.89
56.35
55.88
55.06
55.29
56.53
57.95
58.51
58.56
58.33
58.12
58.42
58.76
59.07
58.92
58.94
59.13
59.02
58.65
57.39
56.91
56.43
55.89
56.63
55.89
56.54
56.23
56.69
56.77
57.24
56.86
57.60
57.42
57.66
58.44
58.98
59.57
59.85
59.25
59.34
59.46
60.02
59.63
59.62
59.84
59.63
59.15
59.18
59.80
59.78
59.71
59.95
60.54
61.74
60.94
60.82
61.18
61.49
60.33
60.03
60.40
60.24
59.15
59.25
60.78
59.92
59.36
60.33
59.03
58.50
56.69
57.02
54.75
55.73
56.10
57.23
58.04
58.12
58.00
58.45
58.87
59.62
58.94
60.12
60.79
60.24
60.80
61.08
61.07
61.25
61.71
60.42
60.50
60.25
60.00
60.35
60.45
60.20
