1.91608391608
1.53273170033
0.270462633452
0.182302622353
-1.52950730915
0.704225352113
-5.82760016188
-5.14447745072
-2.23471346312
1.20547945205
-4.85124631466
-5.49464558899
-8.21663155286
-4.88981614291
-9.53030115256
-10.9014925373
-4.78271425103
-3.00516889049
-6.18960244648
-1.82503954252
-1.5400893487
-0.603281853282
0.0721761097077
-1.05301379811
3.95901846699
4.93461633358
4.25157232704
6.06021944374
10.5284280936
2.3430420712
4.76929042264
4.60526315789
3.3082904969
-4.09289196818
-2.97663903542
-5.64634146341
-5.66037735849
-6.47189349112
-6.59156279962
-2.6769343601
3.79746835443
-0.69033530572
3.08806709874
4.22183362478
3.55696202532
-4.96812221821
-9.98668442077
-13.5274725275
-7.50924214418
-14.1304347826
-9.20707732634
-8.5076142132
-5.3955712652
-8.58591192312
-2.38726790451
1.30559858376
13.2183908046
10.3222846657
2.36756756757
8.64553314121
4.64281579252
-0.503202195791
0.949403728146
4.97049477985
0.872093023256
-0.506854049073
3.47928994083
9.50931913275
12.0691847895
6.83229813665
11.2948717949
9.30021989393
5.51170568562
0.730207532667
5.31135531136
5.57661072009
7.19633943428
1.35593220339
2.5486074619
2.94949494949
0.860068259386
-0.0969663388281
2.43055555556
7.3927765237
8.0
4.64285714286
0.795867076236
-3.51112302332
-4.53872053872
-7.09459459459
-6.81576144835
-1.21379310345
3.36611719075
1.545404814
3.32309410779
6.93238434164
2.83687943262
-1.78231292517
-2.10202168965
-7.14378322313
-12.9384062461
-11.186696901
-4.54545454545
-2.84859521332
0.823529411765
10.0668394489
63.3669479317
59.7841875908
53.575709149
56.7301782422
61.3336267606
3.6476109215
0.521485189821
6.51063829787
5.23932729625
-3.07167235495
-1.42977291842
0.0
-0.106269925611
-2.60394792104
1.78028658272
0.0
0.397905759162
-1.97916666667
-4.87415101878
-7.41708542714
-6.17478792661
-5.55775316456
-5.41871921182
-4.64761904762
-4.38208725735
-0.490773458971
-0.256460840402
-1.09140518417
-0.436184335293
0.911559348332
-0.60487804878
2.65289590928
2.86688051323
8.99131872675
3.51335073278
-0.716776443239
-4.00466562986
-0.73631840796
-7.74218154081
-7.00149365198
-3.51401869159
-1.66316191933
-3.14186584426
0.846153846154
1.5355450237
3.26191854854
3.83088527193
2.34760307753
2.46305418719
3.55319984295
-1.78199052133
-7.23623642055
-4.80751173709
-2.51632731464
-3.32131334219
1.67694680031
1.99061032864
-4.70651395848
-7.54750488368
-7.7556022409
-7.35714285714
-6.98689956332
-3.33852274693
-2.06956521739
8.16133308086
10.4754389426
14.5
17.6913680782
23.4965635739
12.6493174061
9.01075268817
12.0573733752
3.95767195767
-0.936170212766
1.78028658272
2.1978021978
-4.82081911263
2.29486901927
-1.05263157895
-1.47593582888
-0.131694468832
5.49054905491
7.71921641791
12.9339039467
14.5552560647
11.9685426395
17.5350436392
8.03728898967
6.31951466127
7.56457564576
10.330802603
-2.90190035953
3.41323606045
3.07451797811
-5.29206190714
-7.8
-2.65
-10.0960412275
-12.2742857143
-11.956043956
-12.453490917
-12.0879120879
-3.93789378938
-3.84615384615
1.246105919
4.88980716253
3.12783318223
3.8075216071
8.02469135802
5.59210526316
6.89570552147
7.92563600783
8.0514891469
9.23236514523
10.0025846472
8.84081196581
4.49897750511
0.609446419502
1.47368421053
1.97680548234
1.51843817787
4.85124631466
3.79546652609
-8.01258775115
-5.29206190714
-5.89436080633
-6.725
-10.7294117647
-3.93023255814
-9.97752808989
-8.60541044776
-8.9667728721
-6.3464081093
-4.03927694711
2.29885057471
-5.11175038725
-3.68259535292
-0.808743169399
-3.38507977577
-7.3285044738
-0.550176056338
3.68181818182
-9.62070327934
-10.8076923077
-4.086636698
-7.73604060914
-9.63236804272
-0.628190027483
-3.91722099039
-8.19733633465
-7.40740740741
-8.1320754717
-0.97200622084
7.04113924051
4.77594339623
2.90191526407
-0.469483568075
-3.05314738032
-6.69865288799
-7.69230769231
-7.66345123258
-3.16421167485
-4.99552372426
-0.823572474378
0.952380952381
7.07727620505
5.08312631378
8.06888544892
5.17805582291
3.90104662226
2.22917481424
2.22699746044
1.11524163569
-0.0769378726678
5.20520520521
8.00422386484
5.983436853
8.62911795962
7.08547888774
4.93697478992
1.47878268324
4.74951203643
2.72925764192
3.82805816938
-0.750625521268
-7.14427860697
-8.22054140127
-6.43513789581
2.79182237854
1.18143459916
14.8571428571
11.0030932391
9.80260206371
0.753045404208
11.2937309228
8.83084577114
16.3197121563
6.88084392232
7.21918784137
-1.7758302583
-5.52291421857
-9.51162790698
-7.10467706013
-5.58295964126
4.23076923077
5.08767596938
1.17647058824
11.1661302303
10.341415141
-3.92609699769
-9.4993294591
-6.32576592462
-11.2307692308
-10.9102931453
-11.8126272912
-8.31967213115
-5.08368200837
-3.80549682875
-4.28270042194
3.41196293176
0.618556701031
-4.11233701103
-1.4172571905
-2.72932485122
-4.21625983458
-1.02040816327
-1.48221343874
-2.47967479675
2.05235602094
4.91005291005
3.13618185645
8.95779500431
3.27455919395
0.994077834179
-2.19416269923
-1.41108113717
-3.57142857143
-3.62128262189
-5.47780887645
-1.24693376942
-2.33076611269
-1.10882956879
0.202716399757
2.87947346771
-0.467955239064
0.920433626508
-1.61616161616
1.71134020619
3.80017079419
7.71422309884
10.6108597285
12.0416478044
11.5198896298
6.69703872437
4.67997247075
-1.55902004454
-0.293387497179
-2.31356693621
-3.72807017544
-7.49151103565
-2.17864923747
-3.29550414666
-0.358102059087
3.58927760109
4.71111111111
3.21565100067
0.0436681222707
-2.12486308872
-3.31649461893
1.10087620759
1.09115708115
9.02166150916
8.56123662307
7.02867889046
4.60634547591
6.77184466019
-0.685579196217
-3.51078476365
-2.65446224256
-1.95852534562
-4.20832364566
-0.890346766635
1.58508158508
1.06382978723
-1.83216466863
-1.82606710797
-1.43187066975
-1.37931034483
-0.597701149425
2.05447830102
2.45556594949
1.23918634557
3.37452471483
3.81861575179
2.5325443787
1.51946818613
1.23076923077
-0.166073546856
-0.663821716453
1.85631629701
2.50669262594
4.55332838406
2.30582524272
3.58546168959
1.34375763499
-0.0243309002433
-0.197579649296
4.11928228456
3.77166156983
3.88324873096
3.18855134321
5.58018252934
7.11965349215
6.05405405405
5.743424584
12.9929078014
10.0746268657
8.29668718851
17.237008872
20.8955223881
8.19521178637
4.78195488722
4.66400736422
-4.71014492754
-9.75109809663
-4.17647058824
-4.97284938554
-5.99942313239
-3.04449648712
2.21490571685
4.80887792848
6.19119878604
3.83348307877
2.21424296828
1.58102766798
-3.3084947839
-2.916912198
-3.49710982659
-2.10896309315
-2.89341600236
-4.98442367601
-5.08948545861
-4.47266703479
-8.91141942369
-9.80026631158
-1.12013441613
0.704027034638
2.43212669683
3.1370390754
4.1897891232
-1.78767876788
-5.40756526372
-8.37004405286
-6.34020618557
-7.70806658131
-6.28865979381
-4.59974587039
-2.67339218159
-1.89633375474
-0.91347373763
-3.24189526185
-0.126903553299
2.08547888774
0.4061944656
-0.202582932388
0.753768844221
5.06666666667
2.04939569101
4.42735949099
8.04377564979
6.93175711983
-3.8954382368
-5.74541852402
-5.15463917526
-5.50672182006
-3.32467532468
1.69403179567
8.87031544891
10.3496115427
5.39509536785
3.52245227212
0.973684210526
1.56078860898
0.811188811189
1.83129855716
2.42357477279
4.62555066079
-0.0820793433652
-1.65061898212
-0.852819807428
-2.70632368703
-6.87179487179
-6.0411311054
-5.82901554404
-6.09661586153
-4.64997445069
1.72143974961
4.26159206647
1.92764721415
6.02574637086
6.21438263229
6.76691729323
4.33445190157
5.93006993007
1.6991643454
5.31580451558
4.66336345089
11.5756630265
8.13672111313
5.43318649046
8.79975124378
12.2709424084
10.4410751206
12.2961956522
13.2357831726
3.34190231362
-4.02010050251
-7.84375992379
-2.67768595041
-0.463422707713
3.56073211314
9.67964174991
7.07242434546
3.8091969801
7.16566158212
3.62068965517
0.241712707182
1.55386740331
-0.376068376068
-4.95616992583
-10.7692307692
-10.9197170102
-14.9486049927
-14.0969162996
-14.6229130685
-10.4683195592
-10.3172413793
-3.73197625106
-3.01908288237
-3.52679811164
2.71646859083
0.443336104184
0.511508951407
0.919804541535
2.30113636364
1.11587982833
2.67425320057
-0.87323943662
-2.41234221599
-1.15136197697
-1.01954120646
0.399885746929
3.07781649245
2.26620768789
1.80102915952
0.341005967604
-0.0856164383562
2.92887029289
1.69194865811
1.68604651163
-0.537026568683
-5.98336463644
-10.1986044015
-9.21610169492
-6.01092896175
-3.33333333333
3.8450821956
6.36597202398
7.91654758502
6.58124635993
4.2735042735
1.0985915493
-3.36551724138
-1.93385650224
-0.174418604651
1.35720473578
-3.82010295313
1.34190662566
1.71037628278
-5.3384700055
-7.87443469008
-0.135281385281
-5.44541369284
-7.92650918635
-2.98985584624
0.186567164179
-1.59744408946
-1.40734949179
0.793650793651
0.698924731183
1.48769272383
4.30435990003
6.73157162726
9.05943450664
7.35930735931
6.54178674352
6.88631641437
6.70822202434
2.30224321133
5.22320072882
4.61260174857
3.15370483772
2.09090909091
-4.50958286359
-5.96801827527
-4.16064721179
-2.15698022768
0.030312215823
6.93188667872
6.34679623444
9.90790727215
2.01711491443
-2.74174528302
5.80357142857
5.44348382965
1.74474959612
0.398895366677
5.08054522924
0.287815797889
3.58208955224
1.2430487406
7.87818603112
7.31382978723
9.71929824561
7.14285714286
12.3897058824
15.7471264368
22.6753670473
41.9322709163
20.7725321888
21.7002237136
17.3033707865
-2.31075697211
-19.3250301326
-6.65064102564
-10.6714628297
-6.70859538784
12.3042505593
5.24312896406
3.82695507488
-5.15542077331
-9.48766603416
-12.2152395915
-3.0737704918
-4.37549721559
6.41387656313
5.99356395817
-6.43145902242
-8.06330067822
-6.47321428571
-7.11877107531
-3.30610657332
2.71800679502
-0.785046728972
2.28310502283
0.338345864662
-2.61363636364
7.0303030303
5.35643954313
9.04564315353
11.2505227938
11.9118270454
6.91144708423
10.4873803307
9.4956837801
8.48457350272
8.65960386918
7.42459396752
12.4266144814
10.7700050327
9.21704658077
12.7792207792
15.6115879828
8.20539968237
3.11364815776
10.0327153762
1.3691416535
-5.57244174265
3.50684931507
9.36435868331
10.8827085852
13.2379248658
18.9156626506
18.1229773463
10.4702194357
-3.78126817917
-0.651658767773
-10.8006448146
-15.5276107162
-15.1144225652
-9.38323668951
-16.7242229896
-6.52938221999
-7.48609003541
-4.6192893401
-6.87285223368
-4.61176470588
-2.68817204301
-6.08076009501
-5.06024096386
-5.343866171
-3.45297592004
-8.94526034713
-4.57842248413
0.728155339806
6.53465346535
7.78648383937
9.39629990263
5.29832935561
-6.02189781022
-8.55590765052
-6.71539515761
-6.42369020501
-11.6779089376
-11.9325030133
-11.6046418567
-12.2645290581
-9.26002480364
-5.83564906709
-1.11243543901
-0.911974623315
1.38155221455
-2.06477732794
6.69207962728
3.02906262792
8.42648323302
1.90476190476
2.53217102532
-2.23602484472
3.42929720576
-6.20967741935
-3.47721822542
0.375
3.51478782683
-5.02613590671
0.364225010117
3.38842975207
-1.84049079755
-1.97478991597
3.66819508128
2.95833333333
-4.87421383648
-5.74402467232
-14.9392423159
-13.8290229885
-10.3474038102
-6.81318681319
-4.24510889627
2.56598240469
0.906125407756
-1.1447562777
1.94174757282
3.43642611684
7.31707317073
11.7004048583
7.75964982093
12.473750525
12.4516960069
8.12420246704
5.10638297872
9.07118055556
2.01371036847
-1.22985581001
1.99566160521
2.44115082825
3.27207530255
6.18744313012
6.69683257919
4.77272727273
6.64807066481
4.79098168154
0.594965675057
-1.77777777778
-2.22222222222
-5.20052886734
-6.9493006993
-2.01793721973
-0.221729490022
0.716204118174
0.132391879965
0.881834215168
-2.40700218818
0.669642857143
-2.0604997808
3.0
1.74966352624
6.57649253731
7.95180722892
9.92771084337
1.28913443831
4.84477892756
-4.96453900709
-9.03112669882
-11.0587226747
-7.69230769231
-13.752535497
-4.52814219213
-5.50952775476
-3.47538270583
-2.44610281924
0.81799591002
-0.337410375369
-0.371440363186
-3.74352847471
-3.28789093825
-4.41751368256
-7.52730109204
-6.77183532128
-2.40963855422
-3.03265940902
-0.0390777647519
-3.39110776187
-3.27502791217
-2.90566037736
-5.82204320762
-6.77595628415
-7.46164574616
-8.72961956522
-7.21288515406
-2.32474964235
-4.72058313086
-1.5785861359
0.3066439523
-2.45901639344
-6.36302746149
-5.10540184453
-5.11234125692
-4.76963011032
-2.2696929239
-0.731382978723
-1.87459599224
-0.0325520833333
1.08232207281
-3.4793814433
-3.744
1.7094017094
0.953006901084
-0.196399345336
1.80387012135
1.13268608414
-5.08580343214
-6.51305683564
-5.33002788968
-7.21241631163
-8.90330188679
-5.23358959196
-6.16892476218
-8.06267806268
-6.46171363507
0.473933649289
-0.762910798122
0.434279096699
1.15273775216
1.23919308357
-6.09179415855
-5.56940980881
-1.51126318791
0.725689404935
-0.287356321839
6.20384047267
5.21865889213
3.17740511915
0.145348837209
2.65486725664
-0.965476887068
0.263080970476
-1.10561536223
0.791092880164
-3.33618477331
-3.44632768362
-4.0661805945
-1.82804912882
-4.5581655481
-5.97855227882
-5.06838294449
-1.6275862069
-0.0856164383562
1.21709595245
8.33575370317
6.72581568403
3.98737808376
1.33024869867
-0.394699746264
-2.98675683291
-0.851305334847
-0.570450656018
-1.34094151213
6.32494004796
5.2179069078
7.57020757021
6.27462867536
6.69710806697
1.12155198545
1.53521974714
-2.6159334126
-1.3161830691
-3.09734513274
-1.99049316696
-2.4375917768
-1.60865750219
-4.01952339937
-2.02312138728
-0.766509433962
0.918790752816
2.42660275614
4.72038484666
2.03479799469
-0.876680303916
-2.76657060519
-4.24555364314
-4.09457900807
-0.818952910208
-1.24098124098
1.28429655575
4.43379269023
2.96912114014
0.558823529412
2.00176626435
-0.982658959538
-3.69301788806
-5.76385002798
-4.19836573683
-2.91511860532
-2.39774330042
-0.602236879839
3.65429234339
3.80228136882
0.981240981241
3.26245266531
-1.44149236857
-1.54197601371
-2.78646573784
-2.53164556962
-4.87669714602
-0.645885987082
-1.90476190476
-0.98536036036
-2.44237102086
-1.87601957586
-2.70491803279
-3.09446254072
-2.25646670336
-0.437158469945
0.299972729752
4.63121783877
5.25714285714
4.51538682773
4.72103004292
3.15049226442
-2.64403005845
-2.34375
-3.14763231198
-4.79433396895
-2.86885245902
-1.64248562825
-1.29440925365
-0.3884572697
2.28475898579
1.5538290788
1.78322652549
1.25488008924
1.63564579808
1.35554927986
3.29607337346
3.25086306099
3.55183367023
1.31428571429
0.39693790757
-1.80129468055
-2.11208110391
-2.17514124294
-1.85081323612
-1.50795867076
-0.754189944134
0.339078835829
1.2585812357
0.564015792442
2.81366637956
3.25930199019
1.17209834191
-0.370475919065
0.567214974475
-2.49160134378
-2.77621985418
-1.8793828892
-1.92845164897
-2.32686980609
-1.24412496544
-1.30085801273
-1.57371617891
-2.05310703531
-1.36612021858
-1.52463925946
-1.33806663026
-0.902872777018
-2.50867360555
-3.73487638085
-5.01680889578
-5.52115583075
-5.77468419696
-3.67609254499
-3.05966343702
-0.642343268243
-1.2987012987
-0.767459708365
-2.99251870324
-1.80270405608
-1.71717171717
-2.45901639344
-2.34823882088
2.50511247444
2.27912932138
1.82566212394
3.20430658805
2.30002555584
0.513874614594
0.231006160164
-2.11427133149
-1.26550240445
-0.886524822695
-3.35237149243
-3.46878097126
-1.07071713147
-2.82833251353
-2.47035573123
-1.34737873591
-0.517623859995
-0.372116100223
1.14427860697
0.322180916976
0.641025641026
-1.09702584105
-2.93763544426
-3.52771778258
-4.1567695962
-4.78873239437
-4.62683096954
-3.28365160689
-1.88368259948
0.166547704021
3.12273057371
3.58863198459
4.91082335695
2.75828695863
-0.591296121097
-1.68967158496
0.459714493104
0.31862745098
0.854075158614
3.78006872852
1.25301204819
0.193939393939
-2.99572039943
-2.38208670796
-2.88438617402
-1.79839091339
-0.674211413436
0.74251497006
1.15662650602
1.40198211264
2.69744835966
-0.0721847930703
4.27072927073
5.6786350904
6.70621614651
4.81406011207
5.58943089431
3.8920601972
4.21974522293
1.016154247
2.50652741514
2.10116731518
-0.207146556188
-0.659108884788
1.93891102258
1.86170212766
1.82250396197
0.809188201514
-0.315374507227
0.132978723404
3.0701754386
6.91894944931
8.86615515772
6.3740564719
5.17482517483
2.29949523275
0.283205890683
-1.06831599663
0.0839395635143
-0.445558340295
-1.16407982262
-2.13414634146
-3.44733984799
-2.95954385012
-2.81461434371
-2.06297502714
-2.08955223881
-1.23324396783
-0.351731601732
-0.885193133047
-3.40849501835
-3.17919075145
-1.008492569
-2.22222222222
-0.771892467394
2.38926174497
1.98285101822
0.96463022508
1.53102336825
1.54054054054
0.784632034632
-0.797448165869
-1.1914217633
-2.00052645433
-2.50329380764
-3.47349177331
-2.96621098788
-1.04794341106
-0.236344537815
1.87919463087
3.87954422138
5.49659863946
3.63833831116
3.19783197832
0.296176628971
1.12482853224
2.08333333333
2.67633119599
2.5
2.03296703297
-1.00488864747
-2.1207177814
-1.80673419108
-1.28873046339
-1.38173936603
-0.674399784192
-0.969305331179
-2.14304848647
-2.5126971398
-0.431615861883
-0.376242945445
2.37045203969
3.43585480743
3.71499861381
0.216274668829
0.840108401084
-1.57352143245
-2.11554109032
-4.42501324854
-2.4782494068
-3.70563674322
-3.0
-4.60543337646
-2.10116731518
-1.71028763928
-2.83975659229
-3.67553865653
-2.69385699899
-1.40664961637
-2.50126326427
0.458481915436
-1.02860010035
-0.326223337516
-1.93127664911
0.533401066802
-1.20785103171
0.150753768844
1.7620020429
0.962268928843
0.742067553736
0.404244567964
0.378310214376
-0.558659217877
-1.52119700748
-1.93224592221
0.304105423213
-0.251572327044
0.638895987733
1.82833925851
0.428427419355
-0.679587213692
-1.46256817055
-1.58450704225
-0.202736948809
0.481134464421
0.505944852011
1.74022698613
0.964956830879
-0.126550240445
0.637104994903
2.5953802232
2.34899328859
0.974358974359
4.02843601896
5.34228187919
2.20159151194
3.3893781692
5.34846029173
1.30701520405
-2.02524986849
-2.02702702703
-2.9274611399
-3.84415584416
-2.74967574578
-2.13642213642
-2.9263370333
-1.90597204574
-1.98574338086
-1.43185885963
-0.256739409499
1.17406840225
0.459535358693
0.306435137896
1.66363400052
1.77684870656
3.59598096245
4.67664350615
4.28761651132
2.42279020234
1.51193633952
0.344919076678
0.294827124095
-0.265604249668
-1.88087774295
-1.9250780437
-0.972149238045
-2.12486883526
-0.423168473949
1.94407456724
1.98991775007
1.14270528833
-0.339869281046
-2.40061951471
-3.79195490648
-3.18520421269
-2.31048805815
-0.906735751295
-0.844637829537
0.0
-0.5873340143
-1.25608818252
-1.55572558021
-0.229826353422
-0.127942681679
0.384516790567
-0.357598978289
2.08279093986
1.74071187321
0.955825368122
1.58854166667
2.29945126731
1.34564643799
1.31613582522
2.48874768335
1.56043374769
-0.338541666667
0.158562367865
1.98657718121
2.49660786974
2.52169197397
4.17797069995
2.74232962259
1.36054421769
-0.405405405405
-1.20546477364
-1.70666666667
-1.83901918977
-1.71168761701
-1.83072433006
-1.68554121675
-0.688559322034
0.0533333333333
-0.160213618158
0.560298826041
1.25333333333
0.559254327563
0.455397803375
1.82164219685
2.65680635442
4.36960757028
2.93311403509
1.77208287895
-0.513930213687
-0.109439124487
-3.12752763548
-1.37875101379
-0.891650905161
-1.43961610237
-2.11569362614
0.406063887385
1.42582944886
1.78767876788
3.87704237053
2.44170096022
1.90344827586
0.606896551724
0.580912863071
0.277700638711
1.84409052808
3.39418140331
3.77898654452
3.49269968508
3.32855093257
3.4991324465
0.314735336195
0.953757225434
1.98540145985
3.19810482677
0.0
0.778546712803
-0.574712643678
-0.724637681159
-2.4552281918
-1.31278538813
0.318194966734
1.78414741152
1.67992926614
-0.0577367205543
0.257510729614
-0.546605293441
-2.42579908676
-2.69572698595
-1.50696616434
-0.370581527936
-2.08450704225
0.0571102227299
-1.74697097774
-1.12454315434
-1.18309859155
-1.6620498615
-2.45125348189
-0.33698399326
-1.08453837597
1.02447353443
2.26628895184
3.07206431237
3.33720255369
3.5118019574
-0.198807157058
-2.08044382802
-3.75794418348
-4.43704936217
-3.25814536341
-1.89467818334
0.389863547758
0.695603784085
0.72625698324
0.447552447552
0.363534675615
0.475657526581
1.0970464135
0.81667136018
0.76099210823
0.252312867956
0.676056338028
0.338696020322
0.0281690140845
-0.337078651685
-0.112013441613
-1.11420612813
-1.80155210643
-1.52565880721
-1.22086570477
-1.51682294539
-0.0834956860562
1.43379252179
1.29249789267
0.334075723831
0.83426028921
1.72706681767
1.45464917285
1.77294824135
3.81502890173
4.35287289611
1.46509623671
0.286041189931
-0.794326241135
-2.50774866159
-3.44634351359
-2.92805354155
-1.5488594762
0.113604089747
0.938566552901
0.819209039548
0.730337078652
0.197516930023
-0.452360757704
-0.537482319661
-0.169204737733
1.30904951622
0.396600566572
-0.506329113924
-0.730131985397
0.0
-0.312056737589
0.885967419263
1.48444190694
2.3275862069
1.86727951738
2.7397260274
0.981240981241
1.3013302487
0.986651189785
0.432775533757
-0.665894614939
0.405679513185
0.669577874818
1.80206794682
1.58264947245
2.64487369985
1.7693895606
2.29303156641
-0.118028917085
0.176159718144
-1.34857812958
-1.9091698004
-3.75465749498
-2.16512702079
-2.18265364733
-1.33063349725
1.2298682284
1.89836448598
1.49428655142
-0.485853100886
-0.0578201792426
-1.10049232551
0.676271684799
-0.350364963504
2.70032286469
1.97523584906
1.91853600945
0.265330188679
-0.291120815138
0.412614205718
-0.586166471278
0.833333333333
1.40508221226
2.04991087344
0.0884955752212
1.78997613365
0.870609426599
0.541027953111
-0.266666666667
-0.528169014085
-1.41176470588
-1.36215575955
-4.20385833573
-2.87769784173
-2.98889837746
-4.92170022371
-5.45912653975
-3.79501385042
-3.55259505967
-3.59495060373
-2.34844347351
-3.06648575305
-2.95698924731
-2.85791318415
-2.33181452694
-2.81316348195
-1.31226566685
-1.37857900318
-3.20981210856
-2.48301097752
-1.18017309205
-1.03366021733
-0.238032266596
1.02820986027
0.604785695504
0.819672131148
-1.23036649215
-2.50128932439
-2.39320638188
-2.23650385604
-2.92607802875
-0.130718954248
0.5444646098
-0.33341882534
0.1287001287
0.28314028314
-0.571874187679
-0.206985769728
-0.332310838446
-0.766283524904
-1.42095914742
-2.73072060683
-2.34967155129
-1.68384016084
-1.13636363636
-0.479797979798
-0.702987697715
-1.17353308365
-1.01990049751
-1.24688279302
-0.776747682285
-0.0752634219769
0.907029478458
0.0248818113959
1.21150933872
0.427780573729
-0.39980009995
-2.40963855422
-1.32580407562
-2.65356265356
-0.525657071339
0.250501002004
2.41752707127
3.69144602851
4.1986687148
4.99342969777
4.31147112621
4.19837313041
2.079002079
-1.33872189947
-4.27672955975
-3.96486825596
-4.12578616352
-3.51053159478
-1.00025006252
0.556539337212
1.03955375254
1.24808965869
0.707070707071
0.55318078954
-0.976953907816
-0.82977118431
-2.09476309227
-1.78571428571
-2.57226849584
-2.10887690044
-2.28501228501
-3.16348708042
-1.92167355874
-2.01632261162
-1.924001924
-1.06951871658
-0.528465049243
-1.3202112338
0.168309689829
0.362056480811
-0.819672131148
0.0721153846154
1.48599269184
1.11840505714
0.901120311739
0.241662638956
0.921882581271
-0.653436592449
-0.652173913043
-0.940892641737
0.436893203883
-1.97384066587
-1.71265461465
-1.66270783848
-1.56732367609
-0.866217516843
0.887715930902
1.22802793162
1.10470701249
0.429286906749
-1.67967825881
-2.02162670428
-1.79711515725
-0.143884892086
0.119388729704
1.58615717376
1.52744630072
0.23702299123
-0.714285714286
-1.69014084507
-2.36977944627
-1.64319248826
-0.729411764706
-1.59325210872
0.900047370914
-0.0937646507267
-3.07167235495
-6.3464081093
-4.68959356856
-7.20879120879
-6.15926088869
-3.80827314511
-2.72240085745
-2.86334056399
-1.12994350282
-1.00174216028
1.19601328904
5.25722021661
3.50246969017
3.8357400722
6.17341040462
5.63874590547
3.67251461988
4.45590994371
5.09841119279
2.60972716489
-0.256709451575
-1.11034004164
0.471253534402
-1.10225140713
-3.28132170721
-2.19128052956
0.605073306958
0.141576215196
0.923076923077
2.90436835891
4.06175771971
3.29326923077
4.56452010856
5.70427820866
4.31034482759
4.83067729084
4.13016270338
0.0987898246481
-3.0089784033
-1.14438763087
-1.73721556154
-3.73493975904
-0.857002938296
-0.145384056215
-3.77225866917
-2.69047619048
-3.19570795428
-3.70195708559
-2.77974087161
0.636642301344
-1.36214185063
0.0
0.378698224852
2.56100507369
3.71729029102
4.54210655536
5.30582166544
-1.85830429733
-3.69939506747
-5.23754345307
-7.85067873303
-8.78332959892
-3.58342665174
-3.84787472036
-5.12313104661
-3.11266988163
-1.93364095803
-1.84655968345
-2.10249671485
0.797872340426
0.773138944113
1.15581240276
2.57046223224
3.65493757094
2.70885499659
3.14422419686
-0.111012433393
-2.46316252474
-3.10162780466
-3.89411507329
-3.45358556973
-0.683572216097
-0.109841827768
-0.481611208406
0.417398945518
-1.21686223381
-1.34870567762
-0.459217144107
0.0438020148927
-0.459217144107
0.480349344978
0.196163905841
1.17256637168
0.883782589483
0.749063670412
-0.456422516844
-1.12068965517
-2.79569892473
-3.59957401491
-2.55474452555
-1.68803418803
-1.73655230834
-0.662251655629
0.277659120034
-0.703474738862
-0.213219616205
0.811272416738
-0.721102863203
-0.298126064736
0.0853424365266
-1.78010471204
-1.36870920194
-0.548407508964
0.213401621852
-0.509445977499
0.462865558595
-0.314861460957
-1.76129299627
-2.69933554817
-1.298973392
-0.958533027714
0.910823977971
2.9656496693
2.20713073005
0.717450939017
1.80313958422
-0.126930399831
-1.88402763241
-0.35948403468
-0.126448893572
-0.632377740304
0.72448327296
1.85501066098
0.85306035402
-0.419727177335
-0.105285323226
-1.49034424853
-0.719729043184
-1.51228733459
-0.0209819555183
-0.544502617801
0.400421496312
-1.27481713689
-0.104909777591
-0.501043841336
0.0
-0.294179449464
1.22699386503
2.20887840446
3.67965367965
2.31412041997
2.83059636992
2.73853510106
-0.448334756618
-2.1186440678
-0.341661328208
-0.750589749089
-1.60393498717
-1.49316508938
-0.902792357758
-1.61764705882
-2.75286757039
-3.1884057971
-1.40991084387
-1.32587528486
-1.28577353795
-1.43884892086
0.856128628106
-0.165597184848
-1.38917262513
-1.43090760425
0.724637681159
-0.374453921365
0.249014318323
2.42728604311
2.02294056309
1.15183246073
-0.0623700623701
-0.248395777272
-0.41675349031
-0.909278776607
-1.40408837497
-0.103842159917
-0.922887612797
-3.36286749899
-2.88982540638
-3.83240667196
-4.10276837283
-1.89134808853
0.384071154235
-0.697489039458
-1.11918319262
-1.95274360476
-2.41507952091
-2.92386185243
-1.60784313725
-0.546768209334
0.549774199882
1.01150337168
1.03092783505
0.0981354268891
-0.408401400233
-0.546768209334
-1.61951219512
-2.30486151462
-1.35527589545
-0.426026336174
0.352733686067
0.865971265499
4.89638358391
4.5758250658
4.9593495935
5.89333886698
6.87841817417
1.44270403957
2.12985938792
0.943783340172
-1.29045473167
-2.66175266175
3.89721627409
2.24101479915
2.18029350105
3.80608122475
2.64817150063
-2.19895287958
-3.56778797146
-1.58861151228
-3.07089859852
-2.29979466119
-1.68828494956
2.20879349865
-0.0618556701031
0.289375775114
0.953565505804
0.0205930807249
-1.17380560132
-0.553619028091
-1.26530612245
-2.03086921202
-1.2004069176
-1.30081300813
-0.651863923406
-1.94116469882
-1.8732562774
-5.60783560592
-5.5480898445
-6.56642558051
-4.41851568477
-3.79601226994
-1.41991669822
-1.60559123536
-0.0190294957184
0.345489443378
-0.19135093762
0.513796384396
0.455407969639
-0.152004560137
-1.19476578798
-0.362249761678
-1.22180451128
1.34615384615
0.920421860019
1.7364460737
0.807226600038
0.415251038128
-1.06544901065
-0.742291587362
-1.38888888889
-0.497227003251
1.90421234853
1.8802093429
1.74283501162
1.42802006947
0.441797925471
0.308701524214
-0.597302504817
0.135737832073
1.17141741507
2.9667721519
4.03452428743
2.95576274549
2.26055919096
3.78926038501
0.536886060847
-0.993640699523
-0.29667721519
0.0
-2.94985250737
1.67812373635
0.963081861958
3.77668308703
4.28039702233
4.62962962963
0.446791226645
1.79738562092
0.557275541796
-1.60732451679
-1.49979732469
0.922320147571
-0.0204206657137
-0.696864111498
3.45190486213
2.51402451693
-1.49404401373
-2.15784215784
-2.08709612683
-4.82772435897
-1.53436988543
1.87165775401
5.23549201009
5.68398727466
10.1014556683
7.97437596642
10.2994555354
7.52882658829
5.36312849162
3.02204044535
2.00540784137
-1.14375420498
1.32875143184
-0.798049213035
-2.93339214821
-4.57966028811
0.95087163233
-1.35593220339
2.92037417294
4.71131639723
8.16279069767
-2.8590279305
-5.87109125718
-5.72166057217
-6.27705627706
-6.52173913043
-0.437924239107
2.30685527748
3.51814740592
5.96330275229
4.23748017222
3.86627245849
3.21203953279
-0.860927152318
-1.29046864388
-0.180954535173
1.03400735294
1.34304575461
1.70633138752
-0.674612098044
-3.04824561404
-4.4356609574
-3.00287039081
-6.85905478879
-6.51671221358
-2.89608177172
-3.37364735837
-2.26586102719
3.73101952278
3.1216128333
1.62302531919
2.85901353121
-1.00405896176
-2.24766751484
-1.85106382979
-2.20105820106
-3.69903320723
-1.32799325464
-0.861887744377
0.191856746962
1.26446635234
1.62323793251
2.5286362654
5.45333628907
1.1645460427
1.65577342048
3.99822301199
1.98368966277
-1.80670439704
0.216122757726
-0.325732899023
-4.86052409129
-2.78551532033
-1.33161512027
-1.55319148936
3.90342960289
9.66396292005
9.11854103343
5.55429607799
11.2689393939
4.01314245482
1.98534625384
0.896437839113
-2.08657047725
-6.44518272425
-2.11348495291
-1.81016477141
2.46555474982
8.21522940187
10.98820059
3.76638855781
6.50024715769
-2.31404958678
-5.30027297543
-6.80412371134
-8.04471722929
-10.5065251051
-4.07701019253
-2.09354120267
-5.53992642285
-0.998263888889
-4.66048080978
-3.89638659121
-2.70855904659
0.983391608392
1.94690265487
6.49000673703
4.64692482916
4.93406093679
5.60812370182
2.4710949898
-0.669194735668
-2.31419670672
0.779101741522
0.161812297735
1.0538373425
6.3078017548
7.30659025788
6.62106034693
4.64441219158
9.94962216625
4.74416294088
1.33075248004
0.17131669114
-0.0483558994197
1.35307633393
-2.82404055033
3.22177822178
3.20788077797
1.223690651
-14.3263342082
-7.85142348754
-8.24931255729
-13.1226684222
-13.8883034773
-3.44244984161
-5.14767932489
-9.55440414508
-1.40631761142
8.11118705856
8.30283623056
5.07647971625
10.1095390233
6.62053056517
1.3391826368
-0.861678004535
5.86716733161
1.31791907514
1.21410226477
0.370799536501
2.39145576968
-3.00478033235
-1.77151941858
-2.03568161025
-2.83719882909
1.48444863336
8.06888068881
10.5725765947
11.5590711916
14.6360351058
13.5670323789
8.2268370607
9.15570175439
0.901132852729
0.3367003367
-1.94174757282
2.79146141215
-9.5013644257
-9.06110981035
-9.0887685425
-17.0981074614
-21.5037593985
-12.483716891
-3.17388347314
-0.909939337378
7.6328728635
8.38183934808
-2.0
-4.60640138408
-7.38980121003
-6.27605881062
-5.68730786122
4.77039679001
4.37923250564
5.51755585955
7.1478956031
9.73493975904
6.50522317189
-1.46797153025
-2.79255319149
-7.05856643357
-8.24673889012
-7.73274917853
-0.420819490587
-3.93868426655
-4.24775057543
-4.45711871567
-3.03738317757
-5.24658971668
-4.62944162437
-1.7879161529
-1.375
-2.32365145228
2.31908954262
6.94896851249
4.487867726
1.60880609653
5.98065083553
1.43759529514
-2.06295193535
0.0859660434129
2.71798217004
4.07322654462
8.22725129656
9.22183507549
9.94801512287
6.92862125087
1.95986934204
-2.63943080101
0.116279069767
0.403321470937
2.67366913344
2.95460004804
3.49168646081
7.25866799701
12.3700346574
9.40193261948
12.1195798546
10.7603262299
1.28852956038
-6.08412618928
-1.92110655738
-4.15591120289
-1.65588615783
4.54305335446
8.32655275292
3.49946977731
2.18939593775
6.41519823789
8.01711840228
7.46138152142
10.8759553204
9.56647398844
2.86037949589
2.96709753231
-4.08163265306
-0.758459743291
0.260793972762
6.48371531966
7.41558851373
15.3127014829
-4.61880912632
-15.4166666667
-17.1414292854
-18.0077619664
-24.0822320117
-14.3469971401
4.24118548799
1.26518218623
2.62878385555
0.269938650307
0.938176569642
-3.66724095496
-3.04219823356
-6.1783756851
-2.72141322511
0.434887654023
2.05978397388
-0.754808862917
-4.17760802101
10.4694092827
12.137632078
5.28960592436
7.88022064618
14.017419706
6.57672849916
-0.243243243243
4.27468284611
1.06185293337
1.68834763355
-2.81343895111
-0.376952073236
-6.73868312757
-2.13042348662
-7.33521415748
-7.8065978343
-2.03112635189
-1.81818181818
-7.36462093863
-1.21611350393
0.786802030457
-8.97959183673
-3.81345640029
12.2972972973
-3.11732940599
10.1481688566
3.34987593052
-12.4973432519
-9.3137254902
0.443786982249
-11.6790123457
-7.27105384261
-2.46683250415
-0.487804878049
-13.147751606
-18.3961313722
-12.8184553661
5.09803921569
-6.81818181818
18.7690742625
26.2849872774
35.9051254089
10.2305475504
4.78685401286
-3.41439449767
2.10444271239
-9.40973079773
5.87337909992
3.27102803738
2.44086562657
3.55125100888
6.9749009247
11.0076206605
19.5882352941
5.6914893617
4.08849061887
0.611376927166
-14.1090909091
-16.5234470906
-10.8370879772
-8.94951555329
-1.67276529012
9.27152317881
11.8648722878
16.0110041265
13.4509690483
2.87711750471
9.51552074267
11.107720476
13.0989421282
21.426062522
59.0675791275
51.7165492958
18.8179840464
7.96103459859
-7.02155453952
-26.1528742893
-13.0168453292
-3.32982825096
-1.5867768595
-1.48005148005
-5.06746626687
-28.4187448616
-15.9893992933
-9.7553699284
3.80761523046
7.78926955398
27.4537198743
4.97681607419
5.2102950408
-0.893743793446
2.04485488127
-3.99061032864
11.130195809
6.73366834171
1.37583892617
1.81329751511
-3.8374717833
-7.67522993974
-4.78468899522
1.88034188034
-0.334672021419
10.3951584194
15.8339456282
20.7162110127
17.4227217985
13.3965844402
8.41373986878
11.8323746919
13.8036809816
37.7003869541
16.4383561644
12.1645021645
0.247116968699
-6.85714285714
-27.8132482043
-18.1851048445
-9.16240660637
-4.82163857311
-2.77777777778
4.19958419958
15.0582362729
3.62673186634
-7.6728193992
-7.62463343109
-2.31519090171
-7.85741663473
-6.30011454754
11.907654921
26.0046189376
14.4583914458
26.6504854369
31.608040201
26.5504869298
2.99714557564
-1.01242521859
-10.6290672451
-12.9102844639
-7.797731569
0.0475963826749
12.5906735751
38.8554216867
43.4400502197
33.0817610063
7.74358974359
-5.39215686275
-28.4482758621
-32.9263157895
-31.1390212213
-22.4343675418
-24.7510143858
-7.01402805611
2.59179265659
-19.9930699931
-4.77272727273
-5.07703081232
-14.2611683849
-15.5109489051
16.1368209256
-0.677200902935
1.49253731343
3.33806818182
-6.42076502732
-11.8794326241
-2.45871559633
2.58840685381
-14.0152671756
-13.115727003
-8.14332247557
-16.3083538084
-17.4789410349
-1.53337342153
13.5062310542
-5.62557639102
2.06896551724
0.0903342366757
-0.359496704614
-9.42647956071
-0.792924672156
-7.48259860789
0.636363636364
2.73930440135
-8.41017043867
-5.82998276852
-7.36163353036
-6.35641316686
-16.56394453
-0.111638291934
-1.52714932127
9.30983847283
-0.844119302195
11.5439702091
-3.83789586688
-1.25663222564
-1.44717800289
1.83381088825
1.4530659692
1.97044334975
3.3179457588
-5.72987721692
-5.42005420054
-4.70783716422
5.91304347826
2.00117716304
3.6775106082
6.8017366136
2.03447301498
-2.15541690301
-2.46842709529
1.17344018317
-1.65101053231
4.08823529412
5.25373134328
6.44668499847
2.25343868891
0.371428571429
3.43778521448
-0.208519511469
-2.18170950389
0.0878734622144
1.59651669086
-5.0
-1.58311345646
-0.91797453361
5.79485590332
5.67484662577
5.4556537641
4.28003668603
0.446162998215
-0.21645021645
-6.0789397868
-5.44668587896
-9.79040264755
-6.94713534459
-12.3339658444
-6.13845321796
-6.06388738495
-1.54765137116
-5.29488859764
-2.71624472574
-3.01599790191
-2.99369747899
-2.48874768335
-0.83181700026
-1.88874514877
-3.71212121212
-5.29718975379
-9.59789372906
-5.59509202454
-8.7582625118
-7.23822909346
-2.49757516974
-1.01871594409
-5.01165501166
-0.212014134276
4.81217775595
-1.103117506
1.93190050712
1.1315417256
-2.77141548328
-5.30109276912
-4.31390546122
-4.3648960739
-2.37054085155
1.72413793103
-1.03543488265
4.58363330934
5.9716103769
3.18214200902
1.3698630137
2.16267042783
-2.7764815679
-5.02092050209
-0.917647058824
-3.22285714286
-1.50497800417
-4.00895856663
-4.31494661922
-5.45050055617
-1.79573512907
-7.05831719389
-0.909897913893
1.32972729322
2.97823596793
-0.580227627762
3.54278074866
2.82975810132
7.25163161711
4.27615862398
2.30593607306
-0.0668002672011
-4.11378555799
-8.67549668874
-8.70229007634
-4.94791666667
-1.64257555848
-3.09584393554
-3.94402035623
-0.455927051672
0.217485863419
-0.803823593309
5.62150055991
3.17217239116
1.8350652222
4.92925604747
4.85193621868
4.61574507966
3.06651634724
8.28345702657
2.91216533584
2.81030444965
1.11348021796
1.09414178254
-3.93284268629
-3.99098083427
-3.32805071315
-4.76083032491
1.31639722864
1.35198135198
3.0436802974
2.34012974977
2.16689718764
1.76263219741
1.03626943005
-0.554528650647
1.60075329567
2.89373814042
2.95185095572
-0.0706048481996
2.51065845571
1.31170999285
1.83574879227
-0.982271202683
3.00606060606
2.4508614414
1.7965525613
0.314998788466
1.904296875
-1.24491261671
0.856583455702
-0.411025145068
2.48323814254
0.02442002442
-0.310262529833
-2.57510729614
-0.481231953802
-3.86727142516
-1.84563758389
0.988189925283
0.987238141103
-0.263978881689
-2.24037339557
-4.48717948718
-5.53278688525
-7.27841035946
-6.73679498657
-3.77273748035
0.436882041849
-0.745762711864
0.223763705527
2.28937728938
2.88817005545
0.207373271889
9.15145535274
14.1215526047
11.4001530222
12.5910509886
10.3483346046
2.68490374873
0.564971751412
-1.05980317941
-5.20345252774
-2.382725242
2.94654498044
1.67101827676
5.11936339523
5.62646522532
3.65320298431
-1.71706817017
-1.66880616175
-5.91464936361
-4.12087912088
-3.81093788666
-2.52310766925
-4.6511627907
0.476429287864
-1.98286413709
-0.56594488189
-4.62234929712
-2.34281616065
-4.18068236425
-1.63737057549
-3.0534351145
-1.96215837421
-1.78445644517
-1.885902876
-3.26112275798
-2.91801760074
-0.787949015064
-1.1144648247
-1.89639222942
-1.9639187029
-1.05407882676
-0.690448791715
-1.53177869227
-3.00583221175
-2.55896751224
-2.8927458834
-3.48733896046
-2.49665626393
0.0
0.424581005587
-0.531208499336
-0.705778561976
-2.13787085515
-1.63283318623
-2.20716783217
-1.73988690735
-1.73385348938
-0.0654022236756
-5.04923528179
-4.28780589835
0.944017563117
1.65234633179
-0.0217959895379
5.24807056229
6.86186857398
1.35736537606
3.41763499658
8.1820325395
4.34882650713
1.68181818182
5.54250821982
0.827015851137
-0.141276194961
1.94698569083
7.8167115903
4.46516192345
3.76638855781
2.21419975933
2.25473734709
0.0
2.1809977438
5.29618473896
6.48385443362
5.86592178771
7.87734602168
-0.39950062422
3.15898498187
0.205444273241
1.54718927282
-6.40771895101
1.18746841839
0.207576543851
-1.54235145386
-0.818414322251
7.44284954811
7.78867102397
2.01164637374
6.5463362069
2.11543483938
-1.23391966395
-1.63407447093
-1.22875816993
-3.63447559709
-0.390218522373
-2.7820316488
-3.96192436326
-0.2087138012
-0.951401388532
1.07809623981
-0.659229208925
0.856253243383
3.42687533729
6.22780661022
5.40465631929
10.0753558471
6.08312689238
-2.85714285714
-4.06184486373
-7.12998712999
-8.5736157183
-10.2519762846
-5.45229244114
-5.68462679189
-0.384615384615
0.384221311475
2.14483976785
5.02342529932
2.8208386277
-2.08385638966
-3.19861145549
-2.60506266896
-4.7123015873
-2.13877144989
-1.11717974181
-3.14601344861
-0.949367088608
-2.34923710341
-2.5684516598
-0.395647873393
4.57056755399
4.87618075057
9.31956579296
9.15101824914
7.84
5.65136641019
4.5090715048
-0.316706254949
1.99622336121
0.969305331179
2.19631236443
3.50731842033
4.58183825559
4.04153802975
1.47540983607
2.87308228731
-0.412541254125
-4.00105988341
-6.62997903564
-6.56114373245
-6.34796238245
-7.05521472393
-5.88528678304
-4.02414486922
-4.74221789883
-5.99214145383
-4.53879941435
-2.17126128324
-0.748876684973
-0.169944161204
0.320275930032
2.60390585879
4.83375959079
0.779874213836
5.39918116684
4.21052631579
3.98333767248
2.73252758802
2.42205617109
0.333761232349
-1.74066599395
-3.7343358396
-3.69433198381
-1.27194098194
-1.96325195067
-1.88118811881
0.150602409639
2.06611570248
5.81426648721
4.00523560209
7.19023613691
4.56692913386
2.70557029178
-1.45888594164
3.04828702455
1.31720430108
1.49174214172
0.506531591576
0.186021791124
-0.935328701229
0.649350649351
-0.477200424178
-5.75376884422
-8.0850024426
-7.6277462355
-7.36842105263
-7.13934022649
-0.549725137431
3.35773794496
1.07285429142
0.732138348902
3.67534456355
0.907715582451
0.507485409794
4.07686315243
5.26175923465
2.67295597484
5.76
3.95673964653
2.9679144385
-1.3630406291
-2.92546425846
-5.32693764201
-4.98746867168
-4.71337579618
-5.24093392946
-3.67556971331
-4.39295196717
-3.87858347386
-3.77543515568
0.124347177319
1.99950012497
4.43660196622
3.90488110138
-0.512195121951
-4.62523719165
-4.91920152091
-7.03070072651
-6.24266604084
-3.21057601511
-0.165758939143
-0.801508722301
-2.08811381368
-3.50996376812
-5.23489932886
-5.05845323741
-2.79560036664
0.414746543779
1.28440366972
-0.0223663609931
0.0674915635545
-2.82787797818
-3.01675977654
-0.251658659346
-0.0893854748603
-1.85471406491
-0.244335850733
-0.267439268999
-2.82347710093
-0.776053215078
1.68387965873
0.178015131286
-2.30785978663
-1.03410341034
-0.791904971403
-0.112132765194
-1.23076923077
0.41539134237
0.753713145644
-0.153744783659
-4.25166416148
-2.23463687151
-2.30670653567
-5.90321234877
-4.78879130071
-2.97916666667
1.15192349489
1.87119234117
4.42169461991
2.44215938303
2.80573998715
0.899122807018
1.65892501659
-0.368923611111
2.54833040422
3.31931843328
-1.72413793103
-2.89948453608
1.20799472875
-0.48097944906
-0.242825607064
4.01255323918
6.27710568363
2.17684021544
0.0
-0.723208415516
-1.89135693864
-3.92543859649
-2.55849551717
-0.261665939817
-0.718015665796
-1.19513255106
-1.82992465016
-0.802603036876
-1.05717367853
-0.820025895555
-1.2022327179
-2.49790092359
-2.74261603376
-1.04611443211
-1.10968843363
-0.128644939966
3.00540540541
5.4036024016
4.34395188238
6.59690627843
4.4568868981
3.79263913824
0.649059982095
0.627661959202
-2.57092198582
-1.86813186813
-2.81352235551
-2.08196362043
-1.26162018592
-1.74216027875
0.0
1.50542395395
1.30994671403
0.489323843416
1.68290522586
2.87135428442
2.44953504196
4.38006952491
4.85074626866
3.08148824469
0.340290381125
0.204545454545
0.0463714351959
0.775558166863
3.47189418989
4.28199668796
3.65135453475
0.79457817247
-1.59574468085
1.38888888889
1.58615717376
2.11691123406
5.57611645695
6.18860510806
3.39192869522
1.53733528551
1.26674786845
-2.73578113751
-2.13890891613
-0.712881022616
1.53617443013
0.612745098039
2.93972332016
1.71107308726
-0.0245760629147
0.723733466434
3.31729551785
1.50451354062
3.46484572585
0.593325092707
-2.12506106497
-5.02645502646
-2.80282719961
-2.51479289941
-2.105517909
0.490918016691
5.45270098909
4.1634932724
2.37253912166
2.40396530359
1.90095047524
-1.00426813959
-2.47586036148
-3.271484375
-4.5873729014
-5.23820810619
-4.46150155913
-2.53378378378
0.71305630686
3.95771878073
4.30160692213
3.09099901088
4.01606425703
1.9298245614
7.27848101266
7.57978723404
18.7316500294
9.45054945055
16.0896130346
3.35241210139
4.70620996937
-7.6464208243
1.02692200944
-6.01585999453
4.26257459506
4.54148471616
10.3861119425
3.59401955147
2.06530840078
-1.48376259798
-5.13670256835
-11.2380446334
-6.1521856449
-4.60596379127
-1.59779614325
4.56251804794
12.5598086124
6.43308443423
12.0859444942
13.1546134663
6.81677976558
2.92397660819
6.15853658537
-0.887311446318
-4.03828896201
-0.215450907972
0.744186046512
8.10810810811
15.5107618722
12.9773572153
2.65402843602
2.15394361736
-0.426649163111
-6.75374323033
-1.75962815405
10.4712041885
4.32914738929
-1.19974059663
-3.05744286597
-1.88925081433
-11.3003095975
-6.31578947368
-7.10843373494
2.46835443038
-3.73157729696
4.05927835052
-1.73410404624
2.94573643411
-4.61817084214
-4.57809694794
-10.2111657507
-1.85129889519
-5.64657694558
-10.5078336035
-8.91251022077
-0.546605293441
2.38459186793
1.60523186683
7.67888307155
8.0070650574
1.51869158879
-6.5962307253
3.38045482483
5.00916310324
2.07331730769
5.19201228879
7.09480122324
3.40006355259
7.37946867826
8.68713259308
8.82647943831
11.1866712003
10.88794926
7.05758426966
5.00685871056
4.7268907563
-5.03713270907
-6.82862770847
-11.9084441695
-12.9811996419
-14.0535660548
-8.91176470588
-5.46244568591
-2.56178420735
4.58801498127
6.20006391818
7.90225325294
1.4483627204
4.04515522107
4.36482084691
-2.85625582117
-2.50618811881
-5.05231689088
-5.00446827525
-7.05419315774
-1.34762633997
-3.29144225015
0.601503759399
-4.03087478559
-5.49356223176
-8.49215246637
-5.48642533937
-5.80736543909
-2.9680998613
-4.66448445172
-3.1750339213
-1.55902004454
1.11715840733
-1.34099616858
-0.731112916328
-1.36509635974
-4.62028677642
-7.30217737653
-2.81914893617
-1.49373166178
0.403117441548
1.75628208592
0.965147453083
0.0
-0.159786950732
-2.79519331243
-2.96276874672
-1.50514919461
-1.82767624021
-0.818806127839
1.78144110609
-0.417754569191
-0.131856540084
2.4064171123
-0.368421052632
-2.2355081882
-0.416016640666
-0.394011032309
-2.83190439075
-0.73145245559
-1.51049667179
-1.91277735272
-2.98165137615
-4.65692345801
-5.78390351957
-3.31683168317
-0.27975584944
-1.77722152691
-0.173095944609
-0.974896417256
-0.345337937839
-9.38004148421
-8.32950894906
-9.53020134228
-7.94256226161
-9.91111111111
-4.38519171441
-3.41312056738
0.111982082867
-1.30646589903
-2.53411306043
-1.111353236
-2.48541171385
-2.23341361944
-1.78338408003
0.0867114675916
1.03478643769
4.18824589057
2.99954894001
4.7619047619
7.37895716946
3.20381731425
-0.958965209634
2.61513538533
1.29240710824
-2.14123006834
1.6632016632
3.74826469227
1.14700374532
1.12018669778
1.4325323475
0.301204819277
-1.32420091324
-1.43054914629
-0.302466263378
-1.16464946335
-0.0925925925926
1.83678214369
3.80838323353
2.87218764959
5.82406959884
6.29921259843
5.57191948945
12.95995671
16.7365185806
14.1832229581
14.6080090243
20.0707338638
10.3613018812
10.0892033221
6.55689503087
3.50262697023
-0.117750956727
-0.0298507462687
-3.3303597978
3.18567961165
3.34841628959
6.38897588475
8.06451612903
5.12660206314
-0.332627759298
1.03626943005
-5.19596199525
-5.54539914686
-5.27095054782
-3.5860058309
-5.31024531025
-3.85383956609
-5.1993067591
-4.55059355568
-5.89849108368
-2.42185299916
-2.66740761323
-1.9818799547
-0.924110893307
-0.89722675367
-1.03121516165
0.727679820879
-2.64608599779
-0.473801560758
6.98080279232
5.8407079646
5.21201413428
5.92700729927
3.72940156114
0.998824911868
-6.01607984475
-3.22029068111
-2.11488996856
-1.05835240275
-1.21880441091
6.401179941
1.88734030197
0.748632306363
-0.597099800967
-3.76989667691
-8.10517755489
-4.70392916436
-3.52777777778
-2.30555555556
1.81973272676
2.21668052092
-0.440771349862
-2.72899216428
-3.12163616792
-4.73997833153
-2.38030835813
-1.86536901865
-0.242587601078
0.242783922309
-0.485175202156
-0.027041644132
-1.0168584426
-2.47108307045
-2.008987576
-0.349180768198
-0.511164917945
0.37604082729
2.45084837059
1.42091152815
0.894308943089
0.0807754442649
0.594433936774
0.0538938291566
-3.59265960196
-6.10687022901
-4.17956656347
-6.5404040404
-7.03907815631
-6.54589371981
-5.4606687515
-5.89949016752
-4.02326708677
-3.43492985002
0.363636363636
1.68786692759
-0.0970167353869
1.75092478422
2.73359840954
1.401179941
0.98814229249
0.634610690749
-0.904203323558
-1.51737640724
-2.72596843615
-2.94893310957
-1.6562650024
-1.1116481392
-2.17859707924
-0.665083135392
0.216242191254
-1.69891458235
-3.38547746906
-3.57802400739
-2.11578702627
-1.65406427221
0.688999762414
3.62932494556
3.85998561496
3.21574274058
2.81827016521
0.983685220729
-3.52474323063
-1.67373880245
-1.4194464159
-4.01119402985
2.96442687747
6.0396039604
4.43131462334
4.16461310991
7.09290709291
3.02876049885
2.5641025641
2.75739944346
-0.0246366100025
-1.62162162162
-3.53547753499
-4.13725967389
-3.30234833659
-0.39263803681
-0.318393338232
-1.18874332848
0.0243427458617
0.171526586621
0.443677594281
-0.898058252427
-0.602845430432
-3.47744360902
-3.54526116757
-4.85459662289
-3.67079728782
-3.06217858813
-0.583975706611
-2.69089236431
-2.80373831776
-1.7459223524
-3.92993487536
-2.70454545455
-1.00182149362
-0.204731574158
-0.22920009168
2.98334875116
0.0682283375028
-1.65696372593
-1.36863361005
-3.8139329806
-4.77868310945
-3.36263736264
-1.78139432593
-3.42361863489
-1.69050715215
-1.02441150828
-1.83387270766
-2.88338316959
-0.624461670973
-0.688764528627
-1.41813493769
0.259571706684
0.970455035583
-1.52671755725
-0.385934819897
-1.23089983022
-1.90961171229
-1.44527098831
-1.44200626959
-2.18120805369
-3.42283254765
-3.04464102037
-2.44660999378
-1.60394818014
-2.01397451706
-0.712250712251
-0.143796220214
-2.01137748883
-0.511456628478
-1.59757330637
1.09031063567
0.891191709845
0.633817215293
2.47379454927
3.88655462185
-1.35957792208
-1.36958299264
0.0
-2.85132382892
-3.8189533239
-1.49910053968
-3.37744420304
-2.56972111554
-2.73375594295
-1.57120127287
-0.259170653907
-0.725490196078
0.359856057577
1.95920016158
2.19512195122
2.11726384365
5.48086866598
2.54202542025
2.04039571311
1.15131578947
2.82604144861
1.87526337969
1.986201129
0.49710024855
3.82070437567
0.589597810065
-0.93926111459
-1.54384520379
-0.821692686935
-4.8730964467
-3.69093490164
-2.24443991022
1.35614437722
0.391833367705
5.25753366104
5.72469982847
3.76879102266
1.22492080253
0.664313888312
-3.96141215107
-4.81632653061
-3.37561374795
-3.20932134096
-1.71393593144
1.47885857113
1.91347753744
2.75383645155
1.53590701536
-0.26455026455
-3.51688102894
-1.95758564437
-2.83905228758
-2.99979867123
-2.17001791758
-2.60324916813
-3.78654110261
-6.3862332696
-5.01051826353
-5.26216522067
-4.73615513705
-4.4611059044
-2.53447633246
-4.23076923077
-3.01810865191
-3.57784969435
-2.27147829273
-1.52321526886
1.03626943005
3.09258910051
3.96261682243
0.589644370739
0.239146431199
1.02822957562
-0.28206092516
-1.23684696326
2.14568040655
0.947075208914
-1.14581408242
-0.690943043884
3.22027439024
2.25173210162
5.75412411626
3.89784946237
2.0
-1.26058325494
-1.5722674749
-2.99104591351
-1.36363636364
-0.511654349062
-1.55584367475
-3.49177330896
-4.37238112589
-3.70235272661
-4.29815016322
-1.78279061306
-0.346146839133
-0.218142155972
-0.79609191243
-2.18201170836
-2.11894586895
-2.95261669024
-2.9292394565
-2.40155394667
-0.230088495575
0.196253345227
1.56221942898
2.42183264052
1.61492912256
-0.0707463742483
-0.778898920163
-0.730837789661
-0.288340241485
0.777576853526
3.11873062192
3.61335289802
3.71602884082
2.21035181433
2.12373037858
2.8898480015
2.30812535185
4.36040902952
4.16346891788
4.88088320744
2.06856923961
1.85397553517
0.0579150579151
3.00395256917
2.07591933571
2.97830374753
3.54245002969
1.31038529239
-2.44842876422
-2.93609671848
-3.53881278539
-4.40786984487
-4.73262530278
-2.60983852798
-0.248851454824
-0.0570450656018
-0.526910048927
1.09248446035
-0.280846283468
-0.96682464455
-0.397727272727
3.26467158958
5.50476947536
3.30754352031
1.65735209096
1.0719754977
-0.444960340491
-3.15627405697
-0.748704165867
-0.0962649210628
-0.816404025062
-0.270113833687
2.14271672892
2.64039408867
-1.10434120335
0.30470386593
-1.66951242648
-2.75281972854
-6.01851851852
-3.1175059952
-3.29650092081
-2.87451630735
-2.44311823946
2.36966824645
3.29649390244
2.89937464468
3.01822323462
1.68784373222
0.285171102662
1.82382615444
0.495143782137
1.22982321291
1.50144369586
0.959692898273
-0.212971926428
-2.68717568569
-3.80776340111
-3.74282008523
-3.7680088659
-5.05514705882
-1.65846546382
-2.94223179046
-3.88245770258
-3.49376114082
-4.92834673191
-4.50748346676
-3.3130962706
-1.78415252755
-2.40083507307
0.0
0.842400842401
1.38937741822
-0.0349711488022
2.97384450018
2.06921155904
0.831711201557
0.282186948854
1.9975031211
-0.870182916001
-0.195834075129
0.159517901453
1.75879396985
-2.04402515723
-1.60754848855
-2.65164644714
-3.125
-4.34334763948
-1.64948453608
-1.5651874785
-0.431406384814
-0.410396716826
0.068716715341
-0.784180020457
-1.45762711864
-0.634430727023
-0.662476643452
-0.936010891763
0.290647974013
2.25303292894
1.00450294423
-1.04219196504
-0.389896592643
0.653932197556
-0.807976620251
0.260461885744
5.34797237471
7.07932474133
5.48193864585
4.35952637244
3.70970646497
0.839285714286
-0.487716763006
1.43619959492
1.43767060965
0.579605143996
-0.849858356941
-2.22536206288
-4.28269298555
-4.31830053979
-4.01599443672
-2.67103222471
-2.63112639725
-2.99196443837
0.296891372686
-0.104202848211
0.729040097205
0.206789591591
2.56005611082
0.898678414097
1.56994178868
1.39035550862
3.23785803238
-0.401676563046
-2.42434662999
-3.75212224109
-4.34343434343
-5.05067567568
-1.59821275133
0.414364640884
2.57749912922
4.57746478873
2.8134769017
0.223906303824
-0.65180102916
-4.47512893029
-5.60079773974
-5.71475356149
-4.71032332184
-2.67111853088
0.317089452603
0.216522318454
0.592983034097
0.428547881985
-0.958994708995
-1.21991427629
0.384551078415
2.89830508475
3.09260832625
2.04150497722
5.67944250871
8.15551537071
7.35080058224
7.39051094891
7.25660513934
3.9478449837
0.49064146829
-1.52302454757
-2.23015165031
-1.65509877202
-0.861759425494
-0.828978194269
-0.516934046346
0.125044658807
0.843503230438
0.215905001799
2.34230911103
5.17435320585
3.57076780759
2.50183958793
2.90686909832
-0.786825251601
-2.34346393263
-0.570272259014
1.58848813306
1.31307447008
1.5233141371
1.67535368578
0.443458980044
-1.90650779102
-2.23730056849
-2.37577076532
-3.11992786294
-2.87150035894
-1.83552276408
-1.48148148148
-0.827338129496
-0.413074712644
-1.60692212608
-2.45743373705
-3.60501567398
-3.97236614853
-2.77632268203
-0.718793828892
-0.122720897616
0.967117988395
0.835945663532
-0.882658359294
-0.453752181501
-0.886185925282
-2.26843100189
0.0
0.434555883887
-0.156821745949
0.0347644707109
0.989239847275
-0.260552371027
0.982973494822
0.595968448729
1.51755779072
3.33572453372
2.76686897537
2.53779697624
2.24014336918
0.675075501865
-4.30753389394
-4.58184295691
-3.97511234013
-4.17310664606
-3.34821428571
-0.68177944435
-0.491525423729
-2.21395977691
-1.32180986274
-1.60500084474
0.0511596180082
0.152775420132
2.60100572221
4.47946175637
4.48367166814
4.6022119158
4.76613907167
3.14791629404
0.248491302804
0.5859375
-0.514640638864
-0.86389280677
-1.87785187785
-0.722466960352
-1.59007513542
-2.1021542738
-1.59611380985
-2.59829059829
-2.97486749872
-3.55578024941
-3.64914630064
-3.27236113442
-1.11561866126
-1.61480235492
-0.553041729512
0.0670016750419
-0.200971361581
-1.25187781673
-0.73468024712
1.03284795124
0.81053698075
-0.0836680053547
-0.199900049975
-0.0834167500834
-1.5502583764
-1.80732880119
-2.54403131115
-1.76730486009
-1.59251354457
-1.55891040368
-2.1418140516
1.94513715711
0.908190224571
0.961379081717
1.1620185923
3.1119290614
2.22637661455
0.431177446103
0.24925224327
1.63657837017
-1.04304635762
-0.406228842248
3.04169514696
3.47317744154
2.20727711674
8.77003421574
7.26216412491
4.128113879
2.70174819001
0.103573278094
-3.34203655352
-5.13262142611
-4.3241402792
-3.42769440655
-2.85091396948
-3.10339011638
-2.23943424819
-2.87698412698
-3.67936925099
-1.02904564315
-3.0417007359
-3.00506287767
-1.61054172767
-1.69546261909
-1.82499592635
0.974240422721
1.660302175
1.97412076974
2.56707519046
1.38774161573
-0.0660066006601
0.182967398536
