4007200
4905200
3271200
2445600
1996800
1973200
5488000
5025200
2572400
3840400
4178000
5149600
2551600
5132800
2866800
1911600
6443200
3152000
1778000
2313600
2985600
2786400
1986800
6242800
3227600
32853600
31285600
12516400
6322400
8929600
15028000
11339200
7488800
13043600
6423600
6312400
8078400
7415200
8192800
6287600
4942400
5630400
3456400
3842400
4766000
5000000
7029600
6283200
10482800
9122000
12956400
8713600
15010800
7193200
6904800
5890000
6269200
3652800
8352400
4530400
8540400
6544400
7518400
7110400
6074800
2827200
5529200
6142800
3348400
9399600
4606400
4840000
8931600
6240800
5676000
4701200
3170800
3607600
3442800
2166800
1915200
3860000
4065200
2234800
4063200
3064400
2477600
3434000
3322000
2146800
1326800
1344000
2978000
1623200
2500800
3852000
4841200
2897200
5873200
6983600
4471600
2436000
2838400
3863600
2106400
2300000
1918800
1794800
2085600
1397200
2935600
7511200
3464400
2789200
3011600
4267600
2932000
4490000
2595600
2128800
3635600
5796000
3895200
4094000
4041600
5263200
3702800
1805200
1588800
2692800
2042000
2915200
2366400
4048800
4376400
3911600
2655200
1879200
1834800
2744400
4263600
2617200
5611600
3342800
2187600
2516400
1718400
2012000
3904400
4030000
4064400
4130400
3014000
3805600
2677600
3210400
2219600
3060400
2772000
1832400
2860000
10398000
9843200
6078400
3250400
5086000
5266000
2700000
5972400
3689200
2369600
3724800
10445200
7218800
11922400
14187600
5216800
4480800
14724400
5078400
2688400
4442000
2657200
5121200
3500800
3163600
3801600
3941200
2413600
1920400
3156400
2910000
3379600
2776800
3550400
3330800
3216400
1809600
1720800
2476800
13146800
7844800
3555200
2558800
7451600
4799200
3388400
5243200
2980800
3625200
5845200
2346400
8532000
2004000
4037200
1648400
3109200
3930400
2933200
3207200
3206400
1982000
1866400
1501200
5654400
2011200
3040800
997200
4717200
3632800
2424400
4740000
3016800
3694000
3093600
5042000
5204800
3012000
3440800
2572000
4913200
10083600
7004400
4674800
8728000
13297200
9043600
6048800
7169600
10185200
6668000
4386400
14496800
15299600
14612000
11458800
8523200
15372400
7914400
6030800
5094400
4374000
6294400
3402800
10562400
4653600
4233600
4773200
4418400
3114800
2050400
3479600
3704000
5183200
2501600
2743600
4224000
5097200
5658400
3391600
2094400
3394400
2120800
7383200
5314800
15663600
8004800
9236400
3884400
8658000
48880400
11643600
4818400
5966800
7272800
4574800
4394000
5851600
3988400
1976800
3971600
3793600
4892800
8056800
4343600
6845200
13540800
7703200
5866800
3532000
4241600
3181200
2916400
2195600
3694400
3246400
2550000
6814400
3406400
2015200
7515200
5328800
6886000
7276000
4286800
10431200
8046000
4566800
3416000
3151600
2390800
3590000
5800400
4690800
3512800
2389600
2690800
3439200
2199600
2185200
6736400
7222400
7629600
2647600
4402400
4388000
8109600
4308000
3580000
6838800
5684400
1988000
2632800
4376000
8786800
5595600
3697600
2347200
3140000
2493200
6228800
1902400
2749200
3390800
2493200
3930400
6331600
2578800
5368800
5123200
8890000
4041200
4850000
5872000
3319200
20263200
11986400
6094000
2543600
5780400
3900000
2454000
4442800
3676400
6607600
3369200
7397600
4706800
3825600
10556000
4096800
5241600
3088000
3176000
3710000
4080000
4737600
5904800
3261600
8610000
4727600
7042000
2751200
4949200
4968800
2658400
3064800
1629200
3622800
2858400
2713200
3101200
5055600
3112800
4610400
6584800
3627200
3729600
2544800
3666800
4333200
6864000
5028400
4223200
7216400
3641600
9489600
12575200
12456800
9604400
20214400
6279600
4975600
6636800
6703200
5161200
4139200
5450000
6999600
4528000
6107200
6050000
5531600
8342800
8114400
5728800
4800000
6521600
4106800
3166000
6356400
5358400
6015200
1974400
4882400
4225200
2621200
4499600
8157600
6238000
2258800
1529600
2680800
3715200
3120000
1361600
1999600
4130800
6309200
6888400
5526800
8812800
6369600
4542000
1355600
6461600
3109200
3224400
3820800
6077200
3438400
3515200
5460000
7864800
6759600
4315600
3588000
5614000
5220400
32992800
13111600
7772800
11467600
7812000
16520000
4144400
6038800
2609600
2732800
3285200
4844000
5358000
9401600
5210800
6284800
3959600
3917600
7382800
3040400
9206000
2520400
4390000
5773600
7262800
4564400
6450800
4684000
4359200
5203200
16096800
8163600
3920400
3012000
7110400
4882400
7358000
4879600
5555200
1952400
3652800
2971200
3923600
3299200
3093600
7680400
4675200
5421200
4507600
2774400
5314400
3737600
3902800
5109600
5686000
4632000
4406000
2998000
3633200
7915600
14208400
7256000
5966800
4852400
4714800
5640800
22638400
6777600
7045200
4663600
3552800
5370400
8881600
12550400
7854800
4256400
4021200
4424800
4882400
6481200
4220400
4078800
5640800
5320000
12265600
10806400
5812800
5124800
5476000
6592000
4181600
4751200
5275200
6094000
4646400
4515600
3202000
4440400
5587200
5256400
10204800
6512000
8172400
3582000
6152800
3990800
4857200
3751200
6242400
8826800
2156800
3432800
3629200
4771200
3481200
3391200
10042400
11625600
3431600
4629200
2874800
4782000
6366000
5662400
10769200
5567600
5715200
6110000
7459600
10137600
6851200
6390000
5710800
5773200
19093200
7070400
8898000
9423200
2881600
5684400
6810000
6875200
9199600
6712800
6371200
10246000
13138800
7792000
6648800
8321600
10015200
10246800
6586000
4979200
6564000
6650000
8708400
15021600
6123600
6616400
7852800
6404000
6040400
6315200
8270400
8524400
5080000
28543600
12661600
13064000
10567600
8723200
8256400
5128800
7744000
11055600
5138800
11222800
5418000
7171200
5430800
5569200
5156000
7228800
7034000
5062000
5088800
10030000
6696000
6586000
14902400
9205600
9648400
6197600
5709600
6072000
5032000
4162400
5276000
5689600
5680000
6447200
7160400
8654800
11434400
6009600
8502400
6730800
4963200
6016800
6689200
6743200
8094400
6048400
6752800
5111200
5687200
6072400
5778400
5161200
7462400
4390000
5002400
3501200
7342400
12603600
4378400
4825600
3373600
4142800
4523200
7696400
5951200
6142400
5375200
7103200
13926400
8927200
5766800
3953200
6222400
2100800
9320800
5004400
6086800
6744000
6811600
5414400
8122800
4382400
7367600
5134000
4966800
9244800
8305600
7453600
18652400
6324400
1812800
2752400
2539200
3414400
3725200
4566800
4536000
4266000
3366800
3868000
5767600
8369600
4509600
4874000
3268000
4169600
5407600
5090400
4298400
3900000
3908400
4836000
5222000
6915600
7476000
5904400
5802400
8008000
7203200
5737600
4598000
4778800
5272800
3527200
5173600
5636400
4658400
3826000
3192000
4774800
5300000
7359600
4616400
3979600
5346800
6121200
5100800
4892000
5298800
11206800
7488800
6953600
6005600
9748400
9373200
10533200
13978800
9327600
15586800
6520800
8413200
5021600
6219600
4678800
4581600
7119200
7628400
6557200
4384800
3878800
6240800
5016000
8430800
4725600
4223600
3540800
6250800
5963600
4928400
3573200
4442000
3238000
3295200
3313600
5762400
6812400
7116800
6052000
4185200
4124800
5216000
4649200
4900400
3958000
6735600
6900800
3443200
4063600
7531600
5816800
4597600
6302000
7532400
4005200
6473600
5108000
6616800
6903200
8530800
7162800
4580400
4950800
5583200
3427200
3548000
8180000
5169600
6452800
6821200
4670400
4465200
5350000
5848400
5446400
7762800
6983200
7592000
26089600
25000400
6084000
6836000
2459200
5502800
4726000
8096800
9246400
3099200
3705600
3663600
3880800
4765200
5040400
5479200
6268000
5861200
6413600
3238400
4562400
4715200
2889200
5892000
4302800
4867200
3976800
5623600
4511600
8546800
4701600
4302000
6218000
4213600
2021200
4101200
4540400
2884400
7391600
3654000
3054400
2908400
2025200
2917600
5317200
3099200
3970800
3553200
3964800
4019600
4017600
3811600
3769200
2823600
2786800
4822400
4376000
5576400
29779600
10527200
5618000
6456400
3981200
8047600
8533600
7234400
6576400
5126800
6650400
6541600
5240400
5215200
4756800
4368000
3596800
4141200
5363200
5969600
5210800
5544800
3200000
4424000
5503600
4720000
5193600
6690000
4997600
4393200
5909200
5975600
3500000
3612400
5188400
4944000
7109200
3439600
4840000
4435600
4532800
5715200
6362000
5357200
11032400
5285200
10408000
21122800
5734000
1364800
5074800
4646800
8366000
9010400
5322800
3601600
4769600
5693600
5202400
4154800
5632800
5760400
7630800
11488400
17558000
7304800
4326400
2731600
2024400
4530800
3725200
4385200
4358400
5948800
7237200
6641600
7644000
3286000
5497200
5094800
3840400
5309600
3233600
4380000
5306400
2812800
2796000
3656800
2683200
3842800
3964800
4642800
4096800
3359200
6321200
3939200
3226800
3529200
3580000
4453200
4501200
2274000
3349200
2541600
2572400
3651600
5214000
9252000
7909600
5476000
6496000
5934800
6580400
8438000
3950000
5834800
4634400
18005200
6638800
5457600
5506800
6217200
4814400
5588400
7413200
10055600
5454000
5646400
4306000
4660000
3605200
6512800
3055600
7261600
6029200
3668800
3636400
4513600
4378000
4670000
2036000
4877600
4634000
3081200
3704800
3932400
6033600
5371200
4830000
3917600
7289200
4727600
3942000
10265600
4647600
7858000
6244800
6817600
10642000
9404000
8672800
7192800
6805600
7646400
3876800
5462400
6695200
4614400
3742000
6712000
7489200
6974400
4707200
3409200
3202800
3190400
4115600
3773200
4760800
4789600
4855600
3685600
4616400
2496800
4618000
2078400
3742800
3094800
4224800
3651600
4558000
5120400
17585600
7427600
4034000
3870400
3943200
3172800
5436000
3280400
4626000
3301200
3018800
2793200
4260400
3796800
5246400
4802000
4961600
4318800
7839600
5950800
6555600
5348400
6545200
6779600
3600400
4924800
3361600
3358400
4976400
5739200
3616800
2624000
2931200
2975200
3530400
3897200
2708000
5414800
3267200
4314400
2748800
2744400
3362400
5460800
2237600
4158000
3231600
4190400
2808400
2629600
3103600
4623600
8670400
2990400
3996000
3399600
4161600
3346800
8554400
11337600
9026800
6419200
5644800
4805600
4808400
3406000
6821600
6832400
4469600
4672400
5857600
5087200
3097200
3313200
3580000
4216000
4481600
2613200
3754800
5228000
8925600
3350800
9832400
5402000
4471600
6467200
6031600
3193200
3434400
3494800
6518400
5188000
7319600
5512800
6636400
3796000
3220000
3131200
3315200
2264400
3425600
3170800
11822000
20088400
5886800
3544400
2999600
1671600
3727200
4311600
3470400
2968000
2602800
3582000
3404800
3366400
4578400
3306000
5212000
6045600
6412800
3779200
17547200
5572400
3537200
5870800
2505200
2256000
2554400
5674800
1735600
2222400
4448800
3231600
4303200
4457600
3496400
4990800
3090400
3724400
2970000
2244400
3607200
4520000
3599600
4177200
3400800
3571600
4586000
4324400
5096400
3373600
3816000
7380000
4786000
3234000
6230400
14178800
5247600
4384000
3184800
5835600
5507600
4744400
4292000
4648800
6166000
4889200
5608800
4289600
6245200
6122800
6664000
4046400
4629600
3684800
4489600
4218800
4370400
4885600
5044000
7208800
8006000
8402400
20159200
9624400
10718400
9717200
8947600
8041600
7162400
4760400
5384400
5302800
5164400
5315200
3933200
4240800
3890000
3605200
4966000
8456400
9033600
7122400
8304800
6619200
7939200
6868400
7242800
4499600
4243200
4029600
5994400
8182000
4354400
4694000
4190800
4076400
3978400
3438400
3762000
4190400
4913200
4649200
7142400
10957200
15902400
10048000
5600000
6921200
6511200
3756000
3135600
2580400
3162400
5136400
4365200
2870000
2563200
4195200
5422000
5048800
4633600
9851600
3817200
7076000
7947600
9761600
5011200
3977200
6532000
8225200
10553600
29858800
11413600
6029600
8735600
5670800
6586800
4990400
4952400
3976800
5028000
4114400
4414400
6965200
5349600
5458000
3967200
5845200
8643200
6634400
7428000
6442000
13086400
6249600
3417200
7470000
18578000
13554400
5376400
3285200
5278400
3769200
10363600
7482000
5591200
6301200
5558800
11380400
10125600
7639200
9872400
8146800
8739600
4716400
5010800
3917200
10770400
5223600
5183600
6127600
8780400
12279600
13802000
8442800
11298000
10562000
9350400
13640000
27598800
41866000
18281600
10174400
9431200
6689200
8785200
5120000
5461200
7971200
7059600
9406400
9267200
6038800
6833200
5367200
4865200
5979600
6398000
6704000
5275600
4272000
4650400
6434400
8001200
5178400
6603600
5317200
5120400
6135600
4421200
8584000
4439600
7316800
8672000
7783600
7375600
5471200
3486400
3343600
2602000
2290800
4735600
3013200
3330400
5920800
11126000
6014000
3552000
1848800
5733600
3958400
4721600
4705200
8154800
4434800
5718000
3969200
6155200
6036800
7816800
7331200
22864400
8390000
7649200
7387600
9077600
34685200
7817200
8078400
6882800
4984400
2666000
2554400
9234400
7916000
4628000
3786800
5220800
5918800
5186400
5579600
4806000
5537600
4601200
4444400
8066000
19136800
8400000
5134400
7982800
8512800
39489600
10174000
17762800
10232400
7913200
9623200
5184400
9318400
4616400
5169600
4756400
5879200
4726800
3127200
4000800
4372000
6017600
5054000
5507200
3589600
9338000
5356800
6938000
4193600
7356400
12200000
9950800
5888000
4537600
4528800
4180000
5864000
6169600
5610400
7603600
9629200
19375200
11790800
6201600
4097200
4232000
3347200
5936000
4268400
5890800
3862000
3896800
5658800
5214800
5361600
5016000
5966400
6758800
8337200
8592800
4939600
3722400
4613200
5755600
4896800
6227200
5172800
3349600
4776400
3836400
5993600
4377200
3418000
3916800
3462800
3658000
4340000
5157200
4906800
6440000
7603200
5928400
15570400
11553200
13358800
6694000
3026800
6278400
3857600
5346000
5534000
5360400
7278400
4658400
9486000
6980400
3252400
5922000
5937600
6678000
6752400
4166400
5201200
6677200
5569600
6578400
5787600
4241600
7378400
34145200
10388800
5165600
2363600
9248800
7656000
7807600
4848800
5647600
9338400
7096800
9737200
9140000
13136400
11943600
9598800
9832400
7239600
7113200
6016800
5874400
6870400
7090400
8944400
13056400
15693200
8943600
9978800
8017200
7057600
10566400
10718400
6692000
10415600
12636800
10223200
8891600
4859200
5945200
5924400
6073600
6277600
6848800
12304800
12949200
7534800
7445600
7196400
5905600
6643600
8236000
6692400
11035200
15066400
9565600
9068400
9970400
12385600
13808400
14335600
30783200
14015600
16976800
15194000
5463200
5689600
4778400
5611600
9350800
6814800
6411600
3880400
4613200
3557600
8006400
4456800
6366800
5798000
7310400
3446000
4729200
4769200
5227200
11235600
8038000
5578800
5228800
4623200
7445200
8325600
5896800
5741600
7052400
4474800
4739200
4364000
5999200
3607600
6837600
3359600
5022800
4854400
3912000
2285200
2706800
4382000
3758800
3511600
8558400
6861200
6524000
7119600
7266400
3737200
4172400
7428000
6996000
7458800
5853600
5480400
4338000
6646000
14276400
17325600
4976000
3226400
3326400
3038000
3332800
8649600
7542800
7498400
5054800
7583600
6506400
7158000
4648400
4632400
5381200
8175600
5561600
9757200
6797200
4435600
5070800
5490800
8154000
9876400
8608400
12368400
5472000
5893200
5745600
10046000
7752000
8289600
10014400
9102000
6678800
5670800
7586800
7330400
5532800
5725600
3616000
6624400
9422000
8936000
8468400
5662400
5987600
6431600
9444800
6391200
5294400
4397200
5577600
6760400
5875600
9646400
5774400
4373600
7658000
12848800
17508800
5799600
8927600
9018800
6586800
6232400
4515600
5382400
5954200
4567000
5815400
6876000
5343200
4026200
4286400
4903200
4305000
4145800
4579400
7229000
4969600
4858600
4752600
6177600
3924000
5121200
6049400
4742600
2994600
3843600
5107400
5098200
6141000
5457200
6998400
7343200
6958000
5338600
4223200
4832400
8195800
7521000
4495400
5631200
4557600
6343800
7319400
10587800
8382600
4709200
6048000
8427600
13046800
17784200
10000000
11744000
6413000
8042000
6281200
3762000
6046000
5102400
5745600
7886600
9882800
10900200
28251400
10251600
5834800
7078800
4733600
6097200
4238000
5488200
5793800
7702600
6051000
4217600
4171800
6321200
7187000
8179400
9614200
7134800
9605600
9077200
17380400
10697400
9466600
9751200
12188400
6873600
8929600
7403000
7972600
9102800
17422600
11056400
7161200
6333400
6724400
8728000
6288400
6561000
5303600
7242600
4540400
3960400
3526600
9276800
5765800
4712600
6177400
6524000
4909800
4688400
5121400
4219800
3402400
4990600
4336000
4787800
9087400
9368600
12869600
8412000
20571000
12327600
11171600
5230200
7154800
6376400
8075400
4831600
6368200
5281000
8022800
3986200
11711000
8973000
11783000
10898000
9603800
8954000
6542000
4374200
9176000
8683600
7949000
9804400
9534800
7288400
4847200
4047600
5882200
6352800
4885600
5347200
4622000
5863200
7816400
6404600
8484000
6301200
5707800
4194400
7075600
6134200
5620200
4834200
1739600
3997000
5230600
7041200
3458000
5403200
6649400
7415800
5446400
5266600
3530800
3886200
5586400
6811800
7995800
4933600
4618600
6618800
6101800
12657000
5986000
2909000
3709400
4202800
8802200
3684200
4890800
5318000
11167600
10404200
8357200
11660200
11462800
11111600
7136200
14138800
11723800
8808800
8517800
11045400
15545000
10605600
9359600
5448800
7194400
11095600
14855800
8159800
6170000
7210800
7712600
7743200
5734000
5496800
6236800
6898800
6305800
5336200
4671400
4550400
6573200
6674600
4988800
5001400
4559400
4259000
5903400
5178600
8332000
5884600
9311000
8598400
8091200
7348600
9120600
9622800
9440800
9138400
6900400
10376800
21650200
14913800
10229800
10326800
7670600
10666600
11561400
9023400
7773800
6451800
6282400
6502800
6564600
6273200
8733000
6531800
4411000
4724800
5541000
6935200
8016400
7306800
5772200
7043000
7165800
6183600
5810400
5002200
8374800
6255200
5957000
4381800
3919400
5017400
9025400
4733600
16807400
7850400
7669600
5750200
4151400
4850400
7450600
5607200
5391400
4013400
5182000
6321600
5868600
5207800
5789800
5574200
7070000
9774200
6409800
6835600
7692400
9116400
6057800
6795800
6398000
6514800
6350000
5905000
8490000
6478200
7388400
9605800
37055000
15275800
9893600
14915200
9751600
4953200
16538200
9632000
12565200
10977000
12715200
8183000
11167200
12240200
12987200
8230000
5943200
7631200
7569200
6775600
6188200
5119600
4719600
5160800
5436800
6315200
4925000
9043800
9371000
8754200
5937400
6904600
6404000
4133200
5069000
5559400
3239200
3689400
6328000
5427600
4888600
5100800
5981200
4621400
4632600
3322200
6767200
6184200
5866800
6877200
6336200
7009400
7390200
6642800
6586200
7155200
7264400
9780600
25228600
14484200
8310400
8708400
9371000
23024400
15114000
15784200
10683000
7438600
10744400
8403800
17140600
9047600
18428800
12124200
19498000
13058000
16020600
14417800
16904000
12386400
10733600
8748400
13038200
14571800
15063600
7773600
12981600
8937000
12012000
10533000
6198200
6380400
8336400
14264800
12182000
10836200
14640800
9796000
12481200
8567200
8922600
9670000
8128400
13580800
12820800
9297600
11991400
7919200
3745200
7083000
8055000
8715400
10772600
6912600
16164600
9729800
12728200
8239800
7347200
6796400
12275600
7723400
12330400
12200400
6892800
6551000
2192400
2459600
4673000
4813200
7544800
6014400
6456600
7645200
10082200
7865000
6623200
6865200
7789600
13702000
8216800
7058400
7372800
6971800
7184800
5689400
4002600
4844600
5955400
4368800
5335000
5008200
5549200
7527400
7227000
6933400
5690600
9008200
11990000
7436400
6041200
11139000
11725200
6522200
6042000
6458400
6929000
7942400
6324400
9369200
8711600
8553800
8347600
11838400
11983600
10347600
11477800
9624000
9056200
9949800
8311400
10933200
11725800
16140800
12475600
7192400
6416000
6722000
7058800
3980800
6644400
8953800
6503400
11941000
7187800
5540000
5790000
6551600
9022200
6601000
8487800
5549800
5783000
6932000
4980600
5146200
7067200
6105800
4198000
4603200
4940200
10929000
9663200
6951000
7274800
6623800
7404200
9273200
5685800
7527800
12137600
9149400
8349000
7357400
5430000
7312800
7431400
7670400
7419600
8385600
7563600
7520200
8284400
8807200
9471200
7009200
6549000
8225600
5341600
4858200
11920000
7726000
7743200
6456400
4887000
6793200
8849800
7676600
6150000
8037000
10101000
29803400
10683400
6912400
5850200
6182400
7663200
7439400
6092800
5206800
4268800
4718000
6234400
4008600
7772200
6678000
6550600
5322800
5503600
7150400
10766400
7365400
3138200
5276400
10607400
10029800
10898400
6754800
7421400
8166600
7280600
5724000
4771800
3807200
6098600
4188800
4562400
5490400
6656200
5653000
5951800
11278600
7618800
9162400
6699600
9540800
4289000
3677200
10081000
8770400
7043000
4852800
5800400
7992000
9326400
8684000
7149400
7409200
12173200
7381000
5762600
4736200
6187000
21786000
13110600
8747200
5053200
17381600
33587400
16518000
11284000
5936600
7302800
4381200
4682400
4434800
3100000
3531000
7315800
7323600
7308400
9256600
6779800
6656600
4995400
6349000
5907000
7855800
7410200
5424400
7336000
5763200
5494600
4337400
5289000
3817600
4573400
4949000
3340200
3308600
3655400
5190000
3927000
4049000
4926400
6307200
4716000
3224400
3993000
2349400
4630400
3975200
2968400
5517400
5090000
4474000
7255400
11719000
5986200
5430000
4628800
4802400
3819800
5839800
10161600
3699600
4119400
3074200
1151000
2824000
4041600
3466000
3173800
5986200
3137600
6699600
3593800
3624800
5339000
5742800
2824400
3655800
5646600
3726600
4004200
6991600
6660000
5374800
3355600
6780200
3579000
5201200
3203800
4769600
3944600
8962400
6555400
4088600
4719000
3849200
3505000
5576000
4814000
5320200
3234000
4749000
3432400
3869400
5809000
7983800
9816600
5337000
4922400
4335200
3153200
3730000
3542000
3021200
2796400
3480000
3604200
4757000
5053600
7375800
21848000
9394800
5848000
4493000
5534600
5660800
4330800
3261200
3230600
3958000
4188200
3540800
4214000
4425600
5205200
6251000
4433600
3512600
3402200
3507200
6869600
4395200
4792200
5400400
6924400
5075600
3025200
5508400
5406000
4541800
4934800
4214200
7265200
8655200
13165000
10751200
13238800
6877600
4978000
10488400
9507000
8472200
9427800
11739400
12528200
8532000
11342200
10582000
8363600
7371800
7778400
7342000
6330400
5678400
7701800
5528200
6131600
6457000
5915600
4404200
4373200
4348800
6350200
5901200
5598200
5596000
5194000
5829400
18052000
9045000
6360200
11660400
9275600
10241200
5813400
8437400
8585800
8900800
5481200
4444800
6064800
5828000
7051600
6851800
4790000
7402000
7894400
6764000
5759400
5245800
5206200
4228200
4832200
4351400
5134000
6361800
6078800
4032800
3849400
3946800
4693200
6076000
4876000
4397200
4762800
5061800
4391400
4940400
3575800
3928000
5308000
6302200
6803200
5312400
5043800
5970800
6868600
4816000
6139000
4050600
4599000
3503400
4079600
4929200
4997600
7905800
4346400
6073200
7550800
6636800
5244400
8860800
16692200
9388000
10854800
7287000
6746600
7085000
5176600
6735600
4817200
6091800
9519200
4951400
11248600
5245400
4705000
4138400
3148800
5408200
3766600
5796600
2120200
4441400
5144800
4487000
3252800
4025800
3791600
3558800
3514600
4938000
4519400
3650200
4852600
4405600
3344800
3815200
3987800
6465400
5381000
4216000
9638400
3637800
3316000
4452800
2025200
4850200
6583000
3981800
3224600
4058200
2403200
3843400
2731400
3210200
2547600
6478200
3779400
3500400
3612200
5776200
4346400
12500000
16612000
6886400
3186800
4229800
3480200
2955000
2898000
4283200
6898800
5799400
4028600
4087200
4457200
2781600
4826800
4887200
4195400
4512200
5450600
4715600
3715200
4057800
3717000
5178800
4884800
4484000
3840400
4852600
3882200
5176200
4818200
4190400
3418400
4184400
3376200
3696400
3688000
4054800
4454400
5968600
7354600
5489400
5927200
4382600
4499200
5176400
6859200
4732600
5210600
5090800
8133200
4811000
4975200
4539200
7458600
5118000
4945600
5012400
6911000
39447600
11713000
18314200
24281000
8863400
9416800
7396800
7836200
4955600
6548600
6446200
4982600
6391600
7842000
7411400
5384800
4164600
4425000
6034800
7043800
6873400
5771600
5401400
7432600
4353000
3488000
3658800
4990600
5032000
4422200
6201200
4355400
5978000
4815600
4812400
3268400
5202800
4300800
5120400
7224400
5328400
4986200
4928800
4119800
5065200
4556200
2878000
4615200
3381000
3039800
4439600
5062400
5914600
5629600
4546400
6904600
6111600
4769400
4960000
5393800
5865800
5709400
4546000
5247200
4570400
4631600
9185200
8543000
7782200
11496400
30228400
12713800
8857600
8390600
7469400
7244000
8599000
6336200
6299800
3642000
4729200
5421600
7165200
5831200
9289800
4958000
5810600
3609600
3482600
3783400
6343200
7405200
4952600
5023400
8530800
7977200
9425400
10755600
11930800
10772000
9654800
7475200
5331600
5013400
7020600
6008600
8322000
6324400
5569400
6022800
7640800
6179800
6115400
5582000
9415600
6979000
7877200
5150600
5646600
5703000
5599400
7451600
4958400
5922800
7708000
5502800
8087800
7269000
7927200
10221400
11881600
18209600
8419200
8731400
7129000
7189000
6979400
7168000
6890800
7393200
5302000
5180800
4104600
4345200
7027600
4232400
4285400
4102800
5563000
4283400
4222400
6191800
6586800
4744400
4777600
7720400
6110800
6114000
5325600
5812200
5396400
4119600
4365400
4829600
5853400
4696800
4054000
3424600
3506800
4425000
4519600
4720400
3677000
3830000
3735200
1737800
7721200
5512200
6746400
4783400
4732800
4427800
3493800
5604600
4696600
6211400
5426200
5357000
4727600
5366000
6394200
4382600
9150400
12522600
5855800
3582600
3224000
3415000
4285800
3304600
5472200
4720400
4196600
3880400
5022800
4906200
3501400
3758200
3267000
4121000
6139400
4579000
4474800
4164800
3282200
5691800
3764000
3467000
5946000
12375800
5000200
4686400
6596000
3115200
2615600
5571400
2923800
3105000
2937600
4763000
4967600
3329000
3478600
3654400
3118600
2930200
2337600
3038600
2523800
3544200
3535200
3505600
3586600
3943600
3588800
2282400
4906800
4604000
4765600
3726200
3648600
7224800
5199800
5340600
7554800
10226800
13254600
6256400
5065400
4619600
3946600
4637400
4894000
2322000
4433400
4393800
5654800
8432200
6017400
5777400
1311000
3567600
2886000
4087400
4013800
4649800
3177600
6627200
4194200
3114200
4674600
4776200
5082000
5290600
5170400
3602800
3432000
7029400
4513000
4729400
3164200
2818200
3563800
4982600
4722200
7922400
4517200
5107000
4256600
4314800
3343800
4367400
5178600
5398400
4688200
5101000
4591600
3897000
3539800
3627200
3128800
5079800
11385200
12026200
8415400
6328400
4319200
6419800
8027200
7678600
5936600
4790000
5611200
11958400
43169800
11750800
7499200
11128600
8098200
6955000
7264600
8694800
7482400
5698200
5842400
5330000
5482000
5430600
5987600
4309600
4152600
4122400
7382800
5209800
4556400
6535000
4797200
5230800
4498600
3160800
4156600
4137000
4957200
4642000
3440000
5499400
5233200
6971400
6147600
3720800
4276600
3232600
3381000
4882000
3460800
8235800
4734000
3510200
4064600
3794600
3144000
4541800
3495800
4338800
4920000
4599000
8663000
11445200
4689600
6800600
9334800
6425200
6828800
5912400
7996200
5933000
9699000
13677200
5536400
5652800
7385600
6529200
4623600
2819000
4889400
3604400
3968800
3268600
3763800
5006000
3563000
3898800
4670600
4496400
4692200
4973800
5009800
6222000
4564400
7127400
3632200
2936400
3912400
3827600
5225200
3874400
2989600
3623000
6509600
3882200
5994600
5231200
4551600
3681800
1676200
6026400
4268600
4306800
4872000
6335000
4344000
3514200
3382200
4546000
3709000
3638400
4617200
5328000
3722600
4331000
4184800
3935800
3939600
6000000
13947400
5999600
4045200
3925200
3216200
3403700
3756400
3616100
3397000
3244700
3357100
2765200
3852800
4895500
2795900
3253600
2650100
2432400
3072700
3103800
3389600
3409900
6271400
4019100
3607400
3171500
4571900
3386700
2537900
2263600
2648500
2786500
2550400
4458300
1933300
3026900
3082100
3528100
4255600
3793600
4677900
2927500
4283000
3042600
3134600
3356800
4026700
2645900
4049000
2906000
2842600
4006500
3377400
6170800
4092700
3455400
4060500
2539700
3314200
3970900
7948100
19328700
6658700
4474300
5222500
3806200
3484900
4665300
3813300
2499700
3094900
4006600
3337500
2975500
4394700
2769400
3331300
2980300
5217400
3008200
3384200
2984300
3059800
2084000
2183800
2412800
2920800
5047400
3962200
2802700
3475400
2375100
3149000
3129500
2216900
3322800
1890300
4138600
2643100
3844300
3109600
2730900
3232700
4147600
4313200
3758700
3892000
2760600
2977600
3730200
5070600
3392700
3102700
2380700
2666000
2739500
2770200
2721300
3916300
2611200
3756400
4534400
4611800
4912100
5044600
4744700
5448200
5688400
6141400
13401900
7199400
3701200
1687800
2578900
3490800
3494600
2550900
3573000
2212000
2880900
3429100
3123800
2243400
2959700
2790800
2144800
2352700
4455700
2758900
2537800
3199800
4230900
7906600
3749900
2106500
3122000
2944400
2528700
2822400
2200900
2149700
2980900
3113500
2630600
3874800
3834200
2385200
2528000
4022300
2736200
2435400
3022000
2300000
2925500
4107000
3550700
2635800
2316300
2073900
6690000
4556200
4124900
3292300
2668800
3876200
4274000
7313800
18578500
5511000
3716400
3941600
6882500
15591000
7398200
5222200
4375800
3572300
3584100
2586400
3757100
4641100
5552400
5396100
3099900
3975600
4375800
4692200
4915400
4996300
3409400
2381000
2813200
3444500
3068400
2100500
3157100
4092200
2110800
1804600
3160200
1972700
3125400
2910800
1761600
2163700
2401100
2382100
2887000
2846600
3221600
2946500
2334700
3517800
2291700
3680200
1867100
1737600
3233900
2564600
2416600
2746700
1947000
2149600
2696900
6655800
5413000
3781100
4865500
6990300
5407200
5147300
10221300
4688400
1391300
2304900
2320400
2144500
2053100
2659300
2798500
3022900
3384500
3448900
3131600
2554000
4131200
3904200
2926200
2424000
4925900
6573500
3712000
4752600
4606000
5705800
4534600
5244400
5219200
4326000
4758000
3502100
3683400
3679300
3373600
3215200
4369700
3198100
3080700
3102400
2967800
2700700
2790800
4364300
5536100
3422000
3958700
3299600
3437600
3034600
2830600
3366600
2768200
4465400
2672200
2453300
2148400
4200200
3043000
4288800
4122700
2985200
6220300
15883500
4999500
5263500
4268800
4079300
2993500
3178300
3699700
3807300
4127500
4860100
6926900
6329800
3539200
4188300
4349000
3632400
3888700
2305600
4520800
3405900
2561100
2359700
3392300
3240600
5723400
3118000
3086900
2409100
2024000
2327800
2292600
2802700
3982600
2408500
3318200
2265100
3140600
3019900
2688400
2341100
2960700
2335900
2433200
3667600
3349000
2365000
1993800
2596200
1904800
3396700
3678400
3663200
3318800
2514300
2575100
4625000
3165300
3856100
3265700
3061100
4926100
2488800
5692800
4534600
3808500
3586100
5261300
9069200
4267900
3564600
2788600
2284300
2732400
4022200
3514400
3178500
2879000
2751700
3253000
3724800
3730800
3032600
2104700
2518000
2046100
4015100
2270200
2032600
2334800
4524100
3898400
2912900
2419700
2433100
2537200
3368700
3357400
3914300
4571000
3200200
1967500
2245000
2848700
2212000
1982900
2000900
2903700
2537200
2608200
1839700
2584600
3211500
4082100
2204800
3011400
6190300
5864100
4059500
3371200
3730200
2963100
3364500
4696600
3721600
3196700
9852200
4069200
3023400
3377000
6825300
17545200
7417200
5791700
4735800
4369600
4395000
3515600
2743200
3740600
3731100
4524100
4002600
4926700
8785800
6822000
5698400
3371700
3229800
3543900
3095900
2465500
2896200
3164300
2499300
2291700
3231800
2431400
2220700
3256900
2740900
2454900
2947800
2281600
2508800
2708400
3203000
2965400
2401700
2292900
2411200
