57710200
51019600
52389000
55171200
41096400
53619800
105481800
97326600
76104200
184405200
102100600
45568000
70002000
55558200
74832600
51382600
49306200
61482000
53922800
68453200
48051400
52080600
56126000
55953800
42810000
38026000
38615200
43539200
37756000
34374200
62771400
46050000
48669600
50370000
45793600
40842000
85347800
46299000
47422200
44414200
40813000
36469800
34285000
28032000
39924200
46391200
38375800
43497600
67439200
56785000
48895600
54972800
60851000
65163600
51231000
53693200
45593800
46898000
35766200
44857800
61325400
71646800
58442200
50071600
87341800
62101800
55134000
51357200
44849000
53071200
60169600
69414600
92800400
88873400
98558000
87377800
45799000
58320200
51342400
47572000
61088400
44336400
42389800
43871400
58988600
40984800
34217400
40937800
43054000
97225600
70267600
38429400
41105400
44468400
65543200
50141400
71968000
59249600
50385800
75482200
50488800
30851000
41768000
54089600
45978400
42657400
39176000
47425200
39753400
34394000
27519200
25947000
39126600
37008800
33411000
44086200
61221200
58579400
32891400
29696200
30321600
29904800
33370400
30631800
47136200
41431200
15083800
42005200
44906200
37286800
31349400
42782000
29824200
45176000
37471800
46580000
50683600
72188400
60488400
32086600
39835400
29623200
46639800
39223800
55433800
30470700
25001100
33226800
34941100
34939700
30634400
24900100
30071900
16678400
22509600
25665000
34464300
24609500
40495900
35795600
46024300
31693500
36177000
23352900
20844200
42760500
23023100
21770400
28530700
18322000
58396000
62344900
34716000
29681800
30507800
28997300
70068400
50489200
75675900
50767100
58855100
70335900
57112300
308734400
130214700
112681600
80365100
66739000
72985600
66785700
81206500
63726000
52072400
69734600
56544700
68882800
122056600
100212800
80908800
92057900
78642100
16790000
64250700
59899600
43746200
46937000
53225900
50811900
50197800
49111200
55793900
47654600
65511800
31103600
24583500
21043200
38074100
48864700
94080100
81393300
48677100
41961500
39523700
40986100
37495900
36760300
36702700
20684000
52923300
49700800
61411300
78955300
1155400
82755800
75071400
102012000
68263600
88021400
73069600
48167200
48719800
33708000
80843900
38556100
54732300
63150800
51590000
45424100
28436200
33621500
49339500
54053600
50342900
78291900
68769000
44974700
45070800
40814400
51494300
64954600
51374500
60301100
7427400
86633300
81348900
45756600
84553900
73579100
45890400
48063700
49092800
60806400
71894200
50297000
47151200
39185100
40329200
53148000
42899000
40892100
30482000
41910800
47442300
58334500
41543900
52397300
51582200
58517400
63558300
60349600
40787300
48601400
56268300
54626200
33275700
59734200
77832700
64903100
95273400
59597600
52027200
57451000
40752100
59068600
76656300
64431100
68549500
94022700
84795800
64433900
72645800
73000000
64852600
47297100
44925500
57239500
84555800
67714900
73965900
60543900
55847600
91360800
54027200
59342200
74191900
49959200
85981400
62659300
58508800
50134100
64640600
53730100
42007500
41266300
37209500
45022200
37080900
35393400
33647800
41514400
61622800
49116200
47531600
41994500
47310800
59906400
56376100
34775000
44417800
39665300
53488500
47217900
29592100
37797600
47272800
38761100
60601900
37894700
51625800
72646300
75686000
68334700
41072800
54088900
41032400
41913100
54910400
27854300
60427600
43070200
45895500
30366800
28358600
34780200
33729600
54522800
49436600
38578300
22120800
35630900
37375700
30139400
41241500
50333800
49223400
42796300
65739200
104487600
71663500
54602300
50444200
35057400
38032700
35538100
46221000
35482900
30514600
50354000
45023900
74140400
35671500
54176800
44101300
49096000
35734300
33800700
30830500
27561900
33348300
38692500
60330900
36548500
35088800
42316100
32548500
38858200
27995600
54856600
37922200
44788800
38127600
54390700
71243200
81642600
72749200
51654400
81412400
56115100
86255200
70338800
116397800
79136200
65914600
48082100
58791700
72640600
44631700
52207600
75582600
67181500
49112300
36853400
42528700
52538600
76342800
64736500
44391600
53540600
91448800
49862900
42197000
46022200
41881700
41092700
56318500
45505200
46369900
52532700
64549300
54534000
49877700
42474800
63152300
59713700
64845900
40852500
47878400
68022300
78499200
58207300
39647000
47857300
41297200
55275700
17574100
53246100
80781000
61282400
45961000
42399600
43008300
44357600
75429600
58338000
59279300
41557600
46751600
50047800
51006500
46155500
39108700
39780800
39961400
49423400
57817500
8673800
23231600
22443900
27584200
27975400
42357300
91464500
65032900
48808800
35636600
59083800
51679400
39583200
58696400
57115500
76428600
50498800
51643600
52957100
49429000
53902500
35832800
29919400
44733000
47008900
63035000
39369800
38594200
40974500
51612200
46596000
60722800
37651700
37593400
36786800
44874100
47587600
44224000
63430900
76409400
56059600
52400300
61576000
57714000
64454700
58489400
57664400
68035700
44898700
55171900
70218400
40275400
37674800
56552400
39862300
49693300
38894600
33498000
51105500
36841700
33576400
42929400
37563100
38028800
33005100
32592200
37849000
42763300
43744800
32757200
45247300
61982800
60569500
42024500
40682600
42941400
60448200
63790400
45465200
34806900
34145800
42582500
38224600
49886000
39343600
40652200
45052800
46014800
41815600
50945400
44269700
55914400
58152400
41394900
43997500
40695200
57087400
53419600
37284100
53195200
37234800
48063600
41216600
42332100
26029600
42888200
35346600
40982400
38515500
34869600
49303700
41646700
53854700
151697500
67962100
69932400
76957400
49372400
50410100
53044600
51943800
65481800
76656900
80815300
70345000
68249700
84988500
72620200
63858200
48681300
77807700
63562800
34149100
57648600
53507600
73848000
89828400
74887900
79892000
98863000
96553800
57109500
62042100
77366100
71030900
83101300
80606500
57020100
55085100
60407100
54030300
55134100
55576300
59625800
83272800
71381700
60914400
45576200
35477300
48730600
55038600
51558800
54921500
51720400
45347100
57883400
55744000
48371600
46069000
60623500
55663700
50516700
32857100
58140400
66790200
86969600
77957400
51444400
57279400
45864800
48750200
44670900
41224000
55756400
51894800
56278400
76653900
62986100
84156500
72720800
72311200
65195700
76123100
68218600
78381500
61416800
65440500
56912400
85399200
81753200
83505000
77757500
48236600
109131100
155210300
103266700
73323700
87945600
74188700
91799700
86356300
69819200
85986500
79050400
80766700
77160500
85017800
80962600
71532500
81286600
66486000
49747500
40879200
54639500
65938300
64924500
73472600
52772600
51321400
64934300
90938900
59559700
53680200
70854100
50910900
20667400
83017000
53659700
75039800
87944700
71640400
71922900
58576400
55585900
54295800
53468200
51245600
52191400
54053300
59466800
69088400
35447500
21515900
29989200
31252300
56796600
49986600
57135100
50271500
57114300
63853500
55719700
58692700
54995200
66865000
80562500
99754800
54420100
67963800
57401500
60169100
51948900
60831600
56559500
58387000
63040400
55537500
65637900
43773800
41066900
50881700
47355000
49537900
52977000
47251200
38401800
54625400
54749800
50500400
51793600
52122900
61341900
49143300
58507600
53413000
50289500
65249200
58274100
50779600
49337000
56422200
91034200
57545600
49677600
61890000
78008100
73086100
77678200
62210200
64608400
68798500
73448400
64780300
60596500
44360100
46430300
37304200
66443100
45993300
56811800
55164700
56633700
59299000
48778100
56516400
44893000
41744200
41620500
62708600
106294400
68959100
50354700
60474700
63125000
65451700
60849000
51125000
60841900
64415500
52929100
59571700
55276200
62109200
53515100
54055600
51872500
68815600
46439800
57713200
71834200
56693900
59059300
56797200
49470700
60999000
36898400
71371300
69176900
122283700
69245000
73472400
67898600
79271300
88161800
105871500
50303400
52440200
54241500
59508600
58853400
52015900
50766600
62519500
69563700
78909400
59628100
63799700
61250600
52904900
63348200
51457500
64496600
74291500
40502400
56553100
64980800
78521900
63261600
46535400
76909400
102323700
128925700
71736800
65296900
52851200
61074300
49058200
58119100
52627700
45462200
68217600
40786200
68692100
48494900
53570000
51979800
57799000
48517800
57453600
41624600
48475100
51882500
51830000
21622800
59081000
55966300
47210300
66434900
120604100
52037500
65213400
58217200
48631600
41986600
58841200
60714800
63744700
68429900
52154000
49792900
57999300
56654900
51931600
36350400
48748000
52827300
46619000
53550300
48490600
43934300
59596400
57560700
68682000
65800400
63410200
59519900
42385100
66635500
28955800
47943100
41147400
76072800
46206700
41697500
66909700
110833700
55199000
52536500
43090700
50250800
49873700
48215300
55915500
37237300
57041700
47727900
55581700
39557700
53324900
42009400
45615300
42140200
48461500
54424600
41184300
49291000
52569600
59409400
64927100
57338800
47996500
59523800
45646200
45783200
38861700
42781700
13253800
47063000
41987300
49743600
61217300
66215400
66864300
81626300
81153700
56879100
48042500
60872700
56367000
57924100
52707200
55145700
33894800
37282300
15596500
11868800
36514900
31563100
32092800
37343200
42611900
38007600
63665000
50596000
56841100
50664500
68191900
75452000
82565000
54502900
47694300
56228700
51950200
45845000
41329300
51436200
61499400
84928900
64192400
65039500
62375400
79361900
74618700
55401000
36540300
36344100
52150100
38205500
63292500
40220700
42232600
60100700
70620300
92175800
68433000
54661900
45906300
58987700
65372800
65223700
68249000
60135800
118682400
105763200
92538800
88033100
97958600
56526800
54857000
67306500
55548300
70686100
83734500
73006200
70217700
69501200
84754400
65644100
66249300
62191000
57809100
55051700
78672000
47534500
70147800
72680200
71791400
51016700
83164700
79211500
90498900
63905000
51522500
50610200
61959800
65165300
65204700
56761000
53607000
61432500
76355500
71322000
61588700
60991900
41486800
54138700
69608900
71539700
82353000
81059000
59959000
51872800
64859800
55177200
77032600
52381300
46798400
45718100
65523400
50431600
55379500
48045200
51164300
49706200
56286200
62251700
37487500
48237500
46163000
42508600
37832900
47001700
34035000
38966500
52413700
43528400
46902000
51711400
55033300
68915000
51702300
52663300
50573400
68757000
46758300
60479300
45902500
47125200
38190800
59662200
77788900
283538400
95308000
85373900
58998200
60254800
72208300
75064700
75635600
81010800
87134700
78531400
104103900
83593700
67142500
59729200
56196400
55750000
55989300
44138600
56624800
60898200
70257800
71215300
59703500
57635800
61340100
57308500
58080900
50437200
52267600
60583200
44164900
47383800
43030700
79067200
61731300
71285400
172209600
77890100
75333400
95633700
67196300
81674100
52849200
59712200
57764200
93816900
74890500
59345700
62599600
68326100
62089700
56423800
78060400
63569000
72528600
73823500
74330300
72053700
57720900
74716700
67165500
49603700
78499600
149009700
83884100
69746900
60292700
84806900
81351700
76560700
58136500
60217200
58924900
63922000
66702100
62332400
49790900
70811600
85151700
61146600
73254400
51251300
47597700
88258000
67583100
92808700
66704100
61415500
80856100
66373900
80311000
58668000
92066600
52012100
23031100
66808800
88946000
84149400
109438600
142326300
63400700
68931000
78960300
112089700
73460100
57206500
76379900
64347800
63974700
93531700
50719500
67182000
55746800
35032100
38878600
41466900
48375600
32584800
31951800
64246900
93729100
73848800
63440900
82523000
65393900
114083400
143219700
73856600
65148200
63728200
71776900
68547100
80971200
83759500
94826800
69891500
78986900
76572300
60540400
67031800
73565400
60735900
67594800
53757300
85233700
69909500
74162700
101956900
59197400
80599700
85307400
80239800
58126700
80059700
92071900
78619300
73552200
78925000
84308400
78910100
85790700
66040200
88515000
55791600
64168700
81906000
114213100
45827400
47097500
59791000
49047800
62777800
39608900
49092300
54286400
34664000
42922000
53920200
62360100
41543800
68253800
60426700
48086400
53942200
53264800
45961000
41972300
84545900
54061100
68014000
92484400
53761600
83774200
110176600
87063100
65435600
53857700
71256500
56785200
57393400
55078900
41187800
67738300
62027600
64257800
54715400
57982700
59638900
58065800
82029500
67874000
45569200
62302100
68753500
51994800
53930700
65404500
76674100
81197900
59779000
49826600
62666000
77530200
54343400
55343100
47224400
60604200
42500000
76005400
74824000
49858500
37499600
60011300
51069500
58919300
35186800
48227300
32816100
61673000
63600500
47178400
55753700
33784300
45129600
30414000
42739100
45479700
45597400
45807100
45578400
40837400
44086700
68554200
43558000
36667600
90418200
125881500
62008800
54527900
49767600
51978200
48199200
54438300
41287900
34737200
40887400
32677200
45198700
46185700
27948300
46902400
61089200
58664800
63074500
34077200
57319000
46718500
37985700
38310800
39766100
46010000
47565800
31624200
37205900
37652200
41536900
41497200
49495400
33334500
37063400
35810100
55398500
99695900
50565500
57202700
59291600
51583200
72332800
37848500
41848200
48989500
42372800
41386700
52193800
57300400
68717500
55900900
37520600
49168200
52847800
45711500
61527000
30718200
38495300
41646800
77117900
68060200
44232300
45289800
78862600
91423500
62486500
63304300
53173300
54626000
51506100
41690800
55358800
58127600
84900700
63804900
63945100
37057500
49974300
39967500
39819700
82211500
40317600
31035000
37542700
49435300
39396500
38919000
34916400
86040000
80686900
45653800
78716200
56364700
50114500
49840000
51722600
47747700
50918500
65558600
104607200
80102100
75565800
46475500
107658500
69675900
72050600
45251900
45877700
34541900
26452100
16616900
28968400
26518000
26749300
31681600
56401200
46188800
54876800
45703200
39457800
47031300
52999900
54026700
46308900
88055500
282028400
196293400
155195000
155081900
105641800
110311300
101961600
75188600
60422500
79350800
71658400
87473400
101402300
66858200
95298200
77601800
81803900
83023300
65889500
60125600
67175700
70607000
116649100
67212800
138566500
85297300
73154000
87156900
93248100
80722800
86237800
202812000
81728300
90707500
82850000
69718300
61506700
80524700
69318400
69788800
66058200
110821300
58650100
124284600
84910700
84336400
60424100
60280300
72692200
78986300
70641700
87499200
73344300
67093000
73019400
51707700
54523300
52152400
60169600
44072500
77378500
76273800
78082100
103771800
127052000
92182400
67594200
90281100
85359800
134460200
89978400
75869800
52909500
68692200
42441200
51087200
102795400
66287600
60520500
56976700
66530900
62462200
67068600
83390900
76112600
189166200
84566300
89346200
108894700
68212600
61157600
65587400
76030000
76997200
71258300
63914200
82277100
108997200
114389700
83418800
64666000
116064700
117591300
71506000
83664700
61509400
50887900
53899700
45409300
48909400
36205800
61133200
65687300
76666000
54002100
25048100
51632300
35026000
57542500
43060600
76813100
76732200
78659200
65420500
63855500
69040900
84949400
136083600
82603200
54838700
47364300
58194900
54399100
67306400
42813200
39658000
41676800
58432000
52987200
32853500
45404900
56902300
56529900
41429700
61408800
49983300
68487700
63929800
61895700
55186800
67402200
58397100
48177800
67059700
68405300
74624700
70874700
46176100
68302800
80198200
76688700
76842800
49942000
57210500
58584500
63946600
53450900
71462900
54073800
62041700
60897400
59113600
48765500
55961500
95999900
131829700
98036700
73305600
51710400
80567600
78890600
53715500
63556800
46476300
73980400
106865400
81941100
78944400
93626600
117951400
115013500
73635800
61151200
53105200
62841600
53309500
44042700
99919800
41171900
55491300
57883600
68204800
47924400
47833000
48489800
52943400
52833700
31864200
45829100
74391100
104300100
65568900
56835000
65794500
87522600
41640800
23076000
52691900
53901800
55212100
47485000
65117600
62659300
33748700
46963900
55815100
41723600
37802100
45888000
47987600
49471000
81300400
48970900
47440100
30772600
48988800
35337100
30535300
31892600
29665000
37099300
69001200
88902300
64550800
52839100
54381000
76346900
99263900
90707700
132197800
192479200
101259500
64459100
77064300
66796000
55953800
57199100
62234300
99681400
61693700
47840000
50473200
55291300
63384700
56861600
57645400
40270500
80404400
48013400
55316100
56559400
44728000
47511800
47945200
69355500
52430400
75768100
72228200
99034300
102774400
108287900
95602100
88237400
66882600
68343100
46507200
51056700
68184600
66226600
70074300
52048300
56509100
59139800
62861900
61537800
50898400
37566600
39226400
50285100
50042600
71000900
60162400
54240600
53274700
49475500
36683100
117593100
94796500
90710100
63681100
44046400
56647300
104587400
112621700
97553200
120196700
55767600
85220200
68950800
62587700
48819400
60430900
60719800
68653800
71127400
53037600
36978500
49529000
72643900
65528600
46752400
50199300
57409000
60776000
58022700
68319300
51141900
66447600
63578800
86970900
38037600
48537900
58288200
49304200
48706100
48184200
55921800
69039300
65427200
60978800
42220000
59703700
75402700
85675800
159229100
56919200
67154400
62999600
56127800
70452900
50088600
49305100
50784400
47660000
50633200
48790600
29204400
36687300
51408200
76331300
64931900
56054600
134702600
64189600
50045600
122061900
134435700
62612300
95624900
56431300
68543100
50743000
86328700
79410500
69472300
61619000
92766600
74873100
77219000
64096700
59835600
75754600
71677400
68821100
50460400
55469500
63242900
118374800
94355000
57345400
58065500
51215500
38610600
51695900
45799500
56189600
82168400
68903300
56843900
77887400
59594700
49595300
65685000
107382200
61962300
60821100
65045000
66854900
46370300
72076600
69117900
51971400
70411400
50334900
50665900
68642200
47541400
44063300
54672800
45948000
76290500
44415700
72211600
34606900
43878600
38317200
91274900
48670300
74615900
107955700
187866100
66200000
80777400
62800500
67310100
89794300
57691300
61642300
53264600
41449000
64819100
86590500
58633800
55392500
69334400
71488100
91404900
71692500
72660600
62116600
63262500
67012000
80440400
52318600
74694200
69533000
36581600
53157500
62931100
60141900
43272300
65565000
56131600
44505400
68523700
60508000
47506200
45473800
67572400
56574000
53456100
68738500
64820000
44708400
33581900
40096600
58620800
22486400
21346200
29577500
35391400
23687800
84278800
85190500
174093400
112063700
80520800
73239600
81185100
75915200
85033000
129312400
309347600
172761000
143864100
146951600
173781800
90383900
104701200
68633200
78365800
96055500
100753400
66087600
65724200
85581600
73305800
76942200
54170800
53777900
57734900
49788900
71583500
78256600
65726300
72005800
78890400
134283800
82397200
81112100
80981700
56138700
77164100
75603600
124099900
62225500
65547200
73715200
66986800
78159700
53034800
66660600
80049300
67466600
72379700
69668600
67373400
53798700
48236100
51872200
71530200
59424400
48072200
55507200
43778700
45300800
41385700
39684800
55225500
63451700
72043600
66927100
60084300
93477400
109029400
57733400
68281200
47810500
56298500
61977900
51298500
47604400
47695200
40664300
56505700
71506000
59077200
38631100
46003800
54228300
50106000
40044600
34425100
39476600
59397400
77447300
59985800
61246100
73929600
64445700
41170000
59073500
52821500
50288400
54937400
55484500
50569500
65482900
57510100
51960800
69864000
57224700
56570700
59797500
60253600
43003400
44772000
43990500
41535000
48519900
71018300
46279200
46126600
54778100
56482100
60068800
50166900
66857400
47772900
41363800
47325800
58443500
68343100
93629500
74358200
49072300
100047200
87306000
94030200
54733400
48686600
74321500
56708400
61416300
40234600
49863200
47493600
52616100
65269400
42123200
41598200
54578500
49927000
113395100
69455500
51679900
51900400
46340500
50431900
43120100
45839600
66159500
54152400
54971900
45352600
42328200
39519900
39153600
30305300
53554000
44071100
73837200
87863800
67373000
63278600
71239500
66190200
85607000
61077400
75521100
103752800
93136100
126532800
107675000
48899300
64671800
67876800
69705600
68353700
93067800
84089900
74450600
80680400
83407600
111110100
90115400
124271200
106013200
166831600
99262800
124442300
141131200
120891700
93872200
74062300
78715200
78516000
85195700
96012400
80541800
102361500
99351500
134857200
94902700
54065800
71411200
68927600
108708400
73428200
52853700
84853800
72675400
143460400
74873700
60210900
96916400
73707700
114060100
104114400
98132700
84213900
71468300
26023500
60830800
63839000
77247200
78387100
85179900
78042400
88120000
74889000
73846300
69873000
60647200
100659300
66997400
74156300
72433900
42388700
33805400
11410800
14813900
31939500
37105200
34063800
52208200
57320400
61631400
131389200
63101600
45551100
54082500
65565100
69549600
73153900
83985300
71563900
56622000
72704000
63162200
49562500
45615800
57065400
51354500
47000100
69886500
56695700
77692400
61024500
62677300
64735500
94001200
57378700
76366300
55953700
60690300
51305600
56175100
73617900
88416500
74644300
108225000
69012700
69764500
64495900
76602000
84412100
76644500
79191400
87044700
92478000
82085400
84846000
66631100
72651200
64928700
91361600
66560800
84639100
64167500
59468600
94510300
77554300
45694300
55433000
62044500
75052800
77688000
51137100
47650800
52741800
68332300
58560100
45423200
92083600
152727500
68775100
67299700
66489000
85204200
95293600
74517400
67621900
64601800
55510200
60855600
77775200
50861600
88096300
67894300
66328400
90338200
94098000
69490100
73714000
75872500
71224300
61813300
44691600
59048200
60337700
59548500
44344900
64342900
60488000
59109200
77293300
75465600
58397000
49799000
49080500
62834200
44070000
64051300
48782300
53221200
47621900
60420500
54084700
59351300
57990500
71511000
70833600
70659600
53321600
55503100
70252000
59308200
67489500
92515000
54945500
47324300
69194600
80897100
65658200
51148600
61791800
95548700
186137900
90052900
84212400
77865900
63780400
141096200
151443300
51683400
42326100
60037100
50331700
60640900
47557600
44330800
46880800
60035000
66862100
59429500
46899600
32772600
52940100
44091800
43590800
48360500
42482600
48165500
44858000
55163300
38709600
62060100
61587600
51412600
105102800
53486200
74478300
41572500
47507500
47277800
45582000
48804700
49461000
59413200
52416900
48283500
49554100
64594100
53493800
36161000
38173500
72090600
52362100
39476400
37809400
42035200
64725300
70648800
58171800
56630400
74185400
49526400
74199400
55944900
65087300
116652700
164972400
80532900
75760800
68147600
67829000
88171800
66659000
82639200
63005700
68171500
87595200
77273500
92276300
63613700
101618400
85837100
66146600
44158900
51383100
59517800
61333700
77009600
43957400
64782200
37596600
43215700
108665100
49130500
42994500
52428500
46706900
35747700
48593600
47225800
35774000
49758300
86311300
47082900
63988900
53660100
43211800
39141600
35705000
43142500
96648500
52267400
98974800
56874600
36092900
30573800
12189200
27397000
29331800
26273600
26429200
47800900
52357700
40037400
54041500
48234700
51086400
69958400
71446700
150821600
198078600
82573500
65670100
73633300
116302400
73785600
65298900
74926200
76974600
96053900
50338300
63332500
45582300
90931100
88711700
62563200
69454100
56250600
58837300
91108900
69083400
47296700
42613600
40760000
38730600
62245300
51070100
48789400
47795300
51203300
59399000
49909900
62750100
45879700
35742100
83168700
58435600
53778700
39584500
34378000
123060900
77805900
54458500
77998500
47405700
64740900
54729000
52428700
45700500
34467900
37886300
45983800
45491000
34942900
47056500
62539800
40824500
45528700
49353000
122395600
159980600
110819600
102974900
71310800
65991400
73899300
73666100
56963700
57727600
78937600
109052100
59059400
81864000
55449900
90704300
96854100
160695900
139360500
112607400
102689700
83343400
62099000
83526200
64550400
76636100
89530600
106551000
111769100
56436100
96151400
85666800
83236800
72712600
57164500
61537200
54614400
67919400
65435200
91377800
58981200
57168300
49491800
68877500
62082000
43764600
37270900
64872600
48844300
58831100
61352400
62003900
94683200
54468400
79050800
64294700
88020000
58093400
60697600
72806800
65407600
52843800
56587900
103191800
199002600
118558200
80451500
63430400
72666400
71775300
74465500
62115500
50929500
53975800
51673900
83811400
67395900
50316200
60929200
85639700
44475000
50833800
46082800
136352400
99079200
86580600
57384800
48721100
60836400
58982400
159900400
95174400
71954400
75107400
63350600
69586000
135184300
73718900
111601400
73611500
53192100
59143200
58636500
101747000
65019600
68814700
73870900
64479500
56107300
69165800
70436600
44935100
69131400
61569400
51954700
55749300
51071000
61019600
62484300
75382200
41275000
67082000
61004600
54990000
51794600
46528700
52722400
94743400
173827300
59255900
64052800
54985100
85409800
84884600
74287500
50129800
45769400
56344600
48151900
71144000
60774400
51593700
60959100
53044600
66048200
55960500
53006900
46639500
48072100
69682800
100662400
50076900
62890100
44262100
68847000
49134200
40328600
44856200
42449700
19147500
46887900
52406500
52939300
48095800
43907400
31861200
46991400
68959600
79874700
52407700
78296300
41699300
42701400
35224900
57138100
34211900
34102300
49206900
27960800
18604300
21169600
20848400
18876000
15743700
58223800
75206200
61810500
116669000
74806100
51449700
64452600
53380600
104066300
154888800
55272100
43339000
56170800
63697600
82375700
72327200
57196100
58069200
55193100
90844300
60971000
46928100
39846000
39353500
43643100
48215100
44601400
56661800
43716600
45134600
50640200
55214100
50185500
55060500
64515600
83648300
54496400
53475700
66390100
57987400
52192300
50504000
64664800
57520200
57165700
60415900
69121300
45640700
48954200
80464000
84812700
59048300
74001300
43392300
45962800
37924600
49378300
52478400
37109400
59545200
54565700
87528000
82621500
69372800
62605700
56267400
51606400
46474900
43166300
52110300
38977500
52706900
44283000
46481400
81426500
174554500
77640100
81676700
105300000
68452900
55000000
156189000
71970500
110500000
137107200
94292200
100005900
73296400
66314300
85800000
66300000
53099500
74471600
86074100
65592900
98367500
63124700
64900000
51736300
49375900
44432200
67162300
59575300
56011400
53445700
53937700
49667100
60300000
49513200
36986100
53233300
43550000
51995000
48556700
53634800
96504000
37358400
55384300
37679600
54189000
124407700
45183400
36515100
31660400
53930200
35837100
33358200
43269800
53107000
35838800
34663100
51048100
43265500
47571900
49959400
45195400
55706900
57158800
80125400
45085500
40716100
45573600
59198500
36736700
51897500
51674300
56976600
65640300
86743900
101800300
137491600
116628500
95403800
75327100
54183200
46288900
44763700
51304900
92196400
79157400
48904000
54210800
53521400
51597200
53819400
40646100
39098800
55288500
40781200
42807600
44255600
46090100
42985100
61406600
53318000
60222400
58352700
53239300
90738900
57738000
71495200
66811700
94232800
74135600
64847800
88219700
74789100
85510500
64453700
95768300
77896900
70932100
58483000
58425800
40172800
50604700
59913300
51288900
44894100
47936100
85272200
139956200
88682000
123273100
138273600
60939200
58249900
84559200
44897400
43121800
68002400
56626000
58297700
46476000
51137900
55961900
56872200
45508700
43867200
49418100
77391300
74241700
62125300
45683600
58579300
48479200
52698400
28346900
39753000
44191100
73450200
51820400
41486500
42526800
49516000
54791500
58000600
44071500
94831300
78519000
56395100
38692600
94567200
42243000
46309500
45222100
32002200
24832700
24136000
23703400
22319300
21710100
44845600
47504000
49490600
36343500
47478600
41060900
57170000
44420500
63313400
60438600
62687000
64946300
101272500
69663500
56220400
54757900
61678200
50587400
60694100
45325300
46330600
34780300
42191600
36772600
33101300
37072100
35754200
33616000
24723000
25409300
35832700
42450700
74254100
34911800
51973800
33800100
39309500
46022400
32820500
41856200
39413000
29632800
32332200
37196700
32720900
37261600
29396700
24006900
33796800
46835700
34191900
54672100
26937200
22684900
22212900
23395100
24899500
32799700
24365100
35152000
39616000
43024400
28853500
34152500
30845100
22033800
22965500
36272100
26668200
37053200
34480900
37480000
61288000
72249100
43035900
38058500
37791200
35010600
40854600
46644900
33310200
28810500
43316200
40434700
41219000
34573600
37385900
53087400
40599300
36239000
34937400
39447300
35712100
44629300
31503200
43444900
41389400
46037700
61969600
37129200
19122200
35052800
33089800
42240200
40246400
39903700
29491300
33553600
29534200
26750500
28041300
29132000
30496500
38301200
51838900
30432300
30060200
28164900
47571100
100360700
41787800
34935400
23642100
40166600
35082300
21739700
12515500
20324500
32515300
27910200
47231600
34809100
53147600
35972100
36984500
63631500
67503500
36555800
48844000
36378200
33637600
34407600
37808200
33344000
25878100
26616900
29207700
34309900
30692600
24613200
27077800
27034400
26465300
24930300
23619700
27470400
26081000
25699700
30376900
25600800
31661300
33619400
51397600
45187500
34424700
33119500
60462600
37182200
43447800
40688000
38595800
40187600
86282100
80584600
54237700
44862700
52998300
47983700
36169000
41948200
39459800
33083000
56246600
48846500
49535100
49734700
43872200
47920800
55261300
36381100
49772700
52980100
38344600
29698200
66317400
47188900
36817700
46274000
49513800
80707000
99053800
42921800
55622300
36500300
47194400
33237800
79226400
92415400
40612800
50359300
51737600
48797400
49860500
70960100
38090000
35017900
27267000
56379200
58961300
45733800
50855500
69433800
85743300
95636000
51711900
67047900
44893200
43226300
64926300
51427800
50637000
57942400
45847000
46291200
41701200
27273200
51036500
48354700
41607600
34149500
34959900
41601200
52804600
34005500
61993100
14193100
22488700
31704300
25906900
41139500
47623000
41054100
30142500
36352100
48672000
34290000
44621600
44944700
35724500
33990300
36763700
101020600
143760400
51127400
42432300
58396800
107632800
105398300
105703100
34151300
36534100
31867100
38345600
30076500
32361000
41015200
28150100
18897200
28391400
21267200
35262200
33809100
31061600
46119800
60754500
34534800
41525600
67247100
46966600
34808000
45695700
47545800
38796400
37188900
42380000
44990500
42148200
28617300
24617400
28836500
52949600
35154400
42546000
29919000
32607200
30803200
32740700
39548500
45370900
33336700
33718100
28166700
36620800
28702500
36721600
34213000
61518700
67102900
59295600
34028000
38459200
64767000
79461200
76237300
49101000
52817000
62494100
54282000
109178000
101377300
102141600
41468900
38373800
33486300
30085800
31009100
38605600
24900600
31333900
22554800
28535200
36694400
33568900
29812900
36277400
31324400
37917900
49686400
38132900
30861700
31153700
31653900
26299900
47793200
76493500
68515500
53335200
40020000
35539400
29780800
27077800
24535200
27707000
24762700
42643200
36674300
28843900
63565700
67754000
49145200
34571300
33645000
25564500
80413900
29698200
28290100
18167200
17830400
68826600
34739800
50037500
41313800
34561900
25650100
34496100
44084200
77863900
45866700
35890900
28521400
33432700
114558100
110474500
85543100
28855200
27679200
37832700
36242100
20869000
28843300
23350900
34792500
25145400
23520400
26099200
23202500
40451200
30079000
43412200
32084300
32403300
17380600
23088700
22267800
37638500
28090000
28303500
33896300
26427300
37941800
22552800
27606600
27770600
31705400
45815300
29517900
61134800
30088500
37540700
31975400
28261400
47069000
22437100
24410100
19879900
32003300
28924100
32489600
25888800
23205400
34888500
22550000
21321300
36111200
40435400
39189400
24550600
27176700
42957700
47723400
28694900
29579100
35297600
29010800
31651100
47590200
59634700
65581600
29961700
24091800
30901400
28302100
26639800
22849900
25525700
25631100
31502900
19236500
37813500
22990300
20198900
22866500
24712500
24870200
20288600
44050600
77908100
43389300
30600800
28419200
13802900
25685300
35066400
43501500
45399100
53871400
29614700
18203700
24682400
21917800
20631200
25061100
28158500
42680500
31880600
55380100
28120800
12157900
16957000
12970600
19787200
22808100
31833300
27796700
28682300
19665100
29680500
20878000
30588800
40274500
74142900
58277700
48960800
111758900
42286400
48749900
40241000
34838700
32564900
32453800
27145700
24610100
28623300
52868200
50816300
32476200
28008400
30808400
24571300
17911700
25874100
22922000
20539700
17738100
25686000
20193800
30579800
24145500
21539100
19820200
20863900
23482700
25728500
23661200
21036200
22371700
25373400
24908100
26656800
21244800
26243300
21807200
18525800
26344000
34229400
37009100
56861900
36950600
32317400
26442800
27201100
22884500
29336300
23778700
22464700
38581300
47918000
49813500
56699500
34481800
40478200
36121100
26957900
45074400
59033600
38112600
20398600
29601600
25574300
25432800
33614400
33472800
22146000
25863900
19755200
24235200
20738900
21818000
24692800
24166900
20324400
20607800
20525000
17811900
31752700
30017200
22679600
22292600
18721300
15926500
17172200
27271900
27150100
20638900
43641000
20264900
33256300
21612500
26546200
34795600
39933000
34256900
27747700
31211400
122194300
36407800
28440600
34412300
27166600
39826400
26528900
53397600
44293300
26722300
30776300
21558400
28240000
16831200
20437600
22233400
37608700
28302400
32455100
20045000
24244600
61006100
135893200
70591100
46528800
32097200
42915100
26077000
33180400
31614000
30972200
26141700
32782800
35431200
33472400
27250100
49845100
27923900
27820100
35484000
27718600
24805600
36291000
25458000
28577600
27232200
29281900
27140300
37164900
21196700
18614500
19664700
17168900
18908900
32302800
32094800
26668800
27632400
20841900
24859600
22333100
19964200
21949000
26732600
22438000
20875700
26278900
23809600
46851900
25447700
25690700
18829000
34639700
25882300
29003100
35274600
35086600
32910800
25834600
24321100
25972100
34960600
28185700
80917600
42110200
68671000
92305200
47787400
37504500
30523700
33278400
26725600
22254900
27814300
23751900
21857800
24615200
55217900
52089700
28703600
34695900
34705500
25240600
27604500
30653600
19676600
22854400
26447400
18102500
17646000
30674800
21289500
61994700
