-33.3945796968
-4.57334891876
241.176470588
29.1693496458
24.24
-17.9251477347
36.9604316547
-37.4929735807
21.5994531784
74.0630577037
27.1558245083
-20.7434052758
0.0
-27.1933653426
-22.7839568588
-13.3469626168
25.1004749726
4.30640243902
27.6885644769
-9.86842105263
-1.38408304498
-16.5342960289
16.2888329135
-10.0113335852
36.7252066116
3.69576861275
-9.45683802134
-4.18215613383
4.9756097561
-21.1538461538
0.463678516229
14.8181011535
6.12052730697
2.90697674419
32.3076923077
10.2473498233
-11.4518147685
-3.09278350515
-18.2449181953
-3.723150358
-7.99297321036
8.37696335079
7.41308793456
-5.46157564041
2.83300198807
-10.3786191537
-1.87937062937
-10.5900742478
-8.11490125673
9.68885387948
15.9360730594
-0.454545454545
2.89990645463
-10.6934001671
2.92347377472
-8.78431372549
-3.99096385542
-16.2409334595
0.762631077216
