83.25
82.25
80.50
78.19
77.38
84.12
88.28
89.25
89.31
98.25
100.25
99.88
95.44
95.62
98.25
97.44
96.38
95.50
93.06
92.88
96.62
99.69
100.75
104.25
104.12
108.00
104.50
103.19
105.25
105.64
105.25
107.00
107.88
105.19
101.56
104.31
110.25
112.81
108.25
111.31
112.50
114.12
115.62
116.69
115.19
112.25
112.00
117.38
118.75
117.81
118.69
119.62
124.00
129.94
134.12
139.50
139.44
137.62
139.06
135.12
131.50
123.06
128.25
125.75
119.00
127.75
127.00
131.31
130.88
127.48
121.75
120.75
108.38
109.56
125.25
118.94
115.00
110.38
119.50
120.62
117.00
125.88
126.25
120.88
115.88
117.06
119.00
117.50
115.00
105.12
106.38
114.75
112.75
118.69
120.38
123.12
116.31
111.38
109.81
109.50
113.56
114.38
119.12
124.50
126.12
132.00
131.19
129.50
125.69
126.00
125.50
124.62
124.12
126.00
126.50
125.88
128.38
135.94
136.00
134.00
134.12
132.62
131.25
131.00
130.50
129.62
133.72
131.38
130.56
136.12
137.00
137.12
138.75
140.25
143.06
144.38
141.44
138.00
137.88
138.06
137.62
137.69
136.56
136.00
128.75
64.50
64.25
63.19
60.44
61.44
61.12
61.50
62.84
62.00
60.81
63.62
66.00
67.56
68.44
70.25
70.56
72.12
70.69
73.00
72.62
73.00
73.12
72.75
73.62
73.44
68.25
65.00
66.25
64.94
63.94
64.56
60.50
59.25
56.62
55.50
56.81
60.44
60.38
46.50
44.75
42.81
43.44
43.48
41.38
39.88
40.12
40.75
40.50
39.25
38.00
37.44
35.00
35.00
36.94
35.38
35.00
35.25
40.88
41.38
42.38
41.62
41.14
41.69
44.84
43.88
44.69
44.19
46.38
45.50
46.38
45.31
42.44
39.94
37.00
36.00
39.44
40.75
39.77
39.50
40.62
41.44
41.06
42.00
43.75
42.00
40.94
36.81
33.81
32.06
34.00
31.25
31.44
33.00
34.31
36.38
35.19
34.50
32.31
32.42
33.31
31.50
31.62
32.00
32.00
32.31
30.06
29.81
30.25
30.12
32.69
31.75
30.62
31.88
31.12
32.00
31.81
31.00
30.12
30.00
32.31
32.50
32.75
35.19
34.31
33.75
34.75
36.81
36.50
36.50
35.50
33.67
34.48
33.88
34.56
33.44
33.62
32.38
31.94
35.12
33.62
31.38
30.50
29.62
28.50
28.44
29.00
28.00
27.06
28.38
29.50
31.44
31.69
32.69
29.00
27.56
27.75
28.00
28.44
27.69
25.38
24.56
24.62
26.06
27.69
27.88
28.06
26.81
25.75
25.31
25.06
24.84
22.44
24.09
23.00
22.25
23.35
27.18
26.31
25.52
25.18
28.60
30.45
31.26
29.65
28.90
27.50
28.60
29.05
30.53
30.12
31.20
30.11
29.30
30.34
30.90
29.30
28.90
27.79
26.71
26.93
26.50
28.00
27.99
28.19
29.40
28.56
28.12
28.68
27.78
26.40
26.84
27.19
28.06
28.85
29.05
29.67
30.00
29.42
29.00
29.00
27.56
27.11
27.43
26.14
26.26
26.95
27.27
27.47
28.03
28.34
29.20
28.75
29.16
29.65
29.80
28.30
28.11
27.46
27.00
29.05
29.25
28.77
28.08
28.52
29.43
28.93
28.91
28.43
28.19
28.80
29.01
28.80
29.03
30.28
31.33
31.25
30.04
29.77
29.39
29.18
28.99
30.08
30.24
29.70
29.08
27.79
27.90
27.05
27.00
27.62
27.85
28.60
28.43
27.74
26.88
27.01
26.85
26.34
25.80
25.73
25.46
23.50
23.20
20.86
20.50
18.96
19.50
20.79
20.72
19.57
20.10
19.70
19.37
19.08
21.00
20.55
21.27
21.10
21.37
23.35
24.23
23.63
24.17
24.50
23.70
23.61
23.76
24.89
24.92
24.31
25.55
24.17
23.24
23.44
24.25
25.50
26.65
26.70
27.75
27.93
27.60
26.77
28.95
29.90
30.46
30.15
29.91
29.83
29.48
30.32
31.31
30.90
31.61
31.16
31.68
31.97
31.84
33.04
33.75
32.75
32.85
33.05
33.11
32.50
32.27
33.00
33.36
33.04
31.96
31.97
32.00
32.02
32.36
32.12
31.41
31.73
33.40
35.32
35.02
34.95
35.03
34.50
34.26
34.10
34.09
33.68
33.60
33.16
31.56
31.62
32.56
32.75
33.32
32.50
32.46
34.32
34.06
33.66
33.40
32.53
32.10
31.38
32.12
32.64
33.06
33.31
31.95
31.18
29.95
29.48
29.17
29.73
29.75
29.28
28.50
28.99
29.88
32.40
32.13
32.04
32.84
33.16
32.31
31.05
30.80
30.80
31.24
31.26
30.02
30.46
30.46
29.96
29.95
29.95
30.38
30.02
30.02
29.38
29.95
29.80
28.50
28.41
28.01
28.51
28.07
27.76
28.98
30.31
29.86
30.06
29.53
29.36
28.88
28.17
28.10
27.51
27.90
27.54
27.77
26.49
25.75
25.56
27.07
27.80
26.92
27.11
29.37
29.50
29.91
30.59
29.92
28.96
28.71
28.44
28.40
27.67
27.25
26.60
27.41
26.44
26.22
26.89
26.70
21.70
20.99
20.18
20.00
21.00
20.06
21.35
22.01
20.02
19.22
18.40
18.39
18.30
17.45
17.87
18.11
17.49
16.46
16.26
18.60
18.07
17.75
16.77
16.51
17.71
17.43
18.14
18.81
19.00
18.50
18.25
17.76
17.03
17.10
17.02
18.00
18.25
18.01
17.46
16.52
15.82
16.17
16.63
17.03
17.62
17.00
16.69
16.72
18.02
17.98
18.44
18.75
18.80
18.89
17.89
17.61
17.15
16.77
16.51
16.65
15.85
15.58
15.03
16.11
15.69
16.10
16.58
15.67
15.64
15.54
15.50
15.00
14.90
14.82
14.10
13.90
14.43
14.73
14.49
13.67
13.85
14.24
13.80
13.59
13.64
13.09
12.95
13.49
14.15
14.60
15.12
13.42
13.91
13.69
14.15
14.74
15.02
15.57
15.59
16.54
16.05
16.39
16.82
16.91
18.43
17.71
18.24
18.20
18.05
17.27
17.50
17.53
18.60
18.10
18.48
18.01
18.08
19.35
19.61
19.90
20.00
20.40
20.60
20.77
20.15
19.30
18.88
18.38
17.64
17.72
17.76
17.95
17.56
17.60
17.75
17.02
16.65
16.95
16.83
16.78
16.63
16.29
15.74
15.42
15.66
16.34
16.60
17.00
16.59
16.86
16.86
17.23
17.34
17.34
17.11
16.28
16.23
16.15
16.19
15.75
15.48
15.80
15.70
15.76
15.14
15.50
15.33
15.50
15.26
14.89
14.88
15.06
15.11
15.10
15.53
16.18
16.50
16.82
16.42
16.52
16.00
16.11
16.30
16.81
16.58
16.48
16.60
16.57
15.72
15.71
15.81
15.59
16.40
16.88
16.94
17.78
17.67
17.80
18.50
17.81
17.65
17.80
17.42
17.20
16.26
16.28
17.00
17.45
16.85
17.35
16.94
16.65
16.56
16.64
16.65
16.92
17.80
17.89
18.29
18.24
18.89
18.69
18.06
18.18
18.70
18.36
18.30
18.39
18.97
18.93
19.06
18.84
19.17
19.43
19.65
19.30
19.61
19.45
18.63
18.51
18.57
18.73
18.72
18.67
19.61
19.78
20.44
20.30
20.18
20.85
20.80
21.74
21.14
21.47
21.40
21.88
21.20
21.32
21.38
21.14
21.12
20.64
20.05
20.04
19.99
20.15
20.53
20.59
20.51
21.47
21.71
22.17
22.67
23.25
22.61
23.07
23.85
23.67
24.82
24.60
24.15
23.95
24.05
24.26
23.95
23.73
24.61
24.70
24.28
24.68
24.73
24.39
24.23
23.81
23.86
23.33
23.58
23.82
24.30
24.55
24.81
25.05
25.92
26.13
26.01
27.32
27.07
26.68
27.42
27.85
28.04
28.17
28.04
28.04
28.37
28.80
28.66
27.63
27.29
27.55
27.91
28.02
28.77
28.46
28.83
28.20
28.42
27.74
27.40
27.22
27.47
27.44
27.81
28.41
29.20
29.38
29.15
29.50
29.48
30.09
30.48
30.53
31.62
31.40
31.57
31.56
32.01
31.41
30.89
30.36
31.24
31.56
32.43
32.83
32.77
33.15
33.57
33.24
33.44
33.74
33.23
33.11
33.51
33.43
32.70
31.66
31.81
31.72
31.76
31.93
32.50
33.05
32.89
33.13
33.52
33.81
33.25
32.85
32.00
31.33
30.11
29.66
30.33
30.49
30.10
29.71
29.96
30.29
30.36
30.17
30.37
30.90
31.14
31.51
31.94
31.91
32.03
32.40
32.62
33.22
33.90
33.80
33.86
33.26
33.14
32.67
32.68
32.28
31.82
31.59
31.48
31.70
31.60
31.17
30.52
30.35
30.21
30.32
30.01
29.75
29.99
30.48
30.33
30.53
30.72
29.86
30.21
30.54
29.85
29.50
28.65
28.77
29.30
29.35
29.10
28.85
29.56
28.84
29.05
28.77
27.62
27.52
27.17
27.04
27.36
27.03
26.72
27.33
27.11
26.38
26.03
26.10
26.16
26.86
27.32
27.50
27.10
27.02
27.28
27.65
28.12
28.04
27.48
27.20
27.23
27.44
27.13
26.57
26.26
26.30
26.03
25.83
25.85
26.65
26.91
26.87
26.28
25.81
25.72
25.61
25.95
26.01
25.78
25.93
26.14
26.79
26.82
27.10
26.91
26.44
27.06
27.11
27.23
27.35
27.56
27.48
27.99
28.18
28.49
28.08
27.89
27.36
28.03
28.23
28.43
28.38
28.36
27.85
28.16
28.10
27.59
27.34
27.50
27.46
27.86
27.88
27.13
27.23
27.15
27.32
26.69
26.25
25.68
26.06
26.13
26.39
25.68
26.05
23.25
23.14
22.65
22.76
22.96
22.51
22.46
22.63
22.66
22.98
22.82
23.62
23.85
23.94
24.11
23.70
23.25
22.69
22.53
22.20
21.81
21.19
21.03
21.34
21.49
21.37
21.74
21.61
21.76
21.56
21.53
21.70
21.82
21.57
20.86
21.03
21.26
19.85
19.73
19.69
19.71
19.98
20.60
20.55
20.20
20.07
19.90
20.45
20.98
20.42
20.27
20.07
19.85
19.64
19.72
19.83
20.23
20.85
20.98
20.94
21.09
20.49
20.31
20.22
20.86
20.45
20.38
20.35
20.76
20.73
21.41
21.26
21.22
21.20
21.31
21.94
22.17
22.15
22.26
22.41
22.48
23.12
23.12
22.98
22.54
22.89
22.88
23.41
23.46
23.96
24.21
24.11
23.82
23.15
23.31
23.18
22.77
22.35
22.45
22.63
23.90
23.71
23.46
23.00
22.55
22.50
22.44
22.85
23.05
22.82
22.51
22.66
22.98
23.38
23.35
23.25
23.25
23.13
23.17
23.24
23.05
22.35
22.37
22.41
22.47
22.75
22.40
22.87
22.75
22.90
22.64
22.55
22.40
22.38
21.89
22.17
22.30
22.17
22.08
22.27
22.39
22.50
22.17
22.37
22.88
22.93
23.16
23.22
23.18
24.00
24.16
24.13
23.55
23.64
23.64
23.05
23.15
23.57
23.86
24.33
24.35
24.23
24.49
24.55
24.78
24.75
24.34
24.00
24.11
23.83
23.51
23.35
23.37
23.25
23.00
22.96
23.18
23.27
23.05
23.00
23.13
22.90
22.65
22.97
23.00
23.02
23.25
23.05
22.64
22.70
22.47
21.94
22.10
22.30
22.63
22.93
23.06
23.21
23.19
23.10
23.12
23.06
23.35
23.42
23.67
24.10
24.31
24.34
24.20
24.36
24.05
24.90
25.00
25.15
25.60
25.81
25.85
26.21
26.35
26.70
27.07
27.06
26.90
26.78
27.17
27.25
26.95
26.86
26.95
27.05
26.79
26.74
26.69
26.25
26.81
27.06
26.70
26.87
27.05
26.77
26.05
25.82
25.73
26.10
26.01
26.10
26.08
26.46
26.15
26.58
27.34
27.43
27.54
27.73
27.81
28.00
28.41
26.85
26.98
26.75
26.43
26.53
26.62
26.96
27.14
27.10
27.15
27.45
27.01
26.63
26.00
26.74
26.79
26.36
26.18
26.23
25.97
25.95
25.81
25.61
25.74
25.71
25.51
25.42
25.31
25.32
25.39
25.46
25.24
25.20
25.43
25.47
25.63
25.19
24.90
24.85
24.44
24.33
24.68
24.45
24.47
24.48
24.31
24.35
24.16
23.80
23.87
23.92
24.43
24.58
24.41
24.07
23.50
23.74
23.33
23.29
22.79
22.91
23.00
23.12
23.48
22.75
23.45
23.13
22.90
22.83
22.99
22.83
22.78
23.42
22.53
22.70
23.53
23.66
23.95
24.21
24.46
24.92
25.06
25.17
25.04
24.61
24.91
25.07
25.07
25.06
26.08
26.54
26.74
26.72
26.62
26.79
27.11
26.79
26.62
26.03
25.34
25.17
26.12
26.31
26.49
26.52
26.38
25.78
25.67
25.60
25.79
25.88
25.43
25.36
25.01
24.87
24.90
25.59
25.91
26.21
26.09
25.92
25.90
25.87
25.54
25.32
22.36
22.39
21.75
21.10
21.24
21.10
21.27
21.55
21.59
21.25
21.23
21.18
20.73
20.50
20.52
20.54
20.72
20.81
21.07
21.13
21.21
21.18
20.56
20.50
19.90
19.88
20.13
20.43
20.50
20.67
20.38
19.86
20.23
19.83
19.82
19.73
19.78
19.69
19.64
19.73
19.64
19.40
19.45
19.60
19.60
19.69
19.31
19.62
19.56
19.51
19.65
19.35
19.34
19.25
19.28
19.33
19.24
19.25
19.12
19.10
19.17
18.99
18.60
19.20
19.40
19.02
18.90
18.75
19.12
19.20
19.91
19.46
19.51
19.12
19.21
19.37
19.64
19.79
19.50
19.21
19.03
19.00
18.93
18.65
18.49
17.94
17.97
17.89
17.76
17.74
18.01
17.77
17.77
17.79
17.96
17.89
17.67
17.33
17.05
17.10
16.75
16.75
17.49
17.77
18.04
18.20
18.07
18.20
18.15
18.00
18.12
18.05
18.07
18.67
18.94
19.14
18.74
18.75
18.50
18.11
18.00
17.87
17.69
17.68
17.67
17.63
18.05
17.07
16.84
17.15
17.31
17.25
17.42
17.58
17.98
17.50
17.56
17.22
17.26
17.26
17.29
17.34
17.30
17.36
17.53
17.94
18.13
18.34
18.33
18.08
18.08
18.24
18.31
18.43
19.02
19.21
19.56
19.53
19.55
19.64
19.27
19.06
19.20
19.12
19.32
19.60
19.50
19.49
19.44
19.24
19.44
19.14
19.03
19.03
19.32
20.05
20.45
20.52
20.40
20.17
20.49
20.66
20.41
20.46
20.42
20.74
20.95
21.38
21.56
20.83
21.03
20.63
21.05
21.12
21.45
21.53
21.61
20.90
20.96
21.19
20.96
20.57
20.35
20.32
20.73
20.50
20.38
20.42
20.58
21.11
21.76
22.06
21.84
21.50
21.38
21.54
21.42
20.95
20.76
21.10
21.07
20.60
20.81
21.11
20.83
20.64
20.54
20.60
20.47
20.66
20.41
20.86
20.66
20.46
20.57
20.21
20.08
20.03
20.22
20.33
20.23
20.14
20.56
20.76
20.95
20.86
21.03
21.03
21.62
21.78
20.78
20.50
20.60
20.65
20.46
20.57
20.60
20.51
20.70
20.82
20.69
20.87
21.03
21.17
21.08
21.24
21.18
20.92
20.75
20.70
20.94
21.13
21.15
20.90
20.73
20.78
20.75
20.52
20.01
19.80
19.34
19.20
18.90
19.15
19.08
19.16
19.05
19.09
19.12
18.96
19.01
19.05
18.95
18.92
18.91
19.11
19.16
19.05
19.04
18.86
18.75
18.90
19.03
19.19
19.23
19.26
19.85
20.07
20.42
20.25
20.25
20.39
20.66
21.00
21.14
21.66
21.79
21.74
21.80
22.00
21.82
21.48
21.45
21.75
21.71
21.81
21.85
21.80
21.95
22.05
22.14
21.99
21.90
21.91
22.18
22.51
22.53
22.69
22.65
21.82
22.04
22.12
21.85
21.92
22.32
22.12
21.86
21.46
21.29
21.35
21.69
21.84
22.20
22.63
23.80
23.81
23.96
23.90
23.79
23.69
23.30
23.34
23.28
23.86
23.55
23.86
24.26
24.43
24.51
24.79
24.75
24.45
24.57
25.68
25.83
25.98
24.81
25.09
24.48
24.57
24.41
24.37
23.63
23.53
23.55
23.59
23.22
23.59
23.88
23.78
23.75
24.18
23.92
23.50
23.96
23.78
23.21
22.09
23.34
23.66
23.71
23.94
24.00
24.07
24.37
23.93
24.22
24.89
25.53
25.75
25.79
25.88
25.26
25.24
25.26
25.33
25.25
24.60
24.76
24.89
25.43
25.48
25.76
25.82
25.76
25.80
25.70
25.67
25.86
26.16
25.57
25.37
25.49
25.47
25.55
25.63
25.16
25.33
25.57
25.27
26.25
26.47
26.27
25.85
26.16
25.46
25.53
25.78
26.00
26.10
26.35
26.50
26.40
26.44
26.96
26.87
25.29
25.00
25.10
25.29
25.77
25.28
25.17
25.10
24.91
24.54
24.55
24.32
24.49
25.50
26.01
25.72
26.01
25.83
26.89
27.17
27.57
27.25
26.91
26.89
26.81
26.19
25.38
25.59
25.82
26.01
26.58
26.75
27.13
26.77
26.65
26.59
24.95
24.38
22.35
22.36
22.23
22.26
22.20
21.77
22.41
22.51
19.70
19.21
18.95
18.05
18.24
20.07
20.00
19.62
20.25
20.29
20.36
21.22
21.16
20.10
19.90
19.50
19.95
20.15
20.56
20.86
20.46
19.98
20.05
20.16
20.13
19.51
19.52
19.77
20.23
20.32
19.94
19.93
19.44
19.84
19.83
19.75
19.97
20.45
20.98
20.74
20.53
20.15
21.19
21.08
21.09
21.75
22.03
21.71
21.09
20.73
20.67
21.40
21.65
21.53
21.67
21.66
21.04
20.77
21.55
21.11
20.64
20.50
21.86
21.92
22.23
22.33
21.87
22.00
22.34
22.06
22.33
22.45
22.14
22.36
23.13
23.18
23.08
23.14
23.11
23.13
23.20
23.60
23.76
23.85
24.52
24.79
23.80
23.52
23.73
23.08
23.27
23.14
22.80
23.07
22.82
22.85
22.81
23.35
22.90
22.34
22.31
21.79
21.88
22.19
22.41
22.57
22.21
22.14
22.31
22.31
22.18
22.42
21.59
21.22
21.34
21.12
20.87
20.26
20.29
20.31
19.76
19.71
19.99
20.32
20.22
20.23
21.04
21.47
21.95
21.63
22.02
21.62
21.56
21.61
21.64
21.28
21.92
21.98
22.17
22.46
22.46
22.70
23.60
23.93
24.05
24.03
23.76
24.18
23.88
23.48
23.15
22.80
22.92
22.93
22.65
23.02
23.46
22.85
22.47
21.51
20.50
20.15
20.52
20.22
20.14
19.67
19.58
19.33
18.55
18.55
17.91
18.36
18.47
18.50
18.52
18.52
18.19
17.27
17.80
18.06
17.13
17.20
16.19
16.00
15.49
15.54
14.26
15.69
15.63
14.98
14.48
15.27
15.44
15.21
14.25
13.90
13.37
13.86
14.36
14.91
15.28
15.62
15.60
15.81
14.95
13.78
14.02
14.23
13.46
13.51
12.87
13.24
13.00
12.51
12.47
12.17
12.06
13.12
13.11
13.01
13.68
12.55
12.62
12.72
12.72
12.38
13.45
13.49
13.75
13.98
13.69
14.32
14.62
15.02
14.09
14.26
14.00
14.02
14.05
14.06
13.91
14.31
14.56
14.47
14.81
15.08
14.34
14.25
14.02
13.62
13.45
12.97
12.71
13.27
12.81
12.50
12.55
12.58
13.03
13.50
13.79
13.31
12.90
12.75
13.29
13.71
13.53
14.21
14.54
14.04
13.73
13.49
13.85
13.21
13.09
12.67
12.53
12.05
12.09
12.58
12.66
12.49
12.31
12.14
12.36
12.30
12.07
12.30
12.75
13.64
13.88
14.21
14.14
14.25
14.72
14.72
14.35
14.94
15.00
14.71
15.18
15.26
14.48
14.90
14.62
15.26
15.35
15.45
15.26
15.15
15.60
15.56
15.80
15.11
15.40
15.45
15.00
14.96
15.08
15.10
15.30
15.21
15.04
15.07
15.50
15.48
16.14
15.93
15.97
15.48
15.20
15.00
15.00
15.09
15.15
15.15
15.18
15.27
15.49
15.05
15.01
15.00
15.34
15.15
15.24
15.97
16.05
15.72
15.88
15.79
15.61
16.13
16.15
16.30
16.02
15.72
15.80
15.81
15.84
15.85
15.63
15.61
15.99
15.91
16.14
16.27
16.24
16.67
16.68
16.37
16.20
15.78
15.96
15.86
15.90
16.46
17.72
17.94
18.25
18.52
18.51
18.84
18.99
19.01
19.15
19.05
19.11
19.30
19.25
19.18
19.15
18.86
18.56
18.50
18.56
18.62
18.66
18.78
18.58
18.41
18.46
18.51
18.56
18.55
18.66
18.74
19.13
19.16
20.17
19.97
19.66
19.47
19.23
19.28
19.55
19.61
19.65
19.37
19.28
19.36
19.44
19.22
19.37
19.42
19.45
19.60
19.45
19.30
19.40
19.44
19.25
18.89
18.95
18.95
19.28
19.47
19.50
19.81
20.24
20.35
20.78
20.54
20.02
20.05
20.11
19.66
19.62
19.61
19.56
19.67
19.02
19.10
18.74
18.75
18.31
18.50
18.62
18.74
19.12
19.42
19.64
19.63
19.58
20.01
20.00
20.00
18.95
19.08
19.32
19.25
19.28
18.82
19.00
19.45
19.55
19.70
20.15
20.19
19.80
19.71
20.03
19.81
19.90
19.68
19.28
19.07
19.10
19.00
19.95
20.03
20.18
20.16
20.23
20.25
20.40
20.73
20.60
20.67
20.34
20.40
20.82
20.38
20.44
21.05
20.77
20.85
20.85
20.68
19.81
20.14
19.95
19.82
19.68
19.30
19.44
19.56
19.47
18.95
19.00
19.30
19.44
19.45
19.55
19.79
20.55
20.53
20.55
20.58
20.65
20.29
20.50
20.22
20.43
20.62
20.58
20.44
20.26
20.45
20.70
20.66
20.91
20.99
21.18
21.05
21.20
21.91
22.01
21.81
21.84
22.36
22.32
22.31
22.07
22.26
22.18
22.20
22.20
22.34
22.26
22.25
22.16
22.36
22.44
22.47
23.27
23.80
23.77
23.54
23.90
23.54
23.32
23.73
23.81
23.30
22.91
23.30
22.81
22.90
22.40
21.90
19.90
20.46
22.16
22.10
22.49
22.36
21.53
21.41
21.33
21.00
20.63
20.18
20.61
20.03
20.70
21.12
21.23
21.13
21.16
21.47
20.79
20.24
19.74
19.86
20.25
20.28
20.82
21.01
21.21
21.20
21.18
21.06
20.86
20.66
20.20
19.89
19.91
19.65
19.40
19.00
18.96
19.25
19.39
19.83
19.96
20.30
20.82
21.28
21.01
21.00
21.16
21.10
21.18
21.34
21.33
21.41
21.39
21.29
20.76
20.58
20.73
20.71
20.45
20.46
20.41
20.41
19.70
19.30
19.08
19.15
19.11
19.50
19.47
18.81
18.76
18.60
18.39
18.18
18.12
17.81
17.94
17.60
17.89
18.08
18.20
18.05
17.75
17.93
17.84
18.20
18.34
18.54
18.58
18.67
18.69
18.84
18.89
18.75
19.18
19.18
19.10
19.12
19.11
18.88
18.77
19.03
19.13
19.21
19.21
19.53
19.44
19.16
19.20
19.20
18.97
18.90
19.29
19.57
19.75
19.80
19.73
19.81
20.02
20.01
20.34
20.29
20.22
20.56
20.97
21.17
21.03
20.82
20.55
21.33
21.26
20.88
20.93
20.92
20.88
20.88
20.81
21.17
21.10
21.12
21.07
21.42
21.48
21.62
21.55
21.58
21.66
21.72
21.80
21.34
21.30
21.28
21.25
21.27
21.20
21.08
20.81
20.70
20.65
20.76
20.88
20.93
20.94
20.78
21.05
20.90
20.55
20.27
20.57
20.74
21.07
21.08
20.97
20.94
20.95
20.62
20.81
20.93
21.17
21.66
21.65
21.35
21.03
21.28
21.47
21.30
21.43
21.63
21.40
21.42
21.35
21.52
21.50
21.28
21.43
21.67
22.01
21.73
21.01
21.03
21.46
21.37
21.35
21.40
21.65
21.40
21.08
21.02
20.94
20.72
20.61
20.62
20.01
19.71
19.80
19.88
19.88
19.98
20.01
20.28
20.21
20.33
19.98
20.11
19.94
19.56
19.36
19.55
19.71
19.82
19.95
20.01
19.69
19.72
19.41
19.53
19.45
19.62
20.94
21.19
21.33
21.81
22.33
22.45
22.63
22.81
22.67
22.72
23.17
23.13
22.65
22.82
23.20
23.23
23.36
23.27
23.08
23.52
23.20
23.15
22.76
22.59
22.41
22.45
22.11
22.32
21.98
21.86
21.67
21.66
22.00
21.73
21.70
21.26
21.28
21.55
21.40
21.27
21.07
21.17
21.22
21.38
21.06
21.18
21.00
21.26
21.31
21.48
22.10
22.36
22.44
22.86
22.81
22.73
22.24
22.32
22.21
22.20
22.08
22.44
22.90
22.17
22.78
22.80
22.83
22.35
22.33
22.22
21.90
21.71
21.35
20.84
20.21
20.08
19.52
19.77
20.07
20.56
20.63
20.50
20.40
19.55
19.16
19.26
19.30
19.37
19.40
19.27
19.83
19.92
20.02
19.99
19.57
19.16
19.86
19.81
19.66
19.52
20.21
20.71
21.22
21.43
21.63
21.86
21.90
21.34
21.22
21.79
22.37
22.30
21.87
21.33
20.57
20.40
21.06
21.67
21.91
22.47
22.61
22.98
22.96
23.25
23.14
23.07
23.86
23.35
23.80
24.02
24.39
24.34
24.85
24.73
24.49
23.82
23.55
23.28
23.66
23.63
24.26
23.80
23.74
24.30
24.48
24.62
24.88
24.12
24.02
23.35
23.09
22.69
22.51
23.25
23.42
24.23
24.40
24.60
24.79
25.00
25.13
24.63
24.38
23.61
23.42
23.14
23.25
23.23
23.05
23.44
23.43
23.76
24.04
24.40
24.18
24.28
24.25
24.39
24.53
24.98
25.01
25.22
25.51
25.34
25.54
25.10
24.97
25.01
25.37
25.50
26.34
26.61
26.50
26.60
26.59
26.27
26.28
26.51
26.46
26.58
26.36
26.43
26.61
26.79
26.45
26.52
26.50
26.50
26.35
26.82
27.01
26.51
26.35
26.45
26.45
26.82
26.84
26.71
26.77
26.36
26.20
26.52
26.75
26.87
26.91
27.12
27.34
27.43
27.70
27.54
27.56
27.70
27.61
27.68
27.96
28.07
27.80
27.67
28.02
27.99
27.95
27.60
27.80
27.59
27.41
27.63
27.93
28.08
28.14
28.41
27.46
27.44
27.57
27.24
27.24
27.35
27.75
28.10
28.29
28.37
28.72
28.42
27.84
27.65
27.01
26.75
26.96
27.20
26.88
26.82
26.49
26.19
26.05
25.68
25.78
24.92
25.31
25.57
25.86
25.80
25.70
25.12
24.84
25.00
25.43
25.89
25.85
25.96
26.05
26.34
26.42
26.88
27.22
27.25
27.38
26.61
26.67
25.88
25.74
26.06
25.45
26.21
26.39
26.56
26.37
25.93
25.81
25.44
25.22
24.68
24.76
25.00
24.85
25.05
25.82
25.50
24.80
24.79
25.00
25.34
25.47
25.68
25.70
25.67
25.68
25.98
26.20
26.35
26.30
26.57
26.53
26.41
26.38
26.19
26.34
26.21
26.10
25.99
25.66
24.93
24.70
24.75
24.68
24.54
24.15
24.48
24.27
24.19
24.46
24.01
23.17
23.20
23.06
22.83
23.23
23.16
23.14
23.14
22.99
23.01
22.52
22.51
22.48
22.65
22.59
22.68
22.66
22.49
22.27
22.58
22.40
21.85
21.70
21.52
21.40
21.50
21.95
21.27
21.60
21.22
21.30
21.30
21.41
21.51
21.60
21.59
21.72
22.02
21.72
21.63
20.90
20.82
20.80
20.65
20.18
19.95
19.98
19.77
19.73
19.35
19.23
19.51
19.62
19.92
19.64
19.46
19.42
19.50
19.61
19.74
19.97
20.03
19.98
20.15
20.54
20.44
20.35
20.36
20.57
20.86
20.88
20.48
20.51
20.64
20.31
20.21
20.16
21.05
21.14
21.05
21.18
21.02
21.20
21.53
21.77
21.75
21.78
21.85
22.11
21.03
21.03
21.04
20.93
20.88
20.99
21.01
21.22
21.02
21.09
21.15
21.06
20.91
20.70
20.88
20.92
20.99
21.15
21.06
20.99
21.06
20.70
20.12
20.10
20.23
20.41
20.51
20.82
20.66
20.96
21.30
21.51
21.75
21.47
21.28
21.45
21.46
21.51
21.27
21.19
21.01
21.11
20.90
21.08
21.08
21.25
21.51
21.60
21.32
21.32
21.01
20.96
20.75
20.80
21.06
21.71
21.49
21.47
21.36
21.42
21.57
21.90
22.21
22.35
22.93
23.25
23.32
23.14
23.40
23.64
23.81
23.67
23.95
23.85
23.94
23.96
24.10
24.35
24.03
23.78
23.81
23.93
23.90
24.00
24.00
23.94
23.84
23.58
24.00
23.89
24.21
24.13
24.83
25.35
24.65
24.27
24.22
24.64
24.63
24.41
24.40
24.84
24.91
25.07
25.00
24.10
24.09
23.41
23.57
23.89
24.01
23.73
23.84
23.54
23.45
23.68
23.03
23.11
22.64
23.47
23.65
23.76
23.90
24.04
23.16
22.81
22.73
22.64
22.63
22.82
22.90
23.07
23.28
23.26
23.02
23.00
22.85
22.71
22.55
22.41
22.31
22.45
22.39
22.35
21.97
21.89
22.05
22.30
22.06
22.17
22.33
22.23
22.00
22.13
22.05
21.90
21.97
22.28
22.49
22.40
22.70
22.93
22.71
22.60
23.04
23.35
23.67
23.56
23.84
23.57
23.61
23.58
23.58
23.20
22.88
22.60
22.70
22.67
22.50
22.60
22.57
22.48
22.48
22.92
22.82
23.03
23.32
23.22
23.49
23.68
23.82
24.01
23.56
23.78
24.02
24.17
24.35
24.40
24.43
24.22
24.15
23.77
23.89
24.00
23.84
23.93
23.98
24.20
24.35
24.25
24.48
24.61
24.46
24.52
23.84
23.50
23.52
23.52
23.76
23.65
23.40
23.52
23.75
24.75
24.68
24.66
24.40
24.42
24.16
24.33
24.38
24.53
24.89
25.04
25.18
25.35
25.43
25.48
25.60
25.77
25.47
25.60
25.45
25.47
25.30
25.25
25.50
25.42
25.90
26.61
26.33
25.25
25.27
25.15
24.90
24.79
24.66
24.57
24.63
24.54
24.40
23.89
23.58
23.50
23.55
23.77
24.06
24.33
24.37
24.31
24.41
24.55
24.42
24.50
24.35
24.41
24.46
24.61
24.51
24.57
24.30
24.50
24.40
24.38
24.57
24.58
24.61
24.61
24.43
24.40
24.49
24.55
24.77
24.94
25.16
24.92
25.17
25.32
25.29
25.32
25.62
25.64
25.64
26.14
26.11
26.20
26.35
26.73
26.36
26.17
26.14
26.36
26.60
26.79
26.73
26.66
26.72
26.64
26.19
26.01
26.35
26.22
26.39
26.40
25.99
26.00
26.22
26.22
26.22
26.30
26.33
26.33
26.01
25.74
25.75
25.88
26.00
26.08
26.14
26.18
26.66
26.72
26.93
27.12
27.12
27.50
27.43
27.73
27.83
27.72
27.80
27.77
29.56
29.67
29.84
29.67
29.89
30.03
29.85
30.09
30.45
30.61
30.70
30.66
30.87
30.80
31.02
30.92
30.70
30.69
30.44
31.04
31.34
31.16
33.21
33.63
33.39
33.54
34.07
34.30
34.10
33.93
33.88
34.09
34.04
33.81
33.61
33.55
32.60
32.39
32.54
32.54
32.81
32.68
33.23
33.74
33.71
33.98
34.25
34.18
34.45
34.91
34.65
34.69
34.63
34.61
34.67
34.43
34.45
34.52
34.83
34.88
34.85
34.67
34.53
34.50
34.23
34.47
34.74
34.86
34.82
34.55
34.38
34.37
33.88
33.63
33.94
34.41
33.84
33.26
33.47
33.87
33.42
33.14
33.58
30.50
31.47
31.71
29.65
30.75
30.97
30.90
31.58
32.22
32.60
32.57
32.77
33.23
33.51
32.40
32.63
33.79
34.21
33.60
33.41
33.19
33.08
33.20
33.00
33.34
33.35
33.76
34.16
34.25
34.00
