83.27
85.44
83.00
81.75
77.50
85.75
88.56
90.88
92.69
98.50
100.30
101.00
99.75
96.00
102.23
99.38
100.75
99.38
97.25
93.62
98.38
101.00
101.69
104.38
104.94
108.81
108.12
104.38
107.25
106.31
109.94
111.38
108.88
110.00
104.88
105.31
112.44
113.88
111.62
113.19
112.88
115.38
117.00
118.00
117.81
116.12
113.69
117.88
118.81
124.25
119.06
123.25
124.31
129.94
135.00
140.38
142.38
140.12
139.62
140.62
136.50
129.75
129.62
131.38
131.50
129.88
129.25
131.38
137.50
130.00
129.94
123.38
119.19
110.00
126.62
125.61
117.94
111.00
119.73
124.25
117.56
128.00
127.94
125.88
120.12
118.75
119.00
122.25
118.38
114.50
107.12
116.62
114.56
119.75
122.38
123.88
121.88
117.50
117.75
109.62
118.69
115.00
119.25
126.25
126.19
132.81
132.62
131.31
129.25
129.62
127.94
127.81
124.50
130.88
126.73
129.25
128.44
135.94
136.38
138.00
135.25
135.81
133.94
131.94
131.06
130.88
134.12
133.12
131.50
137.75
137.75
138.25
140.25
140.38
144.00
146.62
144.81
144.94
138.94
142.12
138.19
138.73
139.00
138.50
138.00
65.44
67.06
65.25
61.81
66.22
62.62
62.75
62.88
63.19
61.88
64.44
66.81
68.62
68.50
71.00
72.67
72.47
71.44
74.56
73.88
73.25
73.31
73.75
73.88
75.62
71.06
68.06
66.61
67.19
65.56
65.06
61.69
62.50
59.69
58.38
57.19
61.25
62.06
46.75
50.06
46.44
44.62
44.12
43.81
42.94
41.77
41.00
42.12
41.38
40.44
39.19
37.00
37.12
37.11
39.12
36.38
36.25
42.02
41.62
43.69
43.62
42.00
42.00
45.88
45.95
45.69
44.31
46.50
47.12
46.62
46.75
46.25
42.31
38.00
37.00
40.50
41.69
41.25
40.12
41.00
42.44
42.25
42.81
45.44
43.19
42.38
38.50
38.50
35.12
34.62
35.31
32.44
34.75
35.12
36.94
37.75
35.56
34.56
34.19
33.75
32.94
32.00
33.62
33.12
32.69
32.12
30.94
30.69
30.12
34.00
34.06
31.50
32.53
31.62
32.38
33.56
32.19
33.00
30.94
33.38
32.69
33.44
35.69
35.81
34.12
35.25
37.38
37.31
37.06
37.67
35.06
34.56
35.00
35.38
34.31
33.69
34.12
32.56
35.44
34.75
34.06
31.00
30.94
30.38
30.56
29.50
29.38
28.25
28.50
29.88
31.62
32.75
32.94
30.19
28.50
28.25
28.38
29.75
28.44
27.50
27.38
24.75
26.12
29.69
29.50
28.38
28.69
26.88
26.62
26.06
25.31
24.69
24.25
25.06
23.69
23.48
27.90
27.46
26.77
25.25
29.22
30.79
31.97
31.07
29.94
29.00
30.23
29.60
30.85
30.77
31.89
31.14
29.90
31.05
31.49
30.99
30.48
29.03
28.05
27.62
27.00
28.78
28.53
28.37
30.19
29.37
28.84
29.44
28.96
27.34
27.03
27.26
29.12
28.86
29.45
29.71
31.89
30.17
29.70
29.88
28.56
27.34
27.87
28.53
26.31
27.35
27.47
28.00
28.09
29.00
29.23
29.81
29.58
29.94
30.08
29.14
28.53
27.79
27.65
29.35
30.01
30.03
28.57
28.87
29.59
29.41
29.97
28.71
28.97
29.10
29.61
29.51
29.16
30.62
31.41
32.05
30.43
29.95
30.39
29.50
29.52
30.67
30.71
30.28
29.41
29.17
28.07
28.33
27.59
27.89
28.05
29.02
29.22
28.86
27.50
27.02
27.56
26.94
26.76
26.16
25.53
24.26
23.88
23.56
21.46
19.01
20.00
21.56
21.72
20.91
20.74
20.21
20.00
19.30
21.73
21.51
21.38
22.04
21.43
23.39
24.31
24.49
24.53
26.14
24.60
23.99
24.12
25.42
25.19
25.00
26.01
25.60
23.77
23.93
24.53
25.95
26.75
26.79
27.91
28.87
28.18
27.61
29.06
30.47
30.82
30.63
30.81
30.71
29.54
30.58
31.43
31.51
31.92
31.99
32.23
32.29
32.20
33.06
34.50
34.16
32.89
33.35
33.29
33.28
32.59
33.10
34.15
33.33
32.85
32.22
32.16
32.05
32.41
32.94
32.15
31.90
33.50
36.20
36.02
35.34
35.96
35.43
34.82
34.30
34.94
33.96
34.05
33.55
33.55
31.66
32.92
32.87
33.83
33.89
32.87
34.61
34.82
34.63
33.80
33.77
32.80
32.51
32.24
33.11
33.20
33.63
33.42
31.74
31.50
30.34
29.51
29.76
31.25
30.55
30.11
29.09
30.95
32.51
32.84
33.51
33.19
33.82
32.47
32.01
31.26
30.87
31.93
31.71
30.58
30.59
31.10
30.70
30.01
30.47
30.81
30.14
30.58
30.08
30.05
30.68
29.04
29.91
28.65
28.83
29.15
28.21
29.08
31.20
30.54
30.82
29.94
30.17
29.66
28.66
29.43
28.17
28.01
28.57
28.51
27.85
26.50
26.15
27.24
28.65
28.46
27.20
29.92
29.68
30.22
31.00
30.60
30.20
28.91
29.65
28.79
28.56
27.88
27.01
27.92
27.43
26.23
27.60
27.50
22.34
22.28
21.44
20.11
21.61
20.55
21.66
22.14
20.96
20.12
19.08
18.42
19.79
17.50
18.90
18.71
18.35
17.46
16.27
18.70
19.26
18.28
18.26
16.74
18.80
18.04
18.56
19.30
19.26
18.70
18.47
18.40
17.25
18.26
17.68
18.33
18.57
18.92
18.72
17.56
16.68
16.33
17.99
17.59
17.92
17.20
17.40
16.92
18.34
18.06
18.61
19.18
19.23
19.43
18.84
18.10
17.91
17.11
16.58
16.89
16.47
15.81
15.81
16.40
16.03
16.19
16.73
16.36
15.70
15.99
16.16
15.22
15.02
15.11
14.72
14.00
14.56
15.64
14.99
14.25
14.05
14.77
14.29
14.15
13.73
14.04
13.00
13.49
14.39
14.92
15.94
13.53
14.22
14.24
14.22
14.85
15.07
16.35
15.69
17.13
16.70
16.58
17.11
17.10
18.87
18.36
18.49
18.68
18.37
17.96
17.52
17.62
18.87
18.48
19.08
18.31
18.24
19.40
19.81
20.05
20.51
20.57
21.19
21.88
20.90
19.40
20.07
18.61
18.45
17.83
17.94
18.41
17.85
17.69
18.19
17.54
16.98
17.16
16.86
17.02
16.89
16.58
16.44
15.71
16.02
16.67
16.70
17.51
17.17
16.88
17.04
17.85
17.56
17.94
17.45
16.89
16.27
16.21
16.53
16.44
15.49
16.10
15.94
16.63
15.39
15.65
15.57
15.77
15.49
15.53
15.07
15.39
15.28
15.33
15.68
16.41
16.99
17.08
17.04
16.68
16.29
16.52
16.38
16.98
17.13
16.69
16.66
16.86
15.86
15.92
15.97
15.81
16.62
17.41
17.00
18.17
18.09
17.87
18.69
18.08
17.93
17.99
17.61
17.42
16.65
16.38
17.00
17.62
17.63
18.05
17.39
17.15
16.86
17.25
16.82
17.13
17.96
17.99
18.55
18.29
19.05
19.35
18.55
18.34
18.97
18.84
18.37
18.55
19.24
18.98
19.28
18.92
19.33
19.48
19.79
19.91
19.85
19.70
19.15
18.67
18.79
18.93
18.77
18.69
19.85
19.80
20.87
21.00
20.36
21.03
21.09
22.46
21.59
21.91
21.53
22.01
21.96
21.50
21.97
21.30
21.66
21.34
20.70
20.11
20.53
20.30
20.70
21.14
20.87
21.66
21.97
22.24
22.83
23.30
23.07
23.29
24.27
24.44
25.24
24.69
25.10
24.60
24.39
24.37
25.15
24.17
24.92
24.81
24.86
24.80
24.78
24.91
25.12
24.10
23.94
24.15
23.62
24.09
24.50
24.80
25.09
25.10
26.37
26.14
26.69
28.16
27.56
26.96
27.61
28.10
28.18
28.77
28.94
28.32
28.83
28.88
29.00
28.44
27.62
27.81
28.33
28.08
28.94
28.69
29.30
28.60
28.51
28.90
27.94
27.50
27.55
28.17
27.82
28.58
29.27
29.68
29.28
29.92
29.71
30.16
30.71
30.79
32.77
31.50
32.27
31.61
32.28
31.77
30.92
30.96
31.25
31.64
32.51
33.08
32.93
33.33
33.91
33.67
33.90
34.42
34.01
33.25
33.57
33.90
33.84
32.40
32.51
31.91
32.25
32.18
32.50
33.43
33.40
33.14
33.82
34.19
34.07
33.49
32.46
31.93
31.86
30.30
30.50
31.13
31.50
30.23
30.29
30.31
30.99
30.39
30.50
31.07
31.18
31.54
32.23
32.24
32.36
32.52
32.92
33.33
34.17
33.83
34.27
34.33
33.79
32.71
33.37
32.99
32.24
32.27
31.90
31.70
32.30
31.88
31.56
30.88
30.90
30.44
30.95
30.35
30.05
31.10
30.68
30.87
30.95
31.00
30.38
30.84
30.94
30.09
29.99
28.80
29.43
29.54
29.70
29.04
29.75
29.56
29.07
28.96
29.06
27.75
28.04
27.09
27.50
27.57
27.32
27.44
27.74
27.05
26.26
26.50
26.22
26.90
27.78
27.65
27.43
27.42
27.37
28.00
28.30
28.25
28.08
28.08
27.70
27.87
27.21
27.41
26.76
26.41
26.69
26.13
25.97
26.80
27.54
27.23
26.68
26.43
26.22
26.05
26.32
26.43
25.93
25.93
26.29
26.85
27.60
27.39
27.39
26.52
27.20
27.61
27.32
27.73
27.81
27.65
28.06
28.49
28.52
28.37
28.41
27.87
28.40
28.44
28.52
28.78
28.51
28.23
28.25
28.35
27.98
27.50
27.85
27.61
28.04
28.46
27.77
27.92
27.20
27.73
27.39
26.83
26.02
26.12
26.27
26.45
26.06
26.36
24.10
23.47
23.45
22.84
22.98
23.49
22.48
23.04
22.86
23.20
23.12
23.70
23.87
24.04
24.78
24.04
24.05
23.25
22.93
22.67
22.16
21.95
21.50
21.57
21.70
21.40
22.17
21.92
21.82
22.18
21.69
21.86
21.86
21.99
21.40
21.10
21.40
19.97
20.23
19.88
19.90
20.21
20.77
20.83
20.61
20.47
20.29
20.47
21.16
21.00
20.47
20.45
19.97
20.09
19.77
20.17
20.30
21.17
21.04
21.17
21.11
21.05
20.68
20.32
21.36
20.98
20.67
20.56
21.06
20.73
21.64
21.64
21.22
21.40
21.36
21.95
22.33
22.19
22.34
23.00
22.48
23.15
23.22
23.20
22.91
23.03
23.32
23.56
23.63
23.99
24.26
24.68
23.96
23.73
23.54
23.39
23.30
23.04
22.50
23.11
24.43
23.92
23.97
23.49
22.82
22.67
22.66
22.92
23.27
23.01
22.75
22.80
23.06
23.46
23.39
23.65
23.36
23.16
23.23
23.35
23.64
23.19
22.47
22.58
22.73
22.91
22.71
23.22
23.11
22.96
22.87
22.96
22.52
22.58
22.49
22.22
22.49
22.38
22.35
22.45
22.49
22.66
22.49
22.38
22.93
22.95
23.42
23.44
23.23
24.04
24.19
24.31
24.20
23.67
23.77
23.92
23.31
23.66
24.16
24.36
24.40
24.50
24.70
24.68
24.97
24.87
24.93
25.06
24.25
24.35
23.56
23.51
23.61
23.46
23.57
23.02
23.52
23.34
23.34
23.28
23.51
23.34
23.10
23.00
23.21
23.02
23.38
23.30
23.12
23.14
22.74
22.22
22.23
22.51
23.40
22.98
23.27
23.33
23.23
23.18
23.35
23.43
23.50
23.46
23.82
24.13
24.44
24.41
24.61
24.74
24.79
25.00
25.07
25.17
25.71
25.94
25.91
26.50
26.38
26.82
27.12
27.18
27.26
26.80
27.19
27.65
27.40
27.30
27.10
27.21
27.51
26.91
26.92
26.86
26.97
27.39
26.92
26.91
27.31
27.15
26.86
26.15
25.77
26.30
26.41
26.23
26.13
26.72
26.27
26.64
27.39
27.64
27.69
27.90
27.96
28.21
28.62
27.09
27.52
27.16
26.85
26.66
26.85
27.07
27.29
27.24
27.19
27.47
27.48
27.02
26.87
26.80
26.98
26.52
26.42
26.25
26.18
26.06
25.97
25.94
25.75
26.21
25.67
25.47
25.48
25.36
25.65
25.63
25.58
25.38
25.48
25.63
25.67
25.85
25.32
24.86
24.91
24.61
24.76
24.80
24.75
24.82
24.48
24.53
24.46
24.24
23.95
23.99
24.47
24.74
24.64
24.55
24.12
23.85
23.85
23.52
23.08
23.33
23.23
23.18
23.58
22.99
23.59
23.76
23.26
22.94
23.06
23.04
22.98
23.44
23.18
22.74
23.54
23.98
24.08
24.38
24.50
25.21
25.39
25.20
25.18
25.10
25.15
25.32
25.33
25.08
26.14
26.58
26.94
26.95
26.74
26.94
27.13
27.28
27.04
26.67
26.32
25.28
26.19
26.36
26.67
26.59
26.58
26.37
25.80
25.85
25.89
26.00
26.03
25.52
25.41
25.01
25.19
25.60
25.93
26.48
26.39
26.29
26.13
26.05
25.96
25.59
22.87
22.80
22.44
21.92
21.53
21.40
21.40
21.75
21.83
21.69
21.24
21.56
21.14
20.85
20.62
20.78
20.77
21.02
21.18
21.18
21.35
21.36
21.00
20.66
20.42
20.18
20.19
20.47
20.55
20.73
20.68
19.97
20.43
20.15
20.01
20.05
19.83
19.95
19.73
19.79
20.05
19.75
19.45
19.78
19.66
19.98
19.75
19.62
19.75
19.61
19.90
19.78
19.68
19.39
19.34
19.49
19.46
19.30
19.43
19.14
19.19
19.41
19.26
19.32
19.77
19.52
18.93
18.94
19.15
19.39
19.99
20.06
19.64
19.52
19.28
19.43
19.64
19.93
19.85
19.58
19.28
19.06
19.26
18.96
18.73
18.00
18.13
18.13
18.01
17.97
18.13
18.21
17.89
18.05
18.07
18.26
18.05
17.78
17.24
17.11
17.25
16.79
17.49
17.80
18.06
18.51
18.28
18.22
18.45
18.25
18.15
18.65
18.12
18.76
19.28
19.27
19.20
18.81
18.71
18.64
18.06
18.57
17.81
17.72
17.84
17.95
18.25
17.97
17.00
17.18
17.48
17.59
17.74
17.60
18.08
17.89
17.66
17.49
17.61
17.38
17.45
17.61
17.37
17.66
17.54
18.17
18.27
18.68
18.40
18.30
18.17
18.48
18.38
18.45
19.06
19.46
19.63
19.82
19.90
19.95
19.63
19.23
19.26
19.25
19.38
19.78
19.75
19.92
19.46
19.65
19.51
19.45
19.18
19.17
19.39
20.06
20.46
20.90
20.56
20.40
20.50
20.80
20.61
20.52
20.53
20.76
21.11
21.40
21.93
21.19
21.60
21.00
21.18
21.28
21.46
21.55
21.75
21.68
21.02
21.32
21.37
20.64
20.66
20.42
20.78
20.72
20.82
20.49
20.61
21.17
21.93
22.33
22.19
21.87
22.19
21.81
21.46
21.47
20.91
21.21
21.24
21.32
21.09
21.21
21.14
21.01
20.66
20.62
20.68
20.88
20.73
20.99
21.05
20.65
20.70
20.60
20.36
20.03
20.26
20.40
20.34
20.45
20.63
21.09
21.25
21.18
21.09
21.61
21.79
22.10
21.25
20.89
20.62
20.92
20.85
20.60
20.87
20.69
20.80
21.09
20.96
20.98
21.14
21.22
21.37
21.38
21.30
21.42
20.93
20.89
20.96
21.21
21.26
21.06
20.97
21.00
20.83
20.81
20.49
20.05
19.52
19.51
18.98
19.34
19.36
19.28
19.36
19.11
19.29
19.19
19.21
19.15
19.20
19.04
19.05
19.24
19.19
19.26
19.25
18.98
19.01
19.08
19.15
19.22
19.35
19.29
19.88
20.10
20.59
20.38
20.41
20.41
20.67
21.32
21.16
22.05
22.03
21.95
21.99
22.13
21.92
21.78
21.56
21.81
22.11
21.95
21.92
21.98
22.04
22.36
22.32
22.36
22.08
22.05
22.30
22.69
22.70
22.89
22.99
22.72
22.12
22.17
22.07
22.14
22.34
22.24
22.12
21.88
21.32
21.45
21.75
21.86
22.27
22.64
23.98
24.18
24.04
24.22
23.87
24.19
23.75
23.58
23.29
24.13
23.96
23.88
24.31
24.48
24.52
24.81
24.78
24.82
24.75
25.80
25.93
26.06
24.96
25.13
25.28
24.62
24.41
24.68
24.34
23.89
23.62
24.10
23.56
23.77
24.27
24.05
24.04
24.33
24.32
23.85
24.19
24.06
23.78
23.23
23.90
23.80
23.91
24.10
24.29
24.19
24.71
24.25
24.29
24.91
25.56
25.82
25.99
26.02
25.69
25.92
25.51
25.51
25.57
24.94
24.87
24.95
25.63
25.51
26.01
25.98
25.83
25.98
26.09
25.72
26.04
26.28
25.89
25.80
25.80
25.50
25.68
25.88
25.87
25.60
25.64
25.72
26.79
26.51
26.84
25.95
26.62
26.33
26.18
26.26
26.05
26.11
26.37
26.70
26.75
26.58
26.96
27.24
26.89
25.36
25.41
25.59
26.50
25.84
25.53
25.45
25.35
25.23
24.78
25.04
24.75
25.54
26.07
26.66
26.03
25.84
26.89
27.22
27.77
27.56
27.79
27.43
26.98
26.82
26.23
25.92
25.85
26.53
26.76
26.82
27.20
27.36
27.11
26.63
26.28
25.37
23.46
22.80
22.92
22.40
22.57
22.25
22.89
23.00
20.03
20.02
19.39
18.20
18.33
20.15
21.27
19.88
20.44
20.36
20.44
21.40
21.74
20.69
20.14
19.66
19.96
20.40
20.70
21.06
20.96
20.31
20.40
20.18
20.61
20.47
19.75
19.80
20.24
20.54
20.33
20.06
19.65
20.04
20.10
19.81
20.11
20.48
21.17
20.82
21.24
20.17
21.30
21.53
21.47
21.76
22.32
22.03
21.88
21.20
20.71
21.51
22.03
21.70
21.94
21.92
21.39
21.06
21.57
21.81
21.12
20.91
22.43
22.17
22.57
22.50
22.28
22.19
22.58
22.63
22.43
22.63
22.73
22.36
23.61
23.38
23.08
23.60
23.38
23.14
23.36
23.64
23.85
23.92
24.99
25.20
24.55
23.88
23.82
23.74
23.29
23.80
23.27
23.28
23.05
23.30
22.81
23.62
23.66
23.08
22.31
22.54
22.05
22.24
22.45
22.94
22.35
22.21
22.73
22.50
22.20
22.43
22.36
21.60
21.41
21.29
21.63
20.62
20.78
20.70
20.86
19.85
20.28
21.02
20.25
21.03
21.25
21.89
22.20
21.72
22.20
22.05
21.80
21.87
21.67
22.30
21.99
22.42
22.40
22.75
22.94
22.72
23.74
24.10
24.30
24.29
23.91
24.35
24.30
23.81
23.74
23.13
23.20
23.27
22.93
23.10
23.59
23.28
23.27
22.59
21.47
20.35
20.98
20.81
20.71
19.97
19.86
19.46
18.79
19.26
18.78
20.16
19.14
18.64
18.77
18.94
18.22
18.76
18.08
18.50
18.24
17.50
16.97
17.08
15.61
16.71
15.01
16.18
17.43
16.14
15.23
15.36
15.50
15.71
15.19
14.60
13.39
14.06
14.58
15.60
15.49
15.97
16.13
16.18
16.04
14.60
14.08
15.01
14.03
13.55
13.04
14.07
13.21
13.12
13.01
12.28
12.45
13.33
13.78
13.04
13.79
13.46
12.92
12.74
13.36
12.71
13.56
13.64
14.26
14.24
13.70
14.75
14.72
15.41
15.06
14.42
14.48
14.44
14.06
14.21
14.24
14.32
14.71
14.69
15.07
15.09
14.79
14.45
14.59
14.16
13.59
13.46
13.01
13.88
13.56
13.01
12.83
12.85
13.08
13.51
14.13
13.85
13.45
12.82
13.67
13.78
13.65
14.44
14.64
14.78
14.26
13.81
13.91
13.56
13.32
13.33
12.53
12.90
12.17
12.72
13.32
12.50
12.51
12.48
12.70
12.56
12.43
12.33
12.80
14.05
14.24
14.57
14.79
14.32
14.90
15.39
15.19
15.02
15.26
15.08
15.23
15.49
15.09
14.91
14.77
15.38
15.63
15.65
15.60
15.35
15.62
15.81
15.98
15.36
15.84
15.88
15.36
14.98
15.19
15.68
15.61
15.31
15.12
15.20
15.61
15.76
16.29
16.53
16.43
16.31
15.87
15.09
15.49
15.36
15.16
15.54
15.32
15.47
15.81
15.36
15.23
15.01
15.50
15.56
15.75
16.03
16.25
15.97
15.98
16.30
15.86
16.21
16.58
16.49
16.24
16.05
16.05
15.83
16.16
16.05
15.90
15.88
16.04
16.05
16.18
16.45
16.38
16.67
16.87
16.61
16.83
16.31
16.09
15.98
16.15
16.50
17.99
17.94
18.50
18.86
18.90
18.87
19.09
19.13
19.29
19.29
19.29
19.57
19.34
19.48
19.21
19.27
18.93
18.91
18.60
18.70
18.69
18.97
18.97
18.43
18.50
18.55
18.73
18.89
18.97
18.76
19.21
19.35
20.26
20.09
20.22
19.62
19.61
19.43
19.88
19.80
19.88
19.90
19.31
19.54
19.70
19.63
19.52
19.47
19.63
19.63
19.90
19.45
19.41
19.67
19.61
19.49
18.95
19.12
19.30
19.63
19.74
19.84
20.38
20.51
21.26
20.81
20.47
20.29
20.47
20.17
19.87
20.40
19.78
20.01
19.60
19.17
19.31
19.05
18.63
18.61
18.72
18.81
19.15
19.43
19.65
20.00
19.72
20.11
20.10
20.24
19.40
19.16
19.48
19.44
19.49
18.91
19.11
19.46
19.70
19.76
20.19
20.21
20.25
19.99
20.16
20.20
20.02
19.84
19.50
19.24
19.21
19.98
20.15
20.06
20.20
20.41
20.41
20.25
20.60
20.79
20.94
20.81
20.73
20.54
21.11
20.87
20.72
21.11
21.39
20.90
20.99
21.15
20.77
20.24
20.18
20.00
20.30
20.13
19.47
19.68
19.78
19.57
19.10
19.48
19.64
19.59
19.63
19.96
20.62
20.86
20.64
20.72
20.95
20.84
20.52
20.37
20.60
20.68
20.99
20.76
20.60
20.66
20.81
20.68
20.95
21.14
21.31
21.16
21.23
22.06
22.19
22.25
21.87
22.39
22.53
22.69
22.43
22.42
22.40
22.32
22.40
22.48
22.43
22.43
22.38
22.40
22.69
22.65
23.57
23.83
24.06
23.91
24.20
24.10
23.55
23.95
24.08
23.73
23.41
23.33
23.45
22.98
22.93
22.10
22.15
21.26
22.29
22.32
22.60
23.03
22.19
21.75
22.14
21.52
21.02
20.41
20.95
20.12
21.10
21.16
21.68
21.30
21.39
21.96
21.54
20.94
20.22
20.39
20.35
20.31
20.95
21.11
21.41
21.59
21.56
21.67
21.13
20.94
20.62
20.40
20.11
20.00
19.70
19.43
19.21
19.55
19.46
20.34
20.06
20.31
20.97
22.06
21.34
21.43
21.17
21.16
21.57
21.35
21.64
21.68
21.68
21.64
21.39
20.77
20.90
21.01
20.81
20.64
20.45
20.79
20.11
19.53
19.17
19.33
19.14
19.72
19.53
18.97
18.92
18.92
18.56
18.26
18.60
18.23
18.25
17.88
17.94
18.23
18.52
18.36
18.04
18.05
17.95
18.22
18.53
18.73
18.70
19.03
18.89
18.88
19.04
18.85
19.23
19.40
19.31
19.48
19.34
19.47
19.25
19.08
19.21
19.37
19.40
19.59
19.65
19.98
19.31
19.44
19.26
19.01
19.30
19.75
19.79
19.95
19.79
19.93
20.29
20.45
20.35
20.64
20.34
20.66
21.01
21.34
21.20
21.15
20.69
21.44
21.65
21.13
21.02
21.05
20.97
20.92
21.04
21.23
21.24
21.15
21.18
21.46
21.50
21.63
21.61
21.84
21.69
22.01
21.91
22.01
21.40
21.35
21.35
21.31
21.39
21.27
20.95
20.84
20.75
20.81
20.94
20.95
21.03
21.01
21.12
21.19
20.67
20.71
20.71
20.83
21.27
21.26
21.35
21.03
21.07
20.94
20.95
21.03
21.28
21.77
21.76
21.76
21.55
21.49
21.48
21.41
21.47
21.74
21.65
21.53
21.43
21.63
21.63
21.48
21.57
21.68
22.09
21.95
21.70
21.10
21.52
21.75
21.61
21.42
21.66
21.88
21.69
21.26
21.08
20.94
20.63
20.66
20.23
20.03
20.02
19.98
19.90
20.18
20.09
20.51
20.30
20.44
20.27
20.42
20.29
20.38
19.79
19.59
19.86
19.92
20.04
20.07
20.01
19.88
19.64
19.60
19.53
19.67
21.21
21.39
21.37
21.82
22.54
22.45
22.80
23.02
22.81
23.05
23.43
23.46
23.13
22.85
23.29
23.25
23.66
23.32
23.37
23.60
23.32
23.46
22.92
22.89
22.52
22.62
22.46
22.45
22.45
22.01
21.79
21.74
22.04
21.96
21.87
21.73
21.43
21.60
21.68
21.46
21.68
21.19
21.46
21.54
21.20
21.61
21.17
21.42
21.53
21.48
22.21
22.69
22.45
22.89
22.96
22.84
22.62
22.57
22.56
22.27
22.29
22.44
23.10
22.35
22.94
22.94
23.03
22.65
22.47
22.35
22.57
22.01
21.60
21.47
21.00
20.24
20.28
20.27
20.14
20.78
20.75
20.74
20.58
20.15
19.61
19.55
19.36
19.58
19.83
19.43
19.94
20.19
20.23
20.28
19.80
19.25
20.02
20.05
19.75
19.53
20.32
20.89
21.31
21.65
21.77
21.99
22.18
21.55
21.39
22.16
22.50
22.61
22.38
21.93
21.18
20.45
21.25
21.92
22.07
22.48
22.76
23.00
23.02
23.44
23.32
23.17
24.01
23.88
23.86
24.05
24.47
24.80
24.93
24.87
24.57
24.11
24.02
23.79
24.04
23.70
24.48
24.24
24.14
24.31
24.78
24.66
25.13
24.90
24.17
24.03
23.38
23.04
22.55
23.28
23.49
24.28
24.87
25.01
25.03
25.09
25.33
25.45
24.41
24.18
24.05
23.48
23.58
23.47
23.39
23.49
23.95
23.83
24.13
24.45
24.52
24.36
24.43
24.62
24.57
25.06
25.21
25.40
25.71
25.43
25.85
25.69
25.18
25.13
25.52
25.87
26.35
26.70
26.84
26.95
26.66
26.51
26.79
26.74
26.59
26.67
26.55
26.63
26.66
26.91
26.74
26.83
26.57
26.88
26.40
26.86
27.34
27.06
26.56
26.72
26.52
26.93
27.25
27.06
26.90
26.91
26.25
26.58
27.00
26.94
27.00
27.12
27.45
27.50
27.82
27.66
27.65
27.79
27.73
27.94
28.01
28.24
28.13
27.75
28.39
28.04
28.31
27.87
27.87
27.73
27.70
27.68
27.97
28.35
28.26
28.45
27.58
27.87
27.72
27.33
27.35
27.43
27.80
28.11
28.42
28.47
28.82
29.26
28.32
27.83
27.48
27.08
27.34
27.26
27.35
27.05
26.91
26.47
26.24
26.06
26.27
25.47
25.57
25.72
26.04
25.90
25.78
25.40
25.28
25.04
25.51
26.37
25.88
26.55
26.12
26.46
26.58
27.02
27.29
27.59
27.48
27.51
26.88
26.60
26.16
26.11
26.00
26.28
26.51
26.72
26.81
26.44
26.05
25.85
25.57
25.16
24.80
25.23
25.33
25.20
26.35
25.87
25.05
25.19
25.02
25.59
25.68
25.98
25.76
25.83
25.74
26.25
26.22
26.46
26.48
26.64
26.70
26.76
26.80
26.23
26.44
26.57
26.22
26.33
25.89
25.58
25.05
24.86
24.79
24.93
24.57
24.50
25.03
24.40
24.47
24.13
23.95
23.30
23.39
23.01
23.45
23.29
23.31
23.50
23.09
23.22
22.93
22.95
22.57
22.76
23.06
22.75
22.89
22.86
22.58
22.66
22.62
22.16
21.90
21.87
21.58
21.53
21.99
21.27
21.82
21.67
21.40
21.32
21.73
21.58
21.77
22.01
21.76
22.39
22.02
21.73
21.54
20.90
20.81
20.88
20.57
20.42
20.01
20.07
19.99
19.88
19.52
19.53
19.69
19.95
19.89
19.83
19.63
19.88
19.63
19.94
19.99
20.33
20.15
20.16
20.86
20.63
20.52
20.55
20.68
21.07
21.21
20.66
20.65
20.74
20.70
20.35
20.25
21.15
21.40
21.36
21.28
21.23
21.22
21.61
21.80
21.98
21.95
21.91
22.12
21.36
21.28
21.20
21.10
21.04
21.01
21.09
21.29
21.30
21.19
21.30
21.14
21.16
20.97
20.90
21.00
21.03
21.22
21.13
21.23
21.18
21.09
20.75
20.32
20.57
20.49
20.60
20.91
20.79
21.16
21.34
21.53
21.80
21.95
21.53
21.66
21.56
21.74
21.61
21.24
21.26
21.31
21.01
21.15
21.39
21.28
21.62
21.85
21.67
21.52
21.45
21.05
20.94
20.89
21.11
21.72
21.73
21.74
21.50
21.47
21.79
22.05
22.27
22.48
22.98
23.28
23.65
23.31
23.44
23.72
23.82
23.73
24.22
24.17
23.97
24.04
24.20
24.42
24.41
24.08
23.89
24.06
24.12
24.08
24.10
24.13
23.88
23.92
24.16
23.96
24.28
24.23
24.88
25.56
25.11
24.75
24.40
24.71
24.83
24.96
24.46
25.02
25.11
25.07
25.49
24.73
24.31
24.08
23.83
24.20
24.10
23.93
24.35
23.87
23.70
23.95
23.86
23.30
23.14
23.56
23.95
23.84
24.00
24.30
23.47
23.11
23.07
22.85
22.93
22.85
22.94
23.17
23.30
23.37
23.41
23.18
23.00
22.88
22.71
22.75
22.41
22.48
22.69
22.40
22.28
22.06
22.08
22.31
22.54
22.26
22.34
22.40
22.12
22.20
22.24
22.24
22.21
22.38
22.68
22.69
22.72
23.07
22.91
22.78
23.05
23.63
23.69
23.85
23.96
23.94
23.70
23.58
23.78
23.75
23.21
22.72
22.94
22.71
22.82
22.60
22.71
22.87
22.51
22.99
22.83
23.09
23.40
23.26
23.58
23.86
23.94
24.17
23.93
23.86
24.11
24.18
24.40
24.53
24.52
24.51
24.32
23.92
24.06
24.37
24.03
24.04
23.99
24.25
24.43
24.40
24.61
24.74
24.70
24.61
24.50
24.02
23.79
23.64
23.90
24.00
23.69
23.52
23.82
24.97
24.84
24.89
24.74
24.72
24.21
24.33
24.42
24.71
25.12
25.11
25.27
25.38
25.43
25.75
25.67
25.81
25.78
25.86
25.77
25.54
25.64
25.42
25.50
25.63
26.01
26.72
26.64
25.36
25.79
25.39
25.17
24.88
24.77
24.71
24.75
24.75
24.45
24.50
23.99
23.70
23.60
24.20
24.11
24.35
24.51
24.43
24.58
24.67
24.65
24.54
24.95
24.51
24.67
24.74
24.80
24.79
24.55
24.72
24.70
24.57
24.70
24.61
24.78
24.65
24.80
24.48
24.64
24.68
24.85
25.00
25.61
25.21
25.19
25.59
25.36
25.41
25.65
25.80
25.96
26.15
26.49
26.30
26.36
26.93
27.01
26.27
26.31
26.51
26.98
26.88
27.05
26.91
26.80
26.81
26.65
26.17
26.36
26.32
26.51
26.56
26.16
26.16
26.26
26.32
26.37
26.41
26.49
26.49
26.33
26.05
25.75
26.02
26.10
26.21
26.15
26.33
26.70
26.91
26.94
27.31
27.22
27.51
27.56
27.78
28.10
27.85
28.14
27.86
29.75
29.72
29.88
29.88
29.97
30.07
30.10
30.16
30.48
30.81
30.87
30.87
30.99
30.99
31.08
31.09
31.00
30.84
30.60
31.26
31.41
31.58
33.31
34.20
33.80
33.55
34.16
34.68
34.38
34.15
34.23
34.27
34.31
34.09
33.75
33.79
33.76
32.60
32.93
32.78
32.82
32.91
33.24
34.05
34.10
34.26
34.50
34.23
34.46
35.20
35.09
34.79
34.89
34.61
34.81
34.76
34.82
34.53
34.92
34.96
35.29
34.85
34.79
34.90
34.71
34.47
34.91
35.12
35.16
34.78
34.71
34.40
34.68
34.26
34.06
34.90
34.61
33.96
33.66
34.15
34.04
33.49
34.15
32.62
31.72
31.99
30.54
30.89
31.20
31.04
31.67
32.66
32.72
32.72
33.08
33.23
33.76
33.58
33.74
33.81
34.25
34.05
33.69
33.98
33.43
33.36
33.23
33.35
33.75
33.82
34.19
34.69
34.14
