64.94
61.12
59.94
58.50
61.56
64.00
64.38
63.19
64.19
65.25
63.00
62.38
61.06
59.50
62.50
59.38
56.88
57.00
54.94
52.62
53.50
53.88
54.25
53.00
51.19
51.00
51.88
50.75
50.12
48.81
50.62
52.69
54.00
54.25
53.62
53.50
52.88
50.50
50.75
52.00
50.94
50.75
50.56
52.31
50.12
50.50
48.50
47.81
48.50
49.56
50.06
54.88
56.00
54.62
55.75
57.50
55.88
57.50
58.88
57.00
57.38
57.50
60.00
63.19
63.00
62.25
61.06
61.50
60.94
62.88
64.12
64.12
57.12
58.00
58.75
59.12
60.00
65.00
65.00
64.19
60.50
62.00
61.44
62.44
61.25
61.44
62.00
65.06
62.38
62.94
61.62
63.62
63.50
64.88
65.75
64.94
63.50
63.00
62.44
61.88
59.88
60.12
58.69
58.94
59.00
62.81
61.12
60.75
61.62
58.00
57.50
58.75
58.75
58.00
59.81
59.12
59.25
57.00
57.12
58.00
56.50
57.75
57.00
56.50
56.06
54.94
57.50
58.50
58.75
57.94
58.81
59.38
59.19
60.25
61.00
60.88
60.25
60.00
57.50
57.38
58.62
59.00
58.50
57.50
57.50
58.00
59.12
59.12
58.19
57.56
59.50
60.94
61.75
61.12
61.31
60.25
61.00
61.00
60.88
62.94
62.12
63.75
63.50
64.12
63.62
63.19
63.56
62.50
61.00
62.69
61.12
61.19
64.88
63.38
61.88
62.12
62.94
64.00
65.00
64.50
64.88
63.00
61.50
62.75
66.00
67.12
67.31
69.50
71.00
68.88
68.75
70.75
70.31
72.88
71.75
70.31
71.50
71.38
67.75
69.81
72.31
69.56
67.25
61.62
65.62
64.00
64.81
64.50
67.00
67.50
69.00
69.19
68.88
68.25
67.69
69.75
68.06
67.94
67.81
65.50
66.19
67.25
67.56
68.94
69.44
69.75
69.50
70.00
72.75
69.94
69.12
69.25
70.38
70.50
73.75
75.94
74.69
76.00
74.88
72.62
74.38
71.75
70.75
72.06
74.00
73.00
72.88
74.75
76.00
77.44
79.12
79.00
77.75
74.75
76.12
74.00
71.38
73.56
70.25
73.06
73.88
71.00
72.38
72.12
72.00
71.75
71.88
73.00
74.19
75.62
74.30
74.25
75.00
74.98
74.40
74.25
73.95
74.36
74.35
76.00
75.75
75.05
77.25
77.50
79.00
79.00
78.40
79.12
77.70
76.40
78.50
79.75
77.60
77.76
79.00
80.90
80.38
81.95
82.08
81.20
78.50
77.10
77.00
76.00
71.60
73.55
71.70
69.50
67.35
68.00
71.76
73.90
73.20
74.75
73.60
72.60
70.60
72.60
74.00
74.00
73.00
74.25
73.90
75.35
75.05
76.60
77.85
76.10
77.50
76.55
76.75
77.00
77.35
78.75
78.00
79.90
79.00
78.11
77.90
78.64
77.60
77.50
79.00
79.90
79.70
79.25
82.65
84.65
86.50
85.80
85.07
85.25
84.24
84.00
83.40
82.00
83.00
83.30
84.65
85.65
82.75
83.20
81.75
80.48
80.42
79.00
77.25
76.50
78.00
74.74
74.40
74.40
74.30
73.50
73.80
74.50
74.00
73.05
71.00
73.45
73.30
73.00
73.00
71.95
72.80
74.40
75.15
75.30
75.50
76.50
76.00
76.20
75.40
74.85
73.70
73.25
73.30
72.90
74.00
73.00
72.65
72.25
72.70
73.15
71.65
72.45
73.99
73.75
73.00
70.40
74.00
72.00
73.06
72.87
72.86
73.00
72.99
72.51
71.11
68.95
67.88
68.90
68.00
68.00
67.30
67.00
56.00
48.10
48.65
46.50
41.65
42.21
44.61
46.90
44.65
45.50
46.20
47.24
48.95
51.75
52.25
51.64
51.75
51.20
53.50
52.30
52.50
53.90
54.10
51.45
50.60
51.55
53.25
52.94
52.85
54.47
57.00
54.00
53.46
53.90
53.25
54.40
55.25
56.46
56.35
56.80
56.00
56.75
57.50
57.50
57.75
58.50
59.40
58.80
58.65
58.65
60.00
59.10
59.15
61.50
59.25
60.00
61.15
61.90
61.62
60.30
60.47
60.92
60.75
60.90
62.25
62.95
63.11
64.80
63.90
64.20
64.10
64.64
65.80
65.10
64.70
64.80
66.01
65.90
65.85
65.35
65.42
64.95
62.90
62.24
61.29
61.25
63.35
64.10
65.00
64.30
66.00
66.30
67.90
66.25
66.46
69.00
68.85
67.00
67.75
67.85
67.13
68.70
68.90
68.25
70.00
70.00
69.52
68.22
70.00
69.15
69.70
70.90
72.00
73.80
72.85
74.21
76.90
73.90
75.35
75.30
75.32
75.25
75.00
74.00
74.65
74.05
74.10
74.10
73.00
72.71
73.10
71.70
71.80
73.90
74.00
74.00
74.00
72.95
73.80
72.50
73.95
73.35
74.65
74.50
73.00
72.85
72.75
69.95
68.00
69.00
69.50
69.00
68.15
69.15
68.60
68.75
69.50
69.55
69.76
69.55
67.65
69.20
69.75
69.80
69.20
70.75
70.65
70.46
70.10
70.05
69.80
68.15
69.00
69.20
69.05
68.10
68.00
68.50
68.80
66.50
66.40
68.50
67.30
68.75
69.60
68.60
69.75
67.90
68.26
69.10
69.60
69.95
67.95
64.60
66.50
65.30
65.25
66.50
67.75
66.32
65.40
67.40
69.25
67.95
67.40
64.00
64.19
63.10
62.00
64.00
64.95
64.45
61.75
61.00
61.00
64.51
66.25
66.30
70.00
70.20
69.25
68.00
65.71
64.30
65.80
67.60
68.00
67.90
67.70
62.10
61.00
62.50
61.31
63.11
62.80
61.70
62.05
60.48
60.80
60.20
58.50
58.85
58.90
56.40
57.50
57.40
58.45
59.35
62.50
62.10
59.40
57.75
60.00
57.70
56.85
58.00
57.10
57.00
56.75
57.78
59.10
56.67
57.00
58.90
56.75
56.00
52.25
51.80
50.50
49.19
52.16
54.20
55.95
55.23
57.50
59.90
60.38
62.10
61.04
62.75
60.50
61.95
60.30
61.75
62.60
60.85
63.38
63.05
64.70
65.50
64.45
62.00
61.50
62.23
63.00
62.66
63.40
61.75
62.10
64.25
65.20
63.62
64.00
63.10
63.70
63.80
62.30
61.80
62.21
60.25
61.21
60.75
60.08
61.40
61.90
60.10
61.65
61.20
61.20
62.08
61.25
61.20
61.27
62.18
61.14
61.73
62.30
63.66
64.97
64.25
63.64
63.50
64.15
64.49
64.15
63.90
65.30
66.00
66.70
64.99
64.50
64.65
63.05
62.90
63.86
63.79
62.55
64.05
64.40
65.03
64.25
64.70
63.65
63.99
62.63
60.50
60.10
62.30
61.75
62.45
61.50
61.60
59.00
59.70
57.94
59.00
58.59
57.55
56.65
56.98
55.15
56.25
55.97
54.24
55.20
58.25
57.60
61.45
61.75
61.80
62.50
62.53
61.85
61.45
60.35
60.02
57.60
58.45
58.89
60.60
59.85
62.64
60.75
60.10
60.06
61.75
60.95
62.72
63.25
62.28
60.50
59.30
61.33
61.00
60.93
60.72
61.50
61.89
61.81
61.45
63.15
62.25
62.95
63.19
64.21
64.90
66.85
67.90
67.85
67.76
67.05
66.63
65.00
65.69
66.20
66.05
68.48
67.88
67.15
68.82
69.66
69.39
69.86
71.00
70.56
71.00
70.95
73.30
72.90
72.48
73.60
72.20
73.20
72.58
71.62
70.95
71.06
70.54
70.48
70.55
70.22
71.72
71.90
72.49
72.45
73.70
72.35
72.04
73.62
72.64
72.30
74.05
74.52
74.25
73.90
75.55
76.30
74.35
75.64
76.66
76.73
76.40
75.23
75.65
75.40
74.30
73.45
72.82
73.42
73.15
74.25
74.70
76.80
77.20
77.55
78.40
77.65
79.95
78.30
77.98
78.01
78.70
79.75
80.13
79.75
79.70
79.49
78.97
79.50
78.50
78.28
78.29
78.50
78.40
79.40
79.26
79.44
78.50
78.44
79.10
78.24
78.17
78.50
79.06
78.00
79.65
80.45
81.80
81.39
81.43
83.45
82.60
82.50
83.75
84.26
83.70
84.40
84.50
84.35
83.35
82.89
82.55
83.35
83.94
84.36
84.78
85.75
85.25
85.68
86.10
86.27
87.50
86.75
85.43
85.05
85.55
86.30
85.90
85.20
82.60
83.09
83.55
84.40
84.85
85.59
86.32
86.60
87.19
87.70
87.35
87.97
87.60
88.95
88.49
88.12
89.95
92.38
91.70
93.53
93.30
94.60
94.00
96.20
94.98
94.40
94.90
95.40
94.71
94.83
94.90
94.90
94.60
94.80
94.55
93.75
93.30
93.90
95.55
96.15
96.93
94.70
96.30
95.35
94.25
95.11
95.92
95.51
94.85
95.58
95.95
95.75
93.90
94.00
94.21
94.40
95.00
95.71
95.12
95.47
96.00
97.55
97.60
96.62
93.90
91.20
91.43
90.18
91.30
91.30
89.55
89.90
89.70
90.35
89.85
88.25
86.40
85.90
89.00
88.80
88.65
88.10
87.82
85.41
85.45
84.55
84.82
85.55
86.60
85.90
85.70
86.40
87.10
88.20
89.00
89.50
90.98
89.95
89.60
87.55
88.42
88.11
88.43
88.15
85.25
85.27
88.05
89.20
89.50
89.80
88.85
87.08
86.55
86.60
85.90
85.75
85.50
84.15
83.15
82.95
84.00
83.50
82.50
82.10
82.30
82.05
81.60
81.85
82.70
84.00
83.05
84.10
84.28
84.94
85.03
85.35
86.15
87.07
88.00
88.00
88.03
88.50
89.28
88.73
89.10
89.72
88.20
87.10
89.62
89.77
89.45
89.14
90.95
91.64
90.62
89.40
88.01
88.52
88.55
89.59
90.37
89.70
90.15
91.50
91.00
89.90
91.82
92.40
92.41
93.85
93.25
94.00
94.99
94.00
93.25
93.37
93.00
93.28
90.60
90.00
90.00
90.85
91.15
91.33
90.87
92.98
91.57
92.79
92.35
93.95
93.70
93.82
93.95
93.58
93.20
93.38
93.91
93.94
95.65
95.00
94.90
94.95
94.35
94.95
94.58
94.40
94.42
95.70
95.45
95.25
95.16
93.50
92.50
92.08
91.58
92.27
92.60
93.90
95.25
94.17
93.77
93.35
92.35
92.86
92.00
92.80
90.53
90.72
91.45
89.95
90.05
89.90
91.04
90.90
91.65
92.40
92.80
92.25
93.00
94.80
94.55
94.99
96.00
97.25
97.20
97.85
98.25
97.40
97.85
97.98
97.75
97.75
97.65
97.40
97.23
97.45
97.34
97.25
97.10
98.00
99.10
98.70
98.43
98.00
96.65
98.19
100.25
101.68
102.88
102.70
101.90
102.00
104.50
103.65
103.40
105.40
105.75
104.95
105.17
104.35
103.45
103.22
103.00
102.12
100.80
101.25
99.85
99.20
100.25
101.94
100.60
100.55
102.00
100.80
100.75
100.28
99.37
99.75
100.35
102.17
102.01
100.40
99.47
99.63
100.20
101.45
99.75
100.75
100.49
102.25
100.90
101.31
102.33
102.70
101.50
100.40
99.58
99.90
100.42
100.50
99.87
99.02
99.95
100.68
101.15
101.42
102.26
101.15
101.90
101.43
103.00
102.31
102.00
103.33
104.00
103.85
102.89
102.35
102.18
101.92
101.40
102.30
102.14
100.35
99.70
100.05
100.77
101.68
101.42
100.57
102.08
100.83
99.66
97.75
98.60
101.00
100.00
102.39
102.28
102.00
101.07
100.69
100.60
101.90
101.04
101.39
102.12
102.50
102.02
102.77
101.81
104.22
102.21
101.40
102.53
104.58
105.42
105.45
105.15
107.14
106.67
107.50
107.62
107.48
106.92
107.25
106.60
106.25
107.00
107.15
105.86
105.75
52.25
53.25
52.94
52.18
53.30
52.71
53.15
52.99
52.97
52.38
51.76
51.79
53.00
52.33
51.40
51.39
51.56
50.10
50.85
51.90
51.69
51.33
51.55
51.84
51.71
51.90
51.25
52.10
51.67
51.35
50.55
50.31
51.50
51.29
50.00
50.25
50.25
50.08
49.63
49.78
49.35
50.18
50.33
51.99
51.50
51.79
51.37
51.40
51.75
51.90
51.88
51.55
50.76
50.46
49.87
50.02
49.78
49.75
50.07
50.98
51.00
51.00
50.87
51.43
51.44
51.44
51.05
51.15
51.34
50.88
50.55
50.75
50.89
52.00
51.79
51.87
51.67
51.51
51.64
51.70
50.40
50.25
50.00
50.10
49.85
49.95
50.13
50.75
51.35
50.86
50.00
51.98
51.82
51.05
51.49
51.00
50.90
50.55
51.37
51.03
50.95
51.30
51.95
51.75
51.65
51.53
52.74
52.96
53.35
53.56
53.44
53.74
54.45
53.70
53.75
54.47
54.67
54.36
54.45
54.20
54.20
54.55
55.00
54.74
54.72
54.93
55.47
55.97
55.50
56.30
57.15
58.18
57.78
57.22
57.60
57.55
57.90
57.50
56.75
56.80
56.05
56.45
56.80
56.30
56.45
56.37
56.44
56.70
55.75
55.55
55.85
56.15
55.65
55.98
55.01
55.76
56.45
57.47
58.24
58.54
58.00
58.12
58.20
57.76
57.35
57.21
56.79
56.84
56.93
57.15
57.34
57.92
58.10
58.30
58.25
58.94
58.88
58.35
58.88
58.70
58.50
58.50
57.92
57.90
57.65
57.90
57.53
57.10
57.95
58.05
58.06
57.83
58.68
58.65
58.40
58.55
59.23
59.10
59.16
59.35
58.85
58.23
57.93
58.08
57.93
58.00
57.98
58.38
57.87
58.05
57.56
56.62
57.00
57.75
61.30
63.29
64.95
63.79
64.60
64.16
63.31
64.15
63.00
63.15
63.85
63.73
64.30
65.00
64.95
65.20
66.03
65.49
64.95
65.10
64.85
63.55
62.97
62.70
62.98
62.62
62.39
62.70
62.65
62.74
62.85
63.20
62.53
61.26
60.89
60.13
60.20
60.20
59.28
59.30
59.50
60.90
61.70
61.19
60.70
61.27
61.53
62.19
61.34
61.30
61.50
63.29
64.00
63.99
64.05
63.75
63.30
63.00
64.15
63.27
61.44
59.01
59.36
59.35
61.95
60.30
60.16
61.15
62.04
62.22
61.80
61.85
62.19
62.09
62.25
63.24
62.71
63.09
62.32
60.01
60.11
60.88
61.08
61.25
61.79
62.34
61.48
61.36
60.66
60.91
60.50
60.43
61.30
61.90
62.16
63.00
62.75
63.62
62.91
62.68
63.36
62.76
63.00
63.60
63.85
64.40
63.82
64.15
63.92
62.53
62.74
63.81
63.68
63.38
63.29
63.42
63.66
64.69
65.30
65.84
65.47
65.45
65.30
65.93
66.15
66.50
67.20
65.26
65.26
65.49
65.02
64.56
65.29
65.24
65.00
65.18
65.82
65.70
63.85
64.87
64.50
65.28
65.51
65.37
64.69
65.18
65.33
65.31
65.94
66.77
65.91
65.71
65.72
65.70
65.95
64.65
64.53
64.89
64.38
64.22
64.84
64.78
65.19
64.80
64.64
65.20
65.15
62.75
62.42
62.41
62.17
62.66
63.22
62.63
62.50
63.59
63.13
62.80
62.60
62.60
62.60
62.46
62.97
62.22
62.99
63.49
64.82
64.68
64.83
65.40
64.95
65.20
65.98
66.97
66.11
65.62
65.94
66.83
68.05
68.75
67.99
68.03
68.41
68.51
68.15
67.59
67.05
67.35
68.51
69.27
68.84
68.00
67.51
67.25
67.80
66.25
65.51
64.68
64.70
63.75
63.83
64.17
64.61
64.80
64.50
65.20
64.46
64.66
64.64
65.38
65.28
65.49
66.14
65.88
67.20
66.19
65.95
65.51
64.86
65.03
65.23
65.48
64.77
65.00
65.01
64.40
63.93
64.74
65.54
65.99
67.08
67.00
68.49
67.55
68.07
67.91
67.87
67.35
67.83
66.98
67.50
68.26
68.29
68.15
68.63
68.20
68.60
68.09
68.38
68.52
68.52
68.52
69.65
68.91
69.00
69.25
69.00
68.07
68.82
68.56
69.62
70.90
70.33
70.55
70.25
69.91
68.98
69.85
69.99
69.88
70.33
71.90
72.49
72.19
72.19
71.69
72.05
71.32
71.36
70.24
71.28
71.58
71.47
72.50
72.39
72.29
72.32
71.88
72.06
73.06
74.25
75.86
77.55
76.00
76.18
77.19
76.57
75.74
75.08
74.76
74.74
72.92
75.00
73.05
74.37
74.97
76.58
74.84
74.07
74.04
71.46
73.08
74.05
72.61
70.59
72.54
73.70
74.59
73.14
73.81
73.36
74.06
73.30
72.23
73.41
74.47
74.75
73.90
73.74
74.00
74.29
74.70
74.75
75.32
75.05
75.70
75.91
78.27
78.51
79.59
79.44
78.69
79.91
80.50
80.31
80.48
82.00
80.40
79.60
80.24
80.84
80.30
81.32
80.86
79.58
81.17
80.13
80.08
76.77
77.27
75.49
76.45
75.81
76.75
76.11
75.67
75.55
75.88
75.11
74.90
75.00
76.17
76.11
74.82
74.31
73.23
74.40
75.69
74.77
74.60
73.85
73.80
72.71
73.12
73.44
73.14
74.71
75.75
76.17
74.02
74.33
76.20
76.82
77.87
78.13
78.83
78.26
76.56
77.10
76.48
75.80
76.05
76.20
76.59
77.78
78.16
78.08
77.25
76.77
76.64
75.31
75.69
75.33
75.19
71.66
71.56
71.87
72.11
71.94
71.28
70.98
68.58
65.48
66.30
71.41
73.53
72.45
74.27
72.95
71.65
73.50
74.12
72.90
72.70
71.53
71.22
71.47
71.88
73.36
73.69
72.50
72.49
71.46
72.17
70.69
72.42
72.92
73.05
72.55
71.24
69.94
68.90
68.29
69.53
68.49
67.60
67.59
68.50
67.39
69.15
66.29
68.88
69.62
68.85
69.42
70.42
69.90
70.01
69.74
68.66
69.24
71.73
71.12
70.73
72.10
71.35
71.70
70.68
70.69
69.37
70.50
71.15
71.33
72.13
71.98
71.65
71.85
72.00
73.00
72.53
73.09
73.11
72.50
74.90
74.69
74.48
74.86
73.35
73.63
73.17
74.61
75.08
74.85
74.26
73.79
74.10
73.67
72.02
71.26
69.87
71.03
69.96
70.30
70.43
70.97
69.41
69.44
69.43
67.36
67.20
67.05
67.32
68.46
68.35
69.37
67.85
68.17
68.43
69.23
68.70
67.90
65.41
62.73
61.15
60.90
61.02
60.08
61.19
60.50
61.96
61.12
61.31
61.30
60.68
60.16
64.50
65.00
64.48
64.09
65.47
65.94
64.39
65.48
64.04
65.64
65.80
64.07
63.47
64.16
65.39
65.83
64.89
66.69
66.96
66.14
65.71
66.35
67.11
65.29
64.98
64.10
64.88
65.70
64.65
64.86
65.39
66.34
66.43
67.80
66.72
64.48
65.27
65.56
64.45
62.99
63.41
62.83
62.16
62.27
61.33
64.51
63.53
61.70
59.63
60.11
58.12
59.89
57.33
59.48
58.45
56.36
53.88
52.54
48.80
50.74
45.01
49.30
57.63
51.39
49.70
52.73
51.35
51.20
49.83
48.96
45.18
46.68
46.25
51.80
53.96
54.00
54.96
56.00
56.46
53.18
50.92
53.02
51.41
50.80
49.80
51.29
49.61
47.65
49.14
45.30
43.78
47.17
50.00
46.19
47.56
47.93
46.43
45.82
46.74
46.66
50.11
48.43
48.45
47.18
45.81
49.49
50.65
50.90
50.78
52.20
50.65
52.00
50.79
51.22
50.92
51.78
53.15
53.46
54.32
54.60
53.65
53.17
53.85
52.67
52.08
49.90
50.03
50.55
50.90
49.59
48.66
47.45
47.90
49.26
49.44
50.00
48.74
47.26
48.24
48.27
47.23
48.17
49.09
49.25
47.26
46.60
47.14
45.97
45.75
45.20
44.03
44.14
42.37
42.66
41.75
40.61
40.23
39.48
39.17
38.09
38.24
38.03
38.29
40.85
40.82
41.46
40.89
41.20
41.49
42.27
41.61
41.36
42.96
43.49
43.80
45.02
43.60
42.63
42.45
44.93
46.26
45.30
45.58
45.28
45.81
46.84
46.00
45.40
47.16
47.74
46.63
47.25
47.63
46.79
48.26
48.87
47.69
48.47
49.48
49.27
49.62
50.90
52.34
52.28
52.42
52.70
52.89
51.44
50.80
51.38
51.16
52.84
52.69
51.04
50.78
51.04
52.84
51.86
52.53
53.49
55.21
55.12
54.86
55.89
56.25
56.57
56.05
55.71
55.34
55.31
54.75
54.46
54.67
55.22
53.85
52.82
52.27
50.63
51.74
51.80
52.40
52.15
51.70
49.87
50.89
49.74
50.19
49.21
49.85
51.60
52.23
53.80
53.83
54.04
54.45
53.81
53.25
53.38
52.16
51.84
52.14
53.70
54.26
54.12
55.00
54.85
54.53
55.57
55.46
55.95
55.71
58.08
57.21
56.76
56.30
55.88
55.96
57.68
58.93
59.41
59.70
59.62
60.29
59.28
59.35
58.99
58.86
59.68
60.74
60.49
61.25
62.04
61.51
61.67
61.70
61.92
62.72
62.47
63.21
63.48
62.93
62.19
61.90
61.66
61.17
60.83
59.38
60.00
60.88
60.86
61.60
61.84
62.32
61.47
62.74
63.46
64.16
65.03
64.41
65.14
65.26
66.00
65.81
65.02
63.78
62.71
63.42
61.71
62.17
63.55
64.03
65.36
65.63
66.74
66.86
67.15
66.86
68.30
69.38
69.74
68.48
67.73
68.52
68.50
68.47
66.93
67.17
68.00
67.73
68.05
67.79
68.32
68.52
67.74
67.78
68.82
69.90
69.78
70.40
70.06
69.90
69.55
69.38
69.36
69.68
70.30
70.59
70.30
70.67
70.21
71.64
70.56
70.01
70.26
70.73
71.80
71.82
72.24
72.83
71.99
72.01
71.45
69.87
69.51
68.00
67.26
67.69
67.39
67.76
67.89
67.82
67.87
66.38
66.28
66.20
66.52
66.36
65.90
66.06
66.30
67.53
68.24
68.84
68.38
68.19
67.57
68.67
68.84
69.89
69.84
69.66
70.57
71.19
71.51
71.97
71.95
71.79
71.51
71.97
72.63
72.08
73.24
72.66
72.72
72.98
73.41
73.46
73.79
74.22
73.93
73.87
74.32
74.54
74.55
73.69
73.71
74.36
73.58
73.33
73.89
74.66
73.46
74.13
73.63
76.63
76.52
76.57
76.21
74.64
75.31
76.02
75.26
75.61
73.59
73.05
70.85
72.54
72.34
73.05
73.11
72.35
71.71
71.56
70.16
67.80
64.58
66.66
64.34
66.82
67.34
68.25
66.59
66.47
67.76
66.62
65.26
63.25
64.45
64.53
64.93
66.49
67.02
68.18
68.65
68.65
70.34
69.30
68.18
67.89
67.43
67.91
66.09
64.99
64.85
64.45
64.81
64.60
67.07
67.28
67.18
67.18
67.63
67.96
67.95
66.42
65.75
67.67
68.01
69.48
70.62
71.96
71.07
71.48
70.56
72.04
72.25
72.21
72.38
72.40
73.34
72.82
72.16
70.35
70.27
70.20
70.85
70.34
69.62
67.55
68.54
66.33
65.14
65.51
65.99
66.47
65.12
66.03
67.11
68.03
68.01
68.06
69.35
68.90
69.33
68.72
68.70
68.16
68.94
69.70
70.53
70.43
69.96
70.44
71.34
71.15
71.30
71.82
71.68
71.94
71.31
72.38
72.82
72.99
73.11
72.60
73.51
74.19
74.34
74.27
73.80
72.01
74.32
75.25
75.46
74.47
74.22
75.01
74.32
75.27
75.21
75.24
76.01
76.49
76.52
76.69
76.53
75.87
74.94
75.02
74.80
73.73
74.35
75.09
74.90
74.37
74.76
75.61
74.72
74.11
76.54
78.39
78.42
78.58
79.41
78.66
78.14
78.49
78.84
77.82
78.71
78.83
78.83
79.38
79.03
79.38
79.49
79.37
79.57
79.46
78.92
78.80
79.19
78.59
78.59
79.41
79.14
78.27
78.60
79.57
79.49
79.20
79.28
79.67
79.62
79.90
80.26
81.46
81.68
81.94
82.87
81.80
81.63
81.84
82.16
82.33
82.85
83.11
83.72
84.37
84.64
85.07
85.11
84.86
84.67
84.74
84.54
83.76
82.62
83.33
83.58
83.73
82.28
82.44
83.68
83.03
82.58
83.13
82.17
80.64
80.74
78.48
79.32
79.38
80.50
81.30
81.52
80.86
81.99
83.01
83.75
83.57
84.42
83.98
85.09
85.67
85.00
85.81
85.45
85.63
85.00
84.51
84.48
83.73
84.08
82.62
81.72
84.82
86.14
87.00
86.78
87.97
87.91
89.16
90.03
89.71
89.95
89.09
89.64
88.88
89.81
89.89
89.14
89.91
88.46
88.61
87.05
87.64
88.10
86.41
86.10
85.37
86.06
86.57
87.00
87.27
84.32
83.11
82.93
83.95
83.63
83.33
83.61
82.92
83.36
83.20
83.34
84.99
84.36
85.79
85.27
84.32
85.10
84.01
85.87
87.25
86.71
88.72
89.86
89.63
91.01
90.50
89.35
89.44
88.70
87.91
88.12
88.01
87.98
87.65
88.48
88.81
86.65
87.03
85.51
84.10
82.19
83.31
81.67
78.94
78.12
75.29
71.93
67.96
69.81
67.55
69.89
73.21
72.67
72.75
69.86
67.17
69.02
68.22
69.68
71.54
70.26
72.68
73.79
74.49
74.32
71.64
68.57
72.08
72.43
71.58
69.74
71.59
72.81
74.44
76.14
74.22
76.21
75.95
70.05
69.00
69.87
73.49
73.38
73.11
70.71
69.88
68.43
69.55
69.76
71.59
72.70
73.62
74.29
74.83
74.45
74.48
72.46
73.50
73.58
75.00
76.05
75.16
76.39
77.87
79.01
79.16
76.13
76.54
77.81
78.16
78.08
78.63
77.43
77.29
78.66
79.18
78.81
77.91
77.26
76.25
74.64
73.84
71.77
70.41
72.61
73.72
75.35
76.20
77.61
77.84
76.97
75.90
75.67
74.69
75.63
75.01
73.76
73.60
73.67
72.61
73.22
74.67
73.72
73.74
73.97
73.98
72.37
73.86
74.91
74.28
74.46
74.22
74.50
75.24
75.58
77.16
76.56
77.21
76.80
77.65
76.73
76.47
76.63
76.95
78.86
77.16
76.96
77.64
78.97
80.48
80.96
80.50
80.34
80.53
82.74
82.92
84.20
84.46
84.64
82.55
83.83
84.30
83.90
84.20
83.71
83.32
83.72
83.80
83.86
83.92
84.12
82.61
81.90
83.52
83.49
83.84
84.51
86.35
86.89
87.00
85.72
83.87
83.50
82.20
82.04
82.56
83.43
83.26
81.13
82.96
82.50
82.63
81.74
81.55
80.82
79.81
79.44
79.60
80.56
80.13
80.37
80.96
81.09
80.61
80.10
80.23
80.64
79.87
81.63
81.98
81.50
81.18
81.45
80.66
78.89
78.52
77.53
77.46
76.86
76.34
75.84
76.13
74.66
73.56
72.59
74.14
73.35
74.17
73.29
73.76
74.33
74.25
72.71
71.92
70.95
71.53
74.93
75.16
76.18
73.63
74.35
73.59
74.23
74.30
75.59
76.36
76.56
75.15
74.70
73.81
73.98
73.48
73.94
75.40
74.85
75.59
74.72
74.00
75.73
74.08
71.66
71.94
73.44
73.55
73.66
74.92
75.35
73.76
73.10
72.44
72.98
73.45
74.27
74.64
74.90
74.26
74.92
77.22
77.20
78.06
77.47
76.72
77.72
77.69
77.25
77.42
79.45
80.28
80.11
79.05
79.40
79.05
80.30
80.36
80.77
79.53
79.79
79.70
78.32
78.74
80.10
79.20
78.62
78.84
78.93
81.00
82.38
81.58
81.36
81.39
81.19
80.43
80.09
78.90
78.85
77.48
78.56
78.58
78.57
78.93
79.10
78.19
78.21
77.20
76.52
76.00
76.13
76.68
77.73
78.33
78.82
77.65
76.51
77.60
78.24
77.45
79.18
78.46
79.29
78.00
78.06
79.16
77.44
76.01
76.17
76.38
76.79
74.87
74.97
76.08
76.22
76.81
77.82
77.77
78.44
78.50
79.86
79.96
80.73
79.97
80.34
80.30
81.04
80.99
81.45
81.78
81.22
79.98
80.13
80.10
82.22
83.11
82.37
82.59
82.34
82.16
81.52
80.51
83.43
83.75
84.47
84.54
84.39
83.94
85.00
84.87
85.25
85.18
85.54
86.08
86.71
86.63
87.29
88.01
88.86
89.93
89.81
89.62
88.59
87.99
90.43
90.26
88.66
89.54
90.10
90.07
89.80
89.82
89.23
90.05
91.03
91.02
89.78
89.89
90.90
89.01
89.10
90.74
90.26
89.54
89.69
91.59
91.20
92.03
92.16
92.86
93.19
93.38
93.30
92.97
93.00
93.82
93.01
92.79
93.78
93.28
92.34
93.10
93.16
93.15
93.15
93.37
92.00
92.84
93.94
94.72
95.52
95.63
95.37
94.40
93.79
92.91
91.72
93.22
93.30
92.73
92.40
92.03
91.27
92.10
91.04
91.29
92.73
92.95
93.59
93.75
94.51
94.91
95.03
94.97
95.47
95.51
95.28
97.04
97.56
97.60
95.38
95.00
95.94
95.39
95.44
95.63
95.16
94.92
93.94
92.91
93.72
94.59
93.32
94.60
92.82
94.34
94.97
94.95
96.05
93.24
92.92
91.27
92.13
92.63
93.37
93.22
93.31
94.71
93.55
95.50
97.05
97.77
98.01
98.93
99.61
100.08
100.11
100.82
100.94
101.42
103.53
103.30
105.47
105.08
104.38
104.42
105.50
105.77
106.42
107.06
107.34
106.45
104.90
106.57
106.06
105.13
105.82
106.28
103.96
102.96
102.83
102.63
102.20
102.09
103.00
102.90
101.21
99.79
99.73
100.73
101.10
102.44
103.23
104.12
103.54
105.25
106.77
107.80
108.01
109.53
109.60
110.10
111.52
112.00
109.68
109.55
109.86
109.67
108.99
108.86
108.08
106.74
104.83
103.77
103.44
104.01
103.00
104.37
105.68
106.03
106.82
106.51
105.98
108.08
107.90
107.62
106.20
107.35
106.91
107.09
106.02
106.59
105.90
106.45
108.31
107.59
108.23
108.78
107.01
108.54
107.89
106.55
108.50
108.82
108.60
108.92
109.30
109.12
109.74
110.95
110.41
111.23
111.30
111.17
109.92
109.34
108.09
110.24
111.05
110.67
111.08
108.50
106.16
107.81
108.99
108.00
109.63
109.22
111.42
110.80
111.61
112.85
112.90
113.16
112.90
112.95
113.38
113.12
112.94
114.07
114.25
113.26
112.67
112.57
113.88
113.69
114.84
117.49
115.08
114.02
111.88
113.59
113.06
113.98
112.98
114.11
108.37
108.30
108.10
110.03
110.59
111.75
112.53
112.18
113.26
114.00
113.44
114.36
115.29
115.77
116.05
115.89
116.13
116.92
115.60
117.80
118.16
118.08
118.24
118.20
117.79
115.41
116.02
113.04
113.17
114.71
114.64
114.03
116.52
114.97
114.37
115.85
114.29
114.20
115.48
117.09
119.61
119.99
120.24
117.20
115.82
116.07
117.01
114.15
114.72
115.30
117.00
118.50
118.68
119.28
119.08
120.08
118.46
117.82
117.92
117.61
118.03
116.03
116.03
116.33
116.27
116.87
116.82
117.44
119.02
118.56
117.05
115.87
114.07
114.83
113.60
114.47
115.06
116.09
115.93
116.23
116.29
116.41
118.00
117.90
117.28
118.43
119.00
119.69
118.60
117.85
116.92
116.53
116.37
117.09
117.47
118.11
117.78
116.69
115.64
116.06
115.73
116.39
115.97
115.98
115.52
115.61
114.75
114.35
112.79
113.80
114.98
115.16
115.27
113.93
113.01
113.42
113.86
110.65
110.00
108.64
109.01
108.81
107.81
105.70
104.92
105.04
104.82
104.25
104.39
104.67
106.57
105.35
104.78
105.55
106.31
106.66
108.18
108.60
110.00
109.79
109.68
109.90
110.20
108.80
109.11
108.26
109.99
109.49
109.51
108.90
108.76
108.67
108.28
108.21
108.28
107.83
108.66
107.41
109.10
108.03
106.48
105.63
106.00
104.25
104.40
105.54
105.20
103.71
103.91
105.06
103.84
101.70
102.25
99.99
100.05
99.71
99.06
98.16
100.30
101.42
104.12
103.11
102.87
103.16
103.79
104.96
106.72
105.21
107.83
107.42
107.00
107.55
107.90
108.49
109.05
109.00
107.67
108.32
107.92
107.21
107.70
108.55
108.00
