1.00193923723
9.15505380138
-16.9377289377
-9.3023255814
6.24029366088
-2.90610006854
40.5587668593
-19.9568167798
-13.5466666667
16.8224299065
25.1950078003
-18.9249011858
3.6036036036
-14.9603008776
-12.4512195122
-13.5841500685
5.66815144766
-0.277623542476
-2.57492156226
-7.58848230354
-0.94087352679
94.9604170689
3.2701894317
-11.7077464789
-1.52565880721
-9.64912280702
-2.08588957055
4.00382836178
-3.16651220266
-12.5016894175
-8.08695652174
11.2032048626
4.11333237451
14.5658263305
30.9950356141
-12.0872865275
13.6020694115
-9.78218591988
-17.2912980537
-13.8442350333
-1.76967056902
8.41204250295
-7.08898944193
-7.04817741524
-7.67239350435
-3.93398146055
19.9457627119
-2.99881625674
-4.52090920507
9.8193352641
-6.23302728566
-9.21577835173
-8.91787852866
-6.70391061453
-6.32651154098
-5.1329787234
-1.8618409605
0.0870776732846
15.6379015205
