0.0
28.2570422535
13.6
35.3179972936
36.2840018442
-18.7336080929
-24.2514545197
21.4162646451
-16.3447679447
23.2326820604
7.77182235835
16.1146921538
-17.0538348083
120.757020757
-8.69565217391
-6.62734212353
2.34375
10.5180533752
-8.64108999641
-0.357270453733
4.94938132733
6.80816980376
-1.26532226176
2.84668564457
-8.4512285927
-1.57566874313
18.1385281385
-16.6666666667
-6.54079568442
3.92431674842
-5.08812770203
-0.529275554085
-11.9429070784
21.3932107496
12.0
13.2286995516
14.2418032787
-0.357325165901
-15.6693930263
-9.08023483366
-15.592996366
-0.591133004926
21.1699164345
2.1960146401
-12.8632175762
8.6220169361
-2.11002260739
-1.4847809948
-3.23275862069
-8.27018121911
3.58361774744
0.068306010929
9.13156913902
-6.48309515511
-20.6801216478
5.97714620568
-2.42995997713
-10.719754977
-7.70318021201
-2.74914089347
