53228400
54119000
64059600
54976600
62013600
44963600
46743600
66532400
83144000
73416400
81483600
97568200
56349800
68416200
63597600
59823200
49365000
63654800
58225400
73194200
70196600
49915600
49186000
55365400
40005800
56229000
55090000
54527800
115559000
81028600
71027600
65202600
80343400
79063000
66296200
75847200
69733200
65301400
76131800
58437400
106889800
106932600
101435200
93609400
135061000
94290000
88198800
85589000
61831800
73489200
53208000
77300800
81161600
47773000
81648800
93975800
148224000
112196800
111434000
81114400
64363800
64178400
64281400
260118200
181244400
82887600
66421400
82613600
60685400
71961800
153003800
94316200
151217800
119772200
91794600
53715400
52387400
313645800
159517400
107091200
77669800
78082600
107811000
97716200
55354800
43317200
36402200
36187600
60778400
67740000
58390800
37886000
33899600
48410600
53242000
53640400
66578000
69955000
57963200
85482400
94348800
55822000
68536400
54968200
94507200
80463200
64400000
99019000
76310600
94765600
35710200
49260600
44289200
79992400
65592600
68710600
46604800
62275000
160399600
87315200
49811600
48287000
31071200
37459200
38449000
52356400
15734800
34824400
47873200
54153200
52689800
37164800
58370200
80843200
51180600
53992800
70617200
139924600
54690600
56100600
56165600
64188600
85404600
74337600
75645600
70283800
47163600
48269200
54543400
38107400
52741800
138038800
63945600
48986000
35629600
53427000
40714200
44976200
36112800
54438800
34119600
54428200
36726800
42405400
52729400
56421600
59400200
53498800
72575400
37629800
50755200
62960800
111711200
56709600
48495200
46781200
40744800
78503000
99915200
69037800
79311200
67791400
48952200
84476600
53484200
155704800
106155600
52360400
74053600
58562400
85374000
136453400
81099400
61794000
58323600
62066200
101205800
90219600
104521200
119759000
81276600
110536400
256993200
160378600
185170400
94427400
167603800
114826600
124292400
110057600
104474000
81309400
77985200
68711000
74851400
104331200
206149400
91058600
93744400
83364800
84218600
60422200
92128600
106525600
80157200
59487600
76343200
34439200
85307600
127446200
98280400
197200800
109809800
80407200
101734400
90560800
145308400
120939800
95576200
63106000
98360400
71201400
116899800
107187400
120271800
149037800
163173000
109551800
66941600
69003800
77619200
99977600
82413200
135962200
112397000
93414600
79817600
114965400
90230200
101854800
73712000
68462400
72844200
109788800
209348800
76673000
70295200
110455000
85657400
93080000
84983800
57276800
81898800
71792800
71100000
51399200
96442000
126061800
88041200
100575200
71289400
76070600
61728400
65627800
66958400
60730800
63947200
100816400
92620600
87936800
99148600
84608400
81781600
79800800
49383600
66781800
59743600
54626000
103794400
114376000
91035600
90686200
71638400
112848800
61036400
91822800
124988600
126363200
99519600
63118600
95135600
78681600
86985000
91201600
75924000
94187600
104046600
113364000
92622000
56295600
109199400
109879600
87520000
65857400
85149200
156696400
159375600
192919600
92171200
89176600
76744000
118737600
121572400
74368200
83702800
92864400
66273400
119538400
109356200
75084000
76676600
64334600
51128800
44968000
61385600
91893800
106984800
90605400
103491600
83455600
93637400
80781600
52747600
71210800
86501800
70682600
57587600
43736600
89454200
80022800
66960000
51867000
47345600
66714600
55302400
71972400
108354400
56846800
63457400
64108400
69603800
51092000
49215600
63077000
69199800
128975600
94283800
72810200
28037400
49242600
67467800
66476600
66562600
73822600
128078000
58934600
55990800
63241000
57590800
76549400
124203600
79999400
67530200
74065400
77974000
65396000
42196400
59031600
55679000
54198400
43260400
27831600
31347800
54996400
45536200
51756400
32675400
36481200
39503000
43905600
52234200
48371200
47111800
78107200
51813200
63399000
44562800
47422800
48170000
97632000
57900800
67189200
89470600
112356800
89863800
84471800
127502000
83182600
126950200
117983200
184976600
85580200
84940600
58524400
81191200
116641200
69999600
80860800
97199200
101778000
80844400
60605800
99477600
86349200
83742600
63307000
68437000
66169000
73710600
78348000
91219600
72323600
80325000
79141400
75318200
64509400
55129400
57395600
64700000
109671200
83360000
66401600
68612000
58899000
74227800
48013600
57752800
60159600
88625600
77922000
59249000
56005000
65921800
50785200
15754600
41983600
90819000
54536600
54034400
48234200
47211800
51005800
74243000
56026200
42334800
38367400
54334000
47884200
53227800
43000600
57079800
47255200
56996200
78585000
84307600
11701600
29328000
32406600
28787200
43006200
48124000
67590800
52731400
58508800
47736400
76304000
50296600
72993200
50997800
60717400
61955400
78958000
107140400
76837200
80403000
83886000
48981200
41622000
58666000
66100000
69566200
63462200
70308400
66772600
66103000
63314000
61283000
50899600
44973800
54168600
57267000
50179800
52262600
50492000
59398400
71347800
51832200
63276200
65750000
68068000
62115600
74464200
55926400
49835400
58079200
57701800
43718200
66407200
44387400
51819600
69086800
52296800
36376400
55235200
46123400
41341400
47752400
69357200
47318400
43901200
47010000
76509400
76931400
61763800
50166000
73389600
63413000
75636400
58165800
52297600
47388800
51921600
55158600
74794800
104268600
51465200
68281400
61220400
57290400
62776600
70246000
77384000
76413000
79009200
71628000
66299400
88385400
101242000
83288200
64408800
64819000
64832400
70412000
53406400
54646200
52115800
63120000
54169400
51412800
35982000
49602000
45393200
63213000
66468000
88439000
88008400
66969400
78703400
97834400
71825400
74368200
136198600
79771600
109433600
94486600
77518400
81247000
86401200
116820000
104523200
84025200
112131400
95812400
89555600
66473800
82814200
80936600
35673600
63199400
85277200
90673400
129550600
95733800
136965600
97154600
98034800
91053600
112543400
180069800
168061600
202307800
163411400
123538000
112148600
122690600
93875600
92002800
85947600
78941600
88715800
86349400
88748000
69049400
56866600
100122800
96706000
98745600
69334000
79848200
70317600
81203400
72517600
57929200
55652400
65470200
68875000
94275600
58138400
74452600
80232000
90438800
69918400
81653200
83950000
77443200
63726800
59549200
50166200
73343400
83951800
77777600
130619200
89783800
104142200
107116600
100852200
81011600
115577000
110636600
103488600
105221400
107120400
89790000
115667600
123142600
118515000
108828800
76216200
133374200
95437400
182602400
152817200
112378600
87159000
110866600
95833400
75425800
79906600
90517200
94451200
105973800
105097800
139964200
76658200
115407000
73699600
64522200
58341200
81398600
107370200
78337000
77533600
58086400
76403400
76435400
82922200
70002000
61583000
68650400
55191800
28393000
63735000
58457400
83892000
68435800
71670200
63862800
63730200
69186200
55242000
65245400
60140400
49549800
62709400
82686600
98294600
48798400
18386000
37228000
40891600
48019600
58208800
67025200
55546800
59456200
80517400
64566000
61808000
67730200
60817800
54206400
59622600
81371000
155876000
86159200
86948000
71374800
103027000
114838600
86151200
106884000
87877400
106858400
80129800
81854800
101072000
83312000
75208000
74081400
84292000
71315200
73558200
90446400
57415500
46902700
50897200
56853200
62403700
68113000
57096000
75434300
56585400
50653500
56605700
55415900
54607600
66167600
48413600
53990700
72379500
80701300
75451400
100983800
78108800
73652100
71798500
85586800
61105200
63595100
51673600
60043300
39584600
71384000
49803200
68282500
57394300
55740600
65627100
54132100
76875800
51608900
71565500
51599600
63399000
86178700
58356600
41557800
58844000
55559300
51703600
53657400
56287600
65877300
55566800
42085800
52695400
50391500
54299500
49120000
46401400
58913600
53900800
44501900
45021000
45450200
60620900
55336300
52677600
108960900
93157100
76968000
68486800
91467000
75451300
85096700
66310800
61058200
83484600
115877900
119629400
73610000
80655300
75768600
66177700
55157500
69658600
122213900
89957700
63626900
86048900
52584500
51820300
60483500
51758100
76040300
48073100
60926000
94069300
39440900
88960800
61896800
62300700
55350800
50377300
60464400
53567600
49838900
72805000
63388400
48480800
51791000
49828200
53556600
54173000
52658300
62391100
41240300
64504800
42649700
51825600
58825800
56294900
44258500
33241400
36433900
38208400
39636900
37338300
27607900
45817400
72952900
56739300
63802700
65846300
36132900
47546000
30633900
46211200
34503000
74168900
109437800
59840800
64024500
46105300
44315200
54763500
37813300
55777200
41432300
52060600
47221600
67268100
92433800
65678700
57827800
66336500
56224500
49864700
47380300
63333700
58375900
38143600
57303000
34047600
52356800
46989100
62653300
37604700
39320300
34851300
57242100
42232500
49960000
38794500
44166800
48798500
67357900
210558300
65619100
71752600
73551500
98729400
69623700
57772300
84026100
61514400
68189800
57822100
54579100
64990700
75877300
78949500
83146400
103900200
106868300
78853300
106845700
70712900
99463800
85663800
69758400
33402600
101914600
85121700
93121600
87202400
96610900
90504000
103547100
82853700
79309000
69154100
88860600
73978000
53712300
61177800
76856400
43894800
39609000
19924200
12076900
40426700
34406600
42198900
44487700
67333700
46950800
54298200
58810800
67079900
55845200
51555900
43907000
58504100
63983400
63068500
53570600
78425200
127259100
58299600
63196200
71336000
63748400
40528700
62891800
47993800
60648000
55527500
47209600
48108500
37790600
51515300
44537000
67541100
43477000
50334700
61840600
57821900
50256800
55426500
64275700
66602700
58266500
51912300
66331000
54998700
44023200
59849800
69367800
81111700
75155800
90536300
64137100
68835300
65453800
56241400
123231000
86281600
127605200
91696300
97584700
85677900
61584900
51881600
59010400
70533200
69051900
98043800
53800300
48992000
63268900
45294600
38786800
56971500
61079600
73756900
51768600
44592100
59902600
49252000
99207700
258269000
89391000
80716800
72842200
77787300
66172200
65916200
55496400
51841700
62693900
68290200
64621400
57917200
64145600
63861500
43775300
55149600
58158600
60052800
52089900
57809300
56250500
66615000
50306900
49071900
37393000
48369500
54020000
45933100
48815300
65218600
58447700
50385500
48109200
67377500
114183400
67431100
105427500
134218700
116881700
98932000
58558400
65503800
71136500
77024100
55371700
83544400
78441400
36690100
69158900
66255700
59125100
50249300
45757300
43274100
87656300
46759700
66406300
60354500
89010700
201518000
124640700
97372700
72387600
72968400
62718800
60148400
59552900
52267000
53990900
46217900
55591700
75628000
51877500
57632700
53097300
50279700
43333200
54347200
56879700
58844000
46293000
46494800
39572200
40835300
53512700
35465500
33248700
36679600
52106700
48507500
42161700
46174400
44893400
53278100
56904700
52664500
48239200
55920000
52605700
35951500
65283000
51513600
73874400
68409000
52155800
49859800
47813600
62055100
61529300
71218000
66302800
62016200
58017700
56999600
38401500
49556600
44691000
56412900
49500700
41548700
49828500
50350700
57026500
69078100
94988500
101912800
61529500
76966600
72392600
63059600
80010100
72930900
89417100
79666700
87867700
95337700
112802100
100401000
84097700
87358900
162269000
104468000
64522600
58830700
63249900
85808600
92410800
70459700
60069200
24398700
67079900
75960400
99889000
96088300
76498400
55297400
111656000
95655000
83006000
70949200
93812500
127843200
106303900
88997500
126184400
85552800
94646100
63651900
65801900
55958500
55075900
47594900
48355400
54959500
65002900
109442100
72463500
76890500
68723300
70376600
64712000
72940600
89861600
92180800
69146400
58114100
58380100
76501000
69010900
67580700
64974500
93204100
110466500
71442100
57981700
79329500
62545400
61246500
57763400
61343700
77874800
71796400
83835900
58694000
76551600
57506600
67024800
77091100
96419200
83689400
85236300
62467700
82728000
56394800
67739000
52183600
63058200
80407400
52871800
62991800
59132900
60617900
65550500
71469400
74841400
60573200
135904000
71446200
102113300
79293300
78820900
49802000
74231700
59585700
62382300
64619600
62196400
73549600
78020200
77451500
47956300
47791800
67517800
60929300
66754400
100251600
75766400
65956200
91923500
93562300
80087500
75457900
60464300
47732800
83623100
98641200
54376700
67867800
86864200
59362300
64322600
61872400
62235100
59463300
74540700
77204300
50577300
39983200
71182400
52120800
64444500
75421100
61287700
35749000
50579200
54978000
46131100
54621000
27212500
79659500
40756900
54511400
45369700
52767900
39459800
49104100
44243300
50764800
65918800
90821300
50538900
81084000
60492700
105159800
57970700
61636200
53058100
55859900
82018200
69718400
61883500
64214600
80082900
56104000
61525400
63384800
44749200
69506800
56472800
39668000
113290100
71424800
112932100
97558900
45174600
51476400
57977300
44738700
59524400
61346800
137510100
139422400
91461400
82212400
77207200
64761800
62818800
48646800
52006500
45976600
46894600
52413100
40861900
36043500
41691700
48296700
63645000
39306300
36774600
52307700
55163200
65210200
75974500
52047500
46089000
44656100
52552300
41515800
40550500
63422900
54969600
60357200
187384300
61832300
61043400
68281800
71314900
66396800
56203700
48797900
71019400
66807100
57644500
55341300
151666300
73684700
81724600
50768700
48880900
76567300
71294400
70192000
53846700
46924400
69328200
66574500
58830600
69431200
51868000
41310500
58178100
61566100
106559300
75122100
71370400
75067100
73421600
57464000
77104800
60091700
59562100
73314800
51945600
67152200
65081000
86277000
91351000
75431200
65794400
104253300
70541300
44082500
57517200
62220400
55904700
61006100
42319600
47517300
65980000
55583200
63931600
48467000
63757200
104285500
65076200
79018100
88542500
68680100
62960600
75800900
91276900
30689200
37819000
35444400
34495500
49044600
79973000
57975600
48245500
100963000
55625000
64921900
70120700
45994800
41418000
58566600
52376200
60367600
79165900
47925600
63040700
59072100
69509300
134520700
103999200
94841300
68448800
55073400
75022700
60170500
72159500
51795200
52861700
52127000
46707000
58432900
62808900
48868500
41513200
50216100
43043100
47359100
44753800
51301500
65036100
53061200
41850300
45218800
53054100
51613900
57547400
45360700
41297200
40342600
39821800
57152000
73793700
120615000
67094100
73199600
145696100
73682900
69157600
59908600
58520500
53150300
54612000
62190500
57605300
45470000
41539300
51885500
47249400
39432000
42953400
32183000
28160000
35796200
56272700
45111100
45648300
58528000
42318400
49222500
39190000
96509600
591052200
174800900
190533500
211527100
171257400
131604300
80693500
75345900
76563300
92916700
83115900
67314800
82095100
98598300
95476400
100071200
87322300
79986300
107356700
83052700
46861600
52497500
120202000
80230800
73935600
63914100
126601300
73827500
104126900
52573800
74309700
113175300
86081500
121577300
147506500
129640900
90598500
91660300
76590600
60532600
53644100
84759100
71906500
121395500
73048800
25711400
53093500
44775200
63168800
50565100
88676300
77379300
73099500
67499400
37053500
65047300
82188200
76605200
175483800
59586700
60075800
54942100
85386800
51705800
40254400
49168700
46462000
43155300
45690400
36862400
58171300
44405700
31753400
30255500
47831900
48994500
52373600
45674800
128414800
88398300
89312400
44648500
35933300
33115900
34190900
42711200
30283100
26380500
31594600
44222400
50160400
51266900
36866800
55608200
52248800
37706700
74324500
126057700
49135000
43039100
71676400
58495100
47712500
67903900
54766500
66233900
44179700
34283500
52908100
39386200
82191200
81967200
36452200
33366300
34598500
37219600
120174900
129751900
49744800
40122600
40630800
44730800
48887800
48525000
61409600
40717100
69964200
89060100
47296800
61861700
75895900
58674400
41124500
60446200
56511200
77403300
89407500
37855100
47271800
63012500
63943200
64328500
49356700
85703800
66446600
43907200
20456700
72722100
52602300
58775100
53297400
72257000
55123400
45606000
48564100
46831100
108854900
107712000
68529400
46002500
85866500
102783700
56986800
53822100
31202100
32270500
37971700
37098300
31248400
26690600
41739800
76935100
45774500
44607200
50220200
44636600
55017400
99464300
103972500
62379600
58519600
56364300
75826900
56143900
49171200
58527800
97378700
96103700
57605900
61900400
73968400
55355800
60401700
99102100
79281100
65145500
48749000
69823100
52774400
50348100
55588600
63858100
109340300
53978200
68604900
57754400
63787100
63481900
87143300
86333300
80175700
63254700
56454300
49361800
52044700
72175200
80125000
36516400
75169500
75730300
51757100
65055300
49412000
47902400
72808200
47934900
50519800
47491500
58979800
46947000
42629900
47061000
41977600
39821300
63244200
30131200
31384600
38643100
44050200
43762100
36002900
30740100
33170200
41778400
43648800
60311500
41739100
34236700
39475000
68760300
128298800
67788800
73539300
80686700
82036800
104385900
59889100
60551700
51735000
55398600
43425300
70188500
75013900
45833600
41045600
58453000
41836400
39999500
46322500
64046400
47726500
42373100
57376800
85290500
39469400
41434500
44265000
38217500
71971400
61346200
48467400
56981800
64435600
59065700
100933000
45412600
46802600
46861600
56564800
86219900
53905800
48340300
53468600
46055200
71193900
47316000
35202600
47838500
57541000
33831400
66013500
48017000
54302400
42173000
48023200
77539600
64414400
121159300
98292600
48910600
59729300
54950100
87025300
69214600
67499600
66554000
80006300
47938300
61535500
59530500
49163000
52898600
72964500
76576200
55492300
42944100
48117700
81447400
76747700
49952000
50786200
44763500
33886600
45158900
32789500
43924400
45753700
33690700
42511900
45689600
47669800
45430800
52160900
37247600
34380800
42364700
35288600
33496600
39536500
77462400
94242200
67168900
135636100
104459800
75621000
60337000
43407100
45819100
43875100
33700900
37633900
37868000
45012300
30265400
63603100
32251500
50788400
31121100
47150500
56286200
86092400
49208600
75200200
58785100
49956200
77979200
169588700
288121200
114655600
107297300
185635800
152078800
96389800
75485400
100966700
74897800
133742400
125136900
84865200
104311500
84063100
64014100
71113800
63026200
100009400
89518700
33467200
80335000
84178400
88585000
53633600
71027800
61770600
54801500
84894700
49209700
40771000
36083500
55070700
63345400
73913200
71126200
58121200
52791800
58469100
59345000
83240500
29622600
30252400
33311100
33447200
35229700
63004200
49599600
72090800
80164300
79148300
74305500
72446000
55187900
52792200
61606200
120778500
94247800
117062000
108521400
137597400
155640400
196992300
81019000
68023000
106432600
103642200
291138900
119998600
137534100
138315600
164964900
124872000
156814100
84365900
88986200
69113500
68166100
68261200
93056200
98776500
125705400
109974300
108923500
75199500
83002900
117411400
76544300
86925600
106489800
91127700
77597600
72175100
98740700
75993800
84552200
105214900
84490100
83695300
61442100
60170200
48294700
49149000
45868100
47894400
49244000
46780600
65796200
49499400
38961400
43860800
44428600
44733500
45839300
65591600
54373700
43418100
34310000
54107400
48743300
73658900
54411700
67387500
98351500
115416700
145194900
97473000
84428900
74733600
71699400
66024200
119687700
93582000
88775000
69589900
51621200
64278800
70934700
66730400
53355800
81538200
59615000
75767600
60125100
52203100
48890700
47334500
52318500
47699200
63399200
77028400
86616700
79567400
76063400
78500800
66787100
77433900
59330800
113996300
131969100
74718900
44256700
49677800
62037800
97480400
57145300
65218300
64280200
67049100
73450200
57830500
100327800
84669000
37074500
71527600
65553200
54255800
57830600
69532600
51216200
92719300
82060400
96526100
150277000
77575600
88657200
79408800
81092600
58682300
59707800
66368200
51977700
60461000
82720200
60588300
84297600
95550000
82565800
80814100
68743800
62813000
51165200
49732300
47267400
38078200
40332900
41497200
43614200
47930400
51381300
44774400
33975300
48372600
50735500
66079200
57127700
66141900
82305200
62110800
85735700
75064900
72913300
75628500
82349400
111729700
106972100
132291300
134926100
105207700
92181300
80250300
96203500
100744300
134383100
107192700
88957000
93819800
114289400
146374600
145941200
171598600
131948700
228467500
144935400
165674900
113280200
161147800
133673100
93484300
100385600
150054800
154774100
153919700
117683900
134088800
111701800
95323000
93055200
61923500
72123000
81179700
95509700
71256300
67106800
78014500
90162300
148413700
96624500
97289000
108966500
103010500
139532800
157231900
125289900
92948100
79678300
28650800
79639900
79689800
80961500
78719200
91996200
107225000
80484900
61499000
83564300
78112600
59925900
97688700
78922700
80759200
113530400
58575400
47511400
16880400
23101000
58512800
43224100
46419000
50084000
61475200
58083400
72709900
70255400
49815300
52163500
65843500
80257500
96169800
79634100
89873000
68340900
222436600
117020600
92476500
61695000
64145500
49192800
62370900
88871700
86865100
75618000
75195200
86746000
52196400
83953200
58599000
75323200
47416000
75853300
54946900
49195600
69413800
70803400
122674500
105894600
83219500
93428000
80602100
80476600
69285100
89708500
92821400
66479100
95184200
84522200
93694100
82965800
67028900
62481000
70710700
58994600
81725500
71600000
50044100
73927100
63775100
47670400
49633000
92423300
96438900
99082300
81858400
47476100
65815200
56408900
55759600
44444700
63796300
72725500
67688700
61398500
62937200
60928300
59401000
86116300
168478500
68219600
76685200
79301600
87439900
63224500
54313400
66835500
59639100
68727200
67597600
63762600
71966800
49281700
54539500
61289900
46073800
51368300
47450700
58232800
37318700
44991700
42892900
45480800
46134900
57317100
48935700
56039600
42330000
59579200
49000600
50887700
61297200
65124600
50963500
69089600
105295600
86483100
58852200
115459000
71291600
56752700
54287700
57724300
65126400
62854900
66452400
54908400
65422200
49207700
52842500
73023400
46981200
43229200
67584000
45448700
67238700
64555100
52860100
47798000
52028400
66192500
106060500
215135700
80950000
70288400
73626900
67820000
54258200
46902900
49218300
53310300
59686000
46169700
35261900
33615800
61972300
38954500
46330200
42474400
38878900
41821300
39505900
69011400
54180900
43980300
41079000
45495600
55808000
49592800
62608500
40771300
34120000
44999700
53737100
49900300
46256000
54303500
42806800
44716600
50055800
42428800
68016500
28878700
61376700
60599900
56302900
50158900
44358000
39050300
63533400
75958100
51219700
60804900
48795300
38472700
60521300
39520000
29145800
37749000
45365500
65620100
56500900
48143200
54604700
61672700
61600000
281761000
124149700
69685800
73542400
65225500
73371800
62428900
50294800
63898400
52681700
38908500
57518000
65881100
49693400
55352400
53037600
54129500
75648900
59431200
51967700
42647100
41832700
37341400
32033500
29357900
44172000
49904200
36308600
43095200
58810700
38082700
37402200
44713300
45940200
43744200
34651200
49473200
55737800
43691200
94118000
40129100
36321000
28362700
11083900
25384000
29716200
42006200
31929700
38409100
49749600
58182400
50559700
51197400
68754700
65912100
51863500
63228100
79913200
46575700
54849500
73086700
102004600
63373000
66639900
63949500
117513700
193888500
85931100
54413700
61397900
77850000
80960100
52820600
59195800
48591300
65993700
81117200
51935600
45882900
42856500
44451800
36707100
52266200
43165900
48735300
40370600
43805400
93123900
48442100
42890600
56001800
39414500
50271600
44891400
35349700
31700200
37512000
36723500
50385700
43845200
81332100
37718200
42026600
33987700
73168700
55595500
33336000
34954800
63760000
74768100
34331200
47366800
58318800
63713800
54752500
37068800
41374600
68941200
52745400
88703100
64970300
52199500
55343100
84847600
126766600
63649300
68730900
64557900
52665200
63214800
43989500
82085600
66833800
128613000
173718100
86653300
63789400
47146800
45188800
63334000
46053300
52690600
61746700
87991100
117596300
73711700
98373600
176684100
136433600
67496900
76152400
65718800
67837000
89832200
80456200
87355000
87794000
78930900
68057700
50972400
81641500
48698000
47995500
52075600
54625300
55985400
61466200
85243400
156256700
73784800
119882100
81050500
92239400
62485100
73592000
79965300
50758100
53806100
49854200
61928700
72808100
56934700
65064800
38181800
45530700
73297300
73016400
108520100
67249900
60672100
69704800
69446200
83534800
55044600
56877700
78531900
64922100
55982100
57096500
87257700
76746900
70240500
45263500
40909700
52912600
46818900
54064600
49560100
51643000
66522500
47404800
49105300
60939400
45453100
66074600
65235900
48837100
64189100
51928700
65512400
46028900
58284300
114680400
87160400
56201900
44548300
70341600
49838700
52675700
94299400
46201800
51948800
43603300
56041200
44318900
61262700
62672300
98143400
78152900
50489700
50096100
41327800
27587800
50141500
75336500
51949100
68954800
48330500
66150900
56283600
50032400
25837900
50912400
69304200
64805500
80730300
114193200
61912100
54402100
110255300
93599300
110953700
71670800
58538600
52277300
62073100
64962200
51794600
65339200
58299700
59514000
52423200
53350500
69742500
56825900
21356500
56603600
75282100
74123500
91759200
52622000
36264200
57860500
41666800
47148300
37625800
47943900
64070500
69634200
57680200
87456500
52811000
38153000
42252300
24902500
21652800
23042200
19502500
20786100
24752000
53443800
54405600
58998700
88026300
73762000
57573600
50298900
52631100
67077600
62688400
53322700
50005900
58613600
58080300
52047800
42436600
74628800
146938600
141249400
65029000
62810700
45824000
60340100
40412200
68980900
34904200
52905100
76672400
83939700
56766200
44116500
70817900
57207300
68667800
60889000
60234100
64494200
53006300
51379900
60055000
48658200
68271500
70437200
64980400
50549800
39789100
66549500
49905800
54473400
76067300
100725400
62497000
85486700
46878100
30895600
43969000
38696700
57029800
48973200
40763500
41999300
63233700
63114200
35433700
73651100
65581400
46134700
39887600
34286300
36920400
38144700
55239900
65080400
58045100
38892400
61608600
46892300
33525100
69200000
52689000
80200000
319317900
89825600
71892900
73292300
55600000
55993000
38696400
120798700
78600000
77400000
66812300
91350900
82882100
53931100
37783600
45451500
52692500
47691800
34904200
78016600
50251000
60196300
74033500
51487800
60697700
54778700
41112600
42205000
42878700
49327200
47572500
42894500
49410200
57184100
83320400
54338400
49708700
44287300
59470400
101387200
92044200
81032100
66051000
52535400
52906200
37805300
48744200
51946500
58320700
43999800
47319300
40861800
46382300
49132400
44501900
86730600
49795400
81737400
76380600
108482400
74636500
71488700
83761400
104394800
61838400
63883100
64581200
92949500
112071700
134257200
126268900
127819900
90690100
64787100
56529400
54251500
50923700
105714200
77397900
54721000
59670600
45329700
48192000
71957000
38863200
57341400
59300800
60510800
43894400
54929300
41961000
65811900
64529200
55046100
48792300
66739200
67808300
89681500
52324900
49211900
72750700
96278300
64768100
51057600
55620700
60736200
63407300
54060500
64592500
83485400
94061300
55111400
52741600
41815300
38826200
52489800
43823500
50947700
39453300
52487900
42880000
76300200
76620600
56897800
53554600
63029900
74512400
57712100
46799000
61182600
53533100
65836100
36549200
42589700
47822500
62950900
32514400
37903000
34199200
43874200
53262800
70977500
47626200
61882500
49204500
49099700
26164600
46766700
40917100
81350900
48545400
52293800
56818400
46175300
62667000
60522200
53788500
38945900
54581100
47926400
46213900
101408100
52258300
60767600
64132500
35794100
23205800
21287200
29822500
22616900
27395700
64731500
80516100
56081400
99455500
59706800
60014400
65582400
49370800
60196100
72395300
64860600
74053500
165902900
76078100
51703300
59231700
49102800
44187700
51114800
50572400
67409900
52223300
41838500
28039700
39242400
49659100
50481600
44605300
33319800
59644000
43311300
94705100
70036500
50829900
49253200
35034700
35575400
34568400
45230600
59323600
77344100
47314200
45240000
51932900
34340400
36747400
34628400
34073600
48951700
41986900
49068300
65626400
44789200
41566800
37928600
31749500
35912200
36758300
36274900
41344800
37038500
31749400
35853600
42752100
49455900
50368600
31056400
54131300
43014000
38304000
39749200
38124800
34361500
40552900
54781200
106045000
61398200
40871100
62495500
40308100
41419100
35697200
43832300
37385300
31501300
57927200
48641400
46328300
50309300
43839200
43459300
40528900
61822800
60083700
48484000
56205300
38787900
39504900
65171000
52575000
29507200
37758800
41585500
39134000
56634300
47926300
45715400
46860500
37792800
42551100
46361900
35337900
32984600
39458900
62314400
58679900
75725800
36257100
48456600
45098100
42217200
38421300
33781700
45328400
55227200
30589100
20938100
28801900
38294800
30680800
37534100
39184900
63523600
39085000
27900600
33771300
41090400
46663200
64021700
55151900
47723300
45579500
45301400
44242600
28905000
37620900
31721800
39520500
35859400
27471800
28002900
26257600
24920800
27810300
23049100
34551400
24351000
35787200
32589900
23737700
28822700
33437400
28355600
22943300
34691100
23947900
23346800
23982100
36590100
48556700
33650000
48371700
42649100
40524000
25191800
32775800
45047300
51422800
36488500
34542700
48871900
45543000
102348900
46825900
54266400
54672000
47129900
54229300
54042700
43338900
46655900
43634900
41133900
29752000
45121100
47227100
41488500
46464700
42440200
47739400
44206100
59238500
90470800
83374000
64414800
53320400
54084300
57790000
69464100
72047900
57131600
38070800
43401500
57871800
49841800
43291200
61112300
131689200
76086100
50955600
64083300
57179300
47070400
66360300
57845700
85198700
45018600
53018400
69551400
83690200
53173800
49777500
68283800
39182300
46162100
47031100
52282800
43966300
45080100
42077500
42046100
50486900
53519900
52607300
98776500
20842400
31631100
39394000
28239900
42749500
52899300
48294400
52521100
37110400
44703100
49047900
71431300
55512100
48324400
48244500
41077400
51685900
52167700
58650600
50387700
101739300
81847700
56056500
49242600
43580500
50530000
55565900
50540000
35410400
41889600
38028300
33318500
32247700
35990900
41715600
32663200
49650900
38781400
44110200
49078500
31425900
48011800
49923300
36394700
35840200
34849700
38157500
41432200
51448500
29196700
37667800
36627500
39255200
29093400
55914800
92710300
44809400
51901600
35447800
34233200
28720900
44154000
27824300
36047400
55453800
29201100
28456500
35062800
45263200
50927300
34759500
77733800
71116700
130923200
62886300
56332900
52797300
52840700
56906600
99790700
137904000
59126900
90946600
110700200
47799300
59116400
75165200
54330900
46059500
46784600
40978300
43078300
51595700
46417800
36394900
36027600
56870100
46303900
59382900
60666700
54020800
48702400
66047500
51102700
33174400
48212100
38412200
51131000
56165700
51252600
65529500
46025100
37618500
40757300
35994500
39435900
37372700
45654900
53192600
49670100
28616500
30816200
54493700
85338500
56109000
44073400
48665900
28993100
65545500
31055400
37630000
15994400
26085900
32396900
25318500
29658800
53638300
35501200
34142600
36378500
37285100
49547100
248428500
79040700
65810400
52803100
63213000
38633600
28870700
45799500
43898400
42557900
29199900
30984000
36331500
38078600
59034400
26800700
25493700
39464100
48519600
33338000
32866300
27902500
22979600
37409100
31169900
225493800
72786800
58522300
44257400
45284700
42790200
154507000
142320600
71644900
75434900
49628500
56881200
39087500
32860200
40899000
52839700
84716500
64099900
42026600
102904900
39826100
40685000
28907500
28504000
55348000
39839500
36718700
46946800
38703800
33008100
35069300
41017600
35878600
42875100
30033300
27757900
47097800
35111600
31359200
41811700
27433500
40438500
58600500
53209700
113494000
38383600
31702200
36997700
41682300
40264600
28060700
51681900
88948800
60437400
36737800
26872500
31651600
44957600
46183700
50601300
53277500
44275000
32229900
23064700
27982000
30646800
34465300
26002100
22090400
42950400
52109800
51983600
116305000
36457300
30286000
37828600
39853400
36012800
40066100
31734200
45687700
63192100
34160100
62649100
25128700
14243000
17612800
14563000
16290500
17503500
30632200
31134800
43603700
35802800
59971700
36516300
40548800
45901900
41623300
44812600
38018700
46267500
31567300
21904300
43954000
76395500
44420800
36205500
52745900
35036300
93162300
64063100
54697900
55814400
35351800
33260500
26767000
32141400
27051800
37635500
31407500
32834000
29750400
27526100
38021300
32085100
30736500
41041800
33903400
41215000
29717500
26802400
20520100
23582200
26591600
19006600
25216400
30494100
32169700
27195600
20479600
64063900
35597200
59269800
80721800
46098400
43193100
41977500
35369200
43472700
46886300
32605000
28666700
30139600
51409600
37559600
35918600
27398700
45960800
34330200
32006600
33968700
30615800
36689400
22221200
27056700
24602800
42381600
56876800
50610200
29636200
35458700
28787400
43416600
22460900
27112400
41744500
32120400
29647600
22782600
27004800
18818700
37793200
29867100
24537400
21320900
22398700
20201800
18020000
26160600
25711500
19888200
34567600
18504300
18068900
23209000
31865200
24060500
15019200
15117700
18040000
29818900
26310000
24205300
22518600
27097000
19828200
47764900
18743900
26509100
20049100
23604400
74640000
30805500
26917000
20208100
15969300
21952400
31218200
18445900
21854700
24083000
21881100
28748700
63318000
82180300
43407500
37604400
43095800
52362900
30725300
26737700
29684200
27763100
31921400
31537500
31170300
34277400
26266400
24634000
30314900
28942700
20351600
21431100
22889500
19313200
41611300
26891100
28139500
24770500
22285500
18294500
16910000
14873100
21287900
17657600
21607600
22976800
33684500
26475500
36939400
45736700
40302400
27302400
29216400
38244700
37667600
27910600
38311900
35556600
202522400
38686100
33430300
26582700
33077400
27078800
26091000
33033100
38088400
25119400
32453200
20604000
25723700
33031000
34422800
51978100
37100200
38115700
60218700
49040400
40683300
34527900
36433800
33570900
45451900
61076700
30371300
29024600
30276100
30073900
35849700
23130400
21530800
22449600
33037800
28000600
36370100
23445200
22722000
26208800
29081700
30315500
23995500
26176800
21500700
