116.56
112.62
113.81
110.00
111.44
112.25
109.38
105.81
107.81
112.25
115.31
107.00
106.00
103.75
101.25
102.81
99.38
98.75
98.25
97.88
102.94
100.81
103.62
106.56
106.62
109.94
104.00
106.00
99.94
99.62
98.56
97.62
99.62
95.06
93.81
94.25
94.75
91.31
91.56
89.38
90.81
93.38
96.12
90.62
92.88
95.56
100.00
101.00
98.00
95.12
95.38
95.38
99.38
97.38
102.75
103.25
111.88
111.69
104.06
104.31
107.19
103.38
106.25
90.88
88.56
86.38
86.00
89.06
86.06
83.88
79.38
79.25
74.12
75.88
80.56
78.69
78.94
66.62
69.38
68.00
69.81
69.75
73.44
69.88
70.56
70.44
71.12
69.81
67.81
66.19
67.88
68.81
69.38
69.50
67.69
66.19
65.06
64.19
63.19
65.56
61.50
61.44
63.38
62.56
64.56
66.31
66.88
69.62
70.50
68.81
68.81
66.88
67.88
70.50
72.38
72.56
73.69
74.94
80.69
79.88
77.69
79.50
78.81
78.94
77.19
80.00
80.00
78.50
80.94
82.00
79.44
79.12
80.31
79.94
78.94
78.19
78.50
73.12
74.81
72.31
70.56
69.00
67.81
69.38
69.69
69.81
68.69
69.38
70.25
69.12
70.00
74.12
74.25
72.62
72.44
72.19
71.62
71.00
71.56
71.00
70.62
71.25
70.75
71.12
70.62
71.31
70.94
70.00
69.81
70.19
70.12
69.44
70.06
69.31
68.81
68.12
68.25
65.81
64.19
63.00
65.00
64.25
64.19
63.25
61.25
62.69
60.62
61.31
60.31
59.12
56.56
55.44
55.38
55.56
54.19
54.56
55.75
54.38
53.75
50.38
50.44
51.75
61.88
65.19
62.12
61.50
61.25
64.44
67.69
69.06
68.88
69.62
70.31
68.25
69.50
70.50
69.44
70.88
67.38
66.44
68.81
70.06
68.94
69.06
67.19
67.75
68.25
69.94
70.69
67.00
65.06
57.38
56.62
56.44
59.88
56.69
53.12
54.44
58.06
58.38
57.25
55.50
49.19
47.81
44.81
41.50
43.44
46.44
46.88
46.44
44.56
43.38
43.38
47.94
48.44
49.12
48.94
51.81
52.88
55.00
53.50
52.56
52.94
55.50
61.00
60.12
60.56
62.94
61.81
64.00
64.50
63.38
61.06
62.38
60.81
61.94
62.56
64.69
62.25
59.12
58.75
58.19
58.38
58.81
57.31
55.88
56.25
55.19
56.75
59.56
59.38
59.00
59.36
56.69
57.44
59.44
60.69
59.25
56.69
51.94
54.19
54.00
53.69
54.56
54.31
52.69
50.06
54.00
56.56
56.06
58.25
55.56
55.38
54.69
55.81
53.38
51.94
56.75
56.19
57.15
59.68
60.04
62.18
60.79
61.48
65.43
68.04
69.00
68.25
67.55
69.69
69.13
67.12
67.75
70.17
69.76
68.53
70.75
71.38
72.06
70.40
70.00
69.40
68.72
68.27
69.16
68.17
68.09
68.79
70.31
69.70
71.72
70.91
70.34
69.19
69.18
70.34
70.78
72.60
72.36
73.68
73.19
72.12
72.08
70.69
68.90
68.02
66.88
67.32
69.41
69.84
68.83
68.85
70.14
71.14
72.74
73.00
70.60
70.47
68.51
66.06
65.69
64.48
66.50
71.60
71.34
71.18
71.82
70.57
72.57
69.18
67.09
66.32
67.48
66.59
65.47
65.80
66.19
66.47
67.45
66.89
66.13
66.35
64.86
65.01
65.52
65.83
64.69
63.20
64.62
61.88
62.70
60.78
60.66
59.12
62.05
62.31
60.74
60.25
56.94
57.05
56.10
57.74
56.02
55.40
57.58
52.91
54.32
53.87
50.76
49.71
52.01
51.30
50.27
49.96
51.17
51.79
53.05
56.23
56.44
57.72
58.04
54.56
55.51
56.32
56.38
58.06
58.45
56.03
56.75
57.90
60.16
60.43
61.32
62.56
62.20
59.64
58.88
58.15
61.84
61.40
63.27
64.78
64.25
64.42
65.21
65.79
67.90
65.95
66.12
65.75
66.54
65.40
64.05
64.71
65.14
63.74
62.80
64.84
64.21
64.77
66.00
68.10
68.65
67.83
67.06
67.32
67.95
66.27
67.44
68.98
69.27
69.49
66.76
67.54
67.27
67.68
67.85
67.87
66.25
67.04
69.23
68.90
68.56
69.38
68.71
69.28
68.61
68.47
69.55
67.87
69.86
66.10
64.46
63.74
64.60
63.80
63.82
62.32
62.85
63.71
62.66
61.12
61.15
60.40
59.80
60.65
61.13
60.14
61.82
61.68
60.23
58.93
59.90
58.05
57.99
59.08
58.55
58.39
58.34
61.37
63.30
63.08
63.63
62.72
63.95
64.34
62.54
62.10
61.22
62.49
62.14
62.23
60.10
61.36
60.45
59.23
59.08
59.44
60.31
60.38
57.28
56.33
56.45
55.87
57.22
54.87
56.30
54.79
55.93
55.69
57.81
56.63
56.37
57.20
55.59
53.99
53.02
53.73
51.50
52.24
52.26
52.75
51.21
49.56
48.62
49.47
54.97
52.12
50.05
52.69
54.88
54.75
55.74
56.03
54.01
52.19
53.69
54.82
53.26
52.32
52.05
52.64
50.91
49.42
49.98
51.66
51.90
51.98
52.82
52.57
55.54
54.22
55.25
55.68
55.99
54.36
54.10
52.28
54.16
52.95
54.13
54.92
54.70
52.66
51.44
51.84
54.85
52.92
53.21
52.24
52.91
51.86
51.80
51.25
52.00
51.11
49.56
47.51
43.01
46.23
42.83
45.35
48.25
48.10
47.98
45.75
44.41
43.99
45.67
47.09
48.91
48.12
48.47
47.06
49.71
49.77
50.00
52.00
51.04
52.28
53.23
52.22
52.10
50.84
49.38
50.58
49.08
47.02
48.21
45.91
47.82
48.70
49.79
48.58
47.15
47.91
47.78
47.29
47.75
47.20
47.46
45.23
45.64
46.51
46.20
45.25
43.74
46.23
45.61
44.80
43.77
44.05
44.99
43.99
46.38
48.87
49.29
52.29
50.41
50.77
53.15
52.51
51.67
53.20
51.23
52.68
51.95
52.07
53.11
53.47
53.00
56.10
56.68
57.03
56.01
55.10
53.86
54.51
55.36
56.99
56.69
55.85
54.86
56.62
57.84
58.22
58.23
56.90
58.08
57.68
57.69
56.71
56.54
55.34
55.47
53.53
54.01
54.66
54.17
52.50
54.48
54.36
53.53
53.11
53.04
54.00
53.82
53.39
52.97
52.75
51.70
53.72
53.79
54.77
55.80
54.24
55.81
55.92
56.39
56.97
56.27
55.35
51.46
51.33
51.00
52.28
49.85
49.17
48.82
49.91
48.24
47.46
48.56
47.32
46.96
47.42
46.58
47.38
46.44
46.44
46.99
48.30
24.96
24.53
24.14
24.63
24.07
24.19
23.61
23.58
23.70
23.54
23.07
23.44
23.27
23.56
22.95
22.80
23.39
24.67
24.86
25.93
26.04
26.32
26.25
26.57
25.29
25.49
25.25
25.04
24.67
24.21
24.35
25.72
25.73
25.09
25.17
25.58
24.57
24.59
24.20
24.76
24.60
24.92
25.50
25.21
25.76
25.72
25.49
25.22
25.74
25.80
25.57
25.72
26.10
25.86
26.37
25.99
25.74
26.36
26.20
25.99
25.62
25.79
25.57
24.76
24.63
24.03
24.16
24.22
24.79
24.41
24.40
24.61
24.64
24.88
24.87
24.09
23.67
23.75
24.68
24.88
24.99
24.65
25.39
25.96
26.07
26.07
26.33
25.78
25.70
25.26
25.75
25.63
25.64
26.15
26.88
26.50
27.42
27.70
27.47
26.91
27.31
27.40
27.27
27.52
26.69
26.89
26.04
26.38
26.45
26.00
26.89
26.61
26.47
26.23
26.41
26.17
26.18
25.66
25.65
25.71
25.58
25.61
25.73
25.60
25.63
25.54
25.70
26.62
26.45
26.24
26.22
26.50
26.57
26.42
26.51
26.52
27.26
28.30
28.43
28.38
28.84
28.37
27.55
27.84
28.34
28.36
28.90
28.50
29.50
29.96
29.07
29.60
28.46
28.24
28.19
28.83
27.80
28.52
28.50
29.08
29.19
29.14
28.82
28.94
28.91
28.78
28.68
29.07
29.23
28.93
29.35
29.35
28.89
28.91
26.61
26.91
27.20
26.74
26.12
26.14
26.68
26.07
26.10
26.23
26.10
26.00
25.80
25.98
25.69
25.50
25.15
25.15
25.35
25.10
25.11
25.73
25.40
25.45
25.71
25.84
25.66
25.67
26.20
25.98
26.24
26.38
26.59
26.61
26.65
26.74
27.06
27.04
27.40
27.36
27.18
27.15
27.04
27.21
27.46
27.52
27.37
27.45
28.14
28.24
28.21
28.16
27.66
27.57
27.43
27.70
27.54
27.81
28.10
28.30
28.01
28.48
28.80
28.25
27.71
27.91
27.65
27.40
27.29
27.01
26.96
27.08
26.90
27.02
27.15
26.95
26.59
26.99
26.77
26.46
26.57
26.61
26.88
26.70
26.50
26.53
26.70
26.39
26.37
26.37
26.35
25.83
25.72
25.37
25.09
25.38
25.16
25.18
25.13
24.89
24.63
24.50
24.15
24.41
25.19
25.03
25.31
25.20
24.93
25.08
25.85
25.95
25.80
25.59
25.48
25.61
25.45
25.51
25.22
25.16
25.53
25.33
25.45
25.95
27.54
27.24
27.22
26.56
26.48
26.13
26.35
26.33
26.30
26.12
25.78
25.93
25.94
25.94
26.10
25.86
25.54
25.83
25.62
25.73
25.89
25.76
26.10
26.14
26.19
26.23
26.11
26.13
25.89
25.95
26.43
26.60
26.47
26.77
26.90
27.41
27.32
27.77
28.35
28.35
28.29
28.30
28.39
28.57
28.28
28.50
28.56
28.63
28.57
28.02
28.10
27.64
27.86
27.89
27.60
28.13
27.87
27.48
27.95
28.32
28.86
29.00
28.03
28.66
28.44
28.58
28.48
28.49
28.52
28.07
28.06
27.53
27.14
27.18
27.72
27.41
26.88
27.02
27.09
27.05
27.46
27.12
27.20
27.24
27.24
27.55
27.44
27.46
27.30
27.30
27.39
27.62
27.11
27.36
27.26
27.28
27.49
27.25
27.44
27.19
27.26
27.51
27.51
27.26
27.12
27.35
27.29
27.19
27.27
27.58
27.65
28.25
28.12
28.38
28.53
28.17
27.99
28.06
28.03
28.03
27.80
27.99
28.41
28.18
28.70
28.56
27.74
27.63
27.90
28.15
28.01
27.97
28.08
28.24
28.47
29.00
29.31
29.28
29.77
29.73
29.98
29.97
27.39
27.12
27.17
27.07
26.86
26.65
26.53
26.64
26.60
26.77
26.81
27.25
27.09
27.23
27.33
27.07
27.36
27.23
27.08
27.25
27.23
27.11
27.16
26.96
26.95
27.07
26.97
27.01
26.85
26.95
26.90
26.76
26.72
26.74
26.84
26.78
26.75
26.67
26.80
26.73
26.78
26.27
26.12
26.32
25.98
25.86
25.65
25.67
26.02
26.01
26.11
26.18
26.28
26.39
26.46
26.18
26.32
26.16
26.24
26.07
26.06
25.97
26.01
25.93
25.79
25.65
25.48
25.23
25.20
25.37
25.25
25.16
25.28
25.26
25.17
25.17
25.47
25.40
25.31
25.43
25.09
25.11
24.91
24.63
24.54
24.31
24.20
23.99
24.18
24.28
24.20
23.92
24.16
24.17
24.12
24.23
24.47
24.67
25.10
24.94
24.97
25.32
25.04
24.84
24.46
24.65
24.63
24.32
25.28
24.98
24.99
24.76
24.99
24.45
25.30
25.23
25.36
25.21
25.23
25.22
25.11
24.90
24.91
25.00
25.30
25.49
25.46
25.70
25.92
25.74
25.85
25.75
25.71
25.90
26.07
25.80
25.81
25.79
25.43
25.37
25.51
25.40
25.51
25.43
25.31
25.36
25.26
25.04
25.04
25.11
25.15
25.07
25.31
25.04
25.05
25.07
25.09
24.84
24.71
24.98
24.70
24.65
25.09
25.29
25.61
25.66
25.97
25.79
25.55
26.16
26.19
26.44
25.68
25.69
25.54
25.72
25.75
25.61
25.92
26.81
27.25
27.32
27.76
27.13
27.35
26.95
27.27
27.05
27.13
26.74
26.95
26.82
26.72
26.91
26.87
26.81
27.03
26.97
27.15
27.18
27.38
27.20
27.02
27.00
26.85
26.61
26.58
26.61
26.48
26.31
26.27
26.07
26.00
25.84
25.49
25.34
25.27
25.27
25.34
25.67
25.94
25.73
25.50
24.98
24.67
24.73
24.59
24.46
24.41
24.30
24.59
24.67
24.53
24.57
25.09
24.79
24.78
25.10
25.03
25.11
24.85
25.53
25.70
25.96
26.46
26.44
26.66
27.01
27.05
26.96
27.09
27.28
27.37
27.50
27.74
27.97
28.07
28.16
27.91
27.92
27.76
27.75
27.68
27.68
27.89
28.01
27.85
27.69
27.75
27.69
27.71
27.45
27.13
27.09
26.92
26.90
26.83
26.86
26.73
26.59
26.64
26.46
26.39
26.27
26.15
26.84
26.97
26.99
26.91
26.86
27.00
27.29
27.14
27.19
26.99
26.83
27.02
26.41
26.35
26.28
26.40
26.50
27.79
28.00
28.15
28.04
27.68
27.54
27.17
26.94
26.91
26.66
26.69
26.39
26.65
26.88
26.81
26.70
26.54
26.72
26.66
26.63
27.05
26.87
27.14
26.97
26.93
26.91
27.06
27.25
27.00
27.17
27.11
27.23
27.36
27.27
27.50
27.89
27.74
27.15
26.85
27.01
27.01
26.90
27.02
27.23
27.21
27.56
27.64
27.74
27.56
27.25
27.29
27.13
27.20
27.07
26.84
27.22
27.03
27.03
27.15
27.11
27.11
27.10
27.25
24.15
24.29
24.01
23.17
23.44
23.80
23.73
23.62
23.77
23.22
23.17
23.15
23.01
22.73
22.83
22.56
22.88
22.79
23.50
23.74
23.72
23.15
22.65
22.82
22.76
22.50
22.13
22.04
22.11
21.92
21.71
21.51
21.88
22.07
22.10
22.55
22.56
23.08
22.88
22.50
22.82
22.86
23.16
23.47
23.30
23.70
23.35
23.48
23.30
23.50
23.10
22.64
22.26
22.29
22.48
22.74
23.40
22.85
23.87
24.00
24.22
24.37
23.87
24.25
24.06
23.99
24.30
24.21
24.29
24.22
24.34
24.44
24.46
24.43
24.53
24.62
24.70
24.70
25.79
26.12
25.62
25.67
25.74
25.85
25.95
25.84
25.80
25.70
25.84
25.61
25.61
25.43
25.60
25.91
25.93
25.98
26.33
26.85
26.79
26.86
27.18
26.90
26.66
26.95
27.20
27.44
27.40
27.35
27.36
27.37
27.94
27.92
27.87
27.72
27.69
27.54
28.22
28.37
28.45
28.44
28.52
28.29
28.43
28.45
28.28
28.31
28.35
28.34
28.53
28.71
28.81
28.77
28.73
28.84
28.95
28.98
29.26
29.24
29.35
29.23
29.12
29.47
29.40
29.89
29.92
29.92
29.76
29.48
29.39
29.57
29.36
29.12
29.33
29.13
28.99
28.85
29.40
29.54
29.43
29.55
30.07
30.19
29.89
29.99
30.09
29.98
29.64
29.99
30.02
29.98
29.86
29.86
29.81
29.64
29.93
29.96
29.66
30.70
31.21
31.16
31.10
31.00
31.11
30.72
30.74
31.09
30.45
30.60
30.53
30.48
30.86
30.56
30.19
29.61
29.51
29.37
29.26
28.98
28.94
29.01
29.40
29.46
28.74
28.83
29.35
29.39
28.90
29.07
27.87
28.17
28.09
27.76
27.55
27.83
27.61
27.32
27.29
27.44
26.72
27.40
27.28
27.33
27.83
27.84
28.52
28.27
28.02
28.22
27.72
27.64
27.75
27.87
27.74
27.87
28.50
28.55
28.57
28.40
28.11
28.54
28.61
28.73
28.85
28.60
28.69
29.02
28.78
28.79
28.99
29.10
30.12
29.94
30.40
30.61
30.97
30.56
30.71
30.75
30.78
30.58
30.89
30.97
30.90
31.07
30.98
30.83
31.05
30.69
30.58
30.17
30.48
30.79
31.11
30.69
30.59
30.72
30.58
30.29
29.62
30.05
30.02
29.85
30.39
30.52
30.49
30.51
30.46
30.01
30.22
29.49
29.49
29.52
29.87
29.83
29.47
29.74
30.02
29.99
29.97
29.87
29.33
29.49
30.07
29.82
30.03
30.78
30.92
31.51
31.16
31.19
30.80
30.71
29.98
29.39
29.40
28.99
29.30
29.52
28.96
29.54
29.55
30.00
29.30
28.71
28.63
28.27
28.10
27.81
28.25
28.26
28.07
28.22
28.30
28.81
28.49
27.93
28.59
28.45
28.73
28.81
28.48
28.91
28.44
28.48
28.93
28.93
29.16
29.04
28.73
28.93
28.67
28.42
28.65
29.08
29.56
29.50
29.49
29.46
29.77
29.70
29.45
29.71
29.84
29.84
30.10
30.23
29.91
30.17
30.04
30.32
31.08
31.16
30.17
30.51
30.90
31.25
31.99
35.03
34.57
35.57
36.81
37.06
37.06
36.73
36.41
35.52
34.74
33.73
33.38
34.46
33.93
33.76
34.09
33.96
34.58
34.23
34.11
32.97
33.06
33.70
33.59
33.60
32.92
32.77
34.15
34.55
34.53
34.76
34.10
34.47
35.22
35.31
34.39
34.74
34.79
35.52
36.06
36.58
36.61
35.97
36.12
35.60
35.22
35.37
34.38
34.61
33.45
34.44
34.33
33.91
34.39
34.00
33.23
33.11
33.01
31.96
31.93
33.25
32.94
32.72
32.60
32.20
32.60
30.45
30.19
29.07
28.52
28.12
28.56
28.21
28.34
28.96
28.50
28.42
28.17
28.22
28.10
27.68
27.84
28.38
28.26
27.93
27.20
26.99
27.59
28.12
27.57
27.87
28.05
29.28
28.63
28.62
27.96
28.30
29.42
28.62
29.18
29.17
29.14
28.56
28.05
27.91
28.38
29.50
29.16
29.00
29.16
29.16
28.75
28.89
29.11
28.28
28.06
28.25
28.95
29.22
30.00
30.42
30.25
31.45
31.80
29.83
28.99
28.64
28.52
29.40
29.24
29.08
29.70
29.21
29.27
29.39
29.99
29.78
29.93
30.45
29.99
29.46
28.76
28.25
28.47
28.05
28.44
28.18
28.31
28.32
27.80
27.31
27.54
28.30
27.49
27.71
27.89
27.12
28.24
29.07
28.93
28.80
28.46
28.93
28.23
27.97
27.73
28.35
27.75
27.63
27.51
26.87
25.88
25.98
26.03
25.85
25.23
25.45
25.25
25.15
26.15
27.26
27.52
25.86
25.64
25.80
26.43
25.44
26.16
25.50
26.11
26.23
25.72
25.44
25.28
26.21
27.02
27.39
28.13
27.90
28.12
27.91
27.91
27.81
27.69
27.32
27.29
27.18
27.84
27.66
27.27
27.56
27.94
27.29
27.10
26.90
26.35
25.65
26.12
26.10
26.44
27.34
27.62
26.82
25.99
24.57
25.26
25.16
25.40
25.44
25.72
26.61
27.40
25.01
26.69
26.48
26.25
26.32
24.91
23.23
23.01
22.30
21.50
25.50
24.10
22.66
24.19
23.93
24.72
23.36
21.53
22.32
21.96
21.18
23.10
23.00
22.63
22.33
22.62
23.53
22.08
20.88
21.50
21.30
21.20
20.30
21.25
20.06
19.32
19.62
18.29
17.53
19.68
20.69
19.99
20.49
20.22
18.61
19.15
19.87
19.11
19.87
21.01
20.60
20.61
19.45
19.36
19.04
20.11
19.66
19.30
19.12
19.18
19.28
19.17
19.13
18.96
19.34
19.44
20.33
20.52
20.76
19.51
20.12
19.52
19.47
19.82
19.09
19.24
19.71
18.48
19.38
17.11
17.20
17.63
17.66
18.04
17.59
17.10
17.83
18.50
18.63
19.04
19.66
19.44
18.80
19.21
19.26
19.09
18.09
18.12
17.91
18.00
17.21
17.17
16.96
16.42
16.15
15.79
15.88
16.12
15.27
15.28
15.15
16.48
17.11
17.01
16.65
16.25
16.90
16.96
17.14
17.06
18.33
17.93
17.88
18.83
18.13
17.48
18.37
19.31
19.29
18.75
18.76
18.76
19.19
19.67
19.59
19.35
18.83
19.76
19.20
18.61
18.97
18.78
18.92
20.91
20.40
19.93
20.25
20.26
20.24
20.19
19.79
19.79
19.32
19.42
19.32
19.89
19.75
20.06
20.22
20.60
20.31
20.38
19.82
19.75
20.34
20.13
20.45
20.89
21.40
21.40
21.73
21.83
22.14
22.05
22.08
22.55
22.83
23.33
23.42
23.45
23.68
23.50
24.07
23.28
23.34
23.47
23.79
23.35
23.86
23.77
24.04
23.37
23.20
22.53
22.56
22.44
22.39
23.23
23.11
24.12
24.44
24.29
24.53
24.83
24.80
25.56
23.45
23.11
23.47
23.80
23.81
23.52
23.83
23.77
23.81
23.46
23.56
23.42
23.13
23.53
23.62
23.69
23.25
23.58
23.65
23.67
24.41
24.64
24.64
24.55
24.69
24.68
24.65
24.00
23.86
24.11
24.62
24.82
24.78
25.00
24.86
25.00
25.20
25.20
25.30
25.26
25.30
25.77
25.71
25.94
25.55
25.83
25.75
25.72
24.88
24.96
24.64
25.11
25.10
25.67
25.55
25.72
25.81
25.96
26.71
26.50
26.36
26.37
26.58
26.59
28.02
28.68
28.59
28.02
28.22
27.73
27.88
27.53
28.06
28.47
28.52
28.99
29.01
29.12
29.36
29.63
29.54
30.00
30.11
29.78
29.62
29.94
29.91
29.79
29.22
29.41
30.01
29.78
29.83
29.98
29.79
29.57
29.71
29.87
29.85
30.11
30.02
30.10
29.60
30.36
30.52
30.82
30.92
31.00
31.17
31.39
30.96
30.48
30.95
30.96
30.77
30.45
30.66
30.27
30.07
30.35
30.96
30.86
31.10
30.59
30.01
28.96
29.32
29.50
29.67
29.16
28.18
28.41
28.46
28.63
27.84
28.02
27.72
28.01
27.99
28.12
27.93
28.35
28.59
28.97
28.77
28.73
28.33
28.63
28.60
28.67
29.02
28.46
28.46
28.63
28.59
28.63
28.80
28.97
29.18
29.27
29.29
29.37
29.63
29.61
29.59
29.60
29.88
29.65
30.01
29.66
29.59
29.77
29.29
29.16
29.27
29.32
29.35
29.92
30.34
30.32
30.45
30.82
30.87
30.67
31.04
31.36
31.33
31.39
30.96
31.11
30.85
30.91
31.00
30.54
30.86
30.13
29.85
28.98
28.21
28.94
28.88
29.44
29.24
28.93
28.94
28.60
28.24
27.11
26.84
26.27
26.07
25.01
26.00
25.80
25.89
26.46
26.86
25.79
25.29
25.11
24.79
25.00
25.66
25.50
26.58
26.32
26.37
26.44
25.95
25.77
25.31
25.00
24.53
24.31
23.31
23.01
23.16
23.27
23.82
24.30
24.41
24.27
24.83
25.13
25.44
25.51
24.89
25.23
25.48
25.12
25.84
25.81
26.10
26.16
25.95
26.03
25.81
26.33
26.16
25.73
25.37
25.55
25.61
25.07
24.86
24.49
24.40
24.50
24.71
24.82
24.44
24.23
24.28
24.04
24.10
23.82
23.93
23.64
23.47
23.90
23.94
24.29
23.96
23.93
24.01
23.85
25.11
25.03
25.12
25.33
25.22
25.43
25.15
24.61
24.43
24.78
24.73
24.68
24.50
24.49
24.38
23.91
24.35
24.43
24.53
24.57
24.59
24.83
25.34
25.23
25.54
25.82
25.10
25.31
25.42
25.38
25.19
25.90
26.05
26.28
26.67
26.95
27.39
27.03
27.14
26.85
26.81
26.95
26.94
26.68
26.27
26.20
25.81
25.57
25.84
25.69
25.73
25.12
25.37
25.25
25.31
25.26
26.04
26.89
27.02
26.84
26.87
27.23
27.08
27.34
27.25
27.62
27.85
27.99
27.90
27.81
28.07
28.19
28.30
28.07
28.01
27.97
27.85
27.91
27.98
28.09
28.00
28.82
28.60
28.22
28.11
28.55
28.19
28.30
28.66
28.47
28.35
28.02
28.38
28.45
28.78
28.87
27.75
27.73
27.99
27.94
27.65
27.77
28.20
28.28
27.97
27.50
27.25
27.23
26.96
27.02
27.21
27.06
26.59
26.59
26.77
26.55
26.58
26.16
26.08
26.20
25.95
25.72
25.91
25.89
25.41
25.68
25.69
25.39
24.79
24.78
24.80
25.33
25.30
25.54
25.81
25.62
25.41
25.49
25.61
25.39
25.48
25.55
25.78
26.15
26.20
26.07
25.98
25.64
25.63
25.42
25.37
25.08
25.15
25.76
25.52
25.61
26.19
26.38
26.71
25.92
25.66
25.81
26.06
25.79
25.87
25.83
25.67
25.36
25.32
25.03
24.57
24.52
24.69
24.72
24.49
24.17
24.15
24.19
24.67
24.76
25.01
24.43
24.22
23.91
24.01
24.06
23.94
23.96
23.71
24.04
24.22
23.74
24.00
24.26
24.47
24.76
24.65
24.63
24.30
25.20
25.80
25.62
26.00
26.02
26.03
26.33
26.77
26.92
26.63
26.54
26.63
26.47
26.78
26.59
27.54
27.06
27.10
27.53
27.91
28.08
27.33
27.72
27.40
27.27
26.80
26.92
25.94
25.68
24.48
25.58
24.20
25.19
25.10
25.51
25.35
25.25
24.67
24.05
23.98
24.72
24.90
24.57
25.25
25.84
26.23
26.60
26.21
25.80
25.51
26.00
26.22
25.74
25.89
26.04
26.50
26.99
27.12
27.21
26.98
25.99
25.06
25.06
25.44
25.67
25.58
25.45
24.89
24.53
25.34
25.89
26.34
26.25
26.94
27.00
26.96
27.18
27.27
26.98
27.31
27.13
27.04
27.16
27.19
26.81
26.59
27.25
26.98
26.63
25.99
26.01
26.53
26.25
26.80
27.16
26.20
26.28
26.91
26.76
26.74
26.07
25.54
25.30
25.00
24.79
24.47
24.30
24.87
24.84
25.58
25.28
25.22
25.70
25.66
25.60
25.40
25.70
25.51
25.76
25.59
25.56
26.00
25.53
26.03
25.76
25.81
26.03
26.04
25.82
26.02
25.96
26.77
27.40
27.68
28.11
27.74
27.84
27.72
28.00
28.25
28.26
28.23
28.12
29.71
29.73
29.34
29.56
29.50
29.23
29.61
29.53
29.89
29.95
30.24
30.20
30.35
30.66
30.77
30.50
30.58
30.25
30.05
31.29
31.25
31.44
31.27
31.37
31.48
31.35
31.87
31.74
32.29
32.08
31.80
31.56
31.84
32.01
31.99
32.04
32.67
32.77
32.85
32.60
32.20
31.99
31.91
32.00
32.01
32.59
32.52
32.19
32.12
32.26
32.29
31.94
31.21
31.52
31.10
30.47
30.35
30.98
30.81
31.08
31.44
31.14
31.01
32.42
32.12
31.92
32.20
32.11
31.98
32.02
32.01
31.80
31.76
30.98
30.65
30.50
30.76
30.74
31.16
30.68
30.21
29.90
29.72
29.27
29.75
29.76
29.11
29.07
29.06
29.56
29.34
29.19
28.45
28.55
28.51
29.35
29.23
29.65
28.90
29.29
29.13
29.34
30.02
29.84
30.70
30.93
30.14
30.70
29.87
30.02
30.17
29.91
30.59
30.56
30.76
30.70
30.19
30.00
29.74
29.30
28.63
29.39
29.44
29.66
30.45
30.67
30.12
29.28
29.15
28.83
29.16
29.76
29.64
29.47
29.41
29.19
29.75
29.95
30.26
30.33
30.50
30.42
30.39
30.13
30.20
30.78
30.90
30.74
30.80
30.54
30.26
30.56
30.69
30.63
30.65
30.32
30.82
30.39
30.39
31.35
30.95
30.72
30.79
30.78
30.94
31.21
31.21
31.18
31.05
31.45
31.19
30.78
30.39
30.17
30.16
29.76
29.49
29.66
29.86
30.03
29.85
29.78
29.28
28.98
28.95
29.20
29.51
29.49
29.59
29.50
28.64
28.00
28.05
27.90
27.88
28.21
28.54
29.52
29.50
29.63
29.86
29.08
28.81
28.83
28.22
27.09
26.84
26.66
26.52
26.73
26.71
26.95
27.70
27.39
27.08
27.36
26.95
26.62
26.43
26.37
26.67
26.73
26.46
26.94
27.32
27.24
27.11
26.81
27.10
27.56
27.31
27.68
27.45
27.06
26.86
26.96
26.55
26.71
27.62
27.25
26.74
26.69
26.55
26.70
26.46
26.83
26.89
27.21
27.04
27.25
27.25
27.15
27.61
27.63
27.88
27.91
28.01
27.85
27.45
27.93
27.44
27.50
27.34
27.28
27.55
27.86
27.88
28.03
28.04
28.01
28.05
27.87
27.49
27.76
27.37
27.37
27.81
27.80
27.95
28.15
28.35
28.09
28.14
28.00
27.87
27.91
27.92
28.14
28.04
28.10
28.18
28.32
28.11
28.25
28.16
28.16
28.37
28.61
28.61
28.80
28.56
28.60
28.70
28.59
29.61
30.28
28.94
28.79
28.69
28.97
28.83
28.79
29.77
30.83
30.60
31.76
31.94
31.79
32.61
33.10
32.72
33.16
33.49
33.75
33.31
32.99
32.66
32.69
33.03
33.53
33.85
34.08
34.87
35.08
34.85
34.61
34.15
34.27
35.02
34.88
35.03
34.90
35.59
34.99
34.78
34.96
35.67
35.47
34.84
35.00
34.72
34.40
35.00
34.98
34.59
33.49
33.27
33.72
33.67
34.35
34.62
34.54
34.36
33.94
34.01
34.21
34.33
34.35
34.70
35.69
35.67
36.17
36.27
35.74
35.44
31.40
32.01
31.82
31.96
31.39
31.62
31.54
31.85
31.84
31.67
31.89
31.70
31.58
32.06
32.89
32.70
32.87
32.23
32.35
31.79
31.80
31.39
31.62
31.61
32.39
34.75
34.15
33.26
33.02
33.55
33.40
31.88
31.20
31.23
31.15
31.66
32.39
32.74
32.69
33.03
32.80
32.93
33.32
33.64
32.79
32.74
32.45
32.51
32.77
33.27
33.28
33.58
33.92
33.86
33.88
33.30
33.01
33.07
33.76
34.13
34.45
34.49
34.64
34.92
34.96
34.99
34.58
33.76
33.72
35.73
35.57
35.52
35.54
35.41
35.53
35.94
36.64
38.18
37.50
37.78
37.59
37.36
38.16
38.02
37.84
37.20
36.74
37.08
37.40
37.57
37.64
37.35
37.60
38.13
38.45
38.31
38.94
38.00
38.36
38.71
38.11
37.61
37.22
36.69
36.89
36.52
36.58
36.25
36.80
36.62
37.08
37.44
37.29
37.29
37.41
37.16
36.91
36.13
36.41
35.76
35.53
36.04
34.98
35.78
36.76
36.89
36.38
36.17
35.93
36.06
36.81
36.03
36.27
36.66
36.86
37.84
36.48
36.35
35.82
36.18
36.56
36.80
37.17
37.47
37.61
37.62
37.42
37.51
37.75
37.98
37.69
37.54
37.47
37.86
38.31
37.78
38.41
38.11
38.15
37.90
37.82
38.02
38.27
37.89
37.70
38.05
39.55
39.27
40.33
40.16
40.50
40.34
39.79
39.36
40.30
40.99
41.42
41.35
41.01
39.87
39.80
39.82
40.47
39.36
39.21
39.18
39.75
40.40
40.01
39.94
39.99
39.69
39.86
39.91
40.87
40.51
40.40
40.00
39.69
39.43
39.06
39.42
39.64
39.54
39.97
40.42
40.24
39.60
39.83
39.75
39.68
40.35
40.10
40.12
40.19
40.01
40.34
40.94
40.79
40.29
40.32
41.21
41.48
41.27
41.11
40.86
40.58
41.23
41.50
41.68
41.65
41.51
41.68
41.99
41.75
42.03
41.72
42.25
41.70
41.87
41.90
41.80
41.99
41.78
41.67
41.69
42.09
42.14
42.45
44.08
44.53
44.69
44.84
44.83
44.87
44.40
44.50
43.97
43.89
43.58
43.16
42.86
43.37
43.08
42.74
43.23
43.20
43.20
43.52
44.08
44.27
44.79
45.11
45.33
44.95
45.22
45.15
45.17
45.01
44.87
44.88
45.43
45.09
44.96
45.26
45.91
46.47
46.76
46.84
47.00
46.70
46.24
46.76
46.52
46.68
47.52
47.06
46.56
47.08
46.04
46.41
46.44
46.36
45.90
45.76
46.09
46.09
45.53
46.78
45.85
44.03
43.65
43.73
43.22
42.74
43.63
44.08
44.88
44.38
45.02
46.13
45.91
46.49
46.62
46.05
46.95
47.44
47.57
47.86
48.70
48.68
48.89
48.87
48.78
49.61
49.58
49.46
48.74
48.22
48.70
