112.00
112.25
109.38
108.38
107.31
111.38
108.69
104.44
101.50
105.75
111.75
106.00
105.88
103.25
100.81
99.56
99.12
97.25
97.25
94.88
97.69
100.50
100.12
104.14
104.25
106.44
103.88
102.50
99.12
99.06
98.12
97.12
97.14
94.88
92.81
92.06
92.00
90.50
88.12
88.88
88.94
91.12
93.88
90.12
91.94
91.00
95.00
99.50
97.50
95.12
93.69
93.25
94.50
96.50
96.50
101.12
106.62
109.56
103.94
102.38
105.12
102.50
104.12
90.00
84.94
85.88
85.27
85.00
86.00
83.50
78.75
79.00
73.25
73.00
75.88
78.12
77.50
65.00
67.62
67.38
67.38
68.25
71.69
69.50
68.81
69.31
69.88
69.69
67.50
65.75
65.75
68.25
68.00
69.06
67.25
65.88
64.50
62.44
63.06
63.00
61.12
60.38
62.00
62.06
63.81
65.00
66.00
67.81
67.12
68.25
68.31
66.38
66.12
69.50
70.62
71.50
72.00
73.75
76.94
79.31
77.00
77.50
78.38
78.62
77.06
76.69
79.38
78.25
78.50
80.56
79.38
78.50
77.19
77.38
78.44
77.50
77.44
72.81
73.12
71.88
70.00
68.38
67.25
67.50
69.62
69.25
68.19
68.50
68.12
68.19
69.75
70.00
73.12
71.75
71.62
71.38
71.50
70.56
70.56
70.00
70.06
70.22
70.38
69.94
70.56
70.12
70.88
69.69
69.69
69.69
69.81
69.31
69.44
69.19
68.06
67.62
67.19
65.69
63.31
62.19
63.38
63.19
63.56
61.00
60.44
60.44
59.81
60.62
58.62
58.25
56.50
54.50
55.25
54.75
53.00
53.81
54.00
53.81
52.12
49.56
50.25
48.44
58.00
61.12
60.69
60.19
60.44
60.81
64.62
67.38
68.00
68.44
69.62
68.06
68.25
69.50
68.00
68.44
66.81
64.41
67.31
68.69
68.94
67.80
65.56
67.38
66.00
68.50
70.62
66.81
63.25
57.00
56.06
55.19
58.25
56.06
52.25
53.44
55.00
56.75
56.81
55.38
47.75
47.00
44.50
41.38
40.31
44.75
45.88
45.00
43.88
43.00
42.88
43.12
46.88
47.56
46.69
49.75
50.75
52.31
52.50
51.12
52.56
52.62
58.88
59.00
58.94
60.75
61.56
61.00
63.50
62.88
61.00
60.38
60.75
60.25
61.69
61.81
62.00
58.50
57.19
58.12
56.38
57.88
56.12
55.38
55.19
53.88
54.31
57.38
58.67
58.19
56.25
56.44
56.56
58.38
59.31
58.44
54.88
51.62
52.00
52.19
53.50
52.48
53.12
52.62
49.75
50.50
54.38
55.56
55.88
55.38
54.56
53.88
54.62
52.75
51.06
53.50
55.06
55.66
57.78
59.70
59.35
60.12
60.04
63.00
65.75
68.50
66.90
67.14
67.25
68.25
66.21
67.68
67.60
69.35
68.14
67.96
70.70
70.75
69.86
69.96
68.65
68.30
68.00
67.33
67.55
67.25
67.75
69.18
69.51
69.27
70.36
70.05
68.65
68.40
68.70
69.80
70.50
71.55
72.08
72.05
71.51
70.81
70.64
68.40
66.40
66.01
66.85
67.10
68.92
68.58
67.77
67.70
69.36
70.53
71.40
70.15
69.93
68.44
65.67
65.04
64.35
64.20
70.33
70.94
70.15
70.14
69.87
71.22
67.94
66.35
65.70
65.61
65.50
65.05
65.54
65.85
65.76
66.26
66.00
65.68
65.99
64.49
64.30
62.90
64.75
64.45
63.20
62.70
61.50
61.10
60.71
59.08
59.00
59.23
61.57
60.58
59.54
56.52
56.30
56.07
55.39
55.90
55.31
54.70
52.80
53.17
50.60
50.67
47.50
49.87
50.16
49.55
48.00
48.98
50.41
51.56
52.40
56.21
54.94
56.74
54.19
53.00
54.59
54.55
55.85
57.21
55.98
55.50
55.63
57.47
59.40
59.62
59.57
62.08
59.54
58.19
58.10
59.60
60.51
61.75
62.16
64.03
63.66
63.91
63.65
66.60
65.79
65.45
64.95
65.70
65.03
63.48
63.62
64.40
62.75
62.73
62.95
63.93
63.80
64.10
65.20
67.55
66.55
66.86
67.07
66.25
66.07
65.93
67.16
68.60
68.45
66.62
67.00
67.20
67.39
67.26
67.70
66.25
65.51
67.09
68.67
68.35
68.00
68.55
68.13
68.10
67.74
68.50
67.85
68.40
65.42
64.25
63.24
63.80
63.51
62.91
61.99
61.33
62.12
62.47
60.75
60.50
60.25
59.75
58.83
59.59
60.02
59.95
61.32
60.20
58.60
58.80
58.01
57.15
57.89
57.90
57.99
58.14
58.85
60.87
62.34
62.19
61.86
63.17
63.00
61.67
61.95
61.05
60.97
61.20
61.50
60.10
59.83
60.22
59.15
58.31
58.59
59.66
59.20
57.11
55.50
55.42
55.84
54.26
54.80
55.06
54.50
54.86
55.40
56.36
56.42
52.68
56.86
55.00
53.30
53.00
52.88
51.46
51.44
51.92
50.66
51.15
49.51
48.37
48.35
51.22
51.90
49.99
49.75
53.98
53.86
54.65
55.27
53.50
52.13
51.85
53.01
53.04
51.75
51.55
51.43
50.88
49.17
49.24
50.33
50.00
49.86
51.46
52.42
52.50
54.20
53.00
55.37
55.35
54.32
53.90
52.28
51.85
52.80
51.05
52.86
54.00
52.58
51.33
50.45
53.05
52.58
52.97
52.13
51.25
51.48
48.00
50.64
51.17
50.66
48.81
45.90
42.97
41.41
42.44
43.68
46.55
47.33
46.36
45.50
43.80
43.81
44.84
45.16
46.41
47.66
47.60
46.92
47.21
48.75
48.92
49.85
50.75
51.15
52.60
51.84
51.18
50.65
49.30
48.52
49.00
47.00
47.15
45.88
47.47
46.63
48.35
48.53
47.02
46.85
47.05
47.21
46.66
46.59
47.30
44.81
44.63
45.05
45.95
45.19
43.11
43.19
45.16
44.60
43.69
43.69
44.13
43.81
43.25
47.01
47.84
50.65
50.28
50.05
51.14
51.36
51.03
51.43
50.90
51.16
51.51
50.85
51.63
52.85
51.90
55.52
55.58
55.53
55.50
55.01
53.82
53.90
54.11
55.87
55.67
55.74
54.31
54.93
56.78
57.05
57.57
56.78
57.40
57.68
57.01
56.41
55.82
55.30
54.22
53.51
53.48
53.58
53.69
52.49
52.67
53.78
52.79
52.88
52.95
52.90
53.52
53.17
52.90
52.27
51.26
51.71
52.88
53.80
54.68
54.11
54.53
54.90
55.77
56.19
56.19
55.11
51.31
51.29
50.91
51.46
49.70
48.41
48.56
47.93
48.19
47.03
47.46
46.88
46.73
46.56
46.41
46.54
46.00
46.26
46.13
46.77
24.40
24.17
24.10
23.70
23.84
23.38
23.58
23.30
23.55
23.40
23.06
23.05
23.13
22.90
22.89
22.76
22.55
23.44
24.26
24.33
25.50
25.74
25.67
26.03
25.18
25.03
25.24
24.59
24.60
24.01
24.25
25.10
25.60
24.93
25.17
25.20
24.54
24.28
23.95
24.00
24.10
24.60
24.74
25.08
25.03
25.47
25.32
25.17
25.32
25.68
25.25
25.34
25.56
25.84
25.82
25.84
25.71
25.89
26.06
25.89
25.54
25.57
25.41
24.74
24.50
23.89
24.04
24.03
24.22
24.30
24.23
24.51
24.57
24.57
24.74
24.01
23.65
23.60
23.85
24.42
24.74
24.49
24.67
25.53
25.71
26.01
26.01
25.49
25.52
25.14
25.21
25.53
25.50
25.39
26.45
26.41
26.95
27.25
27.25
26.59
26.89
27.05
27.10
27.20
26.54
26.75
26.00
26.13
26.14
25.98
26.07
26.49
26.24
26.17
26.31
26.12
25.75
25.60
25.43
25.45
25.50
25.54
25.45
25.50
25.52
25.43
25.46
25.77
26.00
26.13
26.21
26.23
25.96
26.30
26.24
26.35
26.47
27.38
27.99
28.17
28.34
28.31
27.48
27.59
27.45
28.33
28.32
28.47
28.42
29.52
28.81
28.88
28.42
28.22
28.14
28.10
27.75
27.81
28.19
28.93
28.91
28.92
28.68
28.80
28.67
28.50
28.48
28.70
28.80
28.80
28.80
29.17
28.80
28.10
26.42
26.82
26.88
26.66
25.91
26.11
26.29
26.01
26.00
26.00
26.03
26.00
25.67
25.60
25.45
25.44
24.84
25.12
25.17
25.08
25.08
25.28
25.38
25.32
25.40
25.50
25.61
25.62
25.66
25.92
25.81
26.25
26.38
26.28
26.50
26.68
26.77
26.85
27.05
27.19
26.97
27.01
27.00
27.00
27.16
27.40
27.23
27.33
27.72
28.07
28.01
28.00
27.59
27.35
27.26
27.47
27.42
27.53
27.93
27.85
27.94
28.22
28.32
28.22
27.47
27.57
27.55
27.24
27.18
27.01
26.83
26.93
26.85
26.82
26.85
26.93
26.50
26.59
26.74
26.43
26.50
26.48
26.55
26.61
26.41
26.35
26.50
26.35
26.22
26.21
26.20
25.81
25.54
25.35
25.07
25.23
25.06
25.10
25.11
24.58
24.56
24.01
24.11
24.18
24.58
25.00
25.00
25.03
24.87
24.85
25.44
25.73
25.66
25.35
25.36
25.43
25.41
25.38
25.10
25.11
25.06
25.28
25.20
25.47
27.34
27.10
27.13
26.47
26.31
25.96
26.19
26.02
26.25
26.03
25.75
25.62
25.79
25.43
25.79
25.64
25.42
25.64
25.62
25.59
25.78
25.74
25.60
25.85
25.92
26.02
25.87
26.01
25.86
25.94
25.97
26.24
26.40
26.38
26.53
26.97
27.15
27.29
27.70
28.12
27.81
28.00
28.36
28.25
28.17
28.18
28.39
28.26
28.40
27.94
27.55
27.55
27.64
27.59
27.60
27.34
27.80
27.25
27.60
27.85
28.81
28.83
28.02
28.20
28.13
28.28
28.25
28.33
28.16
28.00
27.99
27.52
27.06
27.10
27.25
27.20
26.86
26.98
26.96
26.98
26.89
27.01
27.04
27.12
27.09
27.18
27.39
27.45
26.85
27.05
27.14
27.35
27.10
27.16
27.14
27.18
27.18
26.74
27.27
27.14
27.17
27.26
27.33
27.25
27.07
27.17
27.19
27.13
27.04
27.23
27.52
27.78
28.07
28.10
28.23
28.16
27.97
27.93
27.81
27.94
27.80
27.82
27.98
28.17
28.12
28.47
27.58
27.55
27.63
27.58
27.90
27.80
27.96
28.03
28.31
28.38
29.03
29.13
29.35
29.69
29.82
29.80
27.20
27.05
27.06
27.00
26.84
26.10
26.40
26.40
26.55
26.61
26.70
26.81
26.92
27.14
27.07
27.00
26.91
26.94
27.04
26.91
27.04
27.07
27.01
26.80
26.89
26.94
26.78
26.83
26.82
26.80
26.82
26.75
26.68
26.65
26.66
26.76
26.64
26.62
26.54
26.61
26.62
26.16
26.04
25.84
25.92
25.74
25.64
25.64
25.75
25.90
25.85
25.96
26.16
26.22
26.28
26.10
26.14
26.06
26.16
26.04
26.00
25.81
25.91
25.86
25.67
25.60
25.40
25.20
25.17
25.15
25.15
25.13
25.13
25.16
25.14
25.13
25.16
25.34
25.28
25.25
25.06
24.96
24.89
24.56
24.53
24.28
24.15
23.96
23.96
24.20
24.18
23.82
24.00
24.12
24.10
23.94
24.12
24.45
24.63
24.91
24.86
24.80
24.99
24.83
24.41
24.40
24.45
24.30
24.47
24.78
24.86
24.74
24.63
24.44
24.79
24.95
25.09
25.11
25.08
25.19
25.05
24.82
24.64
24.83
24.99
25.19
25.25
25.42
25.70
25.73
25.74
25.72
25.50
25.73
25.81
25.75
25.61
25.64
25.34
25.31
25.31
25.34
25.35
25.34
25.26
25.24
25.11
24.95
24.92
24.93
25.04
25.03
25.15
25.04
25.03
25.03
25.00
24.82
24.67
24.62
24.69
24.50
24.63
25.11
25.20
25.48
25.79
25.75
25.55
25.75
25.88
26.00
25.63
25.65
25.53
25.53
25.66
25.59
25.76
25.87
26.73
27.05
27.25
27.08
27.01
26.85
26.89
26.90
26.69
26.70
26.66
26.80
26.70
26.77
26.74
26.78
26.85
26.87
26.81
26.96
27.04
27.15
26.97
26.98
26.82
26.52
26.53
26.52
26.37
26.30
26.22
25.97
25.86
25.69
25.43
25.15
25.12
25.21
25.30
25.38
25.50
25.61
25.44
24.75
24.67
24.53
24.52
24.35
24.25
24.27
24.27
24.50
24.44
24.45
24.50
24.74
24.57
24.68
24.83
24.93
24.85
25.10
25.50
25.61
25.93
26.25
26.45
26.70
26.77
26.94
26.64
27.13
27.20
27.25
27.44
27.76
27.90
27.84
27.86
27.74
27.47
27.53
27.60
27.63
27.73
27.79
27.71
27.68
27.55
27.60
27.64
27.33
27.00
26.85
26.81
26.81
26.65
26.67
26.71
26.42
26.44
26.45
26.35
26.26
26.10
26.10
26.77
26.91
26.49
26.76
26.59
26.90
26.97
27.01
26.90
26.70
26.85
26.26
26.30
26.22
26.23
26.31
27.19
27.78
27.87
27.76
27.55
27.34
27.09
26.81
26.71
26.65
26.51
26.34
26.35
26.50
26.57
26.56
26.34
26.47
26.54
26.52
26.67
26.87
26.95
26.90
26.74
26.83
26.81
26.97
27.00
26.88
26.94
26.99
27.01
27.22
27.27
27.67
27.68
26.80
26.66
26.62
27.00
26.81
26.92
27.00
27.21
27.44
27.47
27.64
27.37
27.23
27.20
27.00
26.97
27.00
26.73
26.82
26.96
26.70
27.00
26.98
27.02
27.00
26.94
24.00
24.09
23.90
23.15
23.14
23.52
23.51
23.49
23.59
23.15
23.05
23.03
22.91
22.73
22.76
22.52
22.45
22.77
22.98
23.54
23.56
23.14
22.65
22.62
22.67
22.49
21.98
22.01
21.97
21.89
21.70
21.46
21.55
21.80
21.79
22.12
22.50
22.53
22.78
22.50
22.63
22.84
22.91
23.22
23.30
23.45
23.30
23.42
23.30
23.38
22.74
22.62
22.25
22.23
22.26
22.48
22.72
22.78
23.00
23.79
23.90
24.10
23.77
24.06
24.01
23.85
24.03
24.15
24.15
24.19
24.20
24.34
24.34
24.20
24.35
24.44
24.47
24.61
24.98
25.56
25.62
25.52
25.50
25.69
25.69
25.63
25.64
25.68
25.64
25.56
25.51
25.39
25.46
25.42
25.72
25.82
25.98
26.49
26.67
26.72
26.99
26.85
26.48
26.79
26.88
27.12
27.26
27.21
27.15
27.21
27.37
27.78
27.65
27.62
27.44
27.42
27.54
28.31
28.33
28.17
28.26
28.12
28.17
28.18
28.13
28.14
28.04
28.25
28.32
28.56
28.70
28.58
28.61
28.76
28.80
28.66
29.00
29.15
29.16
29.07
29.11
29.13
29.28
29.50
29.79
29.82
29.64
29.33
29.13
29.43
29.33
28.90
29.17
29.03
28.87
28.81
28.80
29.11
29.22
29.32
29.52
30.03
29.78
29.53
29.97
29.89
29.62
29.40
29.91
29.81
29.83
29.40
29.44
29.45
29.53
29.73
29.43
29.65
30.64
31.03
31.01
30.80
30.69
30.51
30.52
30.65
30.45
30.60
30.34
30.14
30.35
30.37
30.13
29.41
29.22
29.25
29.20
28.93
28.83
28.96
29.15
29.22
28.65
28.47
28.74
29.16
28.89
28.82
27.79
27.92
27.73
27.76
27.41
27.65
27.55
26.60
27.03
27.13
26.71
26.73
27.20
27.20
27.20
27.76
27.56
28.01
27.80
27.70
27.65
27.40
27.49
27.50
27.56
27.75
27.90
28.30
28.39
28.22
27.99
28.04
28.10
28.21
28.56
28.36
28.26
28.70
28.67
28.59
28.69
28.91
30.00
29.94
29.90
30.30
30.53
30.29
30.48
30.58
30.57
30.53
30.55
30.81
30.84
30.81
30.96
30.58
30.73
30.66
30.57
29.96
30.18
30.39
30.51
30.61
30.55
30.40
30.33
30.25
29.59
29.41
29.93
29.77
29.85
30.30
30.43
30.42
30.38
29.96
29.91
29.45
29.38
29.50
29.36
29.68
29.04
29.49
29.78
29.83
29.66
29.81
29.18
29.21
29.44
29.66
29.72
30.01
30.50
30.93
30.79
31.12
30.71
30.37
29.51
29.36
28.95
28.98
28.82
29.02
28.90
28.75
29.05
29.21
28.92
28.26
28.44
28.20
28.05
27.51
27.82
28.08
27.87
28.01
28.10
28.07
28.40
27.91
27.82
28.32
28.36
28.48
28.42
28.55
28.32
28.41
28.58
28.80
28.96
28.88
28.62
28.27
28.30
28.34
28.44
28.80
29.11
29.48
29.44
29.23
29.41
29.57
29.29
29.44
29.73
29.60
30.00
30.03
29.79
29.95
30.00
30.23
30.65
30.63
30.11
30.12
30.71
30.50
31.49
34.56
34.45
34.35
35.51
36.36
36.42
36.63
35.87
35.45
34.40
33.65
33.02
33.38
33.75
33.55
33.71
33.87
34.10
34.18
33.71
32.93
32.68
32.90
33.31
33.19
32.68
32.63
33.03
33.87
34.22
34.47
33.93
33.93
34.28
35.01
34.36
34.21
34.38
35.08
35.75
36.05
36.26
35.94
35.67
35.52
35.00
34.86
34.09
34.25
33.40
33.35
33.78
33.72
34.08
34.00
32.51
32.97
32.97
31.50
31.04
32.12
32.87
32.42
32.35
32.05
31.72
30.25
30.11
28.89
28.29
27.90
28.24
27.91
28.11
28.53
28.46
28.25
28.07
27.92
27.96
27.20
27.48
27.67
28.10
27.80
27.02
26.87
26.96
27.70
27.50
27.32
27.75
28.38
28.54
28.16
27.64
27.28
28.67
28.62
28.59
29.06
28.94
28.38
28.00
27.83
27.84
28.63
29.00
28.80
28.74
29.03
28.54
28.54
28.80
28.21
27.93
28.03
28.38
28.90
29.61
30.12
29.97
30.30
31.16
29.60
28.82
28.45
28.51
28.48
28.86
28.99
28.93
29.08
29.00
28.95
29.35
29.53
29.73
29.94
29.92
29.31
28.63
28.19
28.18
27.95
28.05
28.04
28.14
28.20
27.55
27.27
27.20
27.60
27.49
27.30
27.32
27.11
27.19
28.50
28.64
28.79
28.46
28.33
28.10
27.79
27.51
27.76
27.75
27.46
27.49
26.44
25.88
25.60
25.45
25.51
25.18
24.98
24.87
25.07
24.93
25.92
27.11
25.11
25.53
25.48
25.85
25.44
25.50
25.34
25.40
25.90
25.71
25.07
25.11
25.50
26.38
26.73
27.19
27.66
27.58
27.76
27.56
27.58
27.55
27.27
27.17
26.86
27.22
27.46
27.17
27.13
27.60
27.29
27.06
26.84
26.35
25.63
25.67
26.05
26.25
26.03
26.94
26.73
25.52
24.50
24.01
23.50
25.32
25.34
25.46
25.74
26.14
25.01
25.54
26.28
25.70
26.24
24.14
23.14
22.50
22.07
20.65
22.63
23.60
22.48
21.31
23.31
23.01
23.27
20.90
20.89
20.95
21.02
21.34
22.70
22.39
22.12
22.21
22.87
22.05
20.86
21.00
21.19
20.79
20.28
18.74
19.65
19.15
18.75
18.25
17.50
17.98
19.87
19.55
19.73
20.02
18.60
18.56
18.60
18.79
18.47
20.14
20.46
20.30
19.31
18.70
18.89
19.00
19.50
18.99
19.11
18.89
19.01
19.10
19.09
18.64
19.00
19.27
19.37
20.06
20.61
19.48
19.55
19.41
19.30
19.52
19.01
18.52
19.15
18.37
18.46
17.07
16.75
17.23
17.43
17.76
17.56
17.10
17.00
17.60
18.50
18.25
19.06
19.26
18.70
18.92
18.54
19.04
17.89
18.00
17.81
17.66
17.16
16.36
16.46
16.42
16.10
15.72
15.64
15.89
15.27
14.87
15.10
15.25
16.43
16.48
16.18
16.24
16.26
16.60
16.92
16.88
17.31
17.84
17.52
18.12
18.05
17.27
17.78
18.18
19.00
18.43
18.27
18.63
18.96
19.22
19.37
19.00
18.51
18.99
19.00
18.57
18.57
18.70
18.47
19.50
20.28
19.79
20.06
20.01
19.86
19.98
19.64
19.61
19.14
19.14
19.01
19.47
19.67
19.80
19.98
20.24
20.25
20.22
19.51
19.47
19.45
20.07
20.05
20.30
20.86
21.20
21.29
21.58
21.81
21.63
21.88
22.12
22.57
22.74
23.02
23.44
23.17
23.30
23.75
23.25
23.21
23.36
23.20
23.32
23.55
23.63
23.96
23.21
22.87
22.46
22.00
22.37
22.15
22.14
22.86
23.56
23.86
24.10
24.15
24.37
24.51
24.84
22.81
22.90
22.90
23.34
23.71
23.50
23.50
23.53
23.79
23.27
23.50
23.30
23.05
23.03
23.40
23.51
23.23
23.27
23.25
23.54
23.77
24.28
24.46
24.42
24.30
24.61
24.29
23.90
23.78
23.76
24.08
24.41
24.67
24.65
24.81
24.64
24.86
24.95
25.06
25.10
25.10
25.29
25.64
25.66
25.52
25.60
25.69
25.38
24.80
24.43
24.52
24.66
24.88
25.22
25.46
25.55
25.52
25.82
25.90
26.10
26.25
25.94
26.39
26.13
27.88
28.11
28.44
27.95
27.85
27.66
27.41
27.43
27.62
28.28
28.20
28.53
28.81
29.02
29.00
29.37
29.37
29.47
29.81
29.70
29.43
29.70
29.75
29.58
28.75
29.00
29.41
29.65
29.76
29.83
29.68
29.38
29.25
29.66
29.79
29.90
29.88
30.04
29.57
29.80
30.37
30.54
30.69
30.76
30.89
31.23
30.80
30.48
30.59
30.64
30.52
30.19
30.24
30.12
29.91
30.01
30.26
30.71
30.68
30.31
30.00
28.84
29.10
29.09
29.02
28.89
27.66
27.92
28.14
28.12
27.81
27.57
27.57
27.75
27.84
27.70
27.58
28.02
28.36
28.51
28.69
28.65
28.09
28.38
28.02
28.51
28.53
28.24
28.35
28.27
28.42
28.50
28.55
28.80
28.85
29.04
29.01
29.20
29.40
29.50
29.35
29.39
29.41
29.60
29.80
29.59
29.55
29.50
29.17
28.62
29.03
28.98
29.14
29.30
29.90
30.21
30.13
30.66
30.71
30.60
30.76
31.13
31.23
30.90
30.65
30.86
30.75
30.62
30.67
30.52
30.58
29.75
29.69
27.91
27.32
28.71
28.57
28.92
29.18
28.64
28.45
28.40
27.79
27.04
26.44
26.26
25.38
24.56
25.73
25.66
25.52
25.73
26.41
25.62
25.24
24.65
24.75
24.78
24.77
25.47
25.74
26.23
26.04
26.17
25.89
25.76
25.22
24.93
24.31
24.12
23.11
22.95
22.73
23.05
23.58
23.61
23.97
24.15
24.42
24.90
25.12
24.98
24.88
24.91
24.70
24.98
25.47
25.25
25.80
25.96
25.83
25.60
25.35
25.75
25.97
25.44
25.21
25.02
25.37
24.88
24.56
24.36
24.24
24.30
24.60
24.41
24.21
24.20
24.24
24.00
23.87
23.79
23.51
23.60
23.32
23.54
23.71
24.20
23.92
23.74
23.99
23.79
24.09
24.89
24.92
25.05
25.08
25.11
25.08
24.36
24.36
24.58
24.59
24.35
24.40
24.36
24.30
23.78
23.91
24.13
24.28
24.37
24.50
24.43
24.89
25.00
25.23
25.45
24.95
25.10
25.05
25.27
25.17
25.06
25.62
25.92
26.48
26.70
27.02
26.96
27.01
26.53
26.58
26.71
26.81
26.28
26.10
26.17
25.65
25.55
25.61
25.60
25.44
25.09
25.16
25.17
24.93
25.00
25.56
26.20
26.78
26.76
26.85
26.80
27.01
27.11
27.17
27.26
27.53
27.66
27.75
27.68
27.76
27.98
27.96
27.88
27.96
27.88
27.78
27.63
27.92
27.85
27.77
27.86
28.25
28.04
28.05
28.07
28.01
27.91
28.14
28.27
28.13
28.02
27.99
28.12
28.50
28.49
27.45
27.42
27.61
27.88
27.54
27.51
27.79
28.05
27.91
27.29
27.07
26.95
26.95
26.60
26.91
26.99
26.52
26.43
26.50
26.50
26.51
26.15
26.04
26.18
25.80
25.55
25.65
25.66
25.35
25.36
25.35
25.00
24.68
24.75
24.80
25.15
25.23
25.18
25.50
25.59
25.38
25.30
25.50
25.34
25.31
25.41
25.74
25.86
25.97
25.96
25.80
25.55
25.56
25.09
25.18
24.72
24.87
25.51
25.36
25.34
25.67
26.13
26.40
25.36
25.48
25.49
25.79
25.68
25.75
25.67
25.25
25.21
25.10
24.95
24.50
24.27
24.25
24.50
24.44
24.03
24.04
24.16
24.32
24.65
24.70
24.37
24.18
23.84
23.77
23.90
23.86
23.82
23.69
23.70
24.19
23.67
23.65
23.98
24.16
24.40
24.59
24.20
24.19
24.23
25.16
25.36
25.66
25.84
25.90
25.96
26.36
26.51
26.49
26.34
26.51
26.36
26.47
26.26
26.78
26.98
26.65
26.68
27.19
27.78
27.20
27.21
27.26
26.75
26.76
26.48
25.93
25.23
24.39
24.03
24.10
24.40
24.65
25.15
25.05
24.93
24.03
23.91
23.79
24.03
24.42
24.50
24.42
25.37
25.70
26.26
26.21
25.66
25.11
25.57
25.95
25.50
25.27
25.81
25.89
26.31
26.83
26.60
26.93
25.97
24.60
24.69
24.73
25.45
25.51
25.09
24.88
24.52
24.26
25.16
25.70
26.20
26.47
26.72
26.90
26.62
27.02
26.85
26.80
27.01
26.40
26.80
27.04
26.72
26.10
26.65
26.79
26.62
25.86
25.70
25.98
26.00
26.13
26.69
26.06
26.12
26.57
26.65
26.40
26.04
25.44
25.15
24.90
24.65
24.47
24.30
24.69
24.75
25.14
25.20
25.16
25.50
25.61
25.34
25.37
25.50
25.29
25.65
25.57
25.54
25.63
25.46
25.81
25.44
25.48
25.73
25.93
25.76
25.86
25.91
26.39
26.78
27.29
27.53
27.72
27.75
27.37
27.65
27.79
28.17
27.97
28.03
28.75
29.35
29.18
29.07
29.40
29.17
28.83
29.23
29.76
29.71
30.09
29.97
30.05
30.22
30.48
30.36
30.43
29.85
30.03
30.30
30.95
31.15
31.18
31.00
31.24
31.10
31.38
31.61
31.85
32.00
31.62
31.49
31.53
31.90
31.92
31.82
32.15
32.49
32.58
32.50
32.15
31.74
31.82
31.79
31.72
32.15
32.40
32.04
31.81
32.04
31.95
31.66
31.05
31.05
30.97
30.30
30.23
30.42
30.72
30.77
31.20
31.04
30.94
32.05
32.03
31.83
31.87
31.92
31.88
31.92
31.95
31.64
31.61
30.92
30.57
30.17
30.10
30.45
30.69
30.64
30.15
29.74
29.71
29.17
29.06
29.50
28.64
28.76
29.01
29.22
29.12
28.94
28.44
28.32
28.39
28.81
29.17
29.05
28.82
28.84
29.05
28.88
29.49
29.71
30.05
30.64
30.06
30.03
29.62
29.94
30.03
29.42
30.14
30.21
30.17
30.38
29.95
29.78
29.51
29.11
28.54
28.72
29.04
29.20
29.46
30.38
30.05
29.01
28.90
28.78
29.09
29.18
29.46
29.33
29.21
28.97
29.48
29.81
29.87
30.11
30.30
30.25
30.16
30.01
30.02
30.26
30.59
30.58
30.61
30.47
30.08
30.18
30.59
30.52
30.44
30.22
30.38
30.15
30.21
30.46
30.73
30.51
30.61
30.73
30.40
30.81
31.04
31.03
31.04
30.91
31.09
30.64
30.36
30.04
29.89
29.74
29.42
29.50
29.67
29.57
29.74
29.55
29.18
28.95
28.87
28.80
29.25
29.32
29.09
29.26
28.50
27.83
27.76
27.87
27.86
27.84
28.50
28.82
29.33
29.33
29.61
29.05
28.80
28.81
28.21
26.75
26.80
26.63
26.34
26.47
26.46
26.67
27.20
27.17
27.04
26.77
26.86
26.49
26.40
26.34
26.26
26.61
26.37
26.52
27.05
27.08
26.95
26.70
26.68
27.14
27.25
27.15
27.00
27.00
26.70
26.57
26.55
26.37
27.15
27.16
26.73
26.64
26.46
26.56
26.29
26.28
26.76
26.83
27.01
27.06
27.04
27.00
27.20
27.47
27.39
27.76
27.60
27.76
27.40
27.55
27.42
27.36
27.25
27.10
27.31
27.50
27.75
27.88
27.87
27.88
27.80
27.83
27.23
27.48
27.37
27.34
27.33
27.74
27.52
27.70
28.16
27.78
28.01
27.96
27.67
27.64
27.75
27.93
27.98
27.81
28.03
28.18
28.05
28.10
27.96
28.11
28.08
28.26
28.36
28.52
28.54
28.27
28.11
28.47
28.68
29.52
28.73
28.66
28.51
28.70
28.60
28.50
29.61
30.27
30.38
30.60
31.54
31.45
31.77
32.28
32.60
32.39
33.08
33.25
33.24
32.65
32.59
32.32
32.55
32.80
33.43
33.55
34.10
34.68
34.72
34.36
33.90
33.90
34.41
34.57
34.81
34.79
34.83
34.77
34.43
34.49
35.06
35.14
34.68
34.85
34.59
34.25
34.63
34.90
34.59
33.37
33.05
32.57
33.46
33.89
34.50
34.34
34.33
33.63
33.60
33.58
33.98
34.14
34.32
34.90
35.28
35.58
35.96
35.49
35.22
31.02
31.60
31.71
31.89
31.25
31.21
31.40
31.55
31.71
31.60
31.57
31.64
31.38
31.25
32.05
32.47
32.46
32.21
31.70
30.84
31.66
31.38
31.37
31.54
32.10
34.00
34.03
33.15
33.00
32.80
33.09
31.29
31.11
30.95
31.13
31.20
31.79
32.53
32.59
32.51
32.73
32.90
32.83
33.32
32.69
32.50
32.15
32.40
32.59
32.87
32.70
33.30
33.29
33.42
33.62
33.20
32.80
32.96
33.26
33.68
33.78
34.47
34.56
34.37
34.33
34.91
34.52
33.67
33.57
35.47
35.27
35.26
35.43
35.34
35.39
35.55
35.77
37.06
37.43
37.34
37.35
37.20
36.90
37.72
37.72
37.07
36.67
36.86
37.26
37.33
37.57
37.35
37.49
37.82
38.06
38.08
38.12
37.18
37.99
38.37
38.02
37.39
37.18
36.62
36.54
36.33
35.53
36.08
36.19
36.55
36.64
37.17
37.17
36.90
37.22
37.10
36.60
36.11
36.21
35.58
35.40
35.75
34.83
34.63
35.85
36.31
36.15
36.06
35.75
35.52
36.53
35.98
35.75
35.90
36.23
36.56
36.43
36.25
35.80
35.69
36.01
36.29
36.86
37.30
37.33
37.33
37.41
37.21
37.40
37.86
37.54
37.35
37.19
37.23
37.82
37.49
38.07
37.93
37.89
37.69
37.72
37.72
37.79
37.64
37.51
37.79
38.22
38.91
39.24
40.01
39.86
39.96
39.60
39.34
39.68
40.40
41.07
41.17
40.71
39.64
39.74
39.20
39.88
39.09
39.00
38.90
39.05
39.91
39.51
39.79
39.83
39.47
39.30
39.75
40.09
40.39
40.17
39.95
39.66
39.30
38.95
38.51
38.97
39.37
39.65
39.85
40.05
39.51
39.27
39.46
39.46
39.74
39.85
40.00
39.81
39.82
39.91
40.25
40.68
40.25
39.86
40.40
41.24
41.02
40.86
40.77
40.29
40.86
41.04
40.34
41.18
41.33
41.38
41.69
41.56
41.46
41.43
41.51
41.70
41.69
41.53
41.56
41.71
41.61
41.53
41.05
41.48
42.04
42.03
42.48
44.25
44.25
44.22
44.59
44.62
44.32
44.30
43.93
43.64
43.29
43.08
42.60
42.81
42.83
42.21
42.65
42.91
43.02
43.00
43.52
44.01
44.40
44.68
44.83
44.90
44.83
45.07
45.04
44.94
44.76
44.61
44.86
44.85
44.53
44.72
45.11
45.99
46.42
46.28
46.47
46.60
46.10
46.29
46.23
46.46
46.60
46.98
46.47
46.34
46.03
45.76
45.76
46.01
45.85
45.64
45.61
45.92
45.42
45.34
45.74
43.95
43.49
43.56
42.10
42.22
42.79
42.81
44.19
44.23
44.53
45.18
45.71
45.77
46.34
45.77
46.48
46.73
47.25
47.26
47.79
48.29
48.55
48.65
48.52
48.71
49.39
49.14
48.70
47.93
47.87
