-7.54700707262
-10.7261146497
-11.8632478632
-6.19130434783
-0.42735042735
-0.85513938772
2.05408216329
3.94456289979
11.9875353004
13.4600465477
19.9384615385
14.6690518784
8.16836440515
2.37264480112
2.03839303384
-2.01005025126
2.02798620969
6.38993967897
5.86807387863
8.37533512064
3.91644908616
4.91489361702
6.96631671041
1.06666666667
1.49107531563
0.0
-0.0531632110579
-2.91963053403
0.117471166168
-1.0766580534
5.66100198632
6.27118644068
10.6555451128
5.95157275402
5.68957669549
2.68555240793
1.36295956935
-3.7539574853
1.07502287283
44.0655737705
52.1551724138
51.1861471861
64.5395348837
52.7336244541
9.41704035874
-0.854700854701
-3.55711422846
-6.71641791045
-1.49690295939
-2.19298245614
2.63157894737
6.56700480513
2.09071580439
5.19457013575
0.0
-2.87953654796
-3.12068965517
-0.546255506608
-7.14285714286
-10.2362204724
-4.66211825861
-7.56972111554
-10.5453972257
-9.84848484848
-4.42504515352
-11.1816476699
-9.71223021583
0.698412698413
-4.34782608696
0.57523463518
4.91976990615
0.812300551204
-10.6382978723
7.39299610895
8.74074074074
8.5085413929
15.3807531381
18.0904522613
7.42350777462
0.214450676344
0.727994705493
-1.85611038108
-2.43503840497
-4.68525896414
-5.56161395856
-7.01538461538
-5.05302557704
-5.68742293465
-2.71317829457
-1.24615384615
0.3861003861
-1.444820166
0.0
0.186393289842
-1.3357619915
-1.80467091295
-1.79622641509
-1.87537810042
-3.18796992481
0.396220664432
3.03125
4.64381614279
4.53754940711
7.46606334842
14.1217391304
12.2807017544
12.2915927634
10.9649122807
8.56140350877
1.32158590308
2.7027027027
0.51702620788
3.16742081448
4.47214076246
4.85957132299
1.01929377503
0.845019777059
-0.665228335131
-1.78217821782
0.932487877658
-3.18942731278
-0.465282748747
0.0
0.542986425339
-2.29591836735
2.36291486291
1.37880986938
0.907111756168
1.2646627566
-2.0
-1.21168923735
-5.37339055794
-6.76589986468
-7.52542372881
-5.27740189445
-4.8813559322
-3.90960079182
-0.9051290647
-0.940228341169
-0.118263220139
3.50877192982
3.1829787234
2.52620725211
2.58353427489
3.15440920181
-0.210084033613
3.98230088496
3.33866098384
2.20031684563
-1.49356223176
-3.59493670886
-9.96015936255
-10.2629482072
-8.73895582329
-7.53968253968
-6.23516379174
-2.13661883968
-2.42575027212
-1.0962821735
0.398406374502
0.701195219124
2.592
3.62552368675
1.79524502669
2.23199739329
0.4
-1.48171500631
-0.894282976685
-2.53783102144
-2.08964747169
-0.888043133524
1.504
2.15334420881
1.504
0.917578879588
2.53658536585
1.11632421938
-2.51272264631
-2.16030056356
-1.58428390368
-0.404858299595
0.0971659919028
-6.06513295488
-4.65671641791
-7.25830149868
-10.2601366081
-11.9366799772
-8.30136986301
-9.38598863944
-6.61361141603
-5.01104362231
-4.59863945578
-0.842162455854
1.81768107959
1.30664442591
-1.18674123585
-1.59325210872
0.849315068493
-0.356750823271
3.421506613
-0.421081227927
-0.333600213504
-2.58873765679
-5.2768390954
-9.52133194589
3.05151175812
8.60869565217
10.3032087136
12.7326007326
12.2335766423
4.38340151958
-0.633640552995
-2.24460431655
-4.70538955599
-5.19031141869
-5.52181115406
-5.36931043881
-6.15716986227
-5.45214521452
-3.5895382973
-2.18741560897
-2.73064687169
0.597663678348
3.93798024149
1.69629529108
-1.98517734251
0.747863247863
-0.432783337841
-3.31652958344
0.683153436262
4.76982806434
1.79445350734
3.77543859649
9.15146249638
1.73755907701
-0.441744892325
0.0816326530612
-0.182123844214
-4.90223079042
-1.61378555799
-0.165380374862
-1.34228187919
-3.21355932203
-2.4449220849
-4.41830065359
-6.071197411
-5.02294747578
-6.05095541401
-0.241222192442
5.79449592034
3.08246597278
2.45559038662
5.19967837041
1.09741227476
-0.604810996564
6.5851230266
6.42201834862
6.31144037612
4.23668973309
4.01772948241
1.72164351852
3.60023041475
0.357449242208
1.24392336288
0.996389891697
3.39566192969
-2.33473980309
-2.64476614699
-5.42258282623
-6.11442516269
-10.0874243443
-4.07447382623
-4.45537970475
-1.26835781041
-1.64021869583
-0.998668442077
-0.576794097921
2.0355543493
1.40806932034
0.200427578835
-0.805705983358
-2.9296875
-3.16688567674
-1.5593762495
5.24539445929
7.08628005658
8.93617021277
10.8521485798
7.72433596554
1.35404789054
2.38957277335
2.88966725044
-3.30985915493
0.73763378652
2.79853479853
1.3354857646
2.88288288288
9.3316907915
6.86244204019
3.5660091047
3.39908952959
5.37974683544
3.49003984064
7.47508305648
9.06984442238
5.98263107108
1.82052521347
2.44897959184
-3.8338658147
-1.91558441558
1.76759410802
1.9714144899
-0.487408610885
1.4915693904
2.08816705336
4.08858603066
3.20447609359
4.6768707483
4.27726120034
5.12195121951
2.21138777642
0.033921302578
1.37931034483
1.89491817399
1.3418079096
-0.225851285615
1.1320754717
-3.05866622096
-3.33055786844
-11.7482081645
-10.2727981294
-9.28893729578
-6.90835537576
-7.11523588554
-0.496124031008
-3.08203656141
-2.38456865128
-1.87786259542
-2.11960635882
-2.2431039709
-3.07512080832
-1.95085629188
-2.93420272673
1.22605363985
3.09375
6.38728773952
4.51361867704
6.26771653543
0.943688118812
-0.574801926363
-0.0778331257783
1.16517083924
-0.157232704403
0.873907615481
-0.463893613731
-1.04744300678
-1.19788425638
-1.1655011655
-2.1679389313
-0.431100846805
0.0925069380204
2.68370607029
3.53982300885
4.95112962666
3.83693045564
4.02566158781
-1.07458912769
-1.03503184713
-2.27059191982
-1.34069400631
-2.04241948154
-0.815047021944
-2.59035210175
-1.14551083591
-1.75112350845
-2.07692307692
-3.53794980345
-3.79047903298
-6.03636363636
-6.13818181818
-4.60815967127
-4.35285610991
-4.1756041756
-0.650289017341
0.526392747478
0.073432222059
1.99115044248
2.70230577177
-1.14285714286
-3.67605633803
-3.37732368384
-4.64135021097
-4.12559842298
-2.0979020979
-0.643716764624
0.356023924808
0.494699646643
0.580654298258
2.36220472441
1.07496463932
-2.29581188257
-1.89961175818
-2.60689655172
-3.22804100859
-4.70413802399
-3.85284280936
-4.70401691332
-3.0489435678
-4.58691341705
-3.57421367299
-2.92207792208
-1.50963040083
-0.280037338312
2.2021075385
3.15055637485
3.84356035064
1.74788135593
-1.17290458619
-1.96026490066
0.322797579018
-0.0673854447439
1.30114017438
2.2641509434
1.27431254192
2.11509408048
10.7462686567
7.32795853729
4.50704225352
4.80809784901
0.566298342541
-7.95438933919
-4.04752037574
-3.11135371179
-2.89419795222
1.68539325843
0.137570504884
0.193771626298
1.02012682658
-0.122716116717
-1.91486430638
1.04253544621
1.60315004922
2.26984350768
5.07163323782
3.25746799431
0.264808362369
-1.84955141477
-0.797202797203
-2.24089635854
-2.75280121732
-2.18132242672
1.61290322581
-3.63881401617
-3.22580645161
-4.85654119505
-3.48684210526
-7.31834134928
-4.87179487179
-5.54346434515
-0.938722294654
-1.69447678179
-0.44001552996
0.179809915232
-0.153393838681
-2.03091071657
-1.81610363221
-1.79206914082
-0.815286624204
0.423620025674
-0.203951561504
0.754958413308
2.02282157676
3.28947368421
0.594008264463
1.27807900852
2.4246395806
1.02174482578
-0.912646675359
2.29854689564
2.69123690839
-0.547445255474
-0.469361147327
-4.06504065041
-6.42768850433
-5.5944931164
-3.85964912281
-5.75079872204
-1.85367051314
-0.111124830226
-0.917658730159
-0.573137303763
1.09316770186
1.63443543356
1.86140108162
1.90825224314
0.325
1.60292818377
2.16698534098
2.52740167634
1.76183127572
3.62694300518
2.98973092422
1.60600958425
-1.46124523507
-2.37288135593
-2.88086551768
-3.46342075543
-3.25773712567
-0.906572651725
1.3358778626
2.19850861404
0.694970937579
0.821121778676
2.45098039216
0.395963724614
-4.77473065622
-4.15405110815
-4.28053204353
-6.17283950617
-5.10303030303
-0.547911847072
0.584724083323
1.2116020071
-1.1131059246
-1.46900752418
-2.27272727273
-3.41216613719
-2.72619047619
-1.70588235294
0.758122743682
-1.82242990654
-2.72404715577
-2.8901734104
-0.584795321637
-1.9931595707
-2.22729868646
0.448378937687
1.69292264284
0.529100529101
1.01262806767
4.32554814109
3.42449464923
-0.257973733583
-0.199483689275
-1.23543946347
-3.61777879867
-4.06114533425
-5.1812319324
-4.88839285714
-5.98451327434
-3.36293007769
-2.3286908078
0.547792062605
-0.466562986003
0.3441003441
0.122235803978
-0.938189845475
0.212861304056
0.0444543231829
0.32293986637
-0.288088642659
0.521468989238
-3.33549924193
-1.45657649765
-2.31698031111
-0.331308669244
-1.17324561404
2.47475307957
3.28017192625
3.44323168673
1.86747665654
2.58717660292
0.760371240076
-1.12950123015
-1.03563474388
-1.23333333333
-1.50675825393
-2.58169934641
-4.09695409695
-2.33822729744
-2.38611713666
-1.52738380973
0.0
1.2817727569
-0.487012987013
-1.08357472374
-1.4938205266
-0.379815518177
-0.978810368936
-1.30314035463
0.876623376623
2.14050493963
0.272034820457
1.75112181241
3.7225792156
4.98806953755
4.68857733854
3.54929577465
2.03238414294
1.51838938252
-1.71970965941
-3.88778440468
-0.893355667225
0.235057085292
-0.325112107623
0.61797752809
-2.64516129032
-2.10975076519
-2.41398143091
-5.00532481363
-5.2082223879
-1.48305084746
-2.5253063399
-2.45071923282
0.535331905782
5.49438202247
3.64514712341
1.74544666088
5.09518477044
3.74319671221
-0.313620071685
3.07831598008
2.62572318647
-1.16214720531
2.42320819113
1.51222285389
2.80395578825
7.47339471482
9.78128797084
8.18461538462
9.84138878481
6.91628311979
12.3153370937
5.74328665039
2.5754323949
-2.65045592705
-5.44577746413
-11.567695962
-10.7658793855
-9.24610449129
-7.57388470615
-3.24342779105
-6.27782724844
-0.886363636364
-0.501595987232
0.067468795682
-3.28013208586
-1.42637700241
-3.1370390754
-2.59826782145
-4.26310690064
-0.514673674989
0.16485328058
-0.438356164384
-0.166278683073
2.20046209704
0.617011899515
0.819944598338
0.940265486726
-0.221214467426
1.29276719046
3.28894958461
1.80485053581
4.46036514906
2.08897922313
-0.133555926544
-2.31239577543
-2.42157402312
-5.42076502732
-3.61340879408
-1.48026315789
-2.22826086957
-2.31182795699
-0.608298935477
-0.238870792617
0.0877963125549
0.999011966187
2.49063257659
4.56610631531
3.367003367
0.407713498623
3.35867468512
1.52159319758
-3.43314686849
-1.61219081272
1.04665404743
-0.440578400362
0.506015967615
2.09406494961
2.68737952149
0.921451848522
-1.90602836879
-2.58516814547
-1.23866401239
-2.55248618785
-1.49435466017
-1.64577656676
-0.976244712008
0.0885543502325
-0.549450549451
1.73423423423
3.43855693348
7.51020408163
1.49421413324
2.31616820328
0.395703787451
0.806909876122
-0.867052023121
0.304259634888
1.22922831778
0.499943188274
0.342114266165
0.289855072464
3.89884088514
2.40093240093
1.76919518964
0.469752520623
0.116076610563
-1.94029850746
-2.48891919536
-0.288250893578
0.808500808501
0.595516113965
3.1746031746
3.48112430907
2.60262628653
4.5652173913
1.36110782341
-1.89424753051
-0.234659157574
-1.65212332752
-4.1444778884
-3.60524814604
-1.6121655614
-2.81641961231
-1.67028944057
-1.89664963089
0.286041189931
0.103010186563
2.33372228705
-0.307937956204
0.410537119398
-0.148520507255
-0.0686263296351
-0.982091276719
1.83507549361
2.03630439842
-0.318870288122
0.667818077145
-1.46857923497
-0.450919181408
0.868544600939
2.3665190021
0.835945663532
1.91437521754
0.150532654006
-0.81490104773
-1.25474847473
-1.04549632353
0.209277990931
1.44484905439
0.550158024113
3.14652101639
4.80433473811
1.18823529412
0.0705301516398
1.10059171598
-1.57765572046
-3.11479234718
-1.05924805029
-0.269636576788
-0.41249263406
1.89330793046
1.00153175445
3.26962375285
2.37638022084
2.59975816203
0.334528076464
0.307292282236
-0.964285714286
-0.155781905333
-1.82811016144
0.977198697068
1.84159845932
1.75651120533
1.02905569007
2.90740288297
2.56124721604
3.99299036175
1.92616372392
3.05676855895
1.11166007905
1.29088858253
-1.00371747212
-1.17144600366
-3.98897939626
-2.92565947242
-6.6783625731
-6.83444931886
-6.79026387625
-5.13636363636
-6.18672665917
-2.35267245317
-1.59054760282
-0.464168459187
-0.878576255913
0.293321299639
-1.67321729366
-1.67560321716
-1.98624056813
-0.737924865832
-1.67498613422
-0.40263952578
-0.422691879867
0.929555381342
0.754759490819
1.06502242152
-0.600333518621
0.0222518914108
0.213243546577
-0.548958099933
-0.257184390026
-1.29485350598
-0.739922694644
-0.856793145655
0.134619699349
-1.38934832947
0.308200330215
0.779076238175
0.0
-1.12035496395
0.610161970268
1.28205128205
0.0
0.841561938959
0.72625698324
1.41764176418
2.15237444482
1.41083521445
-0.867630700779
-0.907883082374
-1.27735199378
-1.72355903749
-0.928100190093
0.357222594329
0.579064587973
-1.18538030952
-2.64763565047
-1.8654669154
-2.43955565236
-1.66447656592
-1.02118413905
-0.638735520191
-0.273582840884
1.12334801762
0.828088771116
1.6004415011
2.06629834254
0.616604272187
-0.405835252824
-1.98051948052
-1.40385243226
-1.13611535941
0.453489658224
-0.0657678395265
0.983606557377
-0.530417839359
0.937258793693
0.143996455472
2.31019401144
2.6014801525
2.69008448199
0.643657751637
0.355713650511
-1.7843374821
-1.02108768036
1.64971751412
1.99207696661
1.58084914182
2.77337559429
1.52112676056
-0.0903138405961
0.238257317903
-1.38084632517
-0.919694930462
-0.837988826816
-0.359955005624
-0.102006120367
0.279173646008
0.962518401087
2.75545350172
1.31054131054
0.409696142028
3.28719723183
0.535063752277
-0.491260139381
-1.18243243243
-0.374149659864
-2.67175572519
-1.43626570916
-2.10267307907
-0.347884636966
-0.865460267506
-0.0448833034111
0.814479638009
1.83371298405
1.9798580911
2.61822376009
2.779379541
1.39940353292
0.148283335234
0.14899713467
-0.800915331808
-0.664451827243
-1.02179836512
-1.27252252252
-4.57180356557
-3.93493075401
-4.72604234883
-3.3680746023
-2.3746701847
-0.131075914801
-1.0118594277
-0.130804447351
-1.55524354682
-1.66486486486
-1.82305630027
-0.820114384375
-0.488122356004
0.30332575019
0.140738334957
1.18272569444
1.03576101177
-0.764262648009
-0.549450549451
-1.71313045329
-2.45554614733
-3.35089567966
-1.18072545474
-2.39747634069
-1.05285323226
-0.536898620907
-0.721832827702
-1.56020942408
-0.927179914574
-0.679703022064
-1.350088275
-0.634095634096
-0.500104188373
0.282072712077
0.388410665547
1.19810825013
0.145742244431
-0.847107438017
-1.82564102564
-2.05634382069
-2.83876238129
-2.26879641876
-0.717948717949
0.154083204931
-0.0513821806597
0.379253792538
1.52876768929
1.5625
1.48024601272
0.319587628866
1.2558380903
1.14930519277
-0.0416493127863
0.282249634121
0.957535387177
0.985221674877
-0.0522138680034
-0.600289795073
-1.24909672757
0.208594075928
-0.86242726517
-1.31904369332
-0.319818425668
0.0619770684847
-0.940179770637
-0.279763755051
0.196179659267
0.372786579683
-0.0722543352601
0.822916666667
-0.320181780624
-0.991617256185
-2.10846426761
-1.52470014231
-3.33299768402
-0.71780147662
-0.336220071319
0.172623883022
0.0406752084604
1.08916938111
-1.6935483871
-1.52503260761
-1.40168201842
-0.656631983029
-1.24648170487
0.222267124672
1.6004077472
0.756582265712
-0.652348454436
-0.768079800499
-0.722166499498
-1.92942117365
-0.381871168727
0.646464646465
1.60129725347
0.554715078164
0.80620780006
1.16917446116
-0.831413402785
-0.514216575923
0.537416345569
-1.75247524752
-2.69093787099
-1.81943351692
-2.78376788865
-4.43798449612
-1.64572986659
-1.25048847206
-0.848366650414
-0.322423058134
0.0
0.292997363024
0.303772660461
-0.552754072925
-0.582807187955
0.751732890755
-0.107317073171
-1.46760644974
1.3165651405
0.253189210244
-0.620937227127
-0.00975514583944
-0.279222029655
-0.332941637289
0.224477845013
0.950048971596
0.737028301887
1.35649458378
-0.361010830325
-2.90912536719
-1.7797017797
-2.26661544372
-0.0487709715177
-0.553075878129
1.2569564383
-0.459638035047
0.0865135057195
-1.39463306723
-0.290247678019
1.16482236459
-0.105222881194
0.0769600769601
-0.867658276125
-2.47216455935
-1.77345537757
-1.35874693338
-2.03562340967
-1.38222849083
-0.953271028037
-1.47487083138
-0.394736842105
-0.9428678118
0.396488246956
1.12465740478
0.310968714663
0.405775219402
1.03754008678
1.261829653
2.19238941472
1.42406575552
0.933422230689
0.741163055872
-0.965634762851
-0.604780647019
-1.26450882325
-0.756215143208
-1.45144676468
-0.630291627469
-2.47167868177
-1.67934681759
-0.87143928036
1.05990347308
0.207390648567
0.631241756171
2.34545627196
0.291326003195
-0.57395558901
0.0188572506129
0.625711035267
-1.29346705408
-0.467683097933
0.103607422059
-1.57757980698
-1.97026022305
-1.74065205379
-0.843999258023
-2.23756906077
-0.964984835953
-0.32422417786
0.658199684806
-1.53424657534
-1.53232387342
-1.76056338028
-2.32537097358
-2.4154152343
-1.38688760807
-0.800503687714
0.353356890459
0.29948271168
99.1711711712
98.6404293381
98.6776268763
99.6201844818
101.260273973
1.64835164835
1.91431175934
2.79206465834
1.91705069124
0.773053561568
0.831024930748
0.790150679897
-0.201649862511
-0.858918128655
-1.00218658892
-1.36612021858
-1.19825708061
-0.836211597891
-0.689655172414
0.365764447696
0.733944954128
3.45604808415
3.05357811915
4.97237569061
2.93674698795
1.13193542401
-0.374251497006
0.869236583522
0.65196548418
-0.412448443945
0.428624673873
-1.14687384388
-0.432737535278
-1.58520475561
0.470898474289
-0.9963099631
-1.11578562283
-2.09983422361
-2.69922879177
-3.42004729853
-1.16703136397
-0.960144927536
-0.348751835536
-0.711030082042
0.401826484018
-0.200181983621
-0.180831826401
-2.19030520646
-2.01857806359
-1.3691226806
-1.82240485975
-1.60142348754
-1.39847760666
-1.00795755968
-2.01235657546
-1.33967918209
0.196113389196
0.551797792809
0.49760085303
0.0
0.763765541741
0.321945984618
-0.142196942766
3.47554247885
3.22521865889
3.6832412523
3.0029476787
4.03106508876
1.39847100503
2.06434814953
-0.293793609989
0.29563932003
-1.06110501281
-1.32474701012
-0.9030593439
0.294659300184
0.89485458613
2.263797942
1.26700204956
1.36372127779
2.41418332705
1.2648669058
-0.447010616502
0.0186358553858
1.0
-1.00821508588
-1.21223424095
1.20640904807
2.54156315689
-0.394662657395
3.43762070297
4.50204638472
3.6537710043
2.60784313725
4.3947420051
-0.154261473197
-3.53449896597
-4.37219730942
-4.29724150873
-3.41102899375
-2.15094339623
-1.5
-1.97802197802
-2.18428781204
-2.90708371665
-2.73444668747
-1.40587913091
0.515463917526
0.0367242012486
0.536440991491
1.01965146459
2.10663683818
0.406654343808
1.83246073298
-1.09769484083
-3.36796847008
-3.15941505687
-0.36832412523
-1.03626943005
-0.67236053062
-0.993260021284
-1.8603827073
-3.87679235263
-4.33705080545
-1.94226657163
0.499108734403
1.80375180375
1.61899622234
0.749063670412
0.35765379113
0.917431192661
0.072202166065
0.270562770563
1.50253439537
0.847610459874
0.925925925926
0.380503714441
1.7247706422
0.308698020701
0.198771232382
-1.50214592275
-2.07594038325
-3.19715808171
-2.54822155371
-0.342157392401
0.0715819613457
0.660832291481
-0.670430486944
-0.335097001764
-0.215633423181
1.21354827024
0.466535079849
2.23665223665
2.49457700651
2.77008310249
3.71970693218
5.40949498771
3.8202247191
3.90683696469
2.90763968073
1.3325718637
1.71219699885
3.66919044846
3.13831848121
0.901246404602
-0.322580645161
-2.8047868362
-3.37647720878
-3.20645040315
-2.52336448598
0.861244019139
-0.0186950831931
-0.96600408694
-1.58700867319
0.772273497834
-2.35470005606
-0.186601977981
0.65445026178
0.631383472609
-1.13594040968
0.299906279288
1.11320754717
0.394218134034
2.55189487717
0.845070422535
0.812547241119
0.359780344632
0.985781990521
-1.66666666667
0.967007963595
1.67146974063
-0.0378572780617
0.285171102662
1.69491525424
1.69687620517
-2.45502248876
-0.320754716981
-0.0190077931952
-2.57884972171
-3.96296296296
-1.11193476649
-3.75885236971
-3.46788990826
-2.602096133
-2.73775216138
-2.26408259373
0.127272727273
-0.547445255474
1.35531135531
2.19031842444
3.40887806705
1.49474072707
1.6886249768
1.43042912874
1.7987633502
-0.261535587521
0.37043897018
-0.480147737765
-1.7700729927
-2.7868852459
-2.91984040624
-1.44213216502
-1.09589041096
-0.327391778829
0.036443148688
-0.612833453497
-1.19047619048
0.0
-0.290170475154
-1.34819342082
-1.63120567376
-2.08406923349
-3.06303116147
-2.37252124646
-0.660714285714
1.20222501346
1.45135280416
1.2912482066
2.41160471442
-0.213827512473
-0.42880114347
0.977021892528
0.813596094739
-0.541027953111
1.46447297053
1.39492753623
0.949771689498
1.84128153195
1.94888766317
1.67279411765
1.75115207373
0.606394707828
0.110599078341
0.110436223081
-0.0734753857458
1.09951546776
3.02915562287
2.9998101386
1.87511719482
1.81410136525
1.72511848341
-0.151228733459
-0.151658767773
1.58095238095
2.51150306748
-0.396525679758
-1.85528756957
-2.20615498702
-3.81091975082
-4.73059360731
-2.82568807339
-1.3181984621
-1.71282798834
-0.799709196656
-0.689279883911
-0.891071103837
-0.58245358573
-0.417347123934
-0.63211125158
-1.23611608742
-1.15045838576
-0.686912509038
-0.451589595376
0.672727272727
3.04596640207
2.8280961183
1.97235023041
2.6325546904
2.40178737665
0.950428624674
1.02707749767
0.129198966408
0.6718924972
0.54286783976
-0.959763750461
-1.81518151815
-1.77664974619
-3.28519855596
-2.19699743684
-1.49090909091
-0.764192139738
-0.862688713156
0.0
-1.55010814708
-1.36298421808
-1.83961421682
-1.64398090861
-1.52861713473
-1.19323241318
-2.00351493849
-1.00777934936
1.85451926539
2.25372591785
1.17117117117
1.69794459339
1.79985601152
-0.892219842969
-1.57423971377
-2.09913565003
-1.39231582658
-1.82010955999
-1.85639229422
-2.68105849582
-2.49398004816
-4.57450386815
-4.58607317484
-1.68732782369
0.577832253546
3.4151547492
6.10278372591
6.21418338109
3.69576861275
1.92753881849
0.0355871886121
-0.124754945642
0.10756543564
1.19241192412
0.6466678642
1.86695667935
2.37182995804
1.23411978221
-0.431732325958
1.23658847063
0.272628135224
-1.98497854077
-1.58956956599
0.615384615385
-1.18598382749
-1.67977126519
0.0
0.737675422814
-0.825704541375
-0.625
-0.727337236118
-0.798296966472
-0.608011444921
-0.517857142857
-1.06007067138
-1.36482939633
-1.87989556136
-2.9840388619
-1.99509975499
-0.719172075075
-0.226955307263
0.595342321835
-0.0693481276006
-0.0874278720056
-1.09299097849
-0.139470013947
-0.55720006965
0.47030134123
0.262973352034
1.10506928609
0.0523286237572
0.913723422949
-1.88002050931
-4.32740691043
-3.35650110188
-1.34228187919
-2.80102476516
0.515375365058
1.87969924812
0.357264375638
-1.30774456522
-0.0853242320819
-0.563717116502
0.171174255392
1.55494125777
0.170125893161
-0.492443538801
-0.272572402044
-0.37517053206
-2.03114421124
-0.118946474087
-0.287842871656
0.496490326999
-0.44142614601
0.73316283035
0.306800749957
0.940010254657
0.985477178423
2.18598195697
1.34784862623
0.342055755088
-0.527031621897
-3.18044861065
-2.53635441326
-2.29613371602
-2.25677031093
-1.39145012573
0.100536193029
-1.08713831744
-0.151719487525
0.588532032958
0.050318685005
-0.0335008375209
0.588829071332
-0.868983957219
-1.06471468974
-1.82776222625
-2.13114754098
-2.36530880421
-3.39037778495
-2.2283669486
-1.25203252033
-0.570497147514
1.58518271317
3.04441856596
3.24097397145
3.06686777275
2.81548516843
-0.6135986733
-1.57196659571
-3.01302931596
-4.14457831325
-3.72700871249
0.483252791201
1.95325542571
3.38440814952
5.32994923858
4.7313281514
1.66017279349
0.68919146075
1.26172208014
0.612870275792
1.52684851604
2.60733530332
3.03082784898
1.76991150442
1.92608016658
0.708362128542
-0.810344827586
0.208261020479
0.226086956522
0.611033519553
1.27734033246
2.67303947601
2.12690535271
1.59010600707
2.23094770659
1.76282051282
0.749063670412
0.284393885531
0.461483848065
-1.00706713781
-1.93818753274
-3.34425099121
-3.6313806098
-3.21250644219
-2.21147201106
-1.44553433144
3.18392031306
4.51127819549
4.45002691549
2.73340433085
2.84955752212
-0.212992545261
0.377358490566
1.30885293583
1.38563973367
0.820842255532
1.82541116935
1.38458735653
1.58818097876
2.37656595431
2.84455863461
0.930317402408
-0.669562070214
-1.77761654272
-0.183891136447
0.442396313364
0.624082232012
2.4281742354
3.66679202708
1.89244894135
1.89706987228
-0.474972597735
-0.918273645546
-2.0806481311
-1.40402734159
-2.89987233266
-0.255102040816
-1.03598691385
-1.02059413158
-2.60885210507
-1.77355786456
-1.73679498657
-1.27399964113
-2.00035720664
-0.304932735426
0.0896539358078
-2.00035093876
0.23381294964
-0.550621669627
-0.321830860004
-1.20460584588
0.867256637168
-2.4219024219
-1.65938864629
-1.2012012012
-0.159179342059
1.50916277398
2.07810820494
2.58018276295
-0.0529661016949
-0.12365306483
-0.731228821116
-1.89806678383
-1.8811533052
-0.0529380624669
0.301204819277
-1.30258757261
1.24555160142
1.69855176113
-2.77920741122
-5.06307821699
-4.44070647603
-5.38720538721
-6.34628265238
-2.09942895532
-1.34417524062
-1.34417524062
-0.602409638554
-1.19126406353
-1.4564713671
-0.132582035134
-0.215267428382
-1.67818361303
-0.999180999181
-0.820748522653
-1.16298116298
-0.788565795959
-0.3279763857
-0.245098039216
-1.34412955466
-1.3731825525
-1.67985785818
-0.942170240416
-0.390625
0.35754916301
1.2430487406
-0.016149870801
-0.468876313662
1.45310435931
1.2506170808
0.394088669951
2.34710743802
1.54326054835
-1.73616745092
-1.57110463233
-1.47225368063
-2.87365548242
-2.51280409731
-1.75354694723
-0.835207195631
-0.27428202646
0.402965828498
0.288924558587
-0.963056520366
-1.98362720403
-1.7593913457
-1.28878281623
-0.669642857143
1.37644046095
1.77856112802
1.54514727185
1.28928283642
0.755020080321
-0.175746924429
-0.144
-0.877472878111
-1.94374209861
-1.00190839695
-0.855377791858
-1.57480314961
-1.38451856514
-0.830590816486
-0.80454330336
0.142766497462
0.363521416153
0.252365930599
0.393329137823
-1.12306972391
-1.56152404747
-0.830721003135
-0.470957613815
0.490118577075
1.43987341772
1.45754119138
0.44080604534
-0.250548073912
-0.690846286701
-0.094846664559
-0.817096165933
-0.0157405949945
1.62316995544
0.983034723323
0.0791014080051
1.35371874502
1.33992662307
-0.914538000631
-0.69280428279
-0.924764890282
-1.58307210031
-1.87822820473
-0.704556129638
-0.298273155416
0.630914826498
0.710339384373
-0.343160193418
-0.451995012469
-1.07159496816
-1.65968667597
-1.09289617486
0.485893416928
-0.0467362517526
-0.0465693883887
-0.0155086848635
-0.342305896997
-1.14657576697
0.218579234973
1.44881889764
1.31992457574
1.24448645243
0.46699875467
-0.912747524752
-2.30769230769
-2.09230769231
-2.87637698898
-1.98352151358
-2.19397790891
-1.09555690809
-0.975015234613
-0.228972675927
0.955021565003
1.89639222942
1.29469790382
1.62563864375
0.986588561739
-0.642791551882
-0.734618916437
-0.414428242517
0.0
0.604838709677
1.16117045982
1.41238553469
1.54301745636
-0.185442744553
-0.616522811344
-0.615479304508
-0.983556170278
-1.10974106042
0.0309166795486
0.262710554783
0.262264733107
0.977653631285
5.92653061224
1.890061427
1.61746231156
2.62824572514
2.62780697563
-2.6850969177
2.2712628866
2.19868399936
1.60875160875
1.1273957159
2.893575282
1.17340286832
0.646099176224
0.892712222042
0.177476605357
-1.78227360308
-2.54129606099
-3.03837118246
-3.43260188088
-3.00469483568
-1.56472261735
-0.0793524837327
0.932658868163
1.01329955668
1.39638210092
0.588235294118
-0.0634417129262
0.412698412698
-0.158077774265
-0.300585350419
-0.222081218274
-0.739924433249
-0.599558220259
-0.737486270202
-1.07981220657
-1.12923462986
-0.157183275699
-0.658307210031
0.157158573
0.266750353052
0.362033684873
1.00015875536
1.30200063512
-1.19565217391
1.22299872935
1.85986852654
1.59677419355
0.91331517385
3.57027983274
1.95951417004
0.580551523948
0.829403154985
1.23276561233
0.745301360985
-0.515546963106
-2.06885660139
-2.96670348745
-2.88279773157
-2.44981823929
-1.47619047619
0.348652931854
0.795291872117
0.825921219822
-0.597014925373
-1.33124510572
-0.708103855232
-0.96093257719
-0.363981642665
0.299401197605
1.04446906156
1.97368421053
0.650071349294
0.222045995242
2.09137709138
1.31473464807
-0.16020506248
0.799105002397
2.07220333495
0.549983824005
0.694220213109
0.87265675501
2.52334917254
1.12966601179
1.02957999673
0.830213250855
0.847457627119
-0.261480634091
-1.06899902818
-0.971030911151
-0.389168153073
-0.195185426155
-0.536410923277
1.16336228085
0.373619233268
-2.0022246941
-1.8831790616
-2.58115597783
-2.63241863433
-1.64563029238
0.222965440357
0.82059533387
-0.299968424376
-0.444726810673
-0.619244204509
0.367647058824
-1.06653931869
0.110636952742
1.77820885871
-0.284990500317
-1.16903633491
-0.0954198473282
-2.66153846154
-5.16633450866
-3.06936771025
-2.57041711559
-3.83850741704
1.12009956441
2.36974262398
2.64650283554
1.46806184601
0.0612088752869
-1.12290416859
-1.14799875892
-1.94624652456
-1.55289052891
-0.879720916123
-0.337268128162
-0.370942812983
-0.583538083538
0.0461467466544
0.949318634206
-0.336134453782
-1.16101435991
-1.49750415973
-0.702611883305
-0.895295902883
-2.29885057471
-2.74847719507
-2.00118588793
-3.45081846335
-3.01692420898
-2.4606872452
-2.15147550516
-2.20353725718
-2.27698515636
-2.65042979943
-1.67501789549
-2.43937030208
-1.59771754636
-1.35058288314
-1.56536454661
-1.24416796267
0.1420252805
-1.03063673585
-0.691797261048
0.282845424975
-0.49240292628
-1.38655462185
-1.30973944545
-1.21338912134
-0.408450704225
0.367127929963
1.14747131322
1.22708039492
1.27118644068
-0.0844356881509
-0.61745719899
-1.10675259176
-0.630693763139
-1.32404181185
-1.0719754977
3.35025380711
2.67548906789
4.02391019099
3.16319194824
2.35109717868
-2.15694621825
0.144050705848
-3.17617165443
-1.235444476
-0.833686590363
-1.53695682549
-2.96337713167
-1.37825421133
-3.78467003689
-2.81516067015
-2.24013112963
-0.996401882092
-1.41367005215
1.38523341183
-0.423902639136
-0.947097821675
-2.54888739042
-1.54054054054
-1.80903155604
-0.21831082003
0.135482996884
-0.0404421677002
-0.161899622234
-1.08973496569
-0.744853737811
-1.15173429758
-0.295698924731
0.297699594046
1.48825778263
1.37287204833
2.31570293231
1.65323131575
-0.242980561555
-0.946713551528
-1.62074554295
-1.23156042766
-1.42760942761
0.898937619177
2.25418337713
2.39247683585
2.59650097195
2.42792109256
1.01816180517
-0.317066446099
-0.234547461369
2.62182958108
3.12989045383
4.27546628407
5.37478210343
6.47862494491
4.51228592703
7.92261630585
5.22342995169
4.06651549509
4.2259990813
2.84882830449
0.69573283859
1.7667844523
1.11586670743
-1.12036336109
-1.30007558579
-0.553505535055
-0.336854999234
-0.532157518626
1.58412796063
0.227272727273
-3.15664085765
-2.5223880597
-1.29070989044
-1.93061840121
-0.467501131051
1.49614628986
1.57671315949
0.634345265066
-0.569886022795
-2.02423167849
-1.54738878143
-1.50813797223
0.0453309156845
0.497362471741
2.46782740348
0.764617691154
0.691625319501
0.577507598784
0.897201946472
-0.915091509151
-0.507159904535
-1.26187648456
-1.40845070423
-1.92393736018
-2.74292384009
-1.13552573367
-2.89750612657
-4.61626411319
-3.58067299396
-1.57955198162
-2.3051433511
-0.100806451613
-0.142714428429
-2.24908630869
-1.19182746879
-1.50418617852
-1.64305949008
-0.624024960998
0.69355980184
0.384560603903
0.413223140496
0.857142857143
0.556189389618
0.598035027766
1.35700880612
3.87803433985
4.21319041239
3.42182890855
4.09070698088
3.12639571237
1.09232380667
0.931630353118
2.40144993203
2.38239757208
0.178970917226
-0.29837386245
-0.374251497006
-0.66016504126
-1.12528132033
1.89969604863
1.6838592233
2.43827633798
1.98928844682
1.39966529743
0.458015267176
-0.663050030139
-2.30711610487
-2.25845049357
-0.197388399636
0.506367960718
1.127704968
2.26750421327
2.75088366375
1.52612918144
-0.458225141286
-0.651021953066
-0.137698898409
-0.519798195995
-2.37772761475
-1.7999100045
1.04023252256
-1.07461782957
-1.87518751875
0.377643504532
0.315979536563
-1.62528216704
0.257966616085
1.30699088146
1.84615384615
2.40369799692
5.20899303357
4.7195296361
4.67706013363
2.37832729564
4.25702811245
4.41395271946
3.4862687058
1.41981284285
1.2761205934
-2.23024972515
-3.84676522016
-4.47690857681
-2.8526645768
-2.38243537839
0.346729708432
-1.59549507274
-1.07226107226
-0.140867115355
0.5165127563
-0.345531647558
0.455688246386
0.390015600624
-1.25193199382
-0.961091303674
-1.22556624263
-0.297665674448
-2.19713152273
-2.80907315608
-1.48136835675
-0.754426481909
-3.02339714373
-3.57510666471
-1.77069499779
-2.96384113811
-6.72124084446
-5.19948149215
-3.36934887688
-2.62931034483
-3.19896714962
-2.75139664804
-2.58173144381
-0.537330316742
-0.99573257468
-0.271816881259
-0.0139645300936
1.62555254527
1.26002290951
0.342563516985
-1.56316011829
2.63723663466
-0.482474811977
-2.21226547186
-0.539466212379
0.324950551003
-3.59264888766
-1.97523994992
-1.33996408344
-3.61247947455
-3.23991797676
0.318824507901
-0.152777777778
2.04398082887
2.48212031973
3.96532120523
6.02586713698
7.01545778835
3.20046552226
4.08699459933
2.20801859384
1.93258426966
-3.45817190415
-3.54988073523
-4.10134378499
-3.06955787102
-2.66841644794
5.19245283019
7.82148260212
17.3455978975
19.2411014103
8.35835045031
3.35413416537
10.4981611501
-1.44082888133
-3.530936184
-0.970114223126
1.81067344346
1.80394826413
1.98117880139
4.87514863258
11.3996862472
-0.427012494069
-3.65633710444
-3.9790741915
-8.7852494577
-10.9161490683
-4.2984713183
-4.4193700047
-0.426203630624
0.0775314002171
-0.846805234796
3.52554058289
3.16895715441
-2.61337432744
2.18665821581
3.90337545993
-0.669260700389
-0.674482094106
9.64099106691
0.0317007449675
-3.35497835498
1.6935739158
-1.40911969601
-7.80108780109
4.29823111258
5.2734375
0.477099236641
3.11836734694
2.74628772154
-3.20051208193
2.75965880582
6.3599458728
4.55786958006
6.26060400407
5.27291105121
-2.96981499513
-2.60296540362
-2.86851268446
-2.06048521103
-1.81938471717
2.9918101287
0.513330021527
-0.363456137453
-0.0332225913621
-1.07984293194
-3.21902296991
-3.83757961783
-2.91900561347
-3.16873089915
0.0654878847413
2.33405065387
4.9114600735
4.02068735402
4.54010425425
5.56515727618
5.13400626523
3.68958946821
4.37053804632
3.300330033
1.58005617978
2.60714285714
2.412630832
1.28747795414
-1.0484702647
-2.16420474064
2.75229357798
6.25824693685
5.17529215359
10.7768469155
9.18979744936
0.925925925926
0.207782395164
4.78134110787
2.65832681783
3.97815912637
5.69583088667
5.64757533426
0.981354268891
0.058673968316
2.04975124378
4.47852760736
0.683142455294
2.06330128205
4.41086379416
4.31804027403
4.33112865372
6.73386232039
5.51680405834
7.86343612335
5.38175453949
6.08872793119
3.23223378348
4.97004659419
-0.83005679336
-2.64110756124
-7.61187787537
-5.85660691955
-6.14327363599
-1.14446123947
2.98311033121
0.167574361123
1.93329084342
-0.0832292967124
-5.02461033634
-6.13547457278
0.972927241963
-0.0424718623912
-0.31113876789
-1.33549170376
-2.13580495668
-4.77341389728
-3.26622843057
-0.536414276872
0.467574710307
3.30974188177
5.07936507937
-0.14358974359
-3.88657545112
-4.78126209834
-5.30258229844
-8.02024527935
-1.71370967742
2.25060827251
4.34255705918
1.52091254753
3.38096196418
-1.62633875446
-0.242718446602
0.020202020202
-2.00039223377
-0.20084354288
-0.826121164437
-3.70081807557
-4.01396160558
1.23089140361
-2.25755791127
-0.235478806907
1.06299212598
1.77619893428
-4.09367859863
-3.79603399433
-5.66456867827
-4.18709920785
-4.45031114464
-2.34287839345
2.25955967555
2.71914812702
2.07932229496
-0.61844077961
0.13032954757
-3.77253298643
-1.42455482662
-2.33170364799
0.414000752729
2.48044266361
3.32181259601
2.57642761007
1.19885823026
3.52620300019
4.61077844311
4.13917216557
1.64158686731
3.77172195893
1.52294303797
-0.890207715134
-1.06824925816
-0.986842105263
-2.14492753623
-3.19739613249
-1.07632093933
-2.78846153846
1.11524163569
-0.805060379528
0.616451550761
-2.92553191489
-0.782293455447
-2.12562236691
-1.5288788222
-3.04445274561
-3.67795059469
-5.07154500996
-6.61659513591
-4.64362850972
-3.5141466931
-0.400947694551
0.0906453952139
0.143266475645
-0.394406597347
-0.394902171962
-2.2273699216
-1.90289880847
0.594487479733
0.305700413595
0.450775333574
4.09942496754
9.26933540614
6.68844897175
6.59382787042
6.79761217023
3.51382488479
-1.60611854685
-0.649226656483
-0.0766136755411
-0.991420400381
-1.36363636364
-1.35797812146
-2.25830533781
-2.11848518935
-1.77902621723
-1.04947526237
-0.0753863550697
0.733220530175
-1.42302716688
0.716710675217
1.06060606061
0.359372044638
0.624290578888
-0.166051660517
-1.37648809524
-5.78158458244
-4.97843278217
-4.4122965642
-1.50826821734
-2.80238654854
0.918422474338
-2.93091416609
-3.1523642732
-3.86093640811
-3.38864628821
-3.99377593361
-1.18945009481
-1.82255845942
-1.15696770851
-1.1567679558
2.15471564818
2.22026431718
2.61115031757
1.54304751885
1.70324846356
-1.78664353859
-1.40722724114
-1.42608695652
-0.401676563046
-0.628162624324
0.716282320056
0.208913649025
-0.501816923343
-1.49664544985
-0.313097930075
-1.53105109238
-0.346981263012
1.56414762742
1.66142007695
0.454307181548
-2.36815586161
-0.620689655172
-3.47752332485
-2.38989416183
-3.04929696764
-1.53795270382
-4.98034076016
-4.68876313662
-5.30229550598
-5.14221436606
-1.35399673736
-0.925174484662
-0.674482094106
-0.722195474242
-0.288415318058
-1.36765888978
-0.307443365696
-0.733301450662
-0.78025477707
-0.731668522348
-0.528169014085
-0.882117080994
-0.286123032904
-0.617186263649
0.495524296675
-0.191693290735
-0.192092204258
1.68094391466
1.5263496144
0.514138817481
0.417067693295
-0.857006824314
-0.402446877012
0.1287001287
1.05536613087
1.283509342
2.78955954323
1.33768352365
1.38639699886
0.505874673629
0.489795918367
-0.45469308217
-0.114062245397
1.12155698499
0.261780104712
0.179914949297
1.19967132293
1.40449438202
0.314361350099
1.52823920266
0.410576449335
-1.08907672302
-1.72133809678
-0.624794475501
-2.46273493195
0.727874276261
2.80748663102
2.10578676836
0.313376216395
1.69714944801
-0.592007893439
-2.9831387808
-2.01462225833
-2.1939022423
-3.51351351351
-2.93695131684
0.456026058632
0.407830342577
1.60629405016
1.84585492228
1.58910329171
-0.903808908974
-0.74481865285
-2.89670539551
-1.73428798727
-2.71336172898
-2.34830575256
-2.61747082939
-0.601170700838
-1.62779777743
-0.486656200942
0.268647281922
-0.141709966934
-0.78480615288
0.535011801731
0.0471179519397
-0.64374313079
0.506409241969
0.647709320695
0.857006824314
0.791514959633
0.584333543904
-0.800627943485
-0.362033684873
-1.56225589752
-0.878707045348
-0.814536340852
-0.281778334377
-1.54966682163
0.628831944663
0.172901603269
0.235515779557
0.235367958575
1.36663524976
0.537379484748
0.410353535354
-0.109786700125
0.982411662177
1.856
1.13491048593
1.00430416069
1.69059011164
0.174603174603
-1.09194492799
-0.698412698413
-0.19093078759
-0.822524517558
-0.300680487419
-0.691497721201
-0.92781883944
-1.08593012276
-1.1260556772
0.12676279512
0.728193762862
2.2347266881
2.22007722008
2.01021059349
2.26867606547
1.62483912484
2.38683127572
3.06748466258
0.416533162448
-1.0582010582
-1.36464614408
-3.18725099602
-3.56571794052
-1.51467339855
-1.32890365449
-0.316355583676
1.85034896932
1.11560226354
3.22475570033
3.53808353808
4.59960291198
1.08285479902
1.24406613194
0.392413342054
-1.1175898931
-2.20064724919
0.246710526316
0.775321676015
-1.57708400386
0.439238653001
-0.177677273461
-0.344205867891
-1.02857142857
0.371507026329
0.457591109658
0.242875647668
-0.47308319739
0.245499181669
1.95981554677
-0.309547083741
1.46213241334
2.52550593745
0.791817881887
0.663129973475
2.33411137046
2.23379240846
0.690468171101
2.15706100438
-0.822097994081
-3.17998385795
-3.57894736842
-4.36463198583
-4.88860394294
-2.93648260453
-1.24342419895
-0.387159219229
0.371807306822
0.515546963106
2.5364097529
2.21606648199
0.129219835245
-1.0556621881
-1.60114140774
-2.53588516746
-0.486460191341
1.22629169392
0.741218175959
5.23857190524
5.28967254408
3.02372201804
1.89936687771
2.78237827095
-1.38203356367
-1.19462419114
-0.216702783797
0.33433634236
1.02057888573
0.812738430917
-0.79012345679
-0.332281109819
-0.266755585195
-0.433116774946
1.05598390882
1.80995475113
1.09170305677
0.301003344482
1.1116725619
-0.0167588402883
-0.217391304348
-0.882303978692
-0.812738430917
-1.28034585966
-1.15951631605
-0.812738430917
-0.546357615894
-0.314153439153
-0.824538258575
-1.21093110784
-1.34184257896
-0.934886009513
-1.54647566336
-1.43042912874
-1.1005016993
-0.179679843188
-1.08695652174
0.638925294889
1.48465852854
2.55601659751
2.08437552109
2.46010638298
1.80120080053
-0.328839197632
-1.01856415311
-1.36513157895
-2.74814096347
-3.5082072739
-1.93485972267
-2.81015487785
-3.1847133758
-1.43403441683
-1.91002367798
-1.83602405825
-1.16774498974
-1.11793418359
-1.0094637224
-0.299024236701
0.509067769647
0.459733671528
0.506409241969
-0.267421739814
-0.12574662056
-1.8119337707
-1.91261079148
-2.78461538462
-2.2
-1.74517374517
-1.21894769326
-0.402663775747
0.994406463642
1.04150474118
0.715507855032
2.14342001576
2.05468626521
0.531084036239
0.437158469945
1.14852108244
1.34163871586
1.07028753994
3.04200869145
3.0902945437
4.07728835762
0.740144810941
0.384862091084
-0.320872773945
0.112794070255
-1.73773129525
-0.766405875778
-0.811197709559
-1.37658227848
-1.7882576357
-2.20298977183
-1.58705216845
-2.52713178295
-2.48418453942
-2.7397260274
-2.03483890859
-2.0169361047
-1.13427345187
0.216483686408
0.32427424336
0.729813664596
1.04231487243
1.41458106638
-0.154392465648
-0.292532717475
-0.617283950617
-0.633791930747
-0.263565891473
0.637041640771
1.4209868832
-0.261659227336
-1.20647525962
-1.57179917595
-1.74045801527
-2.00459066565
-1.26139817629
-0.652404794417
-1.57705016521
-1.79910044978
-1.14959915293
2.5241508258
2.66355140187
5.4649136702
6.0076287349
5.28746615703
2.03497615262
0.927527118378
-2.19984508133
-2.66089108911
-2.48485789719
-2.60142458966
-1.73026417426
0.0154942671212
1.12640801001
0.988080301129
0.90625
0.668740279938
0.733572654909
-0.358534684334
1.12609040444
1.84595798854
1.98255352895
2.1198597386
2.78801474123
0.799360511591
1.30581976463
2.17144709123
1.11200644641
0.661290322581
1.72385753781
0.878191575866
0.586797066015
2.29146060007
3.80043529215
1.75409564786
1.46864686469
0.0815660685155
-0.443131462334
-1.93728451814
-1.16126921819
-0.459921156373
1.05506099571
-0.571148825065
-1.7105050831
-0.746753246753
-1.93298969072
-2.56986829425
-0.632398248743
0.340025906736
-0.853050056333
0.290791599354
0.112558289114
-1.93989505486
-1.95269090332
-1.84834123223
-3.55250856965
-2.828125
-1.51894769809
-1.14563716259
0.0474158368895
1.27820735364
0.266332445559
-0.249921899406
-1.20930232558
-2.51155624037
-2.77692543725
-2.86105615584
-3.68587332631
-2.09471766849
-0.566876053317
0.0614062020264
-0.0304275064659
0.834344660194
-1.43626570916
-2.37810349985
-2.68897520167
-2.50667457728
-2.16681507866
-0.919063148532
-0.742280285036
-0.164056674124
0.611848977765
1.50647785478
1.9187188397
1.75226586103
0.0746268656716
0.918674698795
0.560521133162
1.16154669112
1.06870229008
2.98186289579
2.3901310717
1.53822488848
1.12828438949
1.12706499923
0.463248919086
1.7095357591
1.16713352007
0.0154583397743
-0.49162697803
0.840859545313
-0.468310958476
1.26063662149
3.35516855728
3.61349888571
2.39158163265
2.414068745
-0.17303759635
-2.61397230434
-2.24089635854
-3.06027820711
-3.69515011547
-2.09456337594
-0.695302843016
-0.418410041841
0.0928217821782
0.541795665635
0.154249575814
0.263361735089
-0.12381984213
0.685358255452
0.170569080478
0.902723735409
1.95861633233
2.40925661753
3.2154340836
4.15051679587
4.48853472109
3.06039394433
3.64711680631
2.4205499753
3.92749244713
1.48539362931
3.60937763535
1.07937562272
3.79422320971
-1.43920595533
-0.899574746483
-4.18552036199
-2.27198961376
-5.12404734879
-0.673677292146
0.295275590551
0.275482093664
-2.22151697874
-2.59042805244
-2.67071805533
-2.57311810772
-2.18735140276
-0.755905511811
-0.581030150754
-1.15396775213
0.0319744204636
1.13818531581
1.24362244898
1.22397075187
2.29624838292
1.16448326055
0.710364869228
0.609560474816
0.207072316024
-3.87066687393
-3.10296191819
-3.33957553059
-1.07902253253
2.63200915481
5.02857142857
2.03070035177
1.29623774897
0.462298740634
-3.97174254317
-3.05476416588
-0.477402928071
-0.173583714691
-0.963056520366
0.141487187549
-1.14223126271
-3.02469135802
-1.85844819576
-2.38865772846
-1.6086620263
-1.51024811219
0.840336134454
-0.539125077018
0.216216216216
-0.675987094792
-2.06761243586
-1.69802661771
0.635560378236
-0.307929176289
-0.260496475636
2.36366445234
2.15658696671
2.87035560517
3.32484887051
3.24315772821
2.69712835158
0.83517176174
-2.33608472201
0.223214285714
-0.0474383301708
-1.34606354672
0.650277557494
1.02265575834
-0.884955752212
0.47664442326
1.02783048703
2.25429776192
3.03128545956
3.63576809695
3.18032786885
1.60668380463
-1.39133216056
-4.46027566982
-4.71285892634
-5.66037735849
-4.00987045034
-3.56261566934
-1.01180438449
-0.604932526757
-0.477143296906
0.824133105271
0.169936659972
1.21024049651
-0.800123095861
-0.260976358612
-0.985373364126
-1.6111871105
-2.34848484848
-1.81296268318
-2.29488525574
-2.75490342866
-1.12714156898
-1.4484097357
-0.779493329336
-0.239413437079
-0.0149700598802
0.0300661455202
0.919228450874
0.105042016807
0.753806723956
1.70523751523
1.07886339462
0.835739249354
0.573498339873
0.454338936847
-0.605326876513
-0.634153706779
1.24615384615
2.72868217054
1.61588180979
1.97530864198
3.00155520995
2.83183040658
2.31598984772
2.80018984338
2.33733417562
2.43747012904
-0.472366556448
-1.03610675039
-0.675675675676
-1.12429731418
-1.73763306199
-1.12097150864
-1.20967741935
-1.40975987607
-1.77914110429
-1.58681250963
-0.294939459795
0.0620732464308
-2.81541704306
-2.26352870634
-2.68365817091
-4.40718207449
-4.70275066548
-0.3600360036
0.05999700015
-0.373412994772
0.822860562537
1.56203063983
-0.358744394619
-0.388465561034
-1.12243390932
-1.56111929308
-1.87177597642
-1.1524822695
-0.475836431227
0.74393691415
1.02663294153
0.967261904762
0.236966824645
-0.26694349696
-0.370589979247
0.0893521965748
0.014883167138
0.761080435756
0.327332242226
-0.148016577857
0.0894321061261
-0.104073743681
-0.445699004606
0.59871276755
1.82366239638
0.978326309452
1.77031320926
2.27928886188
0.0449236298293
-0.999701581617
-0.464419475655
-0.721045515998
-2.51814545993
0.195048762191
0.0298507462687
-0.209298848856
-0.448631673396
4.76412166356
4.72972972973
5.39562686802
4.54829634261
3.65834754302
0.248911014312
-0.949416342412
-0.91957605985
0.486885503377
0.576863111943
0.942211055276
1.05379050016
0.690521029504
-0.964380152434
0.281425891182
0.251889168766
0.299731818899
0.902612826603
3.04535983331
2.22151190666
1.6482637222
0.698967434472
1.33183568678
0.160539412426
1.65718927701
1.77524429967
2.90992316495
0.84142394822
-0.748884639898
-1.91235059761
-1.82283338663
-2.53346080306
-1.23062170369
-0.664767331434
-0.206743002545
0.401348531064
0.884102234367
3.60986918364
5.74058577406
5.09777703493
5.02444781656
4.96035093639
0.683561187062
-0.895670923868
-2.31836734694
-3.07239745056
-3.40612777053
-2.23308883456
-1.61553524804
-0.487408610885
-0.874777255791
-0.0651465798046
-3.68916797488
-5.85343370717
-5.03008794939
-5.53940321347
-5.27614933662
-1.87923598275
0.556156341727
0.652275198012
2.07747578882
1.24960949703
0.557620817844
-0.553080350284
-1.09062980031
-0.805701890301
0.0156225589751
1.65328294757
-0.625954198473
-1.07886339462
-2.53699788584
-4.06175059952
-4.82541585494
-1.90205181968
-1.00782190132
-0.764273939757
0.120048019208
-0.402985074627
-0.34328358209
-0.404494382022
-0.0599071439269
-0.314136125654
0.479904019196
-0.0298418382572
-0.536432722396
-0.328407224959
-0.0299087782264
-0.299043062201
-0.253013841345
-0.430267062315
-0.445831475702
-2.00762016413
-2.39346176299
-1.9267260254
-1.259888661
-1.18942731278
-0.972282687563
-0.925390399075
-1.06859205776
-1.38688240393
-1.67484839734
-0.934445083381
-0.374531835206
-0.731077981651
-0.53168558701
-0.05772005772
0.37518037518
0.0865051903114
0.446364290857
1.16295973252
0.187942749747
-0.115307004901
-0.387763894873
0.506512301013
0.131004366812
1.51159377752
2.02941176471
2.48748896085
0.567602969
-0.434782608696
-1.91449546567
-2.11602130416
-0.918769141024
0.306569343066
2.31316725979
2.04171562867
-0.856286570572
-1.25288018433
-1.06874638937
-2.61371841155
-1.60427807487
2.03873598369
0.739881038735
1.7337643256
3.49723509191
3.25324578421
2.37030411449
3.11144353029
2.29971441455
0.889626055489
0.28434600419
-1.23674911661
-2.12298682284
-2.83335767489
-4.69895099871
-3.8284398388
-1.55094941296
-1.64170506912
-1.48201438849
-0.343691822999
-0.143719459615
-0.461693839273
0.0432214378332
-0.643316654753
-0.654431640347
-0.911421247508
-1.91055759977
-1.90785754664
-0.256666191359
0.514800514801
0.4147004147
0.986136915821
2.04788001154
0.443998854197
1.76076833527
2.05779334501
2.89705882353
2.01559511549
3.97617274758
1.22256591545
-1.25378296585
-1.37781000725
-1.6210739615
-2.14223258525
-0.904977375566
0.740418118467
-0.461960444637
-0.187806992199
-1.45052419934
-1.96050372066
-0.663397750216
-0.574135208842
-1.02945381756
-0.457469621158
-1.14584806903
-1.53365521159
-4.88737201365
-5.19181238986
-6.73333333333
-5.84709643047
-6.30654603513
-3.51685985248
-1.96677740864
-0.924702774108
-1.40512147078
-1.30006565988
0.224422442244
-0.738688827331
-0.368518031061
-0.5355276907
-0.820526178692
-1.03214005749
-2.02894804859
-1.42708873897
-0.623052959502
-0.272762696454
0.81664910432
1.7087276551
0.42996742671
1.12890522447
0.653680219637
-0.991131977047
-1.25892277742
-0.582901554404
-0.936280884265
-0.894013993263
-0.866192630898
-0.155500842296
0.520833333333
-0.633156738597
1.10034058161
1.5625
0.0778109194657
-1.00541376643
0.23313042352
-1.20357189077
-0.678142931664
-0.374677002584
0.674798858033
0.19465351674
-0.553410553411
-2.88753799392
-0.921658986175
-1.88439011968
-1.49558992714
-1.38342429242
0.894454382826
-1.41342756184
-1.41835069662
-2.31018981019
-1.07972379159
-2.29712858926
0.227675183405
-0.250406911231
-1.65786565148
-2.14987714988
-2.95614247638
2.51556016598
4.29616087751
5.61608300908
4.78887744593
7.51595675394
0.168853097805
-1.51748971193
-1.39404015859
-0.0900321543408
-1.50115473441
-1.84854665987
-0.575373993095
-0.723717623159
-1.06883827459
-1.92525481314
-2.77640059494
-2.4812967581
-1.57460634841
-0.632191174611
0.850253807107
2.35980715554
1.90597204574
-2.27161700049
-2.18896858768
-0.126742712294
-0.34138323429
2.52735799896
5.43394282771
4.51079229676
2.9219932168
2.95495964593
-1.27331189711
-0.525169719483
-0.960061443932
-1.21134020619
-2.05278592375
-0.358836344996
-1.12715298886
-1.16396761134
-0.0128849375081
4.22591362126
0.77489345215
3.10786106033
3.06428478289
0.271317829457
-3.11574610532
0.57150279257
-1.84568059472
-2.2310045895
-1.48911798396
-0.855246362012
-2.24733367191
-1.94797034058
-1.70426065163
-2.72378358301
-3.93623543838
-3.37381916329
-1.72903544523
-0.362092645774
0.585305105853
0.221211748802
0.357054912583
0.0247066090179
-0.22424317927
-0.136798905609
1.21905709665
1.41091272319
0.634012928891
-0.0373599003736
-1.5066144047
-1.10714725058
-1.60933660934
-1.59040861267
-2.02537823328
-0.645004259462
-0.428711415973
-0.269541778976
0.0979671809944
0.873846153846
2.09990059642
2.17772215269
2.55057167986
2.67823462844
2.35575711766
0.890058919393
-0.137482814648
1.33689839572
2.00076952674
3.29212752115
3.18199456733
2.7217871357
1.01607717042
0.619434765776
-0.375939849624
0.207388204796
-0.345445240532
-0.256574727389
-0.996550402453
-1.43112701252
-2.40354206199
-2.49500998004
-2.35500438432
-2.52801992528
-2.32151772341
-0.428265524625
1.10998990918
1.53904858815
3.31960885229
2.65214606022
2.82346846263
4.88159809499
3.23004201681
2.35743447913
2.91402953586
1.56537753223
-0.079312623926
-0.22271714922
-1.32553606238
-2.63191680575
-3.13455657492
-3.92430784862
-1.63659793814
-1.7743170794
-1.92646688492
-1.17113713638
-0.291249841712
-3.45857178403
-3.17636880484
-1.47624364223
-0.7375
-2.86592865929
-2.52243512006
-0.748282630029
-0.173374613003
-1.41712877388
-0.036886757654
1.26489008965
-1.55778287646
-1.90719144801
-1.64828505636
-1.13056163384
-1.65458937198
-0.826347305389
-2.37191650854
-2.74634606318
-2.73146505853
-1.82594261323
-1.40512457197
-0.41336955238
-0.129487934079
-0.98349139445
-0.354442344045
0.486473659231
0.534314889575
1.93184545236
1.88476678993
1.54769046191
1.92284435845
-0.354945575012
-1.69851380042
0.215182307233
-0.797429183528
0.473876063183
2.6101736069
3.78259272861
3.38647880361
1.99077445982
0.4884004884
0.647605083089
0.467347189768
-0.491944410282
0.75831702544
-0.134129984148
-0.19512195122
-0.122835032551
0.956046684877
1.62834058421
1.69890873016
0.712355686563
1.45812562313
0.149216612783
0.186799501868
0.787401574803
0.680103870409
-0.680777323926
-0.173783515392
0.525788683025
-0.212022948366
2.06992300896
3.25920245399
1.74286435969
1.79686504397
1.35254708634
2.04791344668
1.78222973852
3.3411641869
3.65918097754
3.96898409778
1.55657292348
-0.0390117035111
-0.892510671323
-2.98603101371
-3.48807711821
-1.34210865918
-1.15681233933
-2.6322418136
0.0769526741054
0.895828001024
-0.551848049281
-0.218032576632
1.97790906756
-0.192012288786
0.359619830465
-0.345312699834
-0.877192982456
0.490449148167
-0.420650095602
0.0514006682087
0.166538560082
0.357233988262
-1.33706863619
-0.633312222926
-1.79202423019
-1.42694784695
-0.759685996455
-1.64078156313
-1.02795537169
0.583904544301
1.11082737487
1.41242937853
0.680958385876
-0.0501190327027
-0.905660377358
-1.66980539862
-2.35707121364
-1.61290322581
-0.659696290764
-0.786222388618
-0.561797752809
-0.0125360411182
0.136662939496
-1.24154886294
-1.66891643146
-1.22086570477
-1.22585438336
-0.395990595223
0.630875804057
-0.195958358849
-0.819471624266
-0.980872976949
-0.541538461538
0.59731209557
0.616142945163
0.42992261393
-1.66385338799
-1.44347404173
-2.65293761357
-1.44522710712
-0.62255859375
1.51774785802
1.61469246888
0.560360579851
0.219084712756
-0.570457579803
-0.0367062278233
-0.588163215292
1.1334236787
2.02409040109
2.56442176024
2.25197047416
1.72005484233
0.844825444155
-0.148791072536
-0.235966219573
-0.187312687313
0.162297128589
0.111940298507
-0.173288773363
0.199104031857
0.18766420618
0.300525920361
0.362002246911
0.949643883544
0.337120739168
-0.274485339988
-0.24981264052
0.438816449348
0.489703666499
0.501945037018
0.716260366926
0.338388269207
-0.598205383848
-0.362817465282
0.213782696177
0.721427667384
0.592536560767
2.06054439074
1.15160718805
1.18335666115
-0.340565085772
-0.301659125189
-1.70042510628
-1.45903479237
-2.44538232373
-2.92641116689
-2.51194706531
-1.4539181863
-1.38957206099
-0.861432439084
0.901902643934
1.50497512438
0.757293606456
1.29546586946
1.4481897628
1.18764845606
0.17443309245
1.2443438914
1.28690386071
1.84361093452
2.34135107472
3.80237972064
-0.112994350282
0.0504922999243
-0.957058304999
-3.61326920705
-3.51884202645
-1.60592958616
-2.77368679431
-2.46868091378
-0.478645066274
-2.2086638194
-1.01491807288
-1.16448326055
-1.53585681461
-1.60608622147
-1.59702209414
-1.93068713275
-1.31673449844
-0.827536579515
-0.600168047053
0.301095989401
0.336902899771
0.674861412389
0.579010856454
-0.465949820789
-0.883371135251
-0.252040326452
-0.0120496445355
-0.884744141559
0.251527128997
0.61253903435
-0.655776797425
-1.29638439581
-0.617870722433
-0.831452666587
-1.43246122884
-1.10835986322
-0.426338228328
-1.26701079305
-0.166014466975
-0.13005438638
0.438180956892
0.83592070695
2.52585999519
1.54124021674
0.94283327366
1.04104343664
0.697450697451
-1.23544784985
-0.729141764284
-1.06269925611
0.239894446444
-0.466786355476
1.48282097649
1.7266536965
1.70529602498
-0.96222380613
-1.25280699681
-1.51964858127
-1.18947494894
-2.21935180836
-2.05933682373
-2.15103504105
-2.66928587936
-4.26731078905
-2.41778388908
-1.63653009842
-2.44810469314
-2.76404494382
-2.20472440945
-2.086839448
-2.31414197876
-1.14865618378
-0.536432722396
0.338600451467
1.15764385427
1.83287795993
1.95565662308
0.845260903866
0.146942466373
