107.94
108.38
105.38
109.44
117.00
117.31
117.75
118.38
117.00
117.00
118.00
116.00
114.25
112.62
108.88
103.69
100.81
104.44
103.69
101.12
100.88
100.00
99.81
97.69
94.81
95.88
95.88
94.69
93.94
93.81
95.81
96.25
95.00
94.44
93.44
92.88
90.88
89.00
90.00
89.88
88.69
88.44
89.81
88.44
72.38
61.69
59.50
57.75
57.25
58.00
58.50
60.50
59.88
59.03
57.50
57.69
56.88
56.50
57.00
57.12
58.75
60.12
59.50
60.00
64.00
63.62
62.94
63.75
66.00
66.81
72.75
69.88
68.25
69.12
68.56
67.75
69.00
71.00
70.50
63.38
62.25
60.94
60.44
60.06
61.62
61.69
60.88
61.38
63.06
64.81
65.19
65.56
65.25
65.31
65.00
65.31
65.19
65.38
65.19
66.25
66.00
66.44
66.38
66.88
66.38
65.38
64.00
63.69
63.88
60.00
57.50
57.19
57.00
57.12
57.50
57.19
56.50
56.00
55.44
54.81
55.44
55.81
56.62
56.00
55.12
57.36
56.81
56.31
56.00
55.69
55.69
55.62
55.50
55.44
56.25
57.25
58.25
59.12
59.56
59.44
59.44
60.81
59.94
60.75
60.00
59.00
60.00
59.62
59.06
58.06
57.75
57.00
56.75
56.94
58.50
59.69
62.75
62.94
62.69
63.19
63.44
64.31
64.50
64.25
62.75
63.25
63.00
62.31
62.25
61.69
62.69
64.38
63.81
63.50
63.75
63.31
63.00
62.25
63.06
62.50
62.44
61.81
63.38
64.38
64.06
63.31
62.38
67.81
67.69
68.06
69.69
70.69
73.19
74.88
73.56
73.00
74.00
74.44
73.44
72.38
74.00
74.94
74.25
73.31
72.69
73.69
75.75
75.94
76.94
76.88
75.12
70.94
69.38
68.69
69.00
69.19
70.19
71.50
72.50
73.06
72.88
73.88
74.81
75.75
75.88
74.50
75.94
74.50
73.75
74.12
75.94
75.94
74.81
75.88
76.19
73.94
74.56
73.56
70.75
73.50
72.62
74.75
73.81
73.38
74.75
74.88
74.88
74.50
74.75
79.31
77.62
78.94
78.88
79.19
74.62
75.44
77.31
75.75
74.50
74.12
73.31
72.50
71.75
72.25
70.62
70.50
70.75
70.12
70.69
71.50
69.24
71.40
72.00
74.13
74.55
75.29
74.95
75.90
75.35
75.50
75.75
74.90
74.50
74.40
75.09
75.78
77.03
77.15
75.90
72.26
71.49
71.20
70.65
69.80
71.40
69.66
69.45
71.20
70.40
70.60
68.95
67.70
66.99
65.93
67.15
68.20
65.80
63.25
61.95
61.10
62.80
62.75
63.05
62.80
63.65
61.74
60.99
61.65
62.37
62.00
60.20
59.05
59.43
59.94
58.65
60.00
58.99
59.62
58.45
57.74
57.84
58.30
59.83
60.29
64.84
64.85
64.75
64.51
64.95
64.76
66.24
66.50
66.28
66.17
66.24
68.29
68.30
67.48
66.15
65.60
64.93
64.59
64.30
64.64
64.97
64.50
64.24
63.74
64.12
66.30
65.60
65.18
64.77
65.60
65.98
65.60
64.88
62.40
62.75
62.93
63.35
63.49
63.80
64.15
64.33
64.23
65.35
64.82
64.70
64.60
65.05
66.14
67.10
69.00
68.80
68.42
69.49
69.99
69.90
69.73
69.10
68.30
68.60
70.00
71.00
71.42
71.10
71.60
71.93
71.95
71.50
70.75
71.85
70.43
70.90
72.53
72.30
72.62
73.00
74.39
74.75
76.08
75.54
75.74
77.00
77.28
77.04
76.48
75.60
75.10
74.35
76.08
76.24
75.99
75.20
74.40
74.90
74.25
75.02
74.00
71.65
70.45
71.20
72.24
72.40
73.15
73.00
73.45
73.39
73.10
72.99
73.10
73.78
74.14
73.50
72.19
71.50
71.05
71.20
71.80
72.20
72.90
72.84
72.15
72.48
73.54
73.25
74.25
74.42
75.99
76.60
76.98
78.00
78.20
78.00
77.51
77.43
77.89
78.25
78.85
78.74
79.00
78.68
78.55
78.50
78.39
78.25
77.25
77.60
78.12
77.45
77.07
77.71
77.08
75.75
77.42
77.70
80.00
81.10
80.78
81.10
81.72
81.65
81.49
81.37
80.93
81.19
80.60
80.30
79.74
80.00
79.58
79.50
78.49
78.11
78.34
77.30
78.29
79.45
79.89
79.63
79.89
80.00
79.84
79.56
79.20
79.71
79.43
79.16
79.25
82.12
83.30
84.22
83.07
83.18
82.99
82.20
82.60
83.75
83.74
84.25
85.00
84.60
85.00
85.70
85.98
87.85
86.90
86.72
85.70
87.55
87.35
86.50
85.90
84.93
84.61
84.19
85.28
85.52
85.30
87.10
87.95
89.99
89.89
90.44
90.73
90.25
89.96
90.38
90.29
89.99
90.60
90.61
90.17
89.90
90.29
90.95
92.60
92.74
92.19
91.86
91.47
91.04
90.00
89.12
89.66
89.93
89.99
89.85
90.72
90.55
90.66
92.03
93.47
93.18
93.48
93.24
91.96
92.75
92.99
93.36
93.63
92.90
93.20
93.62
93.73
92.02
92.09
91.70
91.29
90.60
88.75
88.94
90.48
91.07
89.73
90.75
90.74
89.87
89.69
90.50
93.00
93.03
92.30
93.90
93.90
94.75
94.75
94.60
94.41
93.50
91.96
92.46
92.20
90.95
89.60
89.60
89.88
90.48
90.49
88.89
87.65
86.12
83.20
81.99
82.23
82.11
79.45
78.96
80.09
82.33
85.02
84.69
87.22
87.55
89.00
89.80
89.90
89.41
89.35
89.10
90.94
91.49
91.43
91.69
92.89
92.90
90.99
91.52
90.90
91.00
91.09
90.95
90.50
90.91
90.50
89.40
89.68
88.66
88.88
90.59
90.96
90.85
91.82
92.00
91.31
92.00
93.00
93.50
92.88
92.52
91.46
91.00
90.30
90.00
90.79
91.10
89.79
91.17
91.24
92.35
90.13
90.79
90.83
89.99
89.66
90.44
91.29
92.15
90.97
91.10
91.75
92.19
91.75
91.00
91.25
89.18
88.72
89.22
89.89
89.45
88.22
88.02
88.97
88.75
88.46
89.06
87.70
87.25
87.18
86.66
87.37
87.30
87.87
88.29
88.10
87.48
86.24
85.26
85.55
84.90
83.75
84.80
86.79
87.50
86.06
86.85
87.90
87.90
88.25
88.30
88.05
88.01
87.85
87.39
87.78
88.05
87.80
88.24
87.57
87.47
86.45
87.90
87.93
88.03
87.43
86.97
85.90
86.44
86.35
86.45
86.40
87.00
87.24
87.47
86.43
86.14
85.49
84.32
85.26
86.00
85.45
85.98
86.10
85.99
86.24
85.38
85.40
85.01
85.15
83.61
83.29
83.70
85.00
84.50
84.20
84.46
83.79
83.08
83.15
83.04
82.98
82.36
81.14
81.00
81.25
81.04
80.77
81.82
82.00
83.49
83.96
85.55
87.00
87.92
88.57
89.07
88.15
88.76
88.89
89.34
88.98
90.00
90.00
90.19
90.18
90.44
91.10
90.04
90.50
89.30
89.67
90.24
90.00
89.87
89.56
89.83
91.45
91.21
89.90
89.73
91.06
91.00
90.46
90.50
90.16
90.45
90.08
90.19
89.70
89.61
89.40
89.30
88.69
90.24
90.49
90.28
90.00
89.43
89.84
89.80
91.19
91.93
92.01
91.95
91.95
92.20
92.53
92.36
91.42
91.16
90.86
90.82
91.00
91.39
92.51
92.50
91.89
91.69
91.74
91.65
92.48
92.37
90.69
90.28
89.99
90.58
90.40
90.75
91.09
90.69
90.33
88.79
88.88
88.71
88.75
88.60
88.65
89.80
89.87
89.91
89.93
89.86
89.59
89.14
88.56
88.09
90.25
88.30
88.50
88.59
89.18
89.14
89.18
89.60
89.54
89.66
89.49
89.50
89.65
88.40
88.49
87.94
87.49
87.30
87.82
88.25
87.76
87.94
88.37
89.10
91.99
91.70
91.69
91.55
91.89
91.86
91.91
92.41
92.61
92.71
93.43
93.38
92.55
92.47
92.80
92.73
92.30
92.92
92.98
93.98
94.68
94.98
94.82
95.10
95.08
95.77
95.63
96.15
96.00
95.85
96.61
96.99
96.10
96.37
95.73
95.47
96.06
97.59
97.71
97.69
98.13
98.59
98.48
97.81
97.49
97.70
97.97
97.09
96.36
97.29
96.75
96.48
96.40
96.73
96.47
96.21
96.50
97.47
97.25
97.06
96.55
97.10
97.23
97.10
97.21
96.75
96.90
96.93
96.97
96.88
97.15
98.50
98.85
98.72
99.34
99.49
98.15
98.60
98.58
98.36
99.20
99.69
99.93
100.00
99.65
99.14
98.67
99.94
100.02
100.28
100.30
100.49
100.17
99.97
99.20
99.16
99.60
99.49
99.98
99.82
99.95
101.11
101.41
101.93
102.04
103.67
103.57
102.81
102.72
102.60
103.31
103.13
103.30
103.23
103.49
103.74
102.74
103.70
104.00
103.03
103.28
103.45
103.86
103.86
102.85
102.64
102.80
103.13
102.78
107.21
106.10
104.45
104.01
103.45
104.65
105.25
104.99
104.95
103.98
103.42
105.07
104.90
104.91
105.98
105.76
106.03
106.61
106.57
107.00
107.00
107.18
107.39
107.39
106.08
106.76
106.67
106.65
106.38
104.54
105.19
105.12
105.63
106.30
105.34
106.51
107.31
106.79
107.00
107.10
107.84
108.85
107.50
106.41
106.32
106.49
106.70
107.15
106.50
106.39
107.05
108.16
107.45
107.95
107.99
108.75
108.48
108.75
109.15
109.17
108.49
109.50
110.30
110.96
110.76
110.60
111.59
111.36
111.28
111.49
56.04
56.34
56.10
55.83
55.41
55.18
55.05
54.85
54.85
54.59
54.75
54.61
55.08
54.90
55.02
54.94
55.20
55.35
55.58
55.50
54.97
54.47
53.77
55.97
53.15
53.89
53.55
53.39
52.99
54.10
54.17
54.38
54.14
53.54
53.46
54.20
54.67
54.79
54.77
54.98
54.99
55.25
55.06
54.89
55.05
55.02
55.43
55.80
56.00
56.09
55.97
56.21
56.54
56.90
56.90
56.90
56.67
56.22
56.34
56.86
56.73
56.04
56.95
55.72
54.91
54.65
54.52
54.40
54.15
53.82
54.48
54.72
54.67
54.90
54.36
54.37
54.40
54.02
53.90
53.98
53.54
53.22
54.38
53.79
53.95
53.57
53.98
53.82
53.01
53.21
52.75
52.50
51.51
51.48
51.15
51.95
53.27
53.89
53.52
53.64
53.57
54.17
54.76
54.82
54.65
54.74
54.95
54.95
54.58
54.51
54.29
54.05
54.44
54.20
54.79
55.82
55.42
55.26
54.66
55.03
56.48
57.40
56.69
56.55
56.30
56.40
56.55
56.24
56.14
56.09
56.09
55.96
55.69
55.35
55.67
55.50
55.75
55.48
55.89
55.54
56.15
56.57
56.64
56.58
56.25
55.98
56.04
56.85
57.04
56.53
55.55
55.92
56.18
55.55
54.37
54.52
53.45
53.60
53.44
53.24
52.99
52.54
52.09
51.89
52.28
52.82
53.62
53.49
53.46
53.92
53.33
53.72
53.90
54.19
54.20
53.55
53.79
53.84
54.00
53.98
53.76
53.50
53.86
53.44
53.25
53.44
53.30
53.00
53.50
53.60
52.79
53.19
53.20
52.72
52.41
53.56
53.30
53.42
54.00
54.16
54.00
55.07
55.06
55.88
55.72
55.66
55.60
55.48
54.98
55.00
54.16
54.19
54.19
54.19
53.87
53.68
55.60
54.54
54.98
55.00
55.21
55.20
55.30
55.12
55.15
55.58
56.01
55.36
55.29
55.73
56.40
56.73
56.61
56.79
56.45
56.00
56.07
55.79
55.64
56.16
56.02
55.79
55.38
55.96
55.85
55.30
55.40
54.89
54.56
54.61
54.34
54.88
54.47
54.36
54.52
54.31
53.70
53.04
53.38
54.07
53.73
53.46
53.15
52.79
52.46
53.17
54.08
54.48
54.92
55.20
54.80
54.90
55.05
55.28
55.24
55.17
55.11
55.42
55.50
55.98
55.85
55.99
55.70
55.38
55.10
54.23
54.42
54.30
54.39
53.89
53.70
54.43
54.36
53.85
54.59
54.77
55.72
55.66
55.42
55.06
55.24
55.84
55.65
55.72
55.94
56.36
56.75
56.50
56.55
57.21
56.91
56.31
55.53
55.72
56.45
55.90
56.50
56.12
56.90
56.94
57.13
57.28
57.73
58.17
59.46
59.56
58.72
58.00
57.76
56.55
56.40
56.37
56.23
56.51
56.29
56.11
55.59
55.70
55.96
55.35
55.64
55.73
55.75
55.30
56.24
56.38
56.72
55.70
56.11
56.30
55.81
55.89
56.33
56.56
56.70
56.51
56.12
56.85
57.43
57.66
57.75
57.59
57.01
57.63
57.36
57.97
58.04
58.00
57.72
57.60
57.82
57.66
57.50
57.50
57.54
58.75
59.70
59.13
59.45
58.84
58.69
58.79
58.78
59.19
58.95
58.80
58.65
58.56
58.86
59.12
59.07
58.80
59.09
58.90
59.07
59.00
58.92
58.86
58.75
58.88
58.56
58.26
58.16
58.47
59.00
59.80
59.70
59.35
60.02
60.15
60.05
59.90
59.81
59.80
59.85
59.79
59.67
60.00
60.25
60.83
61.03
61.00
62.00
62.09
61.73
61.89
61.21
60.46
60.02
60.16
59.96
60.56
61.33
62.00
62.44
62.50
60.68
60.51
59.86
59.40
59.38
59.72
59.60
59.40
58.95
58.62
58.28
57.98
58.10
58.30
58.36
58.48
58.10
57.92
57.94
57.40
57.30
56.50
56.67
56.47
56.37
56.08
56.80
56.76
57.00
57.52
58.06
58.73
58.47
58.67
58.34
56.49
56.69
56.24
56.60
56.67
56.74
56.65
55.83
55.70
56.26
55.92
55.53
55.00
54.49
54.99
55.14
55.28
55.30
55.02
54.69
54.51
54.55
54.04
53.50
54.13
55.10
55.00
54.92
55.25
54.93
55.09
55.20
56.00
55.84
56.19
55.92
56.16
56.00
56.00
56.02
57.00
57.19
56.41
56.14
56.75
56.75
57.13
57.34
57.33
56.79
56.36
56.17
55.92
56.85
56.99
56.98
56.99
57.25
56.77
56.99
57.23
56.66
56.07
58.90
59.69
59.76
59.47
60.00
59.98
60.29
60.45
60.75
60.62
60.56
60.64
60.42
60.93
61.18
61.45
61.38
61.17
61.22
61.39
62.03
62.03
62.09
61.69
61.67
62.03
62.34
62.10
62.18
61.85
60.97
61.75
60.98
60.93
61.78
62.02
62.00
62.50
62.65
62.85
62.55
62.69
62.31
62.50
63.53
63.74
63.31
63.04
62.72
62.67
62.87
62.19
62.23
62.48
62.83
62.56
62.88
63.47
63.17
63.40
63.67
63.84
64.02
63.53
63.63
63.39
63.49
63.75
64.38
64.35
64.00
64.00
63.79
63.39
63.47
63.81
63.87
63.97
63.71
63.64
63.74
63.35
63.36
63.24
63.24
63.10
63.55
63.96
63.81
64.04
64.18
64.03
64.06
63.95
63.78
64.24
64.27
64.45
64.48
64.50
64.25
64.27
64.58
64.62
64.73
64.66
64.50
64.00
63.78
63.80
64.33
64.80
65.00
65.00
65.73
65.65
66.30
66.03
66.00
65.74
65.49
65.14
65.55
64.79
65.16
65.49
65.64
65.42
65.26
64.95
64.75
64.82
64.59
64.74
65.07
65.40
65.50
65.07
64.99
64.73
64.93
64.99
64.73
63.77
64.12
63.71
63.60
63.07
63.05
62.48
62.70
62.40
62.12
61.59
62.05
62.16
62.15
62.34
63.00
63.90
63.98
63.92
63.76
63.48
63.50
63.40
63.35
63.44
63.25
63.18
63.40
63.54
63.22
63.59
63.52
63.80
64.08
63.90
64.19
64.00
64.00
63.74
63.75
63.48
63.21
64.75
63.25
63.21
62.70
62.47
62.79
61.97
62.27
62.05
61.85
61.90
62.89
63.61
63.59
64.43
63.46
63.32
63.43
63.40
63.39
63.81
63.85
63.92
63.78
63.50
63.73
63.60
62.76
63.20
63.21
63.00
62.82
62.60
62.80
62.50
61.91
62.49
62.40
61.97
61.53
61.59
61.44
61.80
61.70
61.80
61.90
61.93
61.63
61.67
61.70
61.67
62.99
63.00
63.50
63.46
62.98
63.13
62.89
63.71
64.38
63.57
63.81
63.41
63.54
63.19
63.49
63.59
63.68
65.00
65.79
65.75
66.75
65.89
65.40
64.45
64.80
64.79
65.45
65.80
64.98
65.11
65.18
65.95
65.74
65.38
65.26
65.31
65.61
65.54
65.65
66.28
66.33
66.10
67.00
67.40
67.72
67.85
68.29
69.07
69.00
69.32
69.94
70.00
70.34
70.73
70.65
70.49
71.00
71.00
70.87
71.07
71.32
70.92
71.35
71.75
71.98
72.00
71.90
71.55
70.84
71.00
71.53
71.12
71.36
71.49
71.68
71.76
72.19
69.90
69.89
69.85
69.76
70.92
70.64
70.98
71.02
71.00
71.48
71.76
72.25
72.49
73.25
73.29
73.85
73.80
72.92
73.55
73.62
74.04
74.30
74.60
74.25
73.80
74.08
74.24
74.82
74.60
74.91
75.18
75.00
74.50
73.94
73.65
73.62
73.49
74.33
74.44
74.20
74.26
74.49
74.26
73.59
73.33
72.99
72.67
73.81
73.60
72.85
72.30
70.89
70.79
69.96
69.46
68.65
65.93
66.50
66.78
66.83
65.70
65.60
65.93
65.95
66.68
67.02
66.31
65.46
66.34
65.75
66.03
67.40
67.74
67.45
66.90
66.93
66.23
66.33
66.40
67.18
67.92
67.64
67.10
66.96
66.39
66.25
67.16
66.89
66.34
65.92
66.75
67.63
67.63
67.71
67.65
68.54
68.88
69.39
70.00
69.98
69.90
70.10
70.04
70.18
71.20
71.13
70.60
70.92
70.97
70.67
70.30
70.69
70.47
70.45
70.40
70.68
68.75
68.00
68.02
67.75
67.87
67.49
67.27
66.90
66.36
68.49
67.48
67.30
66.90
66.88
67.03
66.26
65.79
65.75
66.12
66.49
66.37
66.97
66.97
66.80
66.08
65.81
65.75
65.50
65.42
65.75
66.13
65.92
65.64
66.57
66.82
66.38
66.18
67.15
66.82
66.75
66.81
66.41
66.26
65.95
65.57
65.08
63.60
63.26
64.06
63.88
62.62
61.36
62.01
62.94
63.89
63.81
63.96
64.63
64.32
64.29
64.38
67.41
64.16
64.08
63.97
63.93
64.70
64.94
65.17
64.97
64.45
65.61
66.76
66.44
65.98
66.50
68.10
68.12
68.20
69.88
69.89
70.53
70.24
70.48
71.98
72.00
71.72
70.76
70.11
71.80
71.43
70.36
70.24
71.20
71.08
71.43
71.50
71.52
71.07
72.48
72.46
73.54
73.16
73.25
73.57
73.00
72.02
72.96
72.75
70.40
69.64
68.87
70.20
69.42
69.50
69.92
71.44
71.94
71.80
70.46
69.69
69.01
66.58
63.00
63.93
65.88
63.89
62.25
63.79
64.12
64.29
61.54
61.30
60.34
60.50
63.49
63.98
63.50
64.93
65.25
66.48
66.13
65.47
64.83
65.78
64.88
63.50
66.82
66.00
64.54
64.49
64.66
63.42
63.33
65.00
65.45
63.19
64.55
63.80
61.65
63.13
62.93
62.93
64.00
62.25
60.66
59.86
59.23
59.85
61.75
61.39
62.17
61.98
60.89
61.00
60.70
61.00
60.78
61.47
62.20
62.97
62.44
62.95
61.66
61.25
60.80
60.42
60.29
59.18
57.48
58.25
58.45
58.20
57.56
56.61
56.92
57.39
58.38
59.00
56.84
54.38
54.09
54.45
53.60
54.46
53.98
53.46
51.91
51.40
51.68
50.94
51.17
52.05
51.36
50.49
50.18
50.48
50.20
49.11
47.93
47.88
48.00
46.81
46.59
45.60
45.19
45.74
45.90
47.08
48.41
48.14
48.75
48.42
46.94
47.80
48.21
48.60
48.82
49.03
48.10
47.83
48.48
50.29
49.75
49.97
49.42
49.00
49.29
49.03
48.03
48.86
50.74
51.96
51.97
51.67
50.96
49.84
49.89
50.41
50.18
50.97
50.23
49.75
51.03
50.99
50.86
52.19
52.19
51.55
51.35
51.21
51.64
51.43
52.61
53.51
54.77
53.48
53.74
54.10
53.78
52.67
52.68
53.65
54.13
53.84
53.86
53.95
53.58
52.90
52.93
52.74
52.77
52.38
51.61
50.75
51.36
51.47
50.87
50.82
50.98
52.03
52.03
52.40
52.23
52.53
51.83
52.42
52.44
52.81
52.75
52.50
53.14
53.77
54.73
55.44
55.92
56.03
56.18
55.36
55.56
55.90
55.98
55.96
56.37
57.00
56.75
56.00
55.92
54.17
53.91
52.82
52.28
52.28
52.49
52.34
52.81
52.59
52.66
53.04
53.14
53.77
53.92
53.99
53.80
53.40
53.39
54.12
54.04
53.22
53.02
53.00
54.20
54.30
56.32
56.40
55.49
55.63
55.45
56.11
57.51
57.46
57.51
58.05
57.97
58.50
58.66
58.37
58.14
57.63
56.91
56.94
57.24
57.08
57.85
57.63
58.37
57.37
57.49
57.43
57.69
58.02
58.85
58.24
58.32
58.13
57.86
57.42
57.92
59.98
59.54
58.99
58.92
59.66
60.64
61.38
61.90
62.36
62.28
62.12
61.85
62.68
62.68
62.45
62.29
62.22
62.96
62.95
63.48
62.75
63.00
63.35
63.39
63.36
63.30
62.73
62.30
62.41
62.85
62.85
63.08
62.82
62.67
62.12
62.00
61.85
61.50
61.35
61.48
61.65
61.88
61.89
61.53
61.31
61.28
60.96
60.70
60.53
60.27
61.36
61.79
61.74
61.86
61.83
61.04
60.93
60.69
60.98
60.95
60.98
63.31
62.24
62.24
63.04
62.86
62.34
61.44
61.51
62.00
61.85
62.16
62.13
62.87
62.97
63.50
63.74
63.88
63.82
63.96
63.86
63.88
63.80
63.87
63.90
64.15
63.78
63.67
63.50
63.29
63.18
63.55
63.70
63.90
64.03
64.13
64.00
64.10
64.58
64.40
64.12
63.93
64.04
63.97
63.67
63.70
63.89
63.59
63.00
62.85
63.00
62.98
63.34
63.23
63.14
63.49
63.25
63.49
63.66
63.74
63.64
64.00
63.90
63.46
62.97
63.00
62.84
62.53
62.57
62.67
61.20
62.70
62.97
63.13
63.42
63.20
63.48
63.95
63.60
62.54
61.88
61.98
61.12
61.21
61.17
61.68
61.74
61.83
62.14
61.12
61.07
62.24
62.60
62.29
61.40
61.72
61.93
61.74
61.82
61.94
61.79
61.65
61.57
61.38
60.99
60.94
60.54
60.54
60.29
59.89
59.93
60.91
61.97
61.94
62.16
62.85
62.79
62.89
62.67
62.29
62.12
61.82
61.92
61.96
62.58
63.36
63.13
62.38
61.53
62.09
60.20
60.57
60.20
60.04
60.83
61.34
60.64
60.48
60.60
60.20
60.92
61.06
60.63
60.17
60.39
60.02
59.90
59.91
59.92
59.91
59.75
60.05
60.30
60.50
60.45
60.50
60.69
60.63
60.74
60.94
61.41
61.11
61.47
61.59
61.86
62.00
61.58
61.81
61.70
61.13
60.62
60.65
60.37
60.35
60.91
60.99
61.14
62.00
62.21
62.18
62.93
62.84
63.00
63.52
63.56
63.62
63.98
63.70
63.81
63.44
63.35
63.56
63.85
64.14
64.28
64.36
65.00
65.00
64.92
64.94
64.80
64.58
64.52
64.91
64.37
63.50
64.27
64.24
63.79
63.13
62.97
62.50
62.24
61.66
62.34
62.49
62.50
62.33
62.63
62.68
62.97
63.79
63.52
63.70
63.91
64.75
65.04
65.31
65.38
64.97
65.29
65.11
64.83
64.80
64.49
64.45
64.89
64.96
65.09
64.78
64.87
64.53
64.60
65.00
65.50
65.66
65.94
65.67
65.90
65.95
66.70
66.95
66.92
64.50
64.34
64.36
63.61
62.95
63.13
63.71
64.80
64.75
64.88
64.79
64.97
64.87
64.70
64.11
64.21
64.38
64.37
64.40
64.39
63.11
63.24
63.65
62.84
62.95
62.73
62.13
62.25
62.30
61.92
61.70
61.39
60.86
60.51
60.70
61.07
61.52
61.42
61.09
61.28
61.38
61.34
61.42
61.97
62.00
62.30
62.33
62.26
61.94
62.15
62.23
62.50
62.99
63.07
63.49
64.21
64.15
64.32
64.34
63.75
63.39
64.00
64.16
64.59
65.10
65.45
65.79
66.50
66.39
66.34
65.39
65.89
66.12
66.99
67.31
67.30
67.72
67.50
67.46
67.60
67.23
67.25
66.83
66.30
66.72
67.00
66.99
66.50
65.82
65.64
65.54
65.05
65.45
65.05
65.18
65.22
64.52
64.33
65.12
65.29
65.24
64.43
63.73
63.50
63.25
63.34
62.90
63.65
64.44
64.50
64.94
65.14
65.11
64.74
65.06
65.02
64.80
64.85
64.79
64.79
64.44
64.85
64.74
63.98
63.70
63.12
62.43
62.18
62.31
61.35
60.99
61.00
61.40
61.35
60.90
60.09
61.09
61.72
61.96
61.87
62.12
61.27
61.51
61.91
63.22
63.38
63.47
62.65
63.29
63.89
63.95
64.25
63.07
62.55
63.05
63.83
62.51
61.92
62.10
62.95
62.78
64.70
64.10
64.68
64.46
61.91
61.27
62.79
63.98
63.88
64.05
64.40
64.22
63.49
63.64
63.66
64.40
64.82
64.84
65.34
64.80
65.17
65.45
65.59
65.32
65.28
66.30
65.89
65.37
65.01
65.67
65.03
64.83
63.60
63.55
63.52
63.19
63.57
64.34
63.83
63.65
64.14
63.54
63.90
63.89
63.65
63.50
62.97
62.25
61.51
61.79
62.46
62.95
64.59
64.79
64.86
64.94
65.00
65.50
65.00
65.17
64.92
65.33
64.95
65.21
65.63
65.59
65.91
66.00
66.24
66.69
66.95
66.95
66.98
66.96
67.00
66.88
66.65
66.63
66.75
66.87
66.31
66.00
65.83
66.51
66.13
66.25
66.25
65.94
64.75
65.15
65.38
64.97
63.80
63.55
63.70
63.63
63.86
63.61
63.91
63.78
64.10
63.98
64.38
64.48
64.94
65.40
65.54
65.07
64.71
66.57
66.95
67.04
67.49
67.77
67.69
66.88
66.97
67.09
67.07
67.06
67.06
67.78
67.90
67.95
67.79
67.85
67.48
67.45
67.36
67.76
67.54
67.83
67.73
67.31
67.15
67.48
67.92
67.60
67.56
67.48
67.13
66.90
66.92
66.37
66.50
67.10
67.20
67.20
66.91
67.61
67.00
67.00
66.99
67.14
65.26
64.16
63.74
64.11
64.76
64.75
64.50
64.44
64.29
64.34
64.15
63.76
64.22
64.81
64.40
64.25
63.80
63.55
63.05
62.98
63.20
63.03
62.89
62.62
61.94
61.70
61.33
61.89
62.84
63.19
63.06
62.77
62.77
63.43
63.67
62.75
62.75
60.89
60.48
60.30
59.93
59.58
60.00
60.29
61.27
61.26
61.40
61.60
61.39
61.80
61.90
61.77
64.27
65.75
65.00
65.40
65.14
65.07
64.92
64.72
64.57
64.31
65.10
65.27
65.29
64.99
64.97
63.98
65.90
66.24
66.45
66.80
66.93
66.77
66.75
66.99
66.92
67.00
67.30
67.05
67.14
66.86
66.83
67.18
67.37
67.22
67.18
66.94
67.45
67.47
67.54
68.25
68.60
68.58
68.65
68.59
68.98
69.22
69.25
69.69
69.58
69.64
69.83
69.85
69.97
69.85
69.56
69.42
69.77
69.72
69.54
69.78
69.85
69.48
69.28
68.94
68.39
68.46
68.89
69.26
69.64
69.50
69.49
68.55
68.13
68.37
70.83
70.36
69.95
69.51
69.77
69.22
69.00
68.87
68.09
67.46
67.40
67.60
67.06
67.00
66.97
67.92
68.49
68.50
69.61
69.57
69.48
69.74
69.80
69.89
69.93
69.85
69.88
70.24
70.66
70.42
70.97
70.99
70.64
70.47
70.15
70.28
69.99
70.25
69.82
68.69
68.59
68.16
67.91
67.97
69.39
69.50
69.17
68.92
68.73
69.11
69.29
69.30
69.97
69.96
69.70
69.96
70.00
69.98
70.70
70.85
73.25
74.23
75.31
75.48
75.26
75.97
75.80
76.69
76.19
76.42
76.48
75.92
76.31
76.58
76.97
76.96
77.77
77.52
77.20
77.19
77.67
76.38
76.95
76.91
76.72
76.68
77.39
77.45
77.49
77.20
77.39
77.45
77.10
77.47
77.38
76.55
77.18
77.82
77.67
77.45
77.62
77.50
77.11
77.16
77.85
79.15
79.08
78.98
78.39
78.88
78.89
79.49
80.13
80.66
80.84
80.21
80.14
80.18
81.70
81.59
82.54
79.61
77.67
77.22
77.98
77.89
77.77
78.28
78.46
78.40
78.20
78.51
78.89
78.79
78.97
79.47
81.00
80.74
80.18
79.98
79.22
79.68
79.11
82.35
82.13
80.25
79.88
78.81
77.70
78.47
77.21
76.97
78.28
78.22
78.75
78.89
78.69
78.79
79.47
79.23
79.47
77.33
77.53
77.43
77.24
77.59
78.38
77.94
78.45
78.61
78.75
79.02
79.08
79.90
80.10
80.99
81.64
81.59
81.37
80.85
80.75
81.41
81.45
81.40
81.00
80.57
80.42
80.45
80.90
81.41
82.23
81.50
81.65
81.97
82.21
82.40
82.06
81.73
81.99
81.78
81.08
80.48
80.09
80.10
80.12
80.05
80.07
79.98
78.36
77.86
77.84
78.07
78.42
77.75
77.63
77.61
78.20
78.64
78.27
78.80
79.18
80.21
80.25
80.48
80.53
80.18
79.58
79.48
79.00
78.14
77.75
77.16
76.50
76.14
76.14
76.12
76.10
77.00
77.16
77.92
78.49
78.80
78.61
78.49
79.47
79.57
79.32
80.61
81.25
80.95
80.72
81.86
82.62
82.56
81.60
81.33
81.73
81.74
83.10
83.10
82.57
82.68
83.04
83.50
84.46
84.92
84.94
84.59
84.98
84.89
85.00
85.82
85.76
84.89
85.21
84.15
84.00
83.49
83.45
84.53
84.94
84.43
84.50
83.87
82.46
83.07
81.85
82.42
82.29
82.54
82.14
81.61
81.89
82.48
82.05
82.00
81.36
80.85
80.98
81.58
81.15
80.80
80.89
80.50
80.92
81.18
80.83
80.64
80.72
79.88
78.97
81.70
79.30
79.52
78.80
78.05
77.19
76.76
76.39
76.80
76.99
77.39
78.09
79.11
78.53
77.92
79.75
79.63
78.96
78.44
78.89
78.77
78.31
78.77
78.23
78.91
78.41
78.72
78.41
78.44
78.60
78.57
79.39
79.45
79.76
79.23
79.95
80.08
79.91
78.93
79.75
79.83
79.99
80.18
80.43
80.32
80.83
80.84
80.33
80.58
80.56
81.07
81.38
82.24
82.13
81.66
81.20
81.09
81.88
81.89
81.81
81.67
80.72
81.38
81.58
82.98
82.95
82.75
82.47
82.60
81.88
81.76
82.14
82.32
82.80
82.71
81.98
81.91
81.37
80.76
80.05
80.58
80.67
80.67
80.85
80.58
80.28
80.40
80.85
80.67
80.30
80.22
80.31
80.24
80.24
80.30
80.30
80.03
79.94
79.94
79.79
79.94
80.57
80.50
80.06
79.44
79.36
79.29
79.19
79.46
79.41
79.86
80.14
80.20
80.85
81.80
81.91
81.57
81.74
81.52
81.20
81.22
80.75
80.40
80.58
80.50
80.32
80.16
79.62
79.50
79.01
78.01
80.67
79.46
79.74
81.30
81.18
81.03
81.87
81.86
81.80
82.04
82.23
82.85
82.87
82.94
83.47
83.66
83.82
83.83
83.60
83.22
83.13
83.49
83.48
83.75
83.80
83.60
83.29
83.96
83.75
83.38
84.25
84.45
84.50
84.44
84.77
84.95
84.92
85.40
85.13
84.74
84.47
84.36
84.04
83.97
83.95
83.94
83.92
84.28
84.88
85.28
84.47
83.91
83.58
82.80
83.48
84.33
84.64
84.59
84.33
85.97
86.48
86.65
86.67
87.00
87.36
87.39
88.87
89.49
89.20
89.20
89.50
89.79
89.88
89.84
88.89
88.18
88.18
88.87
88.80
