107.81
106.38
104.88
105.12
109.56
115.81
115.38
116.62
116.88
115.50
116.94
114.00
114.00
112.62
96.00
103.62
99.00
102.00
103.69
100.25
100.69
99.75
99.81
97.62
94.00
94.00
95.25
93.75
91.31
93.69
92.50
95.81
94.00
93.81
92.31
92.88
90.38
88.75
85.81
89.50
88.00
88.00
87.81
88.38
58.00
61.00
58.50
57.12
53.75
57.44
56.44
59.69
59.88
58.38
57.19
57.25
55.94
56.44
56.25
55.19
57.19
58.94
59.50
56.75
60.88
62.69
62.00
63.38
63.94
65.62
67.94
69.50
68.00
62.88
68.56
66.31
66.12
68.94
70.50
63.25
60.00
60.94
59.81
59.44
60.62
60.56
60.25
60.12
61.25
63.31
64.38
65.00
63.88
64.88
64.50
64.75
64.25
65.19
64.38
64.56
65.62
65.75
66.31
66.00
66.12
65.38
64.00
62.88
62.88
58.62
56.81
57.00
55.81
56.75
57.19
57.00
56.19
55.88
55.38
54.62
54.75
55.00
55.50
55.50
55.06
53.56
56.75
56.25
56.00
55.69
55.06
55.50
54.88
55.25
54.75
56.25
56.19
57.94
59.25
59.25
59.19
59.50
59.25
59.56
59.94
58.75
56.00
59.38
58.44
58.06
57.31
57.00
56.56
56.56
56.88
58.31
59.75
62.00
62.50
62.25
63.19
63.44
64.06
64.25
62.12
62.75
63.00
62.06
61.88
61.62
61.44
62.75
63.69
62.75
63.31
62.56
63.00
61.81
62.44
61.94
61.88
61.00
61.56
63.25
64.06
63.06
61.62
61.50
67.00
67.06
68.00
68.62
71.88
73.12
73.00
72.50
72.25
73.25
72.75
72.38
71.50
72.69
74.12
72.19
72.69
71.00
73.88
75.12
73.75
76.00
75.00
70.88
68.75
67.75
68.25
68.62
68.25
70.00
70.12
71.50
72.25
73.00
72.69
73.88
74.75
74.12
74.00
74.25
72.88
73.00
73.69
74.75
74.12
73.75
75.00
73.31
71.75
73.50
70.75
71.25
71.62
71.50
71.38
72.62
72.69
72.62
72.56
74.50
73.69
74.38
77.00
77.50
78.12
78.50
74.56
72.25
74.31
75.75
73.62
73.81
73.25
70.94
71.62
70.12
70.06
69.88
68.69
69.88
69.25
70.62
69.00
69.50
71.00
72.00
74.30
73.99
74.85
73.85
75.19
75.09
74.99
74.90
74.50
73.15
74.49
75.45
76.50
77.00
75.90
72.25
71.00
70.70
70.00
67.80
70.90
69.65
68.60
68.90
70.25
68.75
68.35
67.00
66.75
64.55
64.90
65.90
65.80
62.80
61.60
61.00
61.00
61.80
62.07
61.50
63.00
61.05
60.40
61.00
61.50
62.00
60.00
58.00
58.90
59.20
58.30
57.75
57.90
58.71
58.00
57.00
56.80
58.10
58.40
60.05
62.80
64.85
64.75
63.75
64.40
64.50
64.50
66.45
65.84
65.99
66.06
66.30
67.75
67.16
65.00
65.30
64.60
64.00
64.25
63.80
64.60
64.00
64.23
63.50
63.61
65.25
64.75
65.15
64.50
65.25
65.95
64.95
64.40
62.40
62.25
62.50
62.01
62.40
63.25
62.80
63.71
63.41
64.04
64.00
64.02
64.30
64.28
65.00
66.10
67.70
68.76
68.30
68.14
69.37
69.88
69.20
69.10
68.15
67.75
68.09
69.40
70.50
70.05
71.10
71.03
71.76
71.46
70.40
69.75
69.50
69.52
71.19
71.90
72.35
72.28
73.15
74.15
74.90
75.20
75.20
75.45
76.85
77.00
76.25
75.60
74.15
73.80
73.68
75.91
75.88
74.90
73.45
73.60
74.10
74.65
74.00
70.65
69.00
69.46
71.70
71.50
72.74
72.50
72.39
72.81
73.05
71.30
72.00
72.25
72.05
73.02
71.55
71.50
70.74
70.55
70.20
70.95
71.75
72.70
71.75
70.70
72.25
73.01
71.98
74.20
73.80
75.80
76.09
76.93
77.45
78.00
76.40
76.65
77.45
77.99
78.23
78.68
78.85
78.20
78.00
77.90
78.05
77.70
76.85
76.10
77.00
77.45
76.50
76.50
76.45
75.57
75.47
76.85
79.25
79.95
80.30
80.10
80.25
80.70
81.10
81.25
80.64
80.26
80.46
80.30
78.90
78.90
79.31
79.24
78.23
77.55
77.76
76.60
77.70
77.65
78.55
79.15
79.49
79.67
79.80
79.15
79.20
77.23
78.60
79.16
77.50
80.50
81.68
82.57
82.45
81.98
82.25
82.05
82.09
81.89
83.03
83.50
84.50
84.10
84.24
84.80
83.50
85.45
86.90
86.35
85.00
85.00
87.00
85.80
85.06
84.93
84.49
83.85
83.60
85.28
84.75
85.38
87.50
88.15
89.80
89.26
90.00
89.75
89.35
88.85
89.99
89.35
89.99
90.60
89.10
89.75
89.40
90.29
90.29
92.02
90.76
91.60
90.70
90.82
89.75
88.87
89.00
88.89
89.15
89.43
89.77
90.05
90.25
90.80
92.49
92.99
92.48
92.50
91.67
92.00
92.06
91.67
93.15
92.45
92.40
93.45
93.20
91.95
91.10
91.55
90.75
90.60
87.85
87.09
89.23
89.11
88.96
89.95
90.10
89.40
88.95
90.10
90.50
92.75
92.22
91.55
93.10
93.80
94.00
93.84
93.75
93.16
89.00
91.65
91.70
89.34
89.03
88.45
88.16
89.88
90.10
87.90
87.10
86.12
82.60
81.50
81.95
80.14
79.02
75.00
79.00
78.10
82.25
84.30
84.62
86.40
87.60
88.74
87.87
89.40
88.70
88.19
88.94
89.65
90.00
89.95
90.06
92.05
90.00
90.60
90.35
90.25
90.18
90.20
90.25
90.25
87.00
89.10
87.87
88.66
87.00
88.54
90.95
89.25
90.99
91.70
91.05
91.00
92.00
93.04
91.32
91.50
91.12
90.02
90.15
88.40
89.95
90.78
88.38
89.50
90.45
90.56
90.00
88.52
89.44
89.30
88.53
89.40
90.00
92.00
90.02
90.90
90.00
90.95
91.48
90.45
91.25
88.60
88.70
88.04
89.00
88.94
87.80
88.00
86.45
88.71
87.75
88.50
86.60
86.48
85.88
86.05
86.49
87.30
86.02
86.55
87.99
86.65
86.07
85.25
84.43
84.51
83.63
82.00
84.49
86.05
85.48
86.00
87.00
87.66
88.00
87.70
87.42
88.00
87.20
87.37
86.69
87.90
87.70
87.55
86.93
86.15
86.16
86.10
87.65
87.10
87.07
86.40
85.40
85.78
86.13
85.80
86.28
86.23
86.87
87.08
85.79
84.75
85.00
84.10
84.24
84.75
85.45
84.30
85.56
85.15
85.91
85.10
84.86
84.35
84.88
83.25
83.10
82.70
83.90
84.35
83.90
84.15
83.70
82.30
82.90
82.72
82.60
82.35
81.00
79.75
80.31
80.16
80.76
79.76
80.71
82.75
83.69
83.23
85.50
86.62
87.51
88.65
88.00
87.57
88.03
87.80
88.78
88.50
89.05
89.98
90.11
88.80
90.41
89.02
89.20
89.29
89.15
89.20
89.40
89.69
89.10
89.55
88.85
90.88
89.20
89.30
89.38
90.60
89.91
90.08
89.40
90.00
89.84
89.71
89.15
89.13
89.25
88.75
88.49
89.00
89.97
90.11
89.97
88.85
89.43
89.12
89.80
91.12
91.65
91.13
91.83
91.42
92.05
91.76
91.20
90.71
90.58
90.82
90.95
91.30
91.60
92.28
91.89
91.50
90.85
91.03
91.00
91.98
90.69
90.28
89.42
89.04
89.98
90.00
90.10
90.45
89.95
88.50
88.34
88.60
88.19
88.00
88.50
88.93
89.55
89.05
89.93
89.17
87.95
89.14
88.05
87.90
88.95
88.00
86.95
88.25
87.70
89.00
88.80
89.04
89.50
89.65
89.46
89.35
89.65
88.40
87.84
87.38
87.20
86.65
86.88
87.15
87.12
86.97
87.16
88.10
90.00
91.43
90.60
91.10
91.16
91.15
91.25
91.47
91.50
92.18
92.30
93.25
92.00
92.00
92.60
92.37
92.00
91.75
92.75
92.82
93.55
94.45
94.70
94.01
94.60
95.48
94.80
95.50
95.28
95.65
95.64
96.50
96.00
96.23
94.73
95.26
94.69
96.10
97.25
97.50
97.26
97.93
97.85
97.50
97.10
96.85
97.56
96.70
96.01
95.52
96.00
96.07
95.44
96.00
95.50
95.80
95.70
95.90
96.80
97.05
95.81
96.35
96.76
96.65
96.55
96.51
96.42
96.85
96.47
96.88
95.99
97.12
98.70
98.64
98.50
99.44
97.60
98.25
98.15
98.05
98.10
99.20
99.47
99.65
98.99
98.82
98.50
99.79
98.88
99.48
100.02
99.75
99.91
99.97
98.40
98.20
98.25
99.48
97.95
99.55
99.18
98.80
100.50
100.81
101.30
101.99
102.67
102.50
101.86
102.20
102.18
102.96
102.75
102.48
103.42
102.72
102.74
102.55
103.52
101.92
102.40
102.80
102.58
103.86
101.66
102.36
101.85
101.76
102.05
104.26
105.30
104.00
103.30
103.12
103.09
103.62
104.44
103.45
102.45
103.16
103.95
104.45
104.30
104.77
105.75
104.95
106.35
105.65
105.50
106.75
106.70
106.88
107.12
105.05
105.98
106.65
106.53
106.02
104.11
103.28
104.43
105.50
105.25
105.00
104.55
106.60
105.47
106.32
106.41
106.47
107.50
106.72
106.20
105.98
106.15
105.56
105.88
106.21
106.07
105.11
106.85
106.92
105.96
107.01
107.73
108.29
107.51
108.85
108.70
108.47
108.26
109.35
110.05
110.76
110.00
110.60
111.00
111.17
110.38
55.09
56.34
56.05
55.71
55.38
55.16
54.45
54.78
54.56
54.28
54.26
54.15
54.45
54.46
54.79
54.56
54.58
55.08
55.52
55.50
54.89
54.40
53.20
55.97
52.62
53.12
53.05
53.38
52.78
52.76
53.00
53.61
53.93
53.00
53.10
53.04
54.18
54.43
54.50
54.71
54.97
54.75
55.00
54.38
54.76
54.70
54.95
55.50
55.60
55.70
55.50
55.97
56.17
56.60
56.35
56.55
56.61
56.05
56.19
56.48
56.55
55.85
56.19
55.61
54.35
54.30
54.29
53.96
53.92
53.75
53.55
54.08
54.35
54.74
54.20
54.26
54.35
53.42
53.45
53.40
53.50
52.85
53.54
53.61
53.66
52.80
53.31
53.70
53.00
51.85
52.25
52.50
51.00
51.25
51.00
51.95
52.00
53.39
53.52
53.39
52.85
53.38
54.01
54.60
54.50
54.48
54.38
54.78
54.08
54.46
54.15
53.95
53.97
54.02
53.56
54.35
55.00
55.10
54.21
54.12
55.07
57.40
56.44
56.27
56.18
55.90
55.95
55.70
55.57
55.65
55.90
55.80
55.50
55.30
55.10
55.50
55.65
55.12
55.28
54.82
55.15
56.02
55.92
56.26
56.00
55.50
55.48
55.84
56.30
56.43
54.90
55.20
55.71
55.05
52.15
54.50
53.45
53.01
53.34
53.23
52.62
52.53
52.00
51.69
51.70
52.41
52.89
53.49
53.29
53.33
53.15
53.15
53.60
53.83
54.19
53.09
53.26
53.78
53.87
53.98
53.70
53.35
53.04
53.29
52.81
53.35
52.90
52.65
53.09
53.55
52.74
52.04
53.00
52.55
52.40
51.96
53.26
53.10
53.18
53.98
54.00
54.05
55.05
54.76
55.03
55.37
55.28
55.00
54.80
54.44
53.96
53.90
54.08
54.13
53.66
53.17
53.80
54.20
54.15
54.81
54.91
55.14
55.00
54.75
54.65
55.07
55.60
55.34
54.92
55.10
55.73
55.79
56.59
56.38
56.32
55.80
55.74
55.66
55.42
55.01
55.85
55.65
55.18
55.54
55.85
55.30
55.40
54.41
54.30
54.44
54.18
54.80
54.21
54.06
54.33
54.28
53.50
52.79
52.78
53.33
53.10
53.00
52.40
52.68
52.20
52.17
53.79
54.22
53.96
54.96
54.75
54.50
54.77
54.69
54.90
55.00
54.99
55.00
55.31
55.25
55.75
55.80
55.52
55.36
55.00
54.00
54.11
54.30
53.95
53.54
53.41
53.55
54.24
53.50
53.55
54.37
55.40
55.42
55.41
54.88
55.00
54.92
55.65
55.40
55.40
55.75
56.30
56.50
56.55
56.15
56.68
56.30
55.45
55.24
55.74
55.76
56.24
55.75
55.91
56.51
56.99
56.47
57.19
57.35
57.87
59.43
58.45
57.80
57.00
56.55
56.04
56.00
56.01
55.98
55.85
56.02
55.40
54.65
55.70
55.17
54.99
55.15
55.59
55.00
55.48
55.67
56.50
55.00
55.90
56.20
55.52
55.37
55.88
56.00
56.41
56.30
55.97
56.18
56.85
57.65
57.20
57.59
56.99
57.20
56.85
57.36
57.79
57.36
57.30
57.12
57.40
57.50
57.00
57.05
57.30
57.20
58.49
59.05
59.19
58.14
58.00
58.25
58.27
58.81
58.66
58.59
58.43
58.15
58.30
58.80
58.70
58.74
58.45
58.89
58.94
58.98
58.41
58.45
58.50
58.00
58.51
57.84
58.00
58.10
58.75
59.40
59.13
58.95
59.10
59.74
59.39
59.58
59.47
59.40
59.46
59.63
59.58
59.55
59.75
60.02
60.59
60.88
61.00
61.85
61.32
61.68
61.00
60.11
59.99
59.30
59.55
59.56
60.25
61.50
61.45
62.11
60.09
60.51
59.80
59.39
59.38
59.21
58.70
59.26
58.56
58.38
58.00
57.44
57.53
57.63
57.69
57.83
57.95
57.57
57.50
57.30
57.27
56.30
56.40
56.20
55.94
55.68
56.16
56.10
56.15
56.90
57.56
57.80
58.30
58.43
57.66
56.25
56.23
56.24
56.01
56.36
56.69
56.65
55.80
54.69
55.60
55.56
55.20
54.99
53.96
54.31
54.56
55.13
55.20
54.78
54.58
54.35
54.37
53.80
53.11
53.60
53.50
54.52
54.57
54.32
54.00
54.97
54.89
55.98
55.23
55.52
55.63
55.56
55.74
55.25
55.75
56.24
57.00
56.02
55.70
55.97
56.45
56.43
56.78
57.25
56.61
56.29
55.63
55.65
55.80
56.41
56.85
56.35
56.60
56.65
56.85
56.87
56.41
56.00
57.98
58.46
59.59
59.14
59.75
59.80
59.60
59.99
60.27
60.25
60.38
60.14
60.35
60.30
60.72
60.90
60.88
60.83
60.42
61.00
61.45
61.57
61.99
61.50
61.56
61.89
62.34
61.10
61.92
61.83
60.05
61.10
60.73
60.32
61.10
61.81
61.65
61.57
62.03
62.48
62.41
62.13
61.99
61.89
62.08
63.23
63.15
62.78
62.61
62.28
62.57
62.16
61.82
61.79
62.15
62.29
62.73
62.28
63.00
62.98
63.10
63.31
63.57
62.21
63.20
62.84
63.27
63.23
63.56
64.13
63.86
63.96
63.77
63.18
63.12
63.27
63.50
63.90
63.45
63.27
63.64
63.17
62.70
62.95
63.04
63.01
63.08
63.42
63.57
63.95
63.70
63.70
63.92
63.73
63.30
63.49
64.02
63.72
64.30
64.30
64.23
63.67
64.40
64.17
64.36
63.72
64.34
63.87
63.59
63.39
63.27
64.16
64.40
64.91
65.21
65.25
65.69
65.95
66.00
65.55
65.36
65.00
65.23
64.41
64.50
64.90
65.58
65.12
65.15
64.82
64.11
64.59
64.36
64.16
64.85
64.80
64.89
64.75
64.75
64.48
64.78
64.66
64.31
62.50
62.75
63.35
62.84
63.00
62.80
62.29
62.40
62.09
61.75
61.35
61.56
62.14
61.72
61.98
62.34
63.50
63.53
63.60
63.55
63.48
63.49
63.11
63.22
63.22
63.10
62.81
63.03
63.24
63.21
63.03
63.52
63.50
63.58
63.65
63.77
63.99
63.80
63.48
63.35
63.26
62.91
63.36
63.21
63.21
62.63
62.25
62.61
61.83
61.50
62.01
61.67
61.75
61.72
62.30
63.05
63.50
63.30
63.01
63.03
63.36
63.30
62.91
63.40
63.75
63.55
63.46
63.09
63.35
62.61
62.36
62.80
62.70
62.29
62.29
62.66
62.50
61.81
61.82
62.03
61.88
61.10
61.20
61.15
61.60
61.45
61.35
61.45
61.93
61.50
61.48
61.54
61.06
61.57
62.59
62.36
63.04
62.40
62.48
62.24
62.29
62.57
62.92
62.32
62.35
62.51
63.06
61.52
63.05
63.25
63.00
64.23
65.35
64.01
64.31
65.20
64.23
63.95
62.53
64.90
65.15
64.65
64.88
64.99
65.31
65.67
65.15
64.89
64.81
65.13
65.04
65.38
65.14
65.69
65.55
66.29
66.90
67.32
67.00
67.49
68.29
68.95
68.49
69.67
69.32
69.40
69.91
70.51
69.95
70.44
70.85
70.72
70.20
70.90
70.05
71.18
71.15
71.65
71.93
71.65
70.98
70.64
70.55
71.00
70.60
71.17
71.16
71.21
71.60
71.95
69.53
69.35
69.22
69.05
69.39
70.40
70.44
69.76
70.55
70.44
71.26
71.98
71.40
72.46
72.87
72.98
73.05
72.88
73.00
72.71
72.99
73.82
74.60
74.00
73.23
73.65
73.78
74.24
74.17
74.59
74.65
74.45
74.37
73.73
73.65
72.78
73.38
73.41
74.03
73.90
73.80
74.06
74.25
73.59
72.41
71.70
72.24
72.70
72.54
72.07
72.30
70.82
70.00
69.25
68.95
68.40
64.19
62.74
66.64
66.83
65.53
65.57
64.70
63.79
66.15
66.56
66.06
65.02
65.08
65.55
64.91
66.43
67.39
67.14
66.63
66.93
66.15
66.27
66.19
66.12
66.50
67.14
66.76
66.55
66.15
65.95
66.29
66.50
66.12
65.75
65.81
66.64
66.84
67.71
66.00
67.80
68.74
68.49
69.70
69.98
69.32
69.69
69.55
69.56
70.41
71.06
70.20
70.47
70.97
70.01
70.15
70.09
69.75
70.12
70.39
70.68
68.72
67.94
66.91
67.51
67.87
67.05
67.27
66.62
66.21
67.05
67.03
67.10
66.70
66.21
66.59
66.10
65.62
65.43
65.50
65.93
65.28
66.44
66.51
66.63
66.08
65.32
65.38
65.38
65.32
64.88
65.53
65.92
65.46
66.00
66.56
66.35
65.35
65.63
66.43
66.40
66.77
66.25
65.97
65.59
64.95
64.65
63.43
62.82
63.14
63.22
62.19
60.69
60.55
61.95
62.70
63.81
62.67
63.93
63.71
63.93
63.90
62.35
63.73
63.97
63.97
63.93
63.65
64.25
64.70
64.62
64.39
63.95
65.43
66.02
65.73
65.12
66.21
67.95
67.83
67.01
69.62
69.22
70.22
69.55
70.49
71.32
71.02
70.68
69.83
70.07
71.33
70.03
69.68
70.35
70.71
70.35
70.42
71.16
70.39
71.33
71.66
71.85
71.80
72.33
72.34
71.52
71.68
71.22
72.56
70.01
68.14
67.43
69.02
67.82
68.15
67.19
69.34
70.91
71.02
69.77
69.03
65.78
66.14
58.77
61.67
65.55
63.28
59.91
60.65
62.54
63.47
61.39
59.13
56.90
58.03
58.40
63.01
62.33
62.96
64.72
65.30
65.41
64.05
63.70
65.46
64.65
63.50
61.71
64.87
63.00
62.25
63.88
61.67
60.05
63.44
64.54
61.77
63.04
63.73
61.60
60.52
62.28
60.81
63.01
61.97
60.27
57.77
58.33
58.15
59.90
60.99
61.00
60.80
60.89
60.57
59.95
60.60
60.78
60.50
61.35
61.69
62.32
62.50
61.33
60.91
60.64
59.75
59.96
59.05
57.09
58.08
57.77
58.20
57.38
56.54
55.95
56.48
57.50
57.79
56.50
54.00
53.49
54.33
52.29
53.42
53.89
52.74
51.80
50.93
51.37
50.00
49.84
51.50
50.24
50.49
49.28
49.59
50.10
48.66
47.32
47.33
46.93
46.45
45.87
45.30
44.51
45.59
44.89
46.10
47.37
47.95
47.75
48.24
46.55
46.11
47.42
47.70
48.27
48.21
48.04
47.56
46.75
48.72
49.54
49.46
49.42
48.80
49.17
48.88
47.98
47.68
49.20
51.15
51.57
50.82
50.96
49.84
49.50
49.07
49.75
49.91
50.23
49.60
49.97
50.76
50.00
51.00
52.00
51.42
50.40
50.53
51.02
51.43
50.98
52.57
53.74
53.48
53.07
52.94
53.72
52.26
52.62
52.55
53.23
53.38
53.76
53.56
52.93
52.84
52.69
52.05
51.88
52.38
51.61
50.13
50.07
51.28
50.33
50.52
50.58
50.43
51.46
51.92
52.23
51.47
51.79
50.75
51.99
52.02
52.65
52.18
52.06
53.07
53.61
54.65
55.26
56.01
55.94
55.16
54.93
55.64
55.89
55.60
55.56
56.57
56.20
55.96
55.42
53.74
53.81
51.84
51.92
52.11
52.00
52.29
52.55
52.32
52.40
52.27
52.93
53.45
53.77
53.46
53.41
53.30
53.11
53.00
53.85
52.95
52.95
52.79
53.45
54.20
55.23
56.11
55.23
55.56
55.08
55.33
56.57
57.35
57.30
57.34
57.38
58.00
58.21
58.34
57.84
57.63
56.40
56.79
56.88
57.01
57.37
57.34
57.67
57.37
57.49
57.28
57.12
57.51
57.93
57.92
57.48
58.13
57.65
56.88
56.98
59.39
59.18
58.39
58.45
58.94
59.24
60.17
61.19
61.58
61.87
62.11
61.30
62.00
62.18
62.19
62.16
62.00
62.20
62.77
62.94
61.89
62.37
62.61
62.93
63.09
63.15
62.39
62.14
61.93
62.35
62.29
62.54
62.70
62.38
62.00
61.98
61.65
61.14
61.06
61.25
61.52
61.16
61.38
61.52
61.11
61.13
60.94
60.58
60.36
60.08
60.70
61.04
61.42
61.60
60.80
60.97
60.56
59.75
60.83
60.17
60.46
61.67
61.91
61.85
61.93
62.74
62.20
61.09
61.06
61.38
61.74
61.42
61.76
62.60
62.80
62.73
63.27
63.69
63.23
63.22
63.23
63.75
63.46
63.72
63.66
63.65
63.69
63.55
63.08
63.23
62.76
63.33
63.19
63.72
63.78
63.90
63.84
63.52
63.93
64.33
63.94
63.68
63.73
63.73
63.53
63.47
63.39
63.58
62.91
62.45
62.57
62.45
62.60
62.92
63.03
62.80
62.82
63.47
63.21
63.51
63.48
63.45
63.24
62.65
62.28
62.53
62.42
62.30
61.62
61.91
60.61
61.57
62.04
62.11
62.91
62.76
63.01
63.40
63.10
62.47
60.40
61.43
60.15
60.87
60.88
60.95
60.89
61.16
61.97
61.12
60.72
60.68
62.45
61.97
61.35
61.39
61.61
61.52
61.18
61.80
61.72
61.06
60.89
61.07
60.89
60.00
60.33
60.13
59.84
59.63
59.88
59.50
60.84
61.94
61.54
62.30
62.21
62.62
62.45
61.99
61.63
61.72
61.06
61.40
61.66
62.72
62.88
62.20
61.16
61.95
59.86
60.07
59.55
59.50
60.39
60.10
60.18
59.99
59.74
59.63
60.31
60.16
60.55
59.94
60.01
59.70
59.79
59.91
59.71
59.71
59.31
59.90
59.74
60.26
60.01
60.15
60.67
60.51
60.65
60.39
60.56
60.87
61.31
61.01
61.45
61.53
61.42
61.50
61.45
61.01
60.46
60.32
60.09
60.01
60.26
60.75
60.99
61.00
61.92
62.01
62.23
62.67
62.97
62.88
62.98
62.88
63.59
63.53
63.73
63.12
63.33
63.13
63.23
63.88
63.87
64.00
64.53
64.91
64.87
64.78
64.67
64.32
64.26
64.55
64.36
63.39
63.59
64.23
63.58
63.07
62.96
62.28
62.05
61.51
61.57
62.15
62.45
62.25
62.19
62.28
62.66
63.30
63.31
63.33
63.61
63.86
64.54
64.86
65.22
64.28
64.76
65.04
64.80
64.72
64.48
64.08
64.39
64.41
64.67
64.69
64.63
64.40
64.50
64.41
64.92
65.35
65.65
65.11
65.44
65.90
65.90
66.57
66.89
64.36
63.90
64.35
63.43
62.76
62.66
62.83
63.95
64.39
64.64
64.63
64.08
64.81
64.70
64.10
63.58
64.14
63.73
64.01
64.32
62.96
62.80
63.43
62.60
62.70
62.51
62.00
61.75
62.09
61.72
61.20
61.04
60.62
60.48
60.70
60.92
60.96
61.05
60.84
61.23
61.18
61.08
60.61
61.46
61.76
61.88
62.17
62.02
61.88
61.62
62.20
62.02
62.03
62.84
62.76
63.46
63.67
64.22
64.26
63.61
63.08
63.45
63.64
63.24
64.58
65.24
65.26
65.70
66.08
66.21
64.93
65.29
65.79
66.03
66.67
66.66
66.64
67.40
67.29
67.42
66.88
66.98
66.60
66.19
66.04
66.33
66.96
66.46
65.56
65.36
65.46
65.04
65.03
64.92
64.65
65.03
64.51
63.87
64.65
64.51
65.24
64.08
63.73
63.45
62.76
63.11
62.87
62.73
63.47
64.10
64.53
64.98
65.04
64.29
64.48
64.84
64.55
64.68
64.69
64.60
64.26
64.35
64.46
63.96
63.47
63.03
62.16
61.68
62.16
61.13
60.76
60.37
61.06
60.12
60.52
59.97
58.72
60.78
61.87
61.47
61.78
60.82
60.51
61.74
61.95
62.72
63.25
62.24
62.78
63.09
63.46
63.62
62.80
61.18
62.75
62.59
62.41
61.25
61.77
62.12
62.45
63.22
63.64
63.85
64.37
61.58
60.94
61.67
63.08
63.36
63.54
63.40
63.69
62.30
63.25
63.06
63.97
64.37
64.24
64.72
64.51
65.00
64.84
64.16
64.33
64.90
65.61
65.75
65.09
64.90
65.37
64.83
64.55
63.37
63.40
63.31
62.89
63.03
63.48
63.80
63.51
63.75
63.44
63.38
63.11
63.15
63.11
62.54
61.52
61.31
61.20
61.65
62.48
63.23
64.58
64.68
64.89
64.65
64.79
64.87
64.66
64.58
64.54
64.47
64.83
65.43
65.35
65.24
65.50
65.84
66.21
66.13
66.91
66.73
66.88
66.30
66.63
66.44
66.51
66.25
66.85
66.10
66.00
65.56
65.96
65.90
65.96
65.63
65.91
64.64
64.38
65.10
64.31
63.80
63.42
63.42
63.35
63.36
62.86
63.56
63.72
63.84
63.60
64.15
64.10
64.82
64.78
65.49
64.99
64.24
64.35
66.74
66.57
66.59
67.41
67.44
66.72
66.61
66.50
66.82
66.95
67.06
66.77
67.85
67.73
67.69
67.83
67.03
66.96
67.21
67.00
67.51
67.54
67.51
67.12
66.98
67.15
67.43
67.43
66.71
66.92
66.72
66.74
66.74
66.17
66.04
66.01
66.91
66.93
66.88
66.71
66.91
66.83
66.67
66.64
65.10
63.58
63.34
63.66
64.29
64.53
63.46
64.13
63.93
64.00
64.06
63.50
63.72
64.34
64.12
64.19
63.66
63.43
63.00
62.49
62.58
62.64
62.64
62.60
61.76
61.69
61.21
61.27
62.08
63.04
62.99
62.50
62.61
62.76
63.53
62.56
62.41
60.89
60.36
59.77
59.54
59.45
59.24
59.70
60.65
61.04
61.13
61.44
61.22
61.12
61.71
61.77
62.84
63.93
64.62
64.64
64.83
64.95
64.52
64.40
64.48
64.12
64.59
64.68
64.89
64.79
64.87
63.66
64.71
65.23
65.92
66.01
66.59
66.68
66.56
66.53
66.86
66.58
66.87
66.93
66.76
66.57
66.80
66.60
66.93
66.87
66.97
66.64
67.14
67.22
67.21
67.68
68.16
68.41
68.43
68.35
67.89
68.81
68.88
69.19
69.10
69.11
69.70
69.34
69.70
69.49
69.41
69.25
69.33
69.53
69.02
69.36
69.78
69.48
68.92
68.79
68.33
68.23
68.27
68.96
68.55
69.45
69.36
68.35
67.98
67.37
69.75
69.74
69.51
69.16
69.74
69.22
68.60
68.82
67.98
66.83
67.15
66.77
66.89
66.76
66.36
66.99
67.81
68.16
68.75
69.14
69.20
69.00
69.41
69.37
69.84
69.50
69.48
69.48
69.85
70.12
70.29
70.76
70.55
69.92
69.95
69.89
69.76
69.30
69.43
68.67
68.57
67.88
67.73
67.00
68.65
69.44
69.01
68.92
68.52
68.77
68.98
69.30
69.31
69.16
69.42
69.56
69.69
69.86
69.84
70.68
71.75
73.73
73.55
74.75
74.83
75.30
75.69
75.44
75.32
75.98
76.15
75.41
75.96
76.01
76.30
76.72
76.56
77.27
76.28
77.05
77.07
75.99
75.95
76.66
75.70
76.25
76.78
77.01
77.22
77.01
77.02
77.19
77.07
76.87
77.08
75.90
76.14
77.29
77.42
77.18
77.27
77.02
76.98
76.95
76.85
77.84
78.88
78.32
77.88
78.12
78.82
78.49
79.37
79.51
79.79
79.83
79.98
79.09
80.37
81.31
81.46
79.49
77.67
76.72
77.56
77.86
76.83
77.39
78.10
78.03
77.98
77.90
78.57
78.41
78.51
78.93
79.47
80.49
79.91
79.98
79.17
78.84
78.27
81.88
82.05
80.16
78.90
78.79
76.87
77.71
77.08
76.56
77.44
77.69
77.68
78.64
77.54
78.49
78.26
78.95
79.05
77.21
76.25
76.95
77.10
77.23
77.96
77.62
77.02
77.95
78.28
78.89
78.54
79.07
79.65
80.55
80.67
81.37
81.32
80.49
80.03
80.36
81.23
81.22
80.95
80.01
80.02
80.10
80.49
80.44
81.62
81.42
81.05
81.30
81.41
82.11
81.92
81.23
81.78
81.67
80.96
80.27
79.64
79.72
79.50
79.30
79.87
79.92
77.87
77.86
76.76
77.53
78.27
77.52
77.58
77.12
77.37
78.50
77.26
78.40
78.44
79.72
79.96
79.06
80.50
80.09
79.20
78.97
78.84
77.91
77.75
76.80
75.52
75.91
75.89
75.98
75.66
76.39
76.58
77.41
78.00
78.01
78.38
77.35
78.19
79.39
79.27
79.31
80.34
80.77
80.55
80.11
81.46
82.53
81.20
80.68
81.46
81.13
81.64
82.91
82.28
82.35
82.23
82.57
83.43
84.17
84.79
84.31
84.31
84.84
84.53
84.96
85.20
84.88
84.77
84.04
83.30
83.38
83.39
83.23
84.48
84.41
83.74
83.82
82.32
82.72
81.79
81.21
81.98
81.98
82.14
81.33
81.49
82.09
82.00
81.83
81.33
80.76
80.61
80.71
80.97
80.54
80.59
80.01
80.06
80.70
80.65
80.42
80.59
79.57
78.71
79.33
79.24
78.67
78.80
78.05
76.03
76.69
76.00
75.94
76.53
76.99
77.43
78.10
78.13
77.09
77.69
79.48
77.64
77.96
78.05
78.03
77.73
78.23
77.77
78.24
78.26
78.09
78.32
78.04
78.41
78.29
78.59
78.66
79.32
79.10
79.02
79.84
79.68
78.70
79.04
78.50
79.52
80.03
79.55
79.94
80.00
80.60
80.19
80.28
80.47
80.02
80.51
81.80
81.58
80.98
81.00
80.79
81.28
81.47
81.81
81.54
80.72
80.26
81.20
81.54
82.75
82.39
82.39
82.22
81.64
81.76
81.45
82.06
82.20
82.61
81.94
81.74
81.25
80.63
80.01
80.02
80.34
80.37
80.51
80.55
80.03
80.10
80.25
80.66
80.04
80.00
80.11
80.09
79.91
80.03
80.05
79.82
79.73
79.52
79.61
79.44
79.85
80.44
80.06
79.42
79.04
79.24
78.60
79.01
78.87
79.56
79.93
79.75
80.03
80.66
81.27
81.06
81.36
81.51
80.90
80.99
80.55
80.33
80.29
80.33
80.12
80.02
79.41
79.09
78.70
77.76
79.25
79.46
78.99
79.40
81.02
80.05
81.23
81.50
81.64
81.59
82.23
81.99
82.35
82.46
82.80
83.16
83.74
83.61
83.43
83.02
83.09
83.21
83.26
82.92
83.44
83.57
83.05
83.20
83.61
83.21
83.18
83.58
84.02
84.18
84.52
84.64
84.65
84.33
85.02
84.54
84.11
84.34
84.02
83.10
83.44
83.57
83.38
83.34
84.21
83.95
84.31
83.91
82.59
81.65
82.95
83.25
84.47
84.06
84.26
85.10
84.96
86.20
86.67
86.16
87.08
86.66
87.49
88.74
89.08
88.74
88.92
89.38
89.60
88.94
88.70
88.00
88.02
88.24
88.33
