0.0
80.1512605042
6.47816750179
-17.8959741405
-13.2993630573
28.4779050736
-5.41795665635
-10.5882352941
-7.08590534979
-15.7894736842
4.99147242752
-1.5117581187
4.81220657277
-4.58058013215
1.06395019808
-6.98041692988
-4.18642187027
-6.83270676692
93.8775510204
2.67539756782
-4.41702432046
1.04806649801
2.67161410019
-3.81870092791
-5.14556533514
3.37707786527
-0.174672489083
-8.91010342084
-2.16376089664
1.13350125945
0.937549658351
-11.862745098
-1.49006622517
3.54285714286
10.3230890465
4.22141918528
1.70397594387
24.6044962531
-9.32427331068
-7.95691452397
-4.3853820598
-4.44444444444
0.977720788588
0.402317347924
-3.44934742076
3.48930696253
-3.62622036262
-0.416666666667
-2.30664857531
-0.165562913907
8.20846905537
-10.6259097525
-0.751227968795
-13.094789705
-2.28192859772
3.86085626911
-1.91226096738
-0.989976488058
-0.553777996554
-2.53088640998
