49.00
49.75
50.19
52.25
55.12
54.56
53.19
52.31
53.38
52.88
51.75
50.69
49.94
47.94
47.25
45.00
45.69
45.56
45.19
43.94
44.06
44.75
43.25
42.81
41.81
41.50
41.19
39.56
37.88
38.94
40.75
40.62
39.12
38.38
38.88
38.69
37.88
37.50
36.62
36.44
35.81
35.00
37.31
38.00
36.50
36.44
35.38
36.75
36.12
37.19
39.06
41.62
40.31
40.56
40.06
39.62
40.19
40.00
40.62
39.12
39.56
41.31
41.12
42.25
44.12
43.88
43.62
42.44
42.12
43.25
44.75
44.88
42.00
42.44
43.50
38.94
38.31
39.12
40.50
40.69
40.44
41.00
39.69
39.94
39.38
38.94
39.38
39.75
40.00
38.44
39.56
39.88
40.75
41.75
40.69
40.00
40.44
40.69
40.69
40.50
39.88
38.81
38.81
38.44
40.00
42.50
40.88
39.56
38.81
38.44
38.56
39.06
38.56
38.25
38.00
37.12
36.50
35.69
35.50
35.38
35.12
35.69
36.50
36.75
35.50
35.31
36.06
35.44
35.62
34.94
35.38
36.69
37.00
36.62
36.06
36.19
38.25
38.56
38.44
37.19
36.50
36.62
35.75
35.38
35.06
35.19
34.44
35.19
35.75
35.06
36.94
38.81
38.38
38.12
39.00
39.06
39.50
39.31
38.81
38.56
38.31
38.00
37.88
37.69
37.81
37.75
39.12
38.44
37.88
37.50
38.81
39.25
39.06
38.25
39.31
38.81
39.25
39.62
38.44
37.31
36.19
35.69
35.69
35.69
36.00
35.38
34.75
34.75
34.75
34.25
36.00
35.94
35.62
35.69
35.00
34.44
34.00
33.25
31.81
32.12
32.06
30.12
30.81
31.19
31.88
32.25
32.00
32.31
32.88
35.75
35.81
35.75
35.50
35.00
36.62
36.25
36.94
37.00
36.38
36.31
36.31
36.94
36.69
37.50
37.31
38.50
38.19
39.00
39.81
39.25
40.56
41.06
41.25
43.94
44.25
42.69
42.50
42.12
42.56
43.62
43.19
40.94
41.44
42.62
43.38
43.31
44.88
46.75
47.75
47.56
47.69
47.94
47.25
46.69
49.62
48.50
46.00
45.75
45.62
45.44
45.25
44.69
45.62
42.06
41.06
41.44
42.00
42.88
44.06
43.75
43.80
44.50
45.00
44.60
44.92
44.38
44.06
43.89
43.75
43.25
43.85
44.15
44.50
45.00
44.68
43.40
42.28
41.45
40.77
41.88
42.65
43.18
42.75
43.46
44.70
45.20
46.81
48.00
47.77
46.80
46.23
45.49
45.20
45.55
45.30
45.57
43.25
41.97
41.98
43.75
44.80
45.51
44.75
44.93
45.70
43.95
43.93
46.00
45.09
45.69
47.00
46.10
47.01
47.24
46.51
49.00
48.00
48.22
48.40
49.16
50.03
50.40
50.83
51.49
51.00
51.01
50.25
50.60
52.12
52.25
52.70
54.01
53.90
53.21
53.60
56.50
56.05
55.50
55.70
56.50
56.83
55.25
54.65
55.29
55.00
54.70
55.09
56.04
55.95
55.85
55.13
54.98
54.10
54.06
54.48
54.60
54.48
54.81
54.70
55.73
56.50
55.89
54.64
53.70
53.95
52.86
50.90
52.25
52.28
52.20
51.75
51.15
50.92
50.08
52.05
52.69
52.45
54.50
53.83
54.83
54.95
54.45
54.20
53.60
53.10
52.75
53.77
55.50
55.72
54.73
54.56
54.02
53.57
53.30
52.41
54.51
54.32
54.07
55.37
55.20
54.47
53.60
53.09
53.30
52.60
52.28
52.68
52.46
52.00
51.40
51.18
51.45
50.80
51.75
51.14
48.35
48.45
47.45
46.35
44.97
44.10
47.41
46.78
45.80
44.50
45.49
44.85
45.72
47.80
48.37
48.25
47.70
47.04
47.50
49.90
48.98
48.35
48.20
48.40
46.95
46.80
46.70
47.06
46.45
46.73
47.61
47.50
45.70
45.65
45.35
45.80
46.47
47.80
48.85
49.81
48.95
48.76
49.39
49.97
48.30
49.25
50.15
49.74
49.35
48.64
49.25
49.25
48.70
48.40
48.19
47.50
48.49
51.00
51.69
51.65
51.15
51.10
51.05
51.15
50.24
50.56
51.77
52.15
51.81
51.67
52.25
52.80
52.95
53.24
53.10
52.60
52.35
54.04
54.09
52.38
52.83
51.80
51.90
51.25
50.90
49.75
49.65
49.57
49.35
48.85
49.86
50.28
51.37
50.99
50.22
50.43
50.65
51.13
49.90
49.13
48.65
48.50
49.95
50.60
51.14
51.45
50.78
50.20
51.47
52.58
52.89
56.20
56.80
56.42
56.30
56.90
59.20
59.30
59.23
59.80
59.94
59.50
59.30
58.89
59.60
59.99
59.79
59.94
59.75
57.85
58.00
57.85
57.40
58.00
57.83
57.23
56.96
56.16
56.55
57.75
57.93
58.84
59.62
59.59
59.20
58.30
57.99
56.86
55.46
55.45
55.09
54.00
54.82
53.68
54.50
54.31
55.15
54.80
55.14
54.85
53.65
52.95
55.20
55.01
53.86
53.24
54.35
56.35
56.20
55.69
54.80
54.50
54.29
54.70
54.52
54.39
53.49
52.24
52.98
52.98
51.92
51.79
51.65
51.00
50.98
51.88
49.15
49.60
48.95
49.99
49.89
49.72
48.50
48.12
48.05
48.85
47.97
48.70
50.05
49.40
48.40
47.50
48.24
48.60
48.82
47.70
45.32
46.20
45.50
43.54
44.15
43.20
43.04
42.60
41.25
43.20
43.50
43.65
46.00
45.72
45.50
44.80
43.50
41.81
43.45
43.40
44.95
44.98
44.40
45.46
44.46
44.95
43.95
44.78
44.52
44.75
45.60
45.35
45.50
46.20
44.90
43.73
44.40
43.61
42.83
42.78
43.20
43.29
43.30
43.94
43.29
41.66
40.73
41.60
39.35
39.10
38.15
38.03
37.60
38.10
39.13
38.90
37.79
38.73
38.65
38.76
37.83
36.65
36.90
36.06
35.30
37.18
36.36
37.98
39.71
40.49
41.06
43.13
42.01
42.85
43.50
41.49
42.05
40.85
41.54
41.47
42.35
43.48
43.30
43.61
43.79
43.50
43.01
43.15
43.62
44.50
45.10
45.55
45.24
46.53
48.23
48.99
49.10
48.46
49.28
50.30
50.84
49.00
47.04
47.01
46.60
46.17
45.95
45.81
46.00
45.60
46.30
46.77
46.00
46.07
46.50
46.60
46.49
46.98
46.25
45.74
45.80
47.75
47.70
48.42
48.40
47.86
47.44
47.91
47.94
47.61
47.87
47.79
47.47
47.40
46.08
45.55
45.48
44.19
44.00
44.48
44.38
44.50
44.58
44.26
44.73
43.99
43.65
42.75
43.36
43.05
42.19
43.28
44.79
45.95
46.35
46.60
46.29
46.00
46.00
46.83
47.55
47.35
46.90
45.94
45.64
46.25
45.40
45.23
44.63
46.93
47.95
50.24
50.68
50.00
51.00
53.30
52.56
51.20
51.05
51.00
50.72
49.85
50.00
51.84
52.20
52.20
53.51
52.25
52.56
52.83
54.25
53.65
53.43
53.62
52.14
52.41
53.12
53.00
53.09
52.97
53.00
53.06
52.95
52.65
52.56
53.33
53.90
53.75
53.21
53.70
54.43
54.10
53.48
53.44
53.75
52.70
51.69
51.10
51.48
51.27
52.65
53.05
53.32
52.21
52.95
53.53
54.15
54.49
56.00
54.76
54.77
56.68
57.05
56.25
57.92
58.25
57.99
57.45
57.48
57.38
57.50
56.57
56.87
56.82
56.44
55.51
56.03
56.35
57.30
56.93
56.87
56.55
57.63
58.73
58.60
58.64
63.74
65.86
65.90
65.25
65.01
65.00
65.30
65.69
65.62
66.70
68.29
67.78
67.44
67.54
66.96
67.45
68.79
69.01
70.30
70.50
71.17
71.95
73.14
73.15
72.42
73.95
73.97
71.00
69.90
70.46
70.94
72.03
72.90
72.46
71.90
70.50
70.59
70.26
69.15
69.09
68.20
69.46
69.79
70.70
71.78
71.75
71.68
71.69
71.95
70.87
68.80
69.43
69.49
71.46
72.93
74.49
74.69
74.42
75.57
77.10
76.40
77.40
76.89
78.92
75.12
74.74
74.41
74.01
73.10
71.83
71.56
71.85
72.99
73.46
74.46
74.28
74.49
75.27
75.69
74.74
74.50
73.35
72.58
73.76
74.09
74.56
72.64
73.14
72.88
73.57
73.35
73.77
75.31
75.50
76.21
76.81
76.54
76.35
75.57
77.12
76.87
77.34
76.57
78.19
78.28
79.67
81.12
82.06
84.20
84.75
84.95
84.15
83.96
84.11
84.76
84.77
84.42
83.69
85.16
84.47
83.52
83.19
81.65
82.70
83.60
84.07
85.00
84.95
84.01
83.52
84.71
84.17
85.09
85.70
82.15
80.16
78.45
78.55
77.45
76.52
77.14
78.82
78.68
77.80
78.96
79.25
79.06
79.89
79.55
79.73
78.65
77.82
77.50
77.50
78.56
77.70
77.61
77.83
78.18
77.26
77.10
78.25
77.98
77.40
74.50
74.93
74.66
75.86
77.49
77.40
77.87
75.80
76.75
76.66
77.20
78.25
79.70
80.04
79.85
80.04
81.53
82.51
83.28
82.80
83.19
83.80
84.15
82.39
81.96
82.06
81.96
82.07
81.18
84.76
84.31
82.07
82.00
82.17
80.30
78.95
79.70
79.62
79.15
78.40
78.53
76.11
73.61
74.90
75.65
76.21
74.45
74.70
75.25
73.81
73.08
75.75
74.67
75.21
76.47
75.79
76.33
76.74
76.34
76.31
77.76
77.75
77.15
76.15
75.61
75.84
75.60
74.89
74.96
75.44
76.65
77.89
79.40
79.24
78.78
79.05
79.60
79.39
78.19
76.97
77.57
77.47
77.64
78.39
79.32
79.43
79.63
79.60
78.59
78.73
79.21
73.83
74.15
73.79
72.65
73.91
74.26
74.10
73.49
73.10
72.19
71.91
70.90
70.99
71.32
72.15
71.98
72.15
72.87
74.20
72.78
72.51
72.58
72.77
73.85
74.01
74.09
74.04
73.55
73.02
73.45
73.26
73.89
75.64
75.47
75.38
75.20
76.11
76.00
75.60
75.40
76.20
76.59
76.77
76.11
75.48
75.26
74.70
77.91
80.55
81.30
80.97
81.99
81.31
81.00
81.65
80.25
80.30
80.25
79.75
79.94
81.73
81.16
81.99
81.73
80.84
79.00
78.62
79.52
81.08
80.66
80.78
81.91
83.28
84.48
86.32
87.85
87.49
88.54
88.99
90.00
89.97
90.65
90.50
91.47
91.78
91.44
90.93
91.75
92.10
92.88
93.20
91.78
92.66
92.65
91.83
91.40
92.58
91.06
91.75
92.09
93.99
94.23
95.18
95.73
95.17
95.30
96.44
97.43
97.81
97.99
98.55
98.72
98.60
98.00
97.15
96.30
94.45
94.56
94.30
93.70
92.52
92.50
93.13
94.03
93.50
92.68
91.56
90.96
89.73
90.50
91.64
88.24
88.12
89.65
90.54
91.45
92.03
92.19
92.19
91.82
91.99
92.41
93.16
93.19
92.58
92.82
93.04
91.85
91.41
90.77
93.38
95.29
96.25
97.60
97.80
97.85
99.96
99.90
99.77
98.61
98.96
99.58
98.25
97.35
97.26
97.25
97.87
97.05
96.88
94.98
94.74
94.55
94.00
91.72
92.05
92.25
90.73
90.60
91.56
91.86
92.00
91.13
91.50
91.24
89.00
85.50
84.76
85.68
90.00
89.90
90.40
91.74
91.34
88.47
88.28
88.25
88.43
88.65
89.68
90.27
91.26
90.70
90.10
91.13
91.30
90.22
90.55
92.06
94.00
93.80
93.85
94.74
94.04
93.42
94.47
94.56
94.97
96.55
96.00
95.60
94.92
95.91
96.91
98.58
98.05
99.05
98.91
98.95
99.06
100.84
101.35
102.98
102.24
100.50
98.64
98.00
97.99
98.55
97.03
96.10
96.50
96.08
97.51
99.43
100.15
99.99
99.87
51.10
51.00
51.40
53.42
53.60
53.45
52.84
52.67
52.23
52.79
54.60
54.34
54.45
54.57
54.46
54.23
54.15
54.24
54.40
55.59
55.50
55.37
55.36
54.90
53.85
53.40
54.95
55.50
55.17
54.61
54.04
53.99
53.90
53.91
55.65
57.00
58.80
58.81
59.13
59.23
58.95
59.29
59.88
59.59
58.53
58.17
58.12
57.82
57.58
58.60
59.10
58.55
58.97
59.56
58.24
59.14
59.23
59.84
57.66
56.35
56.90
56.80
56.54
56.23
54.96
54.91
55.39
54.88
55.45
56.50
50.42
50.35
50.62
51.15
50.60
51.36
53.15
53.18
54.02
54.51
53.94
54.66
54.69
54.54
54.91
54.99
55.49
55.96
57.26
57.50
58.00
57.81
58.90
58.61
58.48
58.22
57.80
57.99
59.03
59.45
59.14
59.29
59.08
58.19
58.41
58.54
59.42
59.00
59.50
59.75
59.00
57.72
57.74
58.71
58.85
59.39
58.19
58.79
58.10
58.11
59.43
59.86
60.76
61.68
61.52
61.64
62.66
62.49
63.15
62.72
63.00
62.51
61.44
61.86
63.25
65.44
68.37
68.12
68.17
69.34
69.10
68.97
68.82
68.34
68.89
69.75
68.87
69.06
70.41
71.65
72.00
72.39
72.79
73.73
73.09
72.92
73.99
73.36
74.94
74.62
75.50
74.88
74.02
73.05
72.52
72.01
71.75
72.28
74.70
75.39
76.35
77.11
76.27
76.45
77.21
76.66
76.16
76.23
73.98
74.35
72.46
75.48
75.52
76.15
76.08
76.05
75.92
76.74
78.25
77.77
78.80
79.10
79.95
79.32
80.00
79.72
77.28
76.80
75.65
76.10
76.61
77.66
78.23
79.13
80.89
80.12
81.14
82.03
81.30
79.50
77.90
78.97
77.16
76.45
75.08
73.38
74.75
75.20
74.08
74.82
74.44
73.42
73.47
73.55
72.81
70.02
68.75
67.54
69.05
68.40
67.50
67.58
71.05
71.37
71.45
71.64
73.45
72.66
73.25
72.96
72.97
72.93
74.69
74.95
75.43
73.80
74.24
73.94
74.10
73.61
73.20
71.07
70.29
70.19
70.15
71.79
71.87
71.10
70.56
71.02
70.93
72.62
71.71
71.66
70.43
71.21
72.90
74.08
73.92
73.43
72.35
69.04
68.22
68.61
67.46
69.55
70.04
69.75
68.43
69.10
69.21
67.22
66.46
66.99
66.47
65.73
66.56
67.80
69.87
70.40
68.65
68.20
67.01
66.04
67.14
66.67
66.30
67.60
67.60
67.25
66.39
64.67
64.90
66.50
66.85
66.59
67.06
66.48
65.71
65.54
68.81
68.11
69.95
69.41
68.81
69.67
69.45
70.25
70.12
70.92
69.15
62.28
60.63
61.80
62.09
62.78
62.35
61.19
61.13
61.02
61.12
60.93
60.59
60.40
60.40
60.40
59.69
60.21
60.44
61.66
62.11
61.37
61.08
62.40
63.10
63.33
63.19
61.96
62.46
62.70
62.44
61.79
62.50
63.10
63.95
63.88
63.66
63.30
62.50
62.47
62.74
62.59
62.00
61.89
61.53
60.89
61.13
61.58
61.85
61.65
62.31
61.28
60.92
60.57
60.70
60.39
60.58
59.90
59.93
60.68
60.30
60.20
59.53
59.56
60.12
60.12
61.42
62.29
63.16
64.34
65.25
65.37
65.30
64.95
65.90
65.85
65.99
65.18
65.18
66.48
68.20
68.04
68.00
68.36
68.43
67.66
67.77
66.17
65.06
64.29
64.16
63.80
64.13
64.65
64.99
64.80
64.89
64.65
63.78
63.91
64.11
64.75
65.18
66.45
66.87
67.43
67.72
67.04
66.74
66.91
67.69
67.15
67.70
67.76
68.00
68.19
67.55
67.17
66.75
67.03
67.33
67.76
69.86
68.93
72.83
73.00
72.94
73.49
73.34
74.10
73.92
73.31
74.29
73.69
74.18
73.42
73.85
74.76
74.90
75.00
76.46
76.84
76.79
75.20
75.25
75.26
75.73
77.25
76.98
76.59
76.31
78.64
78.89
79.46
78.41
78.88
79.12
79.28
78.58
79.46
79.33
79.97
81.00
81.60
82.13
82.80
82.89
81.63
81.99
81.58
81.14
80.29
79.63
79.35
80.87
79.19
78.38
79.14
80.79
81.84
82.58
84.15
85.90
86.49
87.00
86.98
87.00
83.20
82.99
82.37
82.06
80.83
79.98
77.75
79.70
80.28
80.80
81.42
81.11
81.56
82.13
80.48
78.50
79.30
78.21
77.32
74.11
75.70
74.80
75.00
76.24
76.50
76.41
76.89
76.24
75.10
75.70
76.28
77.37
76.95
76.82
74.50
74.47
74.78
74.00
73.40
73.80
74.60
77.96
80.17
77.92
78.36
79.75
77.31
76.78
78.03
79.00
80.04
80.17
79.65
78.99
81.00
81.61
82.74
82.41
81.76
80.45
80.10
78.99
78.86
77.75
75.70
74.11
74.60
75.98
75.85
75.10
75.36
74.29
75.16
74.29
75.13
74.12
75.00
74.98
73.83
72.10
70.55
71.30
72.00
70.65
70.25
69.50
69.23
68.73
68.73
69.71
69.43
71.35
72.34
73.31
72.68
72.26
73.03
74.40
74.77
77.22
77.26
75.87
74.51
74.52
72.15
71.97
71.68
71.84
73.36
73.21
73.93
73.87
73.65
73.71
72.67
71.49
69.94
69.13
69.49
67.26
68.20
68.33
67.50
66.73
66.20
64.83
65.05
64.45
65.19
65.97
67.75
68.63
69.62
70.47
71.64
72.17
71.98
70.10
69.05
68.90
68.69
69.43
71.26
71.91
71.99
70.34
71.11
71.50
72.18
71.65
72.33
73.76
75.19
74.70
74.34
73.61
72.88
72.77
71.84
71.11
70.31
72.73
76.64
76.05
76.80
75.22
76.87
77.00
74.28
76.50
76.94
77.61
78.00
78.00
78.63
79.99
79.98
78.36
78.57
78.45
77.92
77.74
76.93
75.85
76.02
76.75
79.17
80.00
85.45
84.45
83.34
82.77
82.50
82.89
83.60
83.09
83.31
82.67
83.64
83.03
83.49
83.64
82.73
82.39
84.22
84.50
84.10
84.14
83.97
85.96
84.05
85.74
83.72
82.99
82.23
83.37
83.91
83.19
83.12
83.30
83.65
82.80
82.26
81.06
81.04
80.11
81.79
82.35
81.51
81.58
80.75
80.34
79.64
80.24
79.68
77.42
75.82
74.85
74.26
74.21
74.19
70.75
71.75
71.44
70.78
68.99
70.61
70.79
69.25
70.74
72.15
72.13
73.64
75.87
74.25
72.72
71.08
70.77
71.30
72.27
71.63
70.00
68.74
68.38
71.56
70.61
71.94
71.37
72.08
70.05
71.36
71.36
71.05
69.31
69.32
69.25
70.61
70.15
69.04
69.86
71.81
71.97
72.00
69.11
66.00
64.44
67.07
65.00
63.99
64.81
65.68
64.85
65.32
65.45
65.50
74.50
66.84
65.73
64.33
63.22
64.20
63.38
61.46
59.03
56.25
55.65
50.78
52.76
50.21
49.26
45.81
49.50
53.00
46.30
43.06
42.91
41.60
41.35
38.34
36.92
34.49
34.90
35.36
38.44
37.94
39.19
39.41
42.43
43.58
40.60
39.40
40.88
38.30
36.71
39.54
39.39
37.75
36.30
36.42
35.56
34.85
36.94
37.62
39.35
41.18
38.92
38.24
40.06
39.39
38.65
44.04
44.16
44.95
44.89
42.47
43.06
43.90
45.70
45.49
43.17
43.49
42.27
42.12
42.91
43.30
43.75
45.10
46.98
47.12
46.80
45.60
44.11
44.06
43.10
41.89
40.34
39.98
40.59
39.63
39.71
39.00
37.23
34.24
33.42
33.51
32.66
31.73
30.80
31.03
31.57
32.09
33.85
33.60
33.31
31.93
31.09
31.84
30.50
29.22
28.98
27.27
27.26
26.32
26.05
25.72
25.23
24.20
23.29
26.39
24.70
24.91
24.86
26.97
27.13
27.17
27.61
27.40
26.85
27.93
28.85
28.90
29.65
30.33
30.99
30.98
30.74
29.50
28.45
29.52
31.98
32.70
32.00
30.50
30.35
32.70
33.56
33.94
33.20
33.12
32.72
31.62
31.70
34.92
32.74
34.19
34.10
33.55
34.15
36.40
37.71
38.92
39.58
40.64
40.96
39.92
39.08
39.00
37.03
36.78
36.95
37.82
38.50
39.30
37.01
36.10
35.84
35.59
34.80
35.62
37.73
37.95
37.21
38.22
38.76
38.88
38.90
38.75
38.29
37.77
37.09
36.97
35.27
34.93
34.60
33.49
33.15
34.36
34.79
35.20
35.30
34.74
34.15
32.79
31.83
31.77
30.71
31.34
30.65
31.80
31.96
33.97
34.26
34.30
36.75
41.45
39.39
41.50
42.08
42.99
43.58
42.55
43.87
44.47
45.49
47.95
48.08
47.80
48.22
48.20
46.80
48.05
48.06
47.25
44.75
45.28
45.75
45.64
47.33
48.93
48.33
47.76
47.36
48.00
45.90
46.51
44.04
45.12
46.32
47.27
48.75
48.75
49.11
49.10
52.12
52.94
54.47
54.49
53.43
54.43
54.71
53.80
52.72
52.40
52.89
52.47
51.09
49.45
50.80
52.39
52.08
53.26
53.70
54.00
53.19
54.51
54.79
54.75
58.20
61.28
60.12
58.90
59.59
59.08
57.60
57.06
57.34
57.90
56.72
56.73
57.83
58.09
58.20
60.09
60.33
60.82
60.12
59.25
60.90
60.17
60.14
58.74
58.24
59.83
58.37
59.34
58.33
58.51
60.25
60.08
60.00
59.62
58.42
57.19
56.59
57.27
57.65
58.45
58.44
58.85
57.99
58.10
57.93
57.98
58.57
58.63
58.68
58.74
58.22
57.96
59.19
59.44
59.93
59.90
60.37
64.42
63.16
62.78
62.84
61.67
61.20
60.43
59.90
57.54
56.19
56.94
53.84
53.83
53.78
53.50
53.72
54.00
52.86
51.98
52.15
54.25
54.05
56.27
56.55
57.24
58.35
58.05
58.48
58.97
58.38
57.46
57.02
57.24
58.39
58.82
59.93
59.00
59.58
59.49
59.72
59.50
58.98
60.49
60.25
59.68
60.50
60.39
60.31
60.27
62.51
62.54
63.71
63.18
63.60
63.63
63.50
64.20
65.00
65.47
65.38
64.65
65.52
67.00
67.25
67.37
68.71
68.23
67.70
68.30
67.92
67.65
68.95
72.83
71.58
70.27
70.76
71.36
70.16
68.56
67.44
66.94
64.45
67.00
66.98
68.30
68.40
66.19
65.74
65.53
63.17
60.41
60.50
61.11
59.36
61.40
62.12
62.42
61.64
60.90
62.36
60.20
58.28
57.18
58.85
60.00
60.24
62.56
63.56
64.52
64.99
65.90
68.35
66.48
64.87
64.45
64.71
65.30
62.86
61.94
60.70
60.66
61.65
62.27
63.35
64.85
65.10
67.36
66.91
66.59
65.79
65.23
66.77
68.05
68.62
69.64
70.08
70.18
69.85
70.29
70.25
71.70
71.03
71.47
72.25
71.93
72.18
71.99
70.16
68.00
68.46
68.98
70.76
70.44
70.50
69.54
69.75
65.84
64.98
65.82
66.15
66.16
65.85
68.54
68.79
70.59
70.05
71.48
71.83
71.56
72.48
72.37
72.27
72.35
73.31
74.80
77.11
76.50
77.50
79.93
79.98
79.94
80.00
80.08
78.88
78.26
79.76
79.90
79.79
81.00
80.75
79.75
81.19
80.83
80.47
80.51
79.71
80.78
81.20
78.91
80.00
79.06
78.41
79.00
78.75
80.18
80.43
79.95
83.28
83.84
83.55
83.47
82.84
82.66
82.53
83.58
82.18
81.45
83.43
83.98
84.35
83.38
84.79
84.25
83.89
84.92
87.80
88.89
89.49
89.68
92.00
90.90
90.24
90.16
92.37
92.91
94.33
93.65
93.41
93.55
94.89
94.78
94.74
94.20
94.42
94.22
94.14
93.90
94.81
94.64
94.69
94.71
94.73
93.97
94.70
94.62
94.53
94.26
96.47
96.80
95.28
95.00
94.69
94.65
96.16
97.79
97.20
97.20
98.06
99.27
99.24
99.72
100.81
100.70
100.45
100.76
103.55
103.64
103.11
104.41
103.76
105.86
105.30
102.13
101.91
102.64
103.36
103.64
102.12
104.43
104.20
104.20
104.45
103.59
100.75
100.50
102.59
101.38
102.61
103.31
105.64
107.68
107.48
107.70
108.90
110.15
110.49
110.79
111.72
111.98
113.59
113.93
113.16
113.30
110.90
111.00
110.30
109.02
107.97
107.77
108.11
105.74
106.42
108.50
109.50
109.48
112.20
112.70
112.70
116.25
116.55
114.38
113.91
111.46
112.71
112.48
112.97
112.35
109.61
109.60
108.27
105.23
105.50
106.87
105.50
102.51
102.95
103.93
104.68
105.36
106.60
105.48
103.72
102.49
101.61
101.35
99.86
99.71
98.90
97.53
98.45
97.36
96.86
96.94
98.37
101.96
102.50
100.65
101.10
101.50
104.07
104.49
106.93
109.17
108.78
110.12
112.65
110.41
109.48
108.46
110.42
110.50
109.36
108.47
109.97
110.98
112.43
106.48
106.30
106.00
104.61
102.09
99.97
102.82
101.55
98.29
94.71
92.50
88.16
87.60
87.20
88.79
91.30
92.80
90.37
90.80
84.80
85.00
83.04
83.00
85.71
86.86
85.91
88.55
90.87
93.82
92.83
86.70
86.02
88.71
88.98
86.25
84.14
86.25
86.96
87.69
87.46
85.16
85.77
83.39
76.56
75.50
77.00
79.85
79.15
77.28
75.89
73.59
72.76
74.61
77.19
77.79
79.75
81.14
82.80
81.91
84.22
85.38
85.57
85.42
85.00
87.50
92.90
92.49
92.25
97.72
97.95
95.63
93.00
94.24
96.35
95.99
96.25
96.00
93.98
93.40
96.20
98.07
97.74
98.20
96.06
94.79
92.10
91.22
89.60
88.40
91.89
91.82
97.91
98.00
98.00
97.97
96.93
95.28
95.53
96.29
94.50
94.68
89.80
88.88
89.51
89.72
91.90
92.01
92.50
92.42
92.38
91.80
90.86
91.42
95.11
95.51
96.16
96.20
97.41
99.98
100.45
102.04
102.70
104.80
104.50
105.76
105.92
107.24
106.80
109.28
114.00
111.98
110.75
112.00
111.39
111.02
114.65
114.25
114.10
114.33
114.64
111.78
113.86
114.48
114.70
114.05
114.50
116.44
116.45
116.45
116.95
116.50
116.22
116.40
115.38
113.94
111.90
107.16
108.62
110.56
111.09
110.95
113.38
113.45
113.48
114.25
114.09
112.00
111.35
107.94
108.61
109.70
109.57
107.97
106.27
106.93
107.94
108.09
106.84
107.14
104.29
103.66
102.50
106.50
106.92
108.96
109.20
109.73
109.77
108.62
107.04
108.79
107.11
104.55
105.05
104.12
103.50
102.72
103.38
100.13
98.20
96.95
97.30
97.39
96.69
94.77
94.66
94.08
91.64
89.81
92.30
92.98
92.79
92.96
91.67
93.93
91.00
88.50
86.80
85.95
84.80
86.66
89.87
87.67
89.46
87.05
87.00
86.25
86.95
87.09
89.79
88.72
87.45
86.05
83.98
83.52
82.87
82.70
84.94
85.48
86.70
87.56
85.25
84.35
84.30
80.74
80.33
82.14
81.85
82.29
83.35
83.40
82.57
82.60
83.30
85.45
84.65
86.60
86.97
86.36
85.07
84.30
86.00
87.00
88.32
87.88
88.79
88.96
89.27
89.65
87.73
88.83
90.10
90.48
92.08
90.28
88.72
87.75
88.00
86.99
86.33
85.82
85.94
85.13
83.08
84.93
88.44
88.63
89.12
90.24
90.97
94.28
93.50
93.07
94.23
92.99
93.42
91.78
89.55
87.93
87.95
86.59
87.15
85.93
85.64
86.50
87.34
85.81
86.15
84.37
83.70
84.10
83.20
85.04
86.77
87.53
85.48
86.04
84.14
84.14
83.54
84.32
85.92
87.86
88.50
86.78
88.60
87.23
85.24
85.29
85.57
85.18
83.90
82.57
82.21
83.84
83.77
83.74
84.19
84.81
85.12
85.09
86.48
86.35
85.92
84.96
86.57
86.33
87.55
87.45
88.16
88.77
89.31
89.50
89.69
91.09
91.83
90.13
88.18
87.83
88.68
88.41
87.60
89.80
94.44
94.99
94.92
95.67
95.19
94.77
95.19
95.39
95.48
95.83
95.67
96.29
97.62
97.73
97.72
97.74
96.28
98.74
99.20
98.96
98.71
99.70
98.87
99.10
98.75
98.16
97.50
96.99
97.41
97.50
96.68
96.42
96.37
95.10
92.79
92.49
92.22
90.20
92.36
93.16
91.96
90.75
91.28
91.05
90.40
90.72
91.52
91.16
89.91
89.55
89.25
90.02
89.40
87.88
87.32
87.63
87.96
87.39
87.16
87.98
86.94
86.02
84.62
84.73
85.36
85.35
86.65
86.88
87.00
85.33
84.33
83.73
81.62
81.34
81.16
83.13
84.72
84.65
85.02
85.08
85.50
85.38
84.35
84.56
87.48
87.95
89.81
90.40
90.69
90.25
88.49
88.00
87.18
87.65
87.86
88.75
88.98
89.09
87.38
86.72
87.39
86.66
87.00
86.95
86.30
86.47
85.73
84.31
85.37
84.77
83.97
84.38
85.28
85.14
84.43
84.87
85.29
83.68
84.02
82.25
82.68
83.43
83.17
83.19
83.25
83.59
82.50
82.63
83.20
86.25
85.77
86.89
87.27
88.03
88.53
89.00
86.60
85.89
86.55
86.38
85.28
82.58
82.08
83.35
83.75
83.90
84.81
84.68
84.29
83.32
82.77
84.59
84.79
86.45
87.43
87.00
86.53
86.40
85.50
84.46
83.85
84.49
84.40
84.78
83.54
82.66
83.06
82.76
83.54
83.74
83.52
84.22
86.03
86.89
87.13
87.22
87.20
88.22
87.45
88.01
88.25
87.65
85.39
85.44
85.55
84.85
83.92
83.83
84.30
84.25
84.27
84.35
84.16
83.89
83.89
84.95
85.85
86.42
86.75
86.49
85.99
87.76
87.80
89.17
84.65
85.00
84.78
84.73
84.10
84.35
84.27
83.80
83.99
84.19
84.36
84.43
84.32
84.47
84.28
84.25
84.20
84.11
84.97
84.50
83.71
83.09
82.95
84.94
84.83
84.93
85.18
85.09
83.95
84.38
84.58
85.58
86.53
86.87
86.22
85.70
86.23
87.85
87.65
88.46
87.84
89.11
90.07
90.98
91.67
91.43
91.03
91.18
90.45
90.25
90.30
89.23
89.82
89.80
90.60
91.26
90.71
93.20
92.86
92.26
91.85
90.82
89.08
87.99
92.31
92.67
91.96
93.85
94.69
93.94
92.65
92.51
94.23
95.24
94.98
95.34
96.64
96.41
96.68
96.94
97.67
97.52
97.95
98.24
96.98
97.91
97.64
97.52
96.67
97.46
96.90
98.15
97.87
96.80
97.91
97.24
97.73
96.25
96.45
96.65
96.72
96.24
97.63
97.60
99.34
99.60
98.89
99.62
100.63
100.08
102.76
103.20
103.38
102.07
103.25
103.20
103.72
102.10
102.83
103.09
103.15
103.44
102.98
104.14
104.62
107.40
105.28
105.42
105.50
106.24
105.79
105.58
104.80
104.47
104.66
105.02
105.30
106.50
108.21
107.04
106.74
106.05
105.53
104.81
103.00
103.88
104.15
104.48
103.86
103.67
102.98
103.94
104.57
105.10
107.12
108.36
109.30
109.50
108.98
108.50
107.23
106.88
107.00
107.60
107.42
109.53
109.85
109.34
108.88
108.80
108.88
109.03
109.75
109.95
111.16
110.45
110.38
110.29
109.57
109.99
111.04
110.42
111.46
110.67
110.17
110.55
111.28
109.98
106.23
105.35
104.90
106.44
105.32
102.69
100.85
102.05
102.47
101.85
103.47
103.44
104.85
105.16
105.50
106.00
106.42
107.10
107.70
108.15
108.57
107.82
108.33
108.64
108.92
108.82
109.10
109.73
109.66
109.49
109.18
108.46
108.20
106.12
105.66
105.09
104.90
105.83
105.41
104.55
105.00
102.26
101.09
101.49
101.20
100.64
100.10
100.10
99.00
97.98
98.34
98.13
97.51
96.86
96.52
94.57
94.06
95.01
92.75
94.15
95.60
95.30
96.32
95.98
99.94
99.68
98.77
101.16
101.84
100.58
102.37
101.76
100.00
99.64
100.99
101.83
102.55
102.80
103.22
103.18
101.70
102.08
102.45
102.30
102.14
