47.69
48.62
48.00
50.56
52.75
53.31
51.56
51.12
52.06
52.19
51.75
49.94
49.31
47.12
47.25
45.00
43.62
44.94
44.56
43.50
42.75
43.19
43.25
42.31
41.81
41.25
41.00
39.12
37.88
36.25
38.62
40.00
39.12
38.38
37.69
38.31
37.81
36.25
36.00
35.56
35.06
34.88
34.50
36.44
36.50
34.62
34.94
35.25
35.69
35.75
35.81
38.94
40.31
39.62
38.50
39.62
39.25
39.56
39.50
39.06
38.31
39.00
40.75
39.44
41.88
43.44
42.44
42.31
41.38
41.62
42.75
43.44
42.00
40.50
40.94
38.94
37.62
38.19
39.00
40.12
39.75
40.12
39.44
38.81
39.38
38.88
37.94
39.06
38.94
38.00
38.38
38.81
39.56
40.56
40.25
40.00
38.81
40.06
40.19
39.50
39.69
38.06
38.12
38.31
38.81
40.25
40.88
39.56
38.81
38.44
38.12
38.25
38.56
37.25
37.62
37.00
35.94
35.12
35.06
35.12
34.44
34.69
34.81
36.00
35.50
35.00
34.19
35.44
35.19
34.81
34.19
34.50
36.12
36.56
35.94
35.75
36.88
37.75
37.94
37.06
36.50
36.25
35.75
34.75
34.88
34.06
34.12
34.38
35.00
35.06
34.84
36.81
38.38
37.56
37.50
38.62
39.06
38.66
38.62
38.25
38.19
37.69
37.81
37.12
37.69
37.62
37.75
38.06
37.56
36.77
37.31
38.06
38.69
38.06
37.81
38.31
38.25
38.81
38.44
37.31
36.06
35.50
35.19
34.81
35.12
35.38
34.75
33.50
34.00
31.00
34.25
35.06
35.12
35.00
34.50
34.44
33.38
33.25
31.81
31.69
31.75
30.12
30.06
30.50
30.69
31.56
31.88
31.31
32.00
32.88
34.94
35.06
34.75
34.81
34.81
36.19
36.12
36.44
36.38
35.75
36.19
36.06
36.69
36.44
36.94
37.19
38.19
37.81
38.88
39.25
39.00
40.12
39.50
40.75
43.31
42.69
41.56
41.56
41.62
42.38
42.38
40.94
40.75
40.81
42.31
42.88
43.06
44.75
46.62
47.56
47.50
47.62
47.25
46.31
46.50
48.50
45.88
45.75
45.62
45.06
45.25
43.69
44.69
42.06
41.06
40.62
40.88
41.62
42.44
43.31
43.16
43.10
44.40
44.22
44.33
44.27
43.77
43.52
43.61
43.18
43.13
43.15
43.26
43.41
44.12
43.40
41.80
40.96
40.69
40.56
41.63
42.49
41.60
42.14
43.30
44.33
45.10
46.95
47.77
46.80
44.96
45.49
44.79
45.00
44.60
45.14
43.25
41.97
41.37
42.23
42.94
44.80
44.75
44.62
44.38
43.95
42.16
43.55
45.09
44.57
45.00
45.70
45.14
47.01
46.51
45.75
48.00
47.68
47.88
48.25
48.30
50.00
49.42
50.31
50.20
50.78
50.25
50.04
50.55
51.65
51.85
52.16
53.43
53.20
52.82
53.14
55.91
55.25
55.25
55.70
56.20
55.00
54.40
54.00
55.00
53.54
54.16
54.85
55.78
55.85
54.65
54.98
54.10
53.36
53.82
54.04
54.19
54.15
54.46
54.00
55.50
55.89
54.64
52.65
53.20
52.29
49.75
50.05
51.96
51.99
51.68
50.00
50.40
48.85
49.90
51.90
52.45
51.40
53.55
52.89
54.20
54.00
53.90
52.90
53.00
52.57
53.30
54.00
54.85
54.25
54.45
54.00
52.75
52.70
52.20
52.30
53.30
53.75
53.88
55.20
54.25
53.60
53.00
52.60
52.60
51.80
52.30
52.45
52.00
50.80
49.90
50.01
50.80
50.55
51.14
48.00
47.00
45.50
45.85
44.50
41.70
45.05
46.12
45.80
44.10
43.80
44.85
44.23
45.15
47.50
47.82
47.70
46.11
45.80
47.56
48.60
48.05
47.00
48.10
46.58
46.80
45.66
47.00
46.15
45.05
46.45
47.10
45.70
45.45
45.20
45.10
45.95
46.25
47.60
48.40
48.58
48.05
48.75
49.95
48.30
48.50
49.35
49.50
49.20
48.42
48.89
48.65
48.70
48.19
47.75
47.42
47.65
49.00
50.95
50.20
51.15
50.01
50.50
50.65
50.03
49.70
50.50
51.36
51.80
51.25
51.45
51.85
52.46
52.90
52.85
52.35
51.66
52.40
53.75
52.37
51.85
51.40
51.35
50.76
50.50
49.75
48.10
49.31
49.01
47.70
48.75
49.30
50.15
50.84
49.45
50.10
50.50
50.30
49.02
48.78
48.50
47.60
48.25
49.60
50.24
50.85
50.75
49.80
50.20
51.25
51.30
53.50
56.10
56.05
55.90
55.40
56.40
58.95
57.80
59.70
59.15
59.08
58.40
58.70
57.68
58.88
59.79
59.58
59.25
57.55
57.10
57.65
55.85
56.40
57.78
57.00
56.92
56.15
54.92
55.80
57.35
57.93
58.35
59.05
59.10
58.10
57.99
56.50
55.45
55.40
55.04
53.90
53.20
53.00
54.15
54.16
53.20
54.62
54.40
54.64
53.49
52.90
53.85
55.00
53.86
52.80
54.15
54.49
55.90
55.29
54.79
54.30
53.45
54.25
54.22
54.20
53.48
51.95
52.00
52.52
51.75
50.60
51.50
50.25
50.80
51.10
49.02
48.90
48.20
48.40
48.50
48.80
48.00
47.30
47.18
48.05
46.85
47.85
48.55
49.20
48.15
47.00
46.30
48.20
47.75
47.62
45.20
45.09
45.50
40.25
43.25
42.80
42.69
41.20
40.63
39.75
42.70
43.10
44.40
45.65
45.50
44.40
43.30
41.35
41.10
43.15
43.30
44.30
44.10
44.90
43.75
44.50
43.91
43.55
44.35
44.65
44.40
45.35
44.85
45.95
44.80
43.50
43.25
43.60
42.63
42.00
42.95
43.00
43.25
43.70
42.75
41.65
40.65
41.60
38.90
38.25
37.79
37.15
37.15
37.45
38.20
38.90
36.65
37.35
38.25
37.75
37.67
36.20
36.15
35.33
34.05
35.50
36.30
37.00
39.25
39.95
40.10
41.00
42.00
41.79
43.45
41.12
41.75
40.50
40.60
41.20
40.80
42.12
42.87
43.60
43.60
42.65
43.00
41.60
42.55
43.06
44.30
45.30
44.62
44.96
46.78
48.01
48.70
48.45
47.25
49.80
49.91
48.97
46.80
47.00
45.55
46.17
45.01
45.55
45.71
45.12
44.85
46.28
45.83
45.35
45.70
46.48
46.35
46.45
46.20
45.31
45.50
45.95
47.65
47.55
48.40
47.86
46.60
46.94
47.85
47.45
47.60
46.95
47.05
47.40
46.08
44.75
45.48
43.80
43.35
43.84
44.30
42.75
44.35
44.00
44.15
43.50
43.30
42.45
43.05
42.65
41.95
42.12
43.35
45.40
46.15
46.30
46.29
45.43
45.65
46.00
46.95
47.01
46.90
45.22
45.64
43.75
45.35
44.80
44.35
45.15
46.95
46.95
50.23
49.50
49.79
50.75
52.56
51.00
51.00
49.75
50.72
49.25
49.20
50.85
52.20
51.80
52.49
51.95
51.56
51.71
53.50
52.98
53.15
53.25
50.53
52.20
51.20
52.71
52.30
52.75
51.70
52.81
52.37
52.60
51.75
52.85
52.77
53.45
53.21
52.00
53.25
54.10
53.35
53.30
53.40
52.65
51.50
51.10
50.70
51.25
50.75
52.60
52.52
51.00
52.50
52.18
53.00
53.92
54.63
54.54
54.70
54.85
56.66
56.04
56.75
57.99
57.50
57.20
56.96
57.25
56.25
56.46
56.07
56.60
55.88
55.10
54.74
55.40
56.25
56.31
56.65
56.43
56.05
58.30
58.60
58.48
60.50
63.80
65.61
63.56
64.23
64.95
64.00
65.48
65.10
65.36
67.35
67.57
66.95
67.31
66.69
66.00
67.40
68.40
68.68
70.30
70.40
71.10
71.46
73.05
72.11
72.40
73.69
71.00
68.76
69.50
70.55
71.00
71.95
72.18
71.55
70.34
70.13
70.26
69.05
69.00
67.75
68.28
69.03
70.05
70.60
71.30
70.96
70.67
71.50
70.67
68.80
68.40
69.02
68.93
72.00
73.50
73.90
73.76
74.95
76.28
76.00
76.00
76.52
77.47
75.12
74.36
74.05
74.01
71.78
71.57
70.70
71.50
71.83
72.76
73.91
73.86
73.46
74.05
74.56
74.70
74.43
72.45
72.09
72.20
73.41
73.48
72.61
72.50
71.40
72.70
73.03
73.05
73.65
75.50
75.26
76.25
76.54
75.93
75.50
76.00
76.45
77.03
76.45
76.40
77.94
78.99
78.57
80.60
82.15
84.20
84.64
83.79
83.33
83.26
83.90
84.50
84.40
83.17
83.85
84.32
83.52
82.74
81.05
81.10
82.95
82.47
84.00
84.00
83.60
82.21
83.55
84.08
83.70
85.70
81.30
80.00
77.05
78.25
77.45
76.25
75.80
76.40
78.46
77.54
76.31
78.75
78.50
78.65
79.22
79.25
78.53
77.20
76.80
76.65
77.00
77.70
76.00
76.25
77.60
77.07
76.10
77.65
77.25
77.00
73.35
73.33
74.10
74.50
75.55
76.97
77.21
75.65
75.70
75.95
76.50
76.95
78.44
79.28
79.46
79.15
80.25
81.00
82.00
82.62
82.70
82.20
83.86
81.67
81.25
81.70
81.95
81.25
80.00
83.00
84.11
82.00
81.30
82.00
80.30
78.00
77.90
79.37
78.99
78.40
77.40
76.10
73.26
73.30
74.48
74.50
74.30
74.55
74.50
73.80
72.56
75.00
73.80
74.65
75.25
75.25
75.35
76.10
76.03
75.61
76.20
77.20
76.98
75.65
75.60
75.00
75.42
74.01
74.45
74.90
76.00
76.69
78.14
78.85
78.55
77.40
78.80
79.20
78.18
76.72
76.48
77.35
77.10
77.08
77.56
78.95
78.78
79.48
77.82
78.20
78.45
72.50
73.53
73.23
72.60
72.18
73.95
73.93
73.24
73.10
72.00
71.85
69.15
70.75
70.06
71.01
71.50
71.65
71.75
73.60
72.23
72.50
71.00
72.49
73.85
73.33
73.87
73.86
73.55
72.44
72.87
72.77
73.50
74.23
75.23
75.20
75.20
75.30
76.00
75.60
74.65
75.25
75.70
75.99
76.10
75.36
74.20
74.22
74.55
77.25
80.40
80.44
80.75
81.25
80.37
81.30
80.01
79.50
79.17
79.75
79.09
79.51
81.01
81.33
81.12
80.38
78.03
77.35
78.20
79.16
80.40
79.54
80.90
81.97
84.00
84.47
86.20
87.01
86.80
88.51
88.98
89.95
89.82
89.94
90.90
90.88
91.44
90.25
91.40
91.00
92.25
92.80
90.80
91.55
92.65
91.48
90.93
90.82
90.82
90.20
91.47
92.35
93.97
93.71
94.90
94.79
94.90
94.85
96.53
97.15
97.48
96.63
98.00
98.48
97.55
96.10
96.05
94.25
92.40
93.67
93.50
92.52
92.00
92.20
93.49
93.31
92.30
91.51
89.93
89.55
88.74
90.50
87.40
87.00
88.00
89.60
90.09
90.52
91.80
91.90
91.40
91.48
91.00
92.30
93.14
92.01
91.25
92.54
91.82
90.61
89.91
90.75
93.08
94.60
94.97
96.63
97.17
97.85
99.90
99.10
98.50
96.99
98.26
97.90
96.76
96.75
96.40
97.50
96.40
96.55
94.77
93.85
93.59
93.40
90.47
91.50
92.00
89.80
90.43
90.61
91.30
91.98
90.51
90.17
91.24
88.59
85.40
83.64
84.40
89.90
88.30
89.66
90.45
91.14
88.47
88.05
87.60
88.22
88.40
87.83
89.42
90.65
90.16
90.10
89.80
90.95
89.00
89.01
90.63
92.00
93.49
93.85
93.55
94.00
93.30
92.72
94.40
94.32
93.95
95.49
95.05
94.16
94.22
95.68
96.95
97.85
97.05
97.60
98.58
98.90
99.00
100.00
101.20
102.00
100.00
98.47
96.86
97.25
97.80
96.30
95.75
95.85
95.60
95.31
97.75
99.43
99.97
98.96
50.20
51.00
50.75
52.37
53.09
53.27
52.75
52.55
52.00
52.00
53.00
54.05
54.20
54.05
54.23
54.06
54.00
53.98
54.00
54.63
55.15
55.36
55.21
54.40
53.60
53.35
53.40
55.00
54.85
54.60
53.22
53.90
53.15
53.40
54.11
55.97
57.20
57.78
58.95
58.20
58.75
58.95
59.32
59.40
58.33
58.00
57.70
57.45
56.70
58.00
58.38
58.40
58.40
59.46
57.56
58.28
58.76
58.90
56.80
56.35
55.52
56.55
55.86
55.65
54.56
54.40
55.20
54.87
53.97
55.18
49.26
49.50
50.43
50.30
50.45
50.15
52.00
52.60
52.85
54.10
53.76
53.75
54.25
54.26
53.93
54.82
54.80
55.40
55.90
56.98
58.00
57.10
57.71
58.60
58.02
57.98
57.45
57.25
58.00
58.90
58.65
58.25
58.80
57.63
57.59
58.02
57.93
58.73
59.05
59.00
58.65
57.00
57.10
57.40
58.46
58.52
58.05
57.90
57.85
57.87
57.95
59.02
59.47
60.45
61.35
60.87
61.23
62.02
61.69
62.36
62.05
62.51
60.75
60.79
61.50
63.30
65.90
66.53
67.00
68.10
68.75
68.20
68.50
68.30
67.75
69.00
68.15
68.30
69.00
69.93
71.79
72.00
72.00
72.59
73.07
72.50
73.30
73.10
73.13
74.14
74.35
74.63
73.01
73.04
72.43
71.35
71.45
71.00
72.11
74.93
75.58
76.88
75.90
74.60
76.40
76.26
75.88
75.55
73.25
73.65
72.40
72.71
74.10
75.50
75.50
75.60
74.93
76.22
76.84
77.20
77.49
77.05
79.05
78.99
79.45
78.25
77.28
76.06
74.99
75.50
76.20
75.94
77.95
78.50
79.58
79.99
80.00
81.39
80.97
79.25
77.81
77.96
76.39
76.09
74.99
72.00
73.71
73.40
73.72
74.25
74.43
72.58
72.71
73.55
72.80
69.25
68.70
66.40
67.89
68.40
65.63
65.95
68.50
70.85
71.00
70.38
70.99
72.60
72.05
72.40
71.60
71.66
72.85
74.95
74.92
73.70
73.12
73.40
72.75
73.28
73.02
71.06
70.00
69.19
69.60
69.47
71.37
71.00
69.45
70.50
70.77
70.50
71.30
71.00
70.12
69.92
70.25
73.47
73.13
73.19
72.30
68.75
68.15
67.60
66.46
68.17
69.11
69.75
68.25
68.42
68.75
67.21
65.50
66.13
66.27
65.10
65.30
66.67
68.85
69.01
68.45
68.10
67.01
65.75
65.16
66.33
66.30
65.51
67.55
66.95
66.37
64.54
62.97
64.36
65.90
65.64
67.00
65.45
65.37
63.81
65.40
67.51
67.80
69.30
68.80
68.70
69.45
69.33
69.68
70.76
68.69
61.96
60.00
61.30
61.24
62.70
62.35
61.17
61.00
60.71
60.50
60.63
60.40
59.97
59.92
60.31
59.45
59.26
59.90
60.50
61.65
61.37
60.51
60.55
62.93
62.45
62.60
61.75
62.05
62.15
62.44
61.39
61.50
62.30
63.25
63.00
63.60
63.00
62.48
61.69
62.64
62.17
61.47
61.40
61.15
60.81
60.50
61.00
61.38
61.12
61.71
61.25
60.77
60.09
60.46
60.19
60.14
59.66
59.87
59.36
59.60
60.10
59.37
58.43
59.79
59.85
61.26
61.29
62.15
63.14
64.80
65.00
65.25
64.50
64.90
65.58
65.99
64.75
64.70
65.45
68.00
67.79
67.54
67.59
68.25
67.51
67.51
66.05
64.67
63.90
63.40
62.52
63.56
63.73
64.56
64.46
64.30
64.11
63.21
63.49
63.72
64.65
64.17
65.10
66.62
66.65
67.45
66.31
66.55
66.67
66.70
67.04
67.21
67.24
67.48
67.76
67.20
67.00
66.10
66.95
67.03
67.00
68.41
68.70
72.03
72.20
71.90
73.00
73.05
72.60
73.56
72.60
73.31
73.31
73.80
72.95
72.50
73.40
74.51
74.10
75.00
76.03
76.50
75.18
75.01
74.77
74.85
75.88
76.03
75.37
75.82
75.40
78.60
78.85
77.99
78.12
78.12
78.43
77.24
78.32
78.30
78.46
79.48
81.55
81.11
81.85
82.88
81.01
81.47
80.65
80.95
80.02
79.55
79.02
78.60
79.19
78.00
77.76
79.24
80.02
81.40
82.98
84.90
85.97
86.25
85.98
86.76
79.75
82.47
81.82
82.02
79.48
78.70
76.99
78.11
78.61
80.25
80.11
79.00
80.38
80.30
79.62
77.68
78.11
77.91
76.50
73.00
75.24
72.97
74.31
75.25
75.98
75.43
75.87
75.98
74.23
74.47
75.66
75.80
76.25
75.70
74.20
73.55
74.10
73.74
73.17
72.29
73.00
74.20
78.66
77.90
78.14
78.64
76.98
76.78
77.03
77.50
78.91
79.97
79.64
78.57
79.01
80.74
81.69
82.40
81.53
79.90
80.10
78.50
78.35
76.80
74.61
72.65
73.80
74.00
75.24
74.60
75.01
73.85
73.41
74.29
73.51
73.56
73.56
74.01
73.66
71.94
70.25
70.09
71.64
69.89
70.06
69.40
68.17
67.58
68.53
68.76
68.05
69.48
71.10
72.50
71.41
71.77
72.60
72.68
74.34
74.50
76.85
75.25
73.50
73.54
72.00
71.53
70.92
71.21
72.05
73.00
72.97
72.88
73.01
73.00
72.56
71.01
69.65
69.00
68.94
67.12
66.60
67.80
66.73
66.36
65.21
64.33
63.03
59.60
62.56
65.30
67.65
66.69
68.78
68.83
67.51
71.15
71.78
69.84
68.12
67.55
68.09
68.12
69.98
70.61
71.53
70.00
70.61
69.93
71.99
70.95
71.25
72.00
73.00
73.83
73.77
72.10
72.67
72.02
71.64
70.04
70.00
69.52
73.80
74.27
76.50
72.87
75.72
76.62
74.11
74.06
76.39
76.04
77.68
77.37
77.00
78.89
79.85
78.19
76.86
78.25
76.85
77.74
76.02
75.12
74.79
76.09
76.75
77.85
81.03
83.89
83.14
82.50
81.68
82.53
82.60
82.76
82.35
81.92
83.29
83.03
81.78
82.75
82.10
81.97
82.23
84.21
83.04
82.76
83.77
83.90
83.92
83.83
83.65
81.96
81.43
82.33
83.20
83.19
82.44
82.72
82.35
81.87
81.88
80.07
80.30
79.85
79.54
80.87
81.38
81.48
80.34
79.57
79.00
79.42
79.54
77.08
75.17
74.18
73.76
72.98
74.01
70.03
70.72
71.02
70.32
68.52
67.51
70.79
68.97
67.11
69.95
72.07
71.38
75.13
73.95
72.64
69.96
70.38
69.60
71.52
71.63
69.67
68.20
67.86
67.78
70.07
69.12
70.63
70.79
69.56
68.93
70.61
70.44
68.95
68.89
68.16
69.22
70.01
68.65
68.64
70.25
71.34
71.50
68.96
66.00
63.79
66.19
64.89
61.95
62.41
63.98
63.30
61.87
63.48
63.87
70.89
66.41
64.66
63.90
62.38
60.93
62.55
61.35
58.71
56.01
53.70
50.18
50.69
46.38
48.59
42.02
45.00
51.79
45.79
42.20
41.39
39.87
40.40
38.08
36.78
32.02
32.81
34.14
35.53
37.33
37.21
38.82
40.39
42.64
39.82
38.49
40.25
36.88
36.55
35.60
38.51
36.71
35.33
36.10
33.37
33.66
36.49
36.87
36.00
39.20
38.92
37.30
37.39
39.10
37.05
40.83
42.05
43.25
43.01
40.05
42.57
42.73
43.35
45.43
42.72
43.12
42.08
41.27
41.98
42.71
42.57
43.70
44.91
46.90
46.79
45.22
42.93
43.91
43.00
41.11
40.00
39.16
40.59
39.15
39.27
38.89
35.99
33.60
33.24
33.26
32.61
31.58
30.10
29.81
30.44
30.35
32.38
33.47
32.86
31.35
30.75
31.41
30.30
29.16
28.95
26.14
27.26
25.25
26.04
25.40
23.75
24.07
22.65
23.81
24.70
23.90
22.88
24.76
26.97
26.21
27.44
27.07
26.51
26.24
27.97
28.63
28.14
29.54
30.14
29.57
30.20
29.34
28.16
27.50
30.29
31.60
31.72
30.39
29.77
30.51
32.25
32.67
32.60
32.50
32.68
31.62
28.98
31.56
32.73
32.65
32.73
33.00
33.17
34.42
35.87
37.93
38.35
39.94
40.54
38.49
38.75
38.74
36.97
35.87
36.06
36.53
38.29
38.09
36.76
36.05
34.38
35.50
34.79
34.96
36.37
37.51
37.00
36.86
38.52
38.03
38.50
38.74
37.79
37.47
37.01
36.46
35.20
34.92
34.45
33.46
32.47
33.52
33.92
34.54
34.86
34.69
33.48
32.79
31.57
31.62
30.49
31.15
30.40
30.81
31.50
32.39
33.60
33.98
35.32
40.81
38.47
38.76
40.93
41.85
42.34
42.54
42.65
43.26
44.68
45.45
47.76
47.12
47.95
47.59
46.77
45.90
48.02
47.17
44.75
44.20
44.00
44.93
46.03
47.90
47.79
47.71
47.00
47.58
45.77
44.90
43.84
44.31
45.03
46.90
47.04
48.13
48.72
48.02
49.11
52.31
52.59
54.11
52.68
52.99
54.43
53.28
52.17
51.75
52.23
52.20
50.82
48.68
49.20
51.40
51.25
52.53
52.51
53.99
52.90
53.52
54.00
54.11
54.89
61.17
59.05
57.80
58.61
57.99
56.90
56.22
55.30
57.09
55.70
54.98
56.93
56.74
57.38
58.38
59.83
60.76
59.83
58.85
59.50
60.05
59.96
58.72
58.10
58.96
58.11
58.02
57.04
57.82
59.24
59.85
59.12
59.13
58.42
57.14
56.36
56.91
57.24
58.00
58.22
58.43
57.93
58.07
57.56
57.56
58.05
58.35
58.50
58.57
57.98
57.60
57.65
58.55
59.18
59.30
59.25
60.95
63.01
62.10
62.10
61.45
59.76
60.17
59.50
56.58
55.16
54.99
52.96
53.82
52.78
52.82
53.48
53.20
52.80
51.21
51.64
52.70
53.65
53.10
55.09
56.77
58.05
57.15
57.59
58.73
57.89
56.67
55.33
56.94
57.33
58.28
58.45
58.79
59.41
59.47
58.46
59.11
58.79
59.53
60.04
59.65
59.65
59.61
59.37
58.70
60.10
61.96
62.68
62.40
62.76
63.38
62.76
63.29
64.36
64.81
65.25
64.05
64.90
65.93
66.70
66.37
67.16
68.05
66.60
67.71
67.74
66.67
67.20
70.88
71.25
69.43
69.96
70.99
68.37
68.56
65.86
65.85
63.05
65.88
65.18
66.66
68.15
65.96
65.01
64.91
62.94
59.07
57.30
60.06
56.35
59.63
61.36
62.42
60.04
59.90
62.29
59.49
58.01
56.01
57.49
58.31
59.22
61.42
61.80
62.91
64.63
65.13
67.56
66.30
64.06
63.81
63.54
64.45
62.74
61.02
59.67
60.30
60.60
59.85
63.08
63.12
64.50
65.88
66.35
66.38
65.76
64.36
63.56
66.99
67.41
67.50
69.41
70.18
68.70
69.84
68.39
70.74
70.57
70.28
70.82
71.01
72.06
70.88
70.01
67.50
67.74
67.62
69.44
69.82
69.87
69.40
68.70
65.59
64.29
64.83
64.76
66.14
64.14
67.05
68.35
69.95
69.78
69.98
71.56
70.93
71.96
72.28
71.38
71.92
72.22
73.26
74.79
76.25
75.42
77.80
79.70
79.44
79.60
80.04
78.29
78.02
78.48
79.60
79.46
79.41
80.03
79.75
80.36
80.49
80.28
79.95
78.97
78.90
80.99
78.76
78.71
78.11
78.20
78.87
77.61
78.97
79.99
79.82
80.82
83.25
83.25
83.20
82.16
81.73
81.84
79.89
81.88
80.56
82.50
83.09
83.88
83.28
83.25
83.83
83.71
82.83
85.03
87.45
88.36
89.28
89.95
90.26
90.13
89.79
90.65
92.19
92.75
93.19
93.40
93.37
93.70
94.78
94.29
93.85
94.28
93.75
93.56
93.83
94.38
94.64
93.27
94.71
93.86
93.21
94.08
94.59
94.09
93.94
94.16
96.34
94.90
94.75
92.71
94.39
94.93
97.10
97.01
96.13
97.35
97.74
99.24
99.01
99.62
100.57
100.11
99.28
100.29
103.56
102.96
103.90
103.32
103.86
104.86
101.91
99.93
101.45
102.72
103.37
99.85
101.94
104.01
103.42
101.89
103.59
100.55
97.74
102.59
99.02
101.70
101.89
104.99
106.90
107.06
106.08
107.90
108.75
109.54
109.64
111.71
110.82
112.09
113.75
112.97
112.85
110.72
110.54
110.02
108.61
107.76
106.82
108.08
105.58
105.18
107.94
109.00
109.24
110.15
112.66
112.28
115.40
116.24
114.12
113.22
110.08
111.52
110.80
112.76
112.34
109.20
109.47
105.87
105.08
102.85
106.61
105.24
101.31
102.37
101.03
103.07
104.72
106.41
104.97
101.82
100.49
100.25
101.24
99.21
98.29
98.80
96.93
96.85
96.58
95.39
96.46
96.49
99.42
101.17
97.90
101.05
99.96
101.44
104.45
103.36
106.15
107.92
108.11
111.57
108.52
108.41
107.63
108.48
108.83
108.77
108.46
108.89
110.71
111.05
104.62
104.16
105.91
104.43
101.51
98.32
102.43
99.55
97.92
94.40
92.13
86.23
85.40
86.72
85.14
91.06
91.45
90.02
90.11
84.45
81.92
82.94
80.54
83.24
86.24
82.19
87.11
88.00
91.75
91.19
85.25
82.24
87.80
87.32
86.03
81.93
83.85
85.61
86.65
87.46
83.92
85.64
83.11
76.29
73.44
74.71
79.25
78.13
76.89
73.46
72.78
68.75
72.84
74.57
77.77
77.27
78.08
82.01
81.22
82.85
84.83
81.45
84.67
83.90
85.42
91.76
91.36
91.82
95.00
95.70
95.04
90.00
93.03
95.46
95.30
95.60
95.96
93.50
92.98
93.57
97.47
96.21
96.24
95.70
94.54
92.07
90.80
89.39
87.30
90.35
91.64
94.65
97.23
97.75
97.73
96.62
94.98
94.34
93.63
94.36
94.04
89.59
88.79
88.82
88.09
89.26
91.78
92.03
92.20
91.70
91.76
89.46
90.72
92.77
93.41
94.84
96.03
96.09
98.45
99.83
99.99
100.72
103.82
102.66
104.65
105.35
105.91
105.43
106.00
112.21
110.53
110.02
111.29
110.75
110.80
112.17
113.24
113.05
113.82
114.39
111.01
112.70
113.32
114.49
112.72
114.38
114.50
114.76
115.88
116.29
114.84
115.81
116.13
114.67
113.16
111.55
106.57
106.66
109.59
110.88
110.11
109.73
113.21
112.88
114.02
113.50
111.99
110.85
107.28
106.59
108.80
108.68
107.96
103.62
106.70
105.99
107.64
104.77
105.71
103.57
103.54
101.77
102.17
106.16
107.92
107.90
107.65
109.21
107.77
106.33
107.25
106.85
103.97
104.99
103.99
102.81
101.58
102.90
100.00
97.67
96.84
94.84
97.15
94.50
94.33
93.85
93.43
91.02
88.26
89.53
92.76
90.51
92.95
91.39
91.20
90.99
88.42
85.08
85.94
83.02
84.72
88.82
86.83
89.20
85.82
86.25
85.31
86.40
86.35
87.57
88.14
87.09
85.50
83.95
83.31
82.63
81.66
84.32
85.35
83.90
86.63
85.25
83.94
83.56
80.52
78.98
79.95
81.85
81.89
80.53
82.96
81.93
79.66
82.75
85.13
83.84
83.18
86.62
85.77
85.00
82.46
84.53
85.73
87.00
86.49
87.41
88.26
88.84
89.49
87.25
87.74
89.86
89.74
91.00
90.04
88.64
86.92
87.65
86.37
85.58
85.56
85.18
85.03
82.60
83.55
87.26
87.94
87.70
89.49
88.63
92.21
92.94
91.77
93.30
92.99
93.42
90.45
88.66
86.90
87.84
86.36
86.72
85.63
85.51
85.52
86.85
84.94
85.72
83.89
83.39
83.00
82.91
83.59
85.62
86.38
85.33
82.94
83.90
84.07
83.39
83.48
85.53
85.22
88.49
85.85
87.35
86.73
85.16
83.00
84.44
84.72
83.90
81.35
81.37
83.37
83.70
82.95
83.62
83.81
84.50
83.63
85.55
86.33
85.92
84.05
84.62
85.83
86.70
86.81
87.60
87.89
87.85
88.35
89.25
89.67
90.91
89.90
87.50
87.51
87.67
87.87
87.09
86.81
92.95
93.22
94.57
94.57
94.67
94.10
95.11
94.56
95.32
94.21
95.10
95.71
96.43
96.39
97.48
96.00
95.92
98.06
97.92
98.83
97.99
99.00
98.76
98.58
97.87
97.42
96.10
96.96
96.67
97.09
96.06
96.26
95.74
95.00
92.76
91.99
91.81
89.59
90.06
92.49
91.54
90.61
90.49
90.97
89.90
90.43
90.49
91.16
89.80
89.47
88.61
87.89
89.40
87.61
86.43
87.01
87.93
87.06
86.43
87.05
86.86
86.02
83.91
84.17
83.41
84.69
84.38
86.38
86.89
84.99
84.24
83.63
81.54
81.34
80.95
81.24
83.91
84.28
84.70
84.35
85.11
84.81
84.07
83.34
85.59
87.13
88.11
89.76
89.98
89.96
88.19
87.82
86.97
86.55
87.39
87.57
88.65
88.09
86.03
86.26
87.04
85.73
86.47
86.23
85.91
85.95
85.47
84.30
84.65
84.71
83.03
84.17
83.32
85.01
83.55
84.09
84.50
83.19
84.02
82.06
82.34
82.92
82.55
82.76
83.04
82.77
82.15
82.53
82.40
84.07
85.42
86.46
86.63
87.24
87.72
88.45
85.88
85.45
85.38
85.49
84.58
82.05
81.88
82.42
83.47
83.58
83.62
84.29
84.11
83.31
82.38
82.95
83.80
84.19
86.62
86.86
84.96
85.85
85.15
83.80
83.52
83.31
84.38
83.98
82.88
81.81
82.50
82.59
83.15
82.75
83.37
83.22
84.04
86.81
86.50
86.94
87.10
87.96
87.36
86.31
88.04
87.61
85.00
85.13
85.14
84.59
83.62
82.95
83.56
83.52
83.89
83.97
83.46
83.54
83.05
84.44
84.64
85.06
86.24
86.06
85.33
86.31
87.72
87.88
84.15
83.32
84.32
84.50
83.91
84.17
83.44
83.78
83.81
83.61
84.30
83.95
83.52
84.19
83.98
83.46
84.00
84.00
84.05
84.11
83.18
83.05
82.22
84.40
84.80
84.43
84.64
84.70
83.80
83.75
83.92
85.06
85.70
85.97
86.03
85.37
85.67
86.50
87.22
87.01
87.50
87.85
89.31
90.00
90.99
91.14
90.85
91.00
90.41
90.00
90.19
88.77
88.78
89.26
89.41
90.26
89.86
90.88
91.89
92.15
91.60
90.59
88.70
87.98
91.77
91.40
91.31
91.53
92.16
93.74
92.48
92.24
91.94
94.17
94.97
94.62
95.31
95.29
95.86
95.85
96.19
96.51
97.11
97.55
96.84
96.66
97.21
96.63
96.32
97.20
96.54
96.95
97.78
96.64
97.09
96.30
97.20
95.45
95.99
96.12
96.09
95.71
97.07
97.60
97.36
99.28
97.82
98.91
100.00
98.94
100.04
101.92
102.89
101.61
100.98
102.65
102.91
101.10
102.18
102.63
102.62
103.05
102.90
102.78
103.56
106.02
105.03
104.99
104.79
105.23
105.20
104.93
104.66
104.21
104.10
104.55
104.96
105.71
106.50
106.85
106.49
105.05
105.42
104.79
101.48
102.90
103.15
104.20
103.53
103.28
102.90
102.42
103.42
104.42
104.80
107.08
107.74
108.50
108.93
108.47
106.55
106.50
106.51
106.63
106.99
108.05
109.25
108.56
107.48
108.55
108.34
108.68
109.08
109.32
109.90
110.18
110.21
109.79
108.14
109.50
110.43
110.25
110.18
110.40
109.43
110.00
110.84
109.79
105.60
104.14
104.78
105.00
105.08
102.24
100.52
100.36
101.11
100.76
102.66
102.01
104.61
104.59
104.33
105.51
106.01
106.69
107.26
107.39
108.17
107.58
107.96
108.05
108.13
108.02
108.90
109.03
109.45
108.30
109.00
108.23
107.82
105.61
105.66
104.97
104.32
104.21
105.18
104.30
104.85
102.10
100.86
100.04
101.00
99.44
99.35
100.03
98.64
97.65
98.04
97.81
97.09
94.58
96.21
93.24
93.29
92.51
91.43
90.27
94.20
94.53
95.04
95.53
97.60
99.51
98.68
99.44
101.53
99.63
101.35
101.61
99.75
99.45
99.51
101.26
101.86
102.31
102.17
103.06
101.00
101.25
101.70
101.86
100.33
