48.62
48.00
49.12
51.62
53.31
51.56
50.75
51.62
52.19
51.94
49.94
49.31
47.12
47.38
45.31
43.62
44.94
44.56
43.50
42.44
43.19
43.44
42.31
42.31
41.25
41.00
39.12
38.06
36.00
38.62
40.00
39.19
38.69
37.69
38.31
37.81
36.25
36.00
35.56
35.06
34.88
34.44
36.38
36.69
33.81
34.94
35.25
35.69
35.62
35.81
38.25
40.69
39.62
38.50
39.81
38.94
39.56
39.50
39.06
38.31
39.00
40.75
39.44
41.88
43.44
42.44
42.31
41.38
41.44
42.06
43.44
42.00
40.50
40.94
40.25
37.62
38.00
39.00
40.12
39.75
40.12
39.44
38.81
39.62
38.88
37.94
39.06
38.94
38.00
38.38
38.81
39.38
40.56
40.25
40.00
38.81
40.06
40.19
39.50
39.69
38.06
38.12
38.31
38.25
39.75
41.06
40.00
39.06
38.81
38.12
38.25
38.62
37.25
37.62
37.00
35.94
35.12
35.06
35.12
34.44
34.62
34.81
35.69
36.16
35.00
33.88
36.00
35.19
34.81
33.94
34.25
36.12
36.56
35.94
35.75
35.72
37.75
37.94
37.06
36.50
36.25
35.88
34.75
34.88
34.06
34.06
34.31
35.00
35.06
34.84
36.69
38.38
37.56
37.50
38.62
39.06
38.66
38.62
38.25
38.19
37.69
37.81
37.12
37.69
37.62
37.19
38.06
37.56
36.77
37.31
38.06
38.69
38.06
37.81
38.31
38.00
38.69
39.25
37.44
36.06
35.50
35.19
34.81
35.12
35.50
35.00
33.50
34.00
31.00
34.25
35.06
35.12
35.00
34.50
34.56
33.38
33.25
31.88
31.69
31.75
30.50
29.81
30.50
30.69
31.44
31.88
31.31
31.81
32.88
34.94
35.06
34.75
34.81
34.81
36.19
36.12
36.44
36.56
35.75
36.19
36.06
36.69
36.31
36.94
37.19
38.25
37.81
38.88
39.69
39.00
40.12
39.31
40.69
43.31
43.38
41.56
41.56
41.62
42.38
42.38
41.69
40.69
40.81
42.31
42.88
43.06
44.75
46.62
47.75
47.50
47.62
47.31
46.31
46.50
48.69
45.88
45.75
45.69
45.06
45.44
43.69
44.69
45.00
41.75
40.62
40.88
41.62
42.19
43.31
43.25
43.10
44.40
44.22
44.33
44.27
43.77
43.52
43.61
43.18
43.00
43.13
43.26
42.92
44.12
43.67
41.80
40.96
40.69
40.09
41.63
42.49
41.60
42.00
42.68
44.33
44.51
46.80
47.79
46.84
44.96
46.05
44.79
45.00
44.60
45.14
43.87
42.18
41.37
41.77
42.94
44.80
45.50
44.62
44.38
44.44
42.16
43.55
45.78
44.55
44.98
45.70
45.14
47.01
46.75
45.75
48.45
47.68
47.88
48.25
48.30
50.00
49.35
50.31
50.20
50.78
50.30
50.04
50.55
51.51
51.85
52.00
53.43
53.20
52.82
53.14
55.91
55.25
55.25
55.70
56.20
55.00
54.40
54.00
55.14
53.40
54.16
54.85
55.78
55.89
54.65
54.98
54.33
53.36
53.82
54.04
54.19
54.15
54.46
53.89
55.50
55.99
54.65
52.65
53.20
52.29
50.66
50.05
51.96
51.99
51.68
49.60
50.40
48.78
49.00
51.90
52.48
50.37
53.55
52.68
54.20
54.00
53.90
52.90
53.00
52.57
52.75
53.55
55.10
53.95
54.60
54.45
52.95
53.30
52.76
52.35
53.65
54.02
53.86
55.23
54.15
53.75
52.75
52.41
53.30
51.80
52.24
52.46
52.14
51.17
50.00
50.00
50.38
50.30
51.13
48.86
48.10
44.69
45.71
44.40
41.70
44.05
46.12
46.38
44.07
43.80
44.80
43.98
45.40
47.42
47.43
48.25
46.64
46.90
47.31
49.30
48.55
48.20
48.03
46.92
46.39
45.76
46.57
46.18
45.45
46.37
47.30
45.70
44.91
44.72
45.20
45.71
46.10
47.79
48.30
48.39
48.25
47.78
48.96
48.38
47.97
49.10
50.01
49.20
48.42
48.64
49.25
48.70
48.19
48.20
47.42
47.41
48.46
50.55
50.51
51.15
50.01
50.50
51.00
50.21
50.07
49.90
51.36
52.05
50.60
51.45
52.00
52.45
52.76
53.19
52.25
51.65
52.33
53.86
53.15
51.35
51.56
51.14
50.82
50.49
49.75
48.02
49.31
48.98
48.18
48.76
49.10
50.10
50.83
49.70
50.20
50.28
50.52
49.03
48.78
48.62
47.43
48.50
49.78
50.24
50.77
50.53
49.93
49.90
51.10
51.88
52.68
56.06
55.96
55.90
55.51
56.33
59.08
58.00
59.02
58.52
59.33
59.10
58.91
57.49
58.66
59.79
59.12
59.30
58.03
57.10
57.13
55.94
56.25
57.49
56.85
56.92
56.40
54.92
55.41
57.36
57.75
57.88
59.49
58.43
57.97
57.99
56.65
55.80
54.92
55.04
53.83
53.10
53.00
53.60
54.15
52.89
54.62
54.13
54.65
54.00
52.40
52.61
55.02
53.86
52.81
52.75
54.24
56.00
55.17
54.79
54.04
53.44
54.27
54.25
53.95
53.49
52.50
52.00
52.27
51.85
50.84
51.43
50.25
50.62
50.53
49.55
49.15
49.25
48.90
48.04
49.45
48.22
47.75
47.68
47.55
48.20
47.66
48.70
48.95
48.00
47.16
46.18
48.24
47.85
47.13
45.50
45.07
45.50
45.19
43.00
43.25
42.68
41.41
40.63
40.00
43.20
42.79
43.55
45.90
45.31
44.70
43.26
41.60
40.40
42.39
42.85
44.55
44.57
44.22
44.20
44.32
44.16
43.46
44.69
44.25
44.46
45.35
44.85
45.13
44.85
44.23
43.32
43.64
42.63
42.65
42.56
43.20
43.12
42.87
42.95
42.39
40.64
40.68
39.45
39.01
38.00
37.87
37.66
36.86
38.00
38.93
37.50
37.22
38.67
37.78
37.49
36.01
35.89
36.32
33.86
35.07
36.58
35.71
37.98
38.76
40.36
40.99
42.91
41.78
42.80
41.11
41.45
40.47
40.46
40.97
40.85
42.11
42.86
43.08
43.57
42.54
43.16
41.45
42.59
43.05
44.27
45.08
44.62
44.95
46.53
48.02
48.55
48.68
47.09
49.26
49.90
49.22
47.30
46.73
46.33
46.17
45.00
45.55
45.71
45.12
44.60
46.28
45.83
45.60
45.23
46.50
46.35
46.40
46.30
45.06
45.47
45.72
47.75
47.43
48.40
47.85
46.40
47.34
47.42
47.70
47.39
47.18
47.26
47.05
46.07
44.45
45.48
43.92
43.25
43.83
44.05
43.05
43.98
44.25
43.74
43.66
42.97
42.63
42.58
42.58
42.04
42.12
43.25
44.55
45.95
46.30
46.54
45.81
45.82
45.75
46.72
47.00
47.08
45.22
45.63
44.60
45.80
44.79
44.50
44.22
46.93
47.02
50.23
49.80
49.79
50.62
52.55
50.73
51.00
50.20
50.72
50.24
49.20
49.65
51.71
51.80
51.47
51.70
52.10
51.71
52.83
52.98
53.64
52.70
51.41
51.98
51.84
52.96
52.86
52.75
51.93
52.78
52.39
52.60
51.85
52.35
52.68
53.90
53.33
51.97
53.15
54.25
53.17
52.79
53.40
52.97
51.50
51.25
50.43
51.22
51.00
52.51
52.51
50.50
52.15
52.18
52.95
53.92
54.37
54.61
54.22
54.62
56.66
56.13
56.05
57.89
57.76
57.02
56.50
57.25
56.66
56.45
56.15
56.76
55.83
55.66
54.74
55.74
55.57
56.41
56.71
56.43
56.22
57.38
57.88
58.07
58.64
63.54
65.61
65.32
64.20
64.85
63.82
65.30
65.10
65.35
66.45
67.47
67.22
67.10
66.69
66.11
67.16
68.21
68.68
70.30
70.40
70.65
70.96
73.04
72.90
72.26
73.41
71.69
69.66
69.55
70.16
70.65
71.83
72.46
71.95
71.09
70.13
70.51
69.40
69.00
68.07
68.02
69.00
69.70
70.23
71.30
71.19
70.47
71.45
70.44
68.90
68.25
69.19
68.84
71.34
72.70
73.38
74.01
74.42
75.31
76.08
75.75
76.90
76.87
78.72
74.33
73.58
74.00
72.76
71.57
71.36
71.05
71.70
72.78
73.46
73.86
73.28
74.05
74.81
74.94
74.53
72.57
72.09
71.95
73.66
73.48
72.61
72.50
71.29
72.77
72.75
72.89
73.34
75.04
75.40
76.05
76.79
75.58
75.48
74.94
76.50
76.78
76.48
76.00
77.94
78.02
78.52
81.02
82.02
83.71
84.75
83.78
83.65
83.51
83.71
84.60
84.07
83.02
82.65
84.90
83.40
82.49
81.85
80.45
82.45
82.50
83.70
83.38
84.14
82.15
83.40
84.00
84.17
85.01
82.00
79.62
77.26
78.13
77.49
77.04
75.90
76.32
78.50
77.67
76.56
78.96
78.69
77.42
79.52
78.91
78.53
76.82
77.22
76.70
77.18
77.95
75.75
76.84
77.59
77.32
76.90
76.37
76.89
76.40
73.51
73.15
74.93
73.98
75.35
77.22
77.20
76.30
75.50
75.85
76.33
77.15
77.44
79.48
80.00
79.07
79.00
81.20
82.41
82.91
82.10
81.98
83.75
82.02
81.03
80.80
81.97
81.00
79.98
81.08
84.10
81.96
80.90
81.80
79.70
77.58
77.73
79.37
79.01
78.80
77.85
77.12
72.88
73.10
74.86
74.66
75.69
73.54
73.75
73.80
72.26
73.03
74.00
74.65
74.85
75.17
75.35
75.96
76.42
75.15
75.50
77.70
77.12
75.40
75.60
74.76
75.39
74.01
74.72
74.42
74.98
76.65
77.89
79.10
78.15
77.48
78.82
79.44
78.18
76.72
76.73
77.50
76.53
77.08
78.23
79.27
78.78
79.40
77.81
78.19
78.07
76.95
73.53
73.22
72.60
72.17
73.43
73.93
73.49
73.10
71.68
71.70
69.62
70.25
70.07
71.26
72.06
71.76
71.75
72.87
72.48
72.50
71.29
72.24
72.05
73.15
73.87
73.71
73.70
72.25
72.70
72.62
73.18
73.56
75.44
75.20
74.87
75.10
75.96
75.72
74.65
74.84
76.12
75.88
76.33
75.36
74.50
74.76
74.42
76.90
80.50
80.45
80.60
81.25
80.37
81.00
80.00
79.50
79.41
79.74
79.09
79.50
81.09
81.13
80.87
80.79
77.03
77.34
78.34
79.41
80.80
79.53
80.54
81.84
81.99
84.25
85.88
87.17
87.01
88.31
88.74
89.85
89.97
89.69
89.88
90.88
91.44
90.18
90.10
90.89
92.06
92.80
91.16
91.55
92.65
91.73
90.92
90.57
90.82
90.63
91.47
91.62
93.98
93.70
94.88
94.79
94.24
94.35
96.26
97.15
97.31
96.10
98.47
98.47
97.54
97.51
95.07
94.02
92.22
93.58
93.38
92.52
91.24
92.37
92.86
93.69
92.53
91.51
90.08
89.23
88.12
90.50
91.12
86.52
87.46
89.10
90.12
91.01
91.80
91.90
91.36
91.48
90.64
92.06
92.78
92.22
91.50
92.54
91.82
90.84
89.46
90.46
93.16
94.82
95.05
97.37
97.17
97.74
99.96
98.90
99.00
96.81
98.26
99.00
96.53
96.75
96.27
96.82
96.40
96.18
94.71
93.64
93.58
94.22
89.80
91.48
91.44
90.15
90.21
90.36
91.39
91.58
90.69
90.17
91.39
88.60
85.40
83.46
83.58
84.95
88.04
89.66
89.81
91.13
88.86
88.05
86.70
88.05
88.40
87.58
89.42
89.85
90.16
90.28
89.65
90.90
88.88
89.00
90.38
91.96
93.52
93.50
93.63
94.04
93.83
92.47
94.43
94.31
94.11
95.47
95.18
93.97
94.15
94.53
96.58
97.45
97.02
97.58
98.57
98.58
98.31
100.20
100.80
102.20
100.57
98.47
96.86
96.92
97.80
96.64
95.31
95.93
96.17
95.30
97.35
98.70
99.97
98.96
99.84
51.00
50.67
50.82
53.40
53.20
52.30
52.41
51.85
51.82
52.79
54.45
53.91
54.02
54.46
54.39
54.02
53.61
53.68
54.34
55.00
55.50
54.80
55.26
53.69
53.46
53.15
54.82
54.81
54.69
53.21
53.40
53.49
53.70
53.78
55.49
56.94
58.25
58.51
59.07
58.33
58.86
59.29
59.40
58.30
57.74
57.72
56.97
56.81
57.11
58.00
58.92
58.34
58.72
57.55
57.99
58.75
59.01
57.78
56.22
55.19
56.62
55.57
55.56
54.76
54.00
54.74
55.03
53.96
55.43
54.03
48.92
50.31
50.29
50.55
49.90
51.07
52.59
52.72
53.69
53.48
53.55
54.25
54.25
54.10
54.69
54.87
55.43
55.90
56.73
57.47
57.28
57.71
58.76
58.01
57.95
57.45
57.10
57.78
59.00
58.81
58.33
58.80
57.78
57.34
58.09
58.03
58.97
58.75
58.71
59.64
56.83
56.74
57.08
58.45
58.51
57.89
57.84
58.14
57.77
57.80
59.27
59.27
60.45
61.55
61.30
61.33
62.21
62.33
62.96
61.87
62.51
60.78
61.04
61.35
62.07
65.17
67.53
67.01
67.90
69.24
68.39
68.13
68.70
67.16
68.81
68.45
68.75
68.62
70.22
71.60
71.96
72.05
72.59
73.06
72.35
72.70
73.50
73.08
74.39
74.34
74.61
73.22
73.04
72.40
71.40
70.95
71.00
71.94
74.29
74.90
76.23
75.85
74.31
76.21
76.26
75.50
75.38
74.87
73.67
72.40
71.81
73.50
75.30
75.80
75.65
74.92
75.45
76.66
77.84
76.94
76.45
78.91
78.97
77.97
77.87
77.38
74.93
75.95
75.06
75.74
75.63
77.48
78.10
78.81
79.98
79.90
81.14
80.97
79.62
77.81
77.47
77.34
75.91
74.62
72.78
72.87
73.72
73.59
73.96
74.42
72.16
72.95
73.29
72.81
69.33
68.48
66.74
66.89
67.52
66.32
66.33
67.48
70.85
70.55
69.95
70.99
72.47
72.28
72.14
72.48
71.65
72.71
74.40
74.48
74.77
73.13
73.65
72.58
73.27
73.40
71.31
69.70
69.19
69.19
69.47
71.12
69.08
68.35
70.52
70.66
70.13
70.72
71.21
70.87
69.71
70.75
72.73
73.10
73.18
71.60
68.52
68.32
67.03
65.96
67.41
69.11
69.36
68.31
68.25
68.50
67.21
65.50
65.99
66.07
65.45
65.06
66.35
67.27
69.68
69.13
67.76
67.32
65.51
65.15
66.33
65.51
65.43
66.99
66.56
65.88
64.54
62.77
64.33
65.90
65.68
66.59
65.80
65.36
65.11
65.54
68.24
68.05
68.90
69.06
68.32
69.25
69.08
69.93
69.90
69.08
69.02
59.00
60.42
60.93
61.91
62.35
61.27
60.76
60.71
60.50
60.56
60.43
59.85
59.92
60.10
59.20
59.60
59.52
60.36
61.45
61.37
60.94
60.91
62.19
62.79
62.87
61.97
61.60
62.06
62.03
61.19
61.49
62.15
63.05
63.00
63.40
63.07
62.28
61.49
62.12
61.82
61.92
61.52
61.37
60.81
60.59
60.90
61.47
61.31
61.33
61.16
61.00
60.22
60.29
60.62
60.32
60.00
59.74
59.24
59.91
59.90
59.37
58.17
59.56
59.73
59.63
61.09
61.70
62.88
64.07
64.99
65.25
64.49
64.42
65.64
65.63
64.80
64.60
64.73
66.16
67.62
67.67
67.93
68.21
67.78
67.26
67.26
64.83
64.43
63.90
63.04
63.17
63.62
64.23
64.30
64.40
64.57
63.34
63.64
63.46
63.16
64.17
64.86
66.21
66.54
66.88
66.84
66.88
66.24
66.19
67.03
66.75
67.24
67.48
67.63
67.34
66.95
66.35
66.64
66.79
66.90
67.66
69.37
68.62
71.82
71.85
72.81
73.23
73.00
73.76
72.62
73.24
73.40
73.36
73.10
72.67
73.43
74.75
73.81
74.88
76.30
76.01
75.95
74.84
74.77
74.85
75.51
76.03
75.43
75.71
75.75
78.48
78.58
78.14
78.29
78.65
78.68
77.31
78.52
78.75
78.08
79.93
80.73
81.11
81.85
82.49
81.38
81.47
80.90
80.70
80.29
79.51
79.09
78.30
80.45
77.99
77.49
78.81
79.83
81.22
82.17
84.09
85.13
85.90
86.47
86.23
86.98
83.20
82.00
81.66
80.50
78.29
76.02
77.04
78.80
80.13
80.67
78.96
81.00
80.44
80.90
78.48
77.55
77.90
76.77
74.95
73.00
72.64
74.05
74.28
75.30
75.17
76.32
76.00
74.16
75.04
74.66
75.77
76.85
75.54
75.75
73.44
73.74
73.89
72.77
72.99
73.16
73.69
77.46
77.91
77.37
78.16
77.72
76.37
76.66
77.47
78.43
79.56
79.64
78.56
78.64
80.33
81.34
82.51
81.16
79.44
80.30
78.84
77.75
77.13
77.66
73.57
73.50
74.42
75.79
74.67
75.04
73.90
73.46
74.61
73.31
74.76
73.50
74.92
73.60
72.43
70.41
69.60
71.07
70.03
69.73
69.44
68.20
68.28
67.94
68.63
67.83
68.82
71.19
71.72
71.90
72.06
72.01
72.71
74.35
74.20
76.58
73.72
73.82
74.22
73.39
71.16
71.05
70.84
71.51
72.73
72.70
73.69
72.73
73.16
72.56
70.63
70.38
68.53
68.73
67.15
67.23
67.41
66.01
67.27
65.40
64.27
62.47
62.81
63.82
65.08
65.25
65.93
68.21
68.99
68.44
70.99
71.76
70.95
67.52
67.98
68.32
68.01
69.42
70.00
71.65
70.44
69.95
70.40
71.25
70.79
71.18
72.25
73.30
74.22
74.39
72.33
73.20
71.74
71.85
70.75
69.84
68.72
72.61
75.25
75.67
74.79
74.46
76.87
73.73
73.82
76.03
76.64
77.36
77.03
77.09
78.29
79.98
78.51
77.07
77.83
77.25
77.59
76.16
75.71
74.80
75.54
75.95
79.02
78.59
85.28
83.33
82.01
81.69
81.82
82.25
83.03
81.51
81.88
82.35
82.80
82.75
83.23
81.63
82.42
81.76
83.82
84.07
82.75
83.50
83.70
84.28
83.84
83.40
82.22
81.55
81.95
83.19
82.78
82.64
82.33
82.42
82.46
82.73
79.99
80.81
80.10
78.93
80.50
81.50
80.91
80.69
79.70
79.48
79.08
80.00
76.64
76.58
74.28
73.75
73.82
74.09
70.42
70.31
70.81
69.51
68.43
68.42
69.81
69.67
67.04
70.53
71.83
70.89
73.23
74.98
72.42
69.78
70.48
69.19
70.99
72.07
69.52
68.14
67.43
68.18
70.51
68.93
70.90
70.80
71.81
69.83
70.29
70.35
69.22
68.69
68.80
68.70
70.27
68.56
68.68
69.56
71.68
70.73
69.08
67.73
63.94
64.07
64.58
61.38
62.82
64.81
65.46
63.21
64.73
63.15
65.32
66.49
64.60
63.54
61.74
61.96
64.13
59.89
59.60
56.95
52.22
51.21
49.20
47.33
47.65
44.80
43.13
49.48
47.49
42.06
42.37
39.32
40.90
38.83
36.52
35.36
33.30
32.78
34.95
36.14
37.37
38.20
39.01
42.25
40.40
37.60
38.45
37.41
36.87
35.08
39.41
36.96
35.70
36.19
33.87
32.84
34.67
36.34
37.27
39.33
40.99
36.58
38.00
39.65
37.52
38.26
42.42
42.38
43.67
42.20
42.08
42.21
43.80
44.65
42.16
42.69
41.78
41.13
41.91
42.72
42.34
43.66
44.67
46.91
46.08
45.80
43.67
44.02
43.20
41.19
41.40
39.35
39.39
39.55
38.32
39.55
37.23
35.66
32.67
32.32
33.00
31.85
30.85
30.29
29.99
30.60
31.61
33.28
32.72
30.92
31.13
31.02
30.94
28.98
28.44
27.02
26.66
25.12
26.04
25.03
24.23
24.61
22.17
22.47
25.44
23.49
23.23
23.92
26.51
26.31
27.02
26.78
26.42
26.83
27.47
28.41
27.07
29.63
29.40
28.91
30.78
30.35
27.53
27.96
28.99
31.54
32.15
31.31
29.45
29.57
32.52
33.16
32.70
33.02
32.71
32.29
30.48
31.39
32.45
32.45
33.63
33.39
32.78
33.69
35.58
37.26
38.48
39.41
40.00
37.92
39.64
38.43
38.06
36.08
36.07
35.74
37.78
37.67
37.30
35.54
34.31
35.00
35.05
34.59
35.46
37.55
37.45
36.66
38.02
38.47
38.57
38.24
37.62
37.61
37.73
36.12
35.56
34.80
34.08
33.65
32.36
33.00
33.40
34.49
34.56
34.74
33.04
33.19
31.74
31.70
30.29
30.58
30.65
30.53
31.80
31.93
33.84
34.15
33.99
36.65
39.46
38.66
41.26
42.00
42.86
42.90
41.83
43.41
44.06
45.12
47.89
46.64
47.14
47.78
47.15
46.28
47.58
47.17
46.00
43.95
45.11
45.17
45.50
47.30
47.56
47.83
47.25
47.08
46.71
45.31
43.84
43.51
45.04
46.11
46.97
48.41
48.69
48.53
48.77
51.70
52.62
53.89
53.42
52.46
54.34
53.14
51.85
51.20
52.18
51.60
51.33
49.45
48.83
50.75
51.70
51.90
53.09
53.64
53.05
52.74
54.51
54.77
54.57
57.85
59.61
58.40
58.74
57.60
57.07
56.69
54.43
57.25
55.06
55.49
56.46
56.22
57.99
57.60
60.00
59.96
60.06
58.57
58.78
60.40
59.88
59.41
58.61
57.95
58.14
58.00
59.04
57.45
58.39
59.68
58.94
58.20
58.30
57.56
56.38
56.18
56.94
57.51
58.30
58.20
58.23
57.53
57.19
57.60
57.89
58.32
58.33
58.51
58.18
58.05
56.99
58.55
59.25
59.43
59.67
60.34
64.13
62.24
62.33
61.98
60.12
60.93
59.76
56.85
54.25
55.14
55.85
53.44
51.86
52.24
52.94
53.55
53.39
51.40
51.75
50.78
53.53
53.15
56.15
56.20
57.12
57.50
57.81
58.25
58.03
56.66
56.96
56.79
57.05
57.85
58.15
58.57
58.45
59.23
58.91
59.18
58.78
58.90
60.36
59.47
59.45
60.22
59.77
59.37
59.95
62.41
62.06
62.14
62.44
63.48
63.16
62.85
63.99
64.99
65.29
64.47
64.48
65.27
66.73
66.19
67.28
68.22
66.88
66.99
67.50
67.75
67.51
68.78
71.65
68.53
68.97
70.75
68.09
69.94
66.70
65.96
63.50
62.10
66.69
66.07
68.15
66.91
64.88
63.78
63.19
61.44
58.67
60.09
59.22
59.21
59.73
62.06
60.76
59.27
60.86
61.11
57.76
55.83
56.61
56.81
59.95
60.23
61.00
63.46
64.39
64.95
65.85
66.07
64.11
64.33
63.37
64.71
64.40
60.85
60.07
59.97
59.18
59.81
62.18
63.17
64.72
64.28
66.79
66.70
66.51
63.94
64.80
66.43
66.87
68.00
69.31
69.99
69.18
69.72
69.40
69.75
71.05
70.37
71.12
71.96
71.56
72.07
71.42
68.71
67.50
68.01
68.49
69.74
69.75
69.29
68.86
66.84
65.04
64.70
63.95
65.90
64.47
65.16
68.16
68.54
70.08
69.70
70.74
70.64
71.26
72.24
71.83
72.13
72.00
73.18
74.75
76.39
76.18
76.26
79.73
79.54
79.67
79.99
78.68
78.22
77.27
79.40
79.08
78.74
80.37
79.98
79.34
80.29
79.91
79.75
80.24
78.55
80.32
78.89
78.33
79.05
78.65
78.22
77.74
78.60
79.27
79.75
79.88
83.18
83.54
83.12
81.91
82.46
82.44
81.04
81.82
80.37
81.17
83.11
83.97
84.00
82.63
84.69
84.13
83.67
84.60
87.45
88.62
89.38
89.20
90.35
89.62
89.67
89.94
91.63
92.09
93.12
93.20
92.59
93.30
94.63
94.57
94.45
94.07
93.69
93.78
93.87
93.66
94.15
93.71
94.52
93.54
93.73
93.39
93.95
93.49
94.14
94.01
96.23
95.54
93.61
92.75
94.57
94.39
95.75
96.63
95.68
97.01
98.01
99.09
98.93
99.59
100.47
100.61
99.79
100.60
103.54
103.26
103.00
103.55
103.36
105.86
102.01
100.02
100.57
102.00
102.93
99.86
100.97
104.25
103.04
102.13
104.13
102.36
98.39
100.02
102.10
100.75
100.40
103.12
105.06
107.59
106.79
106.76
108.37
109.09
109.40
110.54
111.53
111.35
113.12
113.38
112.31
111.00
109.85
109.82
109.07
106.57
107.63
107.58
107.21
103.90
106.10
108.28
109.42
108.85
111.94
112.61
112.64
115.41
114.37
113.27
110.77
109.39
110.34
111.66
112.87
109.98
108.63
106.33
106.09
102.08
105.25
105.30
104.33
101.89
101.55
103.25
104.19
104.60
105.80
101.24
102.19
101.10
99.86
99.88
98.04
99.26
96.79
95.44
97.86
95.65
95.46
95.95
98.18
101.39
100.15
100.55
100.01
100.80
103.84
103.36
106.46
108.62
108.43
110.08
111.63
110.41
108.16
106.93
108.64
107.58
109.36
107.80
109.64
110.31
111.60
105.15
105.66
105.20
101.34
99.64
98.79
100.72
97.18
96.28
89.55
90.99
82.60
87.48
83.51
87.25
89.81
91.37
89.35
87.64
83.33
79.97
79.89
82.98
85.40
83.25
85.16
88.15
89.83
91.00
88.55
85.38
85.70
88.69
87.04
83.96
83.87
85.02
85.45
86.60
85.90
84.60
83.66
79.36
73.90
73.86
76.85
77.67
75.08
75.39
73.84
70.55
72.54
74.26
77.09
75.52
79.13
80.66
81.70
81.44
84.09
81.52
84.72
83.56
84.26
87.39
91.77
89.89
91.57
96.33
96.85
94.46
91.63
93.94
96.00
95.74
95.00
95.89
91.64
92.20
96.13
96.53
97.07
95.75
93.81
93.93
91.12
89.99
87.76
86.72
91.48
90.54
97.88
96.82
96.29
96.85
95.96
94.89
92.92
95.97
93.24
90.98
87.00
87.70
87.20
87.25
91.73
91.63
91.81
92.25
91.55
89.37
90.58
90.60
93.98
94.85
95.52
95.76
97.10
99.96
99.64
101.94
102.48
103.37
104.26
105.75
105.64
106.37
106.29
109.05
111.31
111.28
110.41
109.12
110.52
110.33
113.94
113.78
113.81
114.04
112.83
111.75
113.70
114.45
112.53
113.96
113.95
115.00
115.81
116.20
116.00
115.63
115.76
114.21
113.39
112.49
110.09
105.93
108.28
110.28
110.22
108.94
113.30
112.27
113.45
113.58
113.73
110.76
109.00
106.43
107.83
108.75
108.06
104.26
106.02
106.52
107.25
106.21
106.26
105.87
103.57
100.43
101.75
106.44
105.89
106.74
108.41
109.21
107.36
107.73
106.90
108.40
103.44
104.39
104.56
102.77
102.11
102.63
100.67
98.44
97.19
96.49
95.99
95.44
95.50
93.60
92.68
91.86
87.80
88.68
91.98
91.49
92.47
91.42
89.94
92.52
90.18
87.62
85.52
83.26
83.65
86.66
87.14
87.60
85.19
87.05
85.29
85.89
86.93
86.74
88.84
87.17
84.98
84.96
82.89
82.73
82.25
82.63
84.91
83.68
86.46
86.79
84.61
83.14
80.27
79.74
79.64
82.07
81.15
81.91
82.52
82.63
80.95
81.58
81.43
82.60
83.30
86.16
85.69
84.21
82.65
83.12
85.02
86.35
87.22
87.22
88.40
88.94
88.61
87.87
87.61
88.59
90.01
90.44
90.29
88.72
87.63
87.47
86.63
86.01
86.09
84.47
85.33
82.66
82.75
84.79
88.10
87.10
88.60
89.12
90.68
93.17
91.99
93.07
93.94
92.54
91.72
90.87
87.01
86.95
86.92
86.04
85.47
85.47
85.28
85.96
85.43
85.44
84.75
83.16
82.85
82.82
82.81
84.96
86.63
86.62
83.86
85.08
83.58
82.73
83.53
84.25
84.81
87.65
85.79
86.77
88.08
85.02
83.66
84.95
85.18
83.26
81.10
81.30
81.93
83.62
83.33
83.05
84.16
84.65
84.01
84.94
86.25
85.24
84.49
84.16
86.05
85.95
86.99
87.23
87.33
87.95
88.36
89.00
89.64
90.77
90.79
89.50
87.90
87.48
87.67
87.66
86.81
89.61
93.50
94.40
94.92
95.21
94.00
94.44
95.08
95.19
94.63
95.67
95.19
95.70
97.62
97.72
96.85
96.60
95.58
97.45
98.60
98.65
98.39
99.49
98.26
98.44
97.70
96.11
96.85
96.60
97.22
96.38
96.07
95.61
95.60
93.22
91.53
91.54
89.16
89.95
92.25
92.37
91.36
89.75
90.21
89.64
89.65
90.51
91.18
89.74
89.28
88.70
88.83
89.36
88.27
86.94
86.83
87.48
86.64
87.00
86.90
86.97
85.64
84.88
84.12
84.63
84.60
84.19
85.90
86.57
85.70
85.05
82.27
82.61
81.47
80.46
80.43
82.71
84.10
83.78
84.51
84.68
84.80
84.67
83.08
84.26
86.98
87.59
89.79
90.31
89.95
88.62
88.07
87.55
87.00
86.78
87.67
88.33
88.10
87.70
86.95
86.21
86.19
86.49
86.41
85.80
86.13
85.92
84.42
84.00
84.65
83.80
83.52
83.21
85.14
83.87
83.92
84.55
84.25
83.20
83.12
81.52
82.33
82.10
82.96
82.49
82.72
82.48
81.85
82.14
83.20
85.33
84.96
86.70
87.17
87.40
88.17
86.67
85.72
85.65
86.00
85.52
83.44
82.14
82.06
83.02
83.19
82.91
84.44
84.30
83.56
82.53
82.43
83.96
84.51
86.32
86.57
85.82
85.86
85.16
84.20
83.86
82.94
84.17
83.89
83.56
82.70
82.45
82.53
82.54
82.51
83.54
82.95
83.39
85.59
86.61
87.13
86.84
87.01
87.18
87.07
87.84
87.75
84.75
85.03
85.11
84.50
84.20
83.80
83.40
83.76
84.07
83.97
84.20
83.53
82.85
83.52
84.73
85.61
86.24
85.75
86.27
85.85
87.34
87.70
89.17
83.76
84.53
84.77
84.28
84.07
83.49
83.36
83.59
83.89
84.05
84.22
83.65
84.24
84.15
83.85
84.20
83.76
83.74
84.04
83.67
82.68
82.12
82.88
84.40
84.36
84.67
84.60
84.25
83.87
83.97
84.41
85.50
86.09
86.42
85.28
85.57
86.05
87.38
86.92
88.17
87.54
88.93
89.96
90.91
91.15
90.87
90.87
90.81
89.87
89.82
88.64
88.93
89.14
89.71
90.51
89.89
90.56
92.41
92.01
91.44
90.60
89.64
88.48
86.17
91.29
92.47
90.62
93.20
93.91
92.42
92.50
91.96
93.83
94.87
94.50
94.96
96.17
96.11
96.55
96.56
96.21
96.92
97.50
97.32
96.41
97.20
96.70
96.97
96.31
97.02
96.37
97.60
97.05
96.75
96.84
96.82
95.61
95.39
95.67
96.41
96.04
96.21
97.39
96.85
98.59
97.80
98.45
99.39
99.37
99.81
102.63
102.55
102.17
101.11
102.39
102.99
102.26
101.45
102.78
102.50
102.93
102.83
102.64
103.69
103.38
105.28
104.69
104.26
105.30
105.40
105.07
105.01
104.52
103.87
104.62
104.94
105.06
106.20
107.15
106.53
104.99
106.03
105.39
101.56
102.88
103.08
104.03
103.68
102.91
103.60
102.23
103.76
104.49
104.31
106.96
108.18
108.75
109.31
108.69
106.65
106.77
106.81
106.67
107.48
107.25
109.38
108.78
107.81
108.44
108.52
108.78
108.67
109.17
109.56
111.08
110.16
109.46
110.14
109.36
109.96
110.09
109.85
111.40
109.07
110.17
110.23
110.06
108.38
105.04
104.85
104.15
104.69
103.38
100.75
100.52
101.81
101.50
101.49
101.94
103.28
104.50
104.33
105.16
105.66
105.74
106.98
107.30
107.70
107.97
107.31
107.97
108.06
108.55
108.65
109.07
108.92
108.46
108.82
108.54
107.91
107.40
105.93
105.59
105.02
104.86
104.86
103.99
104.34
102.51
100.90
99.99
101.20
99.51
100.38
99.83
99.03
97.61
97.41
97.39
98.00
94.70
96.65
93.50
93.13
91.68
92.80
92.59
93.24
95.05
94.03
95.89
94.57
99.27
99.44
98.54
101.16
100.19
100.16
101.41
100.22
98.61
99.41
100.91
101.76
102.21
102.53
102.99
101.11
101.34
101.70
102.04
101.30
102.09
