156.00
149.13
147.25
145.50
148.50
151.88
153.75
153.44
154.25
157.69
151.50
148.75
148.38
150.94
150.63
151.63
159.50
160.06
157.75
156.81
163.81
163.63
160.63
160.63
160.94
162.75
155.00
153.63
151.94
153.50
153.81
152.13
142.88
135.38
137.63
136.69
128.88
124.00
126.50
131.50
132.19
132.38
131.25
128.63
124.13
121.06
119.50
121.81
122.38
127.88
127.19
136.50
141.06
140.94
138.50
143.38
145.25
153.81
149.13
148.94
149.25
147.88
146.50
149.44
142.69
143.31
140.06
138.63
138.19
141.00
146.19
145.00
131.81
131.88
135.00
137.81
138.69
142.00
150.94
154.50
150.00
149.50
146.44
147.50
140.00
143.06
141.50
144.88
147.63
142.63
47.50
49.00
50.19
51.06
50.25
50.75
49.75
48.69
49.25
49.38
48.50
48.69
49.63
50.25
53.00
55.50
54.81
53.50
54.19
55.00
53.50
53.50
52.81
54.63
53.94
51.38
51.94
52.75
52.13
51.94
52.75
53.56
53.75
53.19
52.00
51.00
50.88
51.56
50.69
52.06
52.81
53.25
53.69
54.63
54.94
55.00
54.25
54.50
55.13
56.75
56.19
55.63
55.13
56.13
55.06
55.81
56.50
56.19
55.88
58.19
58.19
57.50
58.13
58.50
58.44
58.75
58.69
57.25
57.31
58.25
58.75
57.44
57.00
55.75
56.56
57.00
58.31
58.63
59.00
58.38
58.38
59.50
58.50
58.94
60.00
60.56
60.31
60.50
58.75
58.00
58.00
56.38
55.88
57.88
58.38
58.81
58.38
58.75
60.69
59.88
61.38
60.88
60.75
57.50
56.44
55.00
54.06
51.19
51.44
54.00
53.13
50.63
55.19
55.44
54.00
54.69
57.00
53.06
54.81
56.31
57.38
57.13
57.56
57.75
59.31
60.19
57.88
57.06
57.06
55.56
55.88
56.50
57.00
55.13
52.56
50.06
51.13
51.19
52.88
52.88
55.00
53.38
54.00
51.38
52.44
53.50
53.25
54.00
55.31
55.38
56.25
54.50
53.63
55.31
54.38
50.94
51.50
52.56
52.63
53.19
53.50
54.38
51.56
51.44
53.75
50.50
48.63
46.19
46.25
46.13
46.94
47.44
48.94
49.06
47.06
44.19
46.00
45.56
46.00
45.88
47.25
46.74
46.00
47.10
47.40
47.95
46.80
45.50
46.46
46.95
47.05
46.30
46.18
46.31
46.24
45.10
43.74
41.89
43.50
43.70
44.36
43.70
42.00
42.38
42.51
42.55
43.01
43.80
42.30
39.93
40.30
38.00
39.15
38.10
38.08
37.01
34.50
34.00
34.95
37.27
37.20
38.46
38.40
39.40
37.95
37.63
35.96
37.00
36.40
36.55
37.30
38.00
37.90
37.92
37.80
39.15
42.21
41.40
39.91
40.40
40.07
41.50
42.55
42.44
42.01
42.45
41.90
41.75
43.07
40.50
40.66
42.55
41.85
41.93
41.48
41.25
43.55
43.02
43.32
45.14
44.53
43.60
43.20
42.36
42.15
41.67
41.50
42.00
42.00
41.76
40.50
40.70
41.00
40.90
41.37
39.15
38.58
38.27
38.40
38.71
39.00
40.00
39.75
38.14
38.13
38.25
38.80
38.60
39.41
39.28
38.22
37.92
36.90
36.60
37.35
38.35
38.18
37.85
37.17
37.40
37.60
37.76
37.68
37.46
37.83
38.92
39.25
39.70
40.35
41.10
39.99
39.53
39.80
39.75
38.81
38.88
39.47
39.20
38.50
37.42
37.05
37.25
36.55
36.18
36.95
37.62
37.86
37.01
36.61
35.50
36.00
35.42
35.06
35.02
34.08
33.70
29.00
27.00
25.20
25.16
24.20
26.55
26.28
26.65
26.36
27.64
28.00
28.07
28.50
28.65
27.20
26.69
27.47
29.06
29.65
28.70
29.50
30.71
30.00
29.75
28.75
28.27
29.52
29.76
29.29
30.15
29.81
29.14
29.35
28.82
29.51
30.00
29.67
30.52
32.00
32.06
31.00
31.75
32.50
33.06
33.01
33.50
33.58
33.10
33.52
34.39
34.26
33.56
32.60
32.70
32.00
32.39
33.25
34.10
34.16
33.92
34.05
32.56
32.51
31.73
32.02
32.81
32.90
33.55
33.72
34.13
34.15
34.86
35.20
35.60
35.06
35.89
36.50
37.54
36.81
37.00
37.31
37.17
36.15
36.60
36.51
36.90
36.90
37.13
36.27
36.40
36.05
35.80
34.00
33.36
34.30
34.80
33.30
32.55
32.52
32.62
33.13
33.00
32.95
33.05
34.36
33.65
33.08
32.92
33.30
32.84
33.80
34.45
35.33
35.75
36.15
37.48
38.85
39.12
39.50
39.92
40.64
40.51
40.30
39.67
40.80
41.35
41.93
41.71
39.90
40.94
40.13
40.14
40.30
40.55
39.85
39.46
39.35
39.37
40.05
40.10
40.90
41.10
39.98
40.16
39.84
40.77
41.15
40.34
42.97
42.43
42.63
42.17
41.85
41.80
41.00
40.75
40.37
41.80
41.50
41.07
40.63
40.82
42.03
41.23
41.63
43.75
43.65
43.96
43.60
42.88
42.24
41.84
42.17
42.11
41.34
41.49
41.51
42.45
41.00
39.65
40.25
40.13
38.17
38.76
38.45
36.56
35.80
34.53
36.40
37.61
37.85
37.25
36.75
35.85
36.30
34.79
35.78
35.85
36.55
36.52
35.40
36.55
36.86
36.11
34.79
33.70
34.35
31.92
33.25
33.00
33.20
31.35
28.90
28.05
26.92
28.85
29.72
30.95
32.75
34.12
33.75
32.52
30.20
30.83
32.16
33.07
34.30
34.63
34.60
34.20
36.16
36.47
36.50
36.03
35.75
36.96
37.19
37.19
36.75
35.88
35.36
35.75
33.21
33.45
33.62
34.62
33.55
34.25
34.65
33.66
33.35
33.80
33.18
31.56
31.50
31.37
30.41
30.94
30.25
32.09
31.40
30.25
30.52
31.00
29.70
27.70
26.55
26.77
27.16
26.70
29.95
30.15
32.65
31.76
33.50
33.26
33.15
33.75
32.55
32.32
31.55
32.35
33.57
34.73
35.75
35.42
36.83
36.00
35.65
35.19
35.06
34.97
34.90
34.45
35.78
36.40
36.63
36.75
37.26
38.70
39.18
38.85
37.85
38.17
38.91
38.15
37.85
37.12
37.07
36.50
36.60
36.51
36.17
36.26
35.75
35.94
36.50
35.69
35.42
36.20
36.61
36.30
36.20
35.40
35.15
34.53
35.35
36.52
36.65
37.32
37.06
37.45
37.26
38.18
37.98
37.42
37.15
36.70
35.74
34.95
34.01
33.24
32.55
34.01
34.20
34.58
34.45
35.45
34.52
34.40
33.16
33.41
32.83
32.92
32.33
31.92
32.13
33.55
33.85
33.52
33.03
32.88
32.11
32.43
32.64
33.09
33.10
32.76
32.66
32.49
31.98
31.71
31.50
30.90
31.93
33.14
33.27
35.42
35.62
35.77
36.20
36.00
34.95
34.85
34.21
33.92
33.15
32.86
34.30
34.63
34.76
35.75
35.12
34.29
34.05
34.42
34.60
35.45
36.27
36.35
36.25
36.11
37.40
36.55
36.00
36.88
37.33
37.42
37.00
37.27
38.07
38.41
38.68
38.22
38.52
39.50
40.16
40.37
40.28
40.61
39.55
39.19
39.15
39.55
39.80
39.26
40.72
40.61
40.41
41.99
41.90
42.45
43.21
43.00
42.56
42.70
42.93
43.22
42.91
43.64
43.76
43.36
42.91
42.74
41.85
42.00
42.41
42.14
42.22
41.81
41.04
41.90
41.81
42.91
43.33
43.67
42.83
43.32
44.87
45.01
44.78
44.44
44.93
44.26
43.91
44.25
44.21
43.98
44.92
44.32
44.30
44.00
43.30
42.72
42.37
42.36
43.45
44.00
43.51
44.26
44.48
44.73
45.23
45.35
45.28
45.30
45.47
45.19
44.95
44.33
44.29
43.98
44.69
44.78
45.13
45.33
45.11
45.20
45.22
44.90
45.25
44.57
44.64
44.69
45.14
45.47
46.75
46.43
46.57
45.86
45.60
44.73
44.96
44.79
45.12
45.75
46.49
46.27
46.02
46.25
46.61
47.28
47.88
48.01
47.76
48.04
47.59
47.69
48.21
46.97
46.70
47.07
46.60
46.46
47.05
46.45
46.64
46.79
46.75
46.82
46.86
46.43
45.84
45.13
45.27
45.60
45.08
43.53
43.85
44.27
44.25
44.35
44.74
45.27
45.36
45.59
45.82
45.63
45.83
45.68
45.45
45.56
45.58
44.98
45.05
44.95
45.29
45.22
44.80
45.40
46.88
47.15
47.30
47.62
47.77
47.85
48.12
47.89
47.73
47.82
47.93
48.08
47.80
47.80
47.59
47.43
47.95
48.65
49.60
49.75
49.75
49.97
49.54
49.53
50.43
49.57
50.17
50.74
51.88
52.10
52.00
51.89
52.02
52.85
52.54
52.49
53.01
53.01
53.37
53.31
53.29
53.02
52.70
52.71
53.05
53.21
53.22
53.35
53.35
53.18
53.29
52.77
52.78
53.05
52.17
51.52
51.39
50.90
50.12
50.80
50.85
51.06
50.07
50.15
49.66
49.64
49.81
50.23
51.10
51.54
51.68
52.20
52.23
52.26
52.25
51.90
52.00
51.32
49.45
48.90
49.53
50.01
49.50
49.01
49.53
50.20
49.89
50.11
49.04
48.73
48.81
48.98
49.20
49.20
48.68
48.41
47.50
47.95
47.32
47.89
48.42
48.20
48.72
48.71
48.85
49.33
49.66
49.51
49.90
50.49
50.47
50.25
50.51
50.56
50.90
51.10
51.15
51.11
51.17
50.80
51.01
51.16
51.20
51.45
51.45
51.14
50.95
50.75
50.90
50.92
50.90
50.80
50.98
51.08
50.76
50.85
50.20
49.80
49.42
49.22
48.87
48.76
48.63
48.30
48.22
48.34
47.70
47.91
47.95
49.10
49.24
49.85
49.92
49.62
49.76
49.59
49.50
49.27
49.30
49.45
49.85
49.45
49.29
49.30
49.52
49.61
49.56
49.63
49.69
49.56
49.56
49.90
49.97
49.63
49.55
49.85
49.99
50.26
50.49
50.80
50.70
50.80
51.27
51.02
50.86
50.76
51.09
51.03
51.22
50.77
50.82
50.81
50.58
50.71
50.75
51.28
51.32
51.85
52.50
52.74
53.02
52.09
52.27
52.12
52.01
51.55
51.89
52.00
52.07
51.70
51.80
51.70
50.86
51.24
51.60
52.41
52.51
52.77
52.78
54.01
54.03
54.75
54.63
54.63
54.38
54.90
55.31
55.54
55.67
55.90
55.82
55.46
55.35
55.85
55.98
56.02
55.73
55.61
55.75
56.07
55.72
55.90
55.31
55.48
54.84
54.82
54.45
55.40
55.67
55.74
55.76
55.79
55.83
56.29
56.29
56.21
56.10
56.11
56.15
56.17
55.80
54.86
54.36
53.80
53.54
53.62
53.26
52.85
52.85
52.69
52.53
52.96
52.31
51.81
51.59
52.61
52.62
52.56
52.27
53.17
55.25
55.54
55.19
55.34
55.32
55.02
54.65
54.38
54.87
54.40
54.41
54.17
54.50
54.06
53.68
53.71
53.85
54.22
53.95
53.92
54.15
54.60
54.92
54.79
54.35
53.65
53.25
53.15
53.51
53.41
52.50
52.27
52.30
52.02
51.11
50.01
50.25
50.36
50.76
50.85
51.21
50.85
50.62
50.93
51.35
51.46
51.38
51.05
50.85
51.81
51.10
50.58
50.67
50.50
50.03
49.57
49.51
50.03
50.30
51.50
51.44
51.51
52.53
52.65
52.74
52.80
52.92
52.55
52.35
51.91
52.04
51.50
51.59
51.78
52.75
52.81
52.45
52.90
52.60
52.42
52.52
52.79
53.31
53.64
53.84
53.93
53.90
54.01
54.41
54.18
54.30
54.42
54.71
54.68
54.80
54.76
54.44
54.48
54.67
53.52
53.09
53.27
53.37
53.48
53.14
53.37
53.15
53.23
52.30
53.20
53.70
53.69
53.62
53.47
53.41
53.00
52.90
53.14
53.74
54.16
54.56
54.15
54.10
55.03
54.98
54.82
54.90
54.99
55.25
55.71
55.54
55.43
56.05
56.37
56.18
56.24
56.00
55.87
55.64
55.89
56.07
55.95
55.44
54.96
54.94
54.72
55.05
54.65
54.79
55.17
55.47
56.77
57.18
57.32
58.08
57.73
56.85
57.04
57.72
58.62
58.50
56.88
56.30
56.56
56.82
56.52
56.30
56.46
57.01
50.41
49.85
49.63
49.79
49.77
48.98
49.00
47.84
47.56
47.70
47.58
47.62
47.51
47.01
46.59
47.67
49.00
49.25
48.81
48.76
49.65
49.08
49.22
49.58
49.06
49.47
49.13
49.05
49.20
49.49
50.20
50.57
48.21
49.39
48.92
49.97
50.62
51.75
52.42
52.41
52.08
51.38
51.80
51.57
51.23
51.44
50.98
50.60
50.67
50.78
50.40
50.65
51.12
51.56
51.27
51.15
51.92
51.96
52.24
51.19
51.04
51.01
50.78
51.05
51.81
51.90
52.28
52.82
53.51
53.42
53.25
53.40
52.83
52.60
52.48
51.28
51.38
51.81
52.50
52.95
53.05
52.52
52.25
52.32
52.32
52.28
51.80
52.02
51.65
52.77
52.72
52.94
53.15
53.56
53.82
54.10
53.83
53.95
54.18
54.51
54.60
53.88
53.77
53.75
53.55
53.64
53.43
53.42
53.09
53.10
53.55
53.73
53.80
53.95
54.28
54.08
53.48
53.28
52.75
52.69
52.93
52.54
52.46
51.96
51.76
52.35
52.19
52.86
52.03
51.65
51.53
51.11
51.10
51.00
50.92
50.92
51.76
51.86
52.17
51.50
51.18
51.48
51.93
53.61
52.68
52.46
52.24
52.18
52.96
53.56
53.43
53.35
52.57
52.41
52.70
52.85
51.90
51.90
52.00
51.33
52.15
52.30
53.42
54.16
53.68
53.74
54.18
54.24
53.49
52.84
53.29
52.61
52.99
52.72
52.18
52.10
52.78
52.75
52.12
52.18
52.64
52.50
52.40
52.60
52.30
52.00
52.41
53.22
53.24
52.35
52.42
51.82
52.09
51.90
52.10
51.20
50.67
51.20
50.40
50.91
51.79
50.40
49.73
50.32
50.90
51.26
51.64
51.87
51.50
51.57
51.40
52.00
51.91
51.97
52.02
51.62
51.19
51.74
52.12
52.75
52.75
53.11
52.83
52.88
52.95
53.00
52.68
52.79
52.30
52.38
52.30
52.47
52.10
52.24
52.07
51.49
52.35
52.41
52.60
53.25
53.48
53.22
53.19
53.50
54.01
54.00
53.86
54.66
55.48
55.62
55.55
55.00
55.19
55.66
56.12
56.19
56.14
56.74
57.09
57.42
57.64
57.63
57.47
57.70
57.58
57.68
56.28
56.52
56.71
56.85
57.09
57.23
57.46
57.60
57.20
57.00
57.26
58.16
58.60
58.75
58.67
58.83
58.79
59.28
59.29
59.44
59.35
59.25
59.35
59.55
58.62
58.44
58.50
58.21
58.00
58.70
59.28
59.26
59.05
59.04
59.04
58.59
59.46
59.94
61.60
61.70
61.20
61.11
60.82
60.56
60.82
61.19
61.05
60.58
60.05
59.79
58.90
58.35
59.00
58.71
59.06
58.76
58.68
59.00
58.50
58.04
57.14
57.15
57.65
57.69
57.45
57.50
57.65
57.75
57.91
58.00
57.91
57.59
58.06
58.06
57.31
56.21
56.82
57.35
58.52
58.54
58.08
58.25
57.94
57.77
57.10
54.50
56.00
55.15
55.33
54.90
55.21
55.33
56.12
56.55
55.64
54.71
53.91
55.50
54.95
55.61
55.92
55.66
56.84
57.27
56.69
56.38
55.61
55.84
55.73
55.34
55.72
55.99
55.73
55.67
56.10
55.99
55.55
56.61
57.47
57.87
58.04
57.89
59.70
60.70
60.55
60.52
61.40
61.72
60.63
60.40
61.41
62.50
63.11
62.96
62.65
62.82
62.24
62.30
62.35
62.42
63.22
63.40
63.75
63.86
63.94
63.69
63.93
63.55
63.75
63.80
64.66
64.67
64.73
64.57
63.51
62.61
62.02
62.42
62.06
62.19
62.80
63.29
63.03
62.79
62.04
60.70
61.67
61.35
61.29
60.58
60.75
60.37
60.96
61.59
61.33
60.88
61.39
60.24
59.73
60.28
62.15
61.86
63.10
64.03
65.18
64.31
64.31
60.90
60.68
58.89
58.54
58.50
58.38
57.88
59.61
57.47
55.50
58.95
60.56
59.94
58.44
59.30
57.21
56.72
55.59
57.61
57.99
58.44
58.32
59.62
59.72
59.90
57.35
57.01
57.18
57.73
58.18
59.02
58.61
57.43
57.32
58.43
58.92
59.51
58.00
57.53
58.00
60.39
59.79
58.87
58.25
57.90
58.63
58.90
59.05
58.98
60.31
59.71
59.62
60.20
60.57
60.50
61.36
61.90
61.76
60.92
59.99
59.08
58.38
57.06
55.60
57.35
56.78
57.97
59.45
60.01
60.22
59.39
58.21
56.75
56.78
57.12
55.24
54.07
55.06
56.00
56.35
58.76
57.72
57.92
56.61
54.81
54.22
54.59
53.53
53.36
56.01
55.70
57.86
57.74
56.95
56.60
57.54
56.21
56.78
54.41
52.94
51.62
51.96
51.62
51.57
50.85
50.37
51.20
51.91
52.72
51.02
50.73
50.62
50.79
50.20
48.71
48.59
47.76
47.33
46.57
42.90
43.45
42.52
42.27
42.41
42.51
41.15
41.63
46.40
45.03
45.03
46.37
47.00
46.31
48.75
47.56
45.65
45.67
45.29
43.90
44.07
44.60
45.29
45.66
44.81
44.28
43.93
44.32
43.73
43.90
44.40
45.22
44.36
42.14
41.53
41.00
41.83
41.00
40.55
40.00
41.10
42.60
41.05
40.53
39.50
41.80
41.92
42.21
46.25
46.81
45.26
44.47
43.05
42.89
44.90
46.25
45.84
45.80
46.30
46.00
45.03
44.18
43.24
42.11
42.65
42.90
43.18
45.20
44.93
43.84
43.86
43.60
45.78
47.29
47.47
47.64
48.22
50.01
50.06
49.20
48.42
47.72
47.80
48.90
48.62
49.01
48.86
48.25
48.31
46.93
45.21
45.41
45.05
45.19
45.29
45.77
46.19
44.35
43.77
44.83
45.75
44.52
43.66
43.55
42.50
42.77
43.31
43.85
42.70
41.59
41.22
41.11
40.56
40.57
40.72
38.80
37.94
37.61
37.77
39.50
39.62
38.40
39.03
38.67
38.06
37.34
37.40
35.55
36.97
39.36
40.50
40.53
36.00
37.29
36.10
36.20
35.15
35.10
36.62
36.70
36.00
36.13
36.99
37.50
35.93
36.06
37.50
37.68
36.26
36.51
38.46
37.58
36.18
36.36
36.50
37.65
37.62
37.50
37.59
39.21
39.39
39.80
39.80
38.33
37.72
39.50
38.13
37.68
36.94
37.64
35.45
34.16
31.68
32.95
37.54
36.42
36.36
36.61
37.42
35.35
32.55
32.99
34.13
32.00
30.50
27.36
27.89
27.00
23.33
20.50
23.69
26.70
24.01
22.01
22.61
22.87
23.75
24.22
22.93
22.07
22.97
22.34
24.75
25.50
25.60
27.16
28.61
27.58
24.55
24.30
23.50
22.00
19.75
16.55
19.66
19.18
18.49
18.50
16.93
16.55
18.48
20.30
20.65
21.79
19.37
19.44
19.96
20.55
20.18
22.37
23.08
20.46
19.95
18.33
19.06
19.00
19.20
18.50
18.59
18.14
17.84
17.92
17.62
17.51
17.70
17.91
18.40
19.00
20.01
19.83
19.40
19.17
18.55
18.41
17.70
16.74
16.33
15.58
15.74
15.75
14.72
15.01
15.56
17.31
16.63
16.29
16.07
15.91
16.17
15.37
17.12
17.32
15.81
15.83
15.03
15.58
13.95
13.40
12.74
12.17
12.09
11.44
12.33
12.37
12.02
11.00
10.99
11.08
10.14
9.71
9.86
10.81
11.18
11.09
11.93
12.60
12.09
12.51
12.95
12.12
12.86
13.34
13.23
13.82
14.14
12.74
13.00
13.08
14.59
14.52
14.65
14.85
15.03
16.34
19.01
18.27
17.50
19.66
20.21
18.80
17.80
18.51
19.35
22.63
23.85
23.51
24.29
24.91
23.58
24.35
26.42
26.18
25.73
25.75
26.00
24.51
24.00
23.58
23.90
24.28
24.79
23.82
23.21
23.30
23.05
23.43
23.26
24.00
25.35
24.27
24.16
24.54
24.87
24.55
25.95
26.12
25.25
24.83
24.50
24.59
23.61
23.68
24.07
23.21
22.41
22.59
22.50
23.53
23.61
23.08
22.97
22.27
22.16
22.56
22.00
22.66
22.60
23.41
24.01
24.81
26.66
27.23
28.18
28.64
28.52
28.62
28.09
28.11
27.10
27.38
27.94
27.80
28.35
28.24
28.13
30.92
31.98
31.97
31.15
31.17
31.30
31.16
30.09
30.77
31.14
31.67
32.50
32.60
32.50
32.48
32.92
33.80
33.47
31.89
31.68
31.78
32.11
32.75
33.27
33.40
33.75
33.66
33.48
34.69
34.92
34.43
33.66
33.85
33.42
32.84
32.60
32.93
33.95
33.14
32.42
31.69
32.64
32.88
33.22
34.06
34.34
34.89
34.76
34.57
34.20
34.52
34.98
35.26
35.07
34.76
34.26
34.68
34.79
34.42
35.03
34.58
34.63
34.80
35.80
36.02
36.91
37.50
38.77
39.75
39.36
39.31
40.30
40.65
40.95
40.57
40.49
41.29
41.01
41.45
40.45
40.77
40.97
40.53
38.81
38.79
39.11
39.02
39.00
39.88
40.20
40.59
40.51
40.89
40.27
39.97
40.52
40.61
41.07
41.28
40.87
40.60
40.34
40.49
40.39
40.37
41.17
41.11
41.40
41.25
41.25
41.57
42.02
42.02
42.11
42.26
41.53
38.19
37.50
37.52
37.83
36.83
37.36
37.82
38.45
38.19
37.47
36.60
36.78
37.02
37.00
37.48
37.47
38.65
38.82
38.74
38.59
38.78
37.82
38.02
37.05
37.76
37.86
38.10
38.18
38.20
39.10
39.61
39.35
39.32
39.43
40.43
40.07
40.45
40.70
40.48
40.28
39.83
40.82
40.85
41.20
40.91
41.00
41.07
40.83
41.36
41.74
42.30
42.03
42.06
43.54
43.94
44.33
45.22
46.02
44.18
44.63
45.52
45.50
45.18
47.66
46.81
45.61
45.52
46.41
45.80
46.12
45.45
43.93
40.16
40.50
42.57
42.55
43.18
42.72
40.06
39.80
39.26
39.14
38.56
37.36
38.93
37.60
37.96
39.03
39.55
39.05
39.00
40.18
38.20
37.61
37.13
37.97
38.67
39.33
39.87
40.18
41.19
41.45
41.67
42.03
41.84
41.12
40.94
40.94
41.81
39.75
39.58
38.42
38.91
38.74
39.02
41.41
41.93
42.25
43.26
43.27
42.34
41.25
40.46
40.76
41.00
41.76
42.57
44.73
44.30
44.20
44.00
43.74
44.78
44.41
43.59
42.89
42.49
43.37
43.09
42.85
42.05
41.72
41.28
41.47
41.12
40.90
40.06
40.17
39.24
39.14
39.46
39.56
39.87
39.47
40.34
40.06
41.22
40.04
39.76
40.07
39.99
40.65
40.16
39.80
40.58
40.65
41.56
42.66
42.15
42.21
42.68
42.74
42.96
42.78
41.98
41.55
38.68
37.33
37.92
37.77
37.59
37.90
37.90
38.74
39.01
39.03
38.75
39.15
39.36
39.62
38.96
38.88
39.14
39.62
40.86
40.91
41.35
41.84
41.46
42.25
43.61
43.36
43.19
43.04
43.01
42.39
42.64
41.49
41.41
41.89
41.97
41.86
41.60
42.34
42.27
41.87
42.62
43.69
44.25
44.42
44.55
44.74
44.80
45.29
45.75
46.14
46.08
45.80
44.54
43.86
41.25
42.80
42.62
42.57
42.61
42.55
42.62
42.44
42.40
43.11
43.20
43.91
44.45
44.00
44.01
44.80
44.83
44.75
44.90
45.80
44.80
44.71
45.51
45.45
44.19
44.45
44.02
43.42
43.28
43.23
43.33
43.15
43.18
43.88
44.62
45.20
45.35
46.24
46.26
45.90
46.27
45.68
45.15
44.07
43.01
43.03
43.08
43.30
43.11
42.75
43.43
43.21
43.53
43.91
44.63
43.77
43.68
43.22
42.58
42.19
42.86
43.69
44.10
44.14
44.46
44.72
45.13
45.51
45.34
45.72
45.11
45.20
45.15
45.10
45.52
45.71
45.94
46.24
45.82
45.82
45.60
45.86
45.27
45.81
46.76
45.62
47.02
46.77
46.93
47.25
48.31
49.35
49.60
49.40
49.24
49.82
49.93
49.94
49.74
49.22
49.30
49.17
49.75
50.55
51.10
51.05
50.44
50.48
49.79
50.13
50.70
51.07
49.87
49.48
49.04
48.43
48.68
47.93
47.91
47.33
47.62
48.04
46.96
46.92
48.08
48.15
48.71
49.11
48.50
48.30
48.37
49.41
49.30
50.17
51.57
52.23
51.82
52.74
52.56
52.11
52.38
51.88
51.30
51.02
50.54
51.19
51.61
51.92
52.04
51.43
51.15
50.41
50.44
49.54
49.28
48.50
47.53
46.75
46.46
42.78
42.03
42.73
43.00
44.62
45.02
44.53
45.11
43.65
43.78
44.40
44.16
46.23
47.20
47.04
48.32
47.63
48.82
49.31
48.11
47.13
48.69
49.10
47.14
46.13
46.99
47.24
48.61
49.45
48.22
48.76
48.18
45.84
45.58
45.86
46.75
46.45
45.43
44.87
43.47
41.30
42.59
42.66
43.27
44.45
44.77
45.99
45.91
44.98
45.02
45.00
46.01
44.69
46.86
48.32
49.24
49.42
51.06
51.41
50.59
48.91
49.74
50.05
50.51
50.28
50.70
49.05
48.73
49.72
49.04
49.02
48.01
46.36
46.38
45.50
45.53
44.95
44.70
45.55
45.49
46.80
47.38
48.14
48.36
48.42
47.67
47.63
48.14
47.41
46.94
46.81
46.34
46.64
45.89
46.63
47.23
47.29
47.36
47.60
46.84
46.99
47.16
48.14
47.40
47.70
48.05
48.12
48.28
48.20
48.95
48.82
49.59
49.95
50.46
48.84
49.24
48.90
49.25
49.72
49.67
48.90
49.17
50.27
50.60
51.78
51.36
51.53
51.42
51.83
51.53
51.85
51.50
51.38
51.50
52.68
52.53
52.71
52.46
52.79
52.62
53.07
52.57
52.93
52.83
52.31
51.54
51.76
52.49
52.81
52.51
52.75
54.46
55.66
56.43
56.41
56.53
56.91
56.45
56.87
57.60
58.21
58.38
57.24
57.54
57.47
57.75
57.21
57.21
56.82
56.14
56.65
56.73
57.18
57.06
57.65
57.95
57.10
57.18
56.50
57.09
57.83
58.75
59.83
59.75
59.67
60.33
60.38
60.04
59.91
59.16
58.93
59.27
59.00
58.38
57.78
57.35
55.62
55.05
55.56
56.04
54.80
55.69
55.62
55.94
55.28
55.02
53.18
53.20
53.24
54.23
55.11
54.84
55.05
55.00
54.87
54.47
55.11
55.55
56.07
56.91
56.22
56.41
55.78
55.60
56.28
55.68
57.63
58.36
58.55
58.72
58.38
58.01
58.13
57.46
56.56
56.96
57.70
57.67
58.12
55.31
55.62
54.35
55.05
55.30
56.61
57.44
58.20
57.22
56.75
55.89
57.00
57.08
57.37
57.36
56.29
55.40
55.37
55.95
55.95
56.66
57.08
56.63
56.46
56.38
56.36
56.30
57.20
56.96
57.18
56.62
57.05
57.96
57.01
57.23
57.07
57.47
56.80
57.02
57.25
58.85
59.02
58.57
58.52
58.04
57.86
57.41
57.10
56.06
56.05
56.15
57.18
56.96
56.85
57.63
58.18
58.34
58.11
57.76
58.15
57.46
57.32
57.89
58.66
57.38
56.51
56.22
55.36
55.08
54.95
55.33
55.37
55.99
56.62
55.85
56.47
55.27
55.50
55.52
55.33
54.71
53.47
53.02
53.58
54.68
54.92
55.80
56.09
55.47
54.35
54.16
55.52
55.71
55.93
55.47
55.75
55.88
56.20
56.42
56.92
57.18
57.50
56.51
56.79
57.61
56.74
56.82
56.36
57.44
57.06
55.88
56.37
56.24
58.31
58.63
58.46
59.28
59.53
60.15
60.09
60.31
60.71
60.03
60.48
60.58
58.90
59.01
58.80
59.01
59.19
58.70
58.95
59.16
58.81
59.30
59.21
59.68
59.93
60.55
61.48
61.36
61.95
61.89
61.83
61.43
61.67
61.87
61.14
61.79
61.99
61.55
61.63
61.88
61.51
62.04
63.06
64.35
64.14
63.67
64.71
65.06
65.12
65.29
65.34
64.76
64.80
65.45
65.25
65.54
65.82
66.37
66.60
67.00
67.01
67.10
66.04
66.30
64.77
65.13
65.15
65.36
65.20
65.18
64.09
64.27
63.43
63.64
65.33
66.25
66.64
67.04
67.64
67.57
67.61
67.60
68.16
68.37
69.90
69.95
69.96
69.57
69.71
69.65
69.34
69.85
71.33
72.13
72.26
73.22
74.40
74.28
73.61
73.98
75.89
75.39
75.92
75.71
75.63
75.96
74.64
74.64
76.45
77.69
76.50
74.68
73.79
72.72
73.39
74.03
74.19
72.81
72.37
71.68
72.56
73.33
74.38
74.33
75.43
74.30
73.91
75.12
76.85
77.08
75.94
76.56
77.29
77.50
77.75
74.62
73.86
73.47
74.21
74.36
74.75
75.03
74.41
74.33
74.83
73.47
74.51
75.00
75.21
75.47
74.85
75.48
75.01
74.89
74.89
75.75
74.62
74.65
74.30
73.80
73.25
73.40
73.13
73.43
71.77
71.54
71.58
71.47
72.14
72.23
72.89
72.40
73.15
74.00
74.40
74.97
75.07
75.44
75.60
76.54
77.15
77.15
76.13
75.96
75.62
75.78
75.43
74.64
75.45
74.17
73.30
73.61
72.90
72.13
72.08
73.01
74.41
75.10
75.23
75.45
77.80
79.31
80.31
80.43
80.01
80.45
80.76
82.03
82.93
82.80
81.69
81.79
81.75
81.09
81.82
80.88
81.08
81.19
80.58
80.22
81.35
82.37
82.16
82.27
81.96
82.57
83.37
84.08
84.70
84.98
85.51
85.16
84.20
83.76
84.15
85.35
85.35
85.08
83.81
83.21
83.23
83.96
83.99
83.55
85.91
86.44
87.94
88.19
88.76
88.82
89.14
89.52
89.38
88.63
89.38
89.01
88.66
88.07
88.10
86.88
86.07
87.08
87.26
90.55
89.64
90.62
88.68
86.66
85.71
85.60
85.43
86.07
84.91
82.77
82.63
82.95
84.32
85.78
87.50
88.17
88.40
88.01
88.26
88.29
88.75
88.12
88.56
88.79
89.15
89.21
89.51
90.09
89.16
91.03
91.91
92.36
93.36
93.14
93.03
91.90
90.41
89.64
90.49
91.13
90.28
90.23
91.36
90.29
90.63
89.63
89.27
90.00
89.88
90.21
90.13
90.40
89.07
86.55
85.58
86.64
85.30
83.99
84.04
84.32
86.48
85.10
86.16
86.43
86.67
86.91
86.62
85.85
87.19
86.96
86.33
86.41
85.75
86.08
86.11
87.66
88.13
89.32
89.04
88.31
87.11
86.90
87.11
86.86
87.38
87.55
88.00
89.35
90.63
90.53
90.89
91.43
91.27
91.33
91.53
92.82
94.65
94.68
94.64
94.36
94.38
93.84
94.01
94.08
94.53
95.03
94.79
94.25
94.20
93.54
94.13
94.55
95.28
95.06
95.22
95.12
93.57
94.41
93.16
93.75
94.43
94.00
94.27
92.91
93.10
92.38
93.22
92.82
92.85
91.58
90.90
91.51
90.04
87.99
85.75
86.45
85.89
86.00
85.89
85.91
86.94
86.70
87.16
87.10
86.23
86.98
87.45
87.90
88.59
88.83
89.32
89.08
88.99
88.61
89.09
89.28
90.00
89.42
89.02
88.62
87.75
88.01
87.88
87.44
87.11
86.88
88.33
89.31
89.42
88.90
88.23
87.87
86.76
86.95
87.14
87.35
85.51
85.06
86.22
86.76
85.33
85.00
85.82
84.99
82.61
82.51
78.41
78.81
80.90
82.63
84.44
83.93
84.87
85.59
85.76
86.96
87.65
88.20
89.37
90.22
90.50
91.76
91.11
91.23
91.85
91.49
91.10
90.94
90.35
89.65
90.03
90.02
89.82
