1.74042443064
-3.00641025641
-5.11630904053
-3.6858974359
-4.4263322884
1.97941409343
4.74016382436
2.49653259362
2.84132111543
4.93421052632
-4.30609925496
-6.76682316119
-7.07622437707
-4.14533965245
-7.73899848255
-6.28402366864
-2.70418417687
0.036836935167
-1.97596630327
1.42206353115
3.68098159509
4.87353091467
5.42394822006
5.17263843648
5.48051948052
2.43197385785
1.76807072283
4.43423009328
11.0307414105
10.6878458995
15.2030695721
18.3384615385
18.5891783567
4.23735203197
3.68134734332
1.94095940959
-2.6654687032
-6.5543071161
2.61508704062
6.1797752809
10.3869653768
8.80651731161
5.37532559792
2.12547408344
-1.60386172532
-7.62341962673
-14.6086956522
-11.7941934136
-10.8732394366
-11.9550315328
-10.0642978003
-7.85256410256
-7.71059564351
-5.64784053156
-4.34098360656
-2.55886038383
4.69798657718
4.49174164093
-3.2154340836
3.74149659864
4.93425605536
5.67375886525
7.10484682871
8.59696906209
1.24664233074
-4.14593698176
-3.42465753425
3.77611940299
6.85820895522
3.75160783193
8.06451612903
2.0979020979
-10.7023857124
-15.1898734177
-9.50009700576
-10.0
-4.34782608696
-0.871977804201
6.71349452924
8.89436619718
7.08117443869
1.9573075087
-0.447191897935
0.0405405405405
-0.962477332961
192.424242424
191.800995025
191.358497797
189.458243693
181.468394189
-4.45859872611
-0.119260584377
5.15817046141
0.748768472906
1.88
5.99427168576
2.54790052996
-1.97511356903
-6.01851851852
-7.2011878248
-13.4867256637
-11.8101743663
-6.24074074074
-4.32317505315
-2.03636363636
4.99907080468
3.671263511
-0.917431192661
-0.546255506608
-0.900900900901
4.4854368932
0.299065420561
0.925925925926
7.82823484705
3.85479041916
-3.9716576543
-4.78732870618
-0.350618195239
-1.16431924883
1.79047619048
2.87742183004
7.27376861397
3.95165931326
2.52214093184
-2.32558139535
-5.01093294461
-3.1076581576
-5.21818181818
-5.66654558663
-4.96817538897
-2.53951340792
-2.04747236818
-0.108972030512
-3.19971870605
-4.54008438819
-1.31440588854
-1.23478883321
-1.02462699982
-2.45240953524
5.80357142857
0.652672429
-1.86160871092
-3.04984315092
0.534482758621
-6.370172212
-2.77825415881
-3.08085106383
-3.77326848902
-1.07453522088
0.100418410042
-2.81666666667
-0.743368812299
4.04815913453
0.222222222222
2.13675213675
1.47133434805
2.15740421125
0.0
3.53982300885
3.42998585573
-1.25250501002
-2.21097046414
-2.76552426196
-4.2697390715
-3.21697467488
0.217573221757
-1.25
-0.623840836284
-2.65545109682
-5.45219220191
-2.65558813946
-2.13668243353
-2.46669955599
2.22559433485
6.56896551724
2.62497910048
5.70689655172
4.39484978541
0.953191489362
-3.33333333333
0.419744795165
-1.27659574468
-4.41417787988
-3.29218106996
-4.7619047619
-3.15447154472
-3.49868593955
-0.0983606557377
4.8498446669
11.2484548826
10.8108108108
11.9529238691
17.5790285274
7.4156470152
1.57847533632
3.25581395349
0.239631336406
-7.45629682483
-3.78166250446
2.51930856933
-5.91633117451
-5.45486232137
2.9757531227
0.447948396345
-6.94729637235
-4.78333333333
-1.71291538198
-5.53531146972
-6.40617139024
-3.61207323107
-1.54250082048
0.655172413793
-1.0643776824
4.50403084472
8.50035790981
6.3339731286
0.537354827526
0.865800865801
1.78380306814
6.17518525556
7.62441314554
11.3491603937
12.3978201635
5.77358490566
-4.53473607836
-6.48050579557
-5.69712413542
-5.29032258065
1.92307692308
2.09259259259
5.93488372093
2.80688622754
-1.02171136654
-7.96460176991
-3.8974906567
-4.86725663717
-3.6075036075
0.329489291598
-0.440528634361
2.27520931926
9.8367029549
5.47945205479
2.70727580372
6.57276995305
3.29009212258
-4.74074074074
-4.33199854387
2.28846153846
-4.80872363246
-1.84535892231
4.73235065943
12.259910094
10.7797187899
19.81152281
13.178780284
7.5511055486
1.30407783068
-5.05663430421
-5.92383638928
-1.54225786552
6.53333333333
3.89247311828
6.8972972973
7.00733074601
4.28908428051
-5.4820415879
-2.94301815905
-1.80467091295
-2.33733417562
-3.07628351694
-1.6525511258
1.95786337519
1.57429372439
0.828025477707
2.29640654901
0.623570983164
0.448909790509
-0.578902229846
0.512163892446
-0.402371876324
4.63244889082
6.3907209461
4.80898876404
4.36525612472
4.46902654867
1.18838028169
0.205104831358
3.48837209302
2.62857142857
4.4121044121
5.69899976739
-0.723981900452
-3.21854602746
2.38708167564
7.15346534653
3.26687484987
14.8648648649
11.6331658291
11.917234154
4.23116615067
11.6984169573
9.97427836525
14.6974063401
3.75
2.59396506088
-6.0025220681
-10.3050499872
-10.9342915811
-10.8958837772
-4.86023671619
4.36957093972
7.76243093923
1.69668493866
12.5034050667
6.94855911662
-0.471574534975
-5.85175552666
-2.24547078336
-4.72359200623
-4.74602360185
-10.3569751057
-10.4981378026
-5.56626506024
-4.88768205381
-4.34355828221
3.60097323601
2.52983293556
-5.12117055327
-4.54759660697
-3.55029585799
-4.94912118409
-1.31888836552
-0.250855188141
-1.82743465186
2.30024213075
3.94230769231
-0.887021475257
3.73787556186
1.93350624853
-1.29063097514
-6.09480812641
-3.4265103697
-3.27231121281
-5.7346076906
-9.14223669924
-0.89485458613
-0.538116591928
0.853911839372
6.08347087951
8.94251242016
6.12535612536
5.23831996225
1.38043986898
-0.446009389671
0.931232091691
2.33236151603
3.39107099293
3.21178459309
1.91387559809
0.867052023121
3.49509680664
5.2645095018
7.44680851064
8.17805383023
5.22047643183
-1.55940594059
-4.44171779141
-3.36008024072
-0.923076923077
3.16339869281
2.35621991386
5.02577319588
0.936471779296
-2.35353029544
-3.14003545201
3.10867293626
1.57068062827
6.78378378378
6.99169568711
2.51817237799
-2.74390243902
-0.417101147028
-4.5899948427
-0.453333333333
1.36842105263
3.63349131122
0.603199580383
2.59259259259
-1.47136100893
-1.98607170493
-3.82375284882
-3.95465994962
-6.27324572279
-8.26705230176
-6.3978754225
-2.37330037083
-0.201106083459
0.398307194424
4.27243025886
4.04420999749
1.50564617315
-0.45045045045
1.9801980198
2.92291774444
4.35124508519
6.26666666667
4.74442988204
7.62295081967
3.84098845017
1.22048288671
-1.85815231615
0.315540362871
-1.10780870035
0.621621621622
4.84005563282
4.914881933
4.33470507545
0.76231962973
4.87528344671
3.90173410405
4.02742073693
20.4958677686
34.1490138787
35.6923076923
32.0610687023
36.7044123389
9.96001454017
1.670998886
-4.69208211144
-4.58849235251
-11.8719889883
-6.36487406399
-7.13793103448
-8.88443553774
-4.91689750693
4.56998920475
7.06997084548
0.0
1.42276422764
-3.73333333333
-7.33577859286
-11.1686629977
-7.3482428115
-1.76372712146
-0.299102691924
2.28512960437
1.87994722955
3.43688037013
0.200066688896
-1.89109879361
-4.55729166667
1.26920507682
2.50677506775
1.90282025144
3.12710154674
2.60521042084
-1.41587092526
-3.40314136126
-7.10227272727
-8.20987654321
-8.46835830021
-5.35992521035
-4.94556765163
-5.23481902483
-5.78656586217
-1.26773317235
-6.16959064327
-4.45765230312
-0.208955223881
0.0581902822229
-5.66628701595
-1.0989010989
0.0
0.540216086435
4.43634153753
9.27193528314
3.68815592204
-2.77376480786
-5.23321956769
-5.15850144092
-5.47058823529
-2.65615878576
3.56074207062
7.8527607362
7.56354618723
2.5641025641
2.63630916717
-3.41040462428
-2.83159463487
-4.55621301775
-3.23992994746
-3.80403458213
-1.14285714286
-6.93481276006
-5.29560100869
-4.51505016722
-4.80109739369
-7.21102863203
-4.12234042553
-3.67071524966
-3.41857335128
-3.49483717236
0.801710315339
3.72413793103
-1.85430463576
1.39192139738
1.64155005382
1.08049702863
-2.63228579103
3.56652949246
-0.299319727891
0.459583671262
2.01157343621
8.10104529617
3.25779036827
2.51046025105
5.38461538462
8.58767205266
-0.173913043478
7.29483282675
8.47201210287
3.69276218612
-0.298329355609
4.57714458927
-3.26374595707
-4.42452284558
0.504750593824
0.812030075188
-2.51182033097
1.76540993417
2.76374442793
-3.88127853881
-5.64699205448
-5.39558289069
-8.31275720165
-9.80970249263
-11.0208227527
-9.75672215109
-10.3957915832
-7.74487471526
-7.80825302693
-5.22262334537
-4.96471160866
-1.35903138127
-2.70869244029
-3.98576512456
-0.953516090584
-3.38584528568
-3.27437858509
-0.99951243296
2.55474452555
3.88806339772
4.75369458128
1.57805292547
0.146484375
2.26424483702
1.30456598093
2.73279352227
2.5902864259
0.638820638821
-1.10728346457
-3.322823187
-4.54106280193
-0.049788399303
0.667820925056
1.19521912351
-0.314313346228
0.607533414338
-5.23708421798
-6.90766751094
-5.72769953052
-3.45471521942
-3.31296992481
-0.516310725182
3.28180737218
3.90243902439
4.46232626189
1.96454240537
0.923732828044
0.501912045889
-0.267574799319
0.860796851943
-2.24824355972
-0.023679848449
0.819277108434
-4.39534883721
-8.60867610699
-4.83619344774
-5.10112359551
-6.0873500792
-0.692840646651
5.20217545519
5.82547169811
3.7054299697
3.90312720433
3.886756238
-0.165250236072
0.355029585799
0.940955069395
3.504502312
3.96607632826
3.29188002926
4.6828543112
8.55464759959
3.6840777189
3.51148980119
10.4200323102
12.3608017817
8.89877641824
3.74345549738
0.0775193798449
-2.21169036335
-3.98289227479
-3.59249329759
2.96495956873
6.55286343612
6.47603027754
0.88996763754
2.69823788546
-0.0269469145783
-1.38474070052
-1.43686101133
-0.722891566265
-1.83783783784
2.62721238938
5.74217628481
3.31144733086
6.77530017153
9.98810939358
6.72963400236
2.41105557189
4.47360572622
10.5213270142
16.1201242665
18.2135380321
11.7647058824
10.8063450099
4.90553529997
-13.4965661391
-15.5070754717
-13.6982416336
-11.9324796275
-8.63113264688
10.3096179183
6.0
6.62231629876
-1.96861626248
-8.15020862309
-14.4306651635
-8.12517944301
-9.07341215287
-6.4085447263
-2.3097826087
-5.71352644167
-4.62760131435
-1.78233864434
-1.93768002095
-1.44617032673
-1.1038107753
-1.53680237261
2.17991169978
5.9950041632
3.54963948974
14.1271745651
7.50724637681
6.24450307828
3.83285302594
3.44234079174
-4.74285714286
-0.833572865766
0.797872340426
1.49166422931
0.0574052812859
5.26315789474
7.17806531115
7.25832012678
7.58338577722
11.4166933163
7.39664082687
2.39747634069
-4.07418668288
0.952986022872
0.288646568313
-5.37897310513
1.60256410256
9.77970627503
10.3399929898
17.2180451128
15.2112676056
14.1602634468
2.25255972696
-7.58017492711
-14.4694533762
-15.7769869514
-15.1242236025
-14.0762463343
-8.66863905325
-9.69802555168
-1.2012891884
-4.45103857567
4.72972972973
2.02233625113
0.554744525547
-2.29029487547
-6.72571270412
-10.4756667583
-8.60689655172
-8.73967492673
-4.56284153005
-1.9006244909
2.45070422535
1.96905766526
6.77098150782
4.39247005134
4.63068181818
-3.92422192152
-5.57768924303
-4.32770821992
-5.90445517982
-8.66632070576
-6.21827411168
-4.70766894457
-6.70391061453
-1.71458718016
-1.53295861012
1.20729514513
2.3045054376
3.60431465404
0.344097406035
4.76445396146
3.53723404255
5.51912568306
2.98022216202
3.05510092744
1.93724420191
4.61880912632
-0.597501357958
0.326175591193
1.72031076582
2.11758149902
-2.91734197731
-0.24383635871
0.905101481075
-1.09769484083
0.588565022422
3.8137969714
4.41301272984
-0.572675211344
-0.978260869565
-6.327119979
-5.10910058542
-5.22788203753
-3.72801260173
-3.61445783133
-1.16761805916
-2.21181368722
-0.982213963366
1.9266791544
3.38478202004
7.20445062587
9.5496009122
6.80464984406
10.8902077151
10.5026929982
2.65562535694
-0.227531285552
1.58410138249
-5.1505769772
-6.38655462185
0.922190201729
1.47186147186
2.84360189573
5.30527563723
6.34495084897
4.61260174857
6.61538461538
3.71735791091
1.77978883861
-2.12827988338
-3.15328467153
-3.4749034749
-3.26894502229
0.515463917526
3.75075620085
4.64405743966
1.78355501814
0.208457415128
-0.542822677925
0.915750915751
-1.23717561859
1.62826420891
1.54218324766
4.01505646173
3.7037037037
5.23975865354
-1.48305084746
-1.22461170848
-10.6001121705
-12.3960066556
-13.2506887052
-9.9727520436
-11.5689381933
-1.89821182944
2.2688598979
3.18362706083
6.59308742376
10.6370543542
9.38910622931
4.87804878049
1.26655152562
-0.720876585928
-3.55129650507
-7.10092256081
-4.56996877661
0.988372093023
-0.544880986521
2.48411322935
0.449311991014
-4.52574525745
-5.36451169188
-5.96008629989
-5.0726624623
-6.01741884402
-1.65245202559
-1.88933873144
1.06295993459
-2.72072552681
0.424065730188
-0.898045430534
-1.85430463576
-4.60218408736
-2.14043330723
-3.50383631714
-2.94796206101
-1.35876665796
-3.36683417085
-5.22018802573
-2.9776674938
-3.46448898787
-6.63576482069
-2.01870999508
1.83925422021
1.61371659102
0.798204040908
2.60325406758
1.57539384846
-2.52946954813
-4.73216430459
-2.29100658055
-4.10465674508
-5.63945257197
-3.84887839433
-4.21076852278
-5.67816091954
-3.52014821677
-0.911854103343
-1.74013921114
-0.435280641466
-0.32080659945
-0.575638959245
-4.08163265306
-2.06771188366
-0.592120245958
1.39405204461
1.16468669928
5.83906954664
3.47989654362
3.39062867907
1.05658605306
1.20226308345
0.765367137049
1.47936053448
0.425632537243
0.757038088479
-2.63943080101
-5.4500226142
-4.33690938142
-2.31000231
-3.84440400364
-4.03083700441
-2.03810367745
-3.79885814668
-3.41365461847
-3.46947738252
2.114260009
0.826446280992
1.92479856759
0.945945945946
-0.131578947368
-1.22195067763
-0.178372352285
0.744081172492
0.520715417704
5.02072777522
3.06846805587
5.65371024735
1.83696900115
-0.158227848101
-2.16313654799
-0.930127041742
-5.4565701559
-2.76847510605
-2.87596048299
-2.46153846154
-3.33333333333
-1.94365582005
-1.49549153288
-0.827345961245
0.176133861735
1.04143585198
2.78338945006
2.24870699348
2.18020022247
0.821309655938
-0.987275120667
-2.43101182654
-2.24225104419
-0.553097345133
-1.42231947484
0.0438981562774
1.35405105438
0.132071318512
0.668151447661
2.37455197133
0.685082872928
-0.661521499449
-3.5046728972
-4.56960680128
-4.2471042471
-3.74388427994
-1.19825708061
3.22297741723
4.88185465894
2.2817025011
4.327563249
-0.34737299175
-1.21290881525
-3.69257191928
-2.06274172755
-3.73851741081
-0.988822012038
-1.99533007854
-1.95748263523
-3.36378737542
-4.48887982044
-3.68530020704
-2.62505167425
-0.689799331104
0.500834724541
1.26033057851
2.67857142857
1.5746378333
0.461990760185
2.50267379679
1.80900294489
-0.65469904963
2.38607050731
1.47027487748
-1.01630319712
0.891341256367
0.0845487212006
-1.79438463162
0.924731182796
2.49565972222
3.60598065084
2.80312907432
3.42794759825
2.58107213766
4.89414978375
2.24820143885
2.54010695187
3.15315315315
0.957683741648
-2.70210409745
-1.9184123484
-1.85873605948
-2.86589367753
-2.49728555917
-1.4192139738
-1.39160687106
-0.738007380074
0.461538461538
-0.216684723727
0.218818380744
1.77030316442
1.81215469613
0.663716814159
1.85389538733
0.949856417053
0.422222222222
-3.24994654693
-4.25757254819
-4.48988195616
-5.05453020134
-6.01503759398
-2.21618231236
-2.65979381443
-1.76019879892
-1.1403690649
0.272251308901
-0.705833506332
0.518134715026
-0.206654267411
-0.0414507772021
-0.292336604719
0.985324947589
0.793816586589
-0.738461538462
-2.87842190016
-4.0472851132
-5.05573248408
-5.01984126984
-2.5
-0.560448358687
-2.04121687929
-0.475435816165
1.30653266332
-1.86457311089
-3.62654320988
-3.02626570232
-3.86593029899
-4.80290853425
-2.16973886329
-2.29928382963
-1.07324421013
-0.643330179754
-2.69968348538
-2.38050609185
-1.09972041007
-1.06184798808
-1.02996254682
0.580524344569
0.35741158766
1.11194873728
0.940203083866
-0.3359462486
0.0187300992695
-0.486709097716
-1.09972041007
-0.430630967984
0.168255748738
0.0562218890555
1.23176046996
0.959729017689
0.432493418578
2.49089863959
3.55132932272
1.24712202609
4.29833169774
4.99506416584
2.33333333333
-0.0581846392552
2.03602192639
1.47380999801
0.876319458275
1.93883669798
3.22322322322
2.09874075555
-1.27801808887
-3.27489886342
-3.51012536162
-4.31034482759
-4.57753194736
-3.28959878304
-0.935114503817
-1.01183657885
0.115074798619
0.325296593953
2.31517509728
5.22088353414
5.2864321608
3.08422301305
4.08285202151
3.81741062412
-0.160384923817
-2.02835762111
0.616669982097
-0.139220365951
-1.27617148554
1.71288743883
3.54812398042
2.69662921348
1.80198420733
1.70350841614
-0.969305331179
-0.284668564457
0.948649206022
2.36269430052
2.43041130037
2.71727857291
1.46482360223
-0.757265656979
-1.06622923929
-1.73504796897
-1.28992628993
-1.74336103791
-1.5514809591
-2.32325255357
-2.91319857313
-2.80597014925
-3.31242649941
-2.11045364892
-1.32411067194
-0.903377847604
-0.985221674877
0.0784621420165
-1.45772594752
-2.07083413973
-0.605114190904
-0.87890625
-0.137120470127
0.449043342444
0.310619297224
-0.446949086669
-1.46266358737
-0.873786407767
-0.543689320388
0.233508464682
0.981161695447
1.18792599805
1.0993325481
0.448605422274
0.0194628260023
-0.720826027664
0.214676034348
0.216407633287
0.509703979612
2.20807638751
2.63947210558
3.07785153893
2.70761770055
3.57360406091
2.80163599182
2.62671865381
2.60061919505
0.75325732899
1.86142709411
1.17939168218
1.2887133652
-0.920245398773
-0.647249190939
-3.08679094007
-3.26261008807
-4.25870646766
-2.7446300716
-0.941695051092
-0.637323242382
0.827447023209
1.84434535874
1.9878296146
-0.359353164304
0.159585078795
0.161714170204
-0.0202634245187
-0.242816673412
0.72390910919
0.199880071957
-0.722456351595
-1.3
-0.56338028169
-0.0402010050251
0.16016016016
-0.578611332801
0.0
0.141043723554
-0.539784086365
-0.3192975454
-0.693481276006
-0.517309988062
-2.66718964503
-1.80604632901
-1.55206286837
-1.67543346971
-2.38881336182
-0.66238067407
0.0785854616896
0.0
-0.136186770428
0.645035183737
-0.291375291375
0.0589738549243
0.0589738549243
0.371021284905
1.00691016782
1.27877237852
-0.992604126119
-1.14652157015
-0.851887705712
-3.76211286339
-3.65807429871
-3.54796320631
-3.03372903712
-1.14832535885
0.1903674091
0.0948586605957
2.14765100671
2.63005221427
-0.47619047619
-0.322580645161
1.03507763082
0.0767606985224
-1.10919869956
1.48849797023
3.0303030303
0.753186558517
-0.837297811608
-0.872037914692
-2.52496702468
-3.3264033264
-4.11111111111
-3.29407434671
-4.00363967243
-3.71915820029
-3.37837837838
-1.15321252059
-0.785101332846
-0.794367214299
-0.916771526155
-2.21428571429
-2.02654232425
-2.26623840114
-1.14224522577
-0.125673249551
-0.213827512473
-0.782918149466
-0.373333333333
-0.142577080734
-0.214976710856
0.735954047747
-0.44286979628
0.178094390027
-0.248888888889
-0.782083185212
0.468890892696
1.38290229885
1.53707052441
1.9391083726
2.21656976744
-0.893655049151
-0.819380121126
-1.14408294601
-1.30566982651
-1.4503133393
-0.86817859674
-1.37034434294
-0.86833244728
-0.604444444444
-0.887311446318
0.284292821606
1.37132680321
0.10643959553
0.608120193168
2.32431450881
3.37986774431
3.67429837518
4.85491071429
3.78689437535
3.18531009931
2.23474178404
2.42057488654
1.97268588771
1.35465663217
0.58424425179
1.62213740458
1.82938571153
0.228136882129
-0.542664670659
-0.075329566855
-0.719969685487
-1.64772727273
-1.40581068416
-5.83259911894
-4.78752017214
-4.74643566143
-5.41024722322
-3.97768178546
3.05066279281
1.82581705313
0.544365813827
1.14151114332
1.75824175824
1.04587155963
0.274624679605
1.11926605505
1.95824866063
1.52473038304
0.944619373958
0.496780128795
-0.14657383657
-0.0369344413666
-1.59194876487
-1.29798903108
-0.658014988119
-0.673339399454
-1.45586897179
0.422638735759
1.95712954334
1.25856005923
2.63354501307
2.04271123491
1.71962616822
1.84130599848
3.012392755
2.17557251908
2.98336201951
4.53302071122
4.48234827449
4.31583134447
2.5641025641
2.71066588097
-0.563435010686
-1.84932840179
-1.21807465619
-0.409356725146
-0.605232331121
-0.116437026975
-0.734299516908
-1.24175397749
-0.0389711613406
-1.80214723926
-1.05606758833
1.25220113481
1.6167192429
0.765756921264
3.18496538081
4.09754147511
1.40873015873
1.82694238105
-0.0784775358054
-1.93986420951
-3.97312859885
-2.51450676983
-5.48387096774
-3.92082940622
-2.7358490566
-2.65321375187
-2.78300112824
-0.566037735849
0.492517522258
0.990853658537
2.17640320733
1.99462984273
2.4154589372
0.629050705299
-0.303951367781
-2.16660440792
-2.06611570248
-2.46890312853
-1.11215834119
-0.491493383743
1.72905187156
0.680786686838
-0.356807511737
-1.48560817084
-2.18195266272
-2.98617511521
-2.39940937615
-1.64388622091
-1.49990854216
-0.861594867094
-0.804534649845
-0.968744288064
-1.49199417758
-0.6
-0.800145480997
-0.418790968682
-0.218858289258
0.622482607104
0.456621004566
0.383351588171
2.30998509687
2.27569483305
2.3421397789
1.38888888889
2.37338815175
0.845387939132
0.130743369443
-1.0750695088
1.38941043935
0.0748083037217
-1.29797886149
-0.796738929035
0.222924020063
-1.24235119599
-1.12795857988
0.316220238095
1.83018867925
0.805243445693
0.0370988684845
-0.460150929505
-1.48433205058
-2.85923753666
-1.62122328666
-1.89262966333
-2.05516495403
-0.781818181818
-0.49243115083
-2.02166064982
-0.955299206921
-0.680393912265
-1.45135280416
-1.56193895871
-0.341788091383
-1.80530973451
-1.67253521127
-1.51755779072
-1.46824694852
-0.838387442026
0.838836337676
1.21168923735
1.01604278075
0.44420753376
0.107142857143
1.06421356421
0.699802619774
1.98145791674
0.697799248524
1.44927536232
0.362056480811
0.777576853526
-0.632225433526
-1.87851123596
-3.78246470281
-3.6959553696
-4.96648908747
-5.51288615805
-1.35088326983
0.702123924873
-0.347463516331
-2.13588967373
-0.745383703202
-1.29914529915
-0.0526315789474
0.982456140351
4.49912126538
3.56140350877
3.1746031746
0.671140939597
-0.886802295253
-0.940111420613
12.315270936
13.5589825756
13.0816856401
14.859197124
15.295062224
3.46585117227
1.52501016673
3.85812072184
3.77202072539
3.89989572471
1.93266832918
2.69367300063
-1.55197059424
1.87922297297
1.6967126193
-2.86637060961
-3.68061142397
-2.33346629438
-3.14928425358
-4.82438433589
-0.462125778581
1.15971515768
0.340204122473
-1.66901266841
0.283400809717
-0.0602409638554
0.0407083248524
1.29738495844
-0.260730044124
-2.08126858276
-2.1803182086
-3.53426271353
-1.49760383387
0.727272727273
1.08194750551
0.0196463654224
-1.5845410628
-4.42748091603
-5.92930444698
-5.54504163512
-2.35948590063
0.641773628938
0.788613194845
1.95698508041
2.82156061491
1.22330097087
0.606534924672
2.6456071076
0.899315738025
0.705467372134
1.43785700217
-0.680139914497
-1.51662453821
-1.50202195263
-0.468110005851
-1.89371980676
-1.77514792899
-1.66347992352
-0.726438539476
0.0
0.622204938752
2.50440226961
1.63233579479
-0.513503233168
-1.30895091434
-2.0380952381
-2.98025816249
-4.68605297277
-2.32212520899
-2.96974224879
-1.96078431373
-1.42215568862
1.94486404834
2.0087170741
1.80642707739
4.18287937743
3.88802488336
0.265051117001
-0.245746691871
-1.36909227307
-3.56472795497
-2.35383447229
0.705433746425
0.532117065754
1.44596651446
1.85362124976
0.880888548449
0.729786825427
-0.208609899488
-0.904977375566
-1.2641509434
-1.5088645794
-2.69108577836
-2.69422402657
-2.64317180617
-2.66299357208
-1.55959896027
-2.42523705325
-0.696353307678
-0.710770913067
-0.529777128243
-0.0371195248701
1.33037694013
1.46894756415
2.08372093023
1.84186046512
0.541145736145
0.520059435364
1.09022556391
-0.885118937857
-0.167161961367
-0.685693106004
-0.333209922251
-1.69992609017
-0.768526989936
-0.517368810052
0.69042731853
0.877684407096
1.9209039548
2.76419706657
1.42428785607
1.94027011604
2.0
1.86073278343
1.19885823026
1.7737936296
-1.23990231073
-0.756143667297
-0.267840061221
1.64410058027
1.11861137898
3.86341463415
3.34049619066
2.06990822105
1.37254901961
-0.860420650096
-1.19529593214
-2.38367658276
-1.99043062201
-1.50637311703
1.92944845059
-0.0578034682081
-2.34636871508
-2.89908938859
-1.95038818406
-2.32248239101
-0.916380297824
1.8009478673
0.111627906977
-1.47388059701
-1.9413851036
-2.31256993659
0.0758869284766
1.62601626016
0.884622623753
1.11362778407
3.11538461538
1.5411288769
1.2636415853
2.36994219653
1.45538108005
-2.63995506459
-4.03031983731
-4.0066164308
-3.53159851301
-3.93671817513
-2.50091274188
-1.15131578947
1.51119402985
1.01389410439
1.6454749439
2.60348379846
2.3569023569
1.45750520538
1.99157410954
1.40310959424
-0.336008960239
1.02040816327
1.16813481425
-0.967191352171
-0.734048560136
1.55450236967
0.62749572162
-1.45310435931
0.802905754158
1.82062092756
-2.11542030061
-1.18376550169
-1.24860231085
-0.361904761905
-0.685192234488
3.67449018853
2.14971209213
2.22899599924
0.574712643678
2.51707317073
1.38482543398
1.65853658537
3.02257114818
0.191938579655
-1.04267233057
1.28407743975
1.1646269246
0.216365066876
0.676328502415
0.974848898421
-3.00823912627
-2.68920476373
-2.43715217808
-0.0386324125942
-1.61135622482
-0.0383068377705
-0.0767754318618
-0.306102927109
-0.557049558202
0.288572527895
0.791505791506
0.579150579151
-1.02253361106
-1.82915330945
-2.85927863951
-2.74126924521
-2.81425891182
-0.527406291204
0.0566037735849
0.715226802183
0.642479213908
0.680015111447
1.02759276879
1.0101010101
1.12295393986
0.704091341579
0.550807217474
0.439602446483
0.325047801147
-0.152033447358
0.133384146341
0.0760311727808
-2.04081632653
-2.20643231114
-2.1023255814
-1.88820340251
-1.49784684516
-1.56653151493
-1.401179941
-0.665311402698
-2.63924281034
-4.5568263045
-3.15902195253
-3.12555813538
-3.51283880171
-0.434940195723
-0.0535809966065
-0.937057991513
-1.16504854369
-0.901219296696
-2.37084217976
-2.89628858828
-1.54917319408
-2.14199343583
-2.46466735608
-1.94309507287
-0.757314974182
-0.828586224754
-0.138002415042
-0.0344589937974
1.74757281553
2.46913580247
1.88181498417
0.25942580422
1.34450846866
-1.15163147793
-1.92008303062
-1.37033824805
0.626522798468
0.368033648791
-1.46148555708
-1.09495295124
-2.40392754359
-2.4613817688
-3.05810397554
-1.37357978633
-1.49983147961
-0.689307330195
-1.10794023838
-1.63770053476
-1.02383350117
-0.117825281939
-0.684588412089
-0.550918196995
1.73410404624
1.1544991511
1.08899098179
1.99250681199
2.30572160547
-1.78660878277
-1.5873015873
-1.50829562594
-0.760520534054
-2.13939495237
0.977912662283
1.2347767253
-0.500250125063
-4.41033925687
-2.93640493186
-3.98251578436
-3.94800974817
-2.21751182129
1.70883996057
1.29827444536
0.997383911053
-0.032483352282
0.310762185149
0.313169606066
0.811795891319
2.0694259012
4.12650093015
2.42921762439
2.29303658742
1.8390416737
0.790580319596
0.203355363498
0.947065787248
0.151975683891
0.457627118644
2.34119469788
1.6362383741
2.76329509906
0.492109282199
2.12913276787
0.414866032844
0.728660652325
-0.810205137045
1.21951219512
-0.516617874978
-0.533012379642
-0.962199312715
-0.0861178091629
-0.783912747103
-0.718071465208
1.09508082739
2.10526315789
0.798611111111
-0.0170386777986
-0.611724723874
-2.52456794307
-2.91262135922
-1.58892875448
0.928632846088
1.43054119269
3.29016450823
5.61252023745
2.91893792861
2.82935455349
4.65367965368
4.08014571949
-1.38371474188
1.80809165772
-0.475184794087
-2.56590509666
-3.19167695292
2.95890410959
0.269251480883
1.26537159152
2.4302430243
1.19557458958
-2.6839672947
-3.09619064185
-2.31545961003
-3.27355040919
-2.02797202797
-0.301258195995
2.91800930899
1.73574211831
1.82624113475
2.39885427855
0.912017167382
-0.799147575919
0.893495353824
0.0709723207949
-0.975004431838
-0.231935771632
-0.353919660237
-2.44072524407
-3.75683060109
-3.14217032967
-4.08966461328
-4.13910093299
-5.96721311475
-4.23548650859
-4.38351666393
-6.22593068036
-5.13356935951
-1.83456710653
0.791165320587
-0.668623613829
-0.669429391138
-2.08005042546
-1.97191986118
-4.10937253043
-3.08202939782
-0.853350189633
1.13147410359
0.666984278228
1.36174303108
0.396699460489
-1.09409190372
-1.27438640655
-1.5478424015
-2.87848140657
-1.9449198693
-0.0156274417878
-0.718525460793
0.518623290901
-0.108797015853
-1.12307692308
-1.52354570637
-1.61364684186
-2.13780375269
-0.694551628338
1.97678067148
3.57029008607
3.22017766497
3.10815096733
4.29813264649
0.934283452098
-0.633512828635
-1.14473890544
-0.126702565727
-1.63103721298
1.77276390008
0.766038940313
3.2044020068
2.16828478964
2.96755258438
0.845116203478
2.35217249265
0.997057862046
0.0161838485192
-1.74623518103
0.244379276637
-0.471468053975
-2.01793721973
2.47097844113
3.5500995355
-3.07910942681
-2.10090720993
0.904977375566
-6.85820203892
-7.33282090699
-3.38672768879
-2.6042474035
-4.29941231055
5.83619421285
5.37826016524
8.7786259542
10.1793339026
7.51579647489
4.49265459515
3.52171725641
-1.06714825152
1.84379892155
-0.14942719575
-3.12758563627
-5.28907242694
0.42868920033
-5.41296479105
1.31202691337
5.46247818499
10.9622841029
4.26336599622
3.20937340805
1.31220177232
-3.11126141359
-5.6377847996
-3.09845077461
-3.28461159468
-2.13475650434
3.12118570183
3.42277261782
4.00207900208
3.87239849881
-1.33289452032
-3.32097100472
-2.12121212121
-0.0519480519481
-0.153295861012
2.35809331312
-0.268997982515
-1.9801980198
-2.0190023753
0.876288659794
-2.35197368421
-2.41181296144
0.798403193613
-0.57354925776
-0.325398184621
3.34863165052
3.28757837655
0.923283531979
-0.151591712986
-3.69454065644
-2.9528208512
-1.41997995322
-0.317938420348
-2.83142389525
-0.0988630746416
-3.0390275112
-3.28001292616
-4.30744595677
-3.36865411988
-1.79611650485
3.80209198074
3.01264980027
6.46096147289
10.716161793
8.6688939687
2.6764405046
1.93417034272
-1.8406961178
-5.86780946102
-6.01553462238
-2.71973466003
-3.29778506973
2.34629217332
3.85142074632
4.02269210933
2.95373057879
10.0776593823
4.08199643494
3.41653389981
3.7083259048
-0.997295469912
-6.31133671743
-3.67445054945
-3.71569797171
-2.23113125327
3.78947368421
8.75966139124
4.69171310444
9.58162121778
3.14635023373
-0.714161295941
-4.48233432941
-5.67989148864
-8.63481228669
-2.6090001751
-0.897635076817
-4.43473878717
3.54634831461
1.77144841959
4.67375366569
7.11908284024
10.5683506686
8.93096194301
10.3487926409
5.36886828891
4.1803120786
5.50656476582
0.65447545717
-1.99098422239
-2.11720226843
1.58512720157
0.37372147915
-0.134563629373
4.31034482759
4.93949613172
3.9886039886
2.99837925446
8.48800834202
3.9934800326
3.04578904334
11.6818181818
10.9213483146
12.1112929624
10.9403254973
14.6472931802
0.89429030039
2.67651130595
-7.44427613071
-6.09212481426
-6.09595070423
-7.99578059072
-9.33054393305
-2.3869877482
-4.1115408101
-8.38709677419
-0.545530843475
4.59518599562
3.2047089601
5.76964477933
10.2712316585
6.78915527672
1.37533274179
-2.09178228388
1.66338367258
-0.28818443804
0.179573512907
-0.485651214128
4.85675917637
1.39813581891
-0.221190002212
-2.75049115914
-1.67136965487
0.58532192706
6.52482269504
7.43821292776
7.40914419695
9.0930618044
7.58052797287
1.85408138695
5.09490509491
-2.69221994068
-1.19326158166
-3.30210772834
1.26798341868
-4.00383601055
0.274536719286
1.7619047619
-7.13353632014
-13.4992617591
-12.2079562197
-3.63756613757
-6.31273700647
6.55851680185
8.44007319305
0.891909110214
-2.7652733119
-3.96315338475
-6.41943179354
-6.07948442535
1.33419410372
3.4826974268
3.59520639148
6.26872551279
8.96535580524
7.69409038239
3.04
0.805369127517
-4.70019767186
-6.52078774617
-1.86490789174
-1.41955835962
-1.06241699867
-4.68913544065
-4.57297974525
-8.41491355968
-7.58017492711
-11.9812974868
-5.21825396825
-5.0178500595
-5.78885400314
-1.39630390144
5.07676560901
2.94117647059
0.940940940941
3.97877984085
-1.61616161616
-2.02567188127
0.575184880855
2.86243822076
3.59332065103
8.83905013193
7.54961173425
7.10671067107
5.79520697168
2.51354279523
-2.71657754011
0.0215749730313
0.441988950276
3.58835477319
1.11744084137
-1.43369175627
3.80739081747
2.58444797098
-0.0901916572717
7.16130547077
9.23537540304
-0.0223914017017
-1.2757385855
3.71842843779
0.40075436115
1.85315505513
8.45070422535
9.29549902153
1.567695962
3.61504640938
9.61686808948
8.25446898002
8.52136979028
5.19740129935
3.33165068147
-3.35487077535
-3.91513008335
-9.33814681107
2.58907972315
1.4856557377
2.62688089773
5.54518794988
12.2366288493
-1.66372573733
-6.5805216559
-7.06328513866
-8.28850855746
-2.55330350092
0.838840874428
14.7761603955
15.2102676133
15.6347186882
1.2526652452
4.79488545551
-1.91271551724
-1.5326700726
-4.01628222524
-3.09917355372
-1.1845222427
1.97802197802
-1.63977783655
-5.92290017871
1.76084099869
2.98183789645
-4.71204188482
-3.22498080369
3.10608054751
3.59379254016
-1.44269302698
3.21534720346
0.72183552462
0.476064533192
-3.4691195795
-3.58062854199
-8.36840802179
-2.24294354839
-6.94068422348
-6.99095575654
0.18064516129
2.51269035533
-2.07305034551
6.25
7.20649895178
-0.0257997936016
1.15532734275
14.2051860203
6.01607984475
15.4963680387
2.75715800636
-3.58910891089
-4.85384821668
-5.77324973877
-11.8933333333
-0.290774517579
2.27848101266
14.5622119816
8.04403048264
6.11205432937
17.703795893
27.9559442825
8.24742268041
25.4159292035
30.3097345133
33.9166666667
33.3477321814
10.1465201465
0.212841433132
11.102007374
1.52284263959
-0.771538791256
12.1149897331
6.82076544146
-2.43804956035
-3.62821035467
-2.99376299376
5.50259965338
3.61209265803
-0.753669178897
-5.87106676899
-12.5454545455
-18.5028248588
-14.5875251509
-9.41430111391
4.5746388443
8.65270644014
18.0984153461
33.125
38.8029925187
19.9230028874
26.6133066533
23.7996902426
15.5830753354
6.99039487727
20.6035983749
6.95559122525
-8.54579792257
-9.3121197941
-15.9641255605
-26.0832260832
-4.83706720978
2.02312138728
-2.28623685414
7.00575815739
7.02479338843
-19.6399345336
-10.8630313439
1.43784786642
3.52707401888
7.0796460177
26.3702171665
16.1016949153
8.83392226148
6.50793650794
4.68347915594
4.99457111835
11.6926503341
10.2392877017
5.52763819095
9.77401129944
2.33333333333
-3.18059299191
-7.03569580962
-10.2255639098
-15.9943046986
-10.0449775112
-7.43512974052
0.520020800832
5.94795539033
10.953133228
12.2265844083
15.7043879908
13.0511463845
20.7051282051
12.5666864256
11.0211706102
8.25
11.9078947368
-6.47482014388
-5.49019607843
-3.88988629563
-4.36341900777
-10.4829210836
3.66687383468
9.1075794621
-1.87903699354
-6.69269380926
-4.33802816901
0.751408891672
0.0
5.18838789376
13.9135959339
27.1489971347
13.2624113475
27.1173271173
24.8265227448
29.5473251029
2.49632892805
7.88064269319
2.38663484487
7.5456053068
9.85533453888
15.2284263959
11.6140051238
21.6844143272
17.5438596491
3.94736842105
-2.87592440427
-1.84409052808
-21.4448669202
-21.6195569137
-15.9557661927
-5.80495356037
-15.3300212917
0.612088752869
6.76998368679
-13.0494505495
-7.05035971223
-0.141743444366
-13.615333774
-15.1557093426
13.6612021858
1.9809244314
-2.28531855956
1.00133511348
-5.74037834312
-15.5013192612
-9.19387075283
-8.14249363868
-20.4460966543
-25.073313783
-17.7428106348
-27.2065955383
-24.0212663122
-13.6634571298
7.79768177028
-5.82524271845
6.12454966547
-1.33524082022
-13.7944664032
-21.6673545192
-18.9648033126
-22.124248497
-16.851704996
4.15808974887
-11.1803519062
-9.10801656003
-8.06927044952
-2.88794763188
-14.4718309859
4.7619047619
4.40078585462
12.6608551266
5.05663430421
17.210070161
-0.344431687715
2.66236385639
0.45871559633
2.3602484472
3.54700854701
6.34920634921
5.48936170213
-1.31687242798
-2.81690140845
-9.96537129665
-0.56657223796
-4.00326797386
-3.76237623762
-0.400801603206
1.32553606238
-8.24359450427
-8.28025477707
-1.48263753414
-0.834658187599
1.66468489893
9.07249898744
11.4405010438
6.34854771784
2.11038961039
8.60955660783
5.55793073963
4.44832097689
-1.39116202946
3.7037037037
-3.20833333333
0.645438898451
-0.304347826087
9.74405029187
1.02040816327
6.05391073796
2.28873239437
0.877192982456
-4.09130060293
-4.07830342577
-7.48160261652
-16.5319617928
-19.3776520509
-17.1601855155
-15.1263412946
-16.7460857726
-5.35465924896
-3.97283531409
-5.01524906811
1.79704016913
6.14161849711
3.63963963964
4.32164364152
4.1651959054
-0.942408376963
-3.58760013932
-8.59683794466
-9.83711274353
-13.3374120526
-11.4100185529
-8.88606791495
-4.52830188679
-2.09505941213
3.0580075662
6.41658440276
-0.568002524456
0.315457413249
-1.66051660517
-3.4398782344
-6.97887970615
-3.44302254723
-4.3452021726
-4.24028268551
-4.05957943925
-3.40035481963
2.62664165103
3.72456964006
4.62107208872
4.26309378806
0.985368766796
-6.18949838662
-7.12209302326
-5.00438981563
-3.18396226415
-3.34776334776
-4.8828125
-1.71428571429
-1.72562553926
0.473933649289
2.00176626435
6.66666666667
3.39734121123
5.14061082552
-1.88898575995
-0.0588408355399
-0.884955752212
4.28219346888
1.78516466605
3.58217940999
1.40214797136
-0.264783759929
-7.20411663808
-7.01202060675
-5.30216647662
-3.78874856487
-3.13479623824
-1.5756893641
-0.0286123032904
-1.84667039731
-1.63749294184
-0.02849002849
-2.46981339188
1.06998264893
2.46559633028
-1.47426981919
1.2402653591
0.0
-0.746268656716
-2.24215246637
-0.249722530522
-3.5873192436
-3.44462109168
-6.36925557646
-8.62996158771
-9.17338709677
-10.2122347066
-4.45569620253
-7.78190830235
-5.76737451737
-4.06189555126
-3.65648304065
-3.98638794361
-1.41705350599
-0.456401633437
-0.19305019305
-0.35953978907
0.734573947111
-2.15156586182
0.799031476998
0.974658869396
7.33213275019
3.91857506361
6.14057345851
5.54561717352
2.90872617854
-3.38056176982
-3.51092560766
-4.53003875969
-4.4677734375
-3.36806396898
-0.543881334981
0.543075783757
0.633837152608
-1.11057460164
0.145595729192
-2.95105566219
-1.31546894032
0.342465753425
1.51960784314
1.70286278381
1.85728250244
0.538819495469
-1.47023379128
-2.81086231539
-3.40882002384
-1.32625994695
-2.83198476916
-1.56583629893
-1.64011246485
-1.03798065582
-3.46834264432
-2.23359702187
-0.0237191650854
10.5986006737
12.172532416
12.7559055118
11.1455908973
12.6369222549
2.46946362188
-1.09918869406
-2.35776524859
0.8870336551
-0.266453503864
-0.501981505945
3.85974449579
3.94246137453
1.53642384106
-1.98485244189
-1.48360229047
-7.14285714286
-3.86683738796
-3.57598978289
-1.97132616487
-1.31004366812
4.45557606117
1.66623275189
2.91798107256
2.27808326787
2.09808549698
-1.19822870539
0.33960292581
-2.18565183852
-5.0
-3.97884663813
-3.29974811083
-3.6253776435
-3.04163550237
-1.37389597645
-2.43243243243
-2.98142717498
-3.14557425018
-2.17073170732
1.0662038185
-0.925024342746
-0.775945683802
0.0
-1.01400289715
-1.92120622568
-0.964320154291
-0.121094696052
-0.605913717887
-0.671462829736
-3.63252870869
-3.80333951763
-2.54897333019
-5.56191348135
-4.96809480401
-4.19847328244
-4.1564792176
-8.80327163151
-6.38525819584
-2.70509977827
-2.66608391608
-2.61904761905
1.02196129593
-0.213812272824
-6.13943808533
-2.92745014849
0.895392006988
-0.1953125
-1.74369747899
4.18473547268
-0.127118644068
-0.152638464893
3.71370695476
12.0
13.5960591133
9.53817591088
5.83891068544
0.748299319728
-0.724129876197
-0.0984251968504
4.53663270257
8.76004016064
9.78342046303
10.8493008804
2.05926670015
5.58401639344
2.15384615385
5.23971705528
-4.24001983635
-0.125407574617
-0.38275070171
-4.8083963876
-5.84607794771
4.99869825566
5.72792362768
1.97762164975
7.50459197061
1.27404446665
-4.28607027162
-5.46502882928
-7.59798028372
-9.99055266887
-4.8264384213
-4.52058053771
-6.36150234742
-0.834525512637
0.403130187337
2.435460302
-1.49988282165
1.16361909285
4.6146171115
6.22166246851
4.00202634245
8.24454591578
7.3960724305
-2.57594167679
-5.74548907882
-7.2804133396
-7.96170908242
-11.2293411818
-5.8352402746
-3.01634814644
2.89995166747
3.00625300625
5.01664289111
6.19684082625
0.555684186154
-7.61330654164
-8.47457627119
-5.58922558923
-7.69403319874
-3.07450628366
0.336021505376
0.977995110024
-0.112107623318
1.06551802312
3.10041647385
2.62068965517
2.83428571429
1.15672488093
2.67690875233
2.53855278766
4.24155283968
5.32017332691
5.63009103977
3.04629407532
2.9052734375
2.37978410206
3.33333333333
5.48395248926
4.74874371859
3.09589730682
-0.3666585187
0.7771371271
-0.752445447705
-3.09228147066
-2.81311154599
-2.12918660287
-0.498877525567
-0.499126528575
0.933890390759
1.71684498632
1.40708393984
-0.718177315503
-1.9094247246
-0.6591796875
-2.85230843606
-4.40630797774
-5.61009817672
-4.53376957233
-3.30500472144
-4.08068629724
-0.73664825046
-2.0828564889
-0.511508951407
0.785153461813
3.23121110579
11.2419974392
14.1327063741
13.1246712257
11.1316763617
9.97630955515
2.92567211386
-0.674623767514
-3.158430973
-4.10750507099
-2.81401893067
-4.07079646018
-1.95878911219
-1.18298514976
-2.06108765831
0.153727901614
0.636132315522
-1.97007481297
-2.33529990167
-2.30470645318
-5.86107091172
-5.43792107796
-5.40221750413
-3.30401711433
-5.73976675051
-5.92239618788
-5.33029612756
-2.23708487085
-3.42056932966
0.876585928489
3.20843091335
2.81030444965
3.4104459814
5.1919826129
2.60355029586
-0.116959064327
1.13690194221
-0.0476758045292
-3.6976744186
-0.0473148805299
-1.33856450496
-2.3137436372
-5.30474040632
-4.40195642508
-5.81550802139
-3.71111111111
-3.4836980795
-2.9147490686
-1.81183147784
-2.9831387808
-2.95449644166
-3.07359307359
-1.06244579358
2.78214045322
5.11247443763
9.10588235294
6.87022900763
7.73183835552
4.20855740005
2.22996515679
-0.677728441225
0.863275781615
0.705716302047
-0.349487418453
-0.806451612903
-2.6393629124
-4.84014209591
-4.96311200537
-3.24616771867
-2.38416554206
-2.42007104796
0.0888888888889
-0.732356857523
-4.08648648649
-4.11904248436
-0.442086648983
-0.596421471173
-2.04347826087
1.00458615418
3.50446428571
1.75438596491
1.63897620117
4.87916096671
5.55555555556
2.75229357798
1.69258920403
2.32023891569
0.0912825193975
-3.21285140562
-4.96948561465
-4.37445319335
-6.52780760146
-6.26737967914
-3.6543422184
-0.671140939597
-2.43277848912
1.72564438619
2.67955194377
5.03499661323
6.33057090239
7.57575757576
5.16884906961
4.49850814781
2.64194669757
0.976290097629
-1.67042889391
-0.434583714547
-0.320292839167
-4.61980548187
-4.50610432852
0.636074511586
-1.26467931346
-0.455477112275
3.66636113657
6.35033050047
1.38185168125
0.249037808467
-0.925090252708
-2.48044692737
-5.90848511773
-4.75981574907
-3.11471813994
-3.06211723535
-1.97152245345
-1.93857547375
0.862831858407
0.507054673721
0.660501981506
0.506384852488
-0.799481417459
-2.07972270364
-1.98789974071
-2.06985769728
-1.3037809648
0.390455531453
0.610287707062
0.0648648648649
0.6947459835
-1.32933104631
-1.91489361702
-2.61091063468
-1.70031880978
-2.20806794055
-2.05795884082
-3.13272877164
-4.01385493073
-5.23665659617
-5.61122244489
-4.18511066398
-2.01938610662
-2.23107569721
-1.07591153616
-0.538170221248
-0.260887015854
-0.0403714170367
1.43463325924
0.239664469742
-1.16233254531
-2.4089306698
-4.39984561945
-3.32096112522
-2.05399061033
0.395569620253
1.28942670105
2.24940805051
0.117347936632
-0.93023255814
1.3023442196
0.638850069874
2.84090909091
4.81754817548
5.54305583964
3.76299376299
3.64163045727
3.22580645161
1.11940298507
1.53686396677
1.73434856176
-0.16525511258
-1.56701030928
-1.3093289689
-2.82542885974
-5.1554663992
-1.62568583621
0.330988829127
-1.33225676221
-0.541951023685
-2.10133542812
-4.81624758221
-7.6423385556
-5.33154978024
-5.57240333586
-4.98227281209
-2.58149613718
0.13392003061
-0.13358778626
1.55919153032
4.30128454652
2.43196294152
1.83128774596
1.13877629801
-0.268765598003
-2.28223659186
-0.823124042879
-0.926462072959
0.465386852821
3.18938193344
4.01582591494
4.39648281375
3.57856857257
6.28606760099
3.31559557921
7.92058070026
5.99449269223
16.217472119
5.24945770065
14.1588785047
3.92722431773
5.16818890622
-6.06721955478
2.69547783471
-6.67248146533
1.78410117435
0.944456937261
2.73542600897
-3.29599310642
-4.61730449251
-7.92264504055
-8.27145214521
-8.1359423275
-4.6033703247
-3.27901830618
-2.84848484848
-0.0618429189858
1.01955888473
-2.64105642257
0.363416111448
4.69543147208
2.21238938053
0.334029227557
2.02082057563
0.344408427877
-5.66640063847
-2.50616269515
-2.780596712
1.57578270786
5.85460004289
7.90096878364
2.35492010093
4.65165675446
3.78738971379
-0.192636986301
3.45211581292
9.38362465501
8.40432880497
7.04906703525
5.15417510691
3.38475708036
-4.33443344334
-5.09178321678
-7.69721454391
-4.10101446147
-5.79175704989
0.731382978723
-1.97086546701
1.95100802081
0.303095908205
-4.86999587288
-9.61538461538
-5.5443140429
-8.56293359762
-11.2754514022
-6.98656429942
-1.38285262742
0.87773014901
0.258346581876
0.735294117647
1.79757717859
-1.22926829268
-4.57732761979
2.25563909774
5.27602363007
1.60810005956
3.64004044489
2.78278278278
2.26517040732
5.11777301927
7.44453924915
7.3599652627
8.58695652174
6.69623059867
3.77777777778
1.89089328407
1.11964873765
-4.24646128226
-5.62879263444
-6.6970765084
-5.67855678557
-6.19851729819
-2.27827502034
-0.0418322526668
-1.16803278689
1.85842555857
2.46887529015
4.41801189465
2.99439896596
4.09556313993
4.01824500434
-1.10601001669
-0.863339650453
-2.54041570439
-2.2314911366
-3.39907679396
2.02256759634
-0.0631313131313
0.975196099216
-0.909278776607
-1.20232172471
-3.75
-1.55376009944
-2.52118206241
-0.575303061434
-1.45045965271
-1.71198388721
-2.99437299035
-3.64396654719
-3.73813291139
-3.92541707556
-0.779376498801
0.647249190939
2.01096892139
0.777356986247
1.94077631052
0.381143430291
0.651465798046
-1.81491822896
-0.888976689056
-2.30648944488
-4.59330143541
-5.19204786721
-3.81737962785
-1.97521301317
-2.1984324221
0.849256900212
-0.499327827924
0.327174749808
0.232919254658
-1.05920181577
-1.98637911464
-1.47587511826
-1.5722674749
-2.18340611354
-0.862553909619
-2.43632336656
-1.69270833333
-0.189071658158
-1.68004480119
0.64163049632
2.28431187465
3.90413606494
1.18614884255
1.17091595845
-0.394736842105
0.379003221527
-4.6267281106
-6.91006233304
-6.6466854725
-5.92396109637
-7.85751702462
-4.67404674047
-1.57756354075
-0.994938034561
-1.22270742358
-2.36958745312
-2.25008588114
-3.40331865899
-1.03644843669
-1.05426892499
1.12049646613
-0.291145744134
2.94579048283
-0.361445783133
1.22463261022
3.25738697045
2.52853380158
-1.15437629221
1.43156424581
-1.15856821719
-3.43760742523
-1.87801516196
0.816397429217
-0.29590948651
0.889741800419
0.954364046504
-1.47682906128
-3.38983050847
-4.52052517866
-4.79986713171
-5.47810398557
-3.50532350532
-2.08675649031
0.116472545757
0.18302828619
1.80330606111
2.67406659939
2.42342645574
0.771294433266
2.87572749059
3.36555056955
3.60690015682
6.77448337826
7.65342960289
3.71027871472
2.82165039929
2.5370734322
-1.22470713525
-0.734635370005
-0.406647807638
1.60476018752
0.250761239477
5.44637843908
4.2982620071
4.77954798073
0.144456482485
1.06806661839
-4.35016111708
-2.88566243194
-4.42634560907
0.508166969147
0.345140781108
-0.746268656716
-1.34288272158
-0.807867931156
-4.07381615599
-2.25497159091
-0.898045430534
-0.35682426405
1.47923721262
0.98452883263
-0.652672429
-2.43944339461
-5.08044030483
-5.55462043427
-4.0
-3.30888623572
-0.342407122068
1.13033053605
2.28994490358
4.07518004567
1.2083549111
-0.392223738063
-0.494205862304
-0.36026762738
1.24488707096
3.798602401
5.22160416293
5.48265324465
3.99643175736
-2.64889196676
-4.64718947548
-4.39183393378
-3.60422803674
-1.32042253521
2.24818551956
1.59694497483
2.08406304729
0.121443442054
-1.91676739769
0.0354170355941
3.15129811996
1.72813112418
2.7817403709
2.20614189905
-1.56876416245
-3.02135787463
-1.3532513181
-0.918727915194
-0.281590989088
1.6838000709
0.173943294486
-0.90560780216
-1.66782487839
-1.04493207941
-1.31187685849
-1.38936535163
-2.03037024399
0.646966252841
0.0174185681937
-0.970032911831
1.35605006954
2.41132273283
-0.139689191549
-2.77730736664
-2.59827906192
-2.80500168976
-2.45440599966
-2.38622805522
1.217003771
2.43691669547
2.61834576036
2.69560651147
4.50659066619
3.12886689058
1.75870559268
-0.103932097696
-0.0874431619447
-2.19512195122
-3.08377591228
-2.90300546448
-1.85311118667
-1.82005494505
-0.983267207176
-0.171027877544
1.15736742097
2.1357874631
-0.665188470067
-2.35809331312
1.49279638952
1.81146676046
1.49806133239
5.86854460094
7.4959261271
3.91414141414
1.99103139013
1.37573700197
-2.58575197889
-2.60976900018
-1.63236337828
-2.51792271376
0.719812848659
2.32181425486
1.57621350528
1.51296829971
4.47570332481
3.57875116496
3.57941834452
2.81767955801
0.525076950932
-2.00501253133
-4.16220078599
-5.0787471244
-2.49595977734
1.45113886848
0.63051702396
0.107296137339
1.09123434705
-0.535809966065
-2.50716332378
-1.5780141844
-0.356379187455
-1.25419537184
-1.33920704846
-2.13810024536
-2.20218484481
-2.772002772
-0.0706090026478
-0.907979745067
-1.31442407471
1.54956858602
0.557491289199
-1.73460537728
-0.451938119242
1.20777174864
0.176397953784
1.28815952003
0.295755045233
-2.07659574468
-3.16949152542
-4.89850696192
-5.32910123622
-4.51827242525
-2.50580816462
-2.94456325053
-2.66165904637
-2.20552197353
-0.921658986175
-0.593863411415
0.0823180770497
2.44228839077
3.04713804714
3.10537926353
2.22596964587
2.08403361345
1.2019637718
-0.0841042893188
-0.674195179504
0.833191634076
-0.684359873143
-0.572294226561
-1.99472469502
-2.03104359313
-5.35886707435
-3.05825242718
-4.1464988706
-2.47588424437
-2.47987117552
-0.320821302534
0.178310909386
-0.481695568401
0.468421902762
0.909977250569
-0.367588301103
-0.532086423734
0.581395348837
-0.944
-0.981496379726
0.320666987334
-1.38336778502
-3.43106674984
-3.32559938128
-3.73296158612
-3.60123647604
-3.98473282443
-1.79200490121
-0.995405819296
-1.25420617926
-2.10319261613
-0.425661295227
0.245662521112
-1.06060606061
-0.0458645467054
-0.196315312594
-0.484114977307
-3.03707012059
-1.71258376768
-3.03883782983
-1.54623847755
-2.27675931402
1.38867924528
0.629402068035
3.3078101072
2.53048780488
3.71051824594
1.2996941896
1.50593246121
-0.57856272838
2.34009360374
0.975383186252
1.98035240917
1.07626076261
-2.32004759072
-3.8403840384
-4.24017790956
-4.87985760902
-4.53544693967
-0.752767527675
-1.43427473015
-1.40330361058
-1.25951962507
-1.80167195157
-3.53125444967
-3.46845560948
-2.60535307517
-2.8872137676
-1.18216778237
0.21404109589
0.386874910446
-1.77597538806
-3.39378950261
-2.79662190226
-4.41898527005
-6.19623655914
-4.79297031021
-2.22998387963
-3.29361360289
-2.59067357513
-2.31092436975
-0.949492285375
-2.23272918308
-1.34724607053
-1.56924284033
0.131475151196
1.43124665597
-0.131164742917
-2.98564838544
-2.31221257026
-0.601150026137
0.0535331905782
1.36949873687
6.94806084692
6.01300108342
2.05388103494
0.660110467466
3.14042786615
-0.463783931251
2.54131370643
2.38973098457
0.446549391069
-2.92864749734
-1.93953986089
-4.79904812269
-1.86277137497
-0.911772593189
-1.55942864631
-2.95950155763
-2.53833268909
-2.24027250098
-3.06732518846
-2.57883314184
-1.04046242775
-0.843234955922
-0.611979166667
3.95892446967
5.76559546314
4.18897216274
5.18747480177
1.91082802548
-2.32281905767
-1.69896469339
-0.452970956568
-1.03737199096
2.15534770232
0.18511172815
-0.462412471925
-1.14579217701
-0.817834058831
-1.82326324195
-0.735004593779
0.251655629139
0.582858656776
-0.550964187328
-0.975224037955
1.74946581197
0.439004922176
1.5469464622
2.63901979265
3.32244008715
1.38099106418
2.06381534284
0.991713082462
3.28188012794
1.98583530065
2.27083910274
2.41969128077
1.62915918818
-1.68170631665
-2.42547425474
-1.54055896387
-2.37578061363
-2.90884718499
-2.71348762969
-1.97901447735
-2.58964143426
-2.56613756614
-3.01612064483
-3.1684698609
-2.93928064974
-2.6125193999
-1.0989010989
1.1173918759
2.17133833399
1.63784067086
1.88430623271
1.21822033898
0.184380350323
1.89058728882
3.10726830586
2.12622796393
3.53715382506
5.13708114096
3.26779285516
-0.857219394589
-1.44562334218
-4.11463126068
-4.02657807309
-5.37211740042
-6.94254019693
-6.35866865375
-5.3855721393
-6.94942500309
-5.34540493613
-0.828182941904
-2.52996005326
-2.85161913968
-3.33492708582
-2.97232250301
-1.10024449878
0.547711781889
1.01305992921
2.14896214896
1.19337554798
1.08749382106
0.464661286378
0.651105651106
1.07367641614
0.834970530452
-1.1845158139
-1.23188405797
-1.14160796697
-1.73417414504
-0.984802431611
-2.45384157236
-1.25223613596
-2.65988887575
-3.09084498766
-3.90232503797
-2.15617715618
-1.68835736898
-0.0236378678643
0.698224852071
1.24201561391
-0.151285930408
-0.536443148688
-0.797279868683
0.715137067938
1.48859543818
2.68881453155
1.45527685755
1.40292474141
-2.43051517618
-3.59912047217
-4.44216055727
-4.29169969426
-5.16405457211
-3.38202247191
-3.11694136114
-2.25471592812
-2.66725449135
-0.84963666853
-0.824604412748
-0.56856187291
0.257385854969
1.47634492786
0.641314131413
1.34387351779
3.11530060927
2.57116620753
1.31444759207
1.25313283208
-2.66021765417
-3.97394855944
-4.40030725337
-1.03173713132
0.954571592869
6.12459169389
4.55909510619
6.52250146113
2.94389286539
2.27005410492
3.45160511706
3.14285714286
2.18585762064
1.08530750379
-2.27586206897
-6.20330541091
-5.17046737413
-5.95371826556
-3.61079865017
-2.24719101124
-0.763873286902
-0.29266096353
0.0112346927311
0.169014084507
-1.0231316726
-0.989878767657
-0.991864482336
-1.41765422527
-2.77169149869
-0.055574080249
-2.91545189504
-2.61558497938
-3.45380667237
-2.74877477094
-3.98078975454
-0.6330472103
-0.818083961249
3.12052045429
4.09227015637
2.67367959676
1.75783382465
2.39171167199
-1.09063147562
-1.47508741259
0.274695088452
0.825627476882
1.19339727861
1.88909878875
1.17178863586
1.08852604687
-0.361961171438
-0.818584070796
-1.08815124203
1.44667489066
3.96073903002
5.4110301769
1.89359783589
6.58388003749
5.47669742134
1.2865497076
0.523012552301
1.51029748284
-0.997448387845
-2.4575977847
-1.8031468933
-1.25100424653
-0.011440338634
-0.930713547053
-0.447966919366
-0.820138967992
-0.343131648176
0.679566920065
0.115035085701
-0.343406593407
1.84454756381
-0.625142077745
-2.03114421124
-2.14993246285
-2.56524648673
-3.24391065215
-0.542618132489
1.16438356164
1.53142857143
1.74761688606
2.29647491101
0.682904620988
-0.623936471923
-1.44176616355
-3.57807199912
-4.35976279376
-3.74671340929
-3.66120218579
-3.38448144521
-0.370653003379
-0.816904476637
-1.63793103448
-3.59287746286
-3.85058072617
-3.72586062133
-3.43920908708
-2.06838328409
0.0632577754349
1.27159054784
0.654975702514
-0.502302218501
-0.326075523299
-0.722210592422
-1.193592294
0.243566663137
0.972104818259
0.816542948038
0.642578742231
0.674607357436
-0.964866282118
-0.5986766096
-1.60684474124
-0.492662473795
0.31722533573
0.643867426641
0.79398687275
1.45019582936
0.909667865454
0.127051349921
0.285805017466
1.58081514141
1.00502512563
1.78725236865
1.15668844383
1.27572898799
-0.171765968867
1.74045469379
1.11038536904
1.81005342929
2.60697393026
5.85227272727
6.3143286689
5.67122972507
6.19499768411
5.21990740741
2.30179028133
-1.14324911398
-0.0230017251294
-0.826825907212
-1.14416475973
-1.43233642718
1.00461893764
-0.24093620927
-1.18020880617
-1.23177760199
-2.09782364819
-2.56525652565
-2.71235628976
-1.15535614133
-0.840430300314
0.134801168277
-0.748185371301
-0.144895229603
-1.09829154648
-0.457334076966
-0.658408659748
0.697177555381
2.07053469852
1.95679221807
1.39108798914
2.24783204016
1.77386129549
-0.520597555455
-0.740990232401
-1.86459489456
-2.29654403567
-1.80919204405
0.0566187294757
0.62132851333
3.84970032273
1.50503564558
1.18249005117
0.879597898104
3.15814007691
1.03645044835
1.38825149151
1.0571067448
2.56590509666
-1.83045418144
-0.0232855978577
2.55324155783
5.13409035999
3.15445975344
8.00691956011
7.04137587238
2.91838217486
-1.46411141531
-3.38626809902
-3.60886136255
-6.2726317019
-4.4212962963
-3.0243564585
-2.69287580957
-4.95811636858
-3.52715798963
-3.94663702057
-4.64501926252
-3.68789669512
-4.41462886821
-3.1011137803
-2.50379362671
-1.67748917749
-0.392413342054
0.950300382305
0.560008784452
1.75361199956
2.51858426717
1.28063590197
1.16022099448
0.496579121607
