164.50
155.88
153.13
152.38
153.50
156.56
160.00
158.88
158.25
161.13
158.00
154.75
154.63
153.75
158.00
158.75
164.06
164.25
162.25
165.75
169.50
168.50
165.50
163.63
163.88
165.31
162.88
159.50
158.06
157.94
159.63
156.75
155.50
147.94
140.25
140.69
138.56
134.00
135.50
136.19
137.44
137.44
138.38
133.75
130.00
126.63
124.38
129.81
131.38
132.38
134.25
146.56
147.00
147.00
149.00
147.75
156.00
157.31
156.00
154.88
154.63
152.63
150.50
157.19
157.81
147.25
144.06
141.38
145.00
146.50
154.00
151.38
144.00
136.38
140.63
140.75
143.88
151.13
158.00
159.75
155.19
156.88
153.25
151.38
149.75
147.25
146.69
152.31
154.13
150.38
49.50
50.63
52.38
52.63
51.75
52.31
51.13
50.63
50.88
52.38
51.19
49.94
50.75
54.38
54.88
57.00
56.25
55.38
56.94
56.50
56.31
54.50
54.69
57.19
56.88
55.69
55.06
54.63
54.06
53.50
54.31
56.50
56.31
54.94
53.19
52.23
52.63
52.94
52.06
53.81
55.06
55.44
55.56
55.63
57.13
57.38
56.06
55.69
57.75
59.56
59.75
57.63
56.88
58.44
58.75
57.38
57.50
57.94
58.56
60.19
59.81
58.88
60.13
60.00
60.44
60.44
59.94
59.69
59.00
59.19
60.06
59.63
58.31
58.00
57.19
59.94
59.69
59.69
60.38
59.88
59.94
61.88
60.00
60.69
61.94
61.94
62.25
61.88
61.19
59.00
59.88
58.19
58.44
59.25
60.38
60.69
59.31
62.00
61.94
63.00
62.69
61.81
62.50
60.75
58.00
56.94
55.94
56.88
54.31
56.63
56.00
55.63
56.88
56.88
56.56
57.38
58.75
56.56
56.25
58.88
60.19
60.13
59.06
60.38
60.63
61.44
61.31
59.19
59.38
58.00
58.88
59.50
58.75
57.75
56.06
53.50
53.75
52.25
54.00
56.38
57.19
59.25
56.25
53.75
55.00
56.13
54.81
55.88
56.94
56.63
58.06
56.56
55.44
57.94
57.88
55.00
53.00
53.88
53.69
54.50
54.50
55.44
54.69
57.06
56.81
53.31
51.88
49.50
48.00
48.56
48.94
48.94
50.06
50.69
49.88
49.13
47.38
47.50
47.63
47.13
48.32
48.11
48.50
47.84
49.95
49.06
48.42
48.15
48.35
47.99
48.20
48.50
47.12
47.26
47.48
47.43
45.82
44.67
45.17
45.23
45.85
45.63
43.73
44.49
44.15
44.40
44.20
45.17
44.19
42.07
41.70
40.44
40.50
40.38
39.25
39.33
37.00
36.38
36.85
38.66
40.00
39.88
39.56
42.08
40.50
39.40
38.25
38.34
37.96
37.68
38.38
39.99
39.50
39.25
39.25
45.00
43.79
42.71
41.35
41.48
41.40
42.73
43.90
44.13
43.02
43.85
42.75
44.23
43.74
42.26
41.97
43.19
42.92
42.58
42.63
44.58
44.73
44.49
45.25
46.55
45.75
45.08
44.60
43.58
43.20
42.83
42.46
42.85
43.05
42.56
41.60
41.28
41.93
42.17
42.68
40.32
39.68
39.24
39.09
39.60
40.90
40.97
41.00
39.50
39.50
40.00
39.74
39.95
40.06
39.97
39.30
38.50
38.19
37.46
38.63
39.43
39.40
38.92
38.79
38.60
38.16
38.50
38.35
38.10
38.90
39.50
39.75
40.80
41.56
41.92
41.11
40.20
40.65
40.30
39.82
39.92
40.05
40.14
39.78
38.60
38.15
38.18
38.06
37.23
38.00
38.32
38.43
38.30
37.48
37.00
37.10
37.25
36.94
36.11
35.08
35.32
30.30
29.65
27.50
27.50
26.90
27.75
28.02
27.69
27.65
29.70
29.59
29.59
30.09
30.28
29.15
27.55
29.00
30.50
30.69
30.10
31.75
31.60
32.19
30.28
30.09
30.70
30.90
30.54
30.78
30.94
30.58
30.14
30.21
29.90
30.05
30.90
30.85
31.80
33.40
33.10
32.71
32.70
33.83
34.68
33.80
34.30
34.17
33.78
34.37
35.15
35.26
34.65
33.65
33.40
32.49
33.50
35.00
35.44
35.20
34.74
35.25
33.50
33.17
32.52
33.22
33.56
34.94
34.82
34.70
34.58
35.15
35.30
36.20
36.34
35.98
36.68
37.81
38.14
37.61
38.10
37.99
38.00
37.22
37.81
37.40
37.47
37.45
37.83
37.35
37.48
37.45
37.18
36.35
35.30
35.85
35.41
34.91
34.50
34.25
33.95
34.25
33.75
33.45
34.10
35.25
34.69
34.20
33.99
34.47
33.98
35.10
35.55
36.60
37.20
37.35
39.50
39.99
40.00
39.99
41.30
41.84
41.38
41.00
40.71
42.16
42.48
42.70
42.48
41.60
41.68
41.10
41.37
41.25
41.65
40.50
40.20
40.69
40.28
40.95
41.08
41.95
42.02
41.50
40.79
40.75
41.67
42.05
42.50
43.50
43.74
43.88
43.39
43.09
43.08
42.20
41.32
41.83
42.30
42.22
42.10
41.28
43.00
43.10
42.42
43.45
44.60
44.91
44.90
44.91
44.20
43.89
42.65
43.08
43.32
42.68
42.78
42.59
43.38
43.08
41.00
41.18
41.12
39.78
39.94
40.05
38.45
37.14
36.29
38.50
39.38
39.16
38.10
37.58
37.73
37.80
36.10
37.40
38.08
37.62
37.55
36.50
37.48
37.98
37.79
36.97
35.75
35.54
34.44
34.60
34.50
34.60
33.08
31.82
29.86
30.60
31.35
31.00
33.65
34.10
35.35
34.75
34.13
33.20
32.92
33.28
35.45
36.15
35.93
36.43
36.50
37.52
37.33
37.70
37.39
37.22
38.44
37.97
38.25
38.47
36.93
36.39
36.94
35.60
34.67
34.60
35.07
35.05
35.00
36.15
34.58
34.50
34.97
35.40
33.09
32.60
32.30
31.66
32.15
32.00
33.14
33.14
31.60
32.72
32.73
31.65
30.23
28.71
28.72
28.20
29.50
31.66
31.40
34.13
33.53
34.10
34.73
34.94
34.70
34.00
34.08
33.25
35.05
34.93
36.24
36.50
36.45
39.11
37.15
37.00
36.45
36.30
35.50
35.65
36.00
36.97
37.66
38.00
37.85
39.06
39.74
39.84
39.83
39.38
39.65
39.60
39.75
38.62
37.98
38.19
37.98
37.45
37.13
36.96
37.25
36.66
36.92
37.55
36.80
36.70
37.17
37.48
36.90
37.35
36.47
35.99
35.55
36.72
37.13
38.29
38.20
38.19
38.52
38.58
38.95
38.95
38.39
37.99
37.60
37.30
35.96
35.55
35.28
34.25
35.36
35.57
35.60
35.90
36.14
35.26
35.59
34.45
34.50
33.75
34.13
33.18
32.74
33.26
34.91
34.44
34.35
34.00
33.43
33.25
33.20
33.57
33.92
34.10
33.24
33.18
33.14
33.53
32.89
32.28
31.74
33.18
34.08
35.75
36.10
36.85
37.00
37.98
36.97
36.01
35.38
34.81
34.32
33.67
33.85
35.24
35.34
35.49
37.00
35.77
35.67
34.99
35.60
35.64
36.90
37.23
37.33
37.30
37.99
37.95
37.42
37.20
37.76
38.50
38.12
38.04
38.64
38.75
39.52
39.38
39.01
39.87
40.94
40.65
40.92
40.99
41.26
40.42
40.17
40.26
40.23
40.27
41.14
42.20
42.10
42.20
43.09
42.88
43.55
43.95
44.62
43.37
43.50
43.82
43.97
43.83
44.60
44.84
44.42
44.20
44.00
42.96
42.65
43.22
42.69
43.02
42.76
42.03
42.40
42.57
43.89
44.33
44.62
43.69
44.09
46.35
46.10
45.77
45.23
45.61
45.47
44.98
44.95
45.73
45.61
46.19
45.63
44.81
44.88
44.16
43.83
43.55
44.20
44.38
44.58
44.45
45.00
45.02
45.63
45.75
45.88
45.82
45.79
46.19
46.40
45.41
45.14
44.99
45.04
45.14
45.72
45.80
45.68
45.71
45.88
45.80
45.69
45.83
45.40
45.09
45.34
45.73
47.26
47.21
47.12
47.32
47.45
46.38
45.37
45.85
45.69
46.06
46.36
47.12
46.93
46.91
46.85
47.50
47.94
48.38
49.01
49.11
48.81
48.49
48.09
48.73
48.40
47.89
47.78
48.25
47.54
47.71
47.58
47.20
47.40
47.20
47.36
47.82
47.75
46.45
46.10
46.18
46.03
45.78
44.51
44.70
44.97
45.15
45.04
45.30
45.49
45.89
45.95
46.34
46.04
46.21
46.24
45.95
46.15
46.24
45.79
45.43
45.55
46.15
45.84
45.38
46.86
47.43
47.46
47.70
47.93
47.89
48.50
48.39
48.39
48.55
48.33
48.33
48.44
48.73
48.30
48.30
48.00
48.90
49.75
50.03
50.29
50.49
50.50
50.64
50.95
50.95
51.40
51.30
51.97
52.99
52.94
52.60
52.36
53.14
53.63
53.45
53.98
53.65
53.65
53.87
53.88
53.84
53.50
53.28
53.22
54.50
53.64
53.86
53.91
53.90
53.63
53.61
53.62
53.39
53.30
53.25
52.64
52.38
51.88
51.43
51.26
51.90
51.71
51.00
50.66
50.49
50.36
50.40
51.06
52.02
51.91
52.42
52.75
52.60
52.45
52.64
52.82
52.64
52.45
51.23
50.26
50.71
50.60
50.27
49.88
50.91
50.64
50.31
50.78
49.98
49.50
49.35
49.46
49.91
49.75
49.47
49.27
48.64
48.60
48.38
48.70
49.03
49.30
49.05
49.66
49.44
49.97
50.00
50.50
50.58
51.18
50.95
50.72
51.08
51.01
51.25
51.50
51.68
51.61
51.40
51.19
51.49
51.60
51.60
51.97
52.18
51.65
51.45
51.32
51.35
51.50
51.42
51.60
51.77
51.48
51.19
51.65
50.95
50.57
50.05
49.66
49.72
49.44
49.20
49.00
49.12
49.65
48.47
48.30
49.00
49.50
49.94
50.20
50.25
50.40
50.28
50.50
50.21
49.80
49.57
50.17
50.23
50.17
49.60
49.64
49.91
50.03
50.04
50.01
50.04
49.95
49.99
50.21
50.18
49.96
50.02
50.24
50.50
50.64
51.10
51.13
51.01
51.37
51.74
51.38
51.33
51.13
51.49
51.35
51.56
51.25
51.10
51.45
51.17
51.00
51.38
51.57
51.96
52.71
52.94
53.27
53.44
52.98
52.70
52.77
52.85
52.34
53.20
52.75
53.05
52.18
52.44
52.58
52.08
51.97
52.69
53.03
53.15
53.20
54.57
54.90
54.97
55.30
54.98
54.95
54.88
55.48
55.63
56.09
56.10
56.45
56.39
56.18
56.27
56.33
56.50
56.33
56.50
56.01
56.47
56.60
56.33
56.44
56.31
56.12
55.39
55.60
55.45
56.40
56.23
56.16
56.25
56.34
56.65
57.05
57.00
56.60
56.54
56.40
56.68
56.84
56.93
55.99
55.07
54.52
54.34
54.16
53.70
53.51
53.87
53.14
53.20
53.47
52.90
52.60
52.98
53.72
53.54
53.24
52.95
53.61
58.03
56.40
55.70
56.00
55.74
55.37
55.51
55.35
55.53
55.16
54.79
54.81
54.93
54.41
54.36
54.14
54.53
54.75
54.72
54.81
55.21
55.14
55.44
55.17
54.97
54.34
54.17
54.11
54.19
54.10
53.30
52.75
52.89
52.65
52.48
51.18
50.88
51.43
51.29
51.58
51.80
51.94
51.45
51.34
51.86
51.88
51.85
51.67
52.32
52.55
52.20
52.01
51.37
51.20
50.49
50.95
50.55
51.09
51.55
52.37
51.99
52.70
53.20
53.39
53.61
53.45
53.50
53.19
52.81
52.69
52.96
52.12
52.54
52.73
53.59
53.70
53.16
53.37
53.01
52.95
52.96
53.35
54.02
54.50
54.35
54.52
54.36
54.97
55.06
54.94
54.75
55.15
55.28
55.17
55.24
55.30
54.76
54.89
55.10
54.69
54.12
53.83
54.07
53.94
54.55
53.69
54.04
53.88
53.50
53.95
54.30
54.05
54.02
54.22
54.08
53.55
53.55
53.98
54.55
54.73
55.30
54.80
55.02
55.56
55.61
55.25
55.46
55.48
56.16
56.05
56.00
55.92
56.84
56.95
56.85
56.69
56.74
56.30
56.20
56.24
56.56
56.51
56.35
55.77
55.73
55.99
55.80
55.35
55.36
55.63
57.03
57.40
57.54
58.65
59.26
58.48
57.93
57.61
59.50
59.30
59.38
58.35
57.03
57.12
57.70
57.00
57.11
57.65
57.45
50.83
51.48
50.53
50.62
50.40
50.21
49.60
49.40
48.40
48.64
48.16
48.14
48.97
48.97
48.00
49.70
50.63
50.35
50.20
49.59
50.02
49.80
50.02
50.29
50.05
50.00
49.65
49.51
50.09
50.54
50.94
51.35
51.50
50.45
50.00
51.00
51.83
52.60
52.90
53.06
53.00
52.55
52.27
52.25
51.61
51.93
51.39
51.33
51.44
51.48
51.11
51.57
51.70
52.07
51.85
52.00
52.65
52.72
52.50
52.56
51.65
51.55
51.66
52.58
52.57
52.51
52.87
53.99
53.91
53.82
53.70
53.92
53.25
53.07
53.10
52.59
52.35
52.97
53.25
53.48
53.49
53.22
52.91
52.82
52.86
52.88
52.40
52.45
52.86
53.74
53.44
53.49
53.95
54.24
54.48
54.49
54.57
54.95
55.00
54.95
54.94
54.49
54.20
54.29
54.35
54.13
54.00
54.05
53.92
54.31
54.49
54.06
54.14
54.35
54.66
55.00
54.02
53.70
53.55
53.28
53.46
53.47
52.91
52.55
52.78
53.10
53.23
53.45
52.84
52.58
52.14
51.93
51.49
51.28
51.41
52.34
52.33
52.63
52.98
52.63
51.85
51.95
53.70
54.14
53.96
53.13
52.58
52.92
53.92
54.02
53.76
53.84
53.58
53.17
53.25
53.23
52.75
52.40
52.34
52.57
52.54
53.64
54.25
54.52
54.41
54.41
54.81
54.91
54.70
53.96
54.17
53.96
53.77
53.74
53.55
52.76
53.65
53.57
52.97
53.45
53.47
52.99
53.02
53.00
53.00
52.78
53.92
54.29
53.87
53.20
52.90
52.55
52.48
52.59
52.87
52.06
51.43
51.56
51.36
52.34
52.15
51.75
51.68
51.65
51.95
52.07
52.37
52.19
52.18
52.15
52.23
52.93
52.51
53.00
52.53
52.07
51.89
52.20
52.97
53.14
53.72
53.53
53.41
53.43
53.22
53.30
53.00
53.12
53.03
52.69
52.66
52.73
52.86
52.54
52.69
52.87
52.63
52.83
53.53
53.64
54.00
53.82
53.60
54.34
55.07
54.49
55.16
56.11
56.04
56.19
56.10
56.08
56.00
56.62
56.65
56.60
56.67
57.66
57.72
57.95
58.02
58.00
58.16
58.43
58.11
58.24
58.34
57.11
57.09
57.98
57.80
57.48
57.81
58.36
57.55
57.70
58.24
58.65
59.50
59.13
58.95
59.06
59.43
59.64
59.70
59.90
59.86
59.88
59.90
59.93
59.90
59.03
59.08
59.03
58.87
59.98
59.98
59.92
60.05
59.85
59.99
59.25
60.05
62.05
62.30
62.50
62.00
61.69
61.60
61.09
61.24
61.81
61.93
61.31
61.90
60.57
59.87
59.76
59.95
59.37
59.57
59.41
59.18
59.50
59.43
59.23
58.63
58.15
58.93
58.93
58.05
57.96
58.03
58.45
58.67
58.50
58.48
58.50
58.85
58.68
58.97
57.69
57.78
59.05
59.12
59.15
59.01
58.80
58.77
58.30
58.48
57.03
57.46
57.00
56.45
55.97
56.46
56.27
57.00
57.35
56.96
56.60
56.14
56.24
56.56
56.30
56.41
57.75
57.60
57.91
57.57
57.05
56.36
56.68
56.94
56.69
56.46
56.48
56.18
56.46
56.80
56.80
56.58
57.50
58.72
58.50
58.53
59.10
61.16
61.74
61.31
62.50
62.74
62.50
62.48
61.36
62.78
63.46
63.67
63.50
63.30
63.45
63.22
63.12
63.14
63.50
64.00
64.05
64.28
64.45
64.50
64.66
64.79
64.16
64.38
65.00
65.10
65.11
65.24
65.11
64.79
64.00
63.07
63.42
63.25
63.19
64.01
63.90
64.65
63.38
63.56
62.85
62.66
62.72
62.63
61.62
61.97
61.76
61.93
62.63
62.52
61.80
62.49
62.49
60.83
63.39
63.39
62.72
64.95
65.27
65.89
65.67
65.49
63.50
61.77
61.84
60.75
60.35
62.65
59.76
61.07
60.91
60.30
60.92
63.88
62.54
61.20
61.45
59.79
58.36
58.81
60.18
59.90
59.56
60.17
60.89
60.98
60.89
59.71
58.19
58.30
59.17
61.43
60.17
59.99
58.90
59.35
59.50
59.75
60.75
59.37
58.92
61.28
62.27
61.25
60.57
59.74
58.96
59.53
59.76
59.99
61.32
61.43
60.40
60.67
61.98
61.41
62.91
62.51
63.63
63.36
63.50
61.94
61.23
59.45
58.65
57.13
58.95
58.95
60.20
61.00
61.15
60.96
61.55
60.49
58.90
58.67
58.80
57.87
56.90
58.28
57.75
59.38
60.00
59.34
59.19
58.35
57.95
56.55
55.74
55.89
55.88
58.04
57.37
59.30
59.23
58.37
58.03
59.79
58.13
57.80
57.55
56.50
54.04
54.20
53.04
52.74
52.49
52.50
52.49
53.30
53.45
52.74
51.85
52.57
52.32
51.50
49.99
50.10
49.70
49.09
49.73
44.87
44.87
44.42
44.82
45.25
44.71
45.20
46.60
48.66
48.23
47.44
48.19
49.10
50.10
50.04
49.00
47.08
47.23
47.16
45.94
44.94
46.20
47.00
47.00
46.12
46.03
45.43
45.77
45.14
45.42
46.27
46.81
45.50
44.09
42.67
42.79
43.37
42.11
42.57
41.56
43.93
44.99
43.31
43.13
42.30
43.71
44.48
46.13
48.75
48.33
47.36
46.18
45.40
44.40
47.22
47.73
46.91
46.95
47.38
47.25
46.75
45.91
44.60
43.35
44.03
44.10
45.00
46.90
46.01
45.57
44.88
45.50
48.00
48.55
48.47
48.97
51.50
52.63
51.44
51.02
51.10
49.22
50.08
50.09
50.08
50.02
50.25
49.99
49.68
48.19
47.44
46.81
46.22
46.70
46.38
47.26
47.32
46.25
45.66
47.05
47.47
46.80
45.73
45.20
44.50
44.49
44.78
45.82
45.17
43.12
42.79
42.30
41.71
42.49
42.28
40.45
39.60
38.68
40.14
40.90
40.89
41.45
41.80
41.59
39.68
40.40
40.00
38.88
39.67
42.25
42.35
42.50
38.55
39.80
39.66
38.09
37.04
37.56
38.40
38.00
37.43
37.30
38.81
38.48
38.27
38.31
40.17
39.04
37.87
38.40
39.71
39.34
37.29
38.25
37.54
38.95
38.49
38.34
38.90
40.47
40.14
41.78
41.00
40.10
39.47
41.80
40.85
39.46
38.90
39.35
38.70
36.15
35.88
38.25
41.10
40.50
38.50
38.72
39.35
39.58
38.16
35.68
35.80
35.30
33.50
31.34
32.50
30.35
28.54
25.00
28.23
31.64
27.34
24.88
25.44
24.41
27.08
26.17
25.20
24.74
24.79
25.68
26.73
26.77
27.93
28.66
30.26
29.83
27.81
25.58
26.04
23.50
21.25
21.64
21.50
20.53
20.18
19.63
19.14
19.03
21.82
22.45
22.53
23.36
22.72
20.88
22.19
22.42
22.26
24.86
24.39
22.55
21.44
20.64
20.68
20.20
20.43
20.19
19.87
19.49
18.84
18.15
18.15
18.10
18.13
18.75
19.52
20.24
21.38
20.72
20.17
20.30
19.43
19.39
18.67
18.39
17.98
17.15
16.98
16.80
16.31
16.35
16.83
18.10
17.85
17.70
17.12
17.08
17.07
17.78
18.27
17.94
17.80
16.65
16.27
16.33
15.40
14.24
14.51
13.20
13.35
13.77
13.70
13.90
12.93
12.08
12.50
12.23
11.47
10.66
11.20
12.20
12.15
13.38
13.39
14.15
12.92
14.17
14.57
13.19
14.72
14.80
14.37
15.24
14.72
13.86
13.84
14.64
15.30
15.33
15.27
15.38
16.08
18.90
20.73
20.47
20.70
21.01
22.32
20.75
19.62
20.67
21.30
25.61
25.11
24.89
25.47
26.33
25.40
27.39
27.23
28.45
28.29
28.43
27.34
26.44
24.79
24.92
25.32
26.32
26.29
25.74
24.27
24.18
24.66
24.85
24.31
25.30
26.56
25.22
24.99
25.50
26.02
25.87
27.02
27.40
26.92
25.69
25.58
25.54
24.80
24.35
24.89
24.52
23.54
23.72
24.56
24.40
24.47
24.33
23.55
22.80
23.55
23.55
23.16
23.23
23.38
24.54
24.62
27.75
28.56
28.32
28.98
29.54
29.15
30.00
29.86
29.60
28.03
28.11
28.80
28.39
29.09
29.04
30.66
32.24
33.70
32.97
32.48
32.15
32.06
32.09
30.89
31.95
31.76
32.62
33.07
33.93
33.33
33.20
34.23
34.50
33.97
33.90
32.53
32.50
32.86
33.63
34.29
34.50
34.56
34.15
34.87
36.39
36.50
35.18
34.50
34.36
34.33
34.00
34.03
34.51
34.89
34.85
33.89
33.23
33.50
33.75
34.05
35.07
35.10
35.44
35.68
35.31
35.59
35.41
35.91
36.20
36.36
36.44
37.17
35.90
36.16
35.94
36.47
36.25
35.88
36.15
36.72
37.83
37.98
39.16
39.86
40.60
40.30
40.41
41.98
41.41
41.62
41.50
41.09
42.20
41.65
41.91
41.40
41.89
42.25
41.25
41.03
40.60
40.14
39.61
39.98
40.29
40.78
41.64
41.47
41.86
41.08
40.75
41.17
41.53
41.84
41.70
41.79
41.25
40.83
41.08
41.10
41.23
41.67
42.24
42.48
41.96
42.35
42.24
42.74
42.84
43.05
43.25
43.10
41.49
39.29
39.23
38.84
38.67
38.77
38.31
39.17
38.91
38.58
37.97
37.87
37.84
38.04
38.48
38.54
39.63
39.58
39.27
39.18
39.24
38.74
38.70
38.13
38.32
38.28
38.94
38.95
39.00
40.25
40.34
39.94
39.94
40.15
41.00
40.97
41.03
41.31
41.06
41.28
41.24
41.37
41.46
42.28
41.77
41.68
41.49
41.60
41.90
42.68
43.14
43.37
43.84
44.09
44.58
45.06
46.63
46.68
46.61
45.79
46.29
46.38
47.11
49.19
47.97
47.49
46.37
47.81
48.03
47.37
46.80
46.19
45.14
42.84
43.30
44.27
44.21
44.06
42.11
41.74
41.74
40.78
40.57
40.06
40.00
39.00
39.66
40.42
40.71
40.30
41.00
41.37
39.83
39.05
38.52
39.24
40.12
40.20
40.68
41.64
42.51
42.73
42.26
43.14
42.92
42.48
42.34
42.67
42.74
41.54
40.60
40.08
39.89
40.33
41.22
42.18
42.61
42.96
44.43
44.17
44.00
43.17
41.84
42.21
42.65
43.49
44.87
45.55
45.68
44.98
45.00
44.89
45.20
45.00
45.04
44.00
43.50
44.05
44.22
43.39
42.96
42.32
41.96
42.01
41.89
41.53
41.07
40.95
39.98
39.94
40.38
40.93
40.92
40.39
41.35
41.28
41.83
41.53
40.66
41.06
40.72
41.41
41.14
40.94
41.12
41.48
43.29
43.38
43.13
43.00
43.23
43.80
43.87
43.93
43.50
42.56
41.79
39.33
38.68
38.18
38.17
38.45
38.76
39.86
39.61
39.80
39.58
40.37
39.94
40.35
40.49
39.68
40.25
40.79
41.59
41.48
41.97
42.59
42.55
43.92
44.27
44.00
44.05
43.66
43.54
43.32
43.37
42.65
42.09
42.52
42.80
42.75
42.19
43.06
42.63
43.44
43.40
44.48
45.07
45.00
45.06
45.64
45.65
45.90
46.35
46.78
46.77
46.78
46.41
44.84
44.86
43.40
43.39
43.35
43.25
43.11
42.98
42.83
42.97
43.62
44.41
45.16
45.60
44.96
44.64
45.44
45.79
45.36
46.56
46.71
45.70
45.65
46.20
46.28
45.25
44.94
44.78
44.60
44.23
43.88
44.05
43.74
43.90
45.10
45.97
46.05
46.58
46.79
46.93
46.85
46.92
46.68
45.67
45.12
44.52
43.95
43.77
43.95
43.94
43.42
44.44
44.68
44.58
45.54
45.37
44.68
44.31
44.21
43.96
43.71
43.46
44.47
44.86
45.00
45.11
45.61
45.61
46.10
45.99
46.29
46.01
45.77
45.63
45.61
46.41
46.37
46.49
46.95
46.43
46.59
46.11
46.49
46.19
46.83
47.48
47.31
47.50
47.24
47.72
48.57
49.15
49.81
50.09
50.00
49.96
50.47
50.42
50.46
50.20
49.80
49.99
50.61
50.80
51.10
51.93
51.97
51.26
51.38
50.69
50.91
51.23
51.70
51.33
50.46
49.84
49.33
49.38
49.30
49.01
48.29
48.31
49.14
47.94
48.53
48.76
49.35
49.69
50.15
49.47
49.36
49.78
49.99
51.04
51.82
52.50
52.63
52.86
53.80
53.10
52.86
53.36
53.10
52.43
52.08
51.67
52.62
52.70
53.28
53.03
52.30
51.89
51.26
51.28
50.37
50.61
49.97
48.94
48.41
48.28
46.77
46.13
45.04
45.78
46.74
45.98
45.86
45.90
44.44
45.15
45.46
46.43
48.24
49.28
48.79
49.35
49.06
49.98
49.99
49.23
48.17
49.98
50.53
49.24
47.63
48.09
49.61
49.75
50.18
49.44
49.98
50.35
48.12
46.62
47.62
48.66
48.03
47.80
46.15
45.48
43.56
43.62
44.52
44.89
45.49
46.11
47.65
46.71
47.22
46.15
47.04
46.99
46.29
48.47
50.24
50.30
50.84
52.35
52.21
52.04
50.13
50.86
51.82
51.42
51.33
51.60
50.64
49.94
50.58
50.11
50.39
49.52
48.21
47.10
46.39
46.31
45.69
45.40
46.56
46.26
48.07
48.09
49.02
49.31
48.98
49.39
49.01
49.04
48.26
48.64
47.49
47.72
47.37
47.08
48.10
48.49
48.00
47.96
48.17
47.80
47.57
47.69
48.96
48.38
49.25
48.97
48.70
49.12
49.08
49.69
49.80
50.45
50.97
51.00
50.08
50.64
49.60
50.50
50.68
50.28
49.46
50.19
50.94
51.43
52.45
52.12
52.61
52.09
52.60
52.20
52.30
52.17
52.42
53.03
53.31
52.99
53.09
53.03
53.42
54.45
53.97
53.84
53.88
53.58
53.01
52.54
52.41
53.09
53.47
53.24
54.25
56.28
56.76
57.38
57.50
57.24
57.50
57.55
57.53
58.75
59.18
59.26
58.44
58.31
58.33
58.50
58.09
58.20
57.37
57.59
57.16
58.07
58.09
58.06
58.39
58.70
58.31
57.81
57.39
57.76
59.00
59.72
60.96
60.31
61.17
61.42
61.33
60.71
60.65
60.20
59.99
59.95
60.07
59.44
58.87
58.79
57.43
55.84
56.52
57.24
56.10
56.36
56.36
56.78
55.99
56.16
55.32
54.11
54.10
55.38
56.37
55.86
56.61
56.54
56.50
55.27
56.33
56.30
57.16
57.87
57.87
57.10
56.52
56.34
56.96
56.77
58.21
59.11
59.46
59.73
59.07
58.61
59.69
58.29
57.50
57.97
58.95
59.22
58.97
57.66
56.50
55.96
55.92
56.28
57.87
58.78
59.07
58.34
57.86
56.71
57.79
57.98
58.14
58.38
57.67
56.30
56.24
56.78
56.90
57.54
57.67
57.37
57.15
57.07
56.80
57.60
57.86
57.81
57.76
57.46
58.44
58.86
58.59
58.00
57.85
58.03
57.48
57.77
59.29
59.30
59.37
58.99
59.04
58.83
58.58
57.84
58.27
57.23
56.82
57.21
58.39
58.23
57.56
58.67
58.73
58.89
59.00
58.69
58.60
58.50
57.98
58.72
59.40
58.97
57.70
57.10
56.27
55.95
55.67
56.09
56.06
57.12
57.43
56.49
57.48
56.63
56.29
56.37
56.10
55.52
55.00
53.95
54.57
55.27
55.88
56.17
56.55
56.34
55.72
55.60
56.26
56.09
56.53
56.19
56.66
56.33
56.64
56.95
57.59
58.35
58.00
57.65
57.35
58.22
57.69
57.41
57.81
57.94
57.71
57.25
57.04
57.49
58.95
59.26
59.66
59.99
60.32
60.90
60.79
61.97
61.39
60.84
60.85
61.20
60.28
59.90
59.29
59.51
59.70
59.55
59.57
59.67
59.82
60.12
59.74
60.90
60.81
62.34
62.33
62.05
62.56
62.76
62.65
62.68
62.40
62.47
62.00
62.58
63.00
62.18
62.60
62.65
62.49
63.00
64.42
64.94
64.88
64.76
65.62
65.79
65.60
65.75
66.43
66.13
66.14
66.14
65.99
66.35
66.77
67.24
67.26
67.48
67.75
67.76
67.69
66.96
65.80
65.78
65.68
65.58
65.93
65.85
65.60
65.05
64.31
65.89
67.25
67.25
67.54
67.62
69.05
68.40
68.20
68.48
68.85
69.47
71.09
70.58
70.46
70.42
70.51
70.25
70.21
71.61
73.04
72.95
73.38
74.54
75.46
77.01
74.99
75.35
77.12
76.65
76.90
77.39
76.67
77.24
76.28
76.25
78.12
78.61
77.85
77.00
75.26
74.98
74.21
75.47
75.10
74.00
73.79
72.84
73.65
74.25
75.43
75.33
76.46
76.29
74.78
76.37
77.81
77.95
77.57
77.62
78.45
78.63
78.34
77.45
75.75
74.74
75.20
75.18
76.07
75.81
75.55
75.36
75.54
75.86
76.10
75.73
76.04
76.10
75.71
77.27
76.36
75.61
76.44
76.43
75.43
75.35
75.21
74.67
74.33
74.00
74.00
74.47
72.93
72.34
72.62
72.24
73.41
73.50
74.23
74.02
73.81
74.66
75.22
75.61
75.75
76.43
77.00
77.81
77.90
77.89
77.66
76.94
76.56
77.00
76.09
75.85
76.01
75.29
74.29
74.33
73.53
73.10
72.71
74.67
75.44
76.11
76.36
76.75
80.40
80.68
80.99
81.17
80.82
81.00
82.67
83.14
83.74
83.83
82.99
82.64
82.64
82.13
82.60
82.60
81.95
81.68
81.35
81.47
81.91
83.26
82.98
82.88
83.42
84.00
83.93
84.76
85.59
85.66
86.19
86.53
85.33
85.24
84.99
86.09
86.40
85.74
85.67
84.28
83.92
84.97
84.72
86.12
86.53
87.78
88.58
88.74
89.23
89.51
89.62
90.79
91.08
90.08
90.25
90.70
89.64
89.93
89.56
89.00
87.45
88.53
88.24
93.62
92.71
91.42
90.49
89.37
87.77
87.18
86.90
86.98
85.91
85.42
84.71
84.12
85.76
87.17
88.96
88.84
89.05
88.98
89.27
89.14
90.32
89.23
89.41
90.43
90.37
90.69
90.43
92.14
90.63
92.68
92.59
93.64
94.35
93.88
93.88
92.92
93.48
91.22
91.73
91.97
91.96
91.90
93.72
91.75
91.90
91.69
90.43
91.56
91.94
91.23
91.09
91.20
91.40
89.43
86.80
88.72
88.75
85.45
86.34
86.73
87.48
87.92
86.86
87.44
87.64
87.98
87.30
87.58
87.95
87.66
87.58
87.31
87.42
87.25
88.05
89.28
89.03
89.97
90.00
89.43
88.58
87.76
88.22
88.05
88.14
88.39
88.86
91.47
91.36
91.30
91.68
92.11
91.85
91.90
93.21
94.94
95.88
95.39
95.26
95.48
95.17
94.75
95.20
95.59
95.70
96.04
95.75
95.55
95.21
94.94
95.05
95.34
96.24
95.78
95.94
95.66
95.01
95.55
94.81
94.59
95.58
95.16
95.09
94.70
93.93
93.40
94.06
93.59
93.62
93.07
92.03
92.23
92.32
90.26
87.74
87.24
87.02
86.79
87.14
87.51
88.16
87.09
88.07
87.80
87.88
87.48
88.28
88.65
89.33
89.51
90.22
89.93
89.59
89.33
89.70
90.13
90.49
90.46
89.74
89.83
88.90
88.66
88.60
88.30
88.35
88.70
89.56
90.59
90.68
90.09
89.26
88.65
88.82
88.67
88.03
88.32
87.31
86.50
87.31
87.97
86.45
87.47
87.98
86.70
85.25
83.39
81.79
81.47
84.52
84.10
85.66
85.87
85.85
86.43
86.75
88.01
88.99
89.49
90.60
91.21
91.43
92.45
92.20
92.48
92.43
92.59
91.67
91.70
91.24
90.26
90.93
90.76
90.91
