0.0
-4.91803278689
11.4155251142
-7.05373058314
38.9105058366
-6.17324925324
-19.9946893255
14.7005076142
-21.01042502
40.0966183575
29.4502617801
20.5258545136
-32.2366076731
6.96226654809
-6.33107223611
-9.31361968487
-0.408426483233
-0.085910652921
10.7253269917
-3.01003344482
-9.4696178743
11.1136890951
9.16919959473
-1.91304347826
-3.85763764481
1.98538367844
7.36236432588
-8.96428571429
-15.0571341895
3.36573638549
-12.4542459736
-7.87388298769
18.7149719776
-13.8620689655
-5.01146413364
37.2134831461
5.07674144038
-15.2576288144
-3.54178729975
-17.716191535
-2.74173617547
0.348756103232
-1.11128142244
-6.57310611485
-5.40503928475
-9.94815492528
-5.80293019247
-6.73561247455
2.92868567647
-10.4995557311
9.35492577598
-10.9332179432
6.96322962201
-7.07732008028
7.86597938144
4.21143102707
1.08601216334
-6.88173130404
4.92333810812
2.70815170009
