111.88
110.88
112.12
113.50
110.62
115.38
116.62
118.25
115.75
117.50
115.00
112.69
119.00
119.94
116.56
116.00
116.00
111.62
110.06
109.62
109.12
110.38
114.06
114.81
113.12
116.19
117.00
116.88
114.56
114.50
113.88
115.25
115.75
111.50
108.75
108.50
108.19
104.94
103.94
100.94
100.06
99.50
106.06
101.00
101.69
102.75
104.12
105.00
102.50
107.38
106.12
107.88
107.69
109.94
111.94
113.88
111.62
115.06
124.62
122.06
118.50
118.69
117.06
119.44
115.06
119.75
122.62
121.50
121.56
117.81
111.69
110.00
102.88
103.31
110.06
102.81
102.06
101.25
106.44
109.00
108.69
110.12
110.44
110.69
106.56
107.19
106.50
107.62
108.25
102.06
103.19
103.25
102.00
105.00
106.12
104.69
105.00
103.44
107.12
104.19
106.38
104.56
107.69
107.19
105.50
107.62
108.44
111.25
111.50
117.50
118.88
118.84
116.75
115.50
115.88
113.25
113.25
115.38
113.50
111.25
110.81
112.88
108.75
109.88
110.06
108.62
108.31
101.12
100.00
101.62
102.88
101.00
102.62
102.00
103.12
104.19
102.62
101.00
111.75
113.75
111.62
110.25
108.88
109.31
108.88
110.06
110.25
110.75
112.31
114.31
115.81
115.56
118.75
117.88
119.19
119.31
120.75
119.50
119.50
120.12
120.06
121.00
119.88
122.69
124.25
129.75
131.00
129.56
131.62
132.62
130.81
130.38
131.88
129.38
123.62
124.06
122.75
126.31
124.75
123.06
122.56
123.50
120.00
121.31
121.00
118.38
115.50
115.00
110.25
112.62
110.00
108.56
111.56
112.75
114.31
112.44
107.50
103.12
104.19
108.56
108.56
90.25
92.69
94.19
91.06
90.19
86.94
87.62
91.00
90.31
93.75
97.25
98.50
99.38
99.44
100.69
99.25
95.69
93.00
91.62
98.50
97.62
98.25
98.25
100.88
98.50
98.31
99.25
98.44
97.38
96.69
92.25
94.38
95.75
99.62
94.81
93.12
95.75
93.75
92.50
90.69
91.81
87.31
88.38
89.81
84.81
80.06
84.50
84.25
83.56
82.12
84.25
84.12
83.75
92.69
91.00
91.56
91.44
91.69
91.25
92.38
91.81
94.31
103.50
107.25
108.19
107.62
108.94
109.44
109.19
112.47
113.40
112.00
111.20
109.60
109.30
111.20
112.67
114.03
111.00
110.30
113.07
112.50
116.38
113.94
110.78
107.29
103.38
100.25
101.83
102.56
99.10
97.50
100.94
102.64
105.25
105.66
105.37
97.90
95.02
94.20
93.34
95.17
88.20
89.20
88.10
87.75
87.65
90.29
93.75
93.97
94.25
94.26
95.14
93.58
90.10
90.05
95.53
96.40
93.80
96.56
95.80
95.15
95.20
97.00
102.30
110.45
113.75
111.68
112.30
111.99
113.68
114.55
114.72
114.90
113.74
112.35
111.20
115.00
115.50
115.30
115.20
110.96
111.00
112.50
112.20
115.05
114.90
117.55
117.25
117.10
117.50
117.76
115.08
112.00
111.64
111.90
112.85
113.56
116.50
117.00
115.60
116.10
115.55
116.53
113.99
113.38
113.31
114.56
111.76
111.36
112.50
111.78
111.10
112.45
113.75
113.00
112.96
112.76
111.79
105.81
103.65
101.60
101.56
105.62
106.11
107.28
104.75
103.20
103.10
103.03
105.30
103.79
102.73
102.93
104.11
104.76
105.15
105.31
107.21
107.10
105.79
105.26
104.10
102.70
102.81
104.65
105.40
105.01
103.66
103.90
102.80
101.40
101.76
103.00
103.41
106.64
104.87
103.82
98.86
99.24
99.29
99.61
97.65
96.00
95.59
92.55
93.68
92.45
92.85
89.50
91.80
93.41
90.30
87.49
89.90
91.34
92.10
92.40
96.80
95.37
96.75
96.76
94.90
96.50
98.00
99.85
99.66
102.90
100.78
100.07
101.90
104.55
106.09
106.75
109.62
108.62
107.76
108.07
106.90
108.77
109.08
109.00
113.03
113.61
113.10
112.05
115.70
113.33
113.84
112.55
113.77
114.25
113.05
113.72
115.20
114.07
112.10
111.81
113.80
113.21
113.38
116.65
119.80
118.75
119.41
119.80
120.06
120.12
119.41
120.15
121.35
121.01
122.15
121.71
121.10
121.81
122.64
122.35
120.95
119.80
120.25
123.98
123.70
123.73
124.15
121.42
120.28
117.10
117.72
117.25
117.26
112.81
110.33
107.00
107.07
108.10
107.06
102.41
101.00
104.46
106.64
105.99
106.00
105.33
103.86
102.61
104.51
106.06
106.12
107.20
101.70
98.86
97.00
96.01
95.76
97.12
95.99
96.70
97.82
98.50
103.13
104.16
104.75
103.24
104.82
103.60
105.51
106.70
106.59
105.59
106.23
106.49
105.49
104.70
105.07
103.50
102.30
102.50
103.39
102.40
100.51
98.90
99.50
97.25
85.35
87.10
88.20
83.34
84.40
84.70
85.58
84.00
86.90
87.60
87.36
87.24
86.27
85.77
84.70
83.55
83.53
81.67
83.13
81.11
76.00
75.92
78.20
79.00
79.25
79.50
82.19
84.05
83.40
85.00
83.93
83.30
82.74
82.52
82.62
81.69
81.00
80.22
80.40
78.00
77.60
79.11
78.89
77.00
76.60
75.20
73.25
75.30
73.25
75.16
75.47
73.25
71.43
68.19
67.25
68.41
66.10
69.10
71.25
67.16
67.70
67.87
72.00
71.03
69.45
68.53
67.55
68.80
66.60
68.48
69.62
70.00
70.00
68.31
66.66
65.70
67.30
65.76
68.00
70.02
69.11
67.22
67.12
65.85
66.61
66.80
68.35
70.40
70.61
71.19
71.35
74.60
75.98
79.01
80.18
79.55
80.20
79.35
77.80
77.30
75.67
75.15
75.10
72.30
71.60
71.50
73.07
71.85
73.85
74.06
71.64
71.31
71.23
71.35
68.86
64.65
63.90
62.37
59.55
60.99
61.33
60.31
57.99
58.99
58.35
58.95
55.77
56.60
54.80
54.81
54.01
61.50
61.54
66.58
64.24
71.23
70.26
72.94
73.62
72.46
71.75
72.16
74.56
74.20
76.02
78.50
78.32
81.70
80.47
80.05
78.32
77.20
76.70
77.30
77.98
79.40
79.01
79.08
77.84
77.90
82.05
83.80
83.52
84.39
85.85
86.76
86.30
85.15
82.82
82.60
81.07
79.50
78.60
79.99
79.70
78.27
79.05
80.03
78.24
78.35
78.88
79.44
79.76
78.26
76.61
75.60
77.10
78.19
80.21
81.81
83.75
84.07
84.75
85.70
87.35
87.22
86.95
85.38
81.18
80.50
79.39
79.80
78.82
77.61
78.36
78.57
78.30
77.02
77.75
76.25
76.87
76.51
76.61
76.45
77.31
76.50
74.31
75.35
77.91
78.82
78.71
78.16
78.56
76.90
77.30
76.75
77.00
77.12
76.53
76.25
76.70
75.71
75.50
75.20
73.17
75.31
78.11
77.84
81.49
81.08
80.64
82.76
82.23
81.74
81.18
80.51
80.50
78.31
78.12
79.90
81.71
80.04
80.25
78.47
78.63
78.13
78.45
78.16
79.71
82.74
81.89
83.10
82.60
84.96
84.63
83.86
83.62
84.97
84.68
84.47
84.45
86.52
86.00
86.50
85.75
86.40
87.10
88.56
88.30
89.00
88.95
86.41
84.89
85.08
85.80
85.10
84.51
87.40
87.20
87.45
87.25
83.24
83.83
81.75
79.84
79.81
81.21
82.29
83.55
82.51
82.55
83.80
83.22
84.50
84.69
82.97
82.85
82.09
82.82
83.22
82.50
81.40
83.75
83.48
84.74
85.19
84.85
83.47
83.70
85.42
85.82
85.85
82.50
83.21
82.21
81.52
81.73
81.51
81.57
82.04
81.60
80.58
81.10
80.05
80.06
79.80
78.73
79.38
80.35
80.28
80.65
80.58
80.69
81.20
81.90
82.56
82.00
82.85
82.96
81.75
81.27
81.90
81.27
81.56
82.30
86.00
85.69
86.75
88.35
88.93
87.61
86.40
87.20
88.39
88.49
90.20
90.46
91.80
90.90
90.56
89.33
89.20
89.00
89.07
87.90
88.70
89.22
90.57
90.51
90.40
91.95
92.20
92.36
92.58
92.32
92.74
88.66
88.81
88.86
88.70
87.90
87.53
87.72
88.05
88.52
89.15
89.06
89.20
89.48
88.86
88.00
87.72
88.26
89.55
88.89
89.31
90.16
89.81
89.03
88.90
88.32
88.38
88.23
88.95
89.27
89.11
89.62
90.48
90.52
90.30
90.03
90.50
90.52
90.61
90.65
91.92
92.24
92.08
91.88
92.85
92.50
92.67
92.78
92.34
92.18
92.30
93.03
92.36
92.16
91.20
92.00
92.14
92.47
92.03
91.00
91.21
89.01
89.75
93.55
94.71
95.73
96.64
97.32
97.10
97.56
98.70
97.28
96.55
97.84
98.50
98.95
99.30
98.26
98.25
98.60
98.41
98.80
99.30
99.08
99.32
98.15
97.52
97.19
95.46
95.20
96.23
96.25
96.10
96.15
96.62
95.60
96.13
95.56
94.59
93.77
92.68
91.15
91.68
90.88
91.42
92.45
91.90
91.51
90.28
90.68
91.04
91.45
92.16
92.18
91.35
91.51
91.62
93.33
93.51
93.02
92.51
92.55
93.40
92.50
92.10
93.06
91.04
91.70
90.65
90.69
89.70
90.36
90.35
90.56
90.21
88.19
88.01
87.20
88.00
88.51
87.59
87.62
86.37
86.82
85.12
86.26
86.07
85.15
86.00
86.50
87.05
86.91
86.55
86.55
88.04
87.98
88.25
87.30
87.89
87.35
87.50
88.01
88.40
89.81
89.89
89.62
90.23
90.09
90.07
89.90
89.31
89.13
89.84
89.84
88.94
88.36
87.90
87.70
86.57
86.60
85.13
85.05
83.58
83.51
83.42
85.20
83.78
83.61
84.28
84.40
85.30
85.30
84.68
84.50
84.51
85.45
84.88
86.23
86.39
86.42
85.44
85.25
85.01
83.42
82.87
83.81
83.10
81.90
82.51
83.51
83.66
83.57
84.45
84.52
84.65
84.35
84.55
84.69
84.59
84.39
83.65
84.01
83.85
83.96
84.60
84.88
85.86
86.25
86.08
86.15
85.89
85.93
85.44
85.40
85.34
84.17
83.24
83.78
83.98
83.88
84.15
85.01
85.88
86.72
87.13
87.10
87.40
86.51
86.27
85.58
84.43
84.30
84.60
84.29
88.00
88.29
87.66
87.29
87.31
88.25
88.50
89.43
88.95
89.23
89.50
90.97
90.82
92.40
92.50
93.00
92.92
93.54
94.56
94.80
94.65
95.30
95.03
94.25
94.16
94.55
95.04
94.58
94.94
94.24
94.47
95.49
96.55
96.65
95.99
95.77
95.71
96.10
96.08
96.29
96.81
96.80
96.20
96.35
96.51
97.29
97.50
97.38
97.37
97.80
98.07
98.49
97.25
96.52
96.40
96.05
95.47
95.24
94.71
94.06
93.70
93.55
93.62
92.93
92.60
92.23
91.76
91.95
91.94
91.44
92.48
93.05
93.37
93.63
93.06
93.00
94.33
94.13
92.54
92.30
92.50
93.16
93.48
94.20
93.74
92.90
92.23
91.55
91.85
92.29
92.41
92.59
92.75
92.20
92.36
91.59
91.70
92.01
92.09
91.20
91.50
91.20
90.25
89.70
89.09
89.27
89.26
89.82
90.70
90.62
90.18
90.32
90.22
90.04
89.77
89.26
88.71
88.10
87.50
86.09
85.17
84.24
83.47
76.33
76.14
75.25
71.85
72.80
73.26
74.05
74.65
75.50
75.65
75.91
76.03
75.93
76.50
75.33
74.97
74.71
73.04
72.51
72.50
72.52
73.09
73.33
74.69
76.37
76.36
76.00
75.56
75.17
76.29
76.53
75.50
75.57
76.68
75.74
74.92
75.00
74.63
74.23
74.10
74.45
74.73
75.15
76.31
76.38
75.57
76.11
76.67
75.06
74.00
73.50
73.45
74.62
74.07
74.30
74.16
74.40
75.00
77.14
78.52
79.18
81.16
82.00
81.52
81.68
83.70
82.99
83.40
83.86
83.92
83.85
82.81
83.27
83.22
82.85
83.04
83.11
82.98
82.73
83.02
82.94
81.97
81.62
82.06
81.61
81.09
80.84
80.80
81.36
81.85
81.60
81.23
80.72
80.26
79.90
79.98
79.87
79.34
79.46
79.70
80.32
80.50
80.52
81.00
80.52
80.42
79.67
79.83
79.01
78.63
77.37
77.30
77.50
76.93
77.16
78.06
78.87
79.97
79.50
79.93
79.56
78.70
80.09
81.08
81.97
81.95
81.70
81.60
81.93
83.35
82.38
82.88
82.91
82.60
82.71
82.72
82.25
80.50
81.30
81.29
80.64
81.31
82.65
83.07
83.11
82.49
82.30
84.15
84.11
84.03
85.39
85.76
87.17
87.01
86.88
87.95
88.62
88.75
89.02
88.73
89.05
88.36
87.71
88.56
88.45
86.67
86.33
85.76
83.50
82.95
82.75
83.00
82.65
82.06
82.46
82.30
83.39
82.89
82.80
82.22
81.56
80.81
81.33
81.25
83.41
83.38
83.12
83.40
83.40
82.50
82.54
83.52
83.02
81.25
80.92
80.80
80.61
80.59
80.75
80.21
81.17
80.65
80.90
79.72
78.93
79.30
80.24
79.50
80.20
80.18
80.35
80.50
80.13
80.13
79.97
79.97
80.04
79.85
79.95
79.71
79.78
79.54
79.51
79.90
79.86
80.25
80.80
81.03
81.45
81.47
82.64
82.61
82.82
82.99
83.58
83.35
82.93
82.99
82.58
82.29
82.20
82.83
82.29
82.65
82.80
83.32
83.36
82.44
82.00
80.75
80.63
81.12
81.40
81.70
81.26
81.64
81.38
81.10
81.60
82.71
82.70
81.98
82.10
82.00
82.45
82.40
82.70
82.30
82.41
82.60
82.45
82.30
81.80
82.07
81.02
80.03
79.51
79.40
79.64
79.06
79.65
79.70
80.15
79.61
79.81
79.15
79.01
78.50
79.12
76.75
77.05
77.01
76.82
76.93
76.95
77.57
77.34
77.25
77.98
77.00
76.94
76.80
76.32
76.06
76.56
76.79
77.27
77.52
77.57
76.12
75.87
75.44
74.82
73.83
73.37
73.20
72.73
76.00
75.20
74.50
74.92
75.31
75.36
75.75
76.26
76.15
75.75
76.20
75.40
75.32
75.28
75.11
75.39
75.05
75.20
75.60
76.31
77.35
78.53
78.63
78.87
78.61
78.42
78.87
79.14
79.76
80.06
80.84
80.78
80.81
80.60
80.17
79.31
79.35
80.25
81.06
81.84
81.74
82.79
82.17
81.42
82.20
81.35
81.01
81.28
81.70
81.71
81.72
81.77
81.58
81.56
81.63
82.60
82.50
83.00
83.56
83.79
84.10
84.44
85.75
86.22
89.73
89.31
89.55
90.01
90.80
90.94
91.25
90.58
89.80
91.50
91.50
91.25
91.18
91.50
92.41
92.01
92.37
91.63
91.41
91.65
92.54
92.60
93.31
93.01
92.85
92.80
92.98
91.12
90.43
91.01
91.25
90.55
92.25
93.44
94.01
93.55
93.47
93.56
93.30
94.50
94.54
95.05
94.80
94.91
95.70
95.53
95.24
94.92
96.27
96.87
96.83
96.26
96.88
96.91
98.35
99.07
97.93
98.50
98.50
99.30
99.90
98.91
94.55
96.12
96.20
96.58
97.22
96.84
97.45
98.50
98.35
97.96
98.88
98.90
99.54
99.12
98.65
97.81
98.22
97.80
98.25
98.48
98.63
98.55
98.70
97.77
97.41
96.46
92.88
92.47
88.77
90.84
90.10
92.26
93.62
92.52
92.82
92.97
92.62
92.10
93.10
93.02
93.39
93.55
93.83
94.65
94.65
94.32
94.20
93.80
93.96
93.57
94.06
95.33
95.57
95.75
96.12
96.16
94.95
94.53
94.59
94.72
96.02
94.40
94.00
93.91
95.05
97.23
98.73
100.21
100.06
100.97
102.05
102.13
101.35
102.25
102.40
102.21
103.70
103.71
104.67
104.79
104.70
104.53
104.73
105.60
106.87
106.01
105.25
103.57
103.85
105.30
105.21
106.00
106.02
105.58
105.54
102.39
101.56
101.75
102.50
102.15
102.10
102.81
103.88
104.89
104.90
105.95
105.61
104.44
104.50
104.82
104.40
105.22
104.10
104.58
105.24
105.98
107.66
108.20
108.25
108.25
108.22
108.10
108.42
109.45
110.04
114.65
113.94
114.85
115.02
115.24
115.52
115.62
113.52
110.02
110.06
111.50
111.70
111.70
112.25
112.26
110.73
109.70
112.31
111.74
109.91
103.70
108.66
109.13
108.08
109.15
110.01
110.81
112.80
111.63
112.07
113.62
115.55
116.15
116.55
116.24
115.33
115.32
116.04
115.69
115.74
114.65
114.30
114.83
115.78
116.20
116.35
115.85
115.79
116.75
117.04
117.10
117.50
118.14
116.28
115.00
115.47
115.88
116.42
117.68
117.37
117.28
116.75
117.50
114.15
114.44
111.80
110.96
113.50
111.68
111.69
112.07
113.85
113.75
113.28
113.32
113.57
112.83
111.67
110.90
103.99
99.27
100.70
102.50
102.84
103.05
103.25
101.34
101.38
101.41
102.32
101.72
101.50
104.36
106.25
103.93
104.58
104.72
106.98
107.93
107.95
109.00
106.46
107.38
106.94
104.10
104.00
104.13
105.87
107.61
109.15
110.55
110.90
109.49
109.11
107.26
104.17
103.98
100.48
99.03
97.17
97.16
97.15
97.04
101.33
101.23
100.14
100.05
102.50
98.55
98.50
104.68
104.10
103.83
104.60
104.86
103.70
105.86
107.23
104.68
103.58
100.60
102.07
102.87
104.70
106.80
105.50
105.00
104.64
104.53
106.43
105.71
107.43
109.05
112.91
114.56
113.35
113.48
112.75
114.25
112.25
111.80
113.12
114.04
115.11
113.64
112.69
113.00
113.81
116.65
116.65
118.13
117.15
114.96
114.51
114.21
113.34
114.97
113.98
113.86
114.60
115.82
115.28
115.72
116.88
115.51
115.95
115.54
117.17
120.70
123.15
122.05
123.01
122.64
122.73
122.06
121.64
122.04
120.50
121.06
121.76
121.74
120.78
122.41
123.70
123.63
123.56
125.03
126.20
126.90
126.80
126.05
124.45
123.02
123.55
123.77
124.00
126.99
128.66
128.80
126.70
127.46
126.45
127.20
124.74
124.06
124.63
122.86
123.13
124.15
124.65
124.62
123.70
122.36
122.50
122.40
121.90
123.20
120.76
118.26
118.15
116.60
118.12
117.89
119.62
120.55
120.40
120.66
120.57
121.24
119.90
122.25
124.00
125.42
127.64
127.26
128.29
128.80
128.00
126.13
126.25
127.09
127.74
126.28
126.25
127.08
127.75
127.90
127.63
125.75
124.40
124.75
124.80
125.35
123.68
122.01
122.01
121.55
122.80
122.70
121.50
122.18
123.58
121.63
117.90
115.15
114.90
113.17
115.14
115.00
116.10
116.11
116.82
115.19
113.32
110.61
111.04
117.50
116.02
114.14
114.26
116.12
117.01
109.95
111.81
107.75
103.04
103.03
96.60
94.24
89.98
88.23
83.51
86.95
92.00
87.71
84.35
87.71
89.33
88.57
80.80
81.00
78.82
79.01
79.52
86.25
88.90
89.03
92.17
92.07
89.70
84.28
84.25
82.74
80.25
79.57
75.40
79.50
77.16
77.00
75.73
70.51
69.50
75.00
78.22
78.61
80.10
76.79
76.14
76.99
76.18
75.31
81.73
82.20
81.83
79.77
78.06
80.00
82.87
84.66
82.96
82.97
80.32
80.13
79.92
80.55
79.68
81.52
83.50
83.89
86.18
86.37
87.12
85.98
84.25
84.42
84.79
82.11
82.26
83.08
81.76
86.00
88.11
87.81
89.52
90.50
91.91
92.02
91.25
89.69
90.16
91.82
91.22
91.65
94.72
92.96
93.00
92.20
93.57
90.50
90.44
88.45
87.34
84.19
84.10
82.85
86.33
88.01
88.75
87.19
87.60
87.02
83.81
83.02
83.64
86.72
87.49
89.29
90.54
90.45
89.41
91.51
92.18
93.70
97.52
96.09
97.75
92.75
91.80
94.85
95.70
98.38
99.71
100.00
98.52
99.00
100.25
99.04
98.27
96.44
99.18
99.69
99.21
98.20
101.06
99.80
99.50
99.29
99.25
101.67
102.85
102.94
104.61
105.51
103.71
101.83
99.83
100.95
102.37
101.35
100.77
100.57
101.94
104.00
103.81
101.74
101.75
101.02
102.91
102.68
103.95
106.67
106.66
105.11
105.60
106.75
105.50
107.99
107.05
108.56
107.75
107.24
107.27
106.88
106.12
105.50
104.23
103.79
103.72
103.51
105.05
105.16
103.81
104.73
101.73
100.47
100.03
99.50
100.85
99.80
100.19
102.52
104.60
106.79
113.16
114.39
115.38
115.09
115.06
116.63
116.57
116.34
116.05
117.67
117.56
118.69
119.02
117.86
116.70
118.11
117.97
117.32
117.42
118.63
117.62
116.21
116.73
116.12
118.10
118.55
119.10
118.71
117.51
117.85
117.77
116.92
116.50
116.00
115.15
116.21
116.63
116.16
116.75
117.47
116.94
118.16
119.30
121.05
121.62
120.88
120.98
120.71
120.40
120.10
118.94
118.60
117.55
117.56
117.26
118.13
120.22
120.94
121.85
122.30
125.20
126.20
126.60
126.32
121.25
121.61
121.50
120.86
120.34
120.00
119.55
119.15
119.87
121.60
120.48
119.50
119.53
121.16
122.00
122.23
123.49
125.17
125.94
126.11
126.27
127.03
127.40
127.55
126.51
126.46
127.65
127.14
127.08
124.26
124.92
126.85
127.16
127.25
126.00
126.59
126.16
126.11
128.09
128.71
129.60
127.94
128.35
127.12
127.00
127.68
129.19
129.30
129.48
130.72
131.80
130.68
130.75
130.85
130.10
129.81
128.91
129.05
128.67
129.00
129.16
129.91
131.09
131.56
128.95
128.06
125.37
125.71
125.41
125.04
123.05
121.90
122.78
123.95
125.07
122.90
121.83
121.74
122.46
122.21
122.06
121.61
124.11
125.21
126.00
126.87
126.31
126.00
126.81
125.57
126.74
127.47
127.13
126.68
125.47
127.04
126.36
125.20
125.21
125.71
127.51
127.28
127.45
127.36
127.45
126.78
126.57
127.64
128.47
129.13
128.72
128.26
128.25
127.65
127.55
128.14
128.05
128.01
127.20
127.12
128.24
127.84
129.46
130.19
130.25
130.38
128.26
128.50
127.77
128.71
129.54
128.71
129.03
130.15
128.84
128.80
126.57
126.87
116.00
120.00
125.06
125.15
127.01
130.85
129.41
128.70
129.90
127.82
123.68
121.40
124.04
121.47
123.00
124.77
124.29
124.20
124.35
126.46
124.67
124.13
122.82
123.58
125.80
126.44
128.49
128.37
128.34
129.86
130.13
130.22
129.07
129.09
127.70
127.12
127.22
124.12
123.00
121.61
120.61
122.17
123.47
126.74
127.29
127.16
128.69
129.14
129.55
127.85
128.37
122.93
124.62
126.05
127.00
127.14
127.89
127.88
127.14
127.04
129.25
129.33
129.85
130.53
128.76
130.40
130.77
129.46
127.52
127.33
126.96
127.90
127.80
128.02
126.96
126.44
124.57
124.00
122.78
122.42
123.40
122.28
124.52
124.65
125.90
125.88
125.39
126.15
126.26
128.52
128.43
128.54
128.80
129.70
130.11
130.78
131.40
131.22
132.34
133.51
133.71
134.34
133.67
135.09
134.39
136.12
136.83
137.52
138.06
138.64
138.27
139.78
139.69
140.54
140.84
136.70
138.13
138.40
139.46
139.81
138.53
139.00
140.42
140.75
142.32
143.71
142.63
144.71
145.67
145.25
145.63
145.63
143.35
143.55
143.27
141.18
141.39
142.75
143.99
143.56
142.33
143.82
143.57
141.50
141.28
143.51
144.30
144.25
144.52
143.87
143.84
143.52
143.73
144.21
144.26
144.31
144.15
144.40
144.39
144.33
145.58
145.33
145.00
145.06
145.71
146.25
145.96
147.14
146.64
146.73
146.82
146.94
147.23
146.75
147.67
148.25
148.47
149.38
152.83
154.45
154.96
155.33
159.00
160.42
160.86
158.67
158.68
162.00
162.61
162.81
163.22
164.02
164.32
164.10
163.18
163.31
162.85
162.52
162.75
162.85
164.10
161.78
160.14
159.03
160.86
161.24
159.88
159.41
161.27
160.65
158.85
159.21
163.28
161.38
160.84
160.09
156.88
151.71
152.70
154.32
157.07
157.52
157.53
158.84
160.76
161.12
161.15
163.02
163.07
163.04
163.58
163.62
163.81
163.28
163.16
163.11
162.30
163.66
163.16
164.87
162.86
164.44
162.19
164.86
167.23
167.40
168.46
169.70
170.48
171.49
171.23
169.59
167.50
168.24
168.31
169.22
167.82
168.65
169.44
168.31
166.53
169.46
169.32
169.38
167.07
167.51
167.51
165.90
167.00
167.82
166.50
165.71
164.13
164.27
163.61
163.26
164.76
162.87
162.73
163.65
161.52
161.78
163.58
163.59
164.00
165.10
163.80
164.57
165.21
168.01
169.82
170.75
171.49
173.52
175.09
176.12
175.01
174.61
173.89
174.00
173.84
174.07
173.58
178.65
183.00
182.90
184.26
183.28
182.65
180.93
180.88
179.73
178.50
177.86
175.41
171.18
166.52
166.00
162.00
161.85
162.94
165.83
170.39
169.00
169.89
160.16
157.13
157.62
159.53
163.35
164.85
163.28
170.36
170.88
170.71
170.12
166.00
162.20
166.16
165.10
160.81
158.76
161.54
161.99
167.23
169.74
169.43
172.70
172.62
166.50
165.76
169.86
176.43
177.08
175.53
174.75
173.04
168.88
172.68
175.66
181.64
182.90
184.11
185.65
184.50
187.73
185.90
176.25
177.01
176.17
178.75
180.62
180.01
179.03
183.18
185.28
184.63
180.74
183.03
184.02
184.74
184.75
185.51
181.16
181.87
185.14
186.85
185.64
186.30
183.39
184.66
180.00
180.29
177.52
177.06
180.67
180.84
184.21
186.77
189.45
190.38
190.32
191.28
191.07
192.40
191.22
190.64
188.00
186.89
181.91
182.25
184.76
179.04
181.00
181.89
184.39
183.34
184.01
183.85
186.00
184.94
183.10
182.31
180.27
181.20
180.50
178.38
177.35
179.32
179.50
180.35
184.75
187.67
188.52
189.61
190.47
189.81
188.22
191.00
192.41
191.33
192.54
192.00
191.97
191.73
192.55
191.28
191.74
190.83
191.26
192.00
192.30
192.46
192.75
193.28
196.61
196.10
197.43
196.45
196.93
197.06
198.30
196.81
197.31
198.65
199.72
200.23
201.61
203.64
204.74
206.01
204.50
203.70
204.30
203.96
204.56
206.32
207.00
206.27
206.02
208.01
208.09
208.54
205.19
204.46
203.37
202.17
202.46
202.64
202.80
202.72
204.15
200.00
197.52
199.09
196.79
198.87
201.80
203.40
205.91
206.32
206.71
206.91
206.55
204.40
202.90
199.72
199.06
200.02
199.95
198.56
198.76
198.18
197.64
195.16
194.63
196.06
193.20
194.00
194.00
195.22
193.77
192.00
188.60
187.00
187.56
190.02
193.94
192.70
192.37
192.14
192.35
192.74
195.40
197.17
198.80
197.50
193.19
193.22
191.68
190.75
190.90
188.90
192.41
194.85
194.91
193.63
189.74
188.05
185.60
183.51
181.85
183.03
184.58
183.20
183.55
192.97
192.17
188.20
188.56
189.32
192.57
193.95
195.92
195.88
194.72
193.02
196.16
198.52
198.80
198.16
197.89
197.24
197.79
197.72
197.92
198.12
200.66
200.03
198.37
196.90
195.44
194.20
195.61
194.50
194.90
193.18
193.46
193.25
193.89
196.11
198.08
198.73
200.51
202.96
203.46
206.05
205.55
206.48
206.01
205.30
205.92
204.90
204.95
203.90
204.14
205.31
207.94
208.50
209.30
208.53
210.06
209.21
207.70
205.05
205.63
205.56
207.82
209.47
198.55
194.07
193.18
192.44
190.94
190.56
190.71
191.47
193.63
194.55
193.29
192.01
194.68
191.16
190.09
188.88
187.41
188.25
185.28
184.78
185.10
188.30
188.25
188.95
190.80
191.77
191.00
189.27
190.20
189.50
188.36
189.02
186.94
188.41
190.11
191.65
193.15
192.46
191.37
191.26
191.76
193.84
195.00
193.16
191.57
192.02
190.95
190.70
189.83
188.84
193.80
194.44
192.78
192.34
191.60
191.65
191.28
192.90
191.75
190.39
191.35
193.24
193.80
194.01
203.36
203.08
204.13
204.29
203.64
203.19
202.96
203.84
203.57
202.51
199.56
198.68
199.68
199.75
199.02
199.57
199.26
199.82
200.22
198.86
198.11
198.84
197.51
197.84
198.60
200.79
199.36
202.55
205.69
206.66
208.24
209.43
209.04
209.09
209.77
212.15
213.41
212.64
211.83
214.30
210.11
211.62
210.05
211.50
210.10
209.74
211.25
211.57
212.63
210.04
206.34
207.33
208.61
210.47
210.85
209.78
209.26
209.20
209.50
206.15
189.76
187.68
188.61
191.09
192.32
193.25
194.65
197.35
199.20
199.75
203.75
201.52
201.65
202.51
202.72
202.82
202.22
202.08
202.04
204.00
204.99
207.42
207.00
206.12
205.13
204.42
207.16
206.04
206.97
208.02
207.33
205.08
202.40
201.47
204.11
204.90
202.51
200.51
200.34
201.81
202.55
202.87
201.93
197.28
193.54
191.34
193.15
194.50
195.29
188.41
191.12
190.26
190.51
192.35
194.61
190.78
191.27
192.61
191.59
191.68
192.68
193.03
195.99
193.24
193.28
194.10
195.86
195.66
195.00
195.53
195.81
194.49
195.41
193.22
194.35
190.27
188.05
186.79
187.00
186.89
187.56
187.30
185.45
185.34
183.98
183.17
184.28
184.25
184.57
184.68
182.57
181.10
181.44
181.51
182.51
182.31
183.07
182.65
183.31
186.37
186.82
189.85
191.00
192.61
191.83
192.00
193.22
190.02
189.33
189.66
188.50
189.46
186.45
184.34
184.65
184.41
183.00
183.58
181.85
178.71
179.10
182.36
184.12
184.42
184.22
184.99
172.57
173.25
172.63
172.95
174.40
176.25
176.26
176.20
177.50
179.86
179.04
178.88
179.34
177.71
177.78
179.60
177.35
180.04
182.26
181.59
179.66
181.16
183.27
184.15
184.65
183.41
179.92
177.82
177.31
177.82
179.00
177.12
175.64
175.16
175.28
176.01
176.83
176.06
175.10
173.30
172.73
172.73
175.12
174.85
177.88
180.02
180.61
181.91
183.51
184.56
184.67
186.30
185.20
185.30
185.30
186.38
187.26
186.55
186.28
183.86
183.88
185.49
186.80
187.86
186.79
179.67
180.71
179.64
177.66
176.16
175.89
176.36
175.34
172.72
172.36
172.19
173.79
175.07
176.25
176.80
179.26
177.86
180.99
182.32
182.41
182.79
182.62
182.82
182.88
183.56
183.81
183.65
182.82
185.68
186.40
186.90
187.18
185.85
186.04
185.89
183.71
182.21
182.66
185.54
183.50
184.17
186.40
187.37
188.70
191.96
189.32
189.11
191.40
192.78
192.49
192.35
191.28
191.57
192.69
193.60
195.66
194.27
195.88
195.42
195.00
187.01
189.74
191.20
190.11
190.03
189.11
190.58
193.41
194.35
193.15
191.25
189.80
189.25
186.93
188.23
188.37
190.94
191.76
188.17
186.18
185.93
186.04
184.70
184.95
185.03
185.31
183.93
182.94
182.33
182.49
184.67
184.12
184.20
183.92
185.90
185.96
183.82
182.01
180.91
181.52
181.24
181.56
181.79
182.36
181.40
181.00
180.65
180.06
179.27
179.66
180.26
181.70
186.17
187.35
187.44
186.37
186.89
186.21
186.71
188.53
188.21
190.76
192.00
190.00
189.25
191.56
193.57
193.75
193.79
193.65
194.54
192.90
191.54
188.86
188.60
186.44
184.44
183.58
183.58
186.28
186.81
187.37
186.93
186.79
187.76
189.36
189.25
190.50
190.29
190.71
191.02
191.56
190.66
191.14
190.93
191.86
190.06
190.09
189.51
189.78
190.10
190.12
190.57
190.58
190.82
192.30
192.71
193.19
192.63
191.52
189.88
188.97
188.61
188.12
189.15
186.79
186.24
187.56
188.71
185.54
185.61
186.09
185.10
183.42
183.59
178.75
178.69
180.22
166.69
161.68
161.10
161.54
161.45
161.81
161.80
162.76
163.02
163.62
163.38
162.24
161.56
160.05
160.85
161.61
162.60
161.76
161.80
161.69
163.72
161.89
160.96
159.80
