116.00
112.06
116.00
114.00
113.50
118.00
119.00
119.50
118.25
119.62
115.75
119.50
119.00
121.50
121.50
119.12
116.75
113.50
111.56
112.25
110.00
113.50
117.12
115.62
114.12
118.81
117.38
119.12
115.38
116.06
117.12
115.75
116.75
112.50
111.00
108.75
110.50
108.00
104.50
102.75
100.25
103.12
108.00
103.06
103.00
106.25
108.00
105.25
107.69
108.62
107.00
109.00
110.00
112.75
113.50
114.25
115.25
120.62
126.88
122.50
119.00
122.75
118.38
122.00
121.19
125.00
122.75
123.12
122.12
119.38
113.75
110.62
105.00
111.88
111.50
105.00
104.00
106.50
112.50
110.50
110.62
111.50
112.00
111.38
108.12
107.62
107.88
109.75
109.00
103.00
104.44
104.44
104.19
109.00
107.88
106.06
106.44
109.25
107.38
109.62
106.50
106.94
110.94
107.31
106.00
108.81
112.81
112.38
121.00
119.75
119.69
118.84
119.31
116.00
116.81
113.25
120.38
116.38
114.50
111.81
111.88
114.41
109.75
113.78
114.00
109.56
109.50
105.00
101.25
105.06
103.31
102.00
104.62
104.00
103.94
105.50
103.31
108.75
117.25
114.75
112.50
112.00
109.88
110.31
111.81
112.25
110.50
114.25
116.00
115.88
116.31
118.88
118.75
119.75
120.62
123.25
122.00
122.38
122.50
120.44
121.44
121.38
123.25
124.81
129.00
131.50
132.88
130.31
132.02
133.62
131.19
131.44
133.38
129.50
124.50
125.00
127.69
126.88
125.00
123.25
124.94
124.75
121.50
123.88
123.00
119.12
118.00
115.25
112.62
117.81
110.56
114.38
113.19
116.00
117.94
114.88
112.00
103.12
109.06
111.12
113.00
95.44
96.44
94.75
92.88
91.44
87.56
92.75
93.69
93.31
98.50
98.56
101.94
100.12
100.31
102.31
100.00
99.44
93.00
97.44
99.50
99.38
98.25
101.94
103.25
98.50
98.50
99.94
98.44
97.88
99.81
93.50
95.62
98.38
103.38
96.75
93.12
97.00
95.00
93.88
91.25
92.44
87.81
90.50
90.12
86.00
81.56
89.00
84.81
84.69
85.25
85.00
84.81
94.62
93.19
94.00
93.56
92.56
93.44
93.69
93.81
92.75
96.69
108.31
111.25
108.56
109.06
110.44
110.75
114.19
114.98
116.61
112.00
114.05
110.27
112.22
114.19
116.91
114.10
112.00
114.90
113.75
115.10
116.78
115.00
111.50
107.51
108.90
104.00
105.30
102.59
99.90
106.05
102.30
104.91
106.00
107.55
106.47
99.29
95.49
98.39
94.96
95.56
90.10
92.60
88.30
89.08
89.10
93.51
95.40
99.50
94.41
95.04
96.18
94.66
90.39
92.00
98.21
97.95
96.00
99.05
97.43
96.20
96.75
99.70
106.50
114.47
114.83
112.00
112.67
114.85
113.74
116.20
115.14
118.51
115.40
113.70
115.86
115.90
117.70
116.98
115.20
111.81
112.56
113.58
115.80
115.07
117.44
119.04
118.01
117.40
119.60
117.80
115.27
112.65
111.80
112.89
113.64
116.97
117.50
117.25
116.10
117.36
117.25
116.54
115.75
113.60
114.27
114.84
113.09
112.60
112.87
112.65
113.04
113.52
115.10
113.50
114.35
112.98
112.10
106.50
104.72
101.96
103.85
107.25
108.53
107.82
108.53
104.28
104.00
105.70
105.85
104.51
104.89
106.00
104.70
105.85
105.21
107.06
108.80
108.18
106.51
106.25
104.19
104.08
104.95
105.86
106.20
105.01
105.75
104.59
104.10
101.89
103.96
103.00
106.99
106.86
104.95
104.13
100.36
99.95
101.49
100.35
98.00
96.59
96.47
93.34
96.40
96.00
93.40
90.50
94.80
94.45
91.30
90.00
91.72
92.71
93.77
96.95
97.31
98.02
98.50
97.14
97.25
99.40
100.84
102.00
101.85
102.90
101.26
102.65
105.25
105.81
108.57
110.66
111.16
108.62
108.65
108.07
109.89
109.50
109.97
113.61
113.85
113.81
114.08
114.86
116.70
114.35
114.75
114.50
115.00
115.44
114.34
115.35
116.33
114.20
112.15
114.43
115.59
114.13
116.64
121.40
120.14
120.40
119.66
121.50
123.20
120.25
121.10
121.34
122.20
123.89
122.70
122.00
121.45
122.40
123.50
122.90
120.96
121.50
123.66
125.60
124.05
124.70
124.49
122.14
120.31
118.05
118.85
117.40
119.90
114.25
110.50
107.90
108.72
109.28
108.15
103.00
105.55
107.89
108.00
106.80
106.30
106.63
103.91
104.99
107.38
106.57
108.07
107.89
102.89
101.30
99.31
96.38
98.45
98.30
97.15
97.83
98.12
103.02
105.90
105.67
106.30
103.71
105.09
105.24
108.50
107.18
106.60
106.79
106.35
107.49
105.50
106.78
105.60
103.56
102.90
103.39
104.00
102.86
100.95
99.96
100.84
97.25
87.41
87.74
89.01
84.19
85.60
85.35
86.20
84.81
88.95
89.00
87.93
87.33
86.50
86.71
84.71
83.89
83.76
84.30
83.86
81.78
76.00
76.50
82.45
79.93
79.68
82.19
85.48
84.50
85.45
85.69
84.45
83.45
84.00
84.35
83.10
82.08
81.60
82.25
80.45
78.11
79.31
80.55
79.66
78.30
76.80
75.49
74.65
75.60
76.17
77.14
75.94
73.35
71.58
68.75
69.70
68.60
70.05
71.90
72.00
67.60
68.58
70.51
73.50
71.30
69.67
68.76
69.41
69.21
71.00
69.01
70.69
72.05
72.00
68.50
67.05
69.54
69.35
66.40
71.18
71.79
70.40
68.25
67.88
65.99
67.90
69.17
71.61
71.83
71.77
71.90
74.92
76.50
79.35
82.49
81.27
81.00
81.99
80.40
79.42
77.96
76.06
76.62
75.38
72.35
73.73
72.18
73.20
74.50
75.60
74.20
71.87
72.50
72.32
71.75
69.55
64.80
63.92
63.37
59.75
63.01
62.02
60.36
58.31
61.17
59.63
60.00
56.60
56.86
57.05
55.07
57.58
63.92
63.42
68.48
64.90
72.20
74.25
75.55
74.49
74.60
72.10
74.56
76.56
76.74
78.67
78.94
80.40
82.50
81.68
81.54
78.95
77.59
77.29
79.15
79.35
80.72
80.01
79.18
78.37
81.61
84.90
84.43
86.20
85.06
87.70
86.92
87.30
85.21
83.69
83.06
82.32
79.59
80.80
81.44
80.17
80.00
81.62
80.31
79.13
78.66
79.79
80.26
79.76
78.50
77.36
76.25
77.50
80.57
81.65
83.59
86.00
84.19
87.00
87.68
87.51
88.58
87.59
86.05
81.30
80.54
79.70
81.05
78.99
78.42
80.11
80.32
78.30
78.20
78.18
77.09
77.26
77.51
77.10
77.91
77.39
76.50
75.86
77.45
79.33
79.51
79.15
79.95
78.56
79.07
77.40
77.28
77.95
77.33
76.70
77.73
77.07
77.90
75.70
75.35
75.18
78.45
79.00
82.46
82.47
82.00
82.20
84.90
82.25
83.45
81.55
81.45
80.85
78.43
78.73
81.46
81.91
80.79
80.47
80.07
78.71
79.01
78.75
80.07
82.79
82.88
84.26
83.36
85.63
85.75
85.20
83.88
85.12
85.66
84.90
85.89
87.57
86.52
87.51
86.68
86.05
87.55
89.00
89.98
88.70
89.90
88.99
86.45
85.77
86.18
86.08
85.26
87.69
87.57
87.36
88.04
87.33
83.82
84.25
81.90
80.05
82.00
81.71
83.97
83.95
82.75
84.50
84.30
84.70
84.55
84.92
83.18
83.63
82.49
84.35
83.42
82.50
83.59
84.74
83.95
86.09
86.25
85.47
84.03
84.89
85.42
86.44
86.74
83.33
83.72
82.50
81.85
82.30
81.51
83.55
82.54
81.80
80.96
81.25
81.27
81.13
79.85
79.75
80.69
80.88
81.02
81.51
81.20
81.56
81.79
83.52
82.85
83.05
82.85
82.97
81.96
82.50
82.00
81.90
82.01
85.76
86.33
87.91
86.95
89.10
89.42
87.84
87.92
88.70
88.49
90.29
90.63
92.00
93.28
91.39
91.34
89.40
89.41
89.05
89.45
88.33
90.35
90.08
90.64
91.18
91.70
92.66
92.45
92.67
93.20
92.72
92.74
89.28
89.23
89.00
88.93
88.46
88.15
88.42
88.52
89.90
89.34
89.12
89.48
89.68
89.14
88.49
89.34
88.26
89.95
89.36
90.69
91.09
90.25
89.80
88.95
89.40
88.39
88.63
89.66
89.43
89.91
90.54
91.01
90.75
90.30
91.42
90.64
91.20
90.63
91.73
92.40
92.71
92.11
93.98
93.40
92.73
93.14
93.39
92.79
92.27
92.90
93.52
92.63
92.68
91.55
93.05
93.06
92.78
93.04
91.21
91.55
89.70
90.31
94.02
95.32
97.10
97.70
97.51
97.90
99.85
98.80
97.38
98.01
99.23
99.39
100.00
100.19
98.86
98.94
98.95
99.61
99.96
99.30
99.71
99.37
98.42
97.80
97.31
95.96
96.79
96.54
96.79
96.50
97.04
96.82
96.84
96.39
96.45
94.59
94.53
93.06
91.21
93.30
91.82
92.45
93.39
92.85
91.62
91.02
91.32
91.77
92.39
92.77
92.68
92.32
91.84
92.37
94.20
94.18
93.70
93.08
93.12
93.74
93.04
93.70
93.45
92.28
91.94
90.65
91.26
90.74
91.28
90.43
91.11
90.41
89.08
88.17
88.02
89.00
88.96
88.36
88.19
86.88
87.13
86.81
87.19
86.41
85.53
86.06
87.05
87.42
87.13
87.10
88.70
88.35
88.59
88.59
88.12
87.98
87.35
87.56
88.64
90.04
90.09
90.46
90.07
90.54
90.38
90.44
90.06
89.49
90.02
90.79
89.99
89.55
88.71
88.29
88.15
87.50
87.04
85.70
85.35
83.65
83.89
84.10
85.25
84.13
84.02
84.28
85.30
86.36
85.30
86.06
84.85
85.09
85.88
85.85
86.77
87.07
86.69
85.71
85.97
85.19
83.48
83.55
84.99
83.69
82.21
83.91
84.02
84.04
85.13
84.89
85.25
84.65
84.71
85.07
84.69
84.94
84.40
84.69
84.22
84.57
84.39
84.97
85.86
86.44
86.76
86.49
86.72
86.37
86.12
85.74
85.70
85.72
84.31
83.88
84.43
84.16
84.48
84.98
85.74
86.72
87.16
87.32
88.04
87.42
86.71
86.63
86.00
84.98
84.78
84.85
85.92
89.37
88.82
88.10
87.39
88.43
89.00
90.00
89.50
89.75
90.11
90.47
91.20
92.38
93.28
93.37
93.37
93.61
94.79
95.32
95.92
94.89
95.46
95.10
94.45
95.11
95.28
95.46
94.72
95.50
94.24
95.88
95.76
97.08
97.67
96.10
96.65
97.51
96.67
96.45
97.31
97.33
97.45
96.20
96.55
97.02
97.61
97.72
97.50
98.30
98.18
98.30
98.58
97.75
96.70
96.50
96.20
95.78
95.68
95.00
95.21
94.45
94.10
94.90
93.10
93.00
92.38
91.79
92.19
91.95
91.98
92.89
93.42
93.86
94.30
93.54
94.51
94.53
94.13
92.70
92.76
93.30
93.57
94.33
94.62
93.75
93.27
92.32
92.10
92.64
92.80
92.58
93.30
92.92
92.41
92.37
91.60
92.13
92.35
92.41
91.51
91.90
91.38
90.65
89.86
89.28
89.51
89.50
90.52
90.70
91.04
90.60
90.68
91.38
90.44
90.32
89.57
89.00
88.44
87.60
86.20
85.75
84.57
83.64
76.70
76.65
75.48
72.01
74.03
74.21
74.61
75.43
77.05
75.91
76.38
76.51
76.47
77.08
75.50
75.26
74.98
73.30
73.28
72.62
73.16
74.34
74.29
76.36
77.16
76.41
76.51
75.81
76.00
77.14
77.10
75.55
76.84
77.35
75.79
75.00
75.04
74.80
74.93
74.77
75.05
74.89
76.30
77.05
76.39
76.55
76.41
77.23
75.41
74.01
73.88
75.30
74.73
74.20
74.67
74.79
75.81
77.38
79.30
78.96
80.04
81.45
82.42
82.38
81.81
83.70
84.60
84.40
84.44
84.20
84.12
83.87
83.80
83.46
83.43
83.31
84.06
83.12
83.36
83.36
83.50
82.02
82.66
82.19
82.50
81.30
81.30
81.15
82.76
82.60
82.03
81.32
81.10
80.38
81.34
80.54
80.62
79.54
79.46
81.02
80.98
80.80
81.44
81.48
80.75
80.48
80.01
80.33
79.43
78.70
77.56
78.21
78.00
77.41
77.99
79.50
80.36
80.22
80.45
80.11
79.82
79.70
80.50
81.25
83.19
82.19
82.20
82.35
82.59
83.48
84.17
83.17
83.33
83.47
83.36
82.89
82.31
81.42
81.88
81.59
81.06
82.87
83.00
83.61
83.15
82.84
83.99
84.55
84.36
85.53
86.54
86.89
87.77
87.29
87.99
88.80
88.80
89.11
89.10
88.90
89.21
88.65
88.43
89.14
88.72
87.50
86.97
85.96
83.71
83.13
83.53
83.37
82.76
82.48
83.12
83.22
83.48
82.99
83.04
82.40
82.20
82.06
81.95
82.50
84.95
83.73
84.07
84.17
83.57
83.17
83.00
83.80
83.09
81.36
81.41
80.85
80.91
80.72
81.02
81.63
81.30
81.94
81.23
79.97
79.51
79.85
80.80
80.40
81.33
80.44
81.09
80.85
80.91
80.71
80.50
81.35
80.20
80.10
80.63
80.24
79.90
79.94
79.96
80.00
80.29
81.14
81.02
81.57
81.93
82.88
83.38
82.87
83.30
83.58
83.81
84.45
83.20
83.36
83.08
82.43
83.13
83.20
82.47
83.06
83.45
84.17
83.81
82.48
82.10
81.16
80.75
81.98
81.64
83.31
81.86
82.02
81.66
82.11
82.67
83.35
83.88
82.34
82.23
82.42
82.70
82.43
83.28
82.89
83.23
82.90
82.46
82.39
82.89
82.16
81.27
80.66
80.28
80.02
79.83
79.78
80.14
80.75
80.16
79.90
80.69
79.52
79.06
79.76
79.15
77.03
77.63
77.02
76.93
77.71
78.56
77.95
77.67
77.99
78.30
77.19
77.10
77.15
76.63
76.56
77.59
76.82
78.02
77.77
78.09
76.42
76.67
76.47
75.48
74.24
73.57
73.70
74.26
76.07
75.48
74.86
75.99
75.89
75.83
76.15
76.96
77.41
76.14
76.32
76.33
75.91
75.52
75.33
75.39
75.74
75.48
76.68
77.08
79.09
79.37
79.90
79.28
78.95
78.67
79.38
79.88
80.32
81.40
81.22
80.97
81.41
80.85
80.28
79.40
80.66
80.93
82.28
82.21
82.47
82.94
82.24
81.87
83.42
81.61
81.21
82.00
82.50
82.09
81.99
81.94
81.87
81.65
83.10
82.92
83.14
84.00
84.19
84.19
84.70
86.08
86.71
86.95
89.82
89.86
90.48
91.56
91.49
91.83
91.54
90.76
91.50
92.33
91.80
91.68
91.41
92.60
92.75
92.59
92.42
91.76
92.07
93.29
93.11
93.47
93.81
93.25
93.08
93.52
93.35
91.45
91.35
91.52
91.92
91.25
93.51
94.48
94.12
94.23
93.86
93.64
94.12
94.77
95.36
95.30
95.44
96.00
96.00
95.91
95.25
95.66
97.20
96.97
97.15
97.27
98.31
97.42
98.90
100.07
98.89
98.65
99.34
100.82
100.02
99.45
96.17
97.11
97.08
97.40
97.51
97.45
98.54
99.37
99.15
99.00
99.17
100.38
99.85
99.54
99.62
98.55
98.58
98.29
99.20
98.92
98.99
99.35
99.09
98.50
97.73
96.91
93.96
92.94
92.27
90.90
91.81
93.80
93.94
93.00
93.28
94.11
92.71
93.76
93.45
93.25
93.99
94.50
95.36
95.19
95.03
95.00
94.73
94.26
94.57
94.26
95.21
96.10
96.21
96.52
96.62
96.46
95.16
95.67
94.93
96.18
97.12
94.80
94.29
94.58
95.21
98.49
101.46
100.90
101.17
102.21
103.17
102.22
102.80
102.96
103.16
103.29
104.38
104.68
105.98
105.57
104.83
105.87
105.31
107.99
107.04
106.70
105.58
103.95
105.18
105.91
106.93
106.60
106.54
106.23
105.84
102.41
101.80
103.07
103.22
102.34
103.12
103.85
105.09
105.33
106.50
106.00
106.60
104.44
105.10
105.33
105.43
105.95
105.25
105.01
106.58
108.05
109.03
108.97
108.63
109.10
109.28
108.60
109.66
110.77
111.08
115.86
114.81
116.38
116.17
118.10
116.53
115.62
114.52
110.65
112.04
113.23
111.89
113.89
113.53
112.98
110.73
112.64
112.71
112.05
111.23
109.69
110.90
109.22
109.04
110.00
111.45
113.24
113.44
112.00
114.57
115.37
116.69
118.19
117.88
117.62
115.55
115.80
117.35
116.00
115.95
115.13
114.52
116.63
116.67
116.86
116.78
116.25
116.51
117.30
117.71
117.80
119.03
118.36
116.40
115.69
116.30
117.77
118.30
118.62
118.05
117.81
118.03
119.60
115.78
114.80
112.28
113.37
114.68
112.95
112.81
113.73
114.80
114.12
116.12
113.65
114.59
113.40
113.17
111.08
106.11
100.25
101.45
105.27
103.44
103.60
104.79
102.22
103.42
102.22
104.05
101.97
103.83
107.37
107.50
105.18
105.83
106.63
108.16
109.70
108.86
109.39
106.99
108.47
108.18
105.77
104.53
106.31
107.14
108.84
111.05
111.65
111.56
109.60
110.09
108.10
104.69
104.90
101.13
100.05
97.59
98.31
99.92
97.67
102.93
101.83
101.63
101.10
103.40
101.22
106.10
106.91
104.52
104.98
106.10
105.65
107.11
109.08
107.93
105.02
103.59
102.34
103.27
105.14
106.53
108.42
106.13
106.16
105.00
107.85
106.93
108.07
110.08
114.38
116.46
115.24
113.86
114.23
115.71
115.39
112.52
113.94
114.01
116.49
117.07
115.91
115.23
115.55
118.41
116.94
118.33
119.06
117.97
116.91
115.52
114.57
115.14
116.49
114.81
116.02
115.76
116.31
116.27
116.77
118.78
116.00
117.28
117.17
120.47
123.08
124.40
124.35
123.67
123.60
124.19
123.08
121.69
122.85
120.70
123.61
123.18
122.03
122.82
124.14
124.92
124.06
125.24
126.58
127.52
128.46
127.82
126.49
125.18
123.62
124.70
124.20
127.32
129.54
129.71
129.43
127.36
127.84
127.55
128.47
124.94
125.86
125.94
123.25
123.85
126.15
126.71
125.10
124.16
125.02
122.74
123.46
123.46
124.58
121.13
120.05
118.53
119.27
119.10
119.54
121.50
123.88
120.40
123.18
122.12
121.54
123.20
125.94
126.52
129.89
128.66
130.00
129.52
130.00
128.53
126.25
127.66
128.86
127.98
126.64
127.56
128.87
129.16
129.05
128.81
126.60
125.22
125.80
126.94
126.36
124.59
122.56
122.51
122.99
124.93
122.86
122.50
123.38
124.58
121.73
118.41
118.34
115.00
114.33
117.29
115.04
118.04
119.20
118.97
115.19
116.05
111.47
115.12
118.85
116.21
115.36
116.46
120.11
119.42
114.46
116.96
110.13
104.74
103.44
100.62
95.65
90.55
89.00
87.75
92.21
93.60
88.29
91.52
90.78
92.51
88.86
83.60
84.35
82.07
79.66
87.28
88.20
90.69
92.97
92.68
93.40
89.94
85.15
86.27
83.87
82.74
79.74
84.21
80.33
77.48
80.08
75.97
71.74
74.88
79.89
80.65
81.67
81.60
76.90
79.84
80.67
77.44
80.59
84.86
82.69
82.86
80.58
82.20
82.77
86.40
85.84
84.00
83.52
81.99
80.60
80.52
81.33
81.25
83.55
84.16
87.37
86.82
89.23
87.79
87.18
84.70
85.71
85.34
83.19
84.12
84.92
81.98
91.42
90.07
89.49
91.60
91.66
94.82
92.51
91.65
90.93
93.48
92.83
92.41
96.14
96.82
93.27
95.16
95.07
93.84
90.67
91.51
88.93
88.79
84.37
86.40
85.90
88.97
92.03
89.05
87.77
89.49
87.48
85.81
83.48
87.25
88.62
90.40
90.36
91.22
92.91
91.95
92.66
92.51
98.71
98.30
97.95
98.78
94.15
94.52
96.89
97.61
100.82
102.22
101.56
98.75
101.19
101.70
99.95
99.27
98.85
101.43
101.27
100.43
102.31
102.55
101.42
100.08
99.95
101.94
104.04
103.21
104.61
106.19
105.85
104.62
102.59
101.49
102.90
103.94
102.26
101.05
101.37
104.58
105.51
104.05
102.82
101.89
105.02
102.93
104.69
106.28
108.37
106.83
106.49
106.33
107.24
107.49
108.14
108.35
109.40
108.21
107.62
107.32
107.00
106.33
105.89
104.52
104.44
104.15
106.06
105.68
105.83
104.42
104.84
101.73
101.65
100.19
100.68
102.08
100.83
103.62
103.25
107.22
110.64
115.42
116.44
117.04
115.57
117.06
117.64
117.63
117.28
117.26
117.86
117.93
119.92
119.60
118.47
117.38
119.33
118.70
117.79
119.29
119.58
118.57
116.86
117.63
118.57
118.95
119.90
119.32
118.83
119.47
119.43
118.22
118.05
116.69
116.09
116.33
117.46
117.16
116.76
117.67
118.05
118.88
119.35
121.82
121.88
122.11
121.57
121.61
120.82
120.94
121.08
119.33
118.81
119.61
117.90
119.02
119.75
121.35
122.78
122.29
125.93
127.04
127.02
128.35
127.98
121.64
123.06
122.82
120.87
122.69
120.36
120.11
120.65
121.50
122.87
120.61
120.56
121.16
121.29
123.10
123.49
126.00
126.91
127.19
126.26
127.03
128.21
128.63
128.15
127.54
126.96
128.20
127.93
127.28
125.70
126.35
127.94
127.21
127.55
127.25
127.04
126.80
128.39
129.34
129.68
129.93
128.49
128.71
127.40
127.91
128.65
129.93
130.00
130.57
132.31
131.85
132.57
130.90
132.45
130.85
130.00
129.55
130.85
129.48
130.51
130.23
132.31
131.78
134.14
130.25
129.00
125.50
126.12
125.75
126.33
123.75
122.39
124.67
125.53
125.66
123.00
123.52
121.88
123.21
122.81
123.73
124.00
125.23
126.33
127.81
127.19
126.85
126.46
127.59
127.07
127.16
128.57
127.42
126.88
126.72
127.25
126.41
125.55
125.62
127.60
127.94
127.83
128.67
127.76
128.38
127.71
127.98
129.37
128.53
129.24
129.26
128.59
128.77
128.25
128.25
129.35
128.93
128.48
127.61
128.76
128.36
129.03
131.25
130.89
130.63
132.23
129.69
128.99
129.13
129.99
130.73
128.82
130.10
130.46
129.00
129.60
128.12
127.46
123.92
122.10
126.27
126.89
132.68
131.48
131.19
130.44
129.95
128.86
123.80
125.42
124.45
124.52
123.23
126.39
125.26
124.34
127.41
127.96
125.28
124.13
123.72
123.90
127.68
128.45
128.50
129.79
130.35
130.98
130.15
130.65
129.30
130.11
128.19
127.12
128.98
125.09
123.48
122.57
121.86
123.46
127.00
127.97
127.96
128.67
130.48
130.72
130.72
128.03
129.79
126.55
125.27
127.47
128.38
128.41
128.63
128.43
128.02
128.40
130.76
130.37
131.27
131.83
130.14
132.00
131.84
129.83
128.30
127.87
127.77
128.45
129.39
128.90
127.50
126.47
124.90
125.27
122.78
124.73
123.40
123.13
125.77
125.04
127.58
125.95
126.08
126.36
127.99
129.61
128.85
129.43
129.67
130.19
131.79
131.98
132.57
131.67
134.11
134.65
134.89
135.48
134.14
135.64
135.25
137.66
137.84
138.72
138.85
139.66
139.85
140.37
141.50
141.06
142.83
138.03
139.07
139.83
139.67
139.84
140.67
141.43
140.90
143.60
143.32
143.84
144.17
146.79
146.92
146.46
146.14
146.55
145.43
143.74
143.64
142.24
141.95
144.36
145.05
145.39
143.18
145.81
143.90
142.89
141.46
144.41
145.18
145.38
144.99
144.02
144.98
144.30
144.82
144.28
145.82
144.72
144.55
145.00
144.51
145.74
145.95
145.89
145.34
145.71
146.52
146.67
146.76
147.48
147.64
147.05
148.66
147.93
147.64
147.28
149.10
148.82
150.00
150.65
155.69
155.80
155.50
159.63
161.44
161.04
161.07
159.21
162.00
163.56
163.30
163.53
164.00
164.82
166.05
164.65
164.09
163.85
163.22
162.84
163.40
164.24
164.84
161.95
160.18
160.77
162.28
161.88
159.97
160.16
163.48
161.83
159.93
162.28
165.86
162.02
162.43
161.39
159.02
153.00
154.18
155.89
157.68
158.00
159.53
160.04
162.18
161.37
162.88
163.60
163.07
164.27
164.25
163.99
164.04
164.38
164.05
163.95
163.25
163.95
164.97
166.21
165.94
165.40
164.75
168.28
167.67
168.49
170.37
170.78
170.58
172.15
172.87
170.62
168.46
168.89
169.10
170.38
169.50
172.24
169.92
168.86
170.50
170.44
170.59
170.16
168.26
167.99
167.75
167.18
167.50
168.93
166.56
166.09
165.05
164.75
163.69
164.34
164.84
163.18
163.17
164.12
162.33
162.67
164.44
165.02
166.22
165.68
166.12
165.07
167.62
170.01
170.54
171.55
174.54
175.43
177.71
176.48
176.49
174.99
174.05
174.32
174.23
175.54
175.28
185.21
183.65
184.90
185.18
183.70
182.93
181.35
181.80
181.85
180.75
178.05
178.83
171.48
172.98
166.22
170.61
162.54
166.73
168.20
172.99
171.24
171.48
163.83
157.54
158.98
164.32
166.76
165.58
169.14
172.62
172.51
171.91
170.33
166.98
165.11
167.31
165.25
161.37
162.42
163.43
167.24
170.09
172.99
173.13
174.72
173.02
168.62
169.34
174.51
177.71
177.55
179.17
174.87
173.29
174.74
176.85
181.69
182.39
186.62
185.00
186.12
186.82
190.53
186.59
178.90
177.39
177.25
181.63
182.25
180.36
181.97
185.88
187.45
184.63
181.35
183.92
187.30
186.38
187.32
187.25
182.24
183.35
187.38
187.35
188.75
186.62
185.73
185.24
181.48
181.31
177.95
177.06
182.21
180.94
188.00
189.45
189.66
190.84
192.94
194.05
191.58
194.56
192.18
191.15
188.72
187.48
183.57
182.89
187.24
181.47
182.04
184.75
184.95
183.99
186.18
183.88
186.30
185.54
184.66
182.54
181.59
181.31
182.32
180.55
179.16
180.00
181.07
180.52
188.52
189.98
191.93
191.73
190.98
190.46
192.50
192.60
192.62
191.53
193.64
192.82
193.35
192.95
193.13
192.42
192.62
192.22
192.25
193.02
193.42
193.39
193.87
197.61
197.76
197.53
197.98
196.73
197.53
198.81
200.66
197.26
197.77
199.81
200.62
201.00
203.78
204.72
206.00
206.01
205.72
204.25
204.69
205.49
205.48
207.77
207.18
207.29
208.27
208.65
209.47
209.50
206.05
205.47
204.94
202.33
202.58
205.32
202.80
202.72
207.45
200.13
199.51
199.60
198.62
200.00
203.57
205.58
206.81
207.08
208.00
208.06
207.24
204.99
203.75
201.48
201.23
200.60
201.17
199.44
199.04
199.73
197.89
195.88
197.76
196.82
196.12
196.09
194.30
196.46
194.53
192.90
189.08
188.54
189.20
193.99
194.44
195.14
192.51
194.55
193.10
195.10
199.10
198.29
198.93
198.78
193.39
193.70
192.86
191.95
193.00
191.40
195.58
195.83
195.93
195.29
191.41
189.67
186.26
185.25
183.09
186.01
184.79
183.65
188.25
195.34
192.45
190.83
190.34
191.08
193.95
196.39
196.68
195.98
195.18
194.45
198.52
198.76
199.93
199.03
198.42
199.29
199.01
198.29
198.40
200.84
201.22
200.50
198.65
197.25
195.70
197.77
195.69
194.87
195.08
193.37
194.85
194.54
195.04
199.10
199.50
200.95
203.27
203.77
206.36
206.81
207.15
207.07
206.43
206.18
205.98
205.29
204.98
204.00
205.91
207.45
210.47
209.84
210.51
210.39
210.59
209.82
207.99
205.82
205.76
207.80
208.93
211.00
200.63
194.96
193.36
194.40
191.25
190.72
191.60
193.27
194.53
197.15
193.43
194.14
195.07
191.16
190.10
189.64
189.25
188.32
185.51
185.85
186.94
190.35
189.20
190.29
193.49
192.88
191.23
191.98
191.53
190.07
189.48
189.36
188.65
189.70
191.95
192.62
194.20
192.95
191.99
191.76
193.62
195.69
195.08
194.77
193.42
192.40
191.95
192.71
189.83
191.55
196.35
195.27
193.99
193.14
192.87
192.32
192.88
194.45
192.62
192.50
192.59
193.65
194.47
196.08
204.72
204.42
204.97
204.93
203.90
203.52
203.07
205.18
203.79
202.79
201.02
199.74
201.68
200.16
200.04
200.09
199.65
200.98
200.32
199.31
198.33
201.09
197.51
199.14
202.33
200.83
202.91
205.19
206.53
208.38
209.42
210.38
210.08
210.55
212.06
215.80
214.92
213.21
213.44
215.06
212.26
212.08
210.74
212.36
210.89
213.30
212.38
214.36
212.66
211.31
209.41
209.32
209.22
212.00
212.92
211.38
209.26
212.00
209.67
207.15
190.00
187.83
191.61
191.71
193.95
194.31
199.15
202.54
199.63
202.39
204.51
202.78
203.63
204.82
203.24
204.47
202.47
203.21
203.32
204.69
208.44
207.60
208.65
206.99
206.16
205.72
207.78
207.92
209.36
208.02
208.95
206.19
202.74
203.80
206.35
205.02
203.98
201.20
203.77
202.20
203.04
204.87
201.94
197.35
195.46
193.54
194.98
194.86
195.65
191.11
191.28
191.50
193.25
194.93
194.98
191.30
192.25
192.80
192.07
194.00
193.85
194.55
197.99
193.54
194.09
194.98
196.61
197.22
197.35
196.21
196.01
195.04
195.81
195.16
195.50
190.99
188.56
187.93
187.82
189.09
188.42
187.53
185.79
185.34
184.23
184.56
184.86
185.19
185.42
184.74
182.74
182.16
182.64
182.27
183.96
183.13
184.15
183.03
184.98
186.60
190.70
190.73
192.17
193.15
192.16
194.42
193.39
190.02
190.99
189.97
189.47
190.22
186.92
185.18
186.38
184.96
183.86
184.10
182.01
178.72
181.32
184.77
186.16
186.97
184.66
186.73
174.83
173.78
172.86
174.97
175.77
177.80
176.85
177.35
182.12
180.15
179.21
179.23
180.27
177.85
179.19
180.00
179.99
182.88
183.07
183.55
182.21
183.19
184.47
185.25
185.19
184.13
181.30
178.94
177.31
178.97
179.68
177.48
176.08
175.74
176.08
177.67
177.46
177.12
175.20
173.37
172.80
177.85
175.76
178.70
180.22
180.02
182.23
183.22
185.35
185.08
186.41
187.57
185.53
186.64
186.00
189.71
187.97
187.38
187.26
184.16
185.92
187.74
188.76
190.09
188.43
182.25
182.73
179.64
177.90
176.85
176.40
177.36
176.68
172.90
172.84
174.24
174.67
177.25
177.14
179.70
180.24
181.84
183.69
183.19
182.95
184.26
182.79
183.45
183.23
184.06
185.27
185.17
184.26
186.44
187.14
187.64
187.68
186.39
186.76
186.22
183.90
182.21
185.81
186.81
184.71
187.90
186.67
188.25
195.04
192.62
189.83
190.45
192.49
194.50
193.55
192.69
191.77
194.52
193.29
196.64
195.68
195.19
197.77
197.02
196.40
190.01
192.27
192.15
191.73
190.22
189.63
193.14
195.11
196.47
193.53
191.44
191.26
190.03
189.30
188.91
190.08
192.57
192.19
188.72
186.46
187.06
187.00
184.89
186.39
185.68
185.94
184.78
183.08
183.76
184.36
185.69
184.37
184.51
185.98
186.37
186.22
184.29
182.25
181.22
182.56
182.35
182.26
183.60
182.82
181.55
182.14
180.88
180.72
180.37
181.71
181.27
186.35
188.39
188.53
188.04
187.22
188.42
187.70
188.00
189.86
188.49
192.36
192.49
192.50
190.85
194.09
193.63
195.24
194.40
195.78
194.57
194.00
191.67
189.15
189.64
187.10
185.97
184.30
186.63
187.47
187.34
187.95
187.88
187.38
189.36
190.07
190.10
191.23
190.41
191.16
192.99
192.25
192.00
192.30
191.56
191.95
190.68
191.20
190.14
189.99
191.54
191.72
191.28
191.81
192.96
192.80
193.75
194.00
193.11
191.62
192.31
189.01
190.06
189.64
189.83
187.17
186.91
188.67
189.04
185.71
189.36
186.42
185.93
183.52
183.80
181.75
179.84
182.05
169.10
163.23
161.79
162.18
162.08
161.87
163.60
163.46
164.35
164.40
164.36
162.65
161.82
161.46
162.07
163.49
163.30
161.92
162.79
164.16
164.16
161.89
161.43
160.64
