85.88
84.12
86.56
89.19
90.88
90.06
88.88
87.62
89.25
87.44
89.50
89.00
88.19
89.88
90.38
90.50
89.75
87.62
83.69
83.94
84.44
83.94
82.50
81.25
80.00
80.69
78.69
77.44
77.62
75.44
77.69
78.94
78.19
77.75
76.19
75.06
73.56
72.75
74.94
75.44
75.62
77.44
75.38
74.75
82.00
84.38
84.00
84.81
83.75
83.12
84.00
87.00
84.00
84.06
86.50
85.75
85.81
85.94
85.88
85.75
89.00
92.25
94.25
93.75
93.25
90.69
89.81
88.94
87.44
89.50
90.44
88.94
87.06
85.69
84.94
86.12
86.31
87.31
86.19
86.56
89.00
88.44
88.50
89.94
89.44
89.12
90.75
92.94
91.75
91.88
93.44
94.31
94.75
94.00
91.69
92.06
93.94
94.88
93.69
94.44
93.88
94.00
91.69
93.44
92.44
90.56
91.25
93.19
93.94
93.00
93.19
94.50
92.31
94.44
93.94
94.69
93.44
91.38
91.88
92.56
90.50
90.50
88.88
88.38
87.94
87.12
86.62
85.06
85.38
85.19
85.19
87.56
87.06
85.94
83.75
84.50
83.44
82.25
82.00
80.25
78.94
78.12
79.00
81.12
82.38
81.81
80.19
80.25
81.00
80.25
81.56
80.75
83.25
84.31
84.56
84.69
85.25
85.62
87.75
86.88
87.19
87.69
89.69
86.94
87.50
88.06
87.38
85.94
85.94
86.56
87.19
88.69
89.50
87.94
90.00
89.50
89.44
88.62
91.44
92.31
89.69
90.62
86.81
86.44
83.69
84.81
85.62
85.94
86.88
87.56
87.75
87.56
85.81
87.19
86.38
88.00
88.94
88.56
86.94
82.06
82.88
83.38
83.19
83.75
83.62
83.44
83.19
83.12
82.44
81.88
82.56
84.12
82.88
81.94
82.81
83.44
83.31
84.12
84.75
85.31
84.81
84.94
84.25
83.81
84.75
85.44
85.06
84.94
85.12
86.00
85.94
83.06
83.00
83.81
84.50
82.25
81.81
81.56
82.19
82.44
82.81
81.69
80.38
81.50
82.44
80.12
79.38
80.75
83.00
83.56
86.12
86.94
86.94
85.44
82.00
82.31
82.38
81.44
80.31
81.62
81.50
81.00
80.94
80.56
80.00
79.94
80.19
80.25
83.31
83.50
81.81
82.10
83.28
83.28
83.58
83.60
85.30
84.45
84.70
86.56
86.69
86.00
86.70
85.48
87.49
87.09
87.22
86.88
86.29
85.25
86.14
86.25
87.10
88.50
90.72
90.99
91.76
93.00
93.45
92.79
92.08
90.05
89.76
88.60
89.90
91.25
90.55
90.00
88.00
88.17
88.22
87.16
86.44
88.67
88.10
86.98
87.95
89.90
89.50
91.50
92.95
91.80
91.80
93.80
93.61
93.95
93.18
93.40
94.88
95.00
95.46
97.94
97.90
97.80
96.60
95.47
92.00
93.60
94.30
94.48
95.43
95.90
95.21
95.16
95.50
95.86
95.99
97.75
98.49
97.01
95.50
94.71
95.18
96.79
96.00
96.36
96.80
98.06
98.05
96.75
97.01
96.49
97.90
98.00
98.40
96.95
97.05
96.85
95.95
96.30
94.55
94.89
95.35
95.35
93.98
91.00
90.88
90.49
90.42
92.54
91.95
91.00
90.75
89.00
89.10
90.25
90.19
88.20
86.88
87.60
89.43
89.21
87.29
89.25
90.20
91.19
91.87
92.46
92.13
91.48
91.09
91.05
91.61
91.80
90.74
92.44
92.42
92.25
93.35
93.20
93.03
92.28
91.97
93.15
92.89
93.20
93.61
92.10
92.45
92.30
91.05
92.28
91.60
92.00
93.31
92.40
92.50
90.20
87.77
84.90
84.28
84.55
81.08
80.49
83.50
84.75
83.86
85.65
85.76
88.00
88.77
90.00
91.50
93.77
93.50
92.80
90.55
89.40
90.15
88.30
87.49
88.75
89.35
87.15
87.90
89.00
89.49
89.60
89.99
90.00
89.16
88.35
87.11
87.53
88.10
89.70
89.60
90.22
89.00
84.76
84.15
83.60
86.85
87.73
86.85
85.60
86.00
85.90
85.68
85.95
86.91
86.90
87.98
88.00
87.60
87.40
87.00
86.00
85.95
84.90
85.68
86.39
87.69
88.30
88.89
89.23
90.67
90.67
91.05
90.70
89.61
89.97
90.10
90.00
90.49
90.50
89.34
88.95
87.74
89.20
88.48
88.12
87.75
87.64
88.56
88.57
89.02
89.18
87.76
83.33
83.99
85.60
85.24
83.80
83.55
82.96
82.20
83.25
83.21
82.70
83.24
83.15
82.30
81.75
83.40
83.75
84.74
84.75
85.10
85.40
85.50
86.24
86.81
88.04
88.85
88.98
89.70
89.79
90.00
89.80
90.40
90.67
91.60
90.79
90.73
91.00
89.49
89.53
90.94
91.19
90.69
91.04
90.40
89.98
87.99
88.95
88.40
88.06
88.05
85.70
86.20
87.15
87.85
87.98
88.00
88.13
86.98
86.20
86.75
86.35
86.82
87.63
88.20
88.87
90.10
88.90
88.40
89.05
88.80
88.90
90.49
90.50
89.05
89.47
89.39
89.25
90.00
89.15
89.85
89.85
89.18
88.40
88.00
89.20
87.95
87.30
87.15
88.19
87.40
87.23
87.06
87.35
88.15
87.00
88.75
88.70
88.65
88.55
87.97
88.25
88.50
86.75
87.77
88.75
88.77
88.93
88.29
87.90
88.10
87.94
87.43
85.45
83.35
82.30
80.89
81.70
81.10
78.46
74.90
70.61
70.95
70.55
70.84
74.44
73.75
75.00
74.10
71.90
71.85
71.75
72.40
74.69
75.90
75.58
76.55
77.55
78.55
77.35
77.50
76.54
77.17
79.01
78.93
79.45
80.00
77.45
76.75
77.46
75.29
73.66
73.45
75.25
74.68
75.50
76.50
74.44
73.39
74.11
73.75
72.29
71.65
71.00
70.80
69.66
70.30
73.25
73.57
70.97
72.63
73.82
73.38
73.15
72.71
71.15
69.80
71.50
72.68
72.79
74.33
75.16
75.20
75.02
75.43
73.39
73.01
74.17
73.68
74.18
72.76
72.19
70.56
69.28
69.65
69.40
69.46
69.43
68.35
67.99
68.00
67.28
67.52
67.70
67.99
68.50
68.20
68.38
67.50
68.18
67.57
67.55
67.08
67.45
67.85
67.98
69.00
68.35
68.98
68.49
68.19
68.13
68.48
69.13
68.80
67.70
67.60
67.10
67.50
67.13
67.49
67.10
66.85
66.74
67.84
68.39
70.40
69.90
68.54
69.21
68.94
68.88
68.53
68.70
69.00
68.80
68.12
66.58
65.52
64.97
63.65
63.40
65.70
65.74
64.87
65.71
66.02
65.95
65.07
64.87
64.94
65.72
64.10
63.55
64.08
64.77
64.52
65.25
64.90
64.69
64.95
64.74
64.74
64.72
65.05
64.93
65.95
66.03
65.72
65.41
64.66
63.74
64.15
64.25
65.15
65.80
66.10
66.44
66.65
65.92
66.25
66.36
65.88
65.75
65.21
65.72
65.95
65.29
64.95
65.81
64.56
65.27
64.27
64.18
64.42
64.16
64.40
64.08
64.68
65.36
65.03
64.80
63.75
64.50
63.81
63.34
63.41
65.60
67.40
68.00
67.17
67.63
67.68
68.59
69.28
69.15
67.63
67.72
67.10
66.92
67.76
67.90
68.98
71.40
71.25
70.97
71.40
72.80
73.00
73.92
74.36
74.84
74.05
74.45
75.73
76.23
75.69
75.08
74.94
74.65
74.28
74.70
73.85
74.00
74.50
73.50
73.30
72.85
72.65
72.65
72.50
73.43
73.58
73.47
72.80
73.04
73.45
72.24
71.75
71.90
72.91
72.80
72.95
72.88
72.79
72.80
72.98
72.44
72.30
73.25
72.45
71.30
71.40
71.48
72.47
72.94
73.77
73.97
74.29
74.25
73.20
73.10
72.78
72.79
73.15
73.00
72.53
72.55
72.70
73.21
73.41
73.77
74.56
74.15
73.64
74.02
73.99
73.85
73.90
73.51
73.15
73.20
73.10
72.45
72.62
72.36
72.80
73.59
72.88
71.91
72.10
71.80
73.16
73.15
73.76
73.89
74.08
74.17
74.06
74.15
74.92
75.00
75.00
74.74
74.62
74.38
74.65
74.27
73.97
73.60
73.33
73.48
73.60
73.00
74.98
75.00
74.19
74.05
74.31
74.87
74.72
74.30
74.98
75.85
74.95
74.27
74.08
74.44
74.75
74.50
74.54
74.81
75.48
75.47
76.62
76.44
77.08
77.85
78.15
78.65
79.83
79.03
79.73
80.45
80.75
80.94
82.19
84.13
83.68
83.44
83.60
84.24
84.25
85.65
86.73
86.99
86.95
87.64
87.28
86.86
86.05
85.90
85.67
85.13
85.85
85.90
84.93
86.29
87.13
87.95
87.36
87.62
88.52
88.17
87.80
87.31
86.68
86.40
85.70
85.32
85.65
86.03
86.88
88.00
87.82
87.21
87.54
87.40
87.46
87.35
88.54
88.99
88.39
88.30
88.90
90.58
90.04
89.99
89.84
90.40
91.42
90.70
90.50
88.76
88.45
89.02
88.21
89.39
89.95
89.75
88.20
88.09
87.60
86.18
86.00
86.04
87.17
88.24
88.95
88.69
89.15
89.64
89.98
90.58
91.97
92.10
91.65
92.04
92.30
92.45
91.72
90.26
91.85
91.81
92.90
94.16
93.25
91.98
92.59
93.65
94.29
94.65
94.48
93.30
90.75
91.00
92.07
92.66
93.40
92.65
91.55
90.98
90.46
90.44
90.39
92.14
92.00
91.13
90.78
91.74
91.89
91.73
91.05
92.16
92.55
90.65
91.29
90.28
91.18
92.34
92.94
93.68
93.87
94.08
95.00
94.98
94.77
93.80
93.65
94.19
94.38
94.53
93.99
93.44
93.97
94.43
94.02
94.29
94.98
95.57
96.16
95.91
95.21
95.29
94.70
94.44
94.10
94.10
94.68
95.48
96.50
96.65
98.85
98.66
97.31
96.14
95.48
95.10
94.94
95.49
95.76
96.75
95.74
94.71
94.40
94.81
94.33
93.37
93.98
94.73
95.70
96.44
97.50
98.90
99.74
100.25
100.09
100.14
101.13
101.45
50.94
51.49
51.46
51.19
51.99
52.49
53.64
53.49
53.00
53.20
53.78
54.49
54.20
53.88
54.27
54.03
54.56
55.53
56.07
55.62
55.45
55.06
54.15
54.06
53.75
53.68
52.85
53.54
53.79
53.97
53.73
53.98
54.14
53.59
53.16
53.55
53.07
53.49
54.42
54.74
54.50
53.29
52.86
53.05
54.57
54.13
52.99
53.45
53.65
54.09
54.86
55.08
54.84
55.21
55.09
54.97
54.90
53.06
52.94
52.87
53.11
52.74
52.81
53.88
53.65
53.67
53.39
52.41
52.06
52.62
52.91
52.96
52.78
52.84
52.72
52.93
52.92
52.75
52.47
51.46
51.25
51.95
51.74
51.99
51.68
52.51
53.53
52.45
53.09
53.14
52.69
52.49
53.11
53.06
53.77
54.20
54.10
54.55
55.16
55.87
56.25
56.75
56.80
56.75
56.75
57.67
58.59
58.37
58.34
59.60
59.87
60.24
61.08
60.23
61.24
63.15
62.80
62.13
61.88
61.57
61.93
61.80
61.90
62.10
59.59
59.42
58.97
59.60
59.25
59.75
60.47
60.62
60.85
59.00
59.31
58.68
59.20
58.38
59.25
59.42
59.09
57.26
57.45
58.35
58.04
57.08
56.84
55.94
54.91
54.00
52.92
53.57
53.69
53.47
54.32
54.80
54.58
53.69
52.22
52.00
53.21
53.21
53.25
53.74
56.33
53.56
53.78
53.51
53.39
52.51
51.28
51.53
52.28
52.23
52.27
52.71
52.92
53.58
53.76
54.68
54.83
55.00
55.08
55.24
55.70
55.49
55.68
56.54
56.39
56.40
56.45
56.93
57.99
59.32
59.43
59.48
59.46
59.35
57.80
57.80
58.08
57.28
56.72
57.24
58.56
58.99
57.83
58.27
57.55
58.00
57.78
58.03
56.96
56.85
57.36
57.91
57.50
58.03
58.91
58.54
58.38
59.07
59.67
58.70
59.70
60.69
61.00
60.65
62.18
61.89
62.65
63.13
62.65
62.45
62.04
61.05
59.71
60.30
60.92
60.68
60.39
60.06
59.93
60.07
60.60
62.09
63.12
62.71
62.75
63.35
62.67
63.87
63.90
63.59
63.10
63.07
63.45
64.54
64.77
64.99
64.99
63.66
64.61
64.59
65.00
65.98
65.70
65.49
64.46
63.10
61.96
61.00
60.99
62.79
62.64
60.80
59.74
60.42
59.46
58.50
58.28
57.60
57.92
59.01
59.48
58.22
57.49
58.28
57.99
58.61
59.58
59.48
58.01
57.98
58.25
56.98
56.98
57.41
58.11
57.38
58.08
58.23
58.99
59.24
59.29
59.16
58.44
58.07
58.20
58.83
59.46
60.04
60.48
60.50
59.98
59.42
59.79
59.92
59.40
59.28
59.19
57.87
57.30
57.93
57.44
57.49
57.02
56.96
57.29
57.14
59.10
59.08
58.96
59.57
59.58
59.48
60.00
60.59
60.62
61.90
62.00
61.75
62.43
62.38
62.72
62.55
61.50
60.76
60.85
60.60
59.80
59.05
58.69
59.42
58.54
58.18
58.97
57.49
57.59
56.30
56.37
56.59
57.39
58.40
57.90
57.75
57.97
57.72
56.84
57.29
57.59
57.44
56.86
55.94
55.63
55.60
54.60
55.38
56.47
56.60
58.03
58.04
57.43
57.10
57.24
56.87
57.80
58.42
58.87
58.83
59.29
58.42
59.20
59.15
59.51
59.84
59.69
59.82
60.53
59.76
58.95
59.48
60.96
61.43
60.93
61.51
61.69
61.94
61.79
60.98
61.39
62.00
62.95
62.74
62.45
62.90
62.35
63.18
62.96
63.65
62.81
61.60
61.82
60.93
59.65
59.30
58.75
59.60
58.51
59.74
59.93
60.08
59.83
60.20
60.85
61.29
59.72
59.71
58.00
58.32
58.41
58.16
57.85
59.74
59.31
58.72
58.38
59.19
58.97
59.28
59.85
61.39
61.48
62.98
62.70
63.00
64.03
64.60
65.00
64.50
65.54
65.89
65.81
66.79
66.34
66.07
66.34
66.24
65.78
66.64
67.16
68.01
68.47
66.45
66.19
66.45
67.08
66.14
66.04
67.03
67.43
68.24
67.69
67.99
67.61
67.75
67.00
66.17
67.31
67.55
66.78
66.64
66.73
67.49
66.50
66.00
65.88
65.19
64.90
67.15
66.38
66.45
65.46
63.68
62.32
62.60
62.78
62.09
63.20
63.15
62.19
62.39
62.43
62.83
63.70
64.75
64.92
65.14
65.35
64.01
63.93
64.47
63.88
64.19
63.92
63.83
64.16
64.72
65.20
65.18
65.42
65.64
65.88
65.64
67.03
68.26
68.50
68.48
67.68
67.35
67.56
67.89
69.33
69.94
69.92
69.78
70.40
70.39
70.83
70.67
70.63
70.46
69.28
69.91
70.32
70.50
69.80
69.67
70.07
72.00
72.96
73.26
73.54
74.17
74.41
74.00
74.00
74.04
74.57
74.72
76.20
76.11
75.43
74.79
74.91
74.16
73.51
73.40
74.14
74.51
74.10
73.22
70.95
71.12
71.56
71.34
70.31
71.14
70.62
70.70
70.87
71.84
72.39
72.60
73.25
73.25
72.78
72.37
72.30
73.07
73.44
74.96
74.62
74.29
74.18
74.09
73.92
74.00
73.17
72.96
73.04
72.06
71.44
70.65
70.39
70.96
71.28
72.02
71.22
69.75
68.52
67.75
67.33
67.71
69.81
69.06
69.04
69.20
69.60
68.64
69.29
69.50
69.75
70.14
71.49
73.46
74.09
74.55
74.37
74.68
74.98
74.81
75.05
75.59
75.75
75.90
76.40
77.22
77.47
77.23
77.50
77.97
78.57
78.12
77.64
78.63
78.88
77.81
78.93
78.38
78.50
79.07
78.63
78.98
79.86
80.35
79.70
80.19
79.97
79.68
80.13
80.94
81.37
80.93
82.00
82.92
83.56
83.23
82.91
81.88
81.13
81.00
82.29
82.36
82.52
83.25
83.04
82.73
82.06
80.74
81.78
81.81
81.55
82.55
83.60
84.00
83.75
83.70
83.02
82.94
83.66
83.78
84.00
84.89
85.19
85.28
86.69
87.14
87.96
89.80
90.21
90.87
93.37
95.00
94.05
93.08
93.43
93.73
93.31
93.16
92.15
91.69
90.45
88.94
87.00
87.45
89.50
86.00
85.00
82.08
83.89
85.63
84.74
83.73
84.31
83.70
83.81
81.96
85.10
85.55
85.25
85.56
86.47
87.53
87.39
86.73
87.38
87.60
88.86
89.27
88.65
89.33
89.03
88.29
89.13
89.84
90.82
91.27
91.54
93.53
94.94
94.63
95.36
95.50
93.59
93.32
93.63
94.40
94.53
93.99
91.98
92.03
92.57
91.96
93.00
92.48
92.82
91.74
92.94
93.85
93.94
93.75
92.70
88.51
89.71
90.42
91.60
92.30
93.57
91.95
92.13
91.48
89.27
89.20
90.70
90.92
90.59
88.90
87.00
86.99
88.33
86.48
86.47
86.37
88.61
88.49
87.06
87.33
84.59
86.51
87.33
87.77
88.18
87.78
89.72
91.70
91.59
92.01
92.59
92.97
93.21
92.96
91.76
91.63
92.12
92.52
94.68
94.79
95.20
95.08
94.93
94.58
94.69
94.84
95.21
93.74
93.38
92.75
92.10
92.57
91.85
90.05
88.38
87.17
84.98
82.37
81.48
83.69
85.00
83.26
83.72
85.23
84.50
84.93
82.98
80.99
80.55
79.24
79.48
80.47
82.33
82.29
83.58
83.69
85.49
86.86
86.51
85.74
87.59
88.40
88.94
89.29
88.60
87.92
87.70
88.86
89.00
87.49
85.97
88.33
88.58
87.61
87.64
84.99
86.12
86.84
84.07
84.79
84.84
85.69
86.95
85.58
85.93
86.89
88.19
88.80
88.66
89.37
89.37
90.53
90.40
89.77
89.40
90.28
92.08
92.62
93.32
93.45
94.50
94.63
93.99
93.24
93.43
95.32
97.28
95.45
95.85
96.87
96.98
96.80
97.85
97.90
97.59
97.98
99.00
98.60
100.47
102.81
103.25
104.63
103.42
102.59
100.28
100.58
100.50
99.49
99.70
100.22
97.72
100.24
102.15
101.30
101.19
99.98
98.87
99.73
100.90
100.89
100.31
100.04
98.08
99.14
99.53
100.17
100.22
99.32
99.52
99.61
100.00
99.43
99.35
97.04
96.79
96.25
95.59
93.31
92.84
89.60
86.75
87.08
86.95
87.51
85.81
83.48
83.97
83.47
83.69
87.42
86.99
85.46
84.76
83.30
84.82
85.31
84.44
85.12
84.84
86.33
87.48
85.72
85.33
85.33
87.00
89.10
88.78
88.58
86.16
87.00
87.49
87.73
84.61
84.44
84.38
81.73
82.35
81.34
81.72
83.00
84.48
83.80
82.37
83.90
83.50
88.11
89.75
88.39
86.59
88.17
87.12
85.51
82.69
83.09
81.99
83.70
77.85
78.55
77.16
73.88
64.76
70.49
74.00
66.48
64.39
67.41
70.00
69.38
64.84
67.10
65.46
66.48
70.87
74.32
74.89
75.98
74.89
78.92
78.35
74.86
73.99
76.08
75.00
72.87
76.11
77.35
73.57
74.05
75.00
71.25
71.04
77.75
77.58
80.00
79.25
76.65
76.95
75.23
74.95
75.27
79.28
78.59
79.40
81.92
80.59
80.61
80.06
79.00
76.74
74.65
72.00
70.79
69.99
70.59
71.73
73.49
74.63
77.30
78.37
78.45
77.07
74.84
74.00
72.61
72.70
71.18
71.25
72.94
72.20
71.49
70.97
71.11
72.39
72.63
74.02
72.69
72.70
70.85
71.79
72.93
73.42
75.00
75.56
75.24
72.10
70.06
70.74
67.93
67.20
67.71
66.21
66.86
65.83
65.62
65.29
62.76
60.19
59.17
60.44
58.26
59.36
59.59
61.78
62.80
63.51
63.98
64.20
65.34
66.98
69.20
67.98
69.18
69.99
70.18
70.92
69.59
67.89
68.53
68.70
71.29
70.92
70.05
69.17
69.09
69.86
68.16
67.37
66.95
67.16
66.74
65.40
64.96
64.87
65.73
67.34
66.04
66.94
67.71
68.00
67.07
68.21
66.96
68.35
69.00
70.94
69.30
69.56
69.00
68.43
67.00
66.68
66.25
66.88
64.90
65.77
65.66
66.24
66.35
66.94
69.67
69.74
68.99
69.85
70.59
69.98
70.62
71.50
72.50
72.75
71.96
71.72
69.88
69.27
68.92
67.30
66.75
67.09
67.30
66.61
67.09
67.48
67.87
65.78
64.28
64.09
63.17
63.65
61.80
62.48
63.34
64.73
65.09
65.34
66.12
66.55
66.88
68.09
68.60
68.99
68.53
67.82
68.50
69.69
70.54
70.45
70.49
69.88
70.15
69.79
69.10
69.23
69.06
68.67
67.07
67.09
68.50
68.78
69.95
70.94
71.50
71.20
71.22
71.40
70.38
70.27
69.15
68.65
69.12
70.69
71.03
71.74
71.96
71.13
71.70
72.60
72.75
73.37
72.39
72.97
72.88
71.60
71.39
71.97
71.80
71.14
70.40
68.79
69.80
70.85
70.69
71.82
72.94
74.10
74.41
75.74
76.86
76.99
78.05
77.71
78.36
77.73
77.38
78.44
77.25
77.04
78.22
78.50
77.60
77.33
77.50
77.75
77.58
78.38
78.44
79.14
78.60
78.51
78.86
79.04
78.99
78.68
77.23
79.24
79.23
79.82
78.73
78.67
79.42
79.01
78.82
79.25
78.92
77.98
77.31
78.34
78.17
78.71
77.97
78.69
77.55
77.67
78.00
78.04
77.93
77.50
77.90
77.94
77.67
77.78
79.20
79.62
80.00
79.70
79.47
81.09
80.45
80.41
79.80
79.69
79.75
78.93
78.18
76.59
75.27
74.88
74.36
74.18
74.07
73.74
74.58
74.36
72.83
71.24
71.45
72.03
71.23
72.11
71.30
73.32
73.43
73.72
74.38
74.22
72.93
72.45
72.19
72.69
73.18
73.91
73.85
73.50
74.47
74.88
74.91
74.33
74.09
74.24
73.63
74.12
75.06
75.07
75.16
74.88
74.79
74.50
74.62
74.88
75.44
75.50
76.14
77.13
77.75
78.00
77.83
78.00
79.62
80.80
80.57
80.61
81.76
81.90
81.50
82.36
82.67
81.45
82.77
83.14
82.51
80.92
82.99
83.13
83.41
82.24
80.73
80.21
78.61
80.56
80.75
80.46
80.06
78.49
77.95
78.67
77.00
75.40
74.65
74.38
72.69
73.50
74.36
74.40
74.52
74.13
74.75
72.71
72.49
71.73
72.39
74.17
74.06
75.54
75.26
75.39
75.49
75.75
77.25
75.72
73.90
72.13
71.13
70.57
69.39
69.06
68.30
68.15
68.32
69.50
70.69
72.00
72.13
73.58
73.12
73.23
72.84
72.30
73.21
73.55
74.00
73.55
74.62
75.43
75.66
76.37
76.37
78.33
79.12
79.10
79.19
79.02
79.43
79.48
77.98
77.78
77.77
77.83
78.08
77.73
76.82
75.56
75.99
74.90
74.30
74.38
75.04
74.80
74.53
76.91
77.48
78.00
77.91
77.88
78.28
78.82
79.51
79.98
79.33
79.13
79.73
80.13
80.23
80.40
79.37
80.29
80.61
81.20
81.70
82.19
82.36
82.14
83.50
84.30
84.50
84.10
84.00
84.18
84.11
83.92
84.54
84.77
83.68
84.52
85.00
84.79
85.79
85.24
84.64
85.65
83.23
84.08
82.45
83.12
85.31
85.32
85.00
84.27
85.22
86.19
85.61
85.97
83.58
83.13
83.98
83.96
83.58
82.50
83.01
82.57
82.05
81.61
83.22
84.67
85.00
85.21
86.63
86.80
86.98
87.08
88.95
88.95
88.63
89.22
88.96
89.60
89.82
89.96
90.89
90.60
91.43
92.39
91.94
91.80
92.38
92.48
92.07
91.83
91.30
91.17
91.99
92.85
92.60
92.88
93.75
93.71
92.86
93.94
94.53
94.44
94.97
94.96
94.85
95.19
96.49
96.85
97.44
97.33
98.23
97.99
97.38
96.98
97.18
97.16
96.85
97.02
97.34
98.81
102.12
103.94
103.42
102.63
103.94
104.99
103.97
104.57
104.78
104.77
104.04
103.68
101.48
100.75
101.00
102.00
102.07
102.57
103.97
105.20
105.94
105.92
105.92
107.01
107.10
107.48
108.74
109.65
108.78
108.57
109.80
109.94
109.10
109.94
109.90
106.70
105.14
105.29
106.50
104.99
105.85
108.34
108.25
107.78
108.83
109.17
109.10
109.60
109.58
107.84
106.02
104.12
104.45
104.86
104.95
103.46
103.32
103.49
103.29
101.19
103.46
104.53
103.81
101.91
103.39
103.86
103.80
104.22
105.21
104.95
102.59
101.69
101.31
100.91
100.84
101.87
101.00
100.51
101.29
99.91
99.66
100.84
100.20
101.98
102.46
99.55
99.74
99.64
100.60
101.71
102.94
104.19
105.76
105.24
106.92
106.00
104.64
105.95
106.61
106.47
106.30
106.50
107.80
107.65
109.75
109.66
109.00
108.47
107.00
105.85
105.23
106.13
105.70
103.74
100.98
99.34
95.79
93.71
93.85
95.14
97.05
99.23
99.28
99.09
95.38
95.36
96.55
97.38
97.76
98.52
97.35
98.76
98.98
99.72
100.48
97.06
95.80
99.44
100.58
97.39
95.93
96.84
99.00
99.50
100.16
99.34
99.74
97.78
91.51
90.84
91.65
95.35
95.33
94.48
94.80
92.77
91.84
94.74
94.81
95.73
98.24
98.64
98.75
98.10
100.56
100.25
104.15
104.08
103.66
105.84
106.87
106.91
106.84
110.01
109.99
108.00
103.68
104.93
106.35
106.60
108.53
109.00
106.49
106.01
107.52
106.74
107.33
103.42
102.13
101.50
96.94
97.25
95.58
94.45
96.35
98.05
102.82
103.00
103.19
104.00
104.73
105.74
104.80
104.50
104.23
105.89
104.02
101.60
100.86
101.33
103.85
105.53
106.58
107.61
108.49
108.16
107.56
107.50
110.99
110.37
109.54
109.61
109.67
110.66
108.65
106.04
106.15
107.98
106.94
107.50
107.20
107.50
107.09
108.00
108.57
104.67
103.50
104.78
104.42
103.96
105.60
106.76
107.06
107.50
107.41
105.52
106.53
106.53
106.24
106.57
107.24
108.50
108.56
108.50
109.40
110.22
110.40
110.92
110.14
109.87
109.45
109.03
109.95
110.57
110.41
110.00
111.31
112.28
110.93
110.83
111.06
109.93
109.02
106.99
106.90
107.97
108.00
106.96
107.02
107.25
108.79
108.23
106.26
105.90
104.08
103.38
102.45
102.86
102.36
102.24
104.09
103.97
103.64
103.84
102.72
103.17
103.89
106.70
106.80
106.61
108.79
107.65
107.06
105.49
103.82
103.21
102.50
104.24
103.95
102.30
102.66
101.78
101.41
100.75
99.74
100.68
99.00
100.12
100.24
100.85
99.11
99.16
97.29
97.14
96.87
99.80
102.00
101.00
102.33
100.90
101.40
102.17
104.50
103.97
104.65
104.55
103.75
101.12
99.56
101.29
102.90
103.65
105.51
106.09
107.42
107.05
105.35
105.04
105.39
105.63
106.08
106.19
107.25
107.50
107.98
108.98
109.25
108.28
108.16
106.77
108.63
109.50
109.93
110.82
111.23
109.93
111.88
112.10
112.39
112.64
113.28
113.64
113.59
113.87
113.00
113.59
113.57
112.89
113.45
112.35
112.17
112.20
112.39
112.81
112.44
111.69
112.95
112.27
111.73
113.44
114.00
114.54
114.75
114.74
116.97
118.22
118.50
117.65
117.18
118.17
118.53
118.49
118.50
117.00
117.40
116.89
118.25
118.08
117.74
117.47
118.25
117.87
118.38
115.05
114.22
113.29
113.04
114.41
115.36
115.03
114.99
113.70
111.58
110.49
110.97
111.69
111.94
111.69
111.21
109.34
110.69
109.30
107.67
106.69
106.52
106.45
105.01
103.47
102.49
104.35
104.12
104.12
105.47
104.99
105.16
105.62
106.69
106.37
106.07
105.09
105.81
106.50
107.00
107.69
108.23
109.18
108.54
108.39
108.84
110.40
111.11
110.67
110.30
109.39
109.27
108.86
107.78
108.23
110.42
110.92
110.62
110.09
109.69
110.08
110.76
112.08
112.95
113.47
114.33
115.86
115.24
115.94
115.90
116.37
116.38
116.58
117.40
117.50
116.90
116.69
115.89
116.38
115.92
116.00
115.78
115.84
116.84
115.84
116.26
115.70
116.26
116.10
115.30
116.23
117.34
115.17
116.95
117.89
117.24
117.81
118.25
118.78
118.89
119.11
118.80
119.30
118.70
120.26
119.92
119.90
119.81
120.88
120.99
121.40
121.56
121.13
120.71
120.73
119.86
119.95
119.25
118.68
117.64
117.87
118.87
119.83
121.15
120.90
118.90
117.50
116.40
116.12
116.95
117.10
118.09
118.68
120.00
120.41
121.60
122.01
121.57
122.33
123.91
123.78
123.72
123.60
123.95
123.71
123.10
125.00
123.73
123.37
123.42
124.84
126.20
126.98
125.83
125.56
127.40
126.73
125.97
125.30
124.12
123.65
123.10
121.49
121.97
122.98
122.76
122.73
121.83
121.68
121.78
121.72
122.38
119.66
119.54
118.03
117.87
118.54
119.54
119.56
120.01
120.33
119.30
120.86
122.31
123.74
124.54
124.11
124.15
125.14
125.24
125.00
125.65
126.91
127.61
127.65
127.63
127.83
127.62
127.37
126.96
126.91
126.66
125.10
124.75
124.16
123.92
124.21
123.12
122.07
123.23
122.96
121.00
120.19
120.00
119.30
118.50
119.19
119.73
119.92
119.67
122.36
121.56
120.88
121.48
121.27
121.67
122.75
122.47
123.01
124.00
124.62
124.83
125.19
125.19
126.43
126.12
126.23
125.62
125.84
125.03
124.44
123.26
122.02
121.74
121.18
120.66
118.54
118.50
118.09
116.80
116.38
117.71
118.75
119.07
119.72
119.61
119.85
120.19
120.79
120.64
121.00
121.22
121.15
122.01
121.96
121.33
119.44
118.60
118.90
121.41
121.88
121.21
121.50
121.25
120.15
119.93
120.27
120.89
122.38
122.75
123.60
124.19
124.10
123.70
122.74
123.30
123.06
122.90
122.83
122.00
122.36
123.88
123.94
123.89
122.10
121.14
120.70
120.23
121.77
123.40
123.79
123.59
123.55
124.99
125.65
125.21
125.17
124.88
124.89
124.80
125.32
124.46
123.42
122.84
120.90
119.75
120.07
119.29
120.38
120.89
120.76
119.85
118.14
117.25
117.03
116.89
116.96
113.90
112.46
112.04
111.00
111.35
112.12
112.47
113.87
112.89
112.74
113.83
114.11
115.05
115.33
114.74
115.00
115.44
115.86
115.82
116.74
116.19
116.27
115.26
115.15
115.95
115.94
116.23
116.36
115.75
114.90
115.29
116.56
116.74
116.08
118.00
116.69
117.19
118.28
117.99
118.55
119.62
119.61
119.54
119.79
119.75
118.82
118.31
119.25
118.06
117.73
118.83
120.31
122.12
123.85
124.40
124.35
124.96
124.92
124.70
126.06
127.27
125.98
125.76
125.80
125.85
125.69
126.78
126.13
126.07
125.57
125.99
126.78
125.50
124.35
123.42
123.10
124.36
124.41
124.36
123.99
123.31
122.90
122.88
123.04
122.82
122.68
123.78
124.70
124.64
125.37
125.47
126.23
127.26
128.81
129.04
130.50
132.00
132.40
133.57
133.46
132.36
131.22
130.95
130.63
131.42
130.92
131.59
130.64
130.38
131.69
130.86
129.89
129.50
129.50
130.94
131.50
130.73
131.34
133.20
133.93
135.10
134.61
133.80
133.72
133.69
131.97
128.96
128.36
127.81
126.97
126.73
127.96
128.67
127.28
128.24
127.70
126.79
126.59
127.70
127.60
128.18
127.50
128.07
128.71
128.82
128.90
129.53
129.38
128.88
128.46
127.44
126.75
125.79
124.74
124.07
123.66
124.78
125.68
125.49
125.04
125.70
124.92
123.98
123.07
122.61
122.04
120.74
120.51
119.35
117.90
118.16
119.05
118.43
118.25
117.08
115.73
114.59
113.05
109.50
111.32
112.74
112.28
115.17
116.24
117.32
116.26
115.37
117.27
118.93
117.25
120.17
119.97
116.02
117.30
118.55
119.73
119.67
118.67
118.71
117.47
116.35
116.15
116.63
116.68
117.47
