0.0
-9.41393131838
7.43715083799
-0.888222401661
0.872701885036
-0.0697674418605
-4.85673193937
1.61888701518
-1.2215435869
2.79680365297
3.21668434076
21.9396551724
2.27773695812
5.9968847352
-10.9199389482
-1.75845147219
-14.7472399768
-4.32510562597
-4.11513859275
69.6509314523
8.09384164223
-10.0580270793
-0.750436300175
-6.06557377049
3.47752332485
-1.28935030141
-8.54517611026
3.25743200506
-8.88920904769
-10.0557211352
-17.2883172562
1.32493483927
0.195865070729
3.49099099099
-3.73983739837
44.140625
-12.1120571272
7.11974110032
8.87251761691
-14.1836173722
-10.0395647873
0.835307318289
9.53161272702
-12.5194122566
-7.41068465878
-16.1161625533
3.24743749401
6.30346232179
-9.95782138273
8.03368003962
-3.71959942775
-10.6595092025
5.0389331424
-4.15201166681
-6.50465190889
5.95733831903
-1.3249475891
0.463352990733
-8.16958069008
15.3798089797
