1089200
1173500
5208100
1421400
671800
1036600
6589200
1430100
931400
2939300
1460700
750400
529300
894100
1608800
1282200
1273300
621300
877700
904100
448000
825100
438200
1395000
1173500
1351100
523700
546600
1801800
680300
941200
583000
1338000
1707400
492900
602500
1456400
1552900
430500
1109000
1814900
1259200
1424700
2140400
4331200
1188000
1929800
948000
2822000
1203200
1283300
1888200
1125400
1138700
2131700
973000
1006000
1703000
3170600
2447200
1584700
583000
1954100
904100
780200
694700
388900
660600
739600
740700
573000
1232900
775800
484200
494200
296800
852500
1643800
1592200
828400
671800
632300
1962800
2102000
1617500
710100
832800
793300
647500
1101300
670500
842600
394300
401000
2529400
375600
1691000
598200
1207600
1795000
2506500
1209700
1071600
1355500
1653500
1351100
1564900
2307900
4606400
6264700
3689100
4449800
3305400
8325300
3111400
2515200
2692700
2861500
7293900
4951700
2926000
2288300
2091100
3098200
1631700
3353500
1177900
1671200
1663700
3629900
2318000
2910800
2003400
2643400
3902800
1959500
2407700
1874000
2664200
1199900
1065100
2416600
1515600
1963800
2614900
2703700
1781900
1924300
4024400
4133000
5103900
1959500
1199900
6539900
4479100
3259200
2322400
1252500
2058100
3058700
1559300
2805600
3886300
2248800
2085500
4044200
992900
3182700
4073700
2521700
2137100
2762900
4469300
4524200
963200
9370900
2624800
1795000
2038500
1469600
1658100
898700
1150600
2506500
1505700
2110700
1786200
1865300
1628500
2107400
2391300
726500
842600
1124200
1707400
1188000
1084700
1042200
1825700
1115500
1410400
1829100
1765400
1416800
3466600
1306200
1880500
1740300
546600
1963800
1150600
710100
1111100
4183300
2985500
3271500
1910200
888500
1173500
1269000
1380800
3087400
923700
1520000
1825700
1282200
2255400
2164400
2618200
1318200
2046200
1483800
953400
1410400
3433500
4297300
2588500
4104300
4716000
3518000
1552900
3022500
2447200
1717400
1745700
3370100
5025100
927000
1385200
1658100
1335900
1410400
2171000
1483800
1693100
1681000
2065800
1345700
3679200
1055300
990500
1934100
3611200
2373800
1483800
6546300
2210300
1924300
1460700
799700
1121100
783500
691400
1589000
858000
1252500
1880500
3200200
4344300
2457000
2940600
2664200
1924300
2778100
3629900
2916300
2051600
3354700
1696400
3044600
1628500
2248800
1247100
1203200
1237300
766000
2328900
1943000
1074900
750400
690300
684700
1469600
2442800
936800
474400
799700
839200
1311600
1283300
631000
936800
3542100
1276800
1209700
1397300
1681000
839200
746100
1875000
928100
1091500
842600
1150600
57200
1177900
2470300
3298800
4068300
4083700
3606800
3478600
1953000
1927700
1338000
1089200
1515600
877700
2357200
1683300
1900400
2679600
1533100
1298500
1321600
2273100
2679600
3121300
3157300
1949700
2189700
1184700
2249900
2298100
1687600
1145200
2368400
3334900
3256100
1884800
2516300
1814900
3370100
3689100
2373800
3587000
4765300
5356200
4820000
2581000
2396700
3604700
2614900
2206000
2403300
3111400
1875000
1732600
1657000
2085500
4060400
4462900
5227900
2476800
3587000
2171000
1927700
2134800
1848800
2515200
2713600
2051600
2713600
2367300
2131700
3394200
4218500
2880100
694700
1638300
2189700
2071200
1716100
2674100
2485500
1851100
2531700
1903500
2061400
4376200
2151300
1779800
2973200
1825700
1963800
1454100
937800
1495900
1597800
2282900
1687600
1713000
536800
1559300
907400
1727100
849000
2285000
1213000
1707400
1676600
1727100
1150600
1917900
1789600
923700
1607700
1026700
1848800
1055300
904100
3318700
4147100
2318000
2324500
2644400
3225500
1627300
3394200
2324500
2791400
2620500
1420300
1160400
986100
1391700
1095900
753800
2456000
1128600
1135400
1533100
642100
1012500
1259200
696800
1558300
1145200
665100
1559300
2470300
1036600
992900
1002700
936800
4186700
1844400
3649600
1937500
1000400
706600
2368400
2075600
1555000
1061800
2075600
1470700
1055300
992900
681600
1115500
1002700
1844400
2279600
838200
655200
2753000
1371000
862300
1209700
2051600
2061400
825100
2100900
2393600
1101300
1762300
2393600
1799500
1865300
1730500
1273300
941200
1160400
1407100
1030000
1282200
779100
1177900
1407100
1335900
1436800
1338000
641000
1035400
1416800
813000
1874000
1602200
1910200
1755600
2036200
1015800
730900
943400
667400
592800
1002700
1036600
1693100
1939900
1318200
858000
1249200
701100
842600
961100
838200
888500
1262300
1627300
1582400
1736900
1015800
1036600
1224000
1657000
1338000
739600
740700
766000
704500
918300
1059700
793300
605900
997300
770400
2328900
641000
1387300
414100
729800
1657000
1030000
2354000
2071200
803100
602500
721100
1140800
592800
770400
1835500
1249200
1459700
1395000
1153900
1085900
1114400
1066200
2847400
2492100
2091100
4258000
1456400
1579300
1602200
966500
1184700
943400
2033100
2551200
7970100
3857800
4320400
3945600
3009400
3890700
2712400
1558300
2817700
1391700
2605100
1663700
2467000
1000400
1706300
849000
2299100
1781900
1959500
2209300
1138700
815300
941200
1188000
1135400
1213000
1397300
1203200
788900
1237300
854800
1431200
1693100
2485500
1943000
2061400
941200
1460700
839200
1518900
1864200
1533100
1286600
1084700
2072200
1318200
1559300
1164800
581700
1348000
1124200
1026700
1730500
1232900
1121100
1730500
1776400
1095900
1959500
1035400
799700
943400
780200
2144800
2485500
2062400
1199900
1387300
1653500
1338000
1010400
7226900
3787700
2199500
1466300
1868600
2279600
2407700
3126700
1700700
1397300
1065100
1559300
3654000
2850500
2150200
2545800
5238700
1829100
3294400
6797400
2679600
2539200
2630300
2058100
3146500
2176600
1416800
3649600
2614900
4487900
869000
2243400
759400
1338000
2406700
1124200
1158300
1351100
1490400
763700
1338000
556600
1036600
874400
1318200
2539200
1214100
1160400
2861500
1592200
1973600
1552900
1572600
1568200
980700
1111100
1016900
1937500
842600
553200
1752300
5875600
2654400
1727100
1838900
1917900
1469600
1851100
3675800
3817300
2131700
1372100
1371000
2036200
976300
1322600
1668100
1617500
1331500
598200
1825700
3900500
2258600
1953000
1012500
1608800
1052000
2151300
1239400
1207600
734200
1345700
1634000
647500
2594100
1814900
1273300
1535400
651800
3052300
2150200
2225900
2430800
766000
1125400
1138700
1283300
2950300
3225500
891900
1010400
1939900
1900400
1026700
907400
753800
756200
2564500
1977000
581700
542200
1055300
948000
721100
1578000
729800
1420300
1163700
1160400
721100
418500
726500
1164800
562000
568600
499600
681600
1893700
990500
414100
553200
592800
670500
2071200
992900
763700
1015800
2075600
961100
1683300
1992300
1677800
793300
1914600
351700
918300
1716100
976300
1962800
986100
1331500
1000400
780200
2235700
891900
1256900
1318200
657300
1568200
2432900
2259800
1188000
1026700
1042200
716700
1035400
1273300
1232900
670500
1589000
3456800
2294800
3274800
1929800
788900
1342400
1693100
1520000
1015800
1049900
803100
1949700
1509000
2768400
1459700
1441000
2151300
2825400
746100
1456400
1311600
1608800
1059700
690300
1030000
1357800
753800
904100
867900
1039900
2827400
1194500
1203200
936800
2085500
1262300
1765400
1539700
1579300
3429200
1589000
1515600
1400400
1614200
2124900
901800
543500
882100
878800
680300
469900
1520000
2176600
4295000
3107000
5173000
3817300
3630900
3409600
5050300
3358000
3014900
4084700
4166900
2738600
4060400
4307300
2594100
2738600
3945600
6041100
1824700
1838900
1730500
2564500
2048300
2544800
1224000
3427100
1444300
1269000
1293100
1666800
3343700
4315000
2273100
2505400
2482400
2465900
2756300
2131700
1638300
2501900
2194100
4872800
5577500
5820800
4646900
4794800
4859500
3219900
2920600
5405500
2785800
1781900
1700700
1355500
3838100
3354700
1854200
1653500
1893700
4063800
2085500
1306200
3768000
3537700
3256100
3295400
5612500
3591400
4301900
4277600
2022900
1493600
6313000
4455200
2189700
3048900
2663100
2785800
1838900
4104300
2950300
2657700
3811700
3284600
2127300
2210300
1989200
2851700
1371000
1493600
1391700
1927700
1651500
1717400
2822000
1224000
1868600
2220300
2600700
2258600
3192500
2292700
2674100
2835100
5074400
2871300
5468900
3472000
3157300
2245500
2292700
1503600
2397900
3999200
3246100
1776400
2243400
2028500
1671200
1668100
2161000
2140400
1505700
2978800
2864900
1904800
2640000
3624300
1924300
1973600
3656100
2748600
3866600
3926900
3200200
1627300
2604000
2854900
2085500
2751900
1421400
869000
3019200
4849700
1999000
2156700
3404200
1634000
2196200
2012100
1449700
1647100
1272300
1515600
913900
2960100
1214100
1786200
2046200
1677800
2465900
3101600
2022900
1012500
795400
1545200
2703700
2534800
2689300
2230300
1967200
2604000
1288700
1311600
1552900
2065800
1641700
2509800
2667500
3279200
4606400
3305400
1602200
5278200
4038600
3915900
2446000
3044600
2292700
3439100
2726800
2965600
1755600
1449700
1973600
2644400
2613800
1282200
1953000
3308700
2273100
2077800
1638300
1158300
1375400
2071200
2373800
1638300
2762900
2654400
3821600
1934100
1385200
2358400
4290700
2206000
2541400
2318000
1693100
1904800
1594500
3801900
1949700
1855500
3601400
1972600
1569300
2174300
1604300
2664200
2368400
2427500
1608800
1841000
4153600
3034800
1479400
2618200
4474900
4331200
3705600
1495900
4011100
6727300
3281300
3472000
4400500
2624800
2151300
1145200
1404800
2358400
2322400
2618200
1474000
2091100
2963500
1490400
4433100
1421400
1874000
1466300
2618200
1716100
3777800
3012800
2239000
3261700
1799500
2150200
1801800
1804900
1160400
2929400
1671200
1420300
1617500
8957600
3404200
2916300
2016500
3236300
9781900
1490400
1789600
2095500
3626500
1762300
2545800
1214100
1947400
3442300
1594500
1814900
1584700
3271500
1949700
2393600
2239000
1602200
2998600
2637900
3334900
2568900
1804900
2495500
3393000
1559300
2223600
2854900
3439100
2920600
1913500
2559100
7057200
4814600
2460500
3525700
3147500
2936200
6053200
6491600
10762800
8114800
7375000
4784000
7251200
3833700
3160700
2127300
2751900
2578700
4305000
1904800
3084100
3580400
2432900
1617500
874400
3466600
2564500
3629900
1716100
2442800
1700700
4083700
2169800
1700700
4218500
3107000
2953700
3419400
2736500
2995300
3225500
2854900
2456000
1949700
3101600
2713600
2940600
2728900
2259800
4603100
1900400
2164400
1076000
1668100
2581000
1493600
1385200
2476800
1612100
1848800
2776100
2137100
2910800
2273100
2213700
6274500
1523300
1338000
3318700
2874600
3483000
3324100
1855500
1071600
1855500
1335900
2319100
2051600
2160000
2160000
2072200
2342000
1439900
3176200
2322400
1789600
1375400
1875000
1638300
3147500
5242000
2529400
1283300
2386900
2697200
2130500
1153900
1756700
1316000
1430100
1569300
2559100
3246100
1578000
3606800
3762400
1957400
1657000
1500200
2085500
2235700
2807900
2653300
2470300
1505700
2485500
4576700
1697400
2065800
1851100
3334900
2289400
2278500
1865300
1716100
2072200
1243800
1648100
1776400
1227200
704500
1022300
1538500
2776100
3281300
1703000
1900400
2995300
2768400
2038500
1939900
7092300
1959500
1717400
2544800
2302500
2406700
1992300
1706300
2719100
2095500
2115100
2841800
2318000
2465900
1273300
2687200
1604300
2324500
2107400
977400
2003400
1809300
1322600
2062400
2870300
2959100
2568900
1677800
1574900
3580400
4566900
2351800
1742400
1653500
1696400
2758600
1634000
3187000
2240100
1760000
2687200
3147500
2127300
2338700
2559100
1785200
1710700
1683300
2584100
3116800
3166100
4074900
3384200
2383600
3926900
1643800
1124200
1400400
1190100
1469600
385600
1963800
1407100
1890600
3976200
1959500
1713000
2134800
1434500
1188000
1476100
788900
1263500
1683300
4518600
1193400
891900
1953000
1168100
1293100
1252500
1341300
1074900
1740300
1490400
1503600
1351100
5451500
1762300
1898100
2351800
2476800
1740300
2181000
3256100
2637900
1910200
1865300
2240100
2006700
4179000
2726800
2637900
1703000
1924300
2953700
3462200
2447200
2288300
1326100
2851700
4449800
3942300
1653500
1673500
1643800
3468700
5518200
4389300
6205600
4088100
5089800
6116800
3910400
4232600
6901600
7083400
5219100
5533800
5863700
3157300
5390100
5661800
3294400
2643400
1927700
3797500
1883800
2561200
2240100
2426400
2324500
2151300
2634600
2480100
2811000
1578000
1059700
1114400
1135400
1789600
2640000
3167500
3340400
4824600
1864200
3097200
2391300
2240100
3034800
8502700
4396100
3384200
2914200
1677800
2036200
1658100
1884800
2131700
1806200
2338700
1824700
1525400
716700
1288700
1624200
1446600
1480500
1851100
2544800
808700
877700
2403300
1804900
1598800
1322600
1707400
3019200
1578000
1923300
3660500
2545800
2377100
2472400
2798100
4804800
3048900
1318200
1292000
4760900
2381500
2722400
1111100
1311600
3629900
3512600
2279600
1825700
2442800
1549500
1900400
1135400
1470700
5081000
4591200
2413300
2245500
3476400
2919600
4524200
5678400
4908800
2249900
4803600
3147500
2475700
1884800
2876700
2787900
2288300
2812200
1564900
1564900
1696400
1574900
5293800
842600
2230300
1614200
2115100
1128600
1752300
1864200
3883000
2476800
1637300
2368400
3003000
1539700
2693700
1917900
2219100
4369700
1736900
4242400
2946000
5155700
5826300
3616700
3160700
5194800
1372100
5528000
4775300
4202900
3186000
4307300
2722400
1592200
2328900
2239000
2137100
2186400
2026300
1002700
2127300
2038500
2347400
1937500
4344300
3350300
2825400
2460500
3177300
3807300
2509800
1831200
2184300
2196200
1520000
5602700
4040900
4142800
4058300
3025000
2396700
1870700
2831800
2674100
1821400
1559300
1638300
1756700
1844400
1693100
2028500
3239700
3190400
3078700
2144800
1558300
1683300
1604300
2289400
4169200
2857200
2988600
6235000
3261700
1395000
2358400
1943000
3423800
2354000
1811600
1854200
1292000
2707000
5415300
2406700
2608400
1121100
1436800
1247100
1414700
2416600
2795800
1367500
1878400
1528700
7185500
2110700
1592200
2072200
3926900
1301800
1568200
2864900
3654000
1929800
2248800
3101600
3532300
2590700
2426400
2746500
2169800
2033100
3521300
2555800
3196800
1880500
1750200
2230300
4169200
1687600
1239400
1335900
2258600
2432900
4153600
1618600
2426400
2337600
1903500
1342400
1436800
2179900
1888200
4902400
3456800
1081500
1895000
2115100
1710700
1444300
2273100
2446000
1831200
1286600
864600
1730500
1745700
1253600
2102000
1352300
2594100
2298100
2650000
3920200
992900
1298500
2058100
1377500
4280900
1745700
2309100
3128000
1841000
2095500
1795000
2689300
2827400
3107000
2393600
1838900
1713000
1841000
1806200
1834500
2026300
1683300
1973600
3926900
4103300
4366400
1483800
1786200
2647900
2332200
1710700
1594500
1493600
2028500
1627300
2225900
4331200
1668100
967600
1071600
1197800
1720500
2446000
2637900
1335900
2342000
2058100
1693100
1007100
1811600
1365300
1875000
1355500
2440600
2825400
3229900
2630300
2876700
4573500
1489200
2337600
1582400
1345700
1345700
3373400
2909800
1345700
2200600
1449700
3279200
4182300
2328900
2318000
1404800
2798100
3195800
1913500
5234300
3624300
4218500
4222800
3896100
5051300
3604700
3087400
2581000
2052700
3121300
3626500
3940000
2164400
1816000
3412900
3817300
3343700
4429800
2963500
2884600
3666000
6422400
3744900
3636300
4149200
2584100
2383600
3091800
2697200
2391300
2979900
2798100
1913500
2413300
1572600
1331500
1321600
1875000
1608800
1880500
976300
2361600
1854200
2561200
5199400
5939200
11739500
26574300
5991800
7418700
8142200
3047900
3399600
3394200
6530100
4502400
3817300
3916900
4403800
3511500
4162500
4978100
2778100
4508800
3614500
4035400
4031100
3488400
3584800
2697200
3167500
5524900
5056700
3915900
2042900
2815400
3037900
2249900
4068300
3190400
4863900
2702600
2516300
2531700
2847400
4084700
4640500
3314300
4645900
2506500
10436200
4376200
2978800
2401100
2255400
2456000
2702600
2440600
2245500
4622800
4005700
2052700
2723400
2383600
3804200
3393000
3344700
1898100
1740300
2581000
2881100
2061400
2312300
2703700
1474000
2071200
8657400
3857800
4324800
3222200
4031100
2643400
4236000
3186000
3698900
4070600
3289000
5913000
2447200
2278500
7862700
5222400
3979500
3167500
3476400
3774400
2965600
3818300
1460700
2223600
2121500
4487900
3143200
5836200
3705600
2950300
3156300
3048900
3742800
13741800
12241400
8444700
5491000
4340000
4991200
3478600
4114300
3659400
4764300
3512600
6649300
8990600
4021300
3999200
2605100
3660500
3261700
4492400
2605100
3131100
2909800
2519600
2605100
3058700
4716000
3483000
3005100
3399600
3246100
4567900
4236000
5592900
3870900
6184600
7407800
6487300
6218700
9318200
8088600
6585800
5129300
4946100
5242000
4396100
6451100
4997600
5491000
5903000
4054000
4137400
4035400
4622800
5352900
3295400
3074300
7417600
8951100
5060200
6580400
7713800
4093500
4015500
3443500
3029400
8157500
7512900
5471000
4202900
2703700
3018200
4139500
2955800
2851700
1762300
4295000
2703700
2983200
3552100
4916700
3940000
8595900
2294800
2423100
2499700
3433500
4055000
2864900
2206000
10243200
1390600
2901000
5984100
4824600
2933900
6086000
4198500
3143200
3042300
3417300
2220300
3177300
3353500
2634600
2633600
4252200
3965200
5642200
3483000
2581000
2042900
2263000
4275500
2278500
3098200
4340000
4078100
2590700
2065800
3077400
2314500
2841800
1903500
6023600
2578700
1829100
3945600
3979500
4183300
4019000
2886900
4251200
1875000
2933900
2033100
1634000
1703000
2097600
2288300
6593500
2674100
2239000
2485500
2141500
3925800
3338300
5962300
2904200
2874600
12245700
3433500
3370100
5602700
2792500
2585300
3281300
5801100
4538600
3160700
5653000
7724600
8063200
5836200
5261800
5577500
5478700
5924900
4627200
5099600
5780300
11531100
13962100
8079700
4236000
3126700
5071200
5701300
5653000
1647100
3946600
6233900
5781300
2716800
1631700
2719100
2432900
4735800
2456000
3064200
1671200
4808000
2156700
4267800
3705600
2555800
2061400
1470700
1967200
3150900
1426800
1967200
2107400
2442800
2791400
3117800
2042900
3133400
2452600
2554700
2894400
2894400
1730500
1914600
1999000
3537700
1651500
1825700
1505700
3535500
2787900
1762300
1795000
3456800
8009600
4305000
2899800
3229900
4922100
3725100
4833300
9049700
12018800
4068300
4324800
9056200
2743200
2294800
2100900
1647100
4435400
1972600
5550100
5129300
2871300
1819100
1875000
3853500
3062100
2610500
3910400
1338000
1917900
6422400
2299100
3801900
7486900
4586800
2338700
3044600
4487900
2082400
2821000
2608400
5632400
2131700
3308700
3700000
2337600
1834500
2959100
2989900
4508800
2140400
2861500
2189700
5445000
2279600
2095500
1598800
2368400
1582400
3285600
3656100
1927700
1160400
1589000
1804900
1529800
1391700
1776400
2061400
6516800
2983200
1929800
1490400
2332200
1831200
3473000
4031100
3823700
1765400
1888200
1661400
2209300
6461900
3182700
1875000
3468700
1594500
1007100
1170400
1466300
721100
1710700
1311600
1967200
1895000
1199900
2225900
1424700
1480500
872300
1352300
1237300
1168100
1150600
1913500
1252500
1730500
967600
1242700
1538500
2436200
1736900
1555000
2031700
2319100
1657000
2292700
1446600
3284600
2396700
1829100
1745700
2176600
1061800
2406700
2021900
1628500
3397400
5264100
4956000
1814900
2531700
2249900
1612100
1986900
1624200
1959500
1638300
3215500
3012800
2319100
2131700
3028100
1460700
1766700
2189700
2378200
1900400
858000
1239400
1199900
2716800
2337600
1332600
1765400
1342400
2081200
2450400
1844400
2002300
1756700
2436200
2817700
3502800
4360900
4261100
4094500
4731400
5559800
1893700
2647900
1360900
3749300
3508200
1986900
3137700
1868600
3212200
2874600
3492800
1954100
2318000
2571200
2663100
3567300
2154600
3511500
9963700
11965200
4107600
7655600
4879300
14817000
2988600
4242400
2529400
3561900
4088100
3419400
4837700
7550300
5623500
4213100
3906100
4617400
3433500
5380100
5846000
6570600
2318000
4370700
3294400
2229200
3624300
2904200
2465900
4359900
7971300
9641500
8227700
6343700
2693700
2091100
5573000
8167400
3254900
4218500
3478600
3956400
4492400
5712300
1969300
1180100
1647100
2960100
2056000
2016500
1924300
1552900
3344700
1604300
2361600
6376400
3853500
3343700
6728300
4601000
5514900
6279900
10811000
4183300
5629100
7591900
8068700
5212500
4326900
3315400
14072800
6741400
3841400
2273100
2421000
4045200
7526200
8349400
5034900
2087800
2279600
2239000
2983200
2531700
5513900
5794500
661800
2358400
5692500
3064200
4201900
6396200
1273300
3945600
7296100
3580400
3136700
3032500
7724600
8206800
9278700
4997600
4537500
2857200
4083700
7131600
13550100
6743700
6490600
7688400
5143400
2761700
13957700
5485500
4238100
2233600
2051600
3097200
2975300
5326500
3162900
2383600
2723400
2381500
2354000
2756300
3407500
3466600
4941700
3081800
2361600
1969300
1865300
48612200
2901000
4741200
7375000
6842300
3925800
4320400
4346600
9776300
12356400
6008300
3920200
4706000
5583100
1594500
3147500
2255400
11833700
9209700
10071400
2910800
4380500
2910800
1785200
8454500
6644900
2778100
9518800
4793800
8753800
1732600
6738100
5839400
6070700
3896100
11532100
25360900
3368000
6243900
1917900
3101600
3778800
2467000
3190400
7266400
6869800
9032200
17450900
8410600
13905300
30826900
23073600
23352900
20754300
9898100
6638500
11182500
9888200
11264800
18904000
10613800
13485400
7816700
7723600
7783700
15685100
3601400
17325800
5149900
5701300
9079400
4390500
3143200
4334500
2891100
8859000
3506100
5153400
15083400
6761400
5939200
8306600
16479600
7092300
27935600
10600700
8181800
8405200
6205600
12330000
12418800
16267100
20156900
14169300
8336300
10549100
9237100
7737700
13707900
10130400
9907900
19367800
20734500
10055800
9391700
7003500
12409000
4226200
8631000
4478100
14736900
4221800
10189500
6376400
3925800
6115600
6110200
6862100
7368300
12691900
15961300
11769000
6481800
14984800
21140100
8891900
11787500
11752600
7338800
14378700
15303600
7141600
12877000
21168400
17801400
19121100
9533100
12567900
11531100
13698000
11354700
7162400
6125600
9118600
6253700
16405300
14008300
10324500
4758700
11886300
9075100
2822000
4882600
4626000
7674300
5376800
2772700
5962300
9495700
4652400
5701300
9633800
6924500
8581700
4813500
7138300
11511300
4765300
7033000
5316700
9834500
27749300
17449700
10785800
8237500
8339400
4606400
4689800
6115600
8055500
6530100
9115500
14909100
9476100
13468800
7132700
8296800
5459200
9430000
10358400
3432500
12847500
3886300
6869800
3995900
6303200
13652000
5298100
6940900
2699300
3994900
4044200
2506500
6688800
7833000
6447700
6593500
10436200
10811000
7710500
9101300
9745700
33321400
40010400
14692000
9515600
7851900
21278200
9746900
17687600
16601500
10213800
18561000
14116600
32045700
12946100
13790100
15520800
10085500
29395300
9114200
13732000
7576700
7951500
10640000
8933600
5711100
10036200
11742600
4410200
6704200
5893000
5426100
6721900
5169800
9819100
15565700
8829300
11353600
13609100
12548200
10817500
6934300
9722600
13313200
16536600
9687500
13395500
8457800
11419400
15727800
10973200
9164800
7404500
6205600
6451100
10659800
7813400
3348100
12952700
9696400
7920800
12262200
8921400
12364100
5885500
21623500
14063000
12893400
11604500
9647100
14817000
7274100
21327500
12203100
28514300
9878400
12226000
10436200
8361300
8418500
16803100
13208100
12206400
15683900
13459000
7787000
7892300
10526100
9592200
6408200
4474900
3062100
16667100
2995300
5932600
12817900
12617200
10978800
7720200
9390600
19616600
15700500
26854900
17091300
15601900
11074100
22506800
10531500
13668400
4903400
7971300
18328700
25420000
9864000
15772700
15142600
23122900
9193300
4359900
5761600
13859100
12044000
19071800
16601500
24181600
26285000
9799500
9515600
8976100
16647500
12212900
11723000
15296000
24078600
15634600
10003200
13402000
14447600
13277000
13252000
18183900
10082200
12324600
13883300
6840000
11690200
8457800
8020600
10268600
8957600
9651400
11912700
14780800
7730000
5133600
6530100
10432900
9745700
12330000
7520800
16423900
19271300
14204400
14835700
8348200
14076100
3840300
6304200
3481800
13025100
3795400
5403200
8492900
8466700
7330000
5773800
6429200
5017400
6530100
2845100
5613700
4923200
7674300
6300900
6506800
11830400
12357600
11831400
7806900
8716500
8871100
8121300
14046500
6099300
6480600
7343200
2936200
4971400
6606700
7254400
7427600
5619100
6309600
8793300
8306600
16326300
14057500
12785100
12751000
17187700
15315900
26022900
9255700
10225700
15586300
24939900
9308300
8680300
17975900
16336100
16724000
20879100
13705600
13214600
15470200
12719300
18873400
11233000
11100300
12673300
12336800
6330400
9821200
12925300
9301800
9069300
23185300
10571000
10045000
6299800
10341800
12890100
9917700
16831600
17131900
11271300
3646300
9449700
13038200
21399700
18013100
14422600
16497300
11940000
5694800
16815100
14008300
14155100
14335900
9069300
10986400
7213800
13761600
16917000
19465200
13551100
13757200
16752700
16588200
20566900
17870700
20599600
10219300
13120400
15152400
20862800
14937800
15116200
11058700
8457800
7993100
3804200
11455600
13408600
14881600
14702100
7920800
15046100
7069200
14218600
17197600
13625800
13117000
8746200
3883000
6517800
11182500
4946100
11367800
10381300
14892800
6619900
10160000
10229000
15178800
10095300
4074900
7437600
6562800
11024800
8282500
7447400
6228500
6720600
15161200
18676200
16388700
12935000
8959900
8612500
23049300
11406300
14340200
12379300
9503600
6944200
11623000
11827100
24808500
12373900
16506000
27044400
30414700
38996700
39095300
33932900
24528900
25515400
19596800
11785400
10495500
12027600
11304300
7399100
4571300
17558300
37204600
9246900
4429800
6777600
7733400
19596800
8260600
4660100
5778000
6994600
9108800
10762800
7681800
11057500
7073600
11511300
21339600
10410000
14228500
12547100
7519700
13879900
13080800
12794800
25515400
9578000
9430000
9549500
9447400
13630100
6491600
8392100
3769000
5820800
10794600
7958200
7460500
10483200
5853500
13468800
30431100
30760000
12728100
10265200
7435300
10367200
15657700
11791900
17837800
6606700
10407700
4439800
7681800
8831600
10256500
17360900
11722000
6126600
6523400
4576700
10620300
9306200
12238000
10117300
9684300
12142600
11353600
9883800
8591500
6145300
7897900
16402000
11212200
16089600
17837800
7879100
8852500
7512900
9122100
10660800
9025600
9515600
27389700
14947500
8354800
21914900
5922800
3080800
8335100
7134800
9219700
9993400
15458400
20040900
13707900
7606100
12308200
12741200
11846800
15928400
25071600
18610300
9114200
8786600
13044700
3101600
23838600
31335300
15611700
20336600
17558300
22917800
8440300
8543300
14661500
27586900
20912100
18528300
17525200
19399600
13254100
18544600
21388900
19514700
8280400
16201300
16177200
24923700
16456700
18363800
14480600
32880700
25268800
14557400
11620900
9155000
10873600
11532100
8852500
12609500
15313600
7438600
10581800
10317900
10725500
21767000
12425500
15203800
8773500
11264800
11539000
8091900
13531300
8815100
12097700
11736100
12400300
10932700
9588900
11975100
10707000
10469100
11558500
7144900
5353900
10229000
9617500
4731400
13449200
11192500
12048400
15024100
18347400
22539700
19202300
14885000
9980300
10778300
9150600
10482200
9982600
20780500
10845100
11416100
15569000
15092100
10600700
16933500
17262300
8622300
9578000
3976200
12149400
12603100
9049700
16604600
24266000
17459700
22062800
21454600
13781300
9733600
7399100
11423700
16288900
9206400
6636200
11041200
6862100
5518200
9266900
7447400
12226000
4544000
6266800
5367000
6570600
8112500
5396700
2472400
13267200
11571600
9917700
7065900
7530600
12142600
13668400
15109600
7500000
10640000
23279500
30283100
7950500
6554000
7887900
8658500
6547400
12324600
5671900
6652600
5681700
6092500
6622000
3373400
6277800
3512600
5185000
7466900
4354300
6599000
3039200
5007400
3187000
5589600
5541300
4619500
6034500
3333900
2210300
2794800
4205200
5705600
7424400
11225300
7182000
5028400
5202700
5810900
8608100
4188800
12606400
7461500
5855800
7966900
11851200
10886700
4409200
5034900
4370700
8377900
15875700
10173300
6860000
6136400
3813900
4814600
13676100
17591100
10492000
10367200
11988200
11379900
8127900
6171500
11093700
8905000
16769000
16769000
13028200
8917000
9927700
4499100
9661200
7280700
12504500
12531900
7379300
7764100
10453900
11755700
28458300
44635800
50044600
31565500
20550300
11432500
19728500
14738100
7065900
8635400
15855000
6786400
8319900
12722600
11208900
23180900
7711500
8208000
10288100
10781500
12281900
11670200
13136800
10674000
10751900
6543000
9970300
7856200
5326500
3995900
4031100
4152600
3810600
7398100
7652200
3578300
5824200
7256600
17426600
13421700
6820500
6586900
11617600
15034100
15049500
7553600
8016200
8647500
12137200
10121700
4987800
12113200
22852100
6852100
14697600
17262300
10430600
9989000
11272500
9278700
16293300
15566700
11524400
21207900
15642300
12765300
10453900
12794800
17097800
6789700
10552500
10322200
11377600
9710700
8345000
10950200
10202600
9117600
8433700
6856600
8926800
11448900
8867700
15208200
9538500
17097800
15994200
13037000
21865600
12931900
11294400
16055500
12435400
11705400
12149400
12836400
12448500
19235100
14763300
16604600
13459000
13813200
13898600
5767200
8157500
9213000
10301200
5514900
12242600
7976700
7894500
13536900
29839400
34327600
9446400
12034200
16201300
7313600
8599200
8874400
8365800
9079400
6072900
7115200
10391300
10085500
8914900
6672600
4949400
7190900
5007400
7968000
7408900
6382000
9760000
11124500
9703000
7289500
3282300
3966200
4476000
5375800
5069000
5553400
4711600
4811300
6743700
4421100
12516400
5692500
5754900
8798900
5316700
7343200
12713700
8066600
6893700
8112500
8425100
5506200
3078700
9733600
6750200
8580700
7204000
10960000
5125900
11837000
8562000
6985800
6406100
7517600
11617600
13404300
13700000
9068300
14281100
9013500
12056200
9689900
9878400
9977000
13590600
11179400
7399100
5831900
10943700
15695100
12056200
9077200
8617900
5393400
7767400
6398400
10404600
3728500
4791700
8842600
8621200
6214400
7570100
8917000
8467800
15453800
10960000
6396200
6316100
8819500
17645900
21153200
12932900
7823200
7611900
7153700
10633400
7806900
5871200
5821900
7992100
9323800
13590600
12385100
10082200
8914900
5906200
3981800
5685000
9705100
13809800
9427900
2267300
7480200
8556600
9152700
5531500
6037800
5015300
5489900
19399600
12275300
11508200
6286700
6011600
7452800
4952700
9609800
7665500
9564900
6597900
3417300
4608700
4928800
5428400
6300900
6545300
5775900
10154400
10214900
7097700
10519400
6753500
7489000
5551100
2083400
8773500
12604100
8802000
8796600
5863700
7282000
4460600
10316800
6885000
7273100
8499400
11069700
6882900
9623000
16769000
11617600
13042600
6452100
4056100
4849700
6254900
7315700
3981800
13590600
10960000
11946500
9103400
13371200
8404100
9712800
18851400
18413100
18961200
8328600
11398600
10960000
15673000
30031100
12604100
13371200
14357700
6728300
6266800
9776300
10209500
6206700
18742000
16769000
9465100
10101800
7615000
7724600
10538100
11946500
24441400
7892300
13700000
7364000
5988500
8809700
6950900
4363000
7993100
7396800
12165700
14248300
12494500
14905800
9629400
14467500
10132500
5904100
7678600
10530400
7561200
5055700
10068000
13152200
6108100
7436300
7758700
7823200
10960000
11398600
11617600
10960000
7698200
13700000
20901100
14467500
12932900
8637500
8375600
17865100
11617600
13371200
9605500
14796300
9777500
12932900
10576400
16440100
9337000
27948700
32551800
26523800
16659500
13371200
18193900
13152200
9818100
11179400
7749800
8668300
7417600
13590600
18522700
17426600
17974700
11946500
7735600
10779400
8957600
10177700
5849200
6418000
10575400
12385100
5626800
5841700
5287000
7323400
10399000
7466900
12823300
13042600
9749000
8655200
5715400
10960000
8537900
7123900
5580800
11617600
15892300
8322000
7015600
9856300
4843100
7423200
6388700
7618300
10126100
4798200
9510000
20385900
12056200
8792200
10324500
4266700
10039400
10960000
15125200
9277700
9291800
13261800
10328900
8125600
7015600
8951100
10287100
9858600
13152200
6241800
11398600
15234600
20934000
11508200
12385100
10589700
14028900
9765400
8872100
12275300
6121200
13700000
7979800
7406800
10681800
6739300
7639100
8692400
11179400
7147000
11069700
11179400
8269300
6939900
10180800
6329200
9002500
13042600
7666600
10367200
11837000
10898800
10219300
34524800
15673000
12056200
19290000
11946500
6468500
6919100
8452400
19618800
24879800
24879800
14467500
14796300
23235600
29811800
31634600
55815200
58427100
47464600
34299000
18374700
33428900
23082300
18303500
18961200
18193900
11508200
10534800
11288800
11617600
8580700
9485900
10635800
6522200
18413100
11946500
11309800
8529100
9183500
10674000
13042600
6269100
8956500
5194800
4142800
13152200
8157500
7229200
9235000
9445300
6979400
6950900
11508200
10453900
5259700
8244200
9773100
10032900
6730600
15125200
9270200
9913300
8942400
3048900
3813900
3219900
5416300
8376900
11428100
10093200
6967300
11837000
12275300
8849200
10077800
8431600
5652000
14159500
9567500
9826800
10345600
8888700
8764300
7507500
7040000
5299200
4175100
4921600
5863700
4723000
6137400
4779100
5224000
5753900
4159900
5863700
7374500
6789700
5566000
10484300
13786800
12522500
7236300
5808600
6740400
7754900
3844700
5699200
8110400
6576100
6795100
6959600
2858200
3976200
7191400
8152600
5058600
5176300
5521600
8835900
5973100
10854900
6665900
4753200
4131800
4708800
5242000
5397800
4191000
5918400
5149900
7206300
5564200
10290900
5808600
7836300
6849800
5140100
7830900
10563800
11740000
4016000
6959600
5753900
7288400
5137300
10443200
6819400
10064500
9008100
5953900
5756700
7944400
7060500
5220700
4681600
3793700
4436500
4881000
5188900
6812800
5664000
7408400
5471700
7253800
5612500
3480700
4830500
4931900
3271000
2641100
6411600
11479000
7069200
5534800
11473000
8356900
11137000
9864000
6282200
6703700
10415400
5227900
5784100
8368100
5379100
6025700
7645600
4508800
4118100
5368600
4912100
5289800
5141700
5233300
6605400
6208800
5915100
5268400
5482800
7156300
5828000
3458900
4968100
3850700
5884300
3799800
3253300
4760400
4305500
13083100
39065700
6256000
6547400
4084200
4785600
6979400
5814900
3794900
2699300
6969400
8700800
9596200
4240300
3546600
6075000
5686100
2945500
5233300
7081100
6444400
6204400
5031700
2954700
3822700
3436300
3394200
6098100
6063700
4665500
4072100
3689600
3729500
8938500
5671900
5984700
3044600
14855900
7176000
4626000
6905400
7749300
5362700
3428600
2822000
2963500
4759200
6860000
5409900
4668300
4063200
5106200
8448500
3273600
3558000
4652400
9223000
5493100
2958600
4295600
5427900
6841100
7189800
5066200
17747800
7387600
5711800
7507500
5296900
6450500
7484600
5946700
8902900
8192600
3659900
3975600
4216700
6198500
5720000
3863200
6193600
5347400
3068500
3917400
4882600
4587300
2872400
5540800
4377400
7139500
6470600
7683000
6726200
6827400
5099600
2970400
2441600
3783900
5180100
4010100
5665600
8805300
5372400
6305800
4090200
4107100
2441100
2327300
2813300
3293900
4967000
5807600
6551200
5767200
6723400
6360500
5590600
10158800
10616400
8346100
5522100
4116600
8296300
4077600
5211400
15231400
5758300
6360500
7489000
13701800
10886200
13196000
10984300
7726200
5188900
4290100
10713500
9098000
6168200
6554600
5225600
6236700
4324800
4004700
5213700
3636300
5894800
3144200
6217000
6227300
5015800
6284300
4748900
4138900
4387200
5876300
4895200
3377800
3991600
4833800
5962300
11894400
6086600
10617500
7360100
4858500
5203200
5498100
3112900
5273800
3289000
4173000
2681100
3952000
10178200
7478600
7350900
6214400
3521300
3730600
5044800
6082200
5693800
3264300
6046000
6570600
7311300
7444000
4827900
13256900
5051300
10969600
9928200
4724700
4323000
6905900
4519200
5082600
4427700
4813500
4899000
3169000
7847000
4383800
5561600
5736400
5584100
7822200
4036500
5090300
8361800
3920200
3773400
4850300
6208800
6661900
9854200
4111500
5645000
6179200
7233700
5422400
7080100
6990700
3738900
10327600
10942000
3305400
5116200
6084800
3980000
3078000
2864900
4215100
6778100
4081400
3969500
2222100
3812400
3929700
4074200
3589100
4073700
2740400
3181100
8361800
3804700
2980600
4806900
7146000
4158500
3451200
6794600
16594900
6704700
7638100
4587300
9796700
3976200
8416900
3992100
6191100
7122400
7269200
4756000
8748900
3789300
10061700
10119400
6177500
5727700
5324200
6731100
6929400
14091500
7040000
3909700
9950600
8266500
7325000
6371000
4958600
5022500
3405700
4878800
2605100
3276400
6346300
4236500
9719500
3697300
3118500
3268700
5043100
5877800
3667100
4387700
3822200
3514800
2819200
3297700
6332000
5824200
4505000
4137900
3030900
4044200
2721700
4375600
8258300
14849500
11507700
3556400
5319800
4181800
3536000
8447500
4497500
6788600
5072800
3807300
6088100
6482400
5071800
8740000
11840700
6324300
5458600
3935600
3481800
4006200
3095400
3071800
2973800
4143800
2632400
3123600
3126200
2335500
4415100
5242000
3568000
2850500
5555000
4935700
5032800
6449300
2477300
2682300
3099800
4527900
2754200
4253400
8404700
4527900
6310200
6180800
4560900
3802900
2156700
3132900
3618800
3625500
6241800
8031900
3932500
3820400
3360800
5279800
2950300
2944900
3214000
4010600
3935600
2822000
4986100
4071600
3896100
6626400
5953900
4843600
3616700
4246300
2742700
5610900
3036400
4489600
2058100
2474700
4685900
4285300
2420500
3030900
2654400
2333800
6466800
5492000
3846300
3637400
3141600
2929400
3719700
5694300
4888000
3802900
7426500
6155100
4691400
3653500
2690400
3893000
5024600
4739100
3218300
4028300
6285500
2996300
3977900
3989300
9578000
3058700
3404200
3403100
2361000
2541400
3033700
3955400
2751900
4130700
3412400
1809300
2080100
1767200
2080600
1385700
4982400
2801800
6644400
5055700
6443400
3177300
3110800
5710500
3898400
2803500
3845200
3500500
3226600
3954800
2472400
2176600
3379300
3096700
2436700
4988900
6494200
4301900
3422700
3656800
5081000
2591800
4486800
4149200
3956400
3493900
4848700
5028400
3909200
10098100
5045900
3806300
4420600
3918000
2332200
3599800
4209700
3130600
3966700
8656400
5437800
2999100
2694400
3400200
3952600
3144200
2640600
2631300
2026300
3208900
3478600
2290400
3817800
1730500
2222600
3132900
7781600
4095600
3404700
3461700
4397700
3699400
3186000
5961200
6414900
4437500
3713100
10558900
4822500
3207300
4378400
4103800
8280400
8443600
7835800
6890600
5918900
4125800
3261700
3598700
4187700
4389300
3559800
7458700
3657800
5809100
7502600
8538900
8852500
8491200
5971500
4945000
3293900
4318600
3314300
5189900
2938300
3674800
2171500
1830100
2513700
3778800
3735600
2225400
3435800
2857200
3858300
6429700
4409200
3597500
3718500
5013200
6870300
6639500
4476000
3925300
6637400
4247800
1567200
4756600
8282500
11298900
5973100
5977000
4110400
3400700
7811800
8954500
4206900
5188400
3457300
7687400
6426200
4424900
15183700
7584900
13207600
7259900
8844300
3795900
7964600
4609700
5401600
4232100
3372900
4959900
5908100
12029800
6157400
5523100
5170400
1829100
4434200
6028000
4520900
4331800
6453700
6407200
7053800
5632900
10211000
5823600
4238100
5454800
13959000
9209700
8022700
6277300
6956300
6968900
4171800
10190100
2517300
3233500
3333400
5252000
5238700
3109100
3173400
3211700
3373900
3045600
5636200
7164000
3691200
3802400
2936200
2219100
12269300
8606900
3374500
3119000
16936300
5321000
4557100
3497200
2973800
12341200
7485100
12295700
7096100
9898100
8284200
11920800
8101200
10165100
9706900
5482800
7304300
12531400
11644500
6704700
4220000
6189500
6937100
6945800
12536800
25905100
22784300
7667600
9017900
14150700
4788900
6591800
4465000
573500
4964900
7913800
7690000
7008400
5306900
5461800
4955500
3326200
3971800
6322200
5103400
4603600
5784700
7028700
7439700
6190600
7775000
3843000
4228800
5752300
5591100
4499600
3354200
4799200
7575700
10277800
7644000
6076100
3276900
3564700
6131000
3121300
3818300
5783600
6542000
4299900
7268700
2852300
5389600
3263300
11234100
4250100
3266100
4040900
4505500
2397900
5583100
1959500
2992500
3879800
5656900
4315500
9635000
16551500
9945100
12697800
6012100
5281500
3923000
5954900
4675400
4266200
5311800
3126700
6622600
7342100
5116200
6335500
5167000
2576600
8076300
2749300
3257700
3766700
2618700
3648000
2919600
2441100
3265500
2318000
5842200
3891200
4732400
2368400
2647900
2104800
2560700
1576500
4342800
4423900
2080600
2409300
2892300
3572300
2891800
3997000
3087900
2678000
3732800
4155400
6026300
6250000
2293700
2647900
7433200
5825200
4846400
3468200
3589100
5300200
7929500
10631800
9660200
5284200
8706700
3845800
3312600
4548400
3256600
2891100
3787700
4439100
3013800
3574400
4423900
3628600
3372900
5378600
5347400
5192700
6400000
4265000
4830000
6335500
3798000
5148800
3669900
8120200
5252500
4090700
2271400
3091100
4449800
4884900
4164800
6031200
3409600
4224900
1985900
2781500
3820400
5064100
5419600
5325900
3732300
5723800
5985700
6245700
6814300
4335100
3698400
5477200
2344800
4660600
3089500
5128000
6408800
6480600
6738100
8376300
16030400
17495300
16341500
13865800
10189000
9938200
11627800
13674000
5884800
8328100
15584800
5697400
3292300
7686900
6228000
9390600
4061000
8604800
5998300
6687800
5501300
7434800
7587000
5740300
4672100
8411100
4440300
12047300
8344300
8026000
4455700
3779900
8642400
8231100
10400200
13606900
17973600
9150600
8474400
6963500
7590400
8609200
15418300
9383500
12923200
9606500
4434900
7577800
6985800
5085900
11431300
9415800
9374200
7731800
9513300
4228800
5981900
16392600
7857800
6326600
6622600
4228800
8875400
5881700
14022400
29358100
12415700
18118400
17673800
14065100
9124400
10118900
9560500
5055700
7244000
8062700
6823800
5161600
6171500
6437400
5062500
5637800
5066900
5853000
9779600
12350500
10735500
12619500
27093200
15691000
9122100
7460500
10900900
4911600
5944100
4005700
4547300
5024000
10201600
8377400
8033700
9855800
8079700
6821500
8069900
4803600
17902800
15002300
13893600
11829300
6858700
7211700
13691300
9651400
8014500
9401500
22179200
15007200
9797200
9439900
12399800
10540400
5679900
5299200
4441400
6489400
6495500
6888800
8049100
7852400
8458300
7248900
6664300
5264100
8156900
6132000
4944500
6326600
13450800
10068000
11856600
18633400
8026500
5216900
6433100
7213800
8212400
6316100
4587300
8686300
11852200
9272800
8328600
5444300
7120100
5352300
4314300
7872000
5103900
6313000
5918400
11028700
19692800
12991500
7024800
7045600
6630800
8773500
5889900
12460100
8435900
9338000
5169300
11607800
11915900
10022100
5995500
5101100
11594700
16012200
7688900
6215400
3680700
5689400
11467600
10133800
15504900
7390400
6255400
6175400
6356800
5176300
4747300
5166000
4547300
5710000
5557700
11494600
9227300
6703000
8124100
7375000
6753000
4364800
7924600
8443100
4854600
5722300
5793400
10038300
11198400
16611800
7641700
9932000
5367000
9226300
6767300
10294800
10924500
7322400
16464400
11489000
7123900
7855700
8257300
6744200
14731500
10267500
8471600
9353200
29824000
8481400
8884700
6480100
5733800
535800
8482400
8403600
4553200
11482300
9961100
7499300
7090000
10629600
10574300
6994600
6444900
5411400
5734800
6806300
3934000
3233000
3882500
3603600
5910200
6757300
7203000
6270700
5756700
4572300
7407300
6237300
8719800
6606100
5580300
11305900
10043700
10457500
3763600
6831800
6068600
6278300
7680200
4246300
3940500
3722300
10736500
9298500
12756400
12870500
5963300
6114500
3760300
2019100
3855500
4950400
5351800
3751500
7724600
10893200
11124500
17519800
10015200
5045400
4479100
4066200
4563600
14315100
6770600
13462800
4916700
4991700
10376400
7078000
11741000
5901800
8878100
6688800
5084900
7758200
10190600
26850000
13693100
7768500
5133600
6612100
14182000
7113100
11936700
9725900
7874800
8199800
5444300
10693900
8291900
6321200
5385600
5825700
6172100
7402900
7718700
12375100
9831300
9085900
5657400
6066300
8106100
2985500
3422200
4941700
24438600
16250100
8226200
9686400
7262600
9615800
4896200
6419800
4181100
9506900
10179200
9388900
7470400
12798700
13968700
5610400
8765300
8616400
6395100
7985400
7748600
4575600
10011400
6083800
8001900
8575100
4719800
7912500
16951000
14052700
11298200
12264400
9785700
11616000
4531200
5237100
8140000
4723500
5421200
5922800
6087100
3931200
14551200
23927900
10522200
9828400
8368600
5361100
6289400
5802700
5311300
7103700
7873700
17049000
11897700
7705600
5070500
5015800
3651200
4977400
10712900
10854400
15719000
6242900
14433400
10641800
9062300
6460900
4737500
3672000
7810600
4630300
4344900
6767800
11935100
11920200
8551500
13119800
7943800
12568500
10143600
7285600
4600400
6533200
5153900
10629600
7487400
3690700
4412300
4126300
4939600
11624300
8617400
4231600
10944700
6426200
7407800
7174800
8361300
5307400
3230900
3427600
3104900
4736300
5175200
3101600
10708600
11160100
20147700
8036500
9219100
9695300
6910300
4059400
4864400
5773100
6463700
3442300
3731600
4252900
7274600
10245500
7265900
9300100
7885600
9407600
5449900
11234600
7217600
9527500
7884600
14648300
14498600
6547400
6205600
4744000
6257500
9969800
5647100
5653000
6412600
7894500
7057700
2586400
4417400
476200
14905800
7576700
12305000
8720400
6127100
9633300
7179200
10404600
7551400
27864300
25274200
13432200
11734600
10423600
13362700
7988800
11759000
6336600
6177000
7122400
7718700
7023600
5381700
6401800
7454300
7607800
8335600
14987100
7462600
8445700
1663000
6469100
6286200
8615100
8434900
7470400
7383200
6297600
6659300
11831400
7727400
7512900
5407100
7156800
6015400
6400500
6415400
8082600
9223000
5157800
3449400
4709900
4228800
5503000
3182700
10458800
9716100
9591100
7405600
5672400
17947200
17447600
15073400
10189000
8375100
4109200
8003600
8984000
7931800
8474900
9616300
10713500
6316100
15031500
8773000
6300400
8810800
7487900
17523100
17757000
13004800
8481900
16938400
27801200
12907300
7667100
9022300
6757900
11265900
8770200
7412700
10958400
14165400
15232500
10069100
10155600
17707200
9076600
11078000
8018300
6772700
5164900
5854800
4709900
4032600
8145000
10452600
10190600
16355400
11001200
4830000
9464000
20535600
10338700
11455600
9084300
12954500
13973100
16935700
10993000
8271600
7909400
9920000
7852900
6340900
10781500
15319600
13775200
7708200
13725900
23437200
22775300
13536900
11414500
8442400
9299000
17846500
12302200
8332500
10286000
9517200
17311600
7675300
5774300
8840500
7946600
8142800
5209300
5322600
13460700
9953400
15019200
4405400
6557400
5318200
7366100
6609300
7949400
6035000
6188500
11143200
6350200
7026400
8440300
5606000
6377500
7573400
23477200
12326300
9213500
13157600
6260900
14145800
6778100
8023700
8773000
10000000
17086400
7694400
8887000
5389600
5501300
7025900
9971900
11821600
6023100
8652000
14461900
14642000
6646700
4211000
4929500
6648600
6659600
3246000
3527200
6546200
11827100
10990700
8529300
8138600
5274400
4538700
18427800
7368200
5779800
6568500
3520200
6848100
3190400
5027900
8093500
8666400
6848600
8499800
4385200
6058900
7819400
5468900
9494500
5389000
7056300
19685600
12088800
5559800
4893600
6744600
5189900
6765900
4925600
12889600
10164000
7661900
13918200
10320800
11296800
13923100
14300000
15974800
11912700
9697600
8000800
5756500
6017700
6982300
10122200
9145000
4646600
4942400
7668300
12499800
8789200
16988500
6550700
7737700
5066200
5243600
8175300
9922900
5702300
13705100
17589000
12565700
7905000
9869400
8988500
7692100
4406100
5700000
5732700
5276100
8746400
5751600
2325000
6046400
9837300
5361600
6040400
7133700
3462900
8123900
10619200
1902700
4115200
4401700
4681600
6474500
8353600
4789400
4408000
5521900
7011700
9827300
6888300
7944700
6398600
4855500
11913400
4842700
4880000
7188100
9982700
6017000
4096400
3344700
4200100
6704200
5664000
7162900
9270200
4497700
6810000
9240500
5517700
6769900
4768600
5727700
5365300
7362200
6812800
20385900
22258900
17840400
9603900
8363000
7051400
19513300
12652200
26224000
11419700
14949300
10206800
8387700
8676300
11529700
11738400
11361300
8266900
11382300
5610900
7006300
6253700
8281400
15754700
5377200
7353500
10954900
14703800
13803400
7686700
6595600
8061000
9462500
11203500
9131000
4519700
7272400
8558500
4968800
7285800
6036600
7077800
16105700
12887500
15500300
7288600
5650200
9206900
15962400
8353600
6134600
12066200
7263600
6633700
4860100
3697900
5861900
18587400
8782300
8528600
7699100
12269900
9685400
11113800
5985000
8249100
4152000
5043400
7309800
5752300
6976900
11950100
15713200
12521100
7887700
8807600
23586000
16905900
13441700
15924300
12732400
11381300
10572000
8716700
9912300
12072000
10023800
9352500
6348600
4139500
10988600
23187400
12881200
9629200
22108900
8491200
3883900
4698700
5861100
4362000
6258800
7035100
8782300
8781700
15824800
12107800
8380000
5478700
5144300
6004900
6857700
4095900
3826400
2483900
5735900
14131300
13536400
9750700
10239400
7204200
8995500
10532900
4791900
9697800
15940500
17938500
18485000
11589800
13777000
8660900
7103100
8794700
9075300
14937400
8013900
6394600
7307800
5906700
5817200
8314100
4563400
6269400
7093500
5004300
9250800
5492700
6645500
6008800
5644300
6588300
9678500
6354600
6053400
14653000
6449000
8395200
12241700
14652300
10815400
8496300
9471900
4509900
11584400
15439000
18676800
23060800
8599000
5777500
8244700
8915300
6992300
3399500
4198000
7559600
9081000
6871300
6425000
8758100
7683000
8862300
8281900
7368300
11308700
11140900
22634800
15568000
8577900
6011000
10114500
10572900
7272400
6686200
8439100
8796800
7953300
7927400
5531500
20380700
11111000
13381400
11732500
12372700
9914900
9837300
11544400
7324300
4969800
4089500
5660700
5453200
8343100
5231200
11064800
13469800
4347100
9087800
6911400
6342000
7810300
7325300
15634900
10948400
9257200
9268900
8009600
6077800
7696600
5774000
6742500
14133900
6877800
9425100
11117600
9638700
4942200
2334500
3193300
3373100
4774200
5622800
13722600
13385400
12888400
5628500
12416000
12523500
10274500
7066400
4818400
7175500
7196800
8398000
11463800
11256100
8979500
11279500
7433200
9334300
4390100
10656100
15833000
14331000
11981600
14600400
13255100
9486900
11602400
19752400
15401200
11450800
12962300
9166200
13667900
8244300
6294400
11557500
8834400
9020900
12358700
15666000
9330800
7546300
9378000
9389200
9572400
8115200
9350600
8751700
12461100
7919700
10499800
9657200
11580200
9454300
10139700
5370700
4719800
12892900
6098100
7113400
11027300
12436500
10696500
16379800
8340100
7748000
13056400
10808600
9537300
12767600
6411900
5233800
7842400
34693200
20977200
9080700
5823100
4374400
4640000
12062700
7100500
14007700
7506800
14238300
14083800
15424300
5638300
9745200
8728100
5651800
4792400
6870300
9991800
15990900
12092100
13463900
5528600
4754100
8455500
6510000
8924200
6678500
4760900
4778200
4966000
5791100
4096100
6123300
7257500
8791700
4947800
5812800
5910700
3284200
6044800
4381800
4409700
6727300
6543900
11552600
7533000
13682200
11453800
9681000
5149900
5552500
4391500
8372000
9069100
7887900
9029400
10892700
9196400
6746700
12128800
14239500
11763900
7603800
8064800
5511600
7109800
7916000
7544400
4804600
5901300
9007200
6493700
9127200
5070500
3226000
3150300
4686500
3603800
3216800
3038300
6322600
3428100
5882900
4634500
2430400
4683700
3333700
4549100
4206100
3486000
4386500
3670900
3897500
3183900
4839200
4086800
4242800
9375800
5835200
20710600
11938200
4549400
6712100
8197000
8859500
6983400
5017700
9468400
4437500
10319100
8951100
12286800
6818700
8019200
7688200
12142600
6603300
6959600
5640800
8135600
4576500
3690200
4064300
6723600
7082700
7856200
8546400
7516600
8839400
6172900
5562100
10254700
5185400
4852400
9548000
6315600
6153500
11100300
8135300
10225400
7000200
7312400
6019300
5309200
6549000
8322800
5897800
9727500
5141700
6037800
9771700
8985700
7244200
6546200
8015000
4540300
1823500
5341300
8416500
7403500
6058300
7059400
5183500
6021000
6316600
5286300
6560500
6202800
7645400
6808400
7316800
13452300
3668100
3595100
3862200
4197800
5196600
4358200
6213100
9481500
14602600
16398000
15979000
7545200
9682400
6231100
6994400
7048100
5068600
7373600
6677600
8005200
8581600
12344200
6692100
10562800
6105500
10244100
8822800
8330900
8186800
8538400
11565700
8334200
8086300
6224700
4890300
6951600
7509100
7751700
4742000
7520900
6276800
7910100
8695000
5488700
7351900
5401600
7920600
5953200
10065900
8363900
5081000
6591400
3590900
4748900
4382600
5175200
3893100
5267900
6177800
4218500
4030700
5382800
5301800
5239800
6780400
7619500
8822800
7439100
6668400
4182800
9694500
10427300
7594700
10985500
8075800
7527400
5748500
9791800
20756200
9931000
8759900
6507200
6469400
5618900
4951700
4627700
3942800
11274100
10404700
6675400
4879500
7795200
16982200
6406700
8781700
12651300
15560800
9451800
7596800
6784800
12920400
2756500
15068500
12314300
5468800
6284800
5728700
6135900
3309900
5178400
4075100
9491300
5581000
6429200
5385000
3264300
5851400
6922900
6710700
9646600
5901300
5753700
6323800
10136600
13956200
5636200
5805800
7851400
5491500
8057300
8144500
6710500
5921700
6201300
5990900
7307300
7475500
8393100
7199800
7869000
10185200
16220000
10419200
7662700
8656600
10661200
7189300
4647600
5755300
6143600
7383400
6121000
4517900
5070200
5132200
5885400
7302400
11293200
8488900
7029200
4429300
5468400
3480700
5239100
5347100
6189400
11039000
13715300
9596900
8261000
13164600
5704900
5508400
5019700
7023400
8060600
12029300
7426500
4345400
9456400
8400800
9199900
7837900
5712300
7109400
8188400
8653200
9089900
6264200
6599500
7591700
5097300
4842600
5256000
5613000
6207700
8017600
9556200
7165400
6167700
9841700
14859400
6555400
6559800
8455900
12035800
13351100
9638500
9987400
5513200
4592200
5902800
4654800
11363100
19834600
9100100
7800500
7174300
6996000
7357500
7528600
4905500
6483100
7029500
7480400
7969000
13303600
10180800
10092500
4891900
7096800
6023800
7397200
8171100
5953400
6537100
2264700
6510700
6603700
6675700
5854600
5239800
5415100
7365500
9744300
11939800
10411600
6057600
7204700
7435800
7398600
12613700
5174700
4010400
3215700
1416700
3711300
4040000
3177300
5322600
7012400
7456100
9098500
9752800
11895100
11624600
7829900
8833500
7930900
10552500
9100600
7171000
5089600
4896100
4585200
16154700
10510200
18585800
8088100
9564600
9088700
8569300
8050600
8987500
10035300
8581700
3868000
4949700
7979300
10472200
10657000
7252300
7188400
3874100
6167200
6166800
3709400
6056000
5645700
10608200
17157800
7352800
8414100
5772600
7882500
6392500
10617500
17036600
8819300
4657800
4408800
6234300
8549700
7290200
6542000
8747800
8330900
8404500
5502700
6417500
7461900
9861100
10857900
7103300
11499600
14418900
12884900
14114000
9650600
10776700
10616100
22200200
12962800
7248900
5682400
7721600
8422300
5885500
7944900
10119100
7909200
3185600
4778800
4720500
8630900
10447700
5178900
6939500
5487600
10508900
6129200
5304300
4644500
4914100
5182900
6919200
3402600
7850800
7888600
3573000
3808700
6573100
10525200
8629600
5509300
4470200
2785800
3698600
3415500
4316400
6890700
5452900
6790400
7290000
3014300
5663700
3944700
6828500
5672300
4353400
2972200
2427600
3258500
3319700
2643200
4296300
3713800
4197000
3027300
5697600
5753400
4898200
7119600
3440500
3953400
3229200
5358600
5425900
3389000
3823700
3827400
3985600
3702800
8443100
8757600
5601600
7172200
7321500
4368300
4473000
3099800
4332300
3600000
2851700
5471400
8189800
5162000
4176700
4267400
6514500
5591700
6036400
3543700
11245400
6525200
7449100
7894500
5071100
6453700
6210900
5492200
5093300
6724100
5127300
5721600
3401500
3376600
3909400
6742500
3421800
3882100
6467000
4834500
4219500
4539600
3580200
4163800
5495300
7200000
10312100
8916000
6272800
7600000
6178900
5678500
4271800
7260800
5967000
11823900
7075700
8600800
5572400
4275100
2492700
3749400
3667100
5517700
3662600
4354800
6082700
2890600
5182200
5256000
2902100
2924300
3326900
3722700
2834800
3593800
4328800
5369100
3379500
4007100
6272800
4097800
3715200
2303200
2137100
3855000
6857300
4798200
3983500
3822900
2407500
3328700
3014900
3557300
3248200
4921400
3643100
3838100
5835400
5263500
5649000
4949700
6301900
3472400
4144900
2581500
2654700
3091900
4982800
6160500
8066700
7604000
13933400
7189100
7574600
8985700
5443600
6085500
5840600
7217500
7140900
5574400
4500800
5305300
5336100
12463000
6254400
6457400
4306100
7255400
5419100
5533600
4123200
3724100
3067500
3865200
3660100
5091300
5570000
4005000
2753700
4982900
4899000
4103600
3810600
3525000
3072500
5974700
4621800
4422700
6907500
2747700
7615500
6611700
9303400
4805000
4394200
2989700
2804700
3973000
5815100
3625700
6021200
5094700
4714300
3372000
3616700
4290300
3792300
3482100
5805600
7241800
8956700
4949200
4949700
6363100
7151000
7787000
11069600
9471400
11693800
8662200
4449600
3793800
4002600
4256400
4083500
4517800
6594400
4465100
6371300
7519700
3628800
3498600
6131000
3096800
3331400
3624800
4295400
6407200
13696700
8529100
7163800
3794900
3768100
4909000
8504300
5418600
5007200
4989100
6023800
4789900
3839800
4420400
3883000
4738000
5013200
5121600
4737000
5003800
4315700
6513800
5182200
6335500
3840200
2996300
6239200
7653800
4224400
4175300
4748700
10488700
8766200
4810800
3929800
3601000
4728600
3014900
3552600
10023800
11667600
9800200
8834500
6013100
6114200
4891000
4923500
4073700
3947000
5280300
3618300
7979100
12216500
9667000
9385000
4901000
3463400
4128800
3481100
5422100
4864800
3754500
5344600
4406100
5443900
7550000
3977400
5177200
3069400
3211900
4030700
4461800
2867100
4720400
9121900
4839800
5664400
5985900
4463400
4988200
3671500
3844000
2825700
4065200
6549800
4092600
4591000
1786600
4794100
4941300
4691200
3682100
5075300
4810100
3553800
3082000
3385300
3145600
6237300
4060800
5525600
3649300
4124200
3724600
3987000
5780100
4936400
4443500
4933500
3682800
2556300
3059300
2920300
3396100
5461600
6190800
6750700
3735600
3317100
4459700
3468300
3557500
2303300
2401800
3188800
4325800
4113400
3920900
3540500
7433200
10899300
7246800
5912500
4887500
4631600
1484800
5035000
4885400
3763900
6674800
6885500
4107300
5913300
4113900
4014500
6787800
3906100
4505500
8511300
6368600
9760200
5643800
3634600
4924900
4458700
3976500
3410300
2456700
3357300
1206200
4056600
7322400
5038200
4544900
9266000
4956000
4231100
4919100
3928600
7472700
7774600
4516000
6817300
9005000
7922000
6527500
14526800
10779700
6029200
4956400
7414500
9993700
6290100
4310400
3732800
5246600
4513200
5803900
5298500
5710200
4605000
5907700
6101300
9104800
7342600
3801900
8694100
8183500
9181900
7659100
9631300
5370300
8321600
7033200
6905200
7834400
5908800
6017700
5938000
9783300
14963500
14633600
12064300
7709400
9053200
9256400
12420600
6384600
5726100
5174500
6008300
9839600
5097300
9295500
13769500
7871600
8161800
4480000
10174300
8232600
10217300
10207500
19022200
21496000
9557400
6462600
7322500
5555300
5792000
7072000
8152000
5705300
4926700
4502500
6087400
5935400
5449200
4818400
7591600
6593700
3235500
4218100
6528700
5474500
5034900
7018700
6338800
7593700
5570900
5379600
5056200
9211400
5530000
3983300
8471400
7964100
6330300
6345100
4217900
5303000
3933700
3477900
3125900
7359100
8426900
8321100
6038500
8849700
7018200
4550600
2407000
4853800
6964700
4877700
6422000
6842000
2500400
7018500
8740300
5288900
4043000
4405900
4678400
4340300
4141600
4898700
5234700
6520300
4307100
4898700
8316000
5017400
10221900
6202600
3790200
5417000
6289700
3847200
4573200
3573300
2227500
2360400
11234400
8441500
5898500
7885100
12569900
8555500
8040300
6111000
7563500
8843100
4598600
4731000
4074800
10308700
11265600
11231400
28452400
20010900
17976000
12544000
12621700
8575700
5650300
8677000
10921100
10230300
11398600
8035000
4706200
6776900
6660200
7491400
5361600
7430100
5421300
5791400
7461300
5431300
5923400
5076600
5224300
4796000
4699600
4375500
5781400
6510600
5945700
3195200
3234100
5669200
5765600
4282200
3339000
3554800
2832100
4230500
3553700
8974800
7080400
4792800
4093900
4587200
5284400
7000200
5620900
4345200
3693700
3675800
3317600
5936000
5392700
5177700
6370400
4979400
2713100
1024300
3359100
3531100
2770700
8213300
7976700
6196600
6770500
6054700
4572200
3727400
3334400
4245800
5728700
5470100
8593000
5042200
4097500
7916000
9171400
8402800
5520200
5228800
3995500
4746800
5226500
11157800
14896200
6710900
5900300
7254400
6974400
6835600
5003000
6242700
3039000
5065400
6563300
4243600
3482100
5593000
5915800
4187200
3326800
4020200
4553600
3507100
4275600
4061600
4603800
6834200
5327100
4210900
5888100
3332000
4509100
4265400
4200400
4845000
3677600
4769400
7048500
6265700
4132700
4803100
6285400
4060600
2932300
4536700
3986500
11033100
7359500
8059200
5677000
8795200
5616100
7993400
5152000
5885600
5222700
7059400
5035700
3820100
8785400
4944000
4983300
3807000
5252400
5127500
7200800
5531000
5084400
4417500
4634700
7375700
5149100
3531600
3264500
11597300
6807800
5214500
3574900
4248900
7978500
7514100
4613400
5593100
8231800
8037600
3601000
3354400
4490200
4498800
4461800
5140400
4201800
3577600
4593900
6705600
7315700
6536000
12907000
10742600
13937100
8314100
7846400
5307500
6207800
5977700
5374400
5529700
5422000
6435100
6091900
2742300
8864200
5735100
5834700
4700900
7483400
6946400
4398200
3897700
7869200
4043700
3841500
6194000
4413500
6360600
6331100
4474100
1773400
3026700
3950800
3710800
4329700
6785800
4583500
3765900
4754800
4811700
3636100
4868000
3549900
2620500
3298100
3399100
6878400
3601000
2765500
3841800
4620900
2810400
2369500
2328300
2573800
4964500
4285400
3727000
9220600
7278000
6618100
8486800
13543300
14819300
6011800
7662600
4854000
5288800
2721800
3189300
3304900
5812100
4713100
4816000
5149200
8138500
9270400
5233700
17495900
12849100
9337500
11257000
13448100
8289900
7674600
4771700
5403600
6198300
4475400
6361800
6437400
6494300
4912400
3214800
6553100
4469500
10253700
5758400
3476700
4103400
4087000
4411200
4539800
4210100
5155700
6585400
6395600
4430200
3911700
7250600
8847900
6289400
4288300
4546600
4603300
4202600
4616200
3215100
2875400
4352000
7434800
7096100
8651900
7385200
5594600
3811500
2849200
7915800
6033800
3508700
4529100
7022600
7365300
7199200
14935200
8929800
5180100
5476100
4936900
5434900
5374700
5706100
13112300
10171100
8586000
8165900
8701000
3093500
4215400
5211800
5312700
7231500
5755800
8720100
7906200
6035300
4532900
7033600
14260600
20725100
7188300
9463000
7703100
13617400
11948000
13213000
27092700
41883000
50471700
33423100
22027700
18821100
12826500
21492300
8558200
14569500
13747200
17728700
6364400
7975900
5553100
8080300
7825800
4281300
7306200
7216700
7332400
6581400
9877600
9663100
8047400
8454100
14350100
16318700
14976700
11895300
17223700
13027300
9739800
16034700
7382600
7222000
7750200
7584500
5054100
9362000
8792800
5360000
8665400
10597400
6598700
5675100
8674700
8514100
9931600
7407400
8334600
5801600
5021700
6970500
7179400
4712600
4526800
10830100
17049500
7737100
6536700
7065200
7840700
4599800
4744100
5056600
5404400
5645300
7105100
12494500
8519700
6008900
7444000
8218400
7139500
5255500
5420500
11768900
8393600
7697200
4514600
5304000
21985000
14684900
7937500
4666000
5722100
6571500
7656300
6567500
6706400
10203100
6148600
5800700
6679500
4035600
6146800
6595700
6010000
10048100
7173000
5920600
6754800
8487300
10006300
8378100
8308700
7475700
11879700
7058600
6957500
10598700
9156300
3731000
7476100
6800400
17840000
20487400
18105000
11812700
10314700
13321400
9636100
9290400
13733100
12162600
12548500
11765500
6009400
9473300
7130700
6921600
7331700
7755600
13162400
6449000
7189700
12213700
10075000
8458700
8964300
19462300
9998200
7081800
10927900
8973800
12796000
7632700
6839100
5801900
9054800
8888500
6655400
5241400
14059900
12194600
13578000
16489200
11924700
13688300
9069400
9529400
9095500
8379600
11091500
14141600
11642600
13940500
8739500
10987900
14334600
11439900
8271100
13142400
13382300
11536400
9938300
18245200
10377600
29213400
47826600
26603700
27098600
17419100
21842200
27452100
15249900
11645200
22223200
19039400
14857000
10628300
9570000
8066500
10894500
7416500
9332500
8035000
9089500
10710100
14891500
12567700
7892700
6267900
7439900
14083200
8025100
8757200
6880300
9559400
8629800
32465700
15013900
16357200
21852000
9899100
7650000
12192000
29231300
19457600
11760200
11901000
8615400
5554700
7737000
6634200
6052500
5671300
7138700
7449700
8413700
9582900
5316900
2599000
4364000
3873300
5935400
7257400
10137600
8436000
11028600
8406900
9246600
7114100
18237000
8319900
6848000
6808500
7156200
8473200
9742500
9299300
9601500
6333400
8563000
7213000
5682100
8513100
6400800
5075400
7343300
5889400
4755500
5346000
5903700
6826100
7369600
8460900
5868700
5959700
5848300
4504800
11893900
7218800
15336600
10026600
8245100
6236800
10279600
18522600
9986200
11409500
24310000
16227900
27663900
24379800
23135300
27348800
24551300
19525300
17871100
10666600
17370800
12919100
9248200
7208800
6875900
6124700
13127700
15967000
16821000
10527900
6037600
12637800
8908700
9603900
5692000
9171600
12888000
10302000
36081800
16786900
18284100
23699600
28996100
16669800
22049400
12287500
16600300
16031500
18082400
12717000
12937400
11985900
11165100
5775700
10544500
6381900
7839500
7956400
12891000
10225700
8817800
9762200
7114500
6964100
6740300
13084100
16987500
11295200
13536000
24795600
16037800
15539500
11447800
13254400
6517700
9018300
14542800
10431800
11737700
9535200
13702400
16875900
9321000
12111300
8717700
9548900
6183800
11034800
5544600
8750400
10696800
12840700
3906900
8117700
12436000
6283100
7742400
7168900
7259900
11616900
16417100
10502200
5760300
9202300
9564300
4425000
6986300
6628200
7831500
11035100
7316700
14697700
10445100
5389500
7462900
11453600
4683400
4961900
3400400
4724200
8330900
9374100
4575500
4645000
7873000
7234100
14256200
8228000
4829900
7468700
9696400
8000700
6865300
17479200
22792900
9948700
9193700
6067900
7123600
7993500
4997300
7750900
8374500
13051700
3964200
10493500
6298100
7481400
6052300
6266500
6755300
8553300
6142200
9151600
14458600
9345600
16636600
4792400
7547400
5086100
14362300
6448300
6290600
5761400
10394700
22624600
9233800
7716600
13106100
20233000
10865800
8901900
6744400
14599500
8229300
13008100
6490400
11004300
7247000
7969700
9835400
8889500
9338200
9057600
35525900
31344100
14800900
11107500
7355200
8560800
5749200
6486600
9113300
13784800
7165300
5477800
8684300
15459800
10548200
11480200
5389500
7966400
13994100
7384800
7369100
10475700
18367700
15041000
10895800
10089100
14583800
33971000
34593700
10130400
4525800
10946200
10653700
7702900
9030400
20069800
16760800
13801900
15805300
14551700
12287100
12776300
10014500
11452600
6303800
9506000
8593900
8597900
12934800
10603200
8540300
10231900
26094900
16972700
27283800
23423600
24664400
11891900
15168900
6205400
10000800
11188100
9556700
5221200
5548200
5815500
7416200
8942000
8090500
13108200
12862000
8887800
10553000
8525100
8506400
7074500
8580700
18098000
10127400
7548400
10987000
11922300
9577900
8764000
6423000
10552200
6668800
6959600
10996100
9556000
10919400
14703900
11359800
7292600
7223300
5594200
7822300
11572200
12553900
5741300
6477700
4668800
5345000
9043800
9776300
6974100
5156700
5161900
19126700
45606400
31269000
14722100
14002700
17183200
13686200
11199700
10751600
14900100
9618100
10676300
11172600
17362300
16016700
11029600
10134400
8641800
10290300
11284200
9254300
15753700
14447900
10912500
7593700
10781700
11994000
9024200
9733300
8984500
10748000
8248500
5566900
12419600
9584000
7185000
8305000
7418700
6820300
10466800
9764600
11043200
6842800
11898100
16771800
14262700
10043200
11344700
10632700
7564000
17259700
9992400
10643100
7660300
7428500
10234600
5313500
5819000
8511100
4309600
7232800
6705200
21662900
9187500
8885800
5590700
6866300
5080600
8338700
10618800
7782800
8276100
8576100
7260200
10726900
9156900
6744600
6816000
8291800
8494000
5993700
7243500
5931000
4288000
7770700
12393900
4347200
5411600
5691600
3347400
6334100
3863200
6921200
11151600
9806700
4831900
7703900
8331700
6556700
12613500
6599800
5865200
6219700
6640000
11487300
5838900
6079900
9593300
8050900
5888200
6135700
5944100
7460700
8273900
11783400
6495000
5888500
10109500
8914600
6709100
3653700
11005400
11953500
25834300
12135800
9003700
20963800
12700700
8102900
7106900
11640900
12429900
10527100
7271600
8423000
5598700
7222600
7663400
10744100
8067000
6457600
11761300
9597400
7274200
6353900
9943200
5051100
6639600
5512300
7443400
6615200
6604900
6455500
3225700
6936600
5871400
11359300
10182300
9134100
6045000
8070700
6837700
7135300
7368800
5936500
7521800
8973000
4677800
8921700
10671700
8552400
8389600
3640800
3173300
3429900
3650700
3273700
3663700
9852200
9035400
11376200
6672600
11452500
10033300
10201700
15451200
11036500
9362300
10296500
6560200
14965100
12369700
10804700
11581200
7424200
6295200
9261100
6976900
9248000
7073200
8963300
7186000
8965600
9651200
8383100
7250200
8416800
6266800
5484200
7424100
6854800
9104100
10733600
7916800
5234600
5376000
16898800
11680300
12005300
7814600
7352500
9969000
7163900
11097100
7869000
5273100
5398000
8217600
29500300
18744000
17270700
15450500
11713800
18426800
12879500
6599500
8067400
10321100
6892600
12408500
9371900
6034700
7073200
11621200
9868100
40717700
29788700
16557300
22252900
23093200
20166800
18745900
21331800
19665500
15436300
10062600
12750400
11225200
11218400
9015500
7506400
12268100
44127200
32811700
19503800
15056200
14651600
13919300
22690900
10094900
9855200
12589000
22639900
19569100
11360600
14459200
13139900
13339500
10884900
10986000
8852200
13932100
19830200
17854800
6460900
7351000
10191200
9099000
27942800
17563400
25152500
18048100
18109300
18267000
12235500
10520100
29048800
14550600
9935800
8995900
6826300
8049500
8847700
9819300
6921500
7497000
9784100
8408400
10060600
11820600
7938000
10998500
9197600
11476600
14244600
17353000
12844700
8262200
10656600
10661800
5970500
7810300
8590300
10732700
13464100
8051400
8472800
12974500
11011700
8041200
11680100
7068300
10096200
7244100
6194500
10449300
11410400
10368500
7567700
10844400
21498600
7441000
9062000
8058800
11349400
12729800
16646700
9753900
15241700
17952500
10240500
6862800
7125400
11167200
12257500
11927200
12987700
9677000
11616000
15628000
10651100
8757700
12728500
8153100
7927200
9625800
7905500
8662800
16077100
17180200
11884600
13037800
20039800
20015100
26949100
20890900
31425600
27903500
29284300
23533900
17065200
15655100
19331400
14377300
17717400
16168000
22477500
29100200
16164700
9358300
14087300
9925300
7670600
7592400
16358500
25867100
20183100
11751100
12797800
17839100
23384400
37645200
26717000
16419100
16438000
10283900
17238900
18647900
25911000
29998000
13325000
17229800
11626300
19674300
11010800
10176200
12271800
13518500
16893900
19668000
31934300
23189300
11882800
16973100
20931800
11580600
10328400
12060400
16915400
20357100
16903100
35623400
31978000
40420800
28957700
27937500
30517300
30717300
24687200
19838800
17702100
19518000
40848900
65652200
31666900
32393300
35831300
30720200
22826900
14053300
31311700
23637000
18328100
14899100
14134100
19157800
15484400
12496800
9458300
11397000
9238100
17408300
11355800
10310400
13909900
15635000
12344600
13314900
23747200
30593500
32937200
39011500
18848100
18189300
19993400
29037900
15903800
19333300
14880700
11224900
24833300
19214700
12274600
24026600
24115300
17972800
15183800
18647300
17244200
23400100
15024400
19844700
30977600
24538900
34559900
22895800
13831600
13766300
42789600
34584900
18717900
11680800
18224600
17522800
60520900
52419700
83554700
36873600
38069100
22440400
37091700
28389900
33074300
33166100
19031800
14998100
25481800
31849000
42959000
19624700
24894300
21328700
18379500
19734200
15989300
15181200
29355200
26666600
21281400
36909300
28763200
27027700
17115800
22163600
19203800
18402000
20876100
18117100
35361200
19216500
20623600
16286100
25581700
16285400
13271700
14700300
55780400
41514800
26414300
23450900
14976500
17962000
25333700
40355900
64653400
19050800
16673500
15223500
21777700
27141300
20941800
20338900
36143000
27227700
34314300
18598400
45610900
38190100
36933400
18076900
38906100
38486600
31551500
16867000
25307000
22668700
42623100
28828700
34192100
27074500
47205400
32693400
26846400
38962600
42170300
29845900
59447500
44561100
47529800
70032700
47758900
50036300
46666800
39065000
21840600
34175700
37627700
28471100
30763200
26539700
66498200
25228900
25535700
29663100
45321000
70973300
65475000
190628800
72880800
45593100
30865500
27079000
32020300
32800600
33002600
62459900
33640200
29355200
15517500
33257600
56424800
26793500
29038600
16431800
23249100
25569200
17642100
19911000
12926900
28731500
22351400
12267000
25992400
36182700
38016400
42475400
27478400
18625800
19591000
14415800
25117300
22422800
12731500
16184900
18598700
17647800
9071200
6769800
17898200
26417300
25242400
26440900
17109900
15231300
18309400
14801200
6320200
37061300
36096700
30529900
23230300
34609600
37117100
114612400
185085400
338318500
195921200
73746800
112821100
168210200
112906400
83637500
53319800
94259000
88055200
59655100
55616400
32048100
45436700
30125500
33603900
78652200
63454900
40562100
48938500
56732200
42397100
40020800
57053800
66699800
63728700
78367600
66023300
53554600
116406900
76821900
99688700
54421900
55791000
28763200
65038600
27922600
24730000
27387700
44746900
32595800
23819700
108536600
33682800
59691800
63469200
24990600
32178500
27532700
36351500
26903200
30366900
28361400
91201600
59777100
61683200
46215800
59502100
92422600
44757700
91446100
43543400
39391800
41480800
69463200
39164900
27784400
44955700
32669600
35791300
43574100
44321000
27296000
24570800
49104700
50931900
32190200
44145600
44401600
29511300
42132600
17885600
27836800
29263400
27932800
36474800
19906300
45441700
26132300
29201800
45372400
24958500
26996400
25879500
87563000
37976300
27476700
27601200
26871000
19884500
22605400
12470500
60113400
62769800
26700800
25357400
81573100
66793000
31767900
25567100
15419100
35850300
27184500
33757700
50346200
30442800
26365400
32562200
32387200
35945600
20478600
59915300
35361900
41030200
32557200
25466600
31170400
35626000
38504100
60766600
40366700
35009900
48532800
39556500
80634900
55386700
33566400
50463100
73319700
50311300
26132700
84167900
61974600
38706900
53025000
54535900
69498300
47692100
37718300
28833400
33145100
49253900
36435000
54515400
35141700
40407100
121480600
163778100
103608100
89310500
92658500
50208800
37131300
41947200
41952800
38346400
89683700
57268800
43283600
32384000
46389600
46683700
79269700
46074100
29239000
21618200
52598600
39053400
32283200
15413900
32252200
30019600
28371300
31661000
33481800
21248300
29200500
44294800
33337300
38497800
39284200
67743700
41976000
54178200
46274400
53313300
31985200
34315600
58416100
26048600
92855600
51538100
45248000
55588700
53076700
46275400
47923100
37616800
32965900
44958200
35656900
92387000
92115900
50301100
50122100
40713000
29935100
56208000
44896400
33681500
35777000
37072300
34455600
41843900
27337300
51999800
40702800
54682600
46085500
29736900
50266300
72812300
49736300
70046200
48476200
49938500
42572800
44614000
49549000
64463900
74438500
26410300
35305100
35465400
45713100
33889600
44521600
34936800
55445100
60530500
43309900
32730900
46088500
51625000
51345200
52307700
39308200
32642300
43893100
30154300
29402600
38574200
12102200
28075200
24715700
24070400
25845200
33239700
47186200
57781000
47007600
47965400
77760600
61641000
33524900
29713800
42666300
64534200
77878800
58894100
78467900
74051800
65537100
87012300
46709100
41276000
37156000
48116800
37890900
36825300
36157300
39376500
56865700
32818300
53746200
59226700
28887800
24904700
22710900
29039100
24628900
56458700
31300300
32971600
31167600
39084400
42080700
47435500
44365300
38992800
37409900
34544500
43806100
48615900
75303100
60198600
125528200
80501600
69811300
76802800
71480800
175819300
55202100
56608700
57327500
61712900
39674800
42293600
55328600
65244500
67737000
66864300
70070200
111095900
55195300
47465800
46402300
39533200
44831300
63447600
64796500
95216500
75387200
63315800
83811800
241760600
227269800
170511600
63074800
66520600
63141600
75407700
38431100
37921000
58838400
48454700
41043900
28652500
38192700
36193900
42720400
41263300
36017300
43350000
43416100
106839400
66859200
71144800
50981300
28447800
55748400
51984300
56036100
56137100
48559300
64502900
50800100
34514200
42860200
32443300
59521400
63861700
56352700
96900400
39755400
97632900
81491000
109774500
40673100
82326600
55993300
76159300
125482600
64248500
32026200
51350700
72882600
78150500
77252200
74946000
39818200
77518100
96542700
72724800
39132800
40036900
54199800
70481800
98043400
66476300
83925700
57078100
57869300
43005100
54279300
30831400
61750500
59317200
36662100
44398300
40979000
37392600
67554900
38273200
32661000
36290900
39339700
49237900
60551000
55766800
70224000
49283500
71814100
52637400
37370300
53438100
83810300
87631600
60086400
72290500
51680400
39337000
85570900
130052100
103371800
99320600
123013000
110424200
91329800
51346000
21385400
28053700
27479200
37182700
35350600
42971100
38054900
28661600
43056400
64827900
71723500
127853400
130226600
196889000
121924900
82762600
54074200
69338900
65637000
45017700
51397400
43730200
71762400
65620400
35707500
58590200
77508000
65288100
64651600
46924900
63228200
51555200
90846500
93875900
57943100
72447400
50057500
47082700
35717500
39304700
51644300
127672300
198781000
132027100
131077000
79911700
172837700
118416200
291750200
198296700
152252100
140900800
98880500
268029900
137306000
141141500
92690800
210854400
69622800
59928300
52036400
108792100
143907300
67578200
103725200
37139100
40768200
46999500
39225700
39759600
42052300
73031000
58945900
43931200
51174500
39831800
47682700
40477200
56635600
69594900
60086400
51647400
75295100
52683400
71025700
50898200
31112400
34869200
30930500
35463000
32294600
34099500
24203700
17335100
21389600
27266900
28273800
30214000
23422600
23009400
32860300
25051400
19034200
37900600
44460600
35167600
54368900
32307100
31512500
19605600
15442700
22404200
47498200
35136700
32278900
31181300
43503700
46652500
53675700
44196000
43181500
92775500
61243500
57202300
45286800
40512400
51384500
38757300
32074900
63985300
45913600
68271500
68130500
111824600
231439200
112627100
261067600
131505500
73962500
64229300
88312500
59376500
55084300
57797600
93851900
145386500
115728000
287772600
111424500
73139000
70786300
186983700
102853400
58158000
70335000
95547300
95031100
63884500
64849100
217074100
541175600
207354400
128733300
121707300
92782500
95454300
78529400
50019900
66346400
55302600
63255100
99306500
111714500
134751900
111423600
83850700
85658900
85590400
84569400
90297100
133040800
54584200
65242800
87214100
87747800
57600300
69582800
57636000
60592700
72264800
62899600
68304000
73552300
85531400
95888300
73694800
73705200
68322000
67379800
60243600
47272700
46062800
56107600
64814100
66541300
62832200
64037800
57398800
91813000
269099700
99700500
104647700
68800900
74129700
88741000
156355300
246431700
122641600
97215300
132529500
95304700
90356700
81695400
73805300
88102900
58019400
78689300
72395500
47417600
29608300
55283300
93581500
53545700
44502200
62564800
44250400
43810500
102771300
65920200
87169900
42539800
45485800
47496100
34041200
48787900
34515900
50771500
107442600
103372300
53331300
52822200
55582000
139234200
88410600
61908900
45883900
46727700
95959600
101530900
55825100
42693000
48500800
33869000
78355000
32603200
152372700
100372000
58858200
40371200
47371300
62833900
50104000
69777200
53432400
47705600
60580400
72962600
94665300
69469900
95736100
208424500
193783100
240095200
125050200
159975800
203287900
136649800
89390000
86560300
86202200
121719000
126809600
120432800
90625800
59314700
61341800
47088400
26922600
42184800
58900100
104011700
63656600
57935400
79533500
41476300
57473000
52852400
63643700
63474700
37983700
109417900
71460500
55724600
88033100
53335700
50860300
64815000
24895700
53979900
40821600
46699600
31253700
60855800
215620200
200070600
130201700
130463000
170626200
162995900
154527100
116531200
96149800
65934000
71649500
121451400
161530100
121621500
108250500
105091600
203320000
159741200
82748200
119714900
90125500
129792200
181535200
92031400
83207100
73395600
65116200
69465400
62537500
65983200
53406800
46990000
41993100
114688400
84200800
83114500
72368400
142605500
193706600
157004600
89836800
106920600
78903200
83934300
56850600
59274700
104771000
95072200
74692700
137318700
235094400
252411200
170576100
167002400
91765400
88909300
60400400
158225000
142055200
433659100
212952100
88957200
76423800
88112400
77491400
60408600
50783100
71008500
153602100
159110500
149640000
95855100
75630700
120284000
93331100
92002200
123029200
292667400
208023500
110114400
146322900
106416800
123207400
198525600
237094700
261066500
134388700
125738800
102657000
100156000
105856000
108686700
101309100
132864400
156449200
174455100
90998300
137858600
146872000
90700800
78823400
80977300
87265300
79568700
83480900
76229000
81494400
74947600
64799500
50280600
58144500
51790900
61954100
69430100
55417700
67814300
73509000
83134400
74449200
148168400
57994700
124866100
182831300
153383000
71607100
81246900
72565300
62355500
50732700
56354100
103923200
68051400
66020400
68905500
49910000
53134900
67645100
102031500
161608200
125770900
97305400
59746700
88510100
79512400
77124700
115202600
60875000
51574800
54704600
39072000
50265100
68132100
68017900
41635500
59316100
61043500
54218100
61059000
50806600
42449600
86299200
78571900
56953100
63565200
33651500
64984700
81988800
39943600
65243900
42497600
40798700
48528500
37849800
36689700
39772300
54102700
141408500
68954600
49812800
59130900
53139300
46866400
42647800
28799700
42671500
45211800
42679600
54565500
95949200
74701900
92326000
53526700
71857700
48002800
50056400
59061900
78814100
61337700
34852700
84614000
60800200
85365000
38003100
77370800
214814400
81025700
51719400
52281900
56606000
54691100
185667300
193232000
141539900
127386000
133717300
139738200
94746200
91657100
233268400
234481200
127748600
256937900
130323600
91288900
96689100
66727700
31557200
61577500
71737400
100724400
82484500
67399500
57290300
64104300
106700000
47280900
38196000
53899700
43070000
44901200
49567600
51948100
41880000
35604000
31602700
25730100
27703900
28413200
25556700
24055100
22417600
70794200
106477200
112378000
96284400
99029500
65348400
61312500
66841400
100459700
50279400
39737500
89216500
93501600
48717700
51698600
47155800
66834100
67711700
480879500
275198200
178894300
187008500
153131300
79198700
118132900
59674500
61896700
65334900
94736400
69632700
51612800
59843600
53727600
68774000
97449900
159528600
120277400
78341600
54120000
74337200
67127000
66720400
81593400
105389900
106699200
68046300
107127400
72249100
65056100
108919700
127862700
78683000
64541000
46486600
44731700
64431300
128201100
58954600
41259800
33301800
40889600
41909100
116247300
99116600
72322800
62315800
51295100
51126100
85626200
82591000
58736600
62357700
47434700
49822500
33575500
70978900
53181900
54775800
166900000
84380600
48145500
40203200
42185500
68659100
71753400
62502900
58371200
33369700
36633400
54989600
48775700
43317100
51778600
65261100
41278000
38684200
39285300
49529300
48890300
93969200
45961100
35654200
66438900
91509400
58588100
57295900
54183600
73208000
77161700
55365400
96684000
110748300
61363200
88736600
91842200
75778900
51392800
72508100
42578600
59361900
82743600
50005900
54013200
54105500
74076900
66304800
47019400
46233600
66182800
68539000
61376200
57768900
44328200
45989000
41208600
66084800
53892600
33450700
43705600
26480600
45334300
109165800
113808600
69884600
68621600
73771800
97171100
127291500
153368800
139254200
202155900
177330900
119877300
114926800
79279300
46283800
53398200
52262000
87073500
87207200
73424500
52107600
53035500
50166000
59398700
48857900
50345100
69283600
64031000
62021000
65558100
45052800
45105500
69911300
58352000
44205300
70810200
53843200
46858900
41663900
37706900
62227400
115851100
70702600
54424800
65062200
43567700
52634800
56697200
72828100
103900000
96318100
86277500
87812400
57668200
61332000
82907500
60021300
54535700
53715600
66804200
69510100
62145700
86636000
68986900
77049100
159678600
132526600
60363200
41740400
108235700
52759200
57802200
43133100
39924300
60893400
72026000
50555200
32872400
30530100
43972900
49001300
69670700
44422000
60890100
43750700
44958400
20118500
57953300
40443800
66922300
61397000
67252600
65924700
39786100
45168800
82552300
48326600
40777500
67905600
53224300
46636200
45962300
45068200
45235100
56203100
43983100
26953000
25444800
33445100
34317000
26815800
45709900
79725200
67877500
59840700
53981500
121750600
63806000
48687700
46366700
44398400
47102700
70894200
43705700
49379700
45768400
54021600
75470700
142155300
57752600
46412100
71669000
48347600
78851200
46363300
39413500
35352500
52290500
52505500
34474400
39627900
38174800
49164400
30778000
38409800
43326000
36747600
31399300
38703400
30789000
62093700
68262000
49063500
28433700
57374500
28440900
37099100
36159300
30275700
42783600
47578500
55286600
77119600
52445700
40214400
27521400
50117100
44755000
26692200
35070700
41051700
51039700
36381000
43966900
97034200
51505000
37939500
42515300
77370300
34724400
26988800
39675000
31903500
35981200
32314000
48169200
52631000
31269200
38615200
45185400
40889300
83070300
46156300
43959200
48572900
40238400
53268400
33235200
46174500
54501200
42526100
36561300
50225200
41886500
44321300
49648900
50572000
38134900
44295700
75647800
45334100
30430800
43760600
44592100
54297000
68237000
57305600
38326200
50458000
33846100
30811600
35811400
35130800
41384200
37531800
39442000
27361000
37155900
40810100
40062800
56427300
44297600
31871900
33278900
38648400
138138600
63388600
49629300
31783900
30355400
37441600
33516600
32028700
55111000
30248300
28838200
29510000
31010000
33615000
27968300
33773800
53519200
44338200
51798900
67986800
40958300
41360900
65973000
45326500
38631400
23819100
43574500
22630300
30909800
19618800
21122000
21129500
21308300
34323700
34533900
38923800
26281100
26965500
23537700
19574600
22754200
23084400
26115700
16459400
28029200
37965000
40608800
67996400
60617000
43381300
28165300
28046500
50920200
55934300
31922200
34937000
42403000
28755100
35459800
28557900
36866300
44362600
25740900
44586300
33445600
63630000
51023800
46855500
40693900
25473900
38235700
33951600
39328700
24108500
26466500
32788400
29346300
44041700
40493000
39149700
32476500
49339800
59290900
43485500
137960900
88770100
53399000
37995000
51232200
56674900
45948800
40703600
25723100
33342900
45664700
48879800
45346200
39359100
34739800
21181700
16032200
26831700
37610000
38496900
57289300
41329600
47746300
37760200
33152400
31065800
38404500
26025200
36326900
31099900
35443200
36933500
46983300
61810400
54884700
47750100
94489300
91734900
140331900
108315100
95668600
106908900
75274700
121284700
54669900
43482400
46336200
36973900
84884300
67641200
46224800
55425000
51453400
44299300
45716100
35467900
58122200
42532700
53405400
51189300
131146500
59595900
65844000
45222500
32702200
39116500
33520400
33987500
18613300
17688900
26243300
24503600
33489000
32418700
31089900
50381800
43703700
23866400
38627200
29191400
51569900
37659400
38806100
24337100
26863200
28953400
27702800
24715100
48696900
46047600
26467800
31653300
62961000
36877600
37639900
32690500
29740300
21423900
27238000
24236700
26240600
25472400
32961500
35189300
45189000
29803800
42605700
23884700
29826000
31089600
51493300
37955000
55885900
36338200
44583600
34877900
26971400
26082200
40082600
46026300
42016000
43814900
20659200
24858800
39344800
33982900
45933600
53821400
42070400
33334600
30575000
30885100
22758500
32390700
56875000
40924300
59729800
34580000
61840300
67147900
49128700
25287100
59250500
65167400
61805000
52117500
59017900
50273400
64862400
54819200
37099500
29589300
35360600
36207400
34327500
27186000
31340000
25950200
35997500
57313900
48218100
58598000
34031900
39595100
35859600
45034700
36012200
70275900
38114000
44728400
42019600
33762200
38162900
34601800
27297500
26663500
63282600
27888100
24606400
29592500
28745600
35016900
78608500
51510200
30356000
27823400
25879200
42156300
39519600
32233600
53813000
29014000
33058100
26626200
25625300
23170600
22372000
29255700
55905300
30477300
28013600
42599300
34926600
16464700
21547100
24792600
44005000
37027600
47714900
40290600
33457700
69533900
55979000
61718600
38517000
45850700
32902300
26855400
21572800
26976600
23176300
45114100
30748200
47887900
42733400
33787600
31630300
32360900
34022600
36511300
41817000
29527300
36628800
24991600
30339600
45491300
50838200
46955700
30814200
31229600
39294100
33098300
26889400
23022100
22159700
30226500
45496200
71402500
47515700
37323000
36931500
39898500
38742700
52493000
33974700
43517500
37052400
47526900
38987300
29561200
31432300
39160000
35559900
33100600
31231300
26841800
31077800
33042300
29789000
25125300
26440600
31559700
14918800
27749600
74867000
40104000
44793800
33254500
34369700
30523600
37848800
30945400
48535500
38001800
40555800
220363000
84636000
61508000
59222000
22642200
24966000
21842000
32832800
27829000
31528500
46122300
42657600
54476300
48448300
67836500
44984000
57566400
44039200
64118200
38410800
37152100
35597200
28741900
37860800
66023500
51218700
57677500
52241500
32654100
64132600
92427200
55397500
45466500
47527100
38410500
36217700
43482100
30519400
27008800
34282200
32167900
26262500
20647300
29967600
30412900
26401400
34682200
25727700
35687900
42824000
33071700
32955900
26630800
23666900
30496600
34612800
31250500
34344100
26943300
26929100
28324200
24374300
21203100
31678500
27033600
24656700
24444100
28244800
36615100
27054500
84938900
39927100
26108300
30524900
28112900
26836400
36882800
31254900
39337200
20414700
28666200
21853800
17657900
24911800
18916800
19808700
27453200
53874200
33030100
27163700
26525000
30722100
22173000
25120400
23289100
32181800
36793400
25172600
17441400
16509300
15087900
27244300
25639200
17368300
20348900
17809700
24843700
17004400
21034700
23241400
42832500
23065400
17975100
32579900
33699600
34824800
38583400
23144300
21980100
21409200
28544500
20323400
22219600
17785400
22925800
16728500
29981400
23084400
37736500
37496700
22189100
31415200
24100000
36171500
17001400
13581200
20271600
23323400
27037000
20164400
20150000
20446700
22626400
36063400
47287300
24838800
19197700
24546100
30932500
53838000
34499800
29662100
32972800
30169700
34170600
33678000
24871300
24843500
21872900
19997700
29370400
17814900
25514800
26177800
19733500
20958100
17174900
15899400
14204600
15051300
20294800
10770300
12167200
18221100
16855000
15373400
18538300
25723900
20733700
29801700
47565300
26656600
16644400
14658900
16512700
23691600
23772600
25366300
19453000
35006900
23800300
28285100
22021600
19054900
20432100
82938700
115056700
55948300
37781800
38177500
23974300
42850700
50319300
31768500
41079500
37691700
43392900
46497000
41375500
31548000
18972600
