-10.1891591162
2.53346080306
-4.21744708146
2.66190553482
2.63157894737
-3.95419847328
-2.66749379653
-4.12054120541
-9.51681597885
-5.27435780514
-0.92270458327
-2.46558765694
-0.974421437272
5.81196581197
-0.529180526157
-1.38723150358
-4.1884057971
-7.45385374102
-8.43767785999
-5.62214611872
-7.27524204703
-8.12250332889
-6.16157609414
-13.1058358061
-16.0215698023
-15.3395784543
-9.24471299094
-11.0862920292
-7.5973951788
-5.70621468927
-2.17640320733
-0.132754042964
3.85836385836
6.25151735858
7.62495439621
6.13981762918
0.594876775525
-1.70427268363
-0.435097897027
1.70686456401
6.38985900918
7.88474132286
5.81661163322
1.0009765625
-5.16129032258
-10.4793886058
-11.293133496
-10.0730927364
-4.16471689284
-2.28106373223
3.23968918111
4.78451424397
9.02751836633
9.95626447131
9.65309200603
2.60026983932
-1.35703134382
-5.14940356679
-7.29787741474
-5.58917764329
-2.44106736867
2.7263755243
2.43164771353
2.19351693883
6.53603034134
1.17433414044
-0.307465256426
1.53543790689
3.32409972299
1.31932880748
9.23036233801
2.84593979256
7.30196388559
2.80906148867
4.72166331321
4.18848167539
15.5510084771
5.03945728922
2.91766586731
1.56675749319
0.945757997218
-7.60297096556
-1.39249146758
7.10616438356
2.00111172874
1.91353649894
-2.52731341319
-6.62842574888
-4.07883931016
0.320646870208
-2.68965517241
3.22010869565
9.75097929491
5.12230215827
-1.19834710744
-3.06190667201
1.0989010989
-3.31394562424
-8.28714700449
-4.20899854862
-0.200160128102
-1.27474911852
-0.85825398954
1.88222640495
2.29450668106
2.20949263502
0.545404963185
0.161182001343
-1.6787838731
-2.38471673254
-2.22696359515
0.396988364134
5.60283687943
5.42084726867
8.27389443652
11.1127574455
5.80822711472
-0.634249471459
0.153524075366
1.0377630441
1.71816126601
7.72351380871
6.05381165919
2.98979445163
6.44369438478
-0.822122571002
-2.42082825822
3.56037151703
12.1373307544
12.76816609
8.97540316012
7.12771162942
12.1722521271
9.148486981
4.36980859516
20.0195503421
16.4924947748
15.5265797392
9.30769230769
-5.92831662986
-11.2133310189
5.78894472362
-6.06745807424
-0.421294523171
13.1897711978
13.6291913215
2.55617398475
9.83029801325
8.83701542309
11.6333977248
1.46087652592
-4.30065101598
-10.930875576
-13.315266486
-11.2402362355
-16.4520983113
-10.2355232867
5.27847855618
3.45794392523
0.961723408348
11.1916713144
9.12077294686
-5.34533431301
-1.36430678466
-1.45943896892
-1.55563689605
0.329585110508
13.0868300789
16.9469598965
6.11423974256
10.3169796083
-0.807692307692
-8.40943683409
-3.47554630593
0.0805152979066
-5.54919908467
2.34205864987
-1.16585182399
-14.4408831909
-7.19222865683
-1.35440180587
-2.45728546746
0.434372049103
6.4644549763
-2.26401314588
-3.97398843931
-4.77148080439
-3.67473167182
-1.86046511628
2.08760484623
4.67006995651
2.72300469484
5.36706919686
5.41282604432
2.28789323165
-1.02919161677
-1.05908584169
-9.44280506856
-9.52803406671
-5.93615494978
-3.91945343402
1.62386706949
8.4117425668
10.5748479498
12.9202106116
17.3170217254
24.8467703913
20.2806699864
15.3689452241
11.416967509
11.3172106128
-3.91845979615
-6.43795002118
-4.51696563648
-10.1925025329
-14.7688613168
-8.76214093821
-3.88764502341
-13.9002605136
-10.9366540336
-9.67100506146
-10.139275766
-10.6077147016
-4.71631205674
-0.965147453083
1.97235023041
-4.09617097061
-1.2043861226
1.32950053899
3.133640553
-3.72670807453
1.31721400217
-0.767035319301
-1.85152530418
0.166174298375
3.66077998528
0.235123892205
4.94196929989
12.9906355848
8.75502008032
2.81823340269
7.63091298423
-1.23867628027
-3.5734870317
-4.54284071305
-4.37692168566
-8.77286450009
2.65705067375
-0.913763563678
-6.06769895571
3.15298507463
6.74881516588
-5.06306306306
-3.17050691244
3.81308411215
-3.59712230216
-2.83661816172
-0.161899622234
-9.70372836218
-9.52139353966
-2.71216097988
-6.10515392598
-5.44310256846
-1.68548519064
1.37150694325
-3.31585180173
-0.430514895815
1.36206896552
11.1090909091
-0.511683438513
2.78212484785
-0.274772454061
-3.94170255051
-6.57380669271
-3.426124197
-9.44733112896
-10.3602216749
-7.12198123366
-13.6803519062
-9.91244991839
-4.04894999245
-0.869830611933
-4.99780797896
3.44304565448
3.32720024532
2.6679075539
1.56540607564
5.16366989396
-0.722782713447
0.648148148148
-0.754310344828
-2.6554013277
-1.03422053232
-0.539164295342
-1.69902912621
-2.31578947368
-2.11194801359
-1.36513651365
-0.059871276755
-3.38560750403
-4.34407364787
-2.26616628176
-4.49856733524
-2.6519015008
-1.50137144507
4.19664268585
7.64449968925
8.33462672668
9.87832212616
12.9095354523
8.64680019541
4.87208733909
5.20901371653
-0.335088559119
0.425601571452
-0.871670702179
-3.83892196804
-2.7627818355
0.658528750402
0.476973684211
3.11251664447
5.19202241635
5.47646960308
4.65624474702
0.595632031767
0.367524223187
0.53024026512
-0.962016918229
-5.04389465283
-6.16363918646
-6.61466458658
-10.0864123957
-10.2159344751
-6.28272251309
-4.13752046435
-4.74067469163
-1.56914503593
1.28205128205
0.104821802935
-0.029757476566
2.79560036664
-1.33121111272
-4.0520984081
-2.33986545774
-2.09759650401
-5.36359693509
0.333914053426
0.71418160618
-0.102264426589
-0.0436808386721
2.02064896755
3.68809272919
2.38770332786
1.86011904762
1.28299660817
-1.73913043478
-2.23693892568
-2.85590026095
-4.2735042735
-2.72557739205
-2.12765957447
-4.43037974684
-1.70988885722
0.142653352354
-1.69228599633
0.198976691302
0.211416490486
-0.425652667423
-3.0562854377
-1.90897772859
-3.44449018801
-3.0737704918
-4.87245242273
-2.04551612029
-2.03279577178
-0.708543398283
-1.62612552076
0.229978354978
0.394396844825
4.42966317577
3.16277762159
6.95702170476
6.95991896976
6.38020833333
4.23366278212
4.3720657277
1.91913272781
-2.46965848151
-3.63864491844
-7.06059775158
-7.51696065129
-8.58443819472
-5.26737967914
-4.46190729888
-1.81720285368
-1.66777851901
-0.506329113924
-0.518685995478
-0.805918879641
0.229357798165
2.98158834845
1.55615696888
-1.80227243046
-2.05745341615
-2.16473072862
-5.83516625695
-4.82936252415
-2.22193844975
-2.90237467018
-4.90774444584
-4.76835879744
-4.25400739827
-3.10566691413
-0.412912912913
-0.4125
2.02388434947
0.682805710739
0.534892399552
-0.324270391619
0.0
-1.10641471905
-0.0868270900521
-1.71170069691
-0.186729739823
-1.23456790123
-3.04929492588
-1.9459985405
2.19917530926
0.0747477264233
1.33867133742
3.72546568321
0.574923547401
-2.78182701652
-1.31546594541
-5.70956706382
-7.13954028326
-6.0668734919
-5.41192692175
-8.57592446892
-3.13107073477
-0.18539976825
1.02147417295
0.857573299339
2.54725680037
-0.579413769598
-2.0875879283
-1.49782757832
-2.09893351486
-0.424652817629
2.39646347138
1.59059474412
0.528735632184
1.6023054755
0.914987259671
-1.35414275878
-0.777676120769
0.998374738797
-1.25213431986
-1.23541523679
3.18531675548
5.69321890487
5.01036206266
8.25631546519
4.18305327136
2.1778584392
0.853346336706
-1.94836241932
-3.40435662421
0.466954022989
-0.48163756773
-0.641957364341
0.734497290789
0.888675393299
-0.143472022956
-2.45478036176
-2.61854210899
-3.29529576153
-3.64498958574
-3.81784728611
-1.92374150443
-2.45081118398
-0.278680910358
0.9225738643
2.02980171301
1.79409005629
0.103662750518
-0.381723539618
-1.34792626728
-2.07950367647
-3.64930516326
-4.20390599139
-4.10427066001
-5.15734265734
-6.14621522536
-5.08310991957
-1.92619846337
-1.63666121113
0.0109277674571
2.895817153
4.9639801891
3.55221873599
1.85596799289
3.10985915493
-0.309700254397
-1.56232686981
-1.10815602837
-1.12087912088
-2.50466879051
-2.31226364127
-2.40077863091
-2.33766233766
0.319700143314
-0.502787189857
0.0324254215305
-0.772615087456
-0.420303912059
-3.76617865478
-3.13393329804
-1.41715503463
0.0751718213058
-1.33971291866
1.21335767207
-0.725247004415
-2.83673258101
-3.0
1.18343195266
-0.512765730157
2.49946132299
7.04865344121
7.53892685113
5.18275432839
8.30730070577
11.9392185239
9.64880301373
3.81439702291
5.00237642586
0.875350140056
-3.27773241572
6.51048407973
15.0983804042
20.0741903267
17.4181170344
17.7286459764
4.12398921833
0.214621059691
-3.94682746334
-0.58583106267
-1.18062152259
2.40132486889
4.28031892572
2.41403508772
0.768808347062
2.1627616803
0.792878008068
-2.53578732106
-3.45528455285
-5.95222724338
-5.19190325973
-2.56166982922
-4.65358117769
-4.36698198782
-1.00971370143
-1.246105919
-8.80098887515
-2.32351447435
-0.758744855967
2.30125523013
0.49569527785
7.55118319596
10.2309307208
9.90812720848
4.96843261049
4.75539764963
4.08191504082
-4.5041432772
-5.76718167288
-5.84130266219
-4.35237223892
-5.64042303173
-1.91400104877
-0.265674814028
8.29951014696
7.42768885145
4.0625
5.41735765616
1.10126242278
-5.47691493584
-6.3880126183
-3.92899099334
-3.75099760575
3.44540150042
3.05385139741
5.33019520975
4.94520547945
3.76811594203
0.671328671329
1.67729415026
-3.35830880385
-3.01580975156
-1.4419806829
-2.0279528638
-0.110772639158
2.62254565426
2.60359869138
0.864434687157
1.88468518777
3.0242510699
3.86480319452
3.82111519955
2.85069150437
2.46030610785
-1.42033469273
0.834052343975
2.43548854741
0.467886005955
-2.87579883301
-1.91724137931
-2.74125874126
0.627279358133
5.61545372866
5.71302687619
10.720830788
6.52562574493
-0.551283911214
-2.33986545774
-0.584026865236
-6.86957758498
-4.0320274521
-2.39308977627
-3.663003663
-5.36133757082
-3.68493150685
-4.54483417497
-5.09340142454
-4.416913547
-1.29569012548
-0.327689787002
-2.29363915189
0.242489559477
0.883032196712
-0.918918918919
-1.41337999731
0.996632996633
-3.52222511048
-4.61319165479
-4.63917525773
-5.19397651863
-4.25531914894
-3.2444668008
-2.56313131313
-2.13141631984
-2.8153292819
-3.09883793577
-0.500500500501
3.59712230216
1.44575230297
4.28091050181
2.05304769192
1.16455696203
-4.42555319415
-2.05513784461
-1.76597636895
0.127681307457
-0.365745995712
0.971976773542
3.71718221991
3.07752750131
4.44059207894
4.70091113165
2.96334806343
-0.142764438676
1.19268486615
0.45545880777
-0.118702189396
1.9342872284
3.85496697668
2.18009478673
-0.757777186918
-1.53246753247
-2.41758241758
-5.26114161665
-3.94120707596
-3.48986399795
-2.67947421638
-3.5536159601
-3.18951662752
-4.6626984127
1.29971406291
17.7556183956
19.8804185351
18.973378438
18.5011021308
12.2392414296
-2.24065182599
-5.52181895213
-3.87388661106
-3.611898017
-2.47545881349
-2.34441602728
0.411230856495
0.184135977337
-2.06686086836
-3.93603936039
-3.53618421053
-1.79640718563
-1.78074568726
-0.716154799614
2.85352825415
2.58717660292
0.842578289566
3.99305555556
2.71608431178
1.41126158232
-0.933277615267
-0.516904163174
-2.64788732394
0.127478753541
0.993377483444
2.77738010021
1.24469589816
-1.51199889028
-1.43794499511
-4.71879286694
-5.51873393751
-5.189754593
-1.62390829694
-4.16109178485
-2.7091952489
-2.38975442303
-1.37547943394
-3.52817272249
-1.83871815077
-1.18686535672
2.71223216707
3.74588364435
2.77364362062
1.95500803428
3.80561259411
1.43053645117
-1.47357036636
-2.53197942767
-0.0133886731825
-1.48347943358
-1.98193339625
0.352733686067
6.20448179272
3.00648186457
3.18675201781
4.17134831461
3.87542277339
-0.0419991600168
1.52618314198
-0.138966092273
-0.558659217877
-1.43075427143
-1.69281585467
-0.929393813289
-1.08591065292
-0.831024930748
-3.01764785127
-1.30399348003
-2.86984640259
-3.30940988836
-4.52261306533
-2.32894736842
-3.65135453475
-3.25860271116
-3.17848410758
-1.83045566662
-1.93548387097
0.13104442406
0.326925591735
2.68234672304
1.46206533193
0.168023781828
-1.8773305902
-1.65895061728
-3.92281325378
-3.76473570795
-0.373422611383
-0.448028673835
-1.74374526156
-1.5375
-1.1031716184
-1.32147395172
-1.62448054401
-0.901577761082
-0.435594275047
0.541971262919
-1.53884649068
-0.625703916907
-0.100075056292
-0.31017369727
-0.837395325584
0.364138623807
2.14751374153
3.92615704628
3.86597938144
1.6
0.441417581032
-1.96741854637
-5.10732790526
-1.99545339732
-2.41635687732
0.202198913181
2.04603580563
1.55349536457
3.21991917612
5.58681146147
5.94457089302
4.46166176863
5.12313973397
2.49866381614
2.06997863248
0.349321510144
1.09385550304
1.25350046673
0.241092954728
-0.570973310317
1.44473217936
0.216538097171
-0.38522848034
-13.7576527665
-10.6218846428
-16.5965670115
-16.3383152174
-14.6485260771
-3.97115917915
-6.0960659757
0.0796359499431
0.706955530217
-0.608519269777
2.51307709802
1.10422535211
-0.193028272965
-1.69263535478
0.112815884477
-0.124929017604
-0.860142984808
-1.13381230355
0.0112107623318
1.01424501425
1.30004601933
4.6527940145
3.96825396825
6.74964097654
0.308641975309
2.27085539475
2.55365064141
8.12720848057
0.966650555824
10.3430877901
0.556081400852
-0.501013956817
-7.72097356469
-3.57683793545
-5.60781045363
5.2684020426
5.31407035176
7.62000250658
2.45911424138
-2.76684417689
-4.5416716205
-7.28013977868
-7.84245784246
-4.7310360514
-1.70687300865
-4.12629659182
0.350672121566
0.83857442348
-0.621609403255
0.480219528928
1.59814707585
-2.1726700972
-2.17614218981
-1.22795266801
-3.3591160221
-4.95321959274
-2.86571142952
-5.46100818613
-2.01268868956
2.49150622877
0.854795737123
-0.276916260523
3.75502905677
4.3250028529
0.695632341202
5.08632757816
7.14455257536
5.54376032083
3.10624779386
0.642717778033
-0.614492753623
-5.59103641457
-6.33079217766
-6.7785455742
-5.90712742981
-8.16652470187
-2.12742625288
-3.62048770099
1.21003552398
1.36836343733
0.524456812587
-3.20560450058
3.56197617997
-2.10823733971
-3.23093220339
-1.75604626709
1.01865751662
0.721981561702
0.568306010929
1.30929383988
2.65544041451
0.322719449225
-4.77046752697
-1.75024159777
0.150472914875
-2.64817150063
-0.916648902153
-1.13980968315
-0.289079229122
1.7943107221
4.79022134126
2.86152834119
5.27300748569
4.60297905701
2.67355650416
-2.84583288756
-1.81916038751
-6.32154274518
-8.66407528642
-8.41563786008
-2.69623152197
-2.58991297054
-0.103018440301
2.04592901879
0.0102891243955
-0.8873297565
-0.563027838599
0.736820257368
-0.0208724692131
-0.256568144499
-1.68391154392
-5.36753823384
-4.32883240667
-4.69464889596
-4.91803278689
-3.26758904916
0.625496425735
-2.35579253514
-0.975081256771
-0.495193708127
0.751359367276
-1.16769698754
2.42279813325
1.63163163163
3.19639278557
2.05831903945
0.562462995856
-0.0297796307326
-2.56510289671
-3.83503565234
-3.18452671681
0.75561741897
1.14457831325
1.5048015048
3.20206841687
1.49712472734
-0.46511627907
-0.280336403684
0.367647058824
-1.90225343869
-4.90288515934
-5.58721853686
-6.96721311475
-5.92634137222
-5.38994000923
-5.65735634229
-6.03160667252
-4.74669505811
-7.16765012149
-5.86446568202
-1.21265377856
-0.965133466655
-1.30472854641
-0.962530079065
-1.18475274725
-3.18189552493
-1.58309087797
-3.99327448508
-0.008593280055
-0.597371565114
1.18801652893
0.533379215416
3.578892372
0.631269456935
-0.669661778418
-0.861995391312
-0.248862953746
-2.07214121259
-0.950749464668
0.82905982906
0.419952005485
-1.94378996971
0.643666323378
0.0
-0.238744884038
-1.76797440647
-1.01615858737
-2.74601452299
-2.1784666946
-1.44537815126
0.661016949153
0.907715582451
-0.456962445995
0.310976634729
-1.66101975043
-1.25523012552
1.91879390098
2.53876299199
-1.68567178979
-1.74569665476
-1.10072001986
-4.37418086501
-3.61307275415
-0.140275600297
1.77671266837
2.3116003387
2.64861683343
-0.00821085474998
-1.62350840166
-2.03205958549
-3.96812489836
-3.37964091315
-0.327359031017
5.82424190362
4.86458952373
3.77183360054
4.18994413408
4.06234031681
-1.4893797072
-0.110244233379
1.53358464702
1.31206586056
-0.0935931251595
2.74758716633
4.6875
0.430218551024
-1.50350536363
-1.37618528153
-3.97428404442
-5.63793247885
-3.37545726638
0.766022640225
3.44618055556
6.69933184855
4.56377014716
5.68491345224
0.988482035413
-1.37830665183
-3.71418768228
-1.88225182639
-2.8593376579
1.25326370757
0.274701691132
-1.53716216216
-3.12239800167
-3.4528224145
-6.27294232809
-2.50251088048
-5.24209683874
-0.964789313103
-1.46963299773
-0.688593648736
-1.67873601053
1.06770201407
-4.22524087822
-2.51701757163
-2.81080229903
-3.00127713921
-0.0161746866155
3.54923127249
4.6380652642
3.56327462492
0.958981384479
-2.75265434526
-4.64009982063
-5.53903927398
-2.19315734907
-1.32007952286
2.1531292681
4.5495311863
4.59901800327
-1.08858562751
-2.62505807651
-4.86854173036
-4.97404509181
-4.12678487369
-1.93393672159
-1.40479462513
-0.145004960696
-1.01993865031
-2.81357224552
0.591393665863
1.46409481757
2.11190773067
0.392639926091
1.61940182861
-0.902220851326
0.310824461885
0.124843945069
1.85853199498
0.749414519906
1.98977585529
1.60271593242
0.391665361115
0.0941915227629
0.0624902359006
0.355169692186
-1.23976608187
-0.66915655151
-0.16456390565
-1.14285714286
-2.32056125202
-0.334162262978
-2.25872689938
-4.38333583096
-4.05986072011
-3.38175046555
-3.87689549563
-1.62352237019
-0.986720083092
0.274868137583
-0.555555555556
0.0972035292358
-0.668846611177
1.71294898883
0.522739153163
0.536193029491
-2.18679148687
-1.05882352941
-4.33150447589
-4.12400658695
-4.26351062313
-1.42743854084
-0.541173029106
0.800465725513
0.44588277598
0.819436457734
-0.8435199085
-3.13119863984
-3.60549943883
-1.99464336059
-0.607272987069
0.640287769784
3.30796252927
4.44721224998
3.14794620138
1.20020244379
0.172960507351
-5.03197108702
-4.81868898187
-2.79151943463
-3.85791741971
-2.66554433221
1.28114881036
0.328832295529
-1.21474448478
0.989820989821
1.86495176849
1.47142857143
0.154158783547
-1.65465156196
-2.6581932486
-4.575207964
-5.4820415879
-3.08319185059
-0.769859653904
-0.644986081879
-1.02577945742
-1.06205330305
-0.935145317546
-0.548817670574
-0.520059435364
-0.195325655014
0.78088185796
-0.013453518095
-0.879785090665
0.121720313768
0.86277173913
1.17831358126
-0.315161268692
-1.20753715499
-0.858138911236
-3.45008526827
-2.61988459243
-1.35599947083
0.641025641026
-0.160642570281
2.56306760848
-0.534371289088
-2.70305058566
-3.69131832797
-4.70115455763
-5.85217556527
-4.88202811245
-3.9619259534
-3.12130085353
-2.7240009928
-1.71802054155
-0.679339358055
0.992509363296
0.394045534151
1.82599355532
1.00597296448
0.880226343917
0.401103033342
0.025025025025
1.22801407099
1.52559683391
2.60628346558
1.0448989931
0.807265388496
-0.191509735078
-1.79903466433
-3.61273473449
0.541194447982
0.481622306717
0.20469519606
1.74107142857
3.90902629709
0.692396461085
-0.120260775998
-0.812131209949
0.887916613049
-1.69588414634
-2.16395910431
1.34710372699
-0.139390483432
-2.78351160318
-0.756429652042
0.853997975708
-2.26332288401
-1.53471832304
-0.738855085061
-1.16503644633
-1.61199975104
-1.04231294205
0.306633291615
1.06042542511
-0.0933648699116
1.33711762851
1.9674827608
2.4358974359
0.0251051277223
1.8124207858
-0.96195889812
-3.61585365854
-6.84342529559
-5.53183920313
-7.08902496467
-4.33821332537
-2.35189044358
1.64491654021
1.30946660259
2.83361588762
0.637440615792
1.94233687405
-1.34139768848
-0.680109772104
-0.355957767722
3.10000620001
0.024285107158
2.93410589903
3.84734526981
1.09172969017
-1.3697792454
-0.573463720874
-2.8911768227
-4.35529746385
-1.95539077917
-2.60273972603
-1.66211563576
0.626430550536
-3.78563283922
-6.85641082767
-6.14344010286
-6.30179654041
-7.38591989289
-1.7807145257
0.441958041958
-0.0223551109372
-0.293921916593
-1.37544014085
-0.678531701891
-3.15327518015
-1.47568966467
-0.677499311484
0.899300544021
0.954519932622
2.28318093655
0.87763150586
1.91422476704
-0.491631221345
-0.0224542494667
0.144292136079
-0.0943396226415
0.519128766505
0.936715918595
-1.00033344448
-1.17369604563
0.300567739063
-1.07730951716
-1.59122085048
-0.547172939811
-0.0109679188374
-2.36400195642
-1.90549197832
2.12372520453
0.796657381616
2.28866326359
1.9615448551
-0.0109499041883
-3.14772603929
-1.77838577291
-3.75229456862
-2.57503778881
-2.34709153122
-3.42261124797
-2.8442317916
-1.05769230769
-0.782003213712
-1.5371657191
0.0367030201342
-1.13009198423
-1.15112472278
-1.55030584265
-0.549709439296
0.421229991575
-0.507269114109
0.424223141372
1.54752342704
-1.84985355326
-1.69772256729
-0.390686044694
-1.49394066026
5.50251398226
8.61751409276
5.0
4.02622737618
4.6749412215
-2.41468658691
-0.89058524173
2.33023747289
2.65910102359
2.04206885008
1.70451359686
3.93836600931
3.85837232138
2.73174077037
3.4695762614
-0.022422781546
-2.78895595797
-3.33333333333
-0.0114285714286
-0.545444106333
1.81496489926
2.02429149798
2.68317853457
-1.14111399842
-1.14648958511
-0.567504681914
-0.735835172921
-2.31307756931
-4.10098055149
-5.43180720305
-4.78223278937
-6.52380952381
-5.71866089344
-3.65866388309
-3.79034340305
-4.95608854193
-4.94392194337
-3.49571952711
-0.899968966587
1.09104197118
0.594131018806
2.99404299404
2.68969126112
0.0621053721147
-0.135543738922
2.60270341903
1.34922301554
2.55997423925
5.85657152249
4.33505575197
-0.201026292123
-0.894901144641
-3.67555831266
-4.61932382296
-6.02157133364
-4.66512003228
-4.11573958593
-3.29934013197
-4.30543054305
-1.63909698828
-2.28179981272
-1.28533438393
-1.49694701595
-2.08578143361
-2.41880090276
3.17282757919
1.95822454308
3.39069341208
3.48077215382
2.41181790775
0.290668026517
0.438751323819
-1.43022030411
-0.453926463913
-0.380418460306
-2.02348238821
-1.83663366337
-0.315157578789
0.445817923907
0.837876034726
-0.724170428054
-0.0593706708886
-1.00529886594
-3.01198899371
-2.87759203883
-0.909269635309
-1.46736216058
0.089219330855
0.384729209825
1.13033563036
0.787635607074
1.75603948609
1.16331544903
-1.41981911893
-0.850373574518
-2.64756944444
-2.9651022864
-6.48065650645
-4.49965172974
-5.84968530174
-3.98666481456
-4.71494748429
-2.50537191972
-2.2025431426
-1.6342695862
-2.23620478928
-2.08819831148
-1.03162752817
-0.434074877916
-0.072783514534
-0.270868132364
0.207002070021
-0.405569825605
0.0135666802333
0.424851530379
-0.512014372333
-0.688237397211
0.0631284664292
-4.75923852184
-5.61807441901
-4.43795871067
-1.96714129244
0.235028248588
7.38137082601
4.96469949312
7.3093220339
3.33665338645
2.70157359699
1.28823722303
2.99244896057
0.700338574278
0.853842290306
-2.86319776355
-3.21015642711
-3.50380065668
-3.81853057947
-2.24949787994
-1.86725663717
-2.43740599841
-0.69233517956
0.317730242549
0.308918338109
-0.0840001768425
-0.462331029017
-0.986245632657
-1.24624359201
-1.1418960786
2.14505057803
0.713968957871
1.48108253669
1.08103278835
0.168469586806
-1.80044345898
-0.7395017167
-1.45510835913
1.39505389981
2.16967885129
0.768612029672
0.340090985381
1.01867572156
-0.468848615995
-1.16398800197
1.37259343148
3.66758241758
3.77410979228
2.80391157251
5.31849686454
2.26535717595
1.72333488589
0.475170036337
0.353471931538
2.11362542128
6.12064303623
5.97759020682
3.43066396839
6.67824361201
5.62986319483
1.19397044923
-0.71551090419
-0.869316010699
-3.07766289974
-5.97714340362
-4.26727627756
-2.28426395939
-0.0191021967526
4.53425828181
3.82782246053
3.6019144422
3.06500172746
1.60609442477
-2.68564719695
-2.75672283107
-1.30989481885
-2.918064207
-2.28070175439
-3.03116550448
-2.15871516297
-3.15948316514
-0.552749452016
1.66305133767
0.476621705352
0.637003232554
1.99115044248
-0.11423131842
-0.91703682476
-1.06568585844
-1.93006993007
-2.75023386342
-2.12884893092
-2.54154447703
-0.679093293368
1.50482680295
1.12093837204
1.15446235039
0.859154929577
0.442186470976
-1.36756126021
-0.587737445928
0.212494687633
0.809314212693
1.11301369863
1.63180114795
0.676923076923
0.689425637124
0.859229557497
0.367594404927
1.45339044227
1.047546159
0.650842266462
0.100344036697
-0.588486545489
-3.01516919487
-2.69037423199
-3.4871368528
-3.44191196826
-2.1137229397
-0.883604737232
-0.324765704742
-0.225806451613
-1.94091299824
-2.9398503021
-2.92360892801
-1.07398568019
-1.45322434151
0.825654593559
0.235017626322
0.664556962025
-2.1819161354
2.52828607347
2.33404910839
3.63466042155
3.33551340746
5.55897824748
1.39747887257
0.970965309201
1.40590861594
1.59950638379
0.942403367777
0.641452057398
0.750308671289
0.114122681883
-0.349997635151
-1.63749294184
0.128455207193
-1.74505412467
-2.18604651163
-2.20629047179
-1.49710312862
-2.73034383822
-0.786964169984
-0.798228210215
-0.428314834431
0.535880708295
1.67984189723
0.600754435803
0.851558864588
1.33949407262
0.182064329396
-1.50623348936
0.210005600149
-0.912947251937
-0.321004884857
0.079424406653
0.526462914648
-1.38978370916
0.626362919315
-0.68841249307
-1.02196531792
0.355339442678
2.27807587311
0.522363695723
2.71937734327
2.03359441351
1.39856824539
-0.426489197169
2.09513832675
0.472057982071
-0.0235860182084
-0.406062609188
2.55707762557
-1.10661141458
0.967695344471
3.41984583862
3.67632661053
2.62924230466
6.04744069913
2.32019704433
-0.495145631068
-1.71758479673
-4.96460550373
-5.05879006258
-5.26414037708
-3.50384110924
-2.60531371538
-1.56891698583
-1.74229013323
-9.45277836467
-11.5768545748
-11.6461041649
-10.8079186731
-13.9742716307
-5.37406533648
-4.3576437032
-3.46508932497
-2.70692347736
-0.960508037309
-0.330782719592
1.44269410063
0.164131305044
0.0
0.836468422316
-0.29800929789
