117.38
113.56
111.12
112.19
108.62
113.44
111.50
108.50
104.38
107.19
111.81
110.50
107.06
107.00
103.80
101.00
102.44
99.89
98.12
97.62
98.50
102.44
102.06
104.38
106.81
106.44
109.44
103.89
104.88
101.23
99.75
99.25
98.50
100.00
95.12
93.50
94.25
94.69
90.25
91.75
89.62
91.81
94.75
96.00
96.12
93.81
95.31
99.56
97.62
98.62
94.56
95.94
95.25
98.75
96.75
102.81
106.81
112.62
107.77
103.62
105.19
106.19
106.00
94.44
91.56
88.25
87.88
87.00
88.62
85.12
82.12
80.88
79.12
74.25
76.50
81.44
78.62
67.25
68.75
70.00
67.44
70.75
72.88
72.81
70.38
70.31
70.25
70.94
70.19
67.75
66.62
68.44
69.00
69.56
68.88
68.06
65.38
65.12
63.88
63.12
64.56
62.06
62.44
63.64
64.38
66.00
66.02
68.19
69.25
71.56
69.62
69.00
66.75
69.81
70.81
72.62
72.56
73.88
77.00
81.38
79.94
77.50
79.25
79.00
78.25
77.06
79.69
79.88
78.88
81.27
80.69
78.81
78.25
78.81
79.50
78.25
77.62
76.06
73.44
74.75
72.06
70.81
69.06
67.88
70.94
70.19
69.94
68.56
68.19
69.44
70.19
70.06
73.75
73.81
72.44
72.31
72.00
71.88
71.12
71.12
70.69
70.81
70.81
70.62
70.69
70.19
71.19
70.69
70.88
70.00
70.00
70.06
70.00
70.38
69.12
68.75
67.56
68.69
65.44
64.25
63.62
64.88
64.00
61.12
63.25
60.94
63.44
60.81
61.00
60.50
59.56
56.38
55.50
55.81
55.62
53.94
54.00
56.31
53.88
53.50
51.88
49.62
58.44
61.31
64.62
62.62
61.94
61.00
64.69
67.50
69.00
68.50
70.38
69.25
68.69
69.75
71.12
68.50
69.94
66.69
68.00
69.06
69.44
69.44
68.12
67.38
66.06
69.00
71.44
69.38
66.81
62.00
58.06
57.25
59.19
60.00
53.44
54.62
55.50
57.81
60.50
57.94
51.05
49.00
47.44
42.81
40.75
44.75
46.88
46.12
45.12
43.94
44.12
43.19
47.81
48.50
48.94
50.00
51.00
53.00
54.88
53.38
53.62
53.69
60.00
60.75
59.75
61.00
62.75
61.00
63.56
64.50
63.00
60.81
62.50
60.75
62.06
62.00
63.75
61.31
58.81
59.62
57.62
59.00
57.00
57.38
55.25
56.31
54.44
57.62
59.38
59.56
58.56
57.50
57.25
58.62
59.88
60.31
57.94
54.69
52.19
52.50
55.31
52.50
54.50
54.56
52.25
50.56
54.94
57.12
56.06
57.38
55.38
55.75
54.81
55.31
53.38
53.75
56.38
56.57
57.95
60.65
59.56
61.40
60.52
63.39
65.81
70.30
68.11
68.20
67.57
70.07
69.53
68.53
67.66
71.00
69.25
68.00
70.83
71.75
71.24
71.13
69.96
69.13
68.74
67.70
69.10
67.69
68.05
69.45
70.39
69.94
71.66
70.80
69.56
69.49
69.60
70.55
70.76
72.89
72.12
73.70
72.85
71.02
72.05
70.22
67.51
67.95
68.21
67.14
69.15
70.00
69.10
67.82
69.86
71.55
72.60
72.05
70.30
70.22
68.30
66.20
65.90
64.21
70.70
71.40
71.45
70.66
70.60
71.22
68.03
69.24
67.00
66.26
67.12
66.05
65.65
66.01
66.80
67.21
67.30
66.53
66.04
66.51
64.98
64.77
65.24
65.75
64.71
62.84
63.78
61.66
62.70
61.13
60.67
59.60
61.90
62.34
61.05
59.04
56.85
57.19
56.18
56.56
56.11
54.92
54.02
53.41
54.46
52.35
47.92
50.65
52.27
51.51
50.10
49.62
50.94
51.63
52.48
56.92
56.16
56.80
57.50
53.60
55.76
55.70
55.90
57.87
59.12
56.34
57.40
57.90
60.47
60.50
60.61
62.32
62.10
58.92
59.30
60.08
61.93
61.86
62.70
64.22
64.46
64.34
64.70
66.80
68.23
66.10
66.36
66.25
66.45
64.36
64.38
64.99
64.79
63.17
63.12
64.66
63.83
65.00
66.49
67.98
68.25
67.52
67.66
67.16
67.13
66.02
67.17
68.92
68.62
69.15
68.01
67.72
67.42
67.98
68.23
67.84
66.65
67.11
69.25
69.75
68.69
69.72
68.48
69.52
68.30
68.66
68.85
68.53
67.10
66.61
64.05
64.10
64.19
64.23
63.90
62.45
63.06
64.15
62.40
60.80
61.61
60.30
60.12
60.01
60.49
60.26
62.00
61.70
59.91
59.40
59.72
58.05
57.94
59.10
59.07
58.78
59.05
61.24
63.00
62.91
63.67
63.63
63.51
62.52
62.08
62.14
61.00
62.74
62.18
61.40
60.21
61.05
60.48
59.10
58.80
59.95
59.83
58.90
57.44
55.98
56.89
54.30
57.33
55.12
55.89
55.15
56.00
56.40
57.95
56.79
57.44
56.52
55.70
53.85
52.90
54.07
51.47
52.10
52.16
52.64
51.26
49.44
49.18
51.27
54.40
52.53
50.45
54.40
54.49
54.71
56.21
55.50
53.95
51.87
53.70
54.14
53.59
51.65
51.64
52.90
50.99
49.50
50.43
51.50
49.89
51.65
53.24
52.58
54.84
53.15
55.66
55.53
55.47
54.37
53.40
52.09
54.70
51.05
54.60
54.55
54.12
52.38
51.24
53.09
54.41
53.31
53.69
52.04
53.37
51.39
51.31
52.52
52.06
49.87
48.95
46.49
41.75
45.45
43.74
46.85
47.55
47.61
47.58
45.51
44.29
44.90
47.00
47.11
48.15
47.61
47.99
47.25
49.96
49.43
50.04
51.38
51.56
52.85
52.66
52.50
52.33
50.48
48.89
50.14
48.52
47.45
47.50
47.75
47.25
48.54
50.23
48.15
46.90
47.60
48.67
46.72
46.68
47.71
46.60
44.83
46.40
47.11
46.04
44.87
44.32
46.10
45.30
45.39
43.81
44.75
44.23
44.00
47.36
48.25
51.26
50.39
52.28
52.60
51.97
51.43
51.43
53.36
51.25
53.40
52.15
52.20
53.19
52.43
56.75
55.78
56.99
56.20
56.00
55.07
54.10
54.24
55.99
56.60
56.95
55.55
55.01
56.98
57.45
58.06
57.64
57.60
58.43
58.65
57.28
56.13
56.95
54.87
55.00
53.56
53.85
55.00
53.68
53.00
54.42
53.84
53.25
53.49
53.05
53.54
54.03
53.28
53.01
52.74
52.30
53.59
54.02
54.92
55.37
54.72
55.10
56.52
56.33
57.00
56.32
52.94
51.87
51.59
51.95
52.03
49.32
49.69
48.73
50.16
47.45
47.93
47.80
47.83
46.86
47.88
46.80
47.30
46.55
46.41
47.25
24.62
24.82
24.77
24.29
24.44
23.54
24.07
23.90
23.74
24.02
23.58
23.07
23.17
22.95
23.31
23.06
22.81
23.72
24.68
24.52
25.89
25.98
26.02
26.75
25.55
25.60
25.46
24.94
24.67
24.25
24.46
25.10
25.99
25.76
26.23
25.31
25.61
24.71
24.89
24.27
24.68
25.60
24.77
25.61
25.06
25.75
25.48
25.33
25.39
25.95
25.73
25.54
25.65
26.25
25.86
26.11
25.75
25.90
26.15
26.04
26.08
25.85
25.88
25.40
24.86
24.63
24.20
24.20
24.25
24.78
24.47
24.73
24.98
24.75
24.99
24.47
24.44
23.72
23.94
24.67
24.97
25.20
24.80
25.64
25.98
26.09
26.34
26.14
25.65
25.64
25.39
25.95
25.94
25.59
26.50
26.69
27.02
27.26
27.56
27.25
26.95
27.63
27.47
27.56
27.14
27.11
26.87
26.28
26.42
26.78
26.28
26.94
26.88
26.46
26.60
26.33
26.15
26.31
25.54
25.72
25.88
25.61
25.71
25.79
25.66
25.61
25.56
25.85
26.30
26.65
26.78
26.31
26.31
26.51
26.50
26.46
26.70
27.42
28.10
28.23
28.39
28.65
28.03
27.66
27.48
28.37
28.41
28.76
28.49
29.76
29.39
29.12
29.61
28.47
28.27
28.41
28.59
28.03
28.45
29.16
29.15
29.01
29.36
29.22
28.91
28.98
28.66
29.20
28.91
29.28
28.95
29.35
29.03
28.72
27.27
26.91
27.09
27.16
27.01
26.37
26.35
26.59
26.15
26.26
26.38
26.12
26.01
25.85
25.86
25.70
25.39
25.33
25.29
25.17
25.33
25.33
25.87
25.61
25.50
25.90
25.95
25.82
25.72
25.96
26.12
26.44
26.45
26.59
26.69
27.05
26.83
27.04
27.10
27.49
27.16
27.17
27.14
27.05
27.21
27.41
27.42
27.58
27.73
28.19
28.17
28.39
28.03
27.67
27.55
27.52
27.55
27.71
27.98
28.13
28.36
28.28
28.49
28.64
28.30
27.81
27.84
27.61
27.40
27.22
27.06
27.03
27.19
26.87
26.97
27.09
26.98
26.72
26.90
26.92
26.66
26.73
26.61
26.90
26.59
26.47
26.63
26.61
26.35
26.33
26.23
26.31
25.80
25.65
25.18
25.38
25.30
25.26
25.25
24.96
24.77
24.48
24.65
24.38
24.60
25.11
25.25
25.21
25.20
24.95
25.48
25.81
25.77
25.74
25.82
25.48
25.68
25.39
25.53
25.33
25.08
25.65
25.36
25.51
27.40
27.45
27.16
27.01
26.51
26.59
26.19
26.35
26.32
26.16
26.03
25.63
26.09
25.87
25.82
26.00
25.47
25.70
26.03
25.75
25.97
26.05
25.71
25.99
26.16
26.14
26.13
26.12
26.05
26.03
26.02
26.28
26.40
26.38
26.55
26.99
27.34
27.31
27.77
28.22
28.15
28.20
28.48
28.48
28.60
28.18
28.57
28.70
28.62
28.32
27.67
27.88
27.78
27.67
27.91
27.40
28.05
28.18
27.62
28.00
29.89
29.07
28.38
28.36
28.70
28.34
28.78
28.45
28.27
28.38
28.01
28.16
27.38
27.26
27.30
27.39
27.23
27.01
27.03
27.22
26.93
27.35
27.13
27.27
27.40
27.21
27.46
27.50
27.30
27.29
27.23
27.40
27.46
27.29
27.30
27.30
27.34
27.53
27.37
27.36
27.22
27.39
27.44
27.45
27.28
27.19
27.39
27.17
27.21
27.26
27.59
27.82
28.44
28.15
28.39
28.54
28.10
28.20
27.83
28.19
28.04
27.97
28.07
28.53
28.22
28.81
28.30
27.67
27.71
27.86
28.11
28.12
28.16
28.26
28.65
28.38
29.21
29.18
29.43
29.92
29.89
30.16
27.34
27.33
27.25
27.13
27.03
26.75
26.52
26.62
26.56
26.64
26.75
26.95
27.27
27.16
27.10
27.26
27.01
27.13
27.08
27.10
27.05
27.22
27.15
27.00
27.01
27.00
26.84
26.87
27.01
26.85
26.85
26.89
26.75
26.80
26.87
26.84
26.85
26.82
26.60
26.69
26.77
26.68
26.40
26.03
26.21
25.84
25.95
25.76
25.76
26.07
25.95
26.54
26.35
26.25
26.42
26.37
26.17
26.27
26.19
26.25
26.10
26.03
25.93
26.00
25.87
25.71
25.64
25.25
25.24
25.18
25.33
25.22
25.19
25.19
25.30
25.21
25.17
25.40
25.39
25.43
25.45
25.08
25.10
24.82
24.64
24.53
24.35
24.19
23.99
24.24
24.40
24.14
24.04
24.25
24.24
24.11
24.22
24.47
24.66
25.07
25.03
24.92
25.23
25.01
24.58
24.45
24.71
24.66
24.48
25.05
25.07
24.95
24.66
24.82
24.88
25.23
25.13
25.34
25.20
25.33
25.23
25.04
24.89
24.84
25.03
25.23
25.31
25.50
25.75
25.88
25.74
25.80
25.68
25.75
25.83
25.99
25.73
25.71
25.70
25.38
25.33
25.55
25.40
25.49
25.36
25.31
25.40
25.22
25.27
24.98
25.08
25.11
25.17
25.22
25.07
25.09
25.22
25.06
24.85
24.66
24.97
24.58
24.64
25.15
25.24
25.53
25.79
26.04
25.71
25.79
26.00
26.30
25.99
25.69
25.72
25.61
25.75
25.78
25.81
25.90
26.76
27.16
27.29
27.80
27.22
27.41
26.98
27.08
26.98
27.03
26.82
26.89
26.85
26.79
26.84
26.84
26.90
27.06
26.81
27.06
27.17
27.38
27.21
27.06
26.94
26.80
26.62
26.62
26.54
26.52
26.37
26.34
26.09
26.07
25.80
25.49
25.31
25.40
25.37
25.39
25.61
25.91
25.71
25.36
25.04
24.66
24.77
24.67
24.51
24.49
24.31
24.71
24.68
24.49
24.56
25.05
24.91
24.89
24.95
24.97
25.22
25.10
25.61
25.61
25.93
26.60
26.53
26.72
26.94
26.98
26.94
27.15
27.36
27.33
27.48
27.85
28.12
28.07
28.06
27.92
27.80
27.79
27.79
27.68
27.73
27.82
27.93
27.90
27.67
27.71
27.71
27.70
27.29
27.00
27.08
26.88
26.82
26.76
26.87
26.71
26.52
26.68
26.51
26.41
26.15
26.25
26.77
26.96
26.89
26.93
26.65
27.01
27.25
27.03
26.90
26.74
26.87
27.01
26.41
26.34
26.41
26.56
27.23
27.82
27.91
27.96
27.97
27.48
27.51
26.95
27.01
26.96
26.62
26.63
26.41
26.60
26.85
26.67
26.72
26.53
26.73
26.59
26.75
26.95
26.98
27.02
26.81
26.92
26.90
26.99
27.27
27.06
27.18
27.04
27.20
27.34
27.35
27.70
27.74
27.08
27.08
26.71
27.01
27.01
26.95
27.03
27.30
27.67
27.60
27.88
27.66
27.61
27.23
27.29
27.10
27.08
27.03
26.94
27.11
27.05
27.05
27.07
27.09
27.08
26.97
24.23
24.32
24.49
23.99
23.35
23.66
23.85
23.75
23.67
23.71
23.14
23.10
23.16
22.89
22.84
22.79
22.48
23.11
22.99
23.57
23.77
23.55
23.26
22.74
22.87
22.72
22.55
22.15
22.03
22.15
21.96
21.73
21.59
22.01
21.97
22.14
22.54
22.61
23.06
22.85
22.65
22.89
22.96
23.32
23.54
23.53
23.48
23.45
23.39
23.43
23.37
22.79
22.37
22.28
22.29
22.59
22.82
23.44
24.08
24.01
24.00
24.12
24.58
24.08
24.07
24.02
24.12
24.19
24.40
24.28
24.39
24.49
24.37
24.43
24.52
24.55
24.61
24.70
25.05
25.66
26.01
25.65
25.82
25.71
25.84
25.92
25.85
25.87
25.89
25.69
25.51
25.48
25.53
25.43
25.90
25.82
25.99
26.58
26.74
26.74
27.01
27.24
26.83
26.81
26.91
27.18
27.47
27.35
27.32
27.37
27.39
27.92
27.76
27.80
27.69
27.46
27.58
28.34
28.48
28.24
28.50
28.35
28.48
28.30
28.43
28.28
28.33
28.49
28.35
28.66
28.78
28.71
28.85
28.77
28.86
28.78
29.11
29.17
29.19
29.28
29.13
29.14
29.31
29.52
29.91
29.97
29.66
29.69
29.34
29.44
29.42
29.23
29.23
29.36
29.10
28.96
28.82
29.19
29.56
29.60
29.54
30.14
30.19
29.71
29.99
30.13
29.83
29.53
29.99
29.86
29.86
29.91
29.70
29.63
29.65
30.00
29.80
29.76
30.65
31.26
31.26
31.15
30.73
31.06
30.63
30.78
31.08
31.22
30.65
30.57
30.41
30.84
30.82
29.97
29.59
29.64
29.24
29.35
28.89
29.04
29.17
29.58
28.91
28.63
28.75
29.31
29.22
28.96
28.71
27.95
27.82
28.02
27.49
27.80
27.76
27.72
27.42
27.18
27.25
26.82
27.32
27.35
27.34
27.93
27.90
28.52
28.22
27.94
28.04
27.58
27.84
27.75
27.89
27.86
28.01
28.32
28.58
28.50
28.30
28.06
28.43
28.60
28.63
28.61
28.34
28.98
28.96
28.79
28.86
29.09
30.17
30.13
29.94
30.39
30.60
30.68
30.52
30.68
30.70
30.68
30.57
30.84
30.90
31.00
31.03
30.97
30.73
30.90
30.84
30.54
30.28
30.49
30.55
31.12
30.79
30.42
30.62
30.37
30.02
29.58
29.94
29.96
29.97
30.35
30.86
30.69
30.48
30.44
29.98
30.00
29.47
29.55
29.36
29.86
29.87
29.67
29.79
30.05
29.91
29.86
29.70
29.24
29.56
29.94
29.76
30.02
30.51
31.05
31.15
31.36
31.01
30.99
30.24
29.93
29.41
29.71
28.95
29.19
29.45
29.05
29.33
29.72
29.64
28.90
28.94
28.77
28.24
27.88
28.09
28.18
28.10
28.27
28.28
28.21
28.61
28.30
28.13
28.42
28.70
28.50
28.65
28.56
28.62
28.67
28.63
28.81
29.12
28.98
28.79
28.70
28.87
28.48
28.69
28.81
29.14
29.68
29.70
29.49
29.46
29.70
29.71
29.56
29.89
29.66
30.03
30.04
30.30
30.03
30.10
30.24
30.75
31.22
31.09
30.12
30.71
30.85
31.57
36.01
34.85
34.37
35.52
36.53
37.22
36.76
36.59
36.04
35.60
34.18
33.32
33.54
34.62
33.76
33.86
33.96
34.23
34.40
34.36
34.09
33.27
33.38
33.58
33.92
33.50
32.74
33.14
34.26
34.61
34.64
34.73
34.61
34.48
35.05
35.03
34.64
34.69
35.29
35.90
36.13
36.41
36.35
36.10
35.90
35.79
35.22
35.19
34.55
34.71
33.36
34.35
34.14
34.46
34.03
33.42
33.54
33.16
31.54
31.48
32.35
34.90
33.02
32.85
32.56
31.91
31.06
30.49
29.91
29.28
28.34
28.29
28.52
28.43
28.62
28.88
28.31
28.80
28.15
28.62
28.24
27.65
27.74
28.19
28.02
27.69
27.24
27.02
27.75
28.06
27.34
27.83
28.40
29.43
28.54
28.72
27.30
28.67
29.38
28.74
29.33
29.33
29.03
28.48
28.23
27.88
28.83
29.57
29.00
29.13
29.55
28.94
28.72
28.83
28.87
28.24
28.12
28.57
29.12
30.01
30.19
30.64
30.45
31.63
30.05
29.80
28.80
28.74
28.50
29.59
29.93
29.00
29.69
29.28
29.21
29.40
30.00
29.89
29.98
30.47
29.87
29.30
28.81
28.28
28.26
28.11
28.56
28.21
28.38
28.24
27.91
27.28
27.72
27.99
27.65
27.36
27.85
27.40
28.63
29.02
29.04
28.55
28.55
28.90
28.30
27.92
27.81
28.03
27.68
27.73
27.27
26.90
25.97
26.11
25.93
25.79
25.20
25.16
25.48
24.93
26.13
27.58
26.36
25.66
25.54
25.86
26.09
25.64
26.06
25.52
26.20
25.85
25.92
25.39
25.64
26.73
26.90
27.35
27.86
27.78
28.07
27.82
27.98
27.78
27.54
27.54
27.10
27.23
27.61
27.58
27.34
27.61
27.68
27.67
27.00
26.74
26.03
26.21
26.20
26.52
26.10
27.14
26.92
26.09
25.73
24.80
26.37
26.22
25.66
25.58
25.82
26.17
26.94
25.77
26.38
26.18
26.37
25.63
24.98
22.90
23.77
21.79
22.86
25.64
23.78
22.94
23.57
24.20
24.30
23.04
21.55
21.06
21.67
21.64
23.13
23.69
22.53
22.48
23.13
23.33
21.87
21.32
21.85
21.29
20.89
20.15
20.56
19.74
19.50
19.63
18.12
18.02
19.89
20.86
19.73
20.23
19.88
18.99
18.65
19.40
18.91
20.35
20.62
20.82
20.11
19.15
19.34
19.21
19.81
19.86
19.42
19.24
19.28
19.26
19.20
19.15
19.01
19.31
19.53
20.20
20.75
20.19
19.63
20.17
19.71
19.52
19.53
19.07
19.63
19.46
18.87
18.05
16.97
17.29
17.78
17.80
17.78
17.74
17.03
17.85
18.54
18.51
19.16
19.64
19.25
18.94
18.97
19.27
18.49
18.22
18.30
17.77
18.02
17.03
17.01
17.05
16.29
15.96
16.03
16.12
15.86
15.35
15.20
15.37
16.63
17.01
16.98
16.82
16.32
17.03
17.37
17.32
17.37
18.04
17.98
18.17
18.54
17.74
17.83
18.23
19.50
19.13
18.54
18.76
18.97
19.45
19.69
19.44
19.21
19.16
19.69
18.89
18.59
18.76
18.92
19.82
20.55
20.25
20.11
20.60
20.19
20.37
20.14
20.06
19.96
19.46
19.20
19.51
19.92
19.83
20.13
20.36
20.51
20.41
20.14
19.93
19.54
20.25
20.32
20.56
21.00
21.36
21.31
21.77
21.96
21.98
22.06
22.17
22.59
22.90
23.23
23.47
23.50
23.62
24.04
23.95
23.38
23.45
23.43
23.57
23.60
23.97
24.05
23.76
23.21
23.08
22.31
22.65
22.19
22.42
23.20
23.75
23.93
24.40
24.44
24.69
24.70
24.93
23.61
23.44
22.99
23.73
24.20
23.77
23.82
23.68
23.84
23.93
23.75
23.46
23.32
23.13
23.63
23.62
23.32
23.29
23.25
23.60
23.93
24.41
24.60
24.59
24.41
25.07
24.57
24.35
23.82
23.91
24.09
24.62
24.74
24.80
24.93
24.65
24.97
25.25
25.06
25.46
25.11
25.40
25.92
25.92
25.69
25.60
25.91
25.76
25.41
24.46
24.98
24.68
24.99
25.44
25.57
25.66
25.59
26.14
25.90
26.45
26.49
26.42
26.46
26.56
29.20
28.13
28.73
28.24
28.07
28.03
27.70
27.64
27.69
28.52
28.38
28.62
28.90
29.08
29.01
29.47
29.61
29.50
30.00
29.99
29.66
29.84
29.95
29.81
29.11
29.15
29.52
29.90
29.84
30.05
29.78
29.52
29.47
29.71
29.97
29.91
29.89
30.07
29.95
29.84
30.40
30.60
30.71
30.88
31.00
31.35
31.15
30.98
30.62
30.85
30.88
30.63
30.28
30.71
30.15
30.26
30.31
31.08
30.75
30.81
30.61
30.00
29.24
29.20
29.35
29.84
29.90
28.39
28.37
28.26
28.38
28.00
28.01
27.97
28.03
27.93
27.81
28.13
28.53
28.59
28.79
28.84
28.68
28.52
28.27
28.65
28.77
29.08
28.51
28.46
28.66
28.52
28.56
28.86
28.89
29.32
29.18
29.42
29.50
29.63
29.76
29.50
29.59
29.72
29.83
30.09
29.71
29.63
29.64
29.35
29.13
29.15
29.16
29.32
29.95
30.25
30.15
30.79
30.82
30.79
30.77
31.22
31.33
31.04
31.12
31.00
30.95
30.92
30.93
31.07
30.67
30.52
29.77
29.59
28.93
29.01
28.68
28.98
29.26
29.20
29.12
28.87
28.52
27.65
26.63
26.85
25.65
26.23
25.73
25.84
25.53
26.06
26.55
26.10
25.82
25.25
25.22
25.13
25.04
25.86
25.75
26.47
26.56
26.37
26.78
26.16
25.78
25.46
25.05
24.51
24.13
23.30
23.09
23.36
23.70
23.82
24.60
24.33
24.43
25.14
25.50
25.50
25.51
24.96
24.86
25.60
25.51
25.84
25.86
26.14
26.07
26.13
25.75
25.99
26.20
26.15
25.49
25.18
25.55
25.33
24.68
24.42
24.35
24.36
24.71
24.68
24.62
24.31
24.44
24.09
24.00
24.09
23.88
23.74
23.60
23.67
23.88
24.24
24.10
24.07
24.19
23.98
24.20
25.04
25.10
25.06
25.40
25.28
25.42
24.89
24.51
24.64
24.85
24.80
24.63
24.61
24.77
23.96
24.06
24.32
24.62
24.62
24.74
24.65
25.02
25.29
25.36
25.59
25.27
25.26
25.40
25.52
25.24
25.12
25.79
26.21
27.15
26.88
27.06
27.46
27.41
27.17
26.68
26.81
27.01
26.68
26.47
26.33
26.04
25.90
25.71
25.80
25.65
25.57
25.20
25.21
25.19
25.05
25.57
26.24
26.81
26.93
27.08
26.83
27.28
27.19
27.27
27.31
27.53
27.76
27.92
27.95
27.85
28.01
27.97
28.12
27.97
27.94
27.92
27.80
28.05
27.94
27.90
28.04
28.64
28.26
28.20
28.12
28.33
28.08
28.16
28.46
28.50
28.40
28.02
28.14
28.51
28.75
28.90
27.77
27.80
27.93
27.97
27.70
27.80
28.10
28.19
27.93
27.76
27.21
27.04
27.05
26.97
27.13
26.78
26.53
26.64
26.91
26.69
26.60
26.11
26.26
26.22
26.13
25.77
25.81
25.62
25.41
25.49
25.08
25.22
25.06
25.06
25.18
25.30
25.23
25.60
25.93
25.66
25.34
25.60
25.60
25.53
25.45
25.82
25.98
26.19
26.17
26.19
25.83
25.65
25.42
25.46
25.10
25.00
25.54
25.79
25.56
25.74
26.30
26.46
26.55
25.94
25.60
25.85
26.05
26.07
25.80
25.38
25.65
25.35
25.28
24.96
24.40
24.53
24.85
24.72
24.21
24.20
24.17
24.35
24.68
24.96
24.99
24.49
24.05
23.89
24.09
23.90
24.01
24.02
23.79
24.30
24.00
23.75
24.22
24.17
24.52
24.60
24.44
24.51
24.23
25.30
25.71
25.74
25.93
26.10
25.97
26.49
26.54
26.62
26.55
26.60
26.62
26.47
26.63
26.81
27.28
27.04
26.86
27.26
27.82
27.88
27.29
27.52
27.51
26.98
26.83
26.53
25.97
25.02
24.71
24.95
24.50
25.13
25.24
25.22
25.25
24.57
24.41
24.42
24.03
24.65
25.08
24.51
25.53
25.73
26.29
26.46
25.78
25.20
25.69
26.00
26.00
25.44
25.92
26.17
26.73
27.05
26.80
27.31
27.05
25.30
24.90
25.19
25.66
25.93
25.98
25.20
24.72
24.30
25.42
25.90
26.34
26.58
26.86
27.18
26.76
27.31
27.11
26.94
27.37
27.26
27.15
27.06
27.08
27.03
27.13
27.14
26.76
26.19
26.10
26.24
26.38
26.21
27.01
26.59
26.47
26.58
26.88
26.56
26.47
26.01
25.48
25.24
24.89
24.61
24.38
24.94
24.82
25.37
25.56
25.59
25.78
25.81
25.67
25.48
25.52
25.41
25.75
25.72
25.72
25.67
26.02
25.86
26.01
25.82
25.91
25.96
26.11
25.95
26.00
26.55
26.82
27.38
27.53
28.05
27.93
27.43
27.87
27.93
28.40
28.31
28.16
28.82
29.55
29.47
29.07
29.61
29.45
28.97
29.66
29.79
29.90
30.14
30.04
30.15
30.26
30.68
30.64
30.63
30.33
30.33
30.31
31.20
31.18
31.45
31.20
31.48
31.24
31.41
31.89
31.93
32.31
32.01
31.54
31.67
32.04
32.10
31.97
32.24
32.53
32.79
32.91
32.54
32.10
31.96
31.81
32.10
32.19
32.65
32.52
32.06
32.40
32.22
32.16
31.66
31.15
31.22
31.06
30.43
30.48
30.89
30.99
31.27
31.28
31.13
32.15
32.31
32.21
31.92
32.12
32.12
31.98
32.05
31.85
31.88
31.45
30.70
30.48
30.19
30.86
30.69
30.82
30.64
30.31
29.99
29.79
29.10
29.69
29.35
29.16
29.20
29.38
29.35
29.30
28.76
28.62
28.51
28.88
29.64
29.21
29.73
29.10
29.22
29.33
29.59
29.99
30.19
30.93
30.96
30.30
30.30
30.00
30.19
29.98
30.45
30.62
30.23
30.59
30.61
30.12
30.08
29.71
29.15
28.76
29.48
29.64
29.60
30.51
31.00
29.57
29.24
29.24
29.23
29.48
29.75
29.48
29.59
29.21
29.53
30.00
30.07
30.21
30.39
30.50
30.35
30.30
30.11
30.36
30.92
30.82
30.76
30.59
30.39
30.25
30.93
30.70
30.65
30.53
30.60
30.45
30.22
30.50
31.04
30.83
30.69
30.94
30.89
31.01
31.19
31.10
31.09
30.95
31.43
31.00
30.95
30.28
30.17
30.18
29.81
29.68
29.75
29.97
30.23
29.64
29.68
29.15
29.22
28.97
29.37
29.45
29.30
29.65
29.05
28.73
27.77
28.16
28.19
27.86
28.55
28.84
29.59
29.62
29.82
29.53
29.12
28.88
28.94
27.02
27.24
26.88
26.67
26.80
26.76
26.71
27.23
27.54
27.36
27.01
27.11
27.05
26.78
26.50
26.38
26.81
26.82
26.56
27.05
27.53
27.32
27.11
26.79
27.25
27.69
27.36
27.45
27.20
27.03
26.89
26.71
26.59
27.25
27.63
27.27
26.77
26.75
26.72
26.65
26.49
26.90
26.83
27.15
27.19
27.10
27.30
27.20
27.70
27.58
28.01
27.82
28.01
27.79
27.67
27.87
27.62
27.38
27.35
27.35
27.65
27.88
27.93
27.92
28.04
27.88
28.13
27.74
27.68
27.97
27.38
27.42
27.88
27.72
27.85
28.29
28.21
28.11
28.25
27.94
27.84
27.87
28.00
28.03
27.88
28.12
28.34
28.11
28.19
28.30
28.24
28.14
28.32
28.64
28.59
28.75
28.39
28.22
28.73
28.73
29.57
29.10
28.85
28.65
28.90
28.85
28.95
29.62
30.30
30.70
30.62
31.71
31.90
31.80
32.56
32.93
32.63
33.23
33.42
33.65
33.07
32.85
32.67
32.61
32.86
33.45
33.64
34.13
34.73
35.10
34.79
34.23
33.92
34.42
34.74
34.85
34.82
34.92
35.62
34.60
34.84
35.25
35.51
35.05
35.14
34.99
34.55
34.69
34.97
34.96
34.26
33.66
32.94
34.08
34.12
34.52
34.38
34.75
34.41
33.66
34.09
34.35
34.58
34.34
35.00
35.58
35.66
36.01
36.34
35.72
32.40
31.70
31.91
32.04
31.62
31.26
31.47
31.78
31.97
32.06
31.69
31.90
31.55
31.54
32.24
32.77
32.46
32.51
32.14
32.00
31.79
31.76
31.44
31.61
32.19
35.17
34.40
33.52
33.39
32.93
33.37
31.75
31.39
31.10
31.31
31.22
31.90
32.57
32.72
32.77
33.38
33.42
32.99
33.48
33.41
32.54
32.87
32.49
32.64
32.88
33.00
33.35
33.36
33.88
33.69
33.60
33.31
33.07
33.31
33.68
33.90
34.67
34.60
34.45
34.82
34.98
35.02
34.35
33.82
35.88
35.61
35.63
35.53
35.66
35.67
35.59
35.79
37.24
37.96
37.67
37.69
37.38
36.98
37.87
37.95
37.35
36.85
36.92
37.27
37.53
37.93
37.57
37.57
37.82
38.09
38.14
38.21
38.85
38.42
38.56
38.61
38.06
37.64
37.42
36.73
36.94
36.36
36.51
36.20
36.81
36.72
37.20
37.58
37.22
37.40
37.35
37.20
36.85
36.33
36.00
35.88
35.90
35.99
34.73
35.90
36.69
36.83
36.82
36.26
36.09
37.45
36.87
36.12
35.98
36.79
36.95
37.74
36.97
36.29
35.80
36.32
36.63
36.88
37.35
37.33
37.39
37.63
37.22
37.57
37.94
37.69
37.61
37.58
37.45
37.98
37.92
38.20
38.25
38.14
38.28
37.99
37.87
37.80
38.42
37.65
37.90
38.26
39.47
39.25
40.72
40.34
40.66
40.48
39.74
39.79
40.43
41.15
41.44
41.29
41.25
39.96
39.75
39.93
40.44
39.00
39.11
39.34
40.06
40.01
40.13
39.96
39.99
39.74
40.29
40.14
41.10
40.40
40.24
40.31
39.52
39.29
39.22
39.34
39.54
39.74
39.92
40.30
40.09
39.67
39.61
39.68
39.80
40.29
40.37
40.26
40.14
40.15
40.45
40.95
40.60
40.21
40.59
41.48
41.39
41.03
40.93
40.81
41.10
41.04
41.29
41.61
41.57
41.45
41.73
41.83
41.70
41.93
41.61
42.17
41.86
41.73
41.91
41.75
41.87
41.98
41.37
41.70
42.22
42.33
42.51
45.45
44.65
44.56
45.00
45.45
44.93
44.30
44.36
43.91
44.07
43.38
43.21
42.97
43.31
42.74
42.84
43.23
43.26
43.04
43.68
44.08
44.58
44.94
44.97
45.34
44.84
45.35
45.40
45.31
44.90
44.75
45.09
45.43
44.53
44.74
45.11
46.02
46.47
46.82
46.74
46.91
46.54
46.39
46.26
46.59
46.81
47.30
46.85
46.63
46.88
45.93
45.98
46.37
46.27
45.83
45.98
46.12
45.86
45.48
46.50
45.60
43.82
43.87
43.00
42.53
43.20
43.06
44.36
45.00
44.62
46.83
45.71
45.86
46.44
46.32
46.94
46.89
47.30
47.80
47.86
48.92
48.65
48.85
48.56
48.81
49.74
49.41
49.13
48.66
48.00
