53.75
53.06
52.94
54.88
61.31
60.25
60.38
59.81
61.69
61.62
59.00
59.50
61.00
58.38
55.19
55.19
55.06
54.19
52.62
53.00
54.44
55.88
55.38
56.75
58.19
56.00
53.94
57.88
56.00
56.88
59.38
61.31
62.88
57.88
58.81
57.25
52.62
51.25
51.44
51.12
54.62
52.50
54.44
52.50
49.00
47.62
49.06
50.88
50.06
50.06
51.44
52.12
51.62
53.00
54.00
52.94
54.62
57.44
55.75
55.38
55.69
57.25
59.62
62.06
60.75
60.00
61.69
61.75
63.88
65.44
67.88
66.38
63.94
63.75
64.88
64.69
67.12
69.44
68.25
67.31
67.06
66.69
64.56
63.00
61.25
62.44
63.06
66.00
67.88
68.38
69.19
71.38
74.62
75.62
74.62
77.50
76.38
76.31
75.44
77.88
76.56
75.88
75.94
74.56
76.00
74.88
74.94
73.38
73.62
74.00
76.94
79.91
80.75
82.00
82.00
80.75
80.00
80.19
81.06
80.38
79.88
79.75
80.19
82.52
86.00
85.75
88.06
89.00
91.75
89.75
87.38
87.69
89.25
85.75
84.50
86.94
83.25
83.94
84.88
85.00
82.31
78.75
78.19
81.88
81.19
81.81
83.44
83.62
84.94
87.69
87.94
87.00
87.88
88.38
92.25
93.50
93.06
92.19
92.81
91.38
91.81
93.50
91.38
91.25
89.75
90.00
90.75
90.62
94.52
93.94
94.38
92.50
91.81
90.50
93.50
91.44
91.50
94.50
92.69
91.19
94.31
92.31
94.44
97.81
97.31
97.44
98.00
99.44
98.75
105.94
105.31
102.56
104.81
102.94
103.00
105.88
105.50
101.50
103.88
108.94
106.81
104.81
104.56
105.31
104.56
106.62
104.50
107.44
109.69
116.00
109.38
106.12
104.25
106.12
109.06
108.75
110.50
113.62
113.00
109.94
113.31
114.94
115.25
115.44
115.00
115.25
112.69
115.06
115.25
116.38
118.25
117.31
116.00
116.88
118.38
117.75
116.75
119.25
120.44
118.31
118.12
115.31
117.50
120.88
117.06
117.88
120.69
119.50
61.25
60.88
62.50
61.38
58.94
57.19
53.19
53.94
53.75
54.31
56.50
55.38
54.19
53.69
52.69
52.25
51.56
55.31
58.50
59.69
60.50
59.81
58.76
57.08
56.41
56.74
61.10
62.41
60.90
61.87
60.90
58.55
59.12
58.59
57.00
56.25
56.91
56.60
56.48
55.06
54.33
56.19
57.41
59.23
58.99
60.79
60.00
60.51
60.50
61.50
60.99
59.66
58.90
58.10
57.91
55.82
56.75
56.75
54.30
52.70
54.50
56.10
56.34
56.10
57.79
59.26
58.50
58.23
59.86
60.00
58.94
59.78
59.15
57.82
58.43
58.23
59.04
60.68
60.40
60.21
59.74
60.76
63.00
64.87
65.22
65.48
66.16
63.20
61.60
61.15
60.80
59.11
59.20
57.42
58.45
59.15
59.28
60.77
58.37
56.72
55.48
54.30
53.03
55.30
54.45
53.80
55.22
57.50
56.70
56.76
57.12
58.40
57.78
58.23
56.71
56.80
57.60
58.18
57.14
58.40
58.03
58.80
60.56
61.17
62.29
61.75
62.90
62.55
61.75
62.46
62.28
61.91
61.92
63.50
62.90
63.48
65.07
65.79
64.70
65.98
66.36
66.63
65.82
65.75
65.01
64.46
65.01
65.00
66.55
67.42
65.00
63.95
64.29
63.52
64.38
63.67
63.64
64.38
65.27
65.50
65.40
66.40
65.62
66.09
66.74
67.38
68.75
68.11
68.50
68.93
69.25
68.73
68.06
67.99
68.30
66.86
65.30
66.40
64.51
62.50
61.75
61.41
59.95
61.61
62.99
65.60
65.99
66.50
66.90
67.26
67.26
68.10
68.62
68.10
68.08
68.92
67.68
67.09
68.22
68.60
68.05
67.81
67.61
68.85
68.01
66.00
66.50
67.41
67.28
66.83
65.75
65.22
65.55
66.11
66.74
65.90
64.19
63.53
64.42
64.95
65.04
65.15
65.44
67.40
70.74
70.87
71.22
71.45
71.14
71.70
71.30
71.45
71.33
71.29
71.96
72.19
72.14
71.52
71.74
69.70
70.00
70.96
70.95
71.00
69.42
69.26
69.38
70.26
70.24
70.55
70.80
70.77
70.42
69.63
70.00
69.55
69.36
69.56
70.60
71.75
72.50
72.65
73.00
72.34
72.58
72.55
72.40
74.33
74.20
74.00
72.95
72.50
74.35
74.97
73.90
75.00
74.60
75.10
74.43
74.40
75.56
75.20
74.53
74.31
73.81
73.88
74.92
74.73
74.37
73.70
72.95
72.49
71.25
68.13
68.75
70.03
70.60
71.47
73.08
73.34
73.65
74.40
74.55
74.93
75.31
75.30
75.34
74.68
74.35
74.38
75.40
76.42
75.89
77.02
76.65
76.84
77.44
77.08
77.30
77.95
78.35
76.80
76.50
76.85
79.57
84.26
85.78
85.99
85.15
85.99
87.00
86.04
86.00
87.81
89.61
89.93
89.55
89.75
88.55
89.91
88.50
88.20
87.87
87.40
88.39
89.00
88.55
86.90
87.20
86.37
88.00
88.45
88.88
89.89
91.18
90.80
90.37
90.00
91.77
91.50
94.39
95.04
97.15
97.04
95.45
91.74
94.00
95.39
97.30
96.14
93.60
90.02
89.75
91.00
91.95
91.55
92.35
90.25
90.20
91.88
93.36
91.92
88.25
89.65
92.12
92.34
89.75
92.50
89.70
88.20
82.44
83.77
88.75
87.24
85.73
87.16
85.35
87.66
86.23
85.09
82.14
84.30
85.47
88.19
88.30
89.25
86.81
90.00
88.14
88.61
89.75
89.20
89.27
91.98
90.24
90.37
88.25
86.55
87.31
88.35
84.52
86.80
86.25
86.64
88.44
88.80
88.78
89.66
91.80
92.48
91.49
91.80
89.60
90.02
89.79
86.37
87.34
87.54
87.40
87.22
88.47
89.50
91.58
89.87
90.25
91.71
90.98
92.18
93.49
94.75
96.47
97.98
97.70
99.73
99.32
98.94
100.37
98.28
97.09
95.64
94.68
95.33
90.95
92.69
93.41
91.21
94.52
95.03
86.83
87.99
89.32
90.19
90.70
92.90
92.97
91.50
89.75
84.89
84.62
76.45
79.10
80.39
81.45
76.65
78.93
83.08
83.30
83.35
80.93
81.82
83.07
83.76
81.92
82.70
82.36
82.01
82.00
81.09
83.72
84.27
83.19
82.25
83.60
83.50
85.71
86.58
84.40
83.78
84.50
84.50
83.45
82.65
82.25
82.00
82.26
84.34
83.16
82.75
84.79
84.81
82.53
84.15
85.99
85.70
87.90
86.02
84.30
83.93
84.02
84.65
85.60
83.44
80.24
79.75
79.98
82.02
81.90
81.50
82.19
80.25
80.80
82.18
82.64
82.90
83.83
82.44
84.20
84.51
85.40
83.81
83.51
83.65
85.71
83.64
86.69
87.24
87.75
87.39
89.90
89.30
90.66
89.61
89.73
92.14
91.67
91.28
91.67
93.00
92.33
92.43
93.70
92.42
91.64
92.93
94.14
93.76
90.05
91.85
89.52
91.30
90.75
91.10
90.70
90.83
90.51
92.13
90.93
92.65
93.34
94.08
92.76
92.21
93.49
94.21
93.62
93.63
93.19
95.41
94.30
95.75
97.90
96.79
95.48
95.36
95.46
95.05
95.94
94.34
95.99
95.35
97.01
97.86
97.15
98.83
101.25
102.02
100.90
103.00
104.89
104.28
49.93
50.59
50.33
50.52
50.01
50.56
50.22
50.25
50.31
51.48
50.91
51.98
52.20
52.26
51.56
51.20
49.85
50.03
48.61
51.79
52.44
52.49
52.83
54.51
53.25
54.11
54.67
55.15
54.75
52.09
52.50
52.40
50.85
48.79
49.97
49.87
50.78
51.16
50.44
51.21
51.21
51.66
51.47
50.30
49.58
48.91
48.70
49.24
48.95
48.80
49.43
49.80
49.55
49.87
49.60
50.51
50.31
50.00
50.02
49.90
50.04
50.08
50.68
50.59
49.96
49.70
49.56
49.05
48.00
48.33
48.78
50.32
51.76
52.25
52.60
51.50
51.65
51.25
51.58
52.17
52.95
52.45
51.33
53.38
53.99
54.90
55.55
55.00
53.98
54.25
52.40
52.35
52.27
51.05
50.88
50.42
49.68
50.00
49.10
47.85
48.24
48.92
49.64
49.90
49.68
49.85
49.10
51.58
50.80
51.72
52.80
53.83
53.77
53.90
54.65
54.92
54.50
54.18
53.36
53.76
53.40
53.23
53.75
54.47
54.48
54.87
55.92
56.29
56.05
56.42
56.02
56.21
56.50
58.10
57.81
58.18
59.04
56.20
56.78
57.31
57.43
56.91
56.70
56.51
57.98
58.30
58.66
58.57
58.44
60.67
59.67
59.90
59.46
59.42
60.91
60.88
60.02
60.09
60.07
59.12
59.62
59.55
60.00
59.40
59.20
59.67
60.50
60.30
61.05
61.04
61.21
61.92
61.88
61.98
62.00
61.64
61.28
62.32
62.50
63.17
62.45
61.41
61.62
60.61
61.82
62.12
62.91
63.34
64.08
63.47
62.95
63.70
61.99
62.29
62.07
63.25
63.64
64.44
64.97
65.12
67.00
67.18
66.86
66.50
68.08
67.39
66.90
63.95
65.41
65.06
63.50
64.77
66.21
65.95
63.90
64.52
63.35
62.28
61.48
62.46
61.50
62.54
61.70
60.53
60.34
61.33
61.88
62.31
62.52
62.60
62.96
63.15
62.64
63.20
63.72
63.62
63.01
64.43
65.25
65.40
65.68
65.58
64.95
65.52
65.06
64.65
63.86
63.55
63.72
63.80
63.75
64.00
62.23
61.40
61.46
61.30
61.73
60.75
61.41
62.25
61.80
60.95
60.08
61.27
60.33
60.25
60.54
61.99
61.90
65.71
65.64
65.33
65.94
64.31
63.94
62.90
63.69
61.50
61.80
64.01
62.90
63.05
62.31
62.35
61.96
61.35
61.37
63.07
64.20
64.27
64.90
65.22
65.00
65.07
64.90
65.57
64.96
64.98
65.17
65.30
65.64
65.16
66.13
66.67
67.35
67.04
68.18
68.60
68.59
68.87
69.01
69.94
70.28
69.78
69.82
69.75
70.51
70.30
70.09
71.33
72.58
73.67
72.22
73.74
73.76
73.22
73.81
74.60
74.89
73.40
73.25
72.58
72.01
72.66
73.35
73.35
66.50
69.86
68.25
69.86
69.20
71.01
72.80
72.65
72.40
72.22
71.93
75.53
77.75
79.48
79.46
79.31
80.96
81.70
81.50
81.66
80.77
81.29
82.53
81.72
81.98
82.51
82.26
83.88
82.98
82.85
82.14
81.85
82.31
81.23
79.70
82.54
84.75
84.77
85.73
86.90
86.23
86.05
85.36
84.75
85.22
85.48
85.00
85.67
86.98
87.35
87.85
88.03
86.62
85.73
86.03
87.93
87.23
87.60
87.51
88.09
88.40
89.56
88.80
88.28
86.63
88.85
88.25
87.75
87.80
88.46
88.15
88.90
90.68
90.00
90.56
91.77
88.93
88.87
87.18
88.03
87.75
88.95
90.20
89.87
89.02
89.05
86.90
88.35
89.30
91.39
91.16
90.82
91.45
91.64
93.29
91.20
90.35
90.25
91.42
90.28
90.47
90.08
90.08
91.10
91.25
91.63
92.05
92.38
92.85
93.12
93.10
95.71
95.38
95.83
96.50
97.93
98.04
99.08
98.40
97.21
97.20
95.96
93.91
93.27
91.17
93.20
92.15
92.43
91.26
90.75
90.06
92.69
92.49
94.51
94.68
96.71
97.30
97.20
98.41
98.59
97.86
98.00
98.04
95.37
96.85
97.37
95.80
96.60
96.50
97.41
97.31
96.68
97.14
97.77
48.58
49.23
50.38
50.60
50.99
51.71
51.18
51.75
50.79
51.19
51.66
51.57
51.54
51.85
51.59
51.87
51.37
51.70
51.30
51.32
52.69
53.14
52.14
52.81
53.23
53.50
53.49
53.05
52.43
51.78
51.40
50.25
50.82
50.81
50.58
49.75
49.16
50.80
50.80
52.00
51.42
52.92
52.30
52.62
53.03
53.16
52.96
52.06
51.18
51.78
51.61
52.37
52.09
51.98
51.10
51.26
51.30
51.18
51.36
51.06
50.63
50.64
50.45
50.80
50.48
51.50
52.05
52.53
53.19
53.45
53.83
54.51
54.27
53.03
52.94
53.40
54.05
53.50
52.62
52.59
53.63
55.00
55.40
55.26
55.34
55.72
56.20
56.78
57.06
56.45
56.41
56.37
55.88
55.18
55.03
54.20
56.43
56.44
56.51
58.20
57.11
57.14
57.19
55.94
53.98
54.61
56.73
57.89
59.00
59.57
57.67
58.02
58.50
58.07
57.36
59.29
59.65
59.14
59.75
60.38
60.98
60.96
60.80
60.67
60.53
60.16
58.40
60.07
59.86
61.47
61.97
62.34
63.24
62.61
62.96
63.67
63.20
63.43
63.00
63.33
63.14
61.85
63.06
63.79
63.75
63.65
63.60
63.45
62.90
62.14
61.73
61.88
61.69
62.90
61.40
62.61
61.85
62.53
60.94
61.00
61.06
61.47
59.48
57.99
58.31
57.98
57.89
58.54
57.77
59.42
59.50
59.36
59.62
58.54
57.73
57.59
58.08
58.60
58.59
59.45
59.00
58.50
58.00
58.17
59.54
59.45
58.89
58.94
58.23
58.43
57.58
56.60
56.70
56.42
57.20
56.34
56.17
55.73
56.89
57.34
56.57
56.69
56.53
56.21
56.64
56.37
55.78
54.93
54.32
55.98
56.26
55.86
55.47
55.30
55.30
54.51
53.69
52.43
51.55
53.46
53.50
51.67
49.67
49.18
50.12
49.57
50.16
49.36
48.97
47.75
49.74
49.80
48.58
46.61
46.53
46.39
45.08
43.80
46.17
44.37
45.84
46.70
47.01
46.89
45.30
44.42
43.52
42.82
42.09
42.42
43.12
43.33
43.96
45.72
46.98
46.22
46.18
46.28
46.25
45.77
45.16
45.43
44.98
44.75
44.29
43.50
43.71
44.07
44.43
45.23
44.94
44.22
44.43
45.01
44.78
45.01
45.11
44.83
45.39
46.82
48.09
48.06
48.01
47.55
47.65
48.40
50.93
50.21
50.00
50.80
51.49
50.53
49.46
47.85
47.83
47.82
48.57
47.77
48.56
48.49
49.42
48.98
47.40
47.57
47.66
48.13
48.14
49.04
49.50
49.56
49.64
49.64
51.16
50.88
51.33
51.03
51.75
51.95
51.80
50.70
50.42
50.21
50.90
51.60
52.53
52.05
51.81
52.21
52.09
51.87
51.53
50.29
48.97
48.82
48.62
49.08
49.46
49.20
49.43
49.58
49.56
50.67
51.50
50.72
49.65
50.10
49.62
48.75
47.54
46.73
48.00
50.65
50.70
50.64
49.84
48.63
49.37
49.41
49.03
48.78
48.30
48.62
47.83
48.41
49.57
48.00
45.27
46.11
46.75
47.44
47.96
47.62
47.25
46.81
46.33
46.56
46.71
46.18
47.34
47.56
49.08
48.83
48.91
48.88
49.01
49.49
49.91
50.09
50.04
49.71
49.70
50.09
50.40
52.33
53.56
53.93
53.45
53.23
53.38
53.66
53.73
52.57
52.91
52.55
53.32
52.68
52.83
54.45
55.10
55.75
55.65
53.80
53.20
52.19
51.47
51.80
52.10
51.54
51.73
52.21
52.26
52.80
52.91
52.33
50.99
51.25
51.24
50.88
51.62
51.61
51.64
53.61
53.95
53.82
53.53
53.72
53.03
53.21
51.71
52.18
52.74
54.18
52.96
53.98
53.80
53.33
53.00
53.27
53.00
53.37
54.05
53.13
54.30
54.10
55.03
55.69
56.51
56.88
55.85
54.81
52.84
52.97
53.73
54.61
55.06
55.33
54.88
54.24
53.14
53.12
52.95
53.85
54.62
54.21
52.05
53.20
53.95
54.23
52.94
52.71
53.15
53.06
52.75
53.79
53.19
53.57
53.25
53.11
53.09
53.02
53.59
52.83
52.68
53.80
53.65
53.47
53.50
53.89
53.93
54.21
54.41
54.57
54.57
54.77
55.21
55.20
54.70
53.97
53.36
53.67
53.19
52.99
53.11
52.95
52.90
52.87
52.74
51.50
51.77
51.30
51.50
51.79
51.75
52.10
51.14
52.22
52.14
52.45
53.02
51.97
51.55
51.41
53.09
52.98
52.95
53.00
53.58
51.89
51.32
51.17
51.00
51.21
50.21
49.13
48.94
48.43
47.99
48.36
47.50
48.50
47.99
47.57
46.33
47.48
49.04
48.48
49.12
48.86
49.80
49.55
49.56
48.65
48.62
49.61
49.19
48.63
48.69
49.05
50.01
50.19
49.29
49.60
49.19
49.12
49.57
49.47
49.55
49.91
49.95
50.10
49.84
49.81
49.91
49.56
49.48
49.31
49.26
48.43
48.14
47.89
47.05
47.38
47.70
47.81
48.49
49.33
49.34
49.69
48.93
48.50
48.60
48.10
47.45
48.13
48.84
48.47
48.53
47.99
47.95
47.90
49.15
48.55
48.94
49.12
49.59
49.85
50.29
51.67
52.64
53.30
53.04
53.02
53.42
53.49
54.07
53.41
54.07
53.38
54.29
54.72
54.76
55.00
54.63
54.33
54.68
55.98
56.65
57.87
57.07
57.47
57.03
56.73
56.59
57.20
57.36
58.11
58.99
58.88
58.95
58.36
58.28
58.20
56.67
56.93
56.00
56.88
56.21
56.19
56.09
55.91
55.42
54.95
55.28
54.36
54.40
51.22
50.35
49.82
50.00
52.00
50.78
50.16
50.84
50.10
49.90
49.40
49.38
49.03
48.20
48.22
48.27
46.97
46.61
47.74
48.08
48.10
47.80
47.36
47.98
48.93
49.17
48.01
46.48
46.35
46.76
47.22
45.81
45.21
45.07
38.24
36.68
38.28
37.19
33.84
35.06
35.55
35.32
35.71
35.28
34.10
34.00
34.40
34.36
36.25
35.96
36.15
36.50
36.67
38.08
37.28
36.60
35.87
36.29
37.24
35.80
36.70
37.25
37.81
34.15
34.73
33.59
33.99
33.64
33.40
32.63
32.90
33.47
33.07
32.80
32.66
33.00
32.94
32.78
32.55
32.02
31.70
32.32
33.44
34.05
34.16
35.30
34.75
35.02
34.23
34.50
34.21
33.99
33.95
33.82
33.94
33.03
32.93
32.60
31.95
31.01
30.74
30.20
30.00
30.22
27.89
27.12
26.39
26.43
26.79
25.97
26.01
26.25
25.63
25.12
22.96
23.31
23.28
22.93
22.58
22.16
22.18
22.33
22.53
23.58
23.90
23.83
26.21
27.76
27.02
27.45
26.78
27.53
27.28
28.08
28.13
28.96
30.45
29.86
29.16
31.00
31.25
31.48
31.61
31.89
33.01
32.13
30.97
30.24
30.30
30.61
29.31
29.46
29.43
30.06
30.45
29.28
29.68
28.06
27.71
29.16
28.48
29.31
29.96
29.61
28.01
26.78
25.51
26.57
26.79
26.52
26.00
25.10
25.50
25.81
21.00
25.39
25.08
24.76
24.11
22.26
20.52
19.20
17.80
17.35
23.38
22.99
21.67
22.63
24.39
25.51
25.25
24.06
23.93
22.91
20.43
22.45
21.32
22.39
23.73
23.49
22.82
22.77
22.16
22.43
21.44
20.16
18.87
20.84
20.02
18.89
19.03
17.73
16.30
17.15
19.07
20.73
20.98
21.01
20.12
20.32
20.38
19.90
21.41
21.45
20.78
21.57
23.49
23.54
23.78
24.35
23.90
24.91
26.49
25.74
25.98
25.96
26.30
25.57
27.04
26.60
27.59
27.14
26.50
26.30
26.71
26.45
25.62
25.36
24.08
24.89
25.50
24.16
25.05
27.19
28.04
28.15
29.08
29.99
28.69
28.33
29.15
29.74
28.98
28.80
28.94
29.52
27.97
28.55
29.48
28.96
28.42
28.33
28.65
27.98
23.82
24.21
23.03
20.07
19.65
17.48
17.80
17.96
16.35
17.90
17.79
19.31
19.12
20.41
21.36
20.68
21.54
21.95
21.30
20.63
22.05
21.12
21.18
21.62
21.08
20.54
20.93
20.68
21.07
20.54
21.93
23.45
22.86
23.86
24.37
24.50
25.11
24.36
24.14
24.21
22.80
22.81
23.16
23.06
23.01
23.89
23.87
23.52
22.97
23.72
25.56
25.93
28.39
28.87
27.59
27.32
27.66
27.80
27.51
27.81
27.46
27.78
26.92
26.30
27.19
27.49
27.19
26.60
27.50
28.10
27.50
27.27
27.10
26.05
25.98
25.73
24.05
24.21
23.51
24.02
24.02
25.45
25.43
24.56
24.54
24.81
24.99
24.77
25.12
24.98
25.16
23.91
24.09
25.17
24.67
24.94
24.67
25.01
24.77
24.91
25.25
25.09
24.84
25.59
26.00
27.05
27.32
27.62
29.08
28.41
28.10
28.06
27.36
26.93
26.18
25.98
26.51
27.07
27.82
27.79
28.37
28.06
28.48
28.18
28.18
28.39
28.92
29.69
29.92
28.93
28.94
28.18
28.00
27.33
28.66
28.87
28.88
27.84
28.40
29.11
29.07
28.76
27.70
29.29
29.34
28.58
28.59
27.58
26.68
26.03
25.34
25.80
25.68
25.04
24.79
24.28
24.04
24.38
25.05
24.16
24.67
25.23
24.29
24.87
24.55
24.45
24.92
25.96
25.12
25.71
25.85
25.31
26.50
25.88
26.47
25.95
26.42
26.91
27.87
28.21
28.67
29.13
28.97
29.37
28.76
29.08
29.15
28.97
28.87
28.63
28.56
29.08
29.56
29.54
29.44
28.67
28.70
28.29
27.33
27.46
28.30
28.46
28.50
30.31
30.48
30.95
31.32
32.20
31.82
31.54
32.17
32.32
31.62
31.68
31.39
30.85
31.01
30.48
31.53
31.48
31.79
33.01
32.70
32.92
32.05
32.54
33.32
33.75
35.13
34.55
33.10
33.16
33.00
32.44
33.24
33.43
33.00
33.13
34.05
33.32
32.46
32.54
32.41
33.00
32.71
33.12
32.18
31.63
32.55
32.69
31.94
33.08
32.81
33.62
33.45
33.86
34.04
33.95
34.10
32.95
33.74
33.10
33.08
33.24
33.50
32.91
32.53
33.05
32.75
33.59
34.39
33.30
33.16
32.72
33.12
32.63
32.84
33.06
32.67
32.99
33.14
33.41
32.93
32.62
32.26
32.26
32.16
31.05
30.63
30.73
31.23
30.98
30.26
30.46
30.95
29.85
29.80
30.44
31.30
30.31
30.26
29.49
30.00
29.24
29.02
29.88
29.85
30.32
30.18
30.39
30.44
30.18
29.99
28.96
28.70
28.83
28.87
28.79
29.32
29.07
28.98
29.91
30.46
30.34
30.46
30.89
30.53
30.70
30.67
30.59
31.19
31.39
31.50
31.33
31.15
30.64
30.21
29.76
29.88
29.19
28.63
28.40
27.85
28.30
28.89
29.20
29.68
29.97
30.04
30.14
30.32
30.88
30.34
30.82
30.83
30.70
31.00
30.92
31.47
30.78
30.33
30.44
30.45
31.44
32.42
32.91
33.42
33.45
33.49
33.33
31.99
32.13
32.03
31.90
32.35
32.54
31.79
31.61
31.50
31.04
31.96
31.85
32.37
31.91
31.72
32.59
32.86
33.91
33.78
33.85
34.02
34.49
34.72
34.61
34.27
34.24
34.13
34.93
35.26
35.68
35.44
35.73
35.35
35.04
35.20
35.11
35.43
34.54
35.07
33.95
34.34
34.35
34.65
35.02
35.32
35.78
35.98
36.25
35.30
36.73
36.49
37.26
37.56
37.57
35.93
36.25
36.05
36.11
37.00
36.66
36.80
36.86
37.12
36.98
37.16
37.47
36.67
35.47
35.01
35.33
35.63
36.00
36.46
36.05
36.18
35.88
36.59
36.52
37.67
38.05
37.82
37.29
36.77
36.84
36.65
36.67
36.90
36.50
35.45
35.61
35.05
35.18
35.33
35.84
35.77
35.54
35.72
35.91
35.94
36.11
37.13
37.47
37.59
38.37
38.45
38.45
39.08
38.86
39.60
40.77
40.88
40.56
40.31
40.41
39.81
40.62
40.25
42.29
40.93
41.05
42.07
41.95
43.04
42.49
41.81
41.97
42.07
42.43
42.38
42.46
42.03
42.50
42.59
42.84
42.96
42.91
42.75
42.52
42.58
42.45
43.56
44.79
44.45
43.56
43.83
44.49
43.79
43.59
43.16
42.79
41.86
42.27
42.60
43.19
42.74
42.75
43.80
43.75
43.87
44.48
45.40
45.20
45.61
45.60
45.09
44.96
44.43
44.38
44.32
44.81
44.33
44.82
44.98
43.55
43.96
44.24
47.81
47.71
47.35
48.21
49.10
49.23
49.88
49.68
49.56
49.58
50.12
50.47
50.51
50.02
50.08
49.95
50.17
49.99
50.61
50.55
49.74
49.16
47.96
47.87
47.70
48.30
48.95
48.35
49.39
48.85
48.15
47.97
48.20
50.60
49.41
49.11
49.60
49.35
49.66
49.96
51.27
52.22
51.78
51.15
50.46
51.03
51.77
51.54
51.58
53.13
52.85
53.13
52.63
52.08
50.94
51.41
51.73
52.27
51.97
51.95
51.45
51.51
52.15
52.75
51.63
51.26
49.89
49.92
49.63
48.02
46.98
47.18
45.07
45.56
41.93
44.73
41.85
43.93
44.81
45.94
45.50
45.53
43.89
43.32
43.61
44.87
45.91
45.09
45.72
46.76
47.28
47.52
47.18
45.73
45.71
47.21
47.20
45.52
46.26
47.99
48.68
50.54
50.76
49.95
49.83
48.01
47.09
47.60
48.81
49.45
47.64
46.58
46.12
42.92
42.78
44.45
44.94
44.89
46.52
46.64
46.38
46.53
47.22
46.60
45.34
46.45
46.88
47.92
49.03
48.76
48.76
49.18
48.85
47.99
46.22
46.36
46.18
45.58
45.17
46.15
45.54
46.13
47.13
46.94
46.55
44.91
44.52
44.55
44.44
44.42
43.56
43.67
45.03
45.88
48.77
48.52
48.23
48.27
48.29
49.34
48.16
48.91
48.20
47.93
47.76
48.52
49.00
48.97
49.82
49.99
50.73
51.35
51.35
50.71
51.18
50.68
51.49
52.24
52.59
52.78
52.72
52.62
53.01
52.87
52.70
53.57
53.94
52.32
52.27
52.43
51.33
51.57
50.35
51.02
51.07
51.79
53.26
52.54
51.31
51.29
52.03
52.14
53.06
53.32
53.85
54.46
54.62
54.79
54.68
55.32
55.18
54.94
55.65
55.73
55.84
55.75
55.99
55.84
55.04
54.46
54.39
55.61
55.78
55.02
55.33
55.78
55.71
55.59
56.13
54.78
53.97
53.88
53.66
55.10
55.43
55.44
58.11
58.94
59.12
59.40
59.06
59.01
58.14
57.56
58.02
58.46
58.05
57.36
58.10
57.32
58.71
59.51
59.19
58.72
58.87
58.37
57.91
56.15
57.13
56.66
55.72
54.72
55.25
55.82
55.22
55.29
55.20
55.16
54.94
54.90
54.88
53.99
55.55
55.72
55.36
56.22
56.12
56.15
56.17
55.77
55.04
54.91
56.04
57.70
57.45
58.00
57.46
57.84
58.01
59.25
58.90
59.42
60.26
59.60
58.34
59.07
57.69
58.80
59.29
59.60
58.50
56.26
54.88
55.81
55.82
56.09
55.70
56.04
54.57
55.20
55.16
55.90
56.35
54.99
55.41
54.51
54.90
52.48
52.01
53.34
53.26
51.09
51.21
51.10
51.61
51.00
52.54
52.73
52.02
51.90
51.90
51.97
52.82
53.39
53.13
53.20
53.42
53.97
53.92
54.16
54.61
54.33
54.64
54.69
54.30
54.56
54.28
54.89
54.88
53.74
52.80
52.82
53.89
54.25
54.48
55.13
54.95
54.94
56.18
55.98
56.20
55.78
56.24
55.41
56.46
56.80
56.86
57.97
57.13
57.60
57.47
57.11
57.66
57.07
57.49
56.88
55.99
56.01
55.66
56.54
56.18
55.92
56.21
55.78
56.00
56.95
56.05
55.28
56.39
54.26
53.44
52.90
52.20
52.19
51.25
51.25
51.90
52.91
53.14
53.53
53.92
53.53
52.59
52.75
54.36
54.39
53.89
53.54
53.84
53.65
53.87
54.19
54.76
55.25
54.38
54.05
54.36
54.95
54.49
55.46
55.03
54.85
54.22
54.44
53.86
54.24
54.54
51.99
52.09
52.09
51.40
52.37
53.11
52.82
53.36
53.62
53.66
54.40
54.56
56.02
55.91
56.22
56.04
55.81
56.28
56.08
55.21
55.77
55.75
57.77
57.38
57.05
57.74
57.12
57.01
57.23
57.05
57.32
56.66
55.21
55.24
54.47
53.30
53.05
53.87
53.45
53.52
53.32
53.50
53.61
53.80
53.81
54.21
54.83
54.48
54.73
54.73
55.00
55.17
54.88
55.06
54.46
54.86
55.65
56.62
57.21
58.97
61.74
61.67
62.03
62.10
61.89
62.18
62.41
62.98
63.03
61.59
62.81
62.03
59.69
60.04
59.22
58.54
58.79
59.34
59.48
60.01
59.93
59.72
59.48
58.92
60.20
60.50
62.51
62.01
62.91
62.39
61.73
61.61
62.14
62.84
62.56
62.87
62.28
62.36
62.06
63.34
63.35
64.66
62.63
62.80
62.36
61.75
61.92
62.57
63.68
63.93
63.83
64.15
63.80
64.37
65.68
65.26
63.80
63.90
64.65
63.73
64.78
66.09
65.48
65.63
65.27
65.54
66.17
67.56
67.97
67.69
68.36
68.00
67.62
66.91
66.23
70.55
71.45
72.18
72.69
72.53
72.62
72.21
72.79
72.27
72.85
73.16
72.26
73.34
73.24
72.92
73.18
72.93
72.39
73.35
72.49
71.40
71.43
71.71
72.46
71.85
71.97
72.54
72.38
71.52
71.54
72.44
71.74
72.56
73.35
74.04
74.06
74.25
74.63
75.18
74.74
74.48
75.12
74.31
73.04
70.84
70.57
71.82
72.32
71.98
72.16
71.99
71.61
72.58
72.57
72.52
72.99
72.17
71.48
71.38
73.98
74.27
74.72
73.87
75.19
71.37
68.76
68.20
68.86
68.01
67.61
67.62
66.94
68.08
68.01
68.26
68.63
68.95
68.72
70.29
69.76
70.50
70.50
69.95
71.01
71.44
71.87
71.68
71.61
71.98
72.91
73.74
74.07
74.52
74.36
74.48
74.16
73.73
73.65
72.75
73.50
73.72
74.05
72.14
71.01
70.48
71.06
70.73
72.38
72.39
73.35
74.35
74.13
74.85
74.69
74.78
75.30
74.57
75.10
74.24
76.51
75.62
76.08
74.70
73.94
74.02
74.84
72.76
72.52
73.16
73.40
73.20
71.60
71.65
71.71
71.26
72.80
72.28
70.74
70.51
70.82
70.87
71.36
69.74
70.62
70.24
71.21
73.52
73.83
73.55
73.48
73.81
76.01
75.32
76.06
76.02
77.27
77.10
78.13
77.99
77.64
77.40
77.88
77.78
77.60
77.01
75.70
76.76
78.00
79.96
81.53
81.34
81.28
81.10
81.54
81.02
81.62
81.99
81.84
81.61
82.25
81.53
81.08
80.66
81.39
79.99
78.95
79.18
79.51
78.19
75.78
74.95
75.76
75.33
76.59
75.66
75.74
75.20
75.04
74.95
75.03
75.23
75.26
77.91
76.89
76.95
77.74
78.04
77.17
76.48
76.65
77.20
76.66
77.72
78.34
78.77
79.11
78.58
79.37
79.63
79.47
79.88
80.51
79.80
79.93
79.76
79.81
80.17
79.44
79.18
78.00
78.17
79.21
80.51
81.41
81.49
81.74
82.34
82.29
82.00
81.75
81.89
82.49
83.35
82.22
81.93
82.74
82.08
82.87
84.27
83.90
83.76
85.11
85.52
85.06
86.05
85.94
85.68
84.68
85.75
84.27
82.95
81.05
81.49
82.27
80.99
81.50
79.26
80.12
79.87
80.22
81.51
81.82
81.47
82.34
83.47
83.43
83.77
83.78
84.24
85.12
86.38
86.34
86.68
86.39
86.79
87.06
87.75
87.91
88.56
87.25
87.08
86.18
86.03
87.16
86.99
87.63
87.80
87.77
86.59
88.21
86.18
86.60
86.51
86.25
84.88
84.90
86.02
85.09
84.19
86.62
84.94
85.39
83.95
82.82
82.16
85.39
88.18
88.54
90.95
89.77
90.66
91.64
92.13
92.64
92.96
93.88
95.01
94.86
94.98
95.80
96.21
93.61
94.75
95.69
95.68
95.90
95.11
96.47
98.19
96.86
96.85
