150.00
144.00
143.75
145.67
151.31
151.25
151.50
152.00
153.75
151.00
148.00
148.72
145.94
144.13
138.13
138.50
141.44
141.75
134.00
134.00
136.00
134.06
139.25
141.56
136.50
137.06
134.06
135.44
133.75
134.38
137.50
135.66
131.00
125.12
129.62
130.50
131.00
126.13
129.44
132.38
131.38
135.25
139.37
137.44
129.94
130.31
129.00
131.69
129.44
127.00
133.56
139.00
139.88
140.94
150.50
150.88
160.00
159.06
157.94
156.00
163.00
158.75
155.62
161.00
154.00
153.31
156.88
158.81
159.44
161.62
156.75
150.50
145.75
152.00
156.50
155.50
158.50
162.06
166.00
163.25
161.50
157.25
159.38
161.06
156.06
154.00
158.00
52.44
52.12
50.62
50.94
52.25
54.00
54.25
53.62
53.12
51.88
50.00
50.00
50.75
50.75
49.56
51.25
52.62
52.38
52.75
51.56
51.19
51.38
50.88
49.88
49.88
51.19
51.00
51.88
51.12
50.25
51.00
49.44
48.75
49.88
49.94
49.25
50.55
49.75
53.00
52.00
49.94
50.19
51.31
52.44
52.25
53.75
52.50
51.50
53.69
52.25
52.75
54.31
54.12
54.00
53.56
52.12
52.50
50.94
51.69
52.75
52.00
52.88
53.38
52.62
53.75
55.94
57.00
56.56
57.00
57.25
56.81
56.69
56.19
56.56
56.25
57.94
58.94
59.25
60.00
59.88
57.50
58.62
58.50
57.81
59.00
59.00
59.88
59.69
59.06
59.06
59.00
56.75
57.50
57.00
56.62
56.25
57.31
58.06
58.00
59.44
59.00
57.81
58.50
59.06
58.88
59.75
59.44
58.50
58.06
56.62
54.50
57.00
57.75
55.62
55.50
55.62
52.12
49.75
53.38
52.94
52.12
52.25
54.00
54.81
54.44
53.69
53.31
54.50
54.94
54.56
54.56
53.88
51.44
52.75
52.50
52.62
51.88
50.06
50.75
48.56
49.38
49.12
49.81
49.69
49.56
51.00
51.62
54.12
53.94
53.50
55.19
55.31
52.81
53.00
51.44
49.81
51.00
50.12
47.44
47.88
48.88
49.31
48.19
48.44
47.94
43.75
47.81
48.06
47.31
45.56
44.62
44.69
46.56
45.69
47.38
46.69
47.62
47.00
45.75
46.69
46.31
45.94
44.62
44.38
46.25
45.98
46.23
46.28
47.85
47.60
46.95
47.14
45.66
47.51
47.16
46.26
47.98
47.00
47.69
47.30
47.10
46.18
47.98
48.00
46.50
45.91
44.57
45.08
45.42
45.98
45.87
43.81
39.60
42.33
41.03
41.08
40.60
41.10
40.05
39.00
37.70
39.99
40.23
41.91
41.55
41.40
41.86
41.80
39.68
39.60
42.10
41.17
42.00
43.83
43.27
44.70
44.65
45.46
47.89
48.51
48.10
47.20
45.99
47.81
49.30
49.95
48.53
48.91
49.10
48.50
49.93
49.96
49.48
49.43
49.83
49.01
49.73
50.15
52.21
52.11
52.99
53.40
52.68
51.35
51.40
49.95
49.67
49.02
49.00
49.00
49.45
49.18
48.75
48.91
48.14
47.40
48.77
47.85
48.86
48.81
49.00
48.87
50.77
51.25
51.86
50.25
48.79
48.26
48.87
49.00
50.20
49.51
48.47
46.89
46.85
45.76
44.61
47.00
47.45
46.22
46.11
46.15
46.48
46.63
45.30
44.00
43.80
43.75
44.65
43.60
43.50
42.80
42.20
42.75
41.39
42.77
41.65
41.90
42.57
42.23
41.85
41.78
41.60
40.80
41.53
40.47
40.85
41.04
41.99
42.17
41.23
40.61
40.20
40.90
40.83
41.70
40.50
39.66
39.35
35.15
33.85
32.50
30.37
31.30
35.20
35.50
35.48
35.95
37.20
37.64
38.05
38.15
37.39
37.45
36.80
36.82
37.91
38.95
39.00
38.86
38.47
37.15
37.25
37.25
37.61
37.27
37.08
37.87
38.88
37.43
36.34
36.41
37.91
37.96
38.77
39.80
39.35
40.35
40.41
39.43
40.56
40.88
41.55
40.85
41.25
41.10
40.45
41.02
41.32
41.07
39.35
39.73
38.50
36.92
37.35
37.55
37.75
37.15
36.80
36.79
37.05
37.05
37.65
38.30
39.72
40.78
40.84
41.35
41.19
40.55
40.95
40.73
40.08
40.95
40.61
40.95
39.36
38.95
38.55
38.61
38.23
37.90
38.71
37.72
38.75
38.68
38.30
37.65
37.55
38.26
38.15
36.46
36.88
37.15
36.85
35.00
36.21
36.96
37.20
37.25
37.80
37.50
38.10
38.00
37.11
36.40
37.57
37.52
38.09
39.20
38.75
38.75
38.50
39.45
40.20
40.50
41.55
40.95
40.60
41.15
41.10
40.00
40.41
40.19
39.90
39.90
38.80
37.45
37.87
37.04
37.31
37.45
37.40
37.30
37.10
36.75
37.30
37.10
36.86
36.45
37.20
33.75
33.55
31.85
33.10
33.65
33.80
33.70
32.86
32.80
32.50
32.05
31.50
30.85
31.55
31.70
31.60
31.70
30.97
30.65
32.85
31.49
30.65
30.85
31.58
30.93
32.00
33.45
32.60
32.15
31.92
32.95
32.60
32.05
31.40
31.20
31.14
30.11
30.05
30.15
29.30
30.20
29.95
29.40
30.35
29.85
29.70
30.51
31.15
30.35
29.70
28.95
29.60
28.90
29.50
29.90
29.05
28.45
28.10
27.90
29.69
29.43
28.30
27.05
27.35
28.60
28.25
27.55
28.25
27.70
26.52
25.66
24.80
26.53
26.65
27.80
30.45
31.60
32.20
31.40
29.50
28.30
29.65
30.75
31.95
32.40
32.25
30.95
31.90
32.29
31.55
32.89
32.25
32.30
32.70
32.25
32.07
31.95
31.30
30.35
30.15
28.46
28.70
28.00
28.30
28.78
29.08
29.00
28.00
27.05
27.90
27.70
27.35
26.55
26.75
26.40
25.90
27.00
26.39
24.47
24.65
26.20
24.80
24.62
24.01
22.95
23.35
22.00
22.60
24.21
24.35
26.20
25.60
26.89
26.65
27.15
27.07
26.90
26.00
26.24
26.25
25.85
25.15
25.25
26.00
26.50
26.50
26.60
26.11
25.10
24.21
23.85
24.09
24.50
23.86
23.60
23.90
24.80
26.85
26.45
26.80
26.35
27.15
27.12
27.20
26.75
26.52
25.80
26.05
25.50
25.93
26.14
25.90
25.50
26.43
26.00
25.66
25.40
25.95
25.73
25.33
25.30
24.70
24.50
24.35
25.48
25.40
26.05
25.90
25.50
25.90
25.65
25.64
25.71
25.19
25.03
24.88
24.06
23.55
23.95
23.06
23.05
23.15
23.03
22.55
23.14
23.65
23.05
23.00
22.89
22.70
22.63
22.50
22.25
22.17
22.48
22.91
23.35
23.35
23.80
23.42
23.98
23.37
23.90
24.05
23.90
23.40
23.80
23.95
24.30
23.60
23.35
23.80
25.21
25.65
26.27
26.40
26.98
26.85
28.00
26.73
26.98
26.60
26.44
26.03
25.50
26.13
27.05
27.55
27.63
27.76
28.06
27.30
27.38
27.65
27.76
28.30
27.83
28.49
28.16
28.99
29.39
29.10
29.11
29.52
29.40
29.45
29.10
29.08
28.83
29.12
28.85
28.47
29.00
28.97
28.55
28.61
28.48
27.85
27.55
27.73
27.60
27.73
27.64
28.31
28.27
28.25
28.70
29.00
29.05
29.36
29.78
30.30
30.14
30.59
30.98
31.07
30.65
31.34
31.20
30.73
29.86
30.01
29.87
29.93
29.26
29.15
28.62
28.68
28.63
28.61
28.55
29.27
28.81
28.38
28.19
28.12
28.04
27.67
27.38
27.10
27.78
27.16
27.41
27.42
27.44
28.43
28.37
27.90
27.97
28.44
28.46
28.48
27.80
27.68
28.08
28.08
28.28
28.33
28.02
28.55
28.78
29.80
29.85
29.45
30.16
29.88
29.85
29.88
29.75
29.68
29.57
30.44
31.12
31.32
31.04
31.38
31.16
31.03
31.48
31.53
31.40
31.93
31.72
32.11
31.93
31.40
31.56
30.81
30.38
29.87
30.37
29.81
30.63
30.75
30.82
30.79
30.65
30.20
30.13
29.32
28.93
29.29
28.85
29.02
28.55
28.78
28.88
28.35
28.39
28.30
28.22
28.52
28.83
28.88
29.01
28.80
28.66
28.43
28.44
28.12
28.17
28.11
28.70
28.34
27.88
27.81
28.44
29.47
28.95
28.56
28.75
28.91
28.77
28.67
29.03
29.48
29.52
29.15
29.10
29.37
29.56
29.72
30.40
30.11
30.33
30.65
30.73
30.85
30.89
31.00
31.10
30.90
30.72
30.83
30.72
30.98
31.12
31.58
31.37
31.68
32.25
31.80
32.09
31.61
32.00
32.00
33.35
33.36
33.85
33.52
33.21
34.14
34.19
33.76
34.03
33.63
33.63
33.21
33.18
33.52
33.18
32.89
32.50
33.08
32.86
32.72
33.05
32.75
32.60
32.70
33.42
33.28
32.97
32.67
32.52
32.79
32.49
32.85
32.90
32.77
31.83
31.56
31.10
30.42
30.60
30.30
30.50
30.76
30.72
30.14
29.41
29.20
29.18
29.70
30.10
30.48
30.69
30.52
30.62
31.06
31.58
31.52
31.40
31.41
31.62
31.00
30.48
30.76
31.23
31.10
30.47
30.70
30.85
30.69
30.75
30.55
30.02
30.05
29.95
30.30
30.44
30.49
30.47
30.00
30.03
30.25
30.40
30.35
30.16
29.97
30.43
30.25
30.23
30.65
30.78
31.21
31.29
31.26
31.12
31.04
31.10
31.00
31.23
31.68
31.47
31.18
31.49
31.57
31.81
32.11
32.36
32.58
32.60
32.85
33.42
33.27
32.18
32.31
32.33
32.40
32.01
31.67
31.83
32.02
31.70
32.17
32.60
32.84
33.13
33.37
33.09
33.23
33.21
32.60
32.88
32.52
32.31
32.80
33.29
33.21
33.25
33.26
32.87
32.88
32.22
31.52
31.85
32.09
32.20
31.61
31.89
32.30
32.14
32.78
32.71
32.65
32.51
32.63
32.79
32.79
32.77
32.57
32.79
32.88
33.13
32.84
33.34
33.66
33.86
33.88
33.75
33.82
33.53
33.53
34.22
34.21
34.46
33.93
33.42
33.41
33.12
33.31
33.45
33.58
33.97
34.12
34.05
34.38
33.95
33.74
34.00
34.02
33.71
33.46
33.55
33.89
33.43
33.22
33.37
32.95
32.90
33.63
33.95
34.03
34.12
34.05
34.05
34.33
35.09
35.19
35.12
35.42
35.32
35.80
36.25
36.10
36.10
36.35
36.83
36.27
36.09
35.81
35.64
35.44
35.30
35.36
36.02
35.94
35.83
35.67
35.31
35.71
36.02
36.69
37.48
37.38
37.39
37.11
36.75
37.11
37.17
36.84
36.77
36.57
36.69
36.56
36.60
36.50
36.59
36.15
35.93
36.22
36.00
35.91
35.40
35.68
35.23
35.52
35.96
35.44
35.37
35.13
35.26
35.70
35.49
35.61
35.75
36.13
36.28
36.25
36.07
36.25
36.23
36.43
36.09
36.05
36.23
36.32
36.39
36.22
36.03
35.88
35.35
35.27
35.55
35.62
35.20
35.22
35.60
35.55
36.12
36.13
36.06
35.74
36.13
35.82
36.22
36.00
35.61
35.37
35.88
36.01
35.50
35.50
35.73
35.97
35.53
36.20
36.06
35.47
35.24
35.50
35.50
35.78
35.74
35.82
36.09
35.64
35.50
35.75
36.00
36.00
35.52
36.12
36.10
36.38
36.18
36.40
35.67
36.20
36.25
36.10
36.20
35.85
35.85
36.23
35.83
36.19
35.87
35.70
36.24
36.46
36.90
36.92
37.00
37.18
37.07
36.86
36.94
36.88
36.48
36.93
36.90
36.70
36.61
36.84
36.80
36.79
36.63
36.55
36.41
36.32
36.11
36.50
36.28
36.15
35.72
34.66
34.78
34.61
35.15
35.00
34.65
34.74
34.72
34.32
34.18
34.99
35.11
35.10
35.18
35.63
35.53
35.20
35.33
35.30
35.00
35.07
34.77
34.70
34.80
34.88
34.50
34.25
34.25
34.21
34.01
33.81
33.76
34.14
33.88
34.51
34.25
34.21
33.88
34.10
33.99
33.95
33.97
33.97
33.54
33.50
33.38
33.60
33.24
33.61
33.14
33.33
33.94
34.01
33.85
33.98
34.43
34.28
34.05
34.38
34.47
34.05
33.84
33.55
33.30
33.40
33.27
33.64
33.49
33.65
33.67
33.23
32.85
32.68
33.59
34.22
33.99
33.80
33.80
34.02
34.34
34.01
34.00
34.41
33.88
33.73
34.13
33.91
33.70
33.58
34.05
33.91
33.60
33.81
33.98
34.02
34.02
33.76
33.92
34.50
34.65
34.40
34.40
34.54
34.66
35.75
36.20
36.06
35.94
36.20
35.98
35.93
35.72
35.75
35.50
35.77
35.80
35.57
35.35
35.53
35.55
35.47
35.77
36.00
36.06
35.82
35.54
35.32
35.42
35.42
35.06
35.11
35.19
35.05
35.37
35.32
35.23
35.47
35.38
35.19
35.43
35.00
35.10
34.94
34.82
34.68
33.37
33.29
32.96
32.76
33.02
32.95
32.93
32.75
33.14
32.90
32.85
32.75
32.31
32.74
32.92
33.28
33.25
33.46
33.46
33.35
33.61
33.36
33.64
33.26
33.14
33.32
32.87
32.76
32.85
33.06
33.10
33.15
33.43
33.20
33.65
33.67
33.78
34.42
34.38
34.51
34.50
34.34
34.53
34.12
33.95
33.79
33.60
33.93
34.65
34.78
34.69
34.70
34.42
34.51
34.03
33.92
34.05
34.46
33.89
33.29
33.87
33.89
34.12
33.97
33.93
33.97
34.13
34.43
34.59
34.39
34.48
34.40
34.80
35.16
35.00
35.00
34.70
34.51
34.28
34.56
34.79
34.42
34.15
34.16
34.07
34.01
34.26
34.42
34.33
34.05
34.26
34.55
34.66
34.22
34.55
34.40
34.57
34.07
33.87
33.73
33.90
34.11
33.93
33.72
33.70
33.67
33.24
33.16
33.21
32.88
32.93
33.27
32.96
33.33
33.31
33.50
33.30
33.45
33.26
33.06
32.67
32.11
32.36
32.46
32.88
32.48
32.25
32.62
32.70
32.68
32.65
33.02
32.69
32.56
32.60
32.73
32.80
32.69
32.34
32.28
32.67
32.50
32.82
33.20
33.71
33.92
34.00
33.96
33.96
33.79
33.85
33.84
33.93
34.19
34.27
34.06
34.14
33.97
33.95
34.04
34.01
34.43
34.67
34.84
34.78
34.85
34.87
34.85
35.02
34.44
34.40
34.89
35.44
35.34
35.48
35.30
35.50
35.71
36.10
36.29
36.14
36.16
36.30
36.17
36.22
35.98
35.56
35.56
35.56
35.28
35.47
35.53
35.42
35.61
35.59
35.21
35.20
35.11
34.90
34.71
34.77
35.27
35.54
35.58
35.29
35.17
35.36
35.59
35.79
35.96
36.25
35.98
35.80
35.99
35.69
35.45
35.20
35.35
35.28
35.28
35.39
35.27
35.11
35.16
35.27
35.22
35.64
35.50
36.21
37.36
38.00
38.01
38.15
37.77
37.57
37.71
37.79
37.48
37.21
37.97
37.75
37.56
37.55
37.55
37.56
37.92
37.89
38.11
37.98
38.00
36.95
36.75
36.55
36.64
36.34
36.07
36.19
36.03
36.05
36.23
36.27
36.37
36.31
36.10
35.74
35.53
35.64
35.77
36.47
36.14
35.87
36.11
35.91
35.40
35.10
35.34
34.66
34.91
35.00
34.87
34.55
34.72
34.33
34.45
34.32
34.44
34.09
34.31
34.52
34.36
34.67
34.77
35.48
35.81
35.82
36.00
35.79
35.55
35.55
35.36
35.29
35.32
35.11
35.02
34.78
34.88
34.95
35.18
35.38
35.36
35.20
35.13
35.00
35.13
34.80
34.76
35.41
35.84
36.84
36.86
37.10
37.31
37.34
37.15
37.24
37.08
37.26
36.78
36.97
36.60
36.64
36.83
36.53
36.96
37.10
37.34
37.60
37.38
37.56
37.40
37.73
37.58
37.45
37.81
37.40
37.29
36.76
37.32
37.46
37.05
37.64
37.80
38.12
38.07
39.29
39.07
38.80
38.24
38.21
38.02
38.06
38.12
38.28
38.26
38.70
38.54
38.48
38.62
37.90
38.20
39.00
39.50
40.12
40.71
40.45
40.71
40.12
40.82
40.22
40.42
39.53
38.79
39.27
38.76
38.95
39.03
38.06
39.10
39.48
40.46
38.94
38.23
38.17
37.68
36.90
37.20
38.45
38.22
38.35
39.14
39.12
39.41
39.00
38.05
38.71
38.40
38.87
39.04
38.75
39.40
38.75
39.19
39.50
39.90
40.51
40.35
40.18
41.68
41.77
41.24
41.25
40.85
41.10
41.27
41.39
41.40
42.02
42.12
41.55
41.70
41.77
41.53
42.02
41.81
41.60
41.03
40.82
40.77
41.00
40.79
40.04
40.17
40.48
40.23
40.16
40.38
40.56
40.48
41.16
40.34
40.33
40.20
40.18
39.08
39.02
38.38
38.25
39.21
39.01
38.31
38.65
38.16
38.04
37.17
37.67
36.73
37.45
38.46
38.14
38.29
36.93
36.25
36.71
37.26
37.23
37.41
37.03
37.25
37.58
36.91
36.48
36.80
36.57
36.52
37.14
37.53
37.55
37.19
37.34
37.07
36.76
36.80
36.04
36.18
35.40
35.80
35.92
35.17
35.46
34.53
34.56
33.21
34.31
34.05
34.59
34.65
34.00
34.72
34.76
34.94
35.36
36.16
35.37
34.21
34.20
34.23
33.84
34.01
34.37
34.98
34.39
34.37
34.28
34.36
33.69
33.55
34.21
33.94
34.02
33.85
33.14
33.40
33.52
33.67
32.86
32.23
31.70
33.40
33.96
34.25
33.82
34.33
36.14
35.59
37.49
37.40
37.27
37.13
36.83
36.61
37.01
38.43
38.02
37.84
37.56
37.26
36.95
36.44
36.75
32.05
31.75
31.98
32.23
32.02
32.69
32.46
32.33
32.36
32.81
33.33
33.17
32.82
32.70
33.12
33.34
33.18
33.00
32.57
32.59
32.27
32.40
32.33
32.51
32.37
32.13
32.40
31.72
30.99
31.01
30.43
30.40
30.55
30.64
30.72
30.41
30.46
30.45
31.06
30.02
30.06
30.33
29.83
29.05
29.15
28.97
28.86
28.21
27.91
27.38
27.40
27.59
27.99
26.53
26.26
26.69
27.12
26.51
26.91
27.10
28.06
27.19
27.64
27.66
27.18
26.65
27.68
28.00
28.00
27.69
28.50
29.33
28.71
28.71
27.69
28.40
28.97
28.29
28.21
28.17
29.25
29.00
28.57
29.64
29.95
29.74
29.31
29.52
29.80
29.35
28.71
28.65
28.75
29.12
28.32
28.27
28.22
28.83
28.10
28.53
28.57
27.70
27.88
29.09
28.12
28.09
28.16
26.75
24.60
25.06
23.39
24.79
26.62
26.15
24.95
24.59
25.68
25.25
23.10
25.50
24.50
22.15
21.57
21.38
20.30
20.65
19.01
21.50
21.00
20.85
19.25
19.89
19.63
20.14
20.35
18.96
18.80
17.83
17.73
19.49
19.20
19.35
19.51
19.30
20.77
19.93
18.34
18.86
18.45
17.81
16.29
16.86
16.02
16.11
16.06
14.45
12.84
14.03
15.26
15.77
16.19
17.17
15.50
17.61
18.13
17.55
17.85
18.88
17.78
18.00
17.05
17.11
16.95
17.92
17.39
15.96
16.50
16.07
16.43
16.11
15.97
15.66
15.82
16.20
17.07
16.63
16.86
16.11
16.14
16.00
15.83
14.94
14.11
13.77
13.96
12.93
13.03
13.48
12.03
12.42
13.06
13.50
12.72
12.13
11.62
11.37
11.26
10.85
11.10
12.64
11.62
11.94
11.68
11.44
10.81
10.86
10.06
9.38
8.85
9.08
9.01
9.10
8.51
7.60
7.01
6.69
6.66
7.06
7.41
8.87
8.49
9.57
9.62
9.66
10.00
10.32
10.13
9.54
10.43
10.41
10.49
10.90
10.78
9.93
10.11
10.17
10.74
10.94
11.19
10.65
10.64
11.33
12.13
11.51
11.83
12.27
12.39
11.35
11.70
11.80
11.88
12.11
12.09
12.00
12.22
12.65
12.69
13.10
13.10
13.67
13.96
14.53
14.19
13.68
12.91
13.04
12.86
13.47
13.70
13.77
13.24
13.10
13.39
12.99
13.19
13.48
13.86
13.80
13.50
13.75
13.54
13.56
13.57
13.40
13.46
13.51
13.15
12.78
12.25
11.97
12.10
11.52
11.60
11.70
11.86
11.75
11.76
11.72
11.78
11.46
11.48
11.01
10.71
10.86
10.78
11.46
11.64
12.24
12.40
11.65
11.67
11.47
11.63
11.95
12.03
12.32
12.52
12.26
13.11
13.40
13.72
13.82
13.99
14.31
14.70
14.57
13.99
14.13
14.10
13.92
13.36
13.59
13.53
13.81
14.21
14.20
14.30
14.11
14.19
14.08
13.90
13.34
13.20
13.45
13.87
14.50
14.87
14.80
14.67
15.35
16.00
17.00
16.66
16.50
16.76
17.01
17.00
16.58
16.37
16.76
16.71
16.42
15.97
15.36
15.83
16.08
16.16
16.22
16.18
16.33
16.39
16.84
16.79
16.08
15.84
15.58
15.53
15.34
15.20
15.01
14.93
14.42
14.87
14.26
14.47
14.32
14.19
14.43
15.33
15.85
15.78
15.83
15.75
15.66
16.00
16.02
16.09
15.76
15.59
16.02
16.12
16.18
15.94
16.02
16.17
16.07
16.00
16.20
16.08
15.72
15.66
15.61
15.92
15.95
15.75
15.69
15.79
15.59
15.57
15.48
15.41
15.44
15.34
15.44
15.35
15.13
15.45
15.53
15.45
16.25
16.60
16.76
16.77
16.83
16.70
16.44
16.54
16.50
16.02
16.11
16.37
16.35
16.30
16.16
16.08
16.25
16.85
16.68
16.04
15.79
15.60
15.60
15.69
15.77
15.55
16.04
16.15
16.24
16.17
16.25
15.95
16.12
15.92
16.06
15.90
15.90
16.03
16.11
16.35
16.27
16.49
16.51
16.48
17.04
17.29
18.07
18.04
18.19
18.07
18.07
18.33
18.45
18.30
18.34
18.40
18.30
18.20
18.33
18.53
18.60
18.50
18.56
18.52
18.71
18.95
19.35
19.50
18.97
18.94
19.00
19.03
18.95
19.07
19.30
18.70
18.95
19.49
18.86
19.26
18.58
18.10
17.31
16.88
18.04
18.00
18.44
18.05
17.64
17.56
17.23
17.26
16.26
16.42
16.01
15.95
16.01
16.66
16.35
15.98
16.35
16.45
15.71
15.41
15.48
15.32
15.68
15.56
15.39
15.79
15.85
15.91
15.95
16.10
15.79
15.39
15.08
14.91
15.00
14.48
14.42
14.12
13.88
13.97
14.62
14.83
14.95
14.93
15.21
15.20
15.25
14.55
14.62
14.94
14.84
15.21
15.71
16.14
16.18
16.05
16.15
16.12
16.41
16.40
16.48
16.52
16.45
16.38
16.25
15.70
15.50
15.38
15.46
15.58
15.70
15.25
15.03
14.89
14.57
14.57
14.50
14.71
14.52
14.48
15.01
15.15
15.39
15.44
15.70
15.91
15.98
16.25
16.16
16.34
16.23
16.29
16.55
16.52
16.50
16.14
16.66
16.43
16.44
16.36
16.25
16.36
16.10
16.51
16.90
17.05
17.12
16.96
17.19
17.28
17.16
16.30
16.25
16.07
16.05
16.10
16.06
16.06
16.16
16.11
16.08
16.02
15.95
15.94
16.06
16.51
16.73
16.71
16.62
16.55
16.35
16.25
16.20
15.86
15.81
16.04
16.22
16.03
15.76
15.94
15.80
15.97
15.83
16.30
16.68
16.78
16.70
17.03
17.04
17.13
17.72
17.62
17.69
17.49
17.77
17.70
17.70
17.90
18.06
18.04
18.19
18.32
18.27
18.19
18.29
18.28
18.61
18.64
18.56
18.43
18.51
18.63
18.67
18.60
18.82
18.60
18.33
18.43
19.74
20.04
19.98
19.92
20.28
20.20
20.14
20.80
20.71
20.75
20.56
20.87
21.28
21.31
21.27
21.33
21.50
21.46
21.44
21.52
21.44
20.82
20.37
20.58
20.82
20.92
20.25
20.32
20.75
20.37
20.38
20.63
20.63
20.10
20.36
19.92
19.61
18.95
19.22
19.25
19.72
19.49
19.53
19.78
19.75
19.75
19.86
20.11
20.05
20.34
20.53
20.33
20.55
20.35
20.19
20.18
20.01
19.94
20.00
20.04
19.98
20.27
20.40
19.95
19.89
20.10
20.65
20.60
20.45
20.48
20.64
20.27
19.90
20.01
20.07
20.30
20.09
20.14
19.89
19.76
19.59
19.76
19.96
19.62
19.39
19.10
19.22
19.42
19.44
19.64
19.13
19.09
18.82
18.46
18.48
18.51
18.58
18.32
18.39
18.60
18.39
18.44
18.49
18.48
18.81
18.56
18.38
17.97
18.28
18.44
18.56
18.86
19.20
19.04
19.05
19.30
18.99
18.63
18.38
18.51
18.53
18.41
18.29
18.58
18.79
19.16
19.04
18.96
18.56
18.11
18.11
17.91
17.97
17.21
17.47
16.47
16.51
15.43
15.96
15.09
15.68
15.88
16.39
16.15
16.23
15.34
15.09
15.11
15.54
15.72
15.45
15.54
16.04
16.12
16.31
16.20
15.76
15.25
15.80
15.59
15.09
15.01
15.41
15.79
16.08
16.33
16.18
16.04
15.38
15.04
15.21
15.57
15.76
15.45
15.86
15.22
14.69
14.86
15.27
15.53
15.50
16.14
16.14
16.40
16.22
16.60
16.23
16.71
16.52
16.63
16.31
16.45
16.22
16.35
17.37
17.25
16.71
16.02
16.25
16.67
16.39
16.39
16.48
15.85
16.06
16.30
16.10
16.20
15.95
15.64
15.65
15.24
14.99
14.73
14.70
14.80
14.92
15.91
15.91
16.09
16.33
16.72
16.74
16.31
16.84
16.46
16.42
16.61
16.79
17.01
16.86
17.28
17.69
18.05
18.23
18.01
17.83
18.07
17.91
18.36
18.56
18.55
18.65
18.86
18.72
18.88
18.93
18.84
18.74
19.02
19.15
19.15
18.94
18.84
19.13
19.07
19.03
18.90
18.71
18.77
18.75
19.02
19.05
19.18
19.24
19.13
18.88
19.07
18.94
18.76
19.01
19.28
19.41
19.39
19.31
19.24
19.07
19.16
19.05
19.12
18.97
18.85
18.42
18.77
19.03
19.04
19.13
19.59
19.79
20.16
20.20
20.21
20.07
20.07
19.85
19.78
20.05
20.04
20.01
19.95
20.07
20.02
19.96
19.74
19.49
19.20
18.74
19.01
19.30
18.88
18.90
19.34
19.10
19.14
19.36
19.07
19.54
19.45
19.62
19.78
19.58
19.80
19.77
19.61
19.34
19.32
19.25
18.91
19.09
19.01
18.60
18.40
19.00
18.88
18.95
19.12
19.18
19.18
19.25
19.20
19.35
19.04
19.09
18.54
18.15
18.24
18.88
19.00
19.20
19.11
19.48
19.37
19.72
20.00
19.75
20.00
20.10
19.53
19.81
19.52
19.80
20.13
20.20
20.84
20.49
20.43
20.33
20.00
20.04
19.62
19.68
19.44
19.77
19.59
19.72
19.84
19.80
19.87
20.09
19.97
20.00
20.56
20.92
20.80
20.75
20.73
20.52
20.96
20.97
21.12
21.01
21.06
21.10
20.99
20.94
20.96
21.05
21.00
20.93
20.85
20.78
20.64
20.80
20.85
20.81
20.82
20.64
20.71
20.51
20.65
21.31
21.59
21.48
21.59
21.89
22.02
22.11
22.05
22.24
22.43
22.43
22.53
22.36
22.31
22.10
22.73
22.71
22.81
22.79
22.91
22.95
23.12
22.92
22.62
22.43
22.51
22.48
22.64
22.64
22.91
22.81
22.03
21.70
21.28
21.26
21.26
21.11
21.06
21.34
21.31
21.41
21.59
21.13
20.89
21.00
20.89
20.68
20.01
20.06
20.15
20.66
20.62
20.68
21.04
21.06
20.87
21.14
21.13
21.13
20.82
20.86
21.23
21.37
21.46
21.39
21.51
21.78
21.62
21.62
21.93
21.69
21.01
21.05
20.88
20.82
20.77
20.69
20.44
20.99
21.34
21.10
21.20
21.13
20.90
20.95
21.17
21.13
21.12
21.20
21.12
21.30
22.04
22.01
21.94
22.05
22.29
22.50
22.50
22.23
22.28
22.62
22.31
22.54
22.44
22.48
22.50
22.45
22.58
23.39
23.41
23.29
23.75
23.41
23.26
23.39
22.81
23.05
23.37
23.22
23.19
23.27
23.59
23.67
23.68
23.77
23.62
23.41
23.49
23.69
23.44
23.25
23.32
23.46
23.29
23.37
23.24
23.12
23.10
23.12
23.08
23.34
23.00
23.08
22.93
23.12
23.06
23.58
23.59
23.46
22.81
23.10
22.76
22.67
21.75
21.35
21.50
21.96
21.95
22.21
22.27
22.29
22.15
22.32
22.57
22.58
22.68
23.01
22.78
22.90
22.85
23.01
23.24
23.27
23.46
23.57
23.66
23.86
23.66
23.53
23.60
23.64
23.60
23.32
23.64
23.66
23.32
23.38
23.86
23.78
23.58
23.50
23.68
23.52
23.77
24.33
23.98
23.25
23.36
22.93
23.11
23.25
23.32
23.19
23.34
22.90
22.91
23.24
23.32
23.62
23.54
23.94
23.76
23.63
23.43
23.54
23.63
24.72
24.86
24.71
24.62
24.69
24.65
24.49
24.48
24.37
24.62
24.70
24.52
24.31
24.34
24.33
24.25
24.27
24.20
24.07
24.00
23.95
23.85
23.72
23.61
23.78
23.78
23.61
23.18
23.20
23.11
23.14
23.06
23.17
23.16
23.16
23.39
23.87
24.09
23.85
23.78
24.14
24.45
24.86
24.46
24.01
24.28
24.32
24.23
24.25
24.05
23.89
24.17
24.33
24.10
24.05
23.94
23.67
23.57
24.25
24.40
24.38
24.19
24.36
24.68
25.55
26.14
26.02
25.70
25.94
25.88
26.09
26.21
26.37
26.14
26.54
26.43
26.42
26.90
26.60
27.05
27.01
27.05
27.15
26.99
27.20
27.22
27.03
26.96
26.91
27.08
26.73
26.78
26.83
26.66
26.66
26.56
26.64
26.45
26.94
27.19
27.14
26.58
26.54
26.84
26.98
27.03
27.41
27.32
27.36
27.40
27.61
27.83
27.83
27.89
28.03
27.50
27.48
27.26
27.29
27.21
27.22
26.96
26.73
26.97
27.34
27.20
26.58
26.29
25.99
25.82
24.95
25.07
25.46
25.29
25.50
25.13
24.35
24.57
24.52
24.95
25.19
25.05
25.43
25.39
25.44
25.74
25.65
25.40
25.12
24.94
25.29
25.27
25.30
25.50
25.47
25.12
25.65
25.93
26.22
26.13
26.04
25.90
25.76
25.34
25.11
25.43
25.65
25.28
25.27
25.40
25.41
25.70
25.62
25.81
25.88
25.89
25.87
26.04
26.23
26.02
25.85
25.75
25.95
25.58
25.43
25.71
25.82
26.12
26.56
26.59
26.58
26.42
26.46
26.60
26.78
26.76
26.89
26.77
26.68
26.58
26.19
26.53
26.44
26.42
26.85
26.92
26.76
26.60
26.67
26.61
26.30
26.49
26.51
26.51
26.57
26.66
26.74
26.79
26.83
26.79
26.55
26.77
27.18
27.44
27.41
27.15
26.96
27.04
26.82
26.87
26.89
26.93
26.97
26.68
26.58
26.42
26.29
26.43
26.28
26.40
26.61
26.86
26.75
26.37
26.32
26.20
26.55
26.66
26.61
27.02
26.61
26.46
25.98
26.02
25.91
25.94
25.79
25.59
25.45
25.64
25.15
25.35
25.27
25.02
25.44
25.50
25.66
25.79
25.61
25.83
25.88
25.64
26.07
26.05
26.36
26.43
26.15
26.20
26.01
26.13
26.01
25.98
25.85
25.95
25.96
26.10
26.08
25.90
25.95
26.02
25.87
25.92
26.21
26.27
26.21
26.29
26.08
26.02
25.93
25.55
25.63
25.42
25.62
25.16
25.12
25.40
25.22
24.81
25.25
24.78
24.27
23.95
24.10
24.28
24.25
24.82
25.03
25.45
25.19
25.44
25.64
25.52
25.88
25.66
25.67
25.81
25.70
25.70
25.82
26.36
26.41
26.47
26.38
26.52
26.42
26.46
26.61
27.01
26.92
26.85
