149.19
144.00
142.56
142.63
147.00
151.12
150.62
150.56
153.00
149.56
146.75
146.25
142.63
143.94
136.44
137.00
138.88
137.06
133.63
133.06
134.00
134.06
135.25
140.50
135.88
136.50
134.06
133.12
133.56
133.56
133.94
134.38
130.00
124.94
125.06
128.38
126.06
125.69
126.00
130.12
130.75
130.88
137.06
134.62
129.62
129.06
127.19
130.00
127.63
126.81
126.25
133.50
137.19
137.62
138.06
148.63
150.94
155.94
156.25
156.00
157.37
157.56
154.75
155.00
147.13
150.69
154.06
156.19
157.88
157.63
156.00
150.00
143.06
143.87
151.94
154.12
155.50
156.31
160.88
161.31
158.19
156.56
157.75
158.19
154.56
152.75
153.50
51.62
50.88
50.06
50.75
50.69
52.25
54.00
53.12
52.88
51.00
48.75
48.94
49.00
49.75
49.31
49.38
51.50
50.75
51.75
51.06
50.56
51.00
50.50
49.25
48.44
49.75
50.31
50.00
51.05
50.00
50.12
49.19
47.94
48.56
49.06
49.06
49.56
49.31
49.06
51.38
49.50
49.81
50.31
51.12
52.06
52.25
51.94
51.50
51.56
52.25
52.56
52.81
53.62
53.62
53.50
52.12
52.25
50.38
51.44
51.81
51.50
51.88
51.19
52.12
52.00
53.62
55.50
55.75
55.81
56.19
56.19
56.00
55.75
56.12
56.06
56.12
57.75
58.88
59.44
59.19
57.12
57.19
57.81
57.81
58.50
58.19
58.25
58.69
58.94
58.56
58.31
56.38
56.62
56.62
55.00
55.56
55.12
56.88
57.06
57.81
58.62
57.69
57.75
58.50
58.62
58.75
57.81
58.44
57.56
55.31
54.00
54.50
56.62
54.94
52.88
54.75
51.62
49.00
50.06
52.12
51.38
51.81
52.25
53.81
53.88
53.50
52.94
53.31
54.25
54.12
53.12
53.25
50.50
51.25
51.56
52.06
51.19
49.88
50.06
48.38
49.06
49.12
48.75
49.00
47.94
50.31
50.81
51.62
52.88
53.12
54.31
54.38
52.31
52.75
51.44
49.25
50.50
50.12
47.44
47.19
47.88
48.06
48.19
47.62
47.62
42.62
43.81
47.12
46.12
44.62
43.75
43.19
45.25
45.00
45.62
46.44
46.62
46.62
45.44
46.12
45.81
45.81
44.56
44.00
44.42
45.56
45.90
45.85
46.05
47.20
46.62
47.03
45.39
45.66
47.13
46.12
46.15
46.26
47.17
47.22
46.06
45.02
46.20
47.00
45.60
44.91
44.52
44.60
45.32
45.47
45.00
43.45
38.60
40.75
40.10
40.70
40.10
40.15
40.00
38.87
36.42
38.15
40.05
40.55
40.80
40.70
41.22
40.88
39.26
39.04
40.60
40.35
41.22
42.60
42.75
43.22
43.91
43.99
45.52
47.33
47.50
46.88
45.89
46.40
48.49
48.29
48.01
47.80
48.12
48.01
47.51
49.48
48.71
48.76
49.41
48.51
48.79
49.30
49.65
51.70
51.94
52.70
51.70
51.19
50.75
49.55
49.65
49.00
48.75
48.00
48.91
48.62
48.41
48.17
47.79
47.22
46.26
47.70
47.85
48.00
48.54
48.75
48.57
50.38
51.09
50.15
48.78
47.74
47.39
48.48
48.88
49.26
48.40
46.60
46.30
45.69
44.30
44.90
46.14
45.78
45.40
45.40
46.03
46.18
45.20
43.25
43.15
43.25
43.85
43.40
42.99
42.40
42.10
41.90
41.28
41.26
41.50
41.30
41.39
42.02
41.70
41.71
41.00
40.35
40.41
40.40
40.29
40.61
41.01
41.65
41.15
40.61
39.84
40.07
40.35
40.50
40.41
39.34
38.95
34.50
33.56
31.00
30.37
28.50
32.75
34.67
35.00
35.02
36.02
37.05
36.69
37.40
37.10
36.21
36.25
36.41
36.51
38.30
37.51
38.06
38.10
37.02
36.85
36.54
37.01
36.92
36.90
36.04
37.60
37.35
36.32
36.25
36.05
37.08
38.44
38.45
39.09
39.45
39.84
38.61
39.80
40.51
40.80
40.26
40.70
40.80
40.16
40.55
41.00
40.63
39.14
39.14
38.45
36.61
37.00
37.11
37.55
37.05
36.65
36.44
36.21
36.55
36.45
37.70
39.35
39.50
40.63
40.95
41.00
40.55
40.32
40.42
40.03
40.05
40.15
40.28
39.10
38.60
38.19
38.40
38.16
37.78
37.57
37.71
38.30
38.25
38.23
37.49
37.34
37.61
37.76
36.22
34.49
35.50
36.39
34.72
35.09
35.94
36.55
36.23
37.05
36.95
37.50
37.54
37.02
36.32
36.15
37.38
37.08
38.00
38.50
38.50
38.46
38.70
39.47
39.80
40.40
40.40
40.24
40.86
40.33
39.92
40.00
39.91
39.73
39.59
38.50
36.83
37.03
37.00
37.00
37.05
37.24
36.60
36.70
36.00
36.64
36.77
36.38
36.26
36.40
33.50
33.00
31.64
32.19
33.21
33.00
33.52
32.80
32.65
32.38
31.82
31.48
30.68
30.15
30.75
31.06
30.74
30.89
30.51
31.30
31.34
30.61
30.40
30.90
30.91
31.14
32.25
32.48
32.00
31.50
31.82
32.48
31.86
31.31
30.75
31.00
29.95
29.79
29.81
29.11
28.40
29.75
29.35
29.35
29.74
28.88
29.88
30.24
30.30
29.60
28.75
28.10
28.70
27.42
28.74
29.02
28.25
27.41
26.90
28.50
29.08
28.24
27.05
26.40
27.15
25.25
27.32
27.45
27.51
26.25
25.34
24.47
23.02
25.85
26.49
28.84
29.64
30.24
31.25
29.09
28.27
29.20
29.55
30.61
31.24
31.45
30.80
29.80
31.18
31.20
31.50
31.90
31.86
32.13
31.99
31.29
31.68
31.01
30.05
29.98
28.44
28.28
27.94
28.25
27.94
28.63
28.90
27.85
26.95
27.05
27.51
26.90
26.55
26.02
25.93
25.55
26.13
25.79
24.34
23.51
24.60
24.19
24.56
24.00
22.84
22.49
21.90
21.40
23.44
23.89
25.30
25.19
26.40
26.09
26.20
26.50
26.10
25.65
25.77
26.04
25.20
24.90
25.04
24.96
26.21
26.05
25.95
25.75
24.63
24.04
23.75
23.46
24.36
23.49
23.60
23.20
23.76
24.80
26.34
26.16
26.27
26.60
27.01
26.92
26.54
26.43
25.75
25.21
25.46
25.51
25.55
25.68
25.25
25.63
25.80
25.47
25.10
25.55
25.47
25.30
25.20
24.54
24.20
24.10
24.55
25.01
25.35
25.75
25.36
25.63
25.50
25.51
25.42
25.18
24.75
24.30
23.99
23.51
23.62
23.01
22.73
23.03
22.51
22.52
22.45
23.25
22.87
22.85
22.60
22.46
22.23
22.40
22.24
21.30
21.82
22.54
22.71
23.14
23.13
23.42
22.90
23.34
23.33
23.74
23.80
23.28
23.24
23.50
23.40
23.60
23.34
23.16
24.20
24.95
24.75
25.95
26.12
26.43
27.10
26.51
26.40
26.52
25.94
26.02
25.32
25.50
26.72
26.60
27.33
27.73
27.80
27.15
26.90
27.35
27.27
27.74
27.79
27.78
27.47
28.05
28.83
28.76
28.79
28.75
29.15
29.15
28.37
28.77
28.72
28.79
28.73
28.38
28.08
28.75
28.32
28.40
28.35
27.85
27.46
27.35
27.40
27.59
27.60
27.42
28.13
27.83
28.26
28.82
28.75
28.97
29.00
29.86
30.04
30.19
30.45
30.66
30.17
30.76
31.17
30.70
29.61
29.81
29.75
29.82
29.24
28.96
28.53
28.55
28.08
28.42
28.41
28.87
28.65
28.31
28.00
27.99
28.01
27.52
27.13
26.90
27.20
27.02
27.00
27.00
27.37
27.58
28.21
27.80
27.70
28.04
28.20
27.80
27.76
27.53
27.18
27.94
28.00
27.98
27.85
28.03
28.61
28.97
29.33
29.25
29.62
29.75
29.55
29.40
29.60
29.40
29.30
29.58
30.51
31.01
30.82
30.60
30.90
30.90
31.05
31.13
31.25
31.23
31.48
31.71
31.52
31.20
31.18
30.81
30.34
29.31
29.98
29.62
29.80
30.43
30.75
30.73
30.51
30.15
30.00
29.20
28.65
28.66
28.74
28.78
28.42
28.51
28.78
28.30
28.24
28.00
28.13
28.23
28.42
28.79
28.95
28.80
28.40
28.25
28.05
28.06
28.09
27.97
28.10
28.15
27.85
27.37
28.40
28.95
28.79
28.53
28.62
28.62
28.53
28.65
28.78
28.95
29.32
29.10
29.01
29.15
29.44
29.54
29.74
29.95
30.11
30.21
30.44
30.73
30.51
30.73
30.91
30.79
30.70
30.52
30.58
30.58
30.92
31.11
31.20
31.16
31.67
31.65
31.92
31.36
31.53
31.65
32.23
33.17
33.03
33.42
33.08
33.42
34.03
33.51
33.66
33.48
33.32
33.13
32.90
33.05
32.98
32.80
32.40
32.35
32.65
32.72
32.93
32.75
32.58
32.50
32.71
33.05
32.92
32.61
32.52
32.51
32.42
32.41
32.70
32.60
31.76
31.31
30.90
30.26
30.46
30.13
30.10
30.51
30.30
30.11
29.02
29.19
28.88
29.10
30.02
30.45
30.31
30.41
30.33
30.85
30.97
31.37
31.29
31.15
31.45
30.86
30.15
30.30
30.78
30.40
30.39
30.04
30.21
30.55
30.65
30.50
30.00
29.98
29.80
30.02
30.26
29.62
30.10
29.98
29.55
29.96
29.70
30.12
29.96
29.68
29.99
30.16
30.17
30.31
30.56
30.67
31.15
31.05
30.97
30.82
30.96
30.94
31.06
31.41
31.26
31.15
31.15
31.30
31.57
31.73
31.99
32.23
32.47
32.50
32.73
33.04
32.18
32.11
32.32
32.08
31.87
31.64
31.50
31.73
31.68
31.92
32.01
32.65
32.73
33.00
33.05
32.92
32.97
32.60
32.40
32.12
32.02
32.45
32.35
32.97
32.88
32.65
32.80
32.62
32.19
31.42
31.49
31.75
31.75
31.60
31.50
31.82
32.05
32.01
32.33
32.49
32.46
32.41
32.42
32.64
32.65
32.55
32.31
32.62
32.78
32.78
33.03
33.33
33.59
33.52
33.71
33.52
33.49
33.50
33.70
34.02
34.03
33.71
33.40
33.21
33.01
33.04
33.28
33.30
33.65
33.89
33.82
33.93
33.95
33.50
33.78
33.70
33.55
33.40
33.40
33.22
33.42
33.06
33.00
32.74
32.65
32.90
33.35
33.71
33.80
33.81
33.90
34.03
34.33
34.78
34.92
35.02
35.30
35.40
35.83
35.95
35.85
36.10
36.38
35.94
35.94
35.49
35.56
35.44
35.12
35.30
35.36
35.75
35.65
35.59
35.27
35.54
35.50
36.00
36.82
37.18
37.01
37.00
36.26
36.92
36.97
36.66
36.71
36.57
36.53
36.42
36.56
36.40
36.44
36.12
35.93
35.94
35.85
35.73
35.32
35.10
35.10
35.27
35.07
35.41
35.28
35.11
34.95
35.57
35.45
35.37
35.42
35.90
35.89
36.00
35.93
36.02
36.05
36.20
35.87
36.01
35.95
36.20
36.25
36.06
36.02
35.69
35.34
35.12
35.05
35.41
35.14
35.15
35.06
35.45
35.72
36.05
36.01
35.70
35.80
35.75
35.78
36.00
35.48
35.27
35.28
35.48
35.42
35.38
35.71
35.87
35.43
35.59
35.96
35.45
35.02
35.17
35.44
35.51
35.67
35.72
35.46
35.54
35.40
35.75
35.75
35.90
35.35
35.62
35.68
36.15
36.16
35.94
35.62
35.61
36.05
35.77
35.88
35.73
35.80
35.83
35.72
35.67
35.81
35.56
35.80
36.03
36.48
36.69
36.85
36.83
37.00
36.76
36.83
36.86
36.46
36.48
36.81
36.65
36.57
36.74
36.80
36.52
36.36
36.52
36.36
36.17
36.06
36.09
36.21
36.15
35.68
34.52
34.15
34.59
34.72
34.99
34.55
34.66
34.50
34.28
33.93
34.35
35.06
34.95
35.06
35.25
34.95
35.15
35.11
35.04
35.00
34.87
34.70
34.69
34.65
34.80
34.49
34.21
34.20
34.09
33.99
33.75
33.70
33.90
33.87
33.95
34.22
34.02
33.87
33.86
33.94
33.86
33.82
33.78
33.54
33.41
33.31
33.10
32.85
32.96
33.00
33.21
33.45
33.68
33.73
33.90
33.99
34.06
34.00
34.07
34.22
33.89
33.75
33.50
33.16
33.26
33.13
33.22
33.26
33.08
33.34
33.20
32.85
32.67
33.18
33.68
33.96
33.69
33.58
33.75
34.10
33.94
33.95
33.90
33.74
33.65
33.76
33.63
33.69
33.41
33.52
33.84
33.55
33.51
33.80
33.75
33.95
33.73
33.71
33.92
34.40
34.30
34.29
34.35
34.40
35.25
35.65
35.89
35.91
35.92
35.94
35.86
35.72
35.64
35.26
35.40
35.72
35.41
35.27
35.34
35.45
35.35
35.55
35.77
36.02
35.65
35.38
35.25
35.17
35.39
35.03
34.95
35.10
34.98
34.80
35.10
35.10
35.19
35.24
35.05
35.10
34.94
34.80
34.82
34.61
34.50
33.22
33.26
32.91
32.65
32.74
32.75
32.74
32.63
32.64
32.88
32.77
32.65
32.21
32.23
32.76
32.87
33.08
33.04
33.26
33.06
33.29
33.22
33.50
33.21
33.02
33.11
32.85
32.70
32.58
32.73
32.95
33.01
33.01
33.16
33.26
33.43
33.48
33.78
34.34
34.40
34.40
34.28
34.34
34.01
33.89
33.69
33.49
33.55
34.05
34.72
34.59
34.32
34.39
34.12
34.01
33.80
33.63
34.17
33.61
33.07
33.21
33.50
33.63
33.68
33.80
33.80
33.88
33.89
34.35
34.32
34.10
34.19
34.48
34.87
34.97
34.90
34.50
34.13
34.18
34.08
34.71
34.40
34.14
33.95
34.02
33.91
33.70
34.02
34.10
34.01
33.97
34.22
34.48
34.18
34.21
34.40
33.94
33.92
33.86
33.71
33.66
33.60
33.65
33.64
33.54
33.44
33.14
33.11
32.92
32.88
32.78
32.88
32.94
33.09
33.15
33.30
33.21
33.10
32.99
33.00
32.56
32.06
32.08
32.25
32.49
32.48
32.20
32.29
32.45
32.48
32.54
32.74
32.68
32.48
32.42
32.43
32.60
32.51
32.20
32.24
32.24
32.42
32.63
33.04
33.32
33.65
33.71
33.77
33.68
33.60
33.75
33.71
33.70
33.90
34.19
34.01
34.02
33.92
33.85
33.83
33.88
33.76
34.38
34.49
34.50
34.72
34.61
34.60
34.65
34.25
34.27
34.33
34.89
35.17
35.22
35.20
35.28
35.46
35.56
35.94
36.03
35.86
36.06
36.03
36.10
35.47
35.34
35.24
35.46
35.14
35.26
35.27
35.34
35.35
35.42
35.17
35.11
34.92
34.85
34.62
34.69
34.90
35.27
35.40
35.25
35.12
35.28
35.18
35.49
35.87
35.78
35.93
35.72
35.72
35.69
35.28
35.05
35.19
35.16
34.96
35.27
35.13
35.07
35.09
35.00
35.05
35.07
35.40
35.36
36.21
37.41
37.75
38.01
37.63
37.51
37.43
37.57
37.45
37.16
37.38
37.45
37.31
37.25
37.36
37.34
37.42
37.67
37.93
37.85
37.26
36.85
36.59
36.38
36.52
36.26
36.01
36.03
35.76
35.83
35.76
36.12
36.20
36.23
36.06
35.60
35.48
35.55
35.64
35.79
36.06
35.87
35.75
35.82
35.31
35.09
35.15
34.50
34.65
34.32
34.70
34.52
34.52
34.32
34.35
34.22
34.01
34.01
33.90
34.11
34.25
34.43
34.50
34.73
35.40
35.60
35.44
35.66
35.30
35.34
35.00
35.11
35.17
35.07
34.94
34.75
34.75
34.86
34.86
35.25
35.20
35.06
34.90
34.90
34.93
34.78
34.55
34.91
35.46
36.02
36.61
36.72
37.12
37.13
37.06
37.15
36.95
36.86
36.70
36.80
36.50
36.61
36.52
36.45
36.70
37.00
37.11
37.34
37.28
37.32
37.14
37.16
37.51
37.24
37.68
37.37
37.12
36.73
36.65
37.05
37.05
37.10
37.60
37.96
37.96
37.91
38.96
38.50
38.24
37.93
37.87
37.64
37.78
38.00
38.02
38.36
38.37
38.37
38.37
37.89
37.73
38.20
39.50
39.54
40.00
39.93
40.48
40.00
40.30
40.15
39.94
39.35
38.79
38.65
38.73
38.45
38.64
38.06
38.01
38.74
39.46
38.87
37.19
38.00
37.51
36.72
36.20
37.72
37.75
37.98
38.50
38.60
38.98
38.90
38.05
38.15
38.25
38.49
38.51
38.45
38.51
38.61
38.51
39.05
39.31
39.94
39.94
40.04
40.20
41.64
41.05
41.18
40.77
40.56
40.96
41.13
41.10
41.28
41.80
41.50
41.45
41.69
41.41
41.50
41.70
41.37
40.12
40.41
40.58
40.77
40.52
39.87
39.68
40.02
39.40
39.72
39.96
40.32
40.31
40.46
40.17
39.97
39.95
39.97
38.99
37.50
38.11
38.17
38.25
38.82
38.13
37.87
38.00
37.50
36.94
37.16
36.52
36.80
37.56
37.80
37.65
36.60
36.07
36.24
36.54
36.95
37.05
36.15
36.85
36.75
36.87
36.28
36.24
36.32
36.22
36.65
37.15
37.40
37.11
37.06
36.96
36.55
36.70
35.98
35.91
35.20
35.15
35.37
34.98
35.25
34.35
34.31
32.92
33.80
33.19
33.25
33.95
33.87
34.14
34.50
34.57
34.50
35.36
35.19
34.18
34.00
34.02
33.54
33.55
34.10
34.59
34.27
34.10
34.11
33.80
33.47
33.15
33.55
33.77
33.73
33.62
33.09
33.14
33.14
33.29
32.80
32.01
31.65
32.31
33.45
33.31
33.06
32.83
34.71
35.55
36.40
37.04
36.92
36.79
36.72
36.51
36.54
37.32
37.71
37.57
37.32
37.10
36.55
36.21
36.16
31.81
31.75
31.55
32.02
32.00
32.27
32.38
32.20
32.28
32.43
32.81
33.03
32.75
32.60
32.64
33.17
32.96
32.62
32.50
32.45
32.14
32.20
32.26
32.33
32.17
31.97
32.00
31.55
30.91
30.80
30.35
30.21
30.21
30.26
30.57
30.18
30.25
30.30
30.46
30.00
29.88
29.78
29.80
28.89
28.49
28.38
28.77
28.16
27.80
27.27
27.28
27.20
27.65
26.51
26.15
26.31
26.30
26.46
26.50
26.84
27.11
27.14
27.07
27.30
27.02
25.60
26.42
27.69
27.58
27.61
27.60
28.55
28.68
28.35
27.65
27.75
28.56
28.29
28.10
27.76
28.38
28.73
28.49
28.57
29.47
29.57
29.08
29.01
29.52
29.15
28.44
28.09
28.20
28.85
28.18
27.98
28.06
28.30
28.08
28.44
28.30
27.60
27.39
28.25
28.06
27.75
26.85
26.33
23.91
22.16
22.30
22.19
25.52
25.65
24.66
23.81
23.50
24.52
23.10
23.87
21.65
22.01
21.49
19.69
20.19
19.90
19.00
18.40
20.35
19.75
19.05
18.31
19.00
19.43
19.90
18.50
17.97
17.27
17.52
17.73
18.70
18.93
19.12
19.20
19.75
19.80
18.00
18.28
18.10
17.36
16.05
14.58
15.95
15.40
15.27
14.45
12.58
12.80
14.26
15.09
15.20
16.20
15.42
15.77
16.86
17.12
16.98
18.35
17.59
17.67
16.99
16.40
16.66
17.01
17.12
15.77
16.00
15.75
16.18
15.92
15.78
15.35
15.55
15.77
16.27
16.50
16.46
16.01
15.72
15.83
15.68
14.72
14.02
13.25
13.06
12.80
11.88
12.07
11.87
12.17
12.65
13.17
12.69
12.01
11.51
11.32
11.19
10.66
10.75
11.12
11.36
11.71
11.20
11.35
10.71
10.68
9.95
8.98
8.78
8.43
8.71
9.01
8.40
7.51
6.85
5.87
6.53
6.66
6.88
7.95
8.31
8.43
9.30
9.60
9.44
9.70
9.95
9.26
9.78
10.05
10.09
10.65
10.65
9.78
9.93
9.80
10.57
10.71
10.66
10.57
10.41
11.09
11.25
11.42
11.14
11.71
11.75
11.25
10.85
11.52
11.57
11.95
11.85
11.78
12.11
12.52
12.50
12.81
13.00
13.31
13.77
14.14
14.10
13.26
12.75
12.50
12.70
13.08
13.49
13.74
13.05
13.02
12.85
12.86
12.81
12.22
13.51
13.55
13.30
13.43
13.51
13.34
13.40
13.12
13.34
13.29
13.01
12.72
12.14
11.46
11.93
11.50
11.25
11.62
11.52
11.70
11.64
11.55
11.64
11.46
11.27
10.96
10.50
10.63
10.60
10.87
11.46
11.86
11.90
11.55
11.58
11.32
11.25
11.57
11.78
12.03
12.18
12.11
12.97
13.15
13.45
13.39
13.83
14.02
14.39
14.39
13.87
13.68
13.94
13.77
13.16
13.45
13.29
13.57
14.00
14.05
14.20
14.01
13.95
13.98
13.75
13.29
13.03
13.29
13.30
14.36
14.61
14.52
14.63
14.40
15.48
16.33
16.35
16.43
16.24
16.91
16.95
16.34
16.06
16.44
16.67
16.31
15.95
15.15
15.51
16.00
15.91
16.20
16.10
16.27
16.08
16.56
16.48
15.85
15.80
15.47
15.50
15.11
15.11
14.83
14.86
14.35
14.46
14.15
14.19
14.17
14.15
14.21
14.83
15.60
15.48
15.65
15.66
15.56
15.77
15.89
15.95
15.57
15.45
15.83
15.92
16.04
15.30
15.81
15.96
15.96
16.00
16.06
16.01
15.65
15.52
15.55
15.69
15.92
15.65
15.66
15.55
15.59
15.54
15.43
15.31
15.36
15.26
15.30
15.26
15.13
15.15
15.45
15.44
15.43
16.27
16.54
16.57
16.57
16.68
16.35
16.34
16.33
15.95
16.09
16.22
16.26
16.03
16.01
16.07
16.10
16.24
16.62
16.01
15.25
15.47
15.43
15.50
15.48
15.35
15.68
16.06
16.08
16.00
16.16
15.86
15.88
15.71
15.95
15.83
15.83
15.95
15.97
16.15
16.24
16.25
16.42
16.32
16.50
16.94
17.45
17.97
17.91
17.93
17.80
18.15
18.27
18.26
18.18
18.25
18.25
18.13
18.18
18.33
18.41
18.39
18.25
18.40
18.54
18.72
19.01
19.37
18.65
18.64
18.98
18.89
18.61
18.80
19.10
18.59
18.65
19.03
18.79
18.96
18.35
17.93
15.15
16.52
17.88
17.82
18.07
17.96
17.41
17.09
17.05
16.75
16.25
15.65
15.97
15.25
15.97
16.14
16.16
15.93
15.95
16.23
15.56
15.37
15.05
15.22
15.52
15.37
15.35
15.36
15.62
15.65
15.86
16.03
15.77
15.37
15.00
14.82
14.91
14.27
14.35
13.87
13.75
13.81
13.96
14.57
14.75
14.78
15.16
15.06
14.88
14.50
14.47
14.36
14.64
14.97
15.03
15.70
16.10
15.95
15.94
15.91
16.31
16.36
16.37
16.27
16.09
16.30
15.96
15.54
15.34
15.34
15.15
15.50
15.51
15.05
14.89
14.85
14.41
14.25
14.44
14.37
14.51
14.31
14.60
14.94
15.20
15.21
15.32
15.82
15.81
16.05
16.11
15.97
16.11
16.08
16.23
16.42
16.40
16.05
16.30
16.40
16.14
16.24
16.15
16.26
16.00
16.19
16.46
16.85
17.03
16.92
16.94
17.18
16.97
16.15
16.10
15.98
15.88
16.02
16.01
16.06
16.03
15.99
16.03
15.98
15.88
15.88
15.88
16.18
16.51
16.62
16.54
16.37
16.22
16.11
16.18
15.76
15.76
16.00
15.95
15.78
15.63
15.78
15.75
15.68
15.72
16.03
16.28
16.46
16.63
16.88
16.86
17.06
17.20
17.55
17.58
17.37
17.47
17.57
17.65
17.74
17.82
17.98
17.92
18.16
18.26
18.16
18.13
18.22
18.12
18.42
18.42
18.20
18.46
18.58
18.48
18.56
18.55
18.56
18.19
18.17
19.25
19.74
19.80
19.92
19.90
20.12
20.10
20.30
20.65
20.42
20.40
20.73
20.91
21.06
20.94
21.03
21.45
21.24
21.25
21.26
21.30
20.66
20.08
20.10
20.50
20.82
20.24
20.16
20.70
20.19
20.01
20.26
20.30
20.03
19.94
19.45
18.60
18.71
19.06
19.22
19.55
19.47
19.25
19.48
19.69
19.66
19.53
19.93
19.96
20.12
20.44
20.30
20.37
20.19
20.07
20.08
19.80
19.87
19.60
19.99
19.51
19.93
20.28
19.73
19.89
20.00
20.15
20.47
20.40
20.43
20.35
20.15
19.81
19.95
19.90
20.12
20.00
19.90
19.76
19.68
19.46
19.41
19.84
19.58
19.13
19.05
18.97
19.13
19.42
19.48
19.10
18.94
18.75
18.39
18.47
18.40
18.49
18.14
18.22
18.50
18.32
18.20
18.34
18.30
18.56
18.56
18.01
17.97
18.00
18.16
18.40
18.56
18.75
18.91
18.96
19.14
18.85
18.50
18.38
18.50
18.47
18.29
18.16
18.35
18.60
18.86
18.95
18.85
18.50
18.05
18.09
17.78
17.68
17.16
17.06
16.42
16.10
15.30
14.82
15.01
15.00
15.79
16.08
15.95
16.08
15.20
15.03
15.05
15.11
15.42
15.34
15.10
15.75
15.75
16.16
16.15
15.55
15.00
15.44
15.49
15.03
14.72
14.86
15.20
15.84
16.07
15.87
16.04
15.36
14.82
14.86
15.07
15.67
15.42
15.50
15.19
14.68
14.02
14.75
14.96
15.24
15.76
15.96
16.25
16.02
16.40
16.19
16.24
16.41
16.33
16.13
16.32
16.05
16.22
16.81
17.11
16.70
15.97
16.16
16.36
16.23
16.11
16.26
15.75
15.97
16.23
16.02
16.03
15.92
15.50
15.62
15.20
14.98
14.72
14.70
14.68
14.82
15.26
15.73
16.04
16.18
16.47
16.53
16.25
16.36
16.32
16.30
16.30
16.59
16.91
16.79
17.04
17.15
17.65
17.95
18.01
17.72
17.79
17.88
18.23
18.28
18.29
18.56
18.56
18.62
18.50
18.76
18.60
18.68
18.56
18.93
18.68
18.90
18.75
18.79
18.98
18.92
18.70
18.69
18.75
18.70
18.92
18.95
18.91
19.08
19.11
18.77
18.90
18.80
18.70
18.80
19.11
19.32
19.18
19.00
19.14
18.98
18.99
19.01
19.03
18.90
18.73
18.32
18.55
18.92
18.92
19.04
19.09
19.58
19.86
20.01
20.06
19.98
20.04
19.69
19.70
19.92
20.01
19.77
19.71
19.95
19.90
19.80
19.62
19.46
19.07
18.70
18.98
18.96
18.86
18.85
18.92
19.04
18.97
19.25
18.94
19.11
19.42
19.40
19.60
19.44
19.46
19.52
19.57
19.25
19.14
19.02
18.74
19.01
18.91
18.55
18.32
18.71
18.87
18.85
18.95
19.06
18.75
19.02
19.12
19.20
18.99
18.87
18.41
18.05
18.02
18.31
18.90
18.90
19.07
19.09
19.20
19.24
19.75
19.75
19.85
19.85
19.46
19.51
19.29
19.51
19.89
19.87
20.42
20.28
20.33
20.29
19.95
19.91
19.50
19.54
19.36
19.46
19.43
19.43
19.59
19.64
19.45
19.52
19.74
19.98
20.16
20.56
20.69
20.75
20.71
20.20
20.77
20.90
21.09
20.90
20.94
20.94
20.88
20.90
20.79
20.82
20.94
20.83
20.80
20.71
20.63
20.55
20.79
20.76
20.81
20.62
20.61
20.48
20.51
20.85
21.30
21.43
21.40
21.66
21.75
21.98
21.90
21.96
22.25
22.12
22.46
22.30
22.30
22.07
22.13
22.62
22.71
22.71
22.72
22.77
23.00
22.85
22.60
22.41
22.48
22.41
22.49
22.57
22.72
22.80
21.87
21.25
21.20
21.24
21.03
21.07
20.97
21.02
21.26
21.20
21.45
21.07
20.88
20.70
20.88
20.57
19.95
19.90
19.87
20.39
20.37
20.57
20.73
20.87
20.85
20.50
20.95
21.04
20.80
20.71
20.86
21.08
21.24
21.36
21.36
21.57
21.55
21.55
21.69
21.41
20.97
20.87
20.56
20.75
20.71
20.42
20.43
20.26
21.20
21.05
21.12
20.96
20.68
20.93
20.96
21.02
21.07
21.01
21.06
21.12
21.59
21.90
21.75
21.95
22.11
22.26
22.40
22.23
22.18
22.32
22.28
22.45
22.31
22.27
22.45
22.35
22.48
23.04
23.11
23.23
23.41
23.35
23.12
23.23
22.81
22.91
23.00
23.20
23.00
23.03
23.44
23.67
23.67
23.68
23.45
23.33
23.40
23.51
23.36
23.13
23.17
23.33
23.29
23.28
23.05
23.01
22.85
22.99
22.97
23.10
22.92
22.96
22.76
22.83
22.90
23.06
23.43
23.33
22.81
22.90
22.65
22.57
21.61
21.11
21.36
21.65
21.91
21.97
22.00
22.21
22.10
22.15
22.55
22.32
22.62
22.62
22.69
22.59
22.62
22.81
22.91
23.10
23.20
23.43
23.59
23.75
23.45
23.49
23.58
23.40
23.50
23.31
23.32
23.41
23.21
23.10
23.47
23.64
23.48
23.42
23.34
23.46
23.65
23.77
23.98
23.20
23.21
22.76
22.94
23.02
23.26
23.16
23.19
22.88
22.76
22.95
23.27
23.51
23.36
23.63
23.59
23.56
23.34
23.43
23.56
24.10
24.73
24.63
24.56
24.52
24.50
24.46
24.40
24.36
24.52
24.40
24.49
24.25
24.09
24.22
24.21
24.06
24.10
24.05
23.92
23.86
23.76
23.63
23.56
23.61
23.64
23.56
23.11
23.16
23.09
23.04
22.92
22.96
23.09
22.96
23.18
23.62
23.72
23.77
23.75
23.93
24.11
24.40
24.40
24.00
24.15
24.22
24.20
23.96
23.94
23.82
23.90
24.05
23.84
23.90
23.80
23.67
23.50
23.82
24.20
24.16
24.15
24.13
24.23
25.09
25.79
25.98
25.64
25.67
25.80
25.76
26.07
26.19
26.12
26.03
26.31
26.26
26.45
26.60
26.40
26.89
26.81
26.75
26.86
26.97
27.11
26.92
26.88
26.76
26.86
26.73
26.72
26.75
26.63
26.56
26.34
26.20
26.35
26.68
26.88
27.07
26.54
26.48
26.51
26.87
26.94
26.84
26.83
27.02
27.27
27.36
27.60
27.76
27.80
27.83
27.41
27.41
27.15
27.21
27.12
26.93
26.86
26.68
26.74
27.01
27.08
26.28
26.04
25.99
25.53
24.95
24.90
25.30
25.16
25.33
25.08
24.32
24.40
24.32
24.62
25.00
24.93
25.16
25.35
25.11
25.38
25.65
25.37
25.02
24.94
24.96
25.17
25.10
25.15
25.31
24.92
25.46
25.65
26.02
25.97
25.84
25.76
25.63
25.21
25.09
25.25
25.47
25.11
25.12
25.34
25.20
25.39
25.60
25.51
25.78
25.81
25.75
25.87
26.05
25.99
25.74
25.67
25.59
25.57
25.43
25.43
25.58
25.89
26.45
26.56
26.57
26.39
26.23
26.55
26.53
26.59
26.65
26.64
26.66
26.50
26.19
26.27
26.30
26.31
26.51
26.77
26.67
26.32
26.37
26.48
26.15
26.35
26.31
26.43
26.45
26.53
26.55
26.60
26.61
26.67
26.54
26.45
26.76
27.01
27.24
27.06
26.89
26.88
26.75
26.68
26.69
26.66
26.87
26.60
26.51
26.34
26.20
26.23
26.22
26.26
26.34
26.78
26.68
26.35
26.26
26.10
26.12
26.62
26.55
26.66
26.60
26.25
25.72
25.85
25.91
25.90
25.73
25.44
25.45
25.40
25.15
24.75
25.10
24.95
25.09
25.42
25.30
25.72
25.59
25.70
25.73
25.51
25.85
26.05
26.01
26.30
26.11
26.02
26.01
26.02
25.96
25.90
25.77
25.82
25.89
25.80
26.06
25.85
25.85
25.83
25.80
25.75
25.88
26.10
26.13
26.25
26.03
25.98
25.69
25.53
25.43
25.30
25.33
25.08
25.01
25.15
25.07
24.80
24.66
24.73
24.21
23.90
24.05
23.69
23.96
24.70
24.71
25.13
25.15
25.40
25.41
25.38
25.56
25.39
25.32
25.67
25.48
25.59
25.67
25.87
26.21
26.38
26.24
26.27
26.37
26.38
26.42
26.69
26.77
26.75
