22069800
22121400
27292800
19873200
20141400
15226500
15123000
18342300
14953500
18480300
18296700
14849700
30759000
24005400
27116100
25387500
15856800
19243500
29846700
21782700
27339000
21820200
20232000
18167100
18285000
18695100
16023900
19167600
20552400
14541900
18823500
14530800
28919100
35327400
27231000
21956100
27618600
26669400
27042900
22575000
26688900
19884900
23763900
18498600
29629500
23915100
18905100
20699700
19260900
19070400
25911000
30004800
31863000
15596400
37144200
21711600
31321200
23076900
16407600
21812100
39131100
24966900
23431200
19182300
33030000
21418800
13791300
13326600
14234400
21002400
19443000
25497000
31645500
31951500
25437900
14150400
17056800
24014700
22854600
21333300
20227200
14133900
12486600
12725100
16594800
15411000
20685900
11676500
13439400
15059400
13437300
10713800
13556300
16931900
11294900
12866900
12893000
16754600
12092000
14942600
11438500
8866300
12945500
14464600
12817600
12014700
9592300
7964800
9976600
8691800
10962800
12246200
13406400
10300100
11984300
18995100
9807400
11161600
13845200
15694200
10195700
9103300
9813100
13246800
12893000
19076300
6604600
13558000
9616500
9937800
12246700
12912600
10783100
16100500
11123900
18369600
11987500
9531300
11220500
13019700
9440000
8467800
16765300
13786600
13406700
17194200
13002900
15445700
12935400
9088500
7729700
8808200
21437700
18241700
12111100
7795000
10792200
7451700
10330000
8319800
7814200
8087500
11312800
11981300
8098400
12556000
8230700
10482400
11900600
7741000
9308200
14609500
8031500
10879400
11777500
10180000
7604800
7924800
20244200
12821300
11888400
14211900
10721700
14249900
11003200
14044800
14682200
11164700
10709500
11895100
12229500
11419200
11778600
14005500
9687600
11007800
18511200
17409000
15552900
12994200
16856000
18415100
13189000
18000100
71299300
45995300
29252400
18670400
15464000
18234800
17172100
15900200
14338200
12062500
11944700
9680200
9482600
12295100
12252700
18458500
14707500
12136300
10313200
11987700
14794900
12194000
22223500
6303000
16086000
14812300
12740000
20149100
18202900
11993500
19991000
15878700
10359200
16858500
16445000
25319900
17563400
15750200
35899600
13941300
15377800
20264400
19675700
11699900
9113800
12231700
12562000
10983300
36837700
39205800
26926400
22790400
23210900
20066000
24805300
23599100
16802900
19758500
24412000
19290300
19360100
20691900
21121600
19145100
20812100
26858500
23027200
19843100
21346100
17586900
16040500
21847000
15962600
13031100
17708500
18478700
17953200
14322100
13239700
24011600
16917000
20032300
18497500
22901300
23368500
21073600
22578900
26553400
23957800
21981100
16671900
15691600
13889500
16572100
19891300
45708300
42939700
35437100
24847700
44851000
20831800
22324400
26840800
55941400
45736600
31143900
36552300
26863900
26964700
29428100
24248400
23599300
26831300
23794700
24653200
17781300
26111100
20147900
17265300
14130200
20507400
36439500
22062000
23271000
16211900
18614500
17857800
21044300
15681300
18249000
13067400
18119600
18467500
18312700
14729900
15135700
23099200
13567900
11873400
10972200
17834400
24480600
19454400
17302000
18244600
17378900
15999000
13074600
15636600
13017600
15599400
13387600
13459400
13800700
15232800
14017700
11148600
16805800
17879500
37572800
33105200
60128100
43756900
20103000
22588200
30002600
31969300
24614400
27093700
30804400
27011000
23575000
52690300
23182900
17570200
19462700
23441500
16153800
19023000
27137600
21427500
17619800
13751800
18256100
16952600
12881000
11999000
15203200
26311300
25075500
23613600
16467200
16692400
24761100
23324700
24474900
15274800
21286300
23329100
14592600
14855000
13353600
14195700
12559800
14946000
17082500
15675600
12777900
13918700
15836100
10507200
13596600
14320300
12733900
11899600
22061700
17259700
18486200
20164500
18420100
24183000
24095000
71444400
46110700
56660800
46676400
85888900
70974400
44047500
26488400
20999900
32471000
24724400
22364300
25648200
26630300
22852300
15739700
14174300
17994100
24701900
22116400
12873500
16597200
21689500
15151800
16372700
16272000
15209800
16009200
22510100
18619100
14143200
15276200
15930400
18593200
13969400
15160800
16800400
15283800
20047500
11799500
19891200
17642100
14243400
16943100
17294300
14189800
14338900
12021900
5246000
12607300
14034700
23774600
15390600
23595000
33713700
29176900
35193500
19367600
16374000
20747000
20718700
22629300
26103100
26119200
26715900
33016300
27305400
18656300
30675500
5569800
14955200
12881700
13621800
14030800
17693300
17497500
19853100
27526900
24128100
20192300
14738000
16802200
20832500
26047300
22894900
22560400
18037200
17171600
22501800
19384700
15756600
13962700
36329300
62345700
31013000
20544800
39740800
44376000
33209100
23954100
22713900
15768700
16329500
18759300
20375100
22109400
16948300
22008100
27637000
19559000
24430700
18784000
23093100
23397500
20117900
32281600
23793500
24636300
24434200
28101500
23441900
19767600
23574800
14763700
33098200
19998400
17870400
27496500
50303300
30601700
24599300
20010500
19626800
18709400
21535700
17410700
19117500
20529600
14824200
17163400
17161100
22679900
79873900
49724200
68551500
44634700
29648900
27240700
19681200
19806100
19485200
21743700
27672200
23183400
22623700
40299800
25795500
19586900
19807300
23319600
20627000
33876300
32919100
26257300
22533500
29672100
29630700
23497000
32674100
20308400
19864200
18914100
18058500
14183600
14276200
16757300
20828300
19921400
28920400
33315200
23873000
21379200
31579000
20841500
22304000
28132500
20831500
34148300
21291800
21798000
20921100
20761900
39211800
37185500
29769400
45000400
33238500
32465400
26966400
31547900
30474700
19258000
20376200
24683800
33494000
51499200
48120400
37506900
35834900
38286700
27972300
36109200
44461300
48600100
62394500
39859600
35789000
45171800
43502200
45183900
32957900
38480700
27420400
36171200
28468600
33182300
27147500
20814600
26276700
37303100
28889000
21838800
24067300
20365700
21387900
20575300
16547100
18404900
20288200
17400600
25582300
20144600
30159600
26574100
25022700
18102200
17364600
20361000
14921600
20250800
36293700
18761200
25050400
25912500
22387300
40941900
21413300
29297800
32598200
56588200
55036400
49836400
40118700
30036100
29716100
30801800
38573100
42285500
48248000
60584700
59969800
24922200
44052300
27515700
25829800
21455800
23026000
21411700
26630300
32493200
23676200
23009800
22631100
33492200
26814200
22739200
25118100
18510700
27103100
22929100
30809100
25250200
32306500
27840500
26352100
35889800
28107700
30603400
33298300
64205500
27472500
25462600
25034600
23235600
12273400
22115900
19630900
24661100
18212700
17615800
17806500
17103900
20217800
15490300
20358200
21068200
19211000
18582700
20959900
31926100
20381800
7503200
15078000
18600200
22054600
21182900
21813600
15025700
18845000
21805700
21583800
19371400
18590600
19551600
18353200
20564000
24472900
25292900
21500100
24849200
21979700
23816200
28459900
22571000
25473300
21649400
26239200
21327600
24473300
19998900
19594000
22822100
23560500
21898300
18219100
22660300
26371500
21042400
19038000
23752500
25029000
23585300
24857300
18853200
24811100
22358000
21023300
16680100
21168300
20613700
28621100
20142100
21506000
22940100
38540500
29924900
34557500
25136000
24912900
24890200
39905500
27822200
22126100
21602800
20937700
16256600
24471400
21391600
27475800
28277900
17288800
27382400
17955500
25533900
16678800
17959600
16071900
20397500
16556700
16099300
12801100
20658200
20573000
17787600
19262100
20062400
20857800
22146000
20380600
20404400
17300300
18448000
18733600
15109400
14971800
16037400
18987900
15937800
16075100
26335300
18787300
17056200
16583900
17554500
12470500
22496500
18433100
19311400
23629200
20997600
14795900
17274500
19637500
28558400
16455700
15457900
16908500
16943400
16620200
18743300
19250700
19267600
34908700
37775200
16911800
15937900
19249200
16964600
17794100
15558100
20835200
21819500
12294700
19605700
22860100
28195400
21155700
28780300
22771900
24730200
22042800
23477800
20152900
17010100
17399500
18908500
19250800
23574600
18566700
18375600
13678500
27435100
16840800
15046700
16239500
17207500
13142000
10593300
11657800
14087300
15337700
19531900
14257500
25953200
21179600
16401800
24496600
19923200
11508900
14060300
12185300
13707300
13129600
24469700
34207100
18892100
18543900
15212200
16168700
18147000
20060800
16634100
14279600
20066600
19185500
22265400
23219700
18566300
13109000
19129600
19008100
22431000
20938700
28837600
23842500
17667900
20911100
13471800
19041600
21670200
26752700
39152600
29537600
21406800
23436800
16644900
21286800
16070600
16186500
20064000
18290000
17771700
16609000
19283200
20577400
20940700
16863700
18126300
19007700
17140600
15762600
17998300
14037900
15770600
23640400
24937400
27533200
23500900
41093700
44900400
24407500
24952100
18272900
16317000
15137500
8372200
19829700
24205400
25066600
19621200
13716000
15077000
24682500
22898800
28669600
20599000
26989400
25709500
21663400
24383300
25295800
16271500
15449100
5805500
5089000
16634500
14046300
16831900
18338500
19598900
16464000
18573600
27010800
24000200
18626300
26726300
16448300
19820000
50356900
26426900
21386800
17891300
16320000
21332100
20280700
27114500
20786300
17186900
18672000
16444800
20106100
13462800
18326700
15430000
22184600
23808200
15483500
16163400
14970700
15276100
18374000
17531100
20830700
21163300
16815600
16717200
17012000
15690800
18938400
14797700
15287500
18573000
27443300
58142400
40497500
42291200
28106600
34590500
25267500
24289500
26695200
40369800
45559200
59053800
58666800
55518800
69142600
59129400
48220800
49868200
47570600
54217300
54271400
47456000
30772700
38891700
17174300
32492800
36003500
24924600
25801000
18000200
20551200
30059800
35252800
19259300
16629500
26838200
27366000
23555200
23172800
17002200
17425600
17983100
16222900
19975100
28367300
19691700
25684600
18062200
18487300
19907900
21856400
24604800
14329400
21917300
19510800
23139300
18591000
16240500
17527800
19313900
17776200
15552600
17749000
21037000
19661000
18496900
15993700
15855400
23376400
22431900
31005700
60311300
22476000
24245300
34333800
34239800
80277000
36057300
20307200
27207000
31422500
20217100
17426200
22072500
21470000
25224300
19183600
22947500
32994900
31380100
25293700
20281800
18126200
21230200
18415100
14593300
20165900
17306500
22409300
16501300
14087100
13292400
15790500
13320100
19942200
24647400
16011200
13732800
13706400
14707900
16281700
14146600
14041800
17800500
13998500
16269200
13402200
15862300
15740300
9121000
7876200
9376100
16618400
11502500
13834000
11664900
18990800
26992400
26170600
16241400
17123000
13829300
12561300
9464800
29386500
19778800
15252500
20379800
15236500
13324000
16905700
15419800
14456500
21029700
15692800
15533200
12494100
14339400
13949100
18347800
8777300
12101400
15327300
12660400
15124500
15138600
16378800
16417300
16663700
16494100
14662900
20066700
16688900
14379900
18331000
12919200
16923000
18906600
25234000
20886500
13419300
15814700
17046000
14375300
18832400
14334400
13142000
18648200
15703100
21810500
15358700
21021100
16805700
7889900
21630500
23067400
21709800
15978300
15164900
11704500
18764000
16388600
15881900
32039000
28195500
26370400
20391100
23825700
34996400
17123800
16388000
17393600
10598200
9898700
12817700
11195100
10461800
13161700
22229100
18847600
18957100
19134500
15004000
16452500
18909500
22979500
14432800
14576900
20237800
12727900
17902900
28101200
22686400
21843600
22038000
18429400
17750700
17209600
18612200
13941500
13180900
17661500
13847800
17573200
19199600
12948300
16082100
10485300
15600300
13504500
16210200
22154500
21579300
19486700
16036000
14245300
18632100
16205500
17742100
17962800
20328400
12287100
12023100
15552300
15612000
13175700
17319100
17383800
17691300
14730400
42768400
17066200
18172900
22454500
17984800
14165300
18153600
19137900
17149200
20718800
20584500
15926500
13934200
14381100
17180300
11558000
19463700
20304400
25111400
41834600
27441600
20234200
23659100
19190600
19826000
16665900
17945700
17673400
21905700
23407900
13760300
26362200
18072900
14924500
17857700
14586300
18040900
15190700
16027900
18241000
15510300
14821200
23330600
13872800
16921500
15170300
13396300
12197000
10943400
8513400
20204200
14898200
19726200
11988700
11998000
17090900
12785400
11781300
13645700
14034500
14794400
17995200
16058800
35257600
16094400
21996400
29200400
48926900
67540500
23402900
28127300
21079600
33225600
20273000
26441600
21047000
30201400
30279500
19597800
17591900
18137600
28649600
45331400
17413200
22167000
18471700
16290900
15019400
18132200
16392100
16689500
16256500
19735300
19285400
19209400
17914200
18816200
18660800
14180700
17513500
20809100
21243000
17189500
13677400
16588800
16115900
13641400
13573300
13591500
15352800
19392300
16387700
17598900
18578600
26793900
27247300
26917100
20146700
27486700
21913600
17878700
19448000
24023300
21236400
16835500
18851100
40118500
23672500
19085700
22010500
21734200
15630000
19488300
21821400
16784300
22081300
21274500
24259900
27104900
23034000
33448000
28726600
17581100
18281100
18503900
20034000
27776200
23960100
19848600
23067100
20431100
22503600
16519000
18728000
21563400
17207200
21614500
26088500
20620100
22910700
17993200
16657800
14892600
14820300
17845500
29076500
13807300
14222300
14971200
16478700
16120400
59164600
33891600
25731800
17528500
9330700
18708100
23345500
24312400
21328400
25442600
24162400
26517800
28240900
21764400
17448100
13760900
25389300
21902600
34030300
34703300
21073000
21008900
22848200
17478700
10709400
17068100
16795500
16141500
18062700
33221200
24017100
18857700
22084000
20716000
21041600
22394400
22159000
17216600
16068800
20154300
29312200
88077400
38813000
46479200
51385700
48852100
43318100
35384400
39694300
38064300
30467300
25827600
23161900
36790700
26756000
26323300
26559800
20007900
29264900
18831700
23891400
25349000
19904800
25721900
22148300
18274200
19327800
27699900
24492900
25137600
25562500
21410600
21748800
25081100
24211500
25769300
19519200
19639000
36577000
31356000
40595800
16125800
20038700
16153000
20582500
14449100
15116800
22907700
25037000
43659200
37386600
22345100
21566000
19543000
20220000
23689900
22954500
22965700
26151400
37667700
35390600
33343700
24621500
25389300
29243100
16404600
22714400
23055800
25273600
24803500
17806100
16448500
22185200
21850000
26062000
16377200
16750200
21285000
22787700
22758100
23032000
23385300
25524300
24158400
30012200
26709500
22298400
29144100
20139000
21189700
22156400
30276600
19625200
21166600
18284600
28871100
27927000
37313000
25692800
18250000
31740100
24080400
31632100
33852300
20445600
27593000
30968500
25343900
20503000
19402700
23559700
20323800
28362400
38877500
11967000
25643300
20027600
20320700
15835100
22385000
21533500
31440400
49234200
23565600
26257800
25493500
20572500
29394200
22863200
22117100
21298800
21630300
21096900
22767500
16690400
16642400
19370500
16006100
15692700
23746300
18216500
23892500
15347100
24949800
20290300
23881000
17518400
17108300
12792200
15866100
18150500
14552100
11642200
13317500
18400500
14384800
18456500
19690100
18110300
18653700
29751500
14335300
21509600
22489800
26832200
20489400
33383400
22906600
18691000
24666500
26426400
17535500
22462200
35876800
26501700
19482200
20444900
20810200
33103000
30877800
25012200
18824200
18366300
23452200
19470900
23366500
42578100
31779000
24926100
27529300
26200600
27306300
26087600
21836200
22101800
19986200
29661400
16477100
26628000
24251600
23411200
19068400
26821200
24410500
17891600
18721400
17988200
20829000
28516900
23772200
22899700
30558800
20053600
25107200
18785000
7260600
24611300
24975900
18155700
23653800
23993600
18821400
30242900
40309500
25591400
22361800
30071800
49751600
45178300
43231200
88383400
50056900
31371700
36884600
24847000
15578900
11997100
16016200
16862500
25271100
43222800
31288800
27027200
23713700
24597400
23996600
30831700
25944000
31118200
30462800
41603000
62906000
41384700
35136000
21458500
25830200
25923800
24947500
43142100
36164300
37868900
25107200
26202100
22730000
21371700
33678200
29808800
19010300
22963000
31908100
28618800
31049400
23545600
34670300
37663800
38152200
28910600
62678500
50719300
51383500
45176900
32849400
33997500
38987200
29124500
34229800
30206600
38898100
40571200
35824800
44797300
26529200
28264400
50433800
33626200
33463800
29675300
29677300
41421500
27471800
34170100
23496200
30965900
34697400
26625300
26455900
29279000
30476200
30793700
35642900
33804400
38380300
37991100
40445800
58379100
35156300
37428300
45024200
46165000
91716200
50198700
43961300
40259500
28153700
30037900
20777200
26647400
29427300
27343200
20651300
27717300
27736000
26256900
24368900
41488700
40597400
30558500
34278400
30739700
23889400
29198000
27003600
31646500
33109200
34911500
40635100
34084300
39377900
29990000
26469600
32060000
33337800
34712900
47601000
25513400
77668000
60170600
44395000
68234100
49237500
44628400
41402000
34142200
44692300
29638100
21840100
25965900
29816600
30673000
39454000
33287400
45038400
76036800
40421500
58070800
49818000
29766400
49281100
33443200
46059200
42112100
62534800
48117000
40083100
42776700
53567800
37044300
47529100
52644000
46746500
46489800
59968600
85565300
42033200
44154300
54278800
65690100
62381500
40280900
35179100
38506200
33114200
34819900
22993100
37497900
41461200
23134600
37353000
33307800
37526500
39434400
44963200
38022400
33884900
42074100
44912600
35863400
24279200
51485000
44474000
32488600
38359500
28985800
26637500
31994100
22972100
29719900
43856400
19289600
26324400
16047500
21788300
14509600
19546800
19224100
29735500
51405700
39797900
35265300
44148000
32216900
56690600
28506600
26887100
41178800
43908200
25715200
26741300
25866500
34248500
38069200
36934300
29697000
42131000
46720100
52970300
42681300
36968000
42053400
39739700
41590000
50181100
35415000
43297000
64494100
23497800
41991200
44439800
51944300
35714300
54198600
68397100
58806700
57624400
35574000
32599900
44738200
66540600
51360800
35986600
41837600
40371800
42218800
40027000
33661900
75990100
16966100
21648600
23369600
22747000
24131400
38914400
26976200
40730900
47510100
45067500
48701300
45325800
46017900
34006000
53907300
60361800
81513800
92276300
73592200
79938200
53582700
52849200
37850500
35936000
51439400
55551200
56243100
43849100
55197200
37867000
51615300
41029400
32198200
37617600
42974500
41881800
39871600
33349800
36223200
54414000
40004800
39120700
46641600
32838900
32803700
52144500
34505900
44904400
43523900
52336700
56931400
55586400
66877900
70645100
64531100
73099500
81454800
83685800
69448700
110784500
46996900
45103300
44478600
37343700
34308600
41004100
50656000
37222400
32391400
30281700
39465400
37093000
34580000
44406400
366198000
98058400
64924600
79480500
61062000
72044300
33366200
41002400
41880000
54555400
41483500
37636100
40096400
40399300
42001700
40669700
27482400
42568900
38067200
34432000
38847200
30681400
36961400
35486000
54385400
56821400
58122000
68577600
95310500
54242800
62469000
65734700
63402800
63543100
50036800
50870700
52433200
44918800
55406000
69543400
58850100
49331000
67139600
95606000
115775800
86637900
63432000
88029300
56739900
89703400
61132800
57193000
82004900
87446700
91285500
78051400
89241000
61265100
38662800
77499600
89080000
65630100
92588900
97934000
59421700
94214700
82911600
73534400
55345200
42072200
71750500
78374500
61159800
47994600
49270400
45743500
55431800
54810600
37449600
36857500
52238200
38915800
41542400
60996100
49166000
37802100
38708500
35885800
40192200
42057800
42069600
40667500
37627500
29851200
43075200
40291500
33445000
42686100
47087100
58791200
37100200
60287000
50080000
84526600
72509100
55856000
82096000
154573200
172834600
183393100
227944700
208575100
210892000
55978700
64102900
60735200
104902900
47357800
76669800
75973500
181916700
519738000
214866700
184559000
158017200
138778200
157121700
275210200
142320600
153145300
114541800
151082500
124568500
94589400
102884300
118266200
153260500
129087500
120732600
139577500
137167100
91667900
91933200
56409600
116859000
87070900
127357500
78974300
80927900
104019300
177128900
300885200
128296200
97462100
135118000
181540200
235124300
172470200
159213800
122283000
82835900
59008100
104553500
219088200
157206000
112136200
107208700
131411900
110700000
76936200
80597400
72073600
63729200
118802500
100986600
153634400
136313400
72543200
65147900
23390900
29673500
55903000
58410400
60298400
57112100
72526800
71187500
70807700
62139500
53153300
65366500
129101400
100750600
140464400
128992900
118771800
147443700
151556700
326452700
124256800
119281300
115415400
79385900
111388900
140524700
125949900
103109700
194796300
218787600
232937400
196306000
87560100
132083900
86595000
133780600
95278500
156967800
324897100
224010400
261491600
191828800
155327900
320707200
295776400
414437200
752904400
445315100
319456000
265046000
368705700
251329800
355002000
216287500
226193300
150399000
199404500
287714100
252763800
212850400
196493900
209540000
159652400
104646600
154240800
132740300
113956500
146649900
123701500
131579900
107503100
95852800
150453500
190532200
183572400
120205500
132513500
223472800
143579200
123408400
130202800
94890000
97434100
81725400
82536500
101896600
114419200
80027300
117408200
105418300
128908400
142137400
128026200
93490800
118114500
106630500
90244500
83378400
76849700
92104200
113547700
105432600
54029800
95899400
107476800
82480100
84888300
86398700
66116100
68343000
58371700
75656100
58481200
54367400
81913400
71429700
57438500
75502500
91392700
129681500
176126000
124481000
102436900
86975200
82638800
75782100
68111900
52697300
87682600
64177600
71625500
65477000
99265400
139675600
81580800
70115100
101759200
71587300
92244900
92452400
180910100
94415500
101208000
78154900
102342500
59733800
76994500
105512900
80036300
169052800
109292200
99030700
114349500
99715600
120219600
95766000
85713100
102723200
92351500
83782400
65673400
81281100
60136500
60359900
63880800
90618300
85598000
77119300
66641500
63817000
73884400
67090000
103474500
70407200
54457600
77231300
142954300
154055500
119880100
101219100
139284100
209198600
268968200
255066600
123024100
109299100
95910500
134308100
123229300
103735800
73786600
80778200
120763600
113494100
133091800
74099100
95698000
60911500
77369500
70406900
58627300
70643000
92569500
92328900
182334800
99245700
101087500
96683600
125121400
88086700
96270900
87465200
107272800
83654200
129847100
101128000
77081700
80303600
70544100
165053400
102908900
73600100
71297400
65682000
65429800
98229400
52038500
47568800
69771300
63916000
73905500
80705400
48165600
60917600
70168500
98034300
65324700
74555800
88401700
64417400
78852200
58696600
55782100
56448700
43857500
79241300
72544500
68273700
79202500
53132700
48167300
42340800
18580200
45744800
48387300
44950100
44531600
67079900
64550600
55464900
185472300
115112600
76675400
64622800
65342400
57361500
74108100
60697400
64495600
99151200
162677700
75160400
78017000
76850600
79136000
81158600
56940500
115749400
70778200
110099200
143503200
70487000
97580300
68377100
66896700
76503100
69444800
60553900
47333500
65201600
44988000
63371100
56650600
63364500
60564400
62798300
52587600
83817400
47132200
65183900
53676900
83685600
67843400
64905500
112875400
117951100
228571100
160499800
88515400
114796600
64940700
107580100
124241100
97668400
84380500
83916800
53168700
59216500
45478000
55879400
54106500
60464200
60592900
54612700
71700500
92585100
81959000
103121900
172374900
78156200
57666500
58407000
73044600
57777500
65712900
109629100
85006400
70066400
112133100
60157700
94123700
106999600
182122800
165465900
138171300
83503800
67907500
64312600
83715700
78754500
79492500
134943000
154436300
146375300
74129700
122232900
83279500
70118300
70383300
73128000
62848900
51837000
114420100
73216100
89376600
66853600
78615900
70851700
75734400
79088400
86647800
57041100
59328800
71221500
64982700
97574100
96299000
134229600
60445900
114904900
81568200
107077700
78544600
77154700
91711400
88427100
46094200
38390800
57860800
45725200
79329000
125415000
49073000
67279400
65021900
64300700
112735300
80950300
69942100
52479100
69783700
60130400
67412000
55092900
46124000
46596900
58954200
39918800
53236400
77164000
58243300
41650800
56429600
60908200
42302800
82336800
65402900
55581000
89666100
76783100
58285300
46473000
36583300
59224700
78042700
54433600
64341100
55365800
75069900
60506200
46637800
56310500
48159600
68556000
47072000
72500600
46091300
54155500
47439900
53179800
85029900
40568000
53876900
44123900
59002500
48433400
45834600
62611900
74000100
58598400
51548400
52275300
64773500
60806900
57886000
205160900
67489100
74162600
69654600
59414700
31318800
53601800
49392700
50623000
44263400
38174400
52855400
50545400
65760400
87201200
69827400
47818100
49927700
49697700
46617600
48319000
39185900
73949100
36296500
50090500
49262500
65706700
55949000
42404100
17440100
56507800
53884800
68945200
80788100
50259400
58776400
96459900
47551200
39089700
125890700
67875600
76366600
70749600
53915300
65250600
40548600
41837000
42977200
30958900
33318000
47724000
34569300
28894300
27074100
52828200
79019500
51322400
39640100
57336500
62996500
46593300
61213300
44802900
42235700
70505900
82190100
67732800
229080200
98547300
100987100
67753600
67840600
102189700
51723400
68304300
42276300
41117700
43108100
45386900
54940300
61056600
50215400
40655400
43403200
39619000
39009500
36657900
45484200
72520300
84940300
65330200
45687200
42652700
61993100
49105000
46217400
61144400
66376800
50341600
49719800
80762600
56137100
91174400
133519100
132048700
83550600
79966100
53008400
46497100
44283900
43792700
40071500
35446300
36038700
46951900
40940200
48400000
45418200
41566800
50881300
52143500
48510400
29291200
48751300
40049000
43989000
50138700
63596100
63496100
55587400
121690100
55752100
52508200
88328000
42110500
41487900
36122600
40067700
57890700
57273500
43648000
38193600
38180800
38489000
38329400
42200000
45796700
47528800
46121100
42815300
45530600
39020600
45704600
43028200
41607600
30223600
53175000
65012000
40259000
49105600
60470300
52893600
52213200
39389600
55838300
42451600
49358900
58463500
55083800
56448100
38897300
58789300
48077400
69354500
80824300
46444800
38698400
38788100
45039400
55868500
41903800
31582100
44970100
54652200
46550900
47154100
57145900
43745500
50540700
39556500
45677700
48555100
67141700
82155400
43817900
68353200
78142300
48680000
70156400
69100600
96869900
86173900
128116500
124296300
173633800
198450900
134801200
131813100
74802300
65282900
59329200
50792600
118394000
79700900
69430700
70118500
65400300
67825000
62364800
47760700
48557100
62871400
61216700
61743900
97466600
60239400
117920800
144441000
169797200
83300700
91340600
67326400
89205000
54153600
56235500
74360800
113698400
65513500
93900700
80391600
57403100
60693300
75779600
92701600
112000000
79536800
64943200
65569100
56216400
45999500
61755100
46136100
45134200
46868400
65453400
51899200
55091400
113734400
67044200
82360800
66600600
110480000
57771700
49913000
89755300
48153200
54877700
41678500
41215300
53898500
78632100
59274100
50218600
40151400
39776400
52940400
67472900
46838700
67270300
74944700
66930300
23163700
77629600
80462600
98619800
58202800
68436300
61585000
83017300
65315800
79725100
85738000
179405500
73866400
89088200
61429400
96488000
66302900
61471300
80282600
95632600
47090200
42257500
39272600
43267000
31407800
58706600
42754700
45819200
51069400
46987400
59344400
47868300
38957800
42037300
49206800
52912600
53907600
92432300
50584600
39736700
51250200
42493500
32611800
37731100
46240600
52016900
37813000
44877800
42735600
36040900
33680800
44183500
109544800
104299100
39229400
41438800
40510700
58076800
41924200
40878800
45628400
23924800
37521900
35022700
44658100
37334400
36230500
35572600
56249000
54451200
35984900
37479800
35349400
63925200
71352600
76328200
79237400
42727200
47535600
51101600
50758900
34212300
42963600
38321000
55431200
40663100
40966700
44169100
43797800
43693100
39963800
36361300
54450400
37828100
28215500
40312700
30059900
35520200
33331400
52169000
67930300
52042900
49566300
48348500
34585100
37395600
32875200
35001200
33665400
24201100
34799000
35751000
40295400
61703600
35334500
26285200
46978300
47564600
85013500
52158100
61137200
38606600
47187700
63500000
41881400
26847600
35631900
41837800
49032600
60939500
66592500
38441700
42885200
139352500
107933500
51450900
47101300
40217500
62338600
59794200
41970000
43182200
46737700
60929300
51384500
44663800
58736000
53791900
56870000
73022200
61711900
21247400
29047400
56250900
32978200
54590600
42764700
50188200
32421400
35770700
51954000
39285100
41939000
116062500
61493400
54891100
42587700
57275600
80268300
44993600
38328400
35734300
44000400
37891500
34159500
31115300
32345900
31159700
24419100
26873600
30095000
28870100
33598000
30032500
27385500
30438800
28016800
36538800
29338200
28775600
25912400
19925800
21237800
29679000
38173600
33033500
53178600
36379800
33672300
33593100
43006000
111794200
100148400
79283200
38831200
40462600
43677000
66551700
36799800
47039200
41123300
67300400
70926100
42550700
45297400
32929400
40344600
38312500
24202200
39176000
32784100
24161800
32954600
29578600
35668800
28272500
43140700
107879900
86735100
56297300
42295500
45769600
42827400
39179300
46231300
47475200
30000100
32733200
45253400
40770700
40306800
21816400
41073300
65539500
51760300
45287500
38283400
26845900
41020400
35456500
47741300
33001700
34782700
27632800
37857000
29981900
36817200
46466500
32751200
33548600
27604300
45757200
42413600
33966000
47536600
48483700
81119200
92330700
50831400
80833800
15097200
28557100
38330700
32403400
58785000
46089500
48509100
29802600
32746700
40045500
28540500
33348200
41839700
31715900
26551000
38932100
63851700
113079400
55165800
47228500
46991100
41919800
49558400
34148000
36200400
34427700
43840300
35836600
30917700
42985800
38325900
24424600
19738700
34297500
84926900
53996500
39283000
41219000
38107400
47811200
27836300
51619800
41316300
29676400
39714600
41226900
25457800
35728000
31539100
22955700
28952100
34947200
36593000
24152400
34629800
58857200
33700000
36150200
39254000
38543900
30606100
41684400
32353500
27492500
31151000
27449700
29180100
52570300
30472100
31402200
30493600
31668200
39772300
27084400
27234300
46453800
36016700
42672900
41170900
108837900
87828900
65489600
51506700
41462900
47012500
36531800
34054800
39201600
27651500
45523300
28563900
28211700
39977300
29974300
35117300
30283800
39592300
40153000
33023300
41037700
32884800
33815000
68514400
44383600
41015200
47323000
39236500
29347100
49247600
45218400
38701300
44756200
42677500
49041200
41626500
36183000
33842000
34930500
27846000
39278300
72766900
46082200
62733200
65025200
48760800
36569100
32531700
30867900
45923200
35784800
47571200
21448500
22688900
35481100
31541400
28457100
32618400
33257700
35853500
38192400
26858500
41438200
103708900
41560800
32553000
27485000
29951700
31115200
25588600
31201500
38954900
31937700
25721400
17971600
22911500
27971600
22372500
20763500
27365900
28533700
27983800
39962300
36315500
32219000
30451500
31897000
31033000
20690400
25948900
51392900
28862600
22104600
46275600
52049800
31629800
30302300
36731500
28181800
35717800
34603600
30677600
19071500
36741200
35810200
51092000
49713200
67953000
41414600
33024300
29448200
34259500
25753800
35343600
28985200
34224600
37472200
33307300
28981600
42390800
35095500
38175500
34178400
22026900
28367200
30230600
45442400
98507300
60782400
43352900
39545800
34619100
27373400
31952000
38436000
39840400
42852500
55634500
28166100
24897500
58658800
59541600
37708900
23888300
37560200
34393600
32454600
51698500
39084100
35722000
30286400
30361500
22047800
32335400
36551000
22707700
21405900
34650700
32745800
44947100
28455400
25347300
30725600
30864700
40161400
30960200
39833700
40160000
36632600
55268800
50735900
78154800
29903400
15109700
24765300
18990700
23832300
30306700
41453700
27570800
29356600
24728000
25868900
31311400
38828600
34419200
24945900
31863300
32648300
97240600
59938700
48673300
58047400
95605000
60548000
50425800
39629700
30094200
40334000
75451400
45856000
40259700
44724400
34720900
33004400
32587400
25227900
32357200
24928400
29216000
33893100
32274900
37146000
38023300
33090400
29784400
22813400
29436800
34210600
36638400
30128700
34911100
27284000
22263500
24863700
23464100
37865100
29461300
45614000
23785100
35246800
35712300
55158900
31146600
31154500
31830100
29636400
29691400
32088900
28496000
26403700
22259400
33140800
30438900
26915900
25177500
36293700
37319900
25067000
30287300
33496600
69658600
25131300
27796600
29567100
25578100
33750200
34567000
27676200
29165100
25779700
23473500
16589600
25034200
24319700
20886900
17437900
23710800
20482900
20741600
33783100
28840900
18129700
23477100
17443900
15628700
14833100
18317800
18205700
15024700
18933600
17123500
18641400
19969800
25041400
33736800
28282300
21842400
24722000
25742600
19131500
26681100
21298600
26237300
31605200
49758200
31244400
26418900
26261200
23159000
35155200
29678100
28064500
21284100
20513900
25263000
29105600
37820500
33238500
35440200
25273800
41440200
47071000
37548900
55403000
59343000
34534600
32060800
22010800
24634100
32980200
22528900
25838200
37995200
40198800
28410300
27694300
47222600
36167500
22929500
27873100
21780300
19870100
23322100
28167900
26809900
16137200
28855400
22185000
22784400
21856200
26313600
21176500
13438900
21914000
24378700
19962200
26891800
21041600
20379700
21666400
19110000
22581000
24639200
15347200
27482900
29610800
31567200
38232200
22991000
21668900
34024800
30627800
28895300
30720200
40177300
41982500
28499100
21658100
30479800
31951700
36886000
34001100
47795300
38951400
42246400
65570700
51684100
52622400
33842200
31684600
30028700
30960500
20504300
19732200
28531100
28776900
26169300
39951500
35080100
22553900
31582600
40215300
26387600
16253600
18948500
28092200
25420600
16943900
24612700
36721900
33734700
21195200
