91.56
88.75
88.44
90.12
93.62
94.06
92.94
93.19
93.06
92.81
91.06
90.62
90.06
89.62
83.56
83.56
83.06
80.50
80.88
82.81
84.38
84.94
81.88
81.81
81.00
81.25
79.69
77.50
75.94
76.69
77.50
78.94
78.75
76.88
76.75
76.12
72.00
70.31
70.06
71.25
71.06
72.62
72.25
70.25
66.12
67.25
69.94
69.88
69.31
71.75
71.81
78.94
78.19
78.56
78.12
79.69
79.94
70.19
68.62
69.38
70.06
70.31
70.06
70.00
73.06
74.75
74.31
73.81
74.69
75.62
76.06
74.75
72.56
75.50
79.25
80.69
81.25
81.50
82.62
82.00
81.81
81.94
81.88
82.06
83.00
82.31
82.69
84.12
86.75
85.12
85.88
84.69
85.12
86.25
85.62
86.81
86.88
85.19
86.12
87.25
87.69
87.88
87.12
88.25
87.25
82.50
82.56
83.00
83.69
82.88
84.81
84.69
85.56
88.62
89.44
89.38
89.06
88.06
88.75
88.25
88.69
92.06
95.25
96.81
97.31
96.44
99.94
99.88
99.19
99.31
99.81
99.00
98.00
95.00
91.06
92.50
94.38
92.75
91.62
91.00
92.31
92.75
90.25
90.62
92.19
92.50
92.38
94.25
96.12
95.31
95.94
95.69
93.62
95.25
97.12
96.56
95.81
96.75
96.56
95.31
96.50
96.81
95.75
95.50
94.81
94.19
92.81
91.25
91.62
91.88
91.31
93.06
92.62
93.00
94.69
95.38
96.56
95.81
94.94
91.88
91.19
90.31
91.06
94.61
94.81
93.56
93.44
92.94
92.75
92.25
91.94
90.31
91.12
91.25
91.25
91.56
94.38
94.62
95.62
95.38
95.38
94.06
90.88
91.06
91.56
90.62
91.56
93.06
92.25
92.81
91.50
89.25
89.19
89.31
91.50
90.75
92.94
91.00
92.88
92.25
91.88
93.75
93.38
94.25
95.12
95.75
95.50
94.00
94.31
97.50
99.62
99.75
96.69
95.88
97.75
95.56
96.19
95.62
95.25
95.50
97.62
97.69
98.56
97.31
98.56
99.38
100.00
100.62
101.38
101.50
103.25
104.50
101.56
97.88
95.12
95.75
97.00
97.44
95.38
92.19
93.00
93.56
91.25
92.56
92.75
93.81
92.50
90.38
90.50
91.75
91.51
91.51
90.71
93.13
94.49
93.71
93.20
93.64
94.25
94.95
96.50
96.50
95.00
93.65
93.24
94.60
96.36
95.10
94.61
94.30
95.40
96.10
97.79
97.40
97.35
96.45
94.20
94.45
95.42
94.55
92.49
92.08
92.01
91.50
90.90
90.68
86.35
83.68
86.90
85.02
80.50
83.50
86.10
87.22
86.01
85.80
85.19
86.09
88.51
90.18
90.90
90.31
90.13
91.01
92.82
91.68
91.72
90.91
90.87
92.05
92.50
92.58
94.40
95.80
96.25
95.82
96.06
96.60
97.36
97.00
97.00
97.10
96.98
97.38
96.36
96.90
98.90
99.45
99.33
98.75
97.40
96.79
96.95
97.00
96.50
96.40
96.60
97.90
100.48
101.85
102.65
101.05
100.08
100.75
50.50
50.75
50.90
51.49
52.30
53.50
52.71
51.56
51.52
50.49
50.61
50.25
49.13
50.10
50.67
50.50
50.00
50.18
51.50
52.60
52.58
52.60
52.82
52.00
53.80
53.76
53.61
53.41
52.63
52.15
52.10
52.76
52.15
52.65
53.20
52.81
52.88
53.02
52.55
53.20
53.50
53.96
55.02
55.95
56.80
54.58
53.05
54.00
54.00
53.93
54.04
54.28
54.30
53.70
53.14
52.81
52.30
55.00
55.25
56.15
54.90
55.06
54.81
53.37
52.10
52.35
50.20
51.75
52.00
52.60
53.77
54.40
54.55
53.76
53.05
54.28
54.56
55.05
55.12
55.00
53.90
54.30
54.86
55.70
57.00
57.65
57.80
58.20
58.42
58.75
57.80
58.25
58.07
57.70
57.55
57.53
58.56
58.07
57.95
58.50
58.65
58.92
58.84
59.08
59.31
59.56
59.38
59.25
59.25
60.41
60.37
60.01
59.91
59.90
58.00
57.51
57.80
56.95
56.50
55.51
55.42
55.52
55.75
55.76
55.85
56.23
56.40
56.64
56.82
57.73
58.55
59.41
59.05
59.34
59.76
58.88
57.58
57.88
57.95
57.76
57.00
56.75
56.60
57.75
58.46
58.64
59.18
59.22
59.62
58.52
58.38
57.74
57.60
57.37
56.82
56.90
56.81
57.26
56.00
54.70
55.50
55.80
55.25
56.75
56.60
57.95
57.05
57.00
56.75
57.16
57.93
57.95
59.40
59.25
59.96
60.12
60.60
61.90
61.11
61.60
63.28
63.10
63.41
62.97
63.25
63.70
64.45
64.30
64.70
64.34
63.69
64.37
64.35
64.36
64.82
64.83
64.15
64.16
63.80
63.02
62.80
62.55
62.91
62.80
62.70
61.90
61.78
62.02
62.06
62.40
64.10
63.07
62.71
63.13
63.30
63.15
62.91
62.83
63.87
63.55
63.05
62.05
60.23
59.16
60.54
61.10
61.40
60.21
60.00
60.25
59.70
60.20
60.52
61.28
61.10
61.23
61.05
61.25
60.62
61.33
60.00
58.79
58.81
58.35
57.73
58.15
56.99
56.20
56.55
56.31
56.71
56.14
56.07
54.93
52.50
52.15
53.02
52.00
53.20
52.25
50.26
50.55
51.55
52.79
53.45
52.10
49.79
49.10
49.44
45.56
48.80
50.11
49.55
41.45
41.40
42.90
44.00
46.85
48.40
48.90
50.20
49.45
51.20
51.41
49.75
50.70
50.97
52.20
53.40
53.40
53.30
52.52
55.38
55.15
55.00
54.33
53.55
54.75
54.50
54.30
54.37
54.00
53.65
53.42
52.52
52.90
53.35
54.50
54.20
54.65
55.45
53.72
53.35
53.65
53.39
53.06
51.80
51.95
51.45
51.86
52.95
53.88
54.80
53.70
54.30
57.51
57.25
56.49
56.51
56.88
55.66
54.60
55.31
56.71
57.44
58.35
59.05
59.20
59.41
58.20
56.75
56.70
57.09
56.90
55.86
56.56
57.33
57.46
58.37
58.72
59.10
59.41
59.95
59.51
59.69
59.00
60.00
59.80
59.08
58.42
58.36
59.07
58.49
57.75
56.30
56.70
56.57
54.25
55.50
55.67
55.67
54.81
54.90
55.00
55.40
54.91
54.44
54.45
54.25
53.17
53.18
53.75
54.05
54.25
53.69
53.00
53.10
53.25
53.85
56.00
56.36
55.90
55.45
55.92
56.33
55.76
55.59
54.87
54.16
54.53
53.80
53.43
54.25
53.17
51.70
51.74
51.80
51.54
51.75
52.96
51.61
52.07
51.38
51.33
51.23
51.78
50.00
49.10
51.20
52.60
52.20
51.60
52.06
52.41
51.35
51.82
51.80
52.11
52.25
51.68
51.50
52.30
52.52
53.95
53.96
54.09
54.23
54.80
54.40
56.08
56.01
56.50
57.38
56.65
56.03
56.49
55.70
56.00
56.75
57.68
57.78
57.24
57.35
57.20
57.20
57.02
56.71
57.33
57.25
55.50
53.95
54.50
55.04
54.72
56.05
56.38
55.80
56.20
56.50
56.17
55.51
55.55
56.26
56.40
56.45
56.05
55.60
55.55
55.15
55.01
55.24
55.21
54.00
53.33
53.18
53.22
52.60
52.55
53.23
53.22
53.35
53.13
53.22
53.40
51.63
52.30
52.09
51.90
52.10
53.10
52.40
52.87
54.36
54.62
54.05
54.40
52.85
52.60
52.38
52.20
50.75
51.61
51.49
52.15
52.34
52.60
52.00
51.75
51.21
51.34
52.91
52.52
52.20
52.02
51.85
51.25
51.06
51.23
51.58
51.25
51.29
50.55
50.63
51.29
50.15
49.97
49.78
49.71
50.03
51.25
51.35
50.28
50.62
50.70
50.70
50.35
49.74
49.77
49.20
49.00
49.31
49.02
49.20
49.00
49.01
49.41
49.48
50.18
50.29
50.90
50.98
51.18
51.94
51.37
50.15
50.45
50.10
50.18
50.14
49.81
49.94
49.40
49.45
49.09
49.13
49.28
49.40
49.95
50.00
49.76
49.80
49.60
49.18
49.07
49.49
50.40
50.30
50.32
50.27
50.36
50.56
49.75
49.92
49.65
49.78
49.85
48.05
49.29
49.59
49.74
49.00
48.76
48.75
48.75
48.26
48.54
49.12
49.27
50.59
51.33
51.68
51.90
51.38
50.60
50.13
50.43
49.20
49.20
49.30
48.93
49.01
49.11
48.99
49.30
49.85
49.90
49.90
48.79
49.25
49.12
49.13
49.20
49.89
49.89
50.20
50.30
50.50
50.74
51.00
51.21
51.40
51.50
51.55
51.46
51.50
51.39
51.48
52.04
51.89
51.66
50.43
50.80
51.50
52.62
52.75
52.88
53.28
53.11
53.03
53.35
53.05
53.41
53.85
54.36
54.07
53.62
54.07
54.00
54.31
54.09
54.19
53.82
53.56
53.25
52.79
53.51
53.75
53.68
53.90
53.51
52.81
52.70
52.84
52.77
52.99
52.55
51.73
51.00
50.50
50.29
50.61
50.62
50.89
50.01
49.25
49.35
49.50
49.45
50.05
50.40
50.28
50.30
50.37
49.90
50.81
51.06
51.29
50.53
50.81
51.34
51.26
52.87
53.80
53.39
53.04
53.02
53.21
53.35
53.57
53.89
53.91
53.68
53.88
54.14
54.42
54.02
54.02
54.96
54.77
54.91
54.51
54.57
54.07
54.13
54.53
54.28
54.22
54.56
54.23
54.12
55.17
55.57
54.92
55.15
55.76
55.97
56.28
56.17
56.65
56.58
56.70
56.79
55.93
55.86
55.23
55.02
54.96
55.01
55.14
55.55
54.50
54.68
54.96
55.28
55.06
55.12
54.92
54.43
54.60
54.78
54.51
55.05
55.36
55.26
55.50
55.91
56.10
55.70
55.75
55.38
54.86
55.12
54.80
55.17
54.99
55.00
55.27
55.18
55.10
54.40
54.46
54.37
54.70
56.10
55.25
55.53
56.05
56.52
56.64
56.66
57.04
57.07
57.19
57.46
57.58
57.49
57.51
57.41
57.51
57.78
57.70
58.00
57.51
57.07
57.35
58.03
58.10
58.10
58.33
57.75
57.40
57.19
56.52
56.25
56.35
56.27
56.67
56.09
56.12
56.96
57.15
57.27
55.55
55.21
54.81
55.36
56.31
56.49
56.50
56.20
56.47
56.33
57.18
57.24
56.95
56.70
56.90
57.49
57.91
58.10
57.81
59.18
58.82
59.00
59.25
59.53
59.88
59.87
60.44
60.52
61.01
60.75
60.85
60.39
60.55
60.28
60.40
60.29
59.90
60.00
60.22
60.90
61.51
61.66
60.35
60.80
60.75
60.25
59.60
60.33
60.62
61.55
62.95
62.92
62.62
62.30
63.05
63.53
63.60
63.35
63.50
63.33
62.69
62.62
62.59
62.69
62.57
62.60
62.63
62.57
61.88
62.22
62.23
62.65
62.40
61.85
61.20
61.90
62.74
64.19
64.26
64.35
64.52
65.18
65.47
65.46
65.87
66.14
65.97
65.87
65.90
65.80
65.54
65.42
65.34
65.21
65.05
65.21
65.08
65.85
65.60
66.41
66.12
66.51
67.01
67.85
68.00
67.70
67.80
67.49
67.49
67.26
67.05
66.81
66.66
66.66
66.65
66.82
67.96
68.17
67.70
67.90
67.00
66.65
66.85
67.78
68.65
68.47
68.64
68.70
67.85
68.45
68.23
69.30
68.47
68.41
67.85
67.83
67.99
68.44
68.00
67.68
67.62
67.79
68.35
68.32
67.65
67.90
68.15
67.77
67.46
67.24
67.25
66.76
67.10
67.07
67.48
67.27
67.09
67.04
67.26
67.20
67.37
67.43
67.10
67.05
66.87
66.36
66.30
66.51
66.25
66.15
65.73
66.23
66.36
66.03
66.11
65.41
66.20
66.20
65.97
65.19
65.00
65.49
64.43
65.40
64.61
64.82
64.38
64.15
63.52
63.53
64.11
64.61
64.35
64.32
64.57
64.45
64.50
64.35
63.98
64.00
63.30
62.67
63.02
64.12
63.94
64.25
64.17
64.31
64.12
63.54
63.23
63.45
63.75
63.75
63.47
63.02
62.84
63.17
63.32
63.56
63.32
62.43
62.14
62.45
61.94
61.65
62.35
62.06
62.89
62.85
63.21
63.94
63.95
64.10
64.53
64.00
64.13
64.16
64.35
64.50
64.30
63.91
64.41
63.89
63.76
63.13
63.10
62.90
63.00
62.51
62.45
62.22
61.18
61.12
60.53
61.08
61.15
61.77
63.43
62.67
62.66
62.69
63.90
63.88
63.45
63.26
62.58
61.05
61.73
62.55
61.80
61.05
60.96
60.00
60.20
60.64
60.59
60.59
60.92
60.43
61.85
62.65
63.07
62.34
61.70
61.15
61.30
61.95
62.20
61.96
61.72
61.63
61.20
60.73
60.40
59.76
59.87
59.98
60.01
59.99
60.06
60.00
60.19
61.10
60.67
60.70
60.56
61.01
60.27
60.30
60.04
60.03
61.05
61.76
62.10
62.14
62.43
62.50
61.94
61.80
61.42
61.10
61.35
61.70
60.73
60.61
59.36
58.04
58.56
58.35
58.04
57.45
57.65
57.59
57.02
56.81
56.70
56.93
58.30
58.24
58.04
58.70
58.70
58.58
58.74
58.75
58.70
58.45
57.42
57.83
57.42
57.45
57.45
57.47
57.51
57.53
57.83
58.25
58.50
59.00
59.03
59.10
59.70
60.15
60.30
60.41
60.30
60.62
60.29
59.75
59.51
59.35
59.20
59.06
59.12
58.75
58.31
58.11
57.70
57.52
57.32
57.76
57.53
57.46
57.67
57.85
58.02
58.06
58.19
58.12
58.29
58.20
58.50
58.55
58.60
58.24
58.19
58.35
58.65
58.32
58.25
58.60
58.40
58.90
59.85
59.95
60.04
59.63
59.65
59.97
59.99
60.15
60.48
59.82
59.88
60.21
60.45
60.09
60.36
61.01
61.04
61.32
61.34
61.01
60.96
60.92
61.30
61.32
61.21
61.50
60.92
61.00
59.50
59.51
58.97
59.10
59.91
60.02
59.80
60.05
60.43
60.70
60.60
60.57
60.17
60.15
60.55
59.68
60.49
61.20
61.57
61.63
61.49
61.65
62.05
62.45
62.53
62.29
62.88
63.04
63.18
63.16
63.40
63.03
63.30
63.40
63.74
63.85
64.42
64.13
64.15
64.19
64.03
63.80
64.24
64.61
64.55
64.30
64.60
64.42
64.58
64.21
63.92
63.25
63.38
63.59
63.73
63.78
63.42
63.60
63.89
63.95
64.14
64.05
63.85
64.02
64.35
64.52
64.81
64.65
64.94
64.97
65.37
65.11
64.86
64.66
64.70
64.80
64.78
64.50
64.70
65.50
66.50
67.84
68.27
68.33
68.26
68.47
68.08
68.00
67.55
67.23
66.85
67.09
67.76
67.59
68.14
67.41
65.82
65.48
65.75
65.31
66.42
65.81
66.55
66.83
66.31
66.49
65.85
65.22
65.52
65.73
65.68
65.33
65.81
65.94
65.80
65.95
65.68
65.46
65.29
65.42
65.52
65.50
66.22
66.63
66.34
65.88
65.45
65.48
65.78
65.86
65.86
66.11
65.90
66.50
66.05
66.13
66.07
66.28
66.30
66.30
66.42
66.30
67.53
67.17
66.13
66.30
66.50
65.99
66.00
66.10
66.15
66.50
66.49
66.10
65.79
65.65
65.60
65.53
65.36
65.28
65.40
65.59
65.24
65.26
64.96
64.65
63.99
64.01
62.72
62.82
61.75
61.73
61.45
61.37
61.59
61.65
61.94
61.41
60.61
60.11
60.35
60.25
60.37
60.65
60.48
60.79
60.35
59.87
59.98
59.87
60.02
59.95
60.03
60.25
60.55
61.23
61.37
61.46
61.50
61.50
61.89
62.41
64.43
64.15
64.30
64.87
64.68
64.36
64.50
64.15
63.85
63.75
64.26
64.00
64.14
64.16
63.59
63.50
63.31
62.47
61.65
62.56
61.66
62.41
62.53
62.80
63.38
63.30
63.64
63.46
63.09
62.79
62.76
62.97
63.02
63.01
63.02
62.55
61.99
61.46
62.15
61.76
61.32
62.18
62.57
62.23
62.20
61.99
61.79
60.73
60.97
61.32
61.07
61.20
61.21
61.38
61.88
61.87
62.00
61.99
62.12
62.15
62.62
63.01
63.28
62.28
62.02
62.06
61.72
61.85
61.42
61.19
60.75
59.72
59.77
60.50
60.45
60.75
60.41
60.31
61.55
61.20
60.83
60.50
61.13
61.11
60.78
60.73
61.35
61.54
61.50
61.62
61.97
61.35
61.51
61.23
61.26
61.35
61.65
61.60
61.45
61.61
61.26
61.57
61.72
61.95
62.57
62.87
62.70
62.94
63.65
64.18
64.79
64.75
64.75
64.86
65.35
65.34
65.66
65.88
65.82
66.00
66.20
65.95
65.94
65.67
65.83
65.81
65.41
64.61
64.72
64.69
64.16
63.55
63.96
63.73
63.73
63.82
64.30
64.75
64.60
64.52
64.36
64.01
64.15
63.73
63.95
63.85
64.98
66.53
66.75
66.54
66.58
67.44
67.20
66.94
66.17
66.39
67.23
67.06
67.56
67.20
67.30
67.40
67.45
67.75
67.58
67.45
67.48
67.02
67.42
67.39
67.21
67.18
67.21
67.23
67.35
67.59
67.36
67.01
67.03
66.55
65.72
65.36
65.72
65.75
66.60
66.99
67.35
67.34
67.31
67.45
67.33
66.00
66.01
64.50
62.13
63.34
62.34
62.50
62.83
62.00
61.72
62.75
63.00
62.80
62.78
62.50
61.94
61.36
62.01
62.59
62.62
62.45
63.05
63.11
62.75
62.50
63.21
63.40
62.96
62.50
61.88
61.62
62.01
62.64
62.51
61.40
61.17
61.49
62.14
61.66
62.25
61.64
64.43
64.82
64.89
64.64
64.35
64.21
64.52
64.06
63.72
64.51
65.15
64.80
65.03
65.50
65.75
65.94
66.15
65.94
65.74
64.99
65.13
65.55
65.94
66.05
65.79
66.75
67.02
66.94
67.17
67.13
66.92
66.95
67.51
67.71
67.31
66.79
66.70
66.35
66.30
66.30
66.41
66.34
66.30
66.26
66.04
65.58
65.21
64.86
64.81
64.64
64.54
66.36
66.15
66.44
66.27
66.50
65.68
65.31
65.21
65.11
65.16
65.74
65.50
65.50
64.20
64.14
63.88
63.95
64.10
64.72
64.26
63.40
63.10
63.74
64.50
64.25
64.87
65.15
66.02
66.06
66.00
66.09
66.79
67.50
67.00
67.55
67.00
67.02
67.62
67.72
68.56
68.42
68.30
67.71
67.79
67.93
67.97
69.13
70.08
70.01
70.38
71.09
71.29
71.00
70.64
70.77
70.80
70.65
70.59
70.51
70.82
70.55
70.25
70.31
71.17
70.42
70.77
71.31
70.40
70.31
70.80
71.34
71.02
70.32
70.30
69.61
69.50
69.51
69.20
69.21
68.30
68.06
67.55
68.46
68.74
66.90
67.41
67.28
67.65
66.10
62.29
62.10
61.12
57.58
52.06
57.95
63.00
60.10
58.31
62.04
62.15
63.37
60.25
60.20
58.64
60.10
60.57
60.04
59.68
59.83
60.56
61.31
59.73
57.50
58.28
59.58
58.01
57.59
57.32
59.62
58.65
58.46
58.01
55.00
54.49
57.92
57.46
56.52
57.63
55.22
54.95
55.50
55.53
55.25
57.75
57.50
56.84
57.05
56.41
56.95
57.63
58.40
58.49
58.54
58.06
58.58
58.26
58.20
57.34
58.27
59.07
59.04
59.36
58.90
58.75
58.63
58.55
58.15
58.38
57.38
56.01
56.63
56.50
55.09
55.61
55.10
55.80
56.51
57.90
57.65
57.25
56.92
57.23
57.67
56.99
57.80
57.96
56.60
56.53
56.08
56.81
55.73
55.42
55.63
54.55
53.58
53.84
53.59
52.30
49.94
47.84
47.34
47.39
47.41
47.01
46.25
46.93
47.57
47.33
49.25
50.65
49.46
50.25
49.49
50.89
51.67
52.31
52.01
52.25
52.55
52.36
52.41
51.88
52.66
51.75
51.67
51.28
51.20
51.10
51.00
51.21
51.35
51.55
52.25
52.34
52.00
51.11
50.31
50.64
50.63
50.41
50.12
51.35
51.67
52.60
53.45
53.58
53.54
54.70
54.00
53.90
54.51
54.76
54.71
55.22
55.70
55.80
54.45
54.63
54.12
54.16
53.86
54.00
55.27
55.62
55.66
55.47
55.14
55.16
55.65
55.22
55.61
55.72
54.54
54.59
54.55
55.01
55.91
55.38
54.91
55.04
55.12
55.65
56.03
56.23
56.39
55.95
55.71
56.13
56.23
56.29
56.25
56.77
57.44
58.22
58.82
58.74
58.74
58.82
58.95
59.10
60.22
60.62
60.60
60.69
61.52
60.78
60.43
60.67
60.29
59.70
59.85
59.55
60.15
60.03
60.05
59.64
59.59
59.50
59.68
60.18
60.61
60.69
60.85
60.51
59.95
60.06
59.96
59.62
59.47
59.28
59.63
59.99
60.66
60.42
60.23
60.21
59.81
59.74
60.17
60.71
60.42
60.35
60.70
60.59
60.49
60.45
60.88
60.33
59.77
59.42
59.44
59.34
59.96
60.88
60.81
61.87
60.63
60.14
60.29
60.25
60.42
60.51
60.28
60.04
60.12
59.96
59.94
59.50
59.51
58.78
58.91
58.80
58.97
59.68
59.57
60.29
60.60
60.65
60.62
61.04
61.41
61.79
61.95
61.64
61.72
62.42
62.65
62.93
62.01
62.24
62.95
63.44
63.87
64.16
64.19
63.93
64.03
64.39
64.72
64.85
64.45
64.75
64.21
63.91
64.23
64.31
64.54
64.52
64.77
64.92
64.53
64.33
64.41
63.82
63.83
63.74
63.63
64.01
64.02
64.54
64.75
63.98
64.11
64.47
63.80
63.09
63.05
62.22
62.70
63.04
62.82
62.77
62.63
63.29
62.62
61.89
62.26
62.47
62.21
62.26
62.11
62.82
63.61
63.95
63.62
63.39
63.23
63.25
62.52
63.00
63.17
63.02
63.22
63.37
63.55
64.02
64.09
64.15
63.60
63.85
64.07
64.23
64.48
64.37
64.81
64.98
64.87
64.75
64.53
64.33
64.40
64.56
64.70
65.24
65.38
65.00
65.08
64.77
64.78
64.93
64.91
65.18
65.13
64.89
65.06
65.73
65.07
64.33
64.33
64.72
64.21
64.25
64.85
64.30
64.54
64.41
64.44
60.03
62.09
64.00
64.18
64.49
64.51
63.41
63.20
62.85
62.05
60.55
59.51
60.21
59.15
59.65
58.71
58.19
57.55
58.69
59.55
57.76
58.00
57.87
57.94
58.35
57.94
58.38
58.55
58.78
58.65
58.85
58.92
59.12
58.71
59.03
58.63
58.81
58.68
58.94
58.65
58.85
58.67
59.04
60.64
60.38
60.06
60.44
60.05
59.90
59.25
59.37
58.00
56.87
56.86
57.00
57.48
57.62
57.65
57.71
57.27
58.41
58.71
59.23
59.51
59.25
59.79
58.90
58.30
58.10
58.06
57.47
58.50
59.03
58.40
58.49
58.81
57.86
57.84
57.78
56.99
57.26
57.00
57.44
58.30
58.50
58.63
58.42
59.26
59.77
59.92
60.25
60.50
60.76
61.13
61.51
61.80
61.90
61.57
61.83
61.93
61.69
62.13
61.55
61.57
61.30
62.01
62.50
63.00
63.03
63.04
62.97
63.29
63.39
63.14
63.25
62.50
63.06
63.52
63.64
63.85
63.61
63.28
63.51
63.32
63.31
63.72
63.55
64.24
64.10
64.10
64.10
63.55
63.58
63.51
63.98
62.65
62.92
63.30
63.65
63.09
62.65
62.93
62.14
61.39
61.25
61.82
62.27
62.23
62.20
62.25
62.14
61.75
61.69
61.56
61.89
62.44
62.04
61.98
62.23
62.28
61.92
62.02
61.82
61.90
62.11
61.90
61.75
62.53
62.75
62.95
62.90
62.56
62.00
62.00
62.32
62.35
62.25
62.01
62.01
62.54
62.46
62.16
60.71
60.60
60.60
60.00
59.69
59.70
60.28
60.59
60.65
60.65
60.75
60.64
60.42
60.51
60.65
60.48
60.50
60.33
60.55
60.45
60.37
60.03
59.36
59.77
60.60
60.36
60.81
60.34
60.30
60.34
60.32
59.40
59.11
58.92
58.02
57.50
57.90
58.10
58.67
58.70
58.50
58.73
58.65
58.98
58.93
59.24
59.21
59.06
59.46
59.48
59.60
59.25
59.31
59.50
59.66
59.51
59.49
59.98
60.10
61.80
63.18
63.77
63.51
64.07
63.40
64.93
65.40
65.81
66.01
65.37
64.80
65.12
65.07
65.28
65.81
65.82
65.95
66.19
65.86
65.94
65.85
65.28
65.08
65.50
66.07
65.28
65.60
66.99
66.46
66.28
65.80
65.84
65.50
65.18
66.17
66.09
66.26
66.75
65.71
65.47
66.19
66.07
66.16
66.05
64.69
64.83
65.00
65.38
65.93
66.25
66.27
67.25
67.37
67.40
67.19
66.83
66.83
67.21
67.47
66.99
66.55
66.15
66.06
66.13
66.49
66.01
65.87
65.14
64.78
64.13
63.66
63.43
61.86
61.81
61.05
61.05
59.08
60.01
60.13
62.90
63.61
63.69
63.80
62.02
62.74
63.01
63.42
64.84
64.20
62.50
64.56
65.19
65.34
65.11
63.91
62.50
64.69
64.84
63.29
62.30
63.18
62.98
63.92
63.96
63.63
63.79
63.10
61.14
61.00
62.01
62.71
63.14
63.02
63.15
62.05
60.83
61.60
62.10
63.00
63.64
63.85
63.87
63.57
64.17
63.62
63.40
62.16
62.31
62.89
63.60
63.56
63.79
64.71
65.03
64.38
63.18
63.41
63.67
63.41
63.25
63.95
63.10
63.66
64.62
64.65
64.51
64.30
63.30
63.56
62.88
62.70
61.99
61.05
61.78
62.46
63.80
64.35
63.30
62.85
63.26
63.37
63.56
63.98
63.35
63.14
62.93
63.57
63.55
63.36
64.01
64.58
64.62
65.18
65.90
65.30
65.25
65.53
65.25
65.11
64.83
64.61
64.41
65.00
64.84
64.93
64.36
64.50
65.00
64.79
64.54
64.88
64.34
64.76
65.22
65.46
65.13
65.56
65.65
65.35
65.53
65.05
65.02
65.09
64.82
64.25
64.60
64.33
64.47
64.44
64.81
64.75
64.87
64.90
64.19
64.02
64.50
64.71
64.64
64.57
64.54
64.19
64.12
64.74
64.59
64.54
65.03
65.02
64.85
64.81
64.90
64.76
64.64
64.40
64.37
64.83
65.22
65.18
65.20
65.58
65.82
65.50
65.36
65.09
64.88
64.16
63.96
63.68
63.52
63.67
63.27
63.12
62.76
63.20
63.30
63.36
63.84
64.26
64.68
64.84
64.80
64.84
65.10
64.74
64.51
64.55
64.25
64.39
64.23
63.56
63.41
63.45
63.48
63.09
63.25
63.33
62.88
62.80
62.29
62.30
62.00
62.14
61.71
61.89
62.00
61.89
62.51
62.33
62.11
61.83
63.18
64.29
65.51
65.82
66.36
66.46
66.16
66.52
66.14
66.41
66.36
66.44
67.21
67.34
67.72
67.78
67.36
67.63
67.74
67.72
67.44
67.73
68.36
67.61
68.66
68.98
68.35
67.65
67.00
67.39
68.21
68.89
69.16
69.10
69.25
68.02
68.89
68.78
68.21
68.22
68.17
68.12
68.17
68.50
68.30
68.02
67.51
67.67
67.62
67.53
67.56
67.15
67.48
67.22
67.06
66.85
67.16
66.97
67.14
67.59
67.52
67.83
68.18
68.03
68.00
68.08
68.00
68.07
68.60
68.33
68.84
68.81
69.01
68.96
68.89
68.50
68.92
68.64
68.73
69.01
69.32
69.17
68.10
67.98
67.86
67.80
68.07
69.02
69.55
70.82
71.73
71.33
70.53
70.67
70.99
70.56
70.48
70.83
70.83
70.47
70.89
69.70
69.65
69.43
69.31
69.40
69.03
68.72
68.51
69.04
69.14
69.45
68.95
68.82
68.73
68.60
69.05
69.18
69.36
69.45
69.58
69.80
69.86
70.26
70.75
70.85
70.62
70.49
70.78
70.50
70.63
70.49
70.06
69.94
69.88
69.80
69.42
69.18
70.30
70.45
71.01
71.19
71.25
71.50
71.74
72.16
72.37
72.00
72.25
72.37
72.79
72.42
72.47
72.84
73.06
73.43
73.64
74.01
73.78
74.08
73.56
74.47
74.52
74.68
74.73
75.05
75.42
75.37
75.38
75.51
75.96
76.54
76.38
75.97
75.57
75.50
75.60
76.11
75.73
76.73
77.44
77.22
77.59
77.70
77.84
78.21
78.20
78.49
78.62
78.70
78.50
79.17
78.77
79.02
79.47
79.85
80.27
80.95
81.28
81.90
81.57
81.93
81.62
80.31
81.24
81.74
82.08
82.17
81.71
82.07
83.29
83.03
83.47
84.20
84.00
84.28
84.34
84.81
84.91
84.89
83.88
84.17
85.45
84.55
84.63
84.93
84.96
85.18
85.44
85.76
86.94
87.06
87.41
87.81
87.79
88.20
87.00
86.49
87.27
85.14
85.68
84.18
83.37
83.56
83.48
82.65
84.40
84.73
84.13
83.70
83.08
84.66
84.98
85.63
84.80
82.12
82.50
82.81
84.54
85.94
86.49
85.85
85.50
86.21
86.10
86.92
87.97
88.36
88.81
89.00
89.38
89.76
90.13
89.88
90.06
90.05
91.61
92.11
91.75
91.75
91.65
92.61
93.02
93.19
93.70
93.45
93.43
93.50
93.47
92.71
91.78
91.75
91.76
90.51
89.09
88.77
89.35
89.73
88.68
88.12
87.21
87.39
85.96
85.88
85.99
85.85
86.03
86.25
86.62
86.00
87.01
87.85
88.14
88.88
88.20
88.83
88.58
88.30
89.79
89.68
88.81
88.15
87.07
86.72
86.44
86.15
86.26
86.44
86.28
86.56
86.29
85.57
85.50
86.70
88.02
88.63
89.93
90.16
90.77
91.14
90.77
91.50
91.52
92.14
91.78
91.92
92.58
92.65
92.32
92.38
92.43
92.28
92.72
92.69
92.56
93.94
93.00
92.32
93.40
93.55
94.01
94.00
94.66
95.05
94.39
95.08
94.97
94.61
94.43
93.97
93.51
93.13
92.66
93.42
93.70
93.96
93.03
91.07
91.08
91.16
90.50
89.77
91.42
91.95
91.76
91.85
91.77
92.18
91.73
91.15
91.01
91.26
91.87
92.99
93.88
94.09
94.14
94.06
94.32
94.51
94.23
94.38
92.62
93.54
92.41
90.61
89.85
89.79
88.53
89.01
88.15
86.61
86.09
86.48
87.55
88.61
89.80
90.95
91.95
91.71
92.03
92.09
91.57
91.31
91.45
91.10
90.66
90.77
90.75
91.06
90.83
92.25
92.38
92.82
92.69
92.79
93.09
92.65
92.98
92.46
93.18
93.48
92.92
92.96
93.88
94.54
95.70
97.05
96.26
96.96
97.61
97.37
97.37
97.53
98.32
97.83
97.50
97.78
96.52
96.05
96.25
98.05
98.07
98.69
98.67
99.74
99.92
99.55
99.40
100.12
100.96
100.70
99.93
98.88
99.04
99.51
99.35
100.36
100.41
100.42
100.63
100.77
100.41
100.14
100.13
99.96
100.53
100.08
100.67
100.27
100.12
100.15
100.55
101.01
101.84
101.94
102.42
102.84
102.68
102.77
103.13
102.51
102.17
101.84
101.38
101.86
102.81
104.07
104.44
104.55
104.23
105.03
104.45
104.52
104.99
105.30
105.11
105.27
105.52
105.72
104.52
104.86
105.11
102.77
101.95
100.26
100.37
101.02
101.78
101.88
102.02
101.80
101.66
101.69
101.81
100.05
98.80
99.32
99.55
99.60
99.58
99.77
101.01
100.31
101.15
101.50
100.80
101.75
102.02
102.70
103.33
102.97
103.09
103.17
102.91
102.71
103.01
103.02
103.54
103.76
103.34
103.83
103.55
103.96
104.10
103.96
104.35
104.30
105.80
106.03
107.62
107.78
107.19
107.34
107.07
106.20
106.04
106.45
103.95
103.25
104.13
104.37
102.34
102.04
101.79
101.23
99.02
95.34
95.10
96.50
97.31
98.32
99.34
100.52
101.94
102.21
103.04
103.56
104.86
104.91
107.26
106.75
107.34
107.95
108.55
107.92
107.20
108.55
108.39
108.50
108.01
107.61
107.72
108.10
107.69
