32.06
31.25
30.88
31.25
34.00
35.00
34.25
34.50
34.94
37.44
37.12
36.75
36.75
36.56
35.00
34.50
34.81
34.56
34.50
34.00
35.56
36.94
36.06
36.12
35.88
37.06
37.62
36.50
35.56
33.56
35.06
35.00
34.12
34.00
33.44
33.81
32.88
33.00
32.12
32.88
32.12
32.00
33.50
32.06
31.38
31.00
32.62
35.12
35.12
34.19
33.88
36.19
36.06
36.00
36.06
35.75
34.81
35.25
34.88
34.25
35.25
36.44
36.56
37.00
38.69
38.50
38.12
38.50
38.94
39.75
39.50
40.19
38.94
37.25
38.00
39.69
42.12
41.50
43.12
42.75
42.00
42.75
42.25
42.00
42.94
42.50
42.38
45.00
45.56
44.06
43.56
42.38
42.81
44.44
44.50
45.12
44.69
44.44
43.81
43.38
44.56
44.88
44.06
43.75
45.69
45.94
43.81
43.00
43.44
43.75
44.38
45.06
45.38
45.94
46.38
46.44
47.81
46.62
47.00
46.81
46.00
46.00
46.50
46.62
46.69
45.75
47.81
48.00
47.62
46.69
46.50
47.62
49.25
47.88
45.50
45.12
46.62
44.94
46.50
45.00
45.44
43.50
44.69
43.06
44.12
43.69
43.62
45.50
46.62
45.50
46.00
44.94
44.75
43.00
42.88
43.12
43.00
42.94
43.94
43.50
42.94
43.62
42.38
43.38
43.56
43.94
42.12
42.50
42.75
43.75
42.56
40.56
39.88
40.25
40.00
40.25
41.25
41.44
41.00
41.19
41.94
40.94
40.88
43.50
44.06
43.38
43.19
43.12
44.50
44.38
43.69
43.38
43.00
44.62
44.06
43.50
45.19
43.25
43.88
42.94
43.12
43.88
41.00
42.62
43.88
42.00
43.62
44.31
45.44
44.62
44.00
43.75
43.75
43.44
43.50
44.88
44.50
44.75
44.94
43.25
41.75
43.00
42.88
43.62
43.25
42.38
42.12
43.12
42.75
44.44
45.12
46.00
44.12
42.50
44.75
43.62
43.81
43.00
43.56
44.00
44.06
45.94
45.25
45.62
46.50
47.50
45.81
44.00
44.62
44.81
45.94
46.25
45.56
46.00
43.88
42.50
43.00
42.25
43.12
42.12
41.00
41.00
41.38
41.12
41.00
41.75
41.75
42.88
43.00
44.94
44.32
43.55
44.28
45.15
45.19
44.90
46.70
45.85
44.70
44.85
45.25
45.29
44.65
44.55
43.95
45.27
45.10
45.95
45.09
44.25
45.07
45.25
44.98
44.30
43.54
44.47
42.70
41.96
42.37
41.70
40.10
39.00
39.00
38.02
37.05
38.00
37.35
35.91
36.70
38.25
39.00
39.90
39.95
40.30
40.75
39.20
38.77
40.45
40.20
41.59
42.00
39.21
40.00
41.36
40.35
41.50
40.30
39.75
40.90
41.00
40.55
41.00
42.09
43.02
43.30
43.25
43.30
42.17
43.30
43.20
44.04
44.00
43.73
43.00
42.80
42.86
44.79
44.93
44.80
44.25
44.45
43.05
42.52
42.73
43.43
43.15
42.50
43.28
43.12
42.87
42.71
43.65
43.85
43.48
43.20
42.67
42.32
42.95
42.99
44.60
44.05
43.55
42.85
42.02
42.17
42.05
41.65
40.50
40.90
40.65
40.15
40.24
40.95
40.23
39.01
37.65
38.43
37.95
39.20
41.00
41.03
41.43
40.25
40.00
40.25
40.20
40.00
40.32
41.22
41.14
40.74
40.97
40.63
40.20
40.66
40.50
40.51
41.00
41.35
41.03
41.17
41.75
41.40
40.39
40.20
40.40
41.33
41.20
40.63
39.61
38.50
38.45
38.79
38.91
38.25
36.50
39.90
38.05
37.85
36.25
34.00
36.75
37.25
37.00
39.00
39.96
40.23
41.10
41.50
41.07
41.02
41.65
40.94
40.74
41.55
40.40
40.90
41.70
41.50
41.50
41.80
42.23
42.91
42.58
42.05
42.32
42.52
42.49
42.40
42.00
42.74
42.55
41.90
42.08
42.39
42.30
42.13
42.20
42.57
42.55
42.88
43.00
43.28
43.34
43.65
43.56
43.58
43.51
43.18
43.65
43.47
43.35
43.30
43.72
43.29
42.90
41.20
40.50
40.00
39.19
39.63
41.00
40.50
41.93
41.50
40.55
40.56
40.55
40.50
40.40
39.85
39.72
39.60
39.45
39.98
39.85
40.15
41.25
40.65
40.90
40.70
40.78
40.10
40.40
41.00
41.97
41.92
41.60
41.60
41.25
41.10
41.90
41.85
41.15
41.60
41.25
39.60
40.60
40.75
41.30
41.09
41.07
41.12
40.70
41.20
40.35
40.92
40.75
41.30
41.05
41.17
41.65
41.37
40.43
40.55
40.00
40.20
39.87
40.08
39.70
40.41
41.20
40.90
40.73
40.10
40.40
40.70
40.10
39.90
39.90
39.65
40.11
40.04
39.52
39.10
37.55
38.57
38.50
39.16
38.81
38.95
39.17
39.10
38.25
38.05
38.00
37.06
36.71
38.40
37.65
36.94
36.60
36.70
37.50
37.30
37.00
36.90
35.80
36.85
36.50
36.31
36.97
36.95
35.25
35.40
36.70
36.68
36.13
36.08
36.25
35.49
34.90
34.82
35.25
34.83
33.63
34.51
35.05
34.15
34.50
35.30
34.32
34.70
35.00
35.30
35.62
35.95
35.52
34.55
33.70
34.29
33.07
35.40
36.75
35.00
33.72
32.80
33.80
34.64
34.00
32.13
31.04
32.45
28.05
28.30
29.25
29.26
27.52
26.98
26.12
26.10
27.89
28.50
30.70
30.69
31.17
32.29
31.45
30.75
30.50
31.10
31.85
32.85
32.44
32.40
31.78
33.40
33.58
33.43
33.84
34.33
34.19
34.78
34.72
34.59
33.12
32.45
32.55
32.03
31.80
32.20
31.93
30.75
30.62
32.25
30.38
29.75
29.90
30.80
29.15
28.95
29.05
28.75
28.65
28.01
29.95
29.90
28.47
29.75
30.50
30.00
29.92
28.45
28.31
29.71
29.02
30.60
30.30
31.95
31.79
32.50
32.68
32.40
32.16
30.92
31.45
30.58
32.37
31.15
31.25
32.05
31.75
32.28
32.42
32.62
33.55
33.50
33.87
33.25
33.44
32.85
32.45
33.05
32.93
33.00
33.65
32.95
32.04
31.62
32.03
32.40
32.00
31.30
31.08
31.25
30.70
30.69
31.45
31.55
31.62
30.65
30.62
30.75
29.41
30.10
30.25
30.88
31.14
31.38
30.02
30.10
30.81
30.74
31.51
31.88
32.00
31.55
30.90
31.12
30.93
30.75
30.82
30.62
29.90
30.58
30.50
31.00
31.00
30.00
30.10
30.01
30.50
29.55
31.20
30.44
29.85
29.69
29.87
29.37
29.69
28.31
28.76
28.58
29.13
29.40
29.10
28.64
28.95
28.69
28.69
29.10
29.52
30.02
29.27
28.76
29.24
28.75
29.22
29.13
28.94
29.50
29.28
28.80
29.74
30.20
30.52
31.25
31.32
30.92
32.01
31.75
31.70
31.42
31.27
32.31
32.65
32.60
33.40
32.50
33.33
31.60
31.96
31.55
32.12
32.35
31.81
31.60
31.60
31.80
31.00
31.25
30.53
30.90
30.81
30.86
30.75
31.88
32.15
32.00
31.65
31.30
32.66
33.51
33.65
33.48
33.46
33.25
31.81
31.00
31.51
31.92
31.80
31.93
31.75
31.19
31.44
31.01
32.00
32.38
33.00
33.02
33.50
33.25
33.40
33.45
33.69
35.41
36.00
35.97
35.83
35.20
35.45
35.55
35.30
35.75
35.00
34.00
34.53
34.40
34.85
34.65
34.33
34.00
33.80
34.47
34.34
33.75
33.58
33.10
33.90
32.79
32.54
33.30
32.10
33.19
32.90
32.70
33.50
33.13
32.68
33.15
32.32
32.28
32.97
32.86
33.10
32.42
31.66
31.30
31.60
31.49
31.02
30.13
30.28
29.50
29.81
30.27
29.95
29.82
30.15
30.65
30.45
30.60
30.88
31.61
31.87
32.02
31.97
31.96
31.86
31.99
32.00
32.03
31.03
31.20
31.80
30.85
30.35
30.60
30.89
30.36
30.67
31.40
30.70
30.51
30.70
30.85
30.77
30.80
30.50
30.88
30.65
30.88
30.56
31.00
31.00
30.60
31.01
31.02
30.98
31.38
30.71
31.00
31.65
31.10
31.02
31.52
31.94
31.77
31.32
31.86
32.30
33.78
32.77
34.20
34.03
34.10
33.65
33.48
33.55
33.80
33.45
34.08
33.88
34.11
34.12
34.38
34.00
34.50
34.25
34.14
34.68
34.55
34.45
34.49
34.50
34.44
34.05
34.31
34.59
34.72
34.76
35.00
35.02
35.43
35.97
36.80
36.22
36.80
36.13
36.00
35.60
34.75
35.07
34.90
35.02
34.80
36.45
36.48
36.15
36.84
36.25
35.95
36.52
36.89
37.43
37.75
38.45
38.25
38.50
37.99
37.90
38.00
37.65
37.74
37.50
37.66
37.28
37.27
36.70
37.07
37.05
37.04
37.14
36.71
36.65
37.02
37.25
37.40
37.79
37.25
36.10
35.65
35.24
35.20
35.40
34.76
34.60
33.95
34.02
34.23
34.53
34.00
34.52
35.03
35.14
35.70
36.10
36.12
35.75
35.77
35.99
35.60
35.88
35.40
35.91
37.39
37.70
37.25
36.69
36.80
36.47
36.42
36.64
36.27
35.88
35.55
35.89
36.40
36.45
36.63
36.32
36.20
35.80
35.70
35.25
35.22
35.10
35.50
35.80
35.07
34.94
34.77
34.27
34.62
35.00
35.61
35.15
35.55
35.60
35.75
36.00
35.85
36.10
35.93
35.39
35.25
35.09
35.10
35.16
35.25
35.17
34.93
34.72
34.79
34.14
34.18
34.43
34.21
33.96
33.90
33.72
33.72
34.00
33.93
33.80
34.00
34.03
32.60
32.51
32.11
32.64
32.00
32.48
32.25
31.74
31.78
31.81
31.83
31.77
32.00
32.39
32.35
31.30
31.23
31.22
31.11
31.55
31.43
31.20
31.45
31.22
31.75
31.39
31.60
31.94
31.57
31.98
32.48
32.32
32.32
32.55
32.45
32.71
32.86
32.74
32.79
32.25
32.00
32.33
32.12
31.67
31.86
31.40
30.99
30.72
30.57
30.00
29.75
29.78
30.25
31.25
31.05
31.30
31.39
31.45
30.08
29.71
29.76
30.00
29.87
29.55
29.00
28.22
29.10
28.34
28.45
28.41
27.75
27.79
28.27
29.04
28.75
28.95
28.90
30.40
30.00
29.16
28.10
28.07
27.34
27.25
27.20
27.49
27.65
27.32
28.12
27.78
27.35
27.12
27.05
26.76
27.32
27.65
28.01
28.44
28.59
27.39
27.36
27.20
27.53
27.21
27.08
27.22
27.45
28.25
25.10
25.45
24.80
25.35
26.31
26.30
26.67
26.96
26.99
27.25
27.31
26.41
26.48
26.40
26.54
26.33
26.26
26.18
25.85
25.34
25.26
25.50
24.88
25.00
24.74
24.41
24.73
24.65
24.65
24.62
24.13
24.05
24.14
24.00
24.58
25.35
25.64
25.15
25.30
25.21
25.47
25.00
25.00
25.06
26.99
26.65
26.40
26.50
26.94
26.53
26.70
26.87
26.89
26.98
27.27
26.81
26.82
26.85
26.53
26.75
26.27
25.95
26.01
25.80
25.88
25.42
26.25
26.30
26.00
25.90
26.41
26.37
26.15
26.72
27.09
26.05
26.52
26.61
26.40
26.90
27.48
28.00
27.57
27.64
27.20
27.00
27.24
27.17
26.95
26.86
26.86
26.78
27.25
27.45
27.51
27.68
27.93
27.56
27.83
27.49
27.75
27.88
28.00
28.14
28.23
28.40
28.70
28.51
28.57
28.69
28.70
28.75
28.12
27.93
28.20
28.10
28.03
28.10
28.10
27.57
27.72
27.61
27.89
28.48
28.17
28.89
28.60
28.67
28.75
28.79
28.85
28.37
28.10
28.00
27.61
26.85
27.02
27.07
26.40
26.80
27.22
27.09
27.00
27.36
27.55
27.41
27.25
27.60
27.20
26.75
26.50
26.59
26.40
26.70
26.78
26.98
26.89
26.89
26.90
26.51
26.40
26.37
26.73
26.44
26.48
26.22
26.22
26.05
26.16
26.00
25.66
25.26
25.09
25.06
24.97
24.78
25.01
25.25
25.46
25.40
25.42
25.90
26.50
26.65
26.30
26.17
25.96
26.01
25.79
25.69
25.55
25.16
25.21
25.10
25.04
25.26
24.92
24.96
24.95
25.18
25.45
25.40
24.90
24.68
24.36
24.45
25.47
24.81
24.44
24.36
24.14
24.08
22.36
22.00
21.31
21.23
21.30
21.07
21.16
21.80
21.75
21.51
21.70
22.07
22.35
22.22
21.97
22.16
22.35
22.57
21.75
21.90
21.45
21.70
21.72
21.70
21.40
21.70
21.80
21.59
21.45
21.27
21.36
21.29
21.42
21.19
21.10
20.99
20.63
21.08
22.31
22.82
22.77
25.15
24.22
24.05
24.03
24.00
23.96
23.67
23.55
23.47
23.65
23.97
24.55
24.70
24.98
24.73
24.60
24.77
24.69
24.51
24.19
24.91
24.97
24.80
25.00
24.72
24.95
25.45
26.15
26.02
25.75
26.10
25.78
25.21
25.05
25.65
26.37
26.00
25.40
25.53
25.47
25.60
25.80
25.70
25.69
26.22
26.11
26.40
26.60
26.10
26.00
25.88
26.16
26.04
26.10
26.25
26.34
26.00
25.90
25.99
25.93
26.20
26.39
26.50
26.35
26.40
26.24
26.00
25.73
25.42
25.24
25.24
25.09
25.23
25.04
25.02
25.10
24.70
24.65
24.32
24.25
24.42
24.42
25.07
24.73
24.91
24.72
24.70
24.65
24.97
24.90
25.50
25.05
25.27
25.30
25.33
25.40
25.50
25.29
25.27
24.70
24.52
24.70
24.71
24.21
24.00
23.78
23.72
23.99
23.85
24.04
23.90
23.66
23.83
24.00
24.30
24.04
24.02
23.70
23.65
23.55
23.20
23.01
23.34
23.40
23.50
23.17
22.98
22.75
22.70
23.45
23.03
22.93
23.00
23.30
23.54
23.53
23.77
23.80
23.85
23.77
23.41
23.15
22.87
22.40
22.56
22.69
23.64
23.80
24.01
24.70
24.90
25.20
25.70
26.45
26.04
26.21
25.58
25.88
25.96
26.04
26.13
25.95
25.83
25.88
26.17
26.38
26.77
26.99
26.78
26.64
26.88
27.20
27.12
27.15
27.49
27.60
27.73
27.79
27.87
27.89
27.65
27.40
27.50
27.97
28.13
28.06
28.23
27.98
28.15
28.16
28.47
28.21
28.29
28.27
28.25
28.34
28.39
28.20
28.29
28.41
28.23
27.87
27.78
27.50
27.43
27.29
27.54
27.60
27.46
27.87
28.42
27.76
27.55
27.25
27.17
27.28
27.16
27.12
26.94
26.70
26.51
26.68
26.57
27.00
26.69
26.41
25.82
25.61
26.05
26.30
26.43
26.70
27.15
26.97
27.00
26.91
26.89
27.00
27.29
27.40
27.61
23.65
24.99
24.90
24.98
24.87
25.27
25.05
25.22
25.49
25.56
25.65
25.85
26.16
26.24
26.00
25.80
25.95
26.02
26.08
26.15
26.38
26.55
26.29
26.24
26.10
25.78
26.38
26.64
26.70
26.84
27.22
27.23
26.62
26.34
26.82
26.33
26.24
26.02
26.01
26.39
26.67
26.73
26.77
26.56
26.35
26.41
26.42
26.22
26.32
26.58
26.42
26.19
26.20
26.09
25.90
25.71
25.55
25.33
24.85
24.98
24.78
24.97
25.35
25.43
25.38
25.41
25.34
24.92
24.78
25.07
25.05
25.23
25.47
25.67
25.62
25.53
25.50
25.45
25.18
25.35
25.23
25.45
25.55
25.74
25.93
25.96
25.94
25.97
26.80
26.85
26.94
26.81
26.62
27.05
26.61
26.47
26.18
26.42
26.61
26.55
26.36
26.60
26.59
26.81
27.05
27.28
27.12
27.09
26.79
27.00
27.19
27.15
27.30
27.35
27.42
27.33
27.37
27.29
27.28
27.52
27.43
27.35
27.53
27.55
27.46
27.19
26.75
26.21
26.50
26.22
26.20
26.26
26.51
26.50
26.25
26.38
25.74
25.77
25.50
25.48
25.52
25.53
25.77
25.70
25.79
25.81
25.87
25.91
25.77
25.51
25.55
25.97
25.81
26.04
25.18
25.22
25.07
24.96
24.96
24.93
24.74
24.22
24.05
23.87
23.51
23.70
23.94
23.69
24.13
24.32
24.25
24.00
24.20
23.83
23.61
23.36
23.77
23.92
24.14
24.35
24.74
24.52
24.73
24.66
24.55
24.41
24.68
24.78
24.90
24.80
24.59
24.35
24.05
24.11
24.31
24.20
24.16
24.17
24.65
24.92
24.81
24.66
24.35
24.39
24.67
24.76
24.45
24.89
24.86
25.13
25.50
25.56
25.43
25.55
25.57
25.43
25.25
24.91
24.75
24.55
24.53
24.00
24.13
24.03
24.19
24.31
24.29
24.49
24.56
24.58
24.03
23.60
23.69
23.63
23.42
23.11
22.83
23.17
23.70
23.56
23.49
23.35
22.85
22.50
22.85
22.95
22.59
22.90
23.38
23.84
23.62
23.36
23.56
23.97
24.17
24.39
24.36
24.02
23.65
23.39
23.05
23.16
23.33
23.10
23.37
23.13
23.24
23.25
23.05
22.93
22.76
22.98
23.18
22.92
23.30
23.50
23.98
23.95
24.24
23.81
23.47
23.40
22.97
21.68
22.44
22.94
23.17
22.69
23.14
23.13
23.03
23.40
23.55
23.50
22.90
22.60
22.65
22.37
22.30
22.70
22.73
22.43
22.50
22.33
22.67
22.50
22.50
22.64
22.79
22.75
22.65
22.42
22.15
22.42
21.98
21.46
21.37
21.34
21.77
21.16
21.32
20.38
20.83
20.85
20.70
20.82
20.68
20.72
20.76
20.68
20.69
21.05
21.22
21.41
21.33
21.43
21.35
21.00
20.86
20.86
20.54
20.60
20.83
20.50
20.59
20.36
20.23
19.88
19.95
20.17
20.49
20.26
20.30
20.17
20.48
20.60
20.52
20.25
19.98
19.91
19.85
19.93
20.02
20.06
20.12
20.05
20.18
20.11
19.77
19.73
19.58
19.42
19.34
19.47
19.43
19.11
19.00
18.74
18.54
18.10
17.92
17.92
17.62
17.79
17.91
17.85
18.50
17.81
17.72
17.42
17.39
17.74
17.76
17.26
17.29
17.43
17.84
17.77
17.80
17.47
18.33
18.15
17.94
18.02
17.52
17.60
18.26
18.41
18.43
17.98
18.79
19.19
18.89
18.87
18.42
18.65
18.81
18.81
18.62
19.04
19.42
19.31
19.21
19.81
19.83
19.75
19.68
19.87
20.08
19.52
19.36
19.15
19.48
19.60
19.56
19.20
19.17
19.24
19.30
19.17
19.20
18.62
18.84
19.05
18.27
18.00
18.29
18.11
17.70
17.58
17.42
18.90
18.30
18.20
18.16
18.10
18.31
18.28
17.93
18.26
18.82
18.93
18.50
18.90
17.37
17.30
14.83
16.47
17.39
17.29
16.55
16.43
17.25
17.67
17.05
16.89
15.91
16.30
16.68
17.57
17.83
17.76
17.85
18.12
18.09
16.98
16.49
17.20
16.55
16.46
15.88
16.45
16.10
15.95
16.15
15.49
14.99
15.96
16.34
15.63
16.02
16.18
15.68
15.82
16.36
16.05
16.87
16.54
16.65
16.41
16.53
16.91
16.75
17.23
17.34
17.35
17.38
17.34
17.10
17.07
17.12
17.41
17.65
17.88
18.40
18.32
17.68
17.40
17.72
17.67
17.40
17.29
17.22
17.77
17.24
17.31
17.27
16.76
16.47
15.61
15.95
15.29
15.09
14.63
14.40
15.04
14.54
14.54
15.12
13.74
14.18
14.30
14.52
14.28
14.11
14.30
13.83
13.70
13.37
13.43
13.21
12.47
12.08
11.84
12.11
12.37
12.66
12.38
12.70
13.10
13.25
13.96
14.63
14.11
14.21
14.26
13.70
13.95
13.91
13.98
14.28
14.22
13.88
13.80
13.59
14.06
13.59
13.56
13.62
13.54
13.62
13.53
13.52
13.34
13.93
14.01
13.97
13.59
13.43
13.11
13.31
13.36
13.64
13.35
13.58
13.39
13.70
13.99
14.17
14.02
14.33
14.10
14.24
15.09
15.26
15.18
15.02
15.19
15.15
15.03
14.84
14.90
15.00
14.76
14.80
15.36
14.98
14.85
14.94
14.79
14.40
14.37
14.13
14.09
14.57
14.70
14.21
14.23
14.64
15.15
14.89
14.67
14.81
14.64
15.23
15.25
15.27
14.97
14.77
14.40
14.55
14.74
14.62
14.23
14.21
14.66
14.97
14.97
15.08
15.03
15.42
15.67
16.05
16.05
16.43
16.49
16.00
15.96
16.11
16.12
15.95
15.98
15.88
15.91
15.85
15.80
15.85
15.88
15.87
15.57
15.88
15.95
16.45
16.49
16.73
16.79
16.79
16.66
16.87
16.63
16.54
16.35
16.05
16.00
16.39
16.26
16.22
16.40
16.21
16.39
16.36
16.36
16.47
16.54
16.85
16.86
16.44
16.43
16.44
16.57
16.88
16.50
16.36
16.17
16.60
16.74
16.92
16.69
16.92
16.89
16.87
17.37
17.63
17.65
18.28
18.00
17.38
17.49
17.41
17.28
17.21
17.24
17.46
17.05
16.90
16.93
17.11
17.01
17.10
17.32
17.67
17.60
17.72
17.65
17.85
17.93
18.07
18.15
18.49
18.61
18.44
18.08
18.31
18.54
18.94
18.83
18.83
18.49
18.05
18.03
18.47
18.37
18.47
18.26
18.37
18.38
18.35
18.40
18.80
18.76
18.67
18.68
18.61
18.48
18.39
18.27
18.92
18.66
18.64
18.62
18.83
18.80
18.87
19.20
19.43
19.53
20.05
20.04
19.26
19.24
18.72
18.78
19.07
18.70
18.79
18.87
18.69
18.35
17.91
17.91
17.87
17.92
17.75
17.85
17.96
17.85
17.68
17.82
17.98
17.84
17.74
17.57
17.69
17.61
17.87
17.45
17.35
17.38
17.59
17.27
17.21
17.12
17.19
17.03
17.32
17.26
17.34
16.91
17.00
17.28
17.61
17.74
17.36
17.20
17.32
17.18
17.21
17.14
16.94
17.02
17.07
17.20
17.32
17.21
17.18
17.05
16.98
16.74
16.83
16.75
16.50
16.43
16.86
16.71
16.47
16.63
16.99
16.80
17.15
16.97
17.16
16.70
16.90
16.85
16.98
16.84
16.53
16.20
16.14
15.75
15.54
14.99
15.28
14.95
15.11
15.34
15.33
15.16
15.12
15.24
15.01
14.84
14.53
14.64
14.65
15.23
15.56
15.40
15.42
15.43
15.49
15.36
15.15
14.98
14.62
14.49
14.69
14.43
14.22
14.29
14.29
14.33
14.31
14.78
14.85
14.73
15.00
14.73
14.85
14.83
14.62
14.65
14.55
14.61
14.75
14.63
15.10
15.28
15.18
15.02
15.16
16.00
16.26
16.39
16.06
16.29
16.29
16.30
15.90
16.16
15.98
16.23
16.21
16.07
15.91
16.20
15.94
15.77
16.08
15.98
16.05
15.89
16.13
16.33
16.47
16.44
16.35
16.73
16.84
17.01
16.93
17.07
17.26
17.21
17.08
17.24
17.12
17.12
17.22
17.42
17.20
17.40
17.48
17.25
17.10
17.11
17.24
17.38
17.43
17.46
17.49
17.59
17.74
17.79
17.73
17.65
17.46
17.63
17.61
17.57
17.57
17.40
17.41
17.57
17.63
17.64
17.51
17.58
17.40
17.06
17.07
16.95
16.62
16.84
16.97
16.62
16.50
16.55
16.71
16.66
16.52
16.58
16.57
16.41
16.44
16.49
16.79
16.72
16.70
16.93
16.75
16.78
16.76
17.16
17.27
17.05
17.07
17.10
17.01
17.22
17.37
17.55
17.51
17.48
17.69
17.50
17.44
17.70
17.79
17.91
18.29
18.19
18.22
18.18
18.29
18.34
18.19
18.35
18.43
18.32
18.25
18.33
18.61
18.60
18.37
18.53
18.19
18.49
19.09
18.86
19.09
19.27
19.00
19.08
19.01
18.71
18.82
18.96
19.08
19.22
19.37
18.88
18.78
18.81
18.91
18.95
19.35
19.18
19.39
19.72
19.64
19.63
19.61
19.55
19.34
19.45
19.37
19.64
19.53
20.20
20.32
19.95
19.88
20.00
20.35
20.42
20.11
20.49
20.27
20.35
20.55
20.49
20.49
20.28
20.34
20.55
20.59
20.54
20.44
20.55
20.32
20.31
20.68
20.47
19.95
20.16
20.26
20.65
20.85
21.14
20.97
20.43
20.61
20.49
20.53
20.69
20.77
20.68
20.95
20.84
21.08
21.11
21.24
20.97
20.49
20.50
20.35
20.63
20.96
21.00
21.34
21.03
20.66
20.82
20.94
20.87
20.63
20.63
20.08
20.55
20.40
20.17
20.37
20.09
20.34
20.35
20.92
20.55
20.10
20.16
20.64
20.68
20.50
20.68
20.78
20.64
20.13
20.00
20.01
20.09
19.98
19.82
19.57
19.65
19.92
20.01
20.09
19.88
19.85
19.53
19.25
19.21
19.44
18.95
18.02
17.78
17.50
17.11
17.02
17.66
17.20
17.92
18.18
18.25
18.42
18.12
17.50
17.98
17.88
18.24
18.20
17.83
18.76
18.79
18.98
18.91
18.62
18.23
18.99
18.88
18.58
17.87
18.28
18.17
18.49
18.60
17.94
18.16
18.09
17.57
17.41
17.40
18.01
17.76
17.79
17.76
17.69
17.21
17.54
18.01
18.36
18.73
18.80
18.89
18.72
19.00
18.94
18.61
18.97
18.78
18.90
18.96
19.23
19.04
19.63
19.87
19.58
19.15
19.62
19.69
19.75
19.59
20.00
19.58
19.47
19.93
19.62
19.78
19.65
19.57
19.50
19.20
18.94
18.78
18.38
18.81
19.07
19.56
20.03
20.13
20.12
20.09
20.12
20.32
20.30
20.38
20.57
20.65
20.95
21.33
21.13
21.31
21.54
21.65
21.76
21.75
21.76
21.53
21.49
21.86
21.92
21.72
21.72
21.56
21.94
21.89
21.95
21.94
21.99
21.95
21.90
21.89
21.94
21.61
21.51
21.77
21.60
21.39
21.73
21.25
21.23
21.19
21.13
20.87
21.00
21.05
21.00
21.22
21.30
21.32
21.17
21.48
21.26
21.16
21.27
21.14
20.76
21.12
21.18
21.07
21.41
21.36
21.41
21.35
21.51
21.46
21.47
21.64
21.98
21.95
21.94
21.85
21.76
21.83
21.73
21.78
21.95
22.29
22.56
22.26
22.45
22.54
22.55
22.42
22.27
22.07
22.03
22.07
22.05
21.82
21.84
22.03
22.22
22.53
22.31
22.37
22.39
22.77
22.87
23.14
23.02
22.63
22.69
22.67
22.52
22.24
22.36
22.07
22.70
22.74
22.46
22.56
22.32
22.62
22.61
22.55
22.48
22.38
22.15
22.15
22.18
22.07
22.09
21.76
21.54
21.61
21.72
21.96
21.95
22.25
22.16
22.17
22.15
22.82
22.57
22.72
22.76
22.76
22.66
22.05
22.53
22.44
22.63
22.83
22.85
22.94
22.81
22.57
22.55
22.72
22.39
22.31
22.71
22.72
23.15
23.53
23.60
23.69
23.47
23.40
23.39
23.54
23.67
23.77
23.91
23.92
23.81
24.10
24.24
24.00
23.71
23.83
23.86
23.81
23.85
23.98
24.07
24.07
23.71
23.90
23.59
23.77
23.72
23.92
23.83
23.91
23.87
23.88
23.79
23.91
24.10
24.31
24.20
24.08
24.16
24.04
24.18
23.68
23.94
24.04
24.13
24.46
24.45
24.84
24.91
24.87
25.00
24.80
25.18
25.11
25.42
25.46
25.46
25.31
25.34
25.28
25.16
25.17
25.69
25.86
25.69
25.95
25.68
25.30
25.27
25.47
25.48
25.65
24.82
24.71
24.42
24.61
24.46
24.16
24.06
24.15
24.00
24.04
23.71
23.63
24.03
24.12
24.37
24.41
24.34
24.26
24.23
24.71
24.91
25.04
25.04
25.14
25.55
25.53
25.42
25.53
25.62
25.43
25.22
25.17
25.35
25.63
25.32
25.39
25.01
25.05
25.17
25.00
24.67
25.53
25.98
25.85
25.91
26.00
26.22
26.52
26.74
26.61
26.59
26.53
26.75
26.58
26.57
26.52
26.87
26.98
27.10
26.94
27.53
27.42
27.58
27.37
27.24
27.42
27.33
26.96
26.89
27.14
27.01
26.91
27.15
27.40
27.65
27.41
27.48
27.21
26.89
26.93
27.37
27.18
27.31
27.77
28.10
28.18
28.33
28.16
28.23
27.93
28.04
27.84
27.74
28.10
28.17
28.17
28.12
28.45
28.26
28.52
28.66
28.75
28.97
29.23
29.18
28.96
28.98
29.03
29.49
29.93
30.45
30.61
30.54
30.80
30.85
30.73
31.08
30.98
31.08
30.65
29.23
30.12
29.42
28.83
29.03
29.53
28.93
28.89
28.89
28.75
28.59
28.75
29.39
29.40
29.47
29.21
28.97
28.71
29.55
29.08
28.86
29.30
28.86
28.37
28.27
27.30
27.83
27.73
27.48
28.24
28.38
28.04
28.65
28.37
29.02
29.40
29.13
29.37
29.02
28.86
28.16
28.08
28.08
28.39
28.54
27.97
27.72
27.47
28.05
28.24
28.31
28.47
28.84
28.50
28.79
28.84
28.79
28.67
28.51
29.00
29.38
29.44
29.03
28.92
29.40
29.89
29.44
29.43
28.95
29.30
29.24
29.27
29.21
29.08
29.07
29.25
29.22
28.94
28.66
28.27
28.56
28.50
28.33
28.14
28.33
27.92
27.95
28.12
28.05
28.38
28.19
28.52
28.28
28.23
28.38
28.53
28.64
28.39
28.74
28.66
28.73
29.04
28.97
28.77
28.73
28.69
28.63
28.48
28.71
28.58
28.69
29.02
28.83
28.73
28.60
28.25
28.62
28.92
28.56
29.21
29.26
29.82
30.19
30.47
30.38
30.65
30.68
30.48
30.45
30.84
31.25
30.78
30.70
31.16
31.19
31.23
30.99
30.88
31.22
31.18
31.28
31.94
31.83
32.08
31.98
31.79
31.85
31.90
32.12
32.27
32.02
31.88
31.61
31.69
31.11
31.12
31.55
31.53
31.41
31.31
30.55
30.44
30.30
30.18
30.30
30.78
30.72
30.46
30.44
30.37
30.76
30.54
30.62
30.47
30.39
30.77
30.86
30.78
31.08
30.84
30.86
30.58
31.05
31.18
31.25
31.32
31.31
31.02
30.86
30.04
30.44
30.24
30.40
30.56
31.03
31.64
30.99
30.71
30.84
31.26
31.79
31.87
31.50
31.88
31.81
31.92
31.34
31.68
31.99
31.55
31.74
31.87
32.12
31.52
32.34
32.65
32.80
32.51
32.42
32.35
32.15
31.99
31.15
31.41
31.47
31.93
32.12
32.33
31.77
31.77
32.01
32.28
32.20
31.96
31.93
31.92
32.43
32.52
31.48
31.26
30.99
31.38
30.50
30.05
29.97
30.15
30.15
30.54
30.85
31.18
30.90
30.73
31.59
32.06
31.76
31.08
31.02
30.26
30.00
29.14
29.12
29.10
29.34
29.11
29.14
29.07
29.00
29.58
29.54
29.25
29.56
29.57
29.93
29.70
29.73
29.56
29.59
29.77
29.61
29.69
29.81
29.38
29.34
29.46
29.38
29.46
29.50
29.58
29.53
29.70
29.74
29.81
29.43
29.15
29.72
29.67
29.76
29.61
30.06
30.61
30.49
30.48
30.12
29.76
30.04
30.19
30.20
30.51
30.80
30.53
30.43
30.55
30.69
30.37
30.32
29.79
30.33
29.51
29.26
28.70
28.95
28.58
28.30
28.44
28.08
28.53
28.26
28.25
28.26
28.86
28.75
28.97
28.83
28.92
28.86
28.93
29.03
29.47
29.43
29.46
29.21
29.45
29.53
29.30
29.58
29.42
29.25
29.39
29.47
29.44
29.95
30.19
30.41
30.76
30.26
29.83
30.11
30.33
29.97
29.67
29.77
29.37
29.16
29.29
29.35
29.03
28.81
29.40
29.11
29.16
28.64
28.19
27.87
27.81
27.87
28.12
28.25
28.65
28.80
29.09
29.17
29.15
29.39
30.01
29.90
30.14
30.37
30.08
30.13
29.96
30.18
30.23
30.52
30.38
29.91
30.49
30.42
30.33
