92.19
88.81
89.75
92.56
96.50
94.06
94.38
93.50
93.38
93.69
91.31
91.62
91.94
89.88
83.69
85.25
83.50
80.50
84.50
86.06
84.81
85.38
83.31
82.12
81.44
82.06
80.00
78.00
77.44
77.62
79.69
79.81
79.19
77.44
78.62
76.12
73.75
72.00
72.75
72.00
73.38
73.69
73.50
70.50
68.50
71.00
72.69
70.88
70.00
72.75
76.94
79.81
79.56
79.31
80.25
82.25
80.00
72.25
69.75
72.00
71.06
70.75
70.25
72.25
76.75
77.50
74.88
74.06
76.00
78.25
77.00
76.25
73.31
77.50
81.50
82.25
81.62
83.88
84.31
82.75
83.00
82.50
82.69
84.19
83.25
83.06
84.00
87.75
87.00
85.50
86.06
85.50
86.25
87.31
87.06
88.50
88.75
86.88
87.00
89.94
89.31
88.12
88.94
89.50
87.69
84.00
84.00
84.12
83.69
84.88
86.12
84.78
88.00
89.75
90.62
89.56
90.19
88.56
89.88
88.56
89.75
95.50
97.94
98.08
98.56
101.88
101.06
101.00
99.69
99.75
100.19
100.19
98.06
95.25
91.81
94.34
95.00
93.19
91.88
92.25
94.45
93.50
90.25
91.86
93.66
93.06
94.81
96.50
97.00
96.56
96.86
96.67
94.81
97.41
97.84
97.31
96.09
97.84
97.00
96.42
97.00
97.75
96.94
96.25
95.44
94.75
93.00
91.25
91.95
92.62
93.25
93.25
93.44
94.47
95.02
96.62
97.62
95.94
95.00
92.12
91.81
91.08
94.25
95.88
95.86
94.50
95.09
93.38
93.94
93.19
92.50
90.31
93.06
92.31
91.31
94.62
96.00
97.00
95.81
96.94
97.06
94.25
91.75
91.88
91.56
91.69
93.94
93.12
92.75
94.38
92.12
91.00
89.88
91.69
92.06
92.12
93.44
93.56
94.44
93.06
94.62
95.00
94.19
95.12
96.19
97.75
96.50
95.06
97.38
100.12
100.25
100.00
97.75
99.56
99.50
96.12
97.06
96.38
95.62
97.00
98.69
99.25
98.56
98.56
99.19
100.62
101.00
101.50
102.38
103.00
104.75
105.06
102.00
98.75
96.62
97.88
97.75
98.44
95.88
92.44
94.56
94.19
91.69
94.00
94.12
94.31
92.69
90.56
91.75
91.94
91.60
91.60
93.13
93.87
95.10
93.93
93.42
94.90
94.63
94.98
98.10
96.90
95.65
94.20
94.53
96.03
96.91
96.52
95.49
95.75
95.95
97.33
99.08
99.15
98.48
96.80
94.80
97.87
96.70
94.95
94.15
93.25
93.35
91.99
91.95
90.80
87.23
87.80
88.21
85.38
83.25
86.28
88.38
87.47
87.32
86.11
86.91
88.88
90.39
91.24
92.03
90.84
90.95
92.60
94.45
93.95
92.85
92.11
91.90
92.51
94.00
95.55
95.38
96.48
96.80
97.50
96.76
97.76
98.10
97.95
98.25
97.24
97.26
97.79
97.08
99.77
100.68
101.00
100.63
99.00
97.73
97.45
97.25
97.44
97.10
96.95
98.00
100.14
102.19
103.10
103.06
102.01
101.37
101.80
50.71
50.91
52.04
52.03
53.28
53.61
53.02
52.39
51.60
51.11
50.70
52.20
49.96
51.19
51.04
50.91
50.41
52.12
52.50
53.35
52.84
53.05
53.73
54.91
54.40
54.20
54.49
53.60
52.71
52.70
53.19
53.01
52.92
54.10
53.80
53.19
53.58
53.36
53.98
53.71
53.86
55.02
55.70
56.99
57.00
54.89
53.75
54.85
54.30
54.78
54.64
54.60
54.35
53.87
53.28
53.09
52.71
56.15
56.24
56.94
55.73
55.62
55.82
54.50
53.54
52.35
52.24
52.41
52.94
54.13
54.48
55.40
55.42
54.99
54.27
54.45
54.70
55.77
55.44
56.04
54.94
55.35
55.72
56.77
57.77
58.08
58.42
58.97
58.85
59.26
58.97
58.67
58.56
57.85
57.91
58.87
58.98
58.48
59.00
58.75
59.00
59.56
59.02
59.65
60.07
60.00
59.92
59.90
60.78
60.85
60.97
60.50
60.01
59.99
58.48
58.25
58.31
57.23
56.60
55.67
56.65
55.52
56.14
56.05
56.23
56.30
56.45
56.79
57.70
58.31
59.71
59.46
59.67
60.02
59.86
59.10
58.70
58.68
58.14
57.87
57.49
56.91
58.28
58.23
58.92
59.17
59.58
59.83
59.70
59.12
58.78
58.04
57.65
57.81
57.18
57.20
57.51
57.60
56.31
55.50
55.88
56.49
56.88
57.05
57.30
58.09
57.30
57.24
56.92
58.12
58.00
59.40
59.70
60.01
60.23
60.90
62.10
61.92
61.31
62.52
63.62
63.66
63.81
63.65
63.90
64.38
64.60
64.66
65.49
64.49
64.80
64.85
64.35
64.71
65.14
64.95
64.61
64.45
64.02
63.48
63.05
63.38
63.00
63.44
62.70
62.67
62.16
63.26
62.52
64.29
64.49
63.34
62.80
63.61
63.40
63.61
62.91
63.86
63.95
64.20
63.43
62.10
60.42
60.90
61.37
61.85
61.84
61.04
60.24
60.55
61.47
60.45
60.64
62.00
61.75
61.40
61.21
61.36
61.37
61.35
60.05
59.40
59.61
58.75
58.31
59.00
57.49
57.24
57.41
56.82
57.45
56.46
56.37
55.04
53.00
54.13
53.34
54.14
54.41
52.26
50.50
51.61
52.95
54.59
53.58
52.62
50.30
50.98
50.50
49.00
50.10
51.24
49.73
41.85
42.53
44.08
47.70
48.70
49.61
51.26
50.94
52.60
51.42
52.25
50.10
51.08
52.51
54.57
54.51
54.58
53.37
55.50
55.97
55.32
55.90
54.90
54.89
56.20
54.82
55.71
54.75
54.36
54.16
54.31
52.68
54.34
54.42
54.92
55.20
55.39
55.48
53.97
54.14
54.90
53.59
53.85
51.96
52.30
52.85
53.61
53.65
55.54
55.10
54.08
56.30
58.30
57.98
56.95
56.70
58.49
56.20
56.80
56.70
57.83
59.56
58.90
60.20
59.35
61.11
59.82
57.95
57.71
57.76
57.27
56.25
57.30
58.75
58.59
58.71
59.89
60.27
59.89
60.27
60.00
60.02
59.93
60.46
60.15
59.08
58.80
60.00
59.48
58.55
58.64
56.41
57.74
57.02
55.70
55.83
56.73
55.87
55.27
55.56
55.86
56.17
55.05
54.91
55.58
54.67
53.70
53.41
54.52
54.50
54.90
53.86
53.11
53.78
53.71
55.33
56.81
57.35
56.06
55.73
56.85
57.20
56.04
56.36
55.00
54.68
54.79
53.99
54.00
54.80
53.61
52.18
53.04
52.40
51.54
53.61
53.34
52.76
52.10
52.12
51.84
52.04
52.00
50.00
51.31
51.75
53.06
52.57
51.92
53.48
52.43
52.76
51.82
52.78
52.45
52.43
51.69
52.81
53.30
55.30
54.13
54.48
54.68
55.48
55.19
56.39
56.78
57.31
57.39
58.67
56.75
57.08
56.66
56.96
57.38
57.87
58.42
58.41
57.46
57.84
57.33
57.50
57.26
57.21
57.38
57.78
55.98
54.39
55.01
55.36
56.09
56.80
57.50
56.21
57.01
56.89
56.36
56.32
56.64
56.46
56.52
57.01
56.44
56.34
56.16
55.50
55.35
55.44
56.04
54.63
53.99
53.45
53.38
53.09
53.42
53.66
53.39
54.35
53.22
53.85
54.06
52.02
52.75
52.72
52.64
53.00
53.27
52.56
53.70
54.76
54.95
54.41
54.45
53.35
52.60
52.47
52.30
51.54
51.70
52.42
52.90
52.99
52.98
52.48
51.92
51.25
51.88
53.60
52.55
52.60
52.27
52.74
51.38
51.76
52.20
51.70
52.23
51.46
50.63
51.07
51.79
50.43
50.60
49.78
50.21
51.80
51.75
51.68
51.26
50.99
51.00
51.05
50.42
50.06
50.03
49.40
49.54
49.57
49.67
49.26
49.14
49.58
50.00
50.24
51.12
50.50
51.30
51.25
52.04
52.25
51.63
50.84
50.85
50.22
50.74
50.31
50.18
50.02
49.45
49.53
49.18
49.86
49.52
50.27
50.30
50.11
50.16
50.10
49.78
49.39
49.24
49.79
50.93
50.50
50.69
50.41
50.63
50.85
49.91
50.30
50.35
49.92
50.54
49.48
49.48
50.33
49.78
49.15
49.15
49.17
48.81
48.73
49.08
49.50
50.34
52.12
51.67
51.94
52.26
51.49
50.88
51.48
50.69
49.70
49.30
49.50
48.95
49.16
49.33
49.16
49.85
50.01
50.25
50.00
49.39
49.46
49.42
49.35
49.97
50.10
50.48
50.55
50.73
50.62
51.25
51.37
51.66
51.66
51.96
51.73
51.75
51.99
51.40
52.39
52.25
52.00
51.84
50.45
51.50
52.56
53.05
53.00
53.50
53.28
53.16
53.89
53.42
53.53
53.84
54.48
54.50
54.15
54.11
54.43
54.65
54.60
54.23
54.41
53.89
53.57
53.30
53.05
54.18
54.06
53.97
53.91
53.76
52.87
53.22
53.03
53.13
53.10
52.67
51.77
51.11
50.71
50.57
51.08
50.88
50.98
50.05
49.50
49.65
49.65
50.20
50.13
50.57
50.42
50.72
50.52
51.18
51.52
51.48
51.38
50.87
51.20
51.39
52.60
54.52
54.13
53.92
53.13
53.68
53.64
53.68
53.90
54.36
54.19
54.10
54.03
54.93
54.80
54.08
54.84
55.30
55.45
55.14
55.24
54.93
54.52
54.70
54.63
54.28
54.58
54.94
54.31
55.36
55.48
55.79
55.71
55.77
56.20
56.59
56.38
56.72
56.97
56.76
57.07
57.01
56.21
55.88
55.55
55.25
55.28
55.37
55.64
55.69
54.50
54.97
55.74
55.70
55.47
55.35
54.95
54.53
54.76
54.99
54.89
55.38
55.92
55.35
56.80
56.40
56.31
55.75
56.24
55.74
55.43
55.65
55.68
55.47
55.27
55.52
55.43
55.58
55.22
54.60
54.49
54.99
56.00
56.30
55.54
56.09
56.54
57.03
56.78
57.04
57.05
57.17
57.66
57.52
57.71
57.54
58.10
57.79
57.72
57.85
57.86
58.27
57.51
57.57
58.15
58.35
58.18
58.12
58.52
57.92
57.90
57.30
56.56
56.55
56.53
57.10
57.03
56.33
57.00
57.25
57.46
57.75
55.92
55.32
55.36
56.82
56.51
56.52
56.58
57.32
56.61
57.50
57.78
57.29
57.08
57.23
57.77
58.01
58.38
58.44
58.04
59.45
59.22
59.18
59.84
59.83
60.12
60.60
61.00
61.16
61.03
60.90
61.12
60.54
60.87
60.57
60.51
60.45
60.20
60.32
61.19
61.75
61.91
61.83
60.41
61.15
61.31
60.25
60.64
61.43
60.90
63.45
63.58
63.07
62.95
63.30
63.60
63.53
63.76
63.53
63.55
63.42
62.90
62.70
62.66
62.84
62.61
63.10
62.88
63.32
61.97
62.70
63.03
62.82
62.49
61.85
61.49
63.72
64.65
64.22
64.62
64.70
65.42
66.00
65.65
66.24
66.45
66.33
66.19
66.13
66.60
66.00
65.91
65.74
65.35
65.43
65.07
65.41
65.89
66.22
65.60
66.65
66.96
66.75
67.74
68.44
68.19
67.76
68.00
67.60
67.82
67.26
67.05
66.99
67.25
66.85
66.79
68.20
68.09
68.35
67.92
68.05
67.16
66.85
67.98
69.01
68.81
69.24
68.64
68.89
68.64
68.59
69.25
69.40
69.04
69.05
68.10
68.29
68.49
68.54
68.02
68.33
67.66
68.63
68.78
68.73
68.22
68.51
68.21
68.17
67.73
67.95
67.65
67.10
67.64
67.91
67.60
67.41
67.20
67.26
67.60
67.47
67.42
67.43
67.10
67.31
67.00
66.44
66.38
66.54
66.36
66.73
66.48
66.47
66.58
66.35
66.30
66.56
66.55
66.53
66.00
65.35
65.58
65.65
66.07
65.70
65.00
64.95
64.85
64.15
63.92
64.28
64.79
64.78
64.42
64.60
65.03
64.60
65.02
64.96
63.98
64.32
63.34
62.67
64.54
64.73
63.96
64.50
64.63
64.87
64.15
63.54
63.44
64.02
63.85
64.31
63.56
63.35
63.01
63.50
64.25
63.57
63.50
62.76
62.25
62.53
61.94
63.01
63.00
63.39
63.13
62.90
63.79
64.80
64.10
64.73
64.68
64.05
64.30
64.37
65.18
64.65
64.40
64.70
64.68
63.99
63.87
63.45
63.21
63.75
63.28
62.58
63.05
62.25
61.57
61.34
61.47
61.29
61.80
64.02
63.70
63.00
62.97
64.32
64.17
64.07
64.10
63.58
62.81
61.44
62.95
62.62
61.90
61.30
61.20
60.88
61.43
60.77
61.02
61.41
60.92
60.51
62.83
63.25
63.34
62.55
61.99
61.61
61.67
62.15
62.40
62.00
61.75
61.69
61.21
61.05
60.47
60.04
60.08
60.10
60.15
60.25
60.11
60.16
60.86
61.19
60.78
60.88
61.32
61.11
60.30
60.42
60.25
60.10
61.63
62.58
62.32
62.60
62.99
63.10
62.50
62.21
61.82
61.28
62.19
62.17
60.80
61.19
59.36
58.50
58.64
58.71
58.40
57.54
57.86
57.65
57.38
56.85
56.80
58.60
58.55
58.39
58.50
59.05
59.10
58.98
59.07
59.14
59.03
58.59
57.76
57.91
57.65
57.66
57.69
57.47
57.85
58.22
58.74
58.31
59.04
59.08
59.29
59.80
60.02
60.34
60.48
60.57
61.00
60.81
60.39
59.94
59.60
59.51
59.35
59.22
59.17
58.82
58.40
58.50
57.83
57.71
57.75
57.87
57.91
57.65
58.13
58.02
58.22
58.37
58.33
58.21
58.54
58.65
58.61
58.59
58.67
58.35
58.26
58.70
58.71
58.36
58.32
58.84
58.83
59.97
60.25
60.13
60.14
59.90
59.86
60.00
60.79
60.45
60.69
59.85
60.22
60.65
60.74
60.13
60.94
61.17
61.56
61.38
61.38
61.05
61.25
61.47
61.68
61.35
61.53
61.79
61.18
61.32
60.21
59.55
59.23
59.89
59.92
60.15
60.04
60.52
60.62
60.95
60.77
60.62
60.27
60.46
60.91
60.60
61.31
61.37
61.73
61.98
62.00
62.05
62.56
62.92
62.55
62.68
63.15
63.08
63.53
63.27
63.56
63.32
63.55
63.47
63.91
64.41
64.61
64.23
64.42
64.27
64.16
63.91
65.00
64.67
64.58
64.60
64.60
64.66
64.72
64.31
63.92
63.46
63.59
64.04
63.83
63.81
63.73
63.79
64.16
64.18
64.19
64.23
63.96
64.19
64.67
64.82
64.90
64.94
65.09
65.50
65.83
65.11
65.06
64.87
64.96
65.10
64.84
64.58
64.93
66.08
68.15
68.04
68.62
69.10
68.75
68.83
68.82
68.17
67.70
67.40
67.18
67.90
67.81
68.42
68.71
67.99
66.15
66.29
65.94
66.56
66.54
66.53
67.24
67.01
66.60
66.77
65.85
65.65
65.97
66.20
65.91
65.97
66.28
66.17
66.03
66.06
65.95
65.70
65.58
65.47
66.25
66.29
66.60
66.88
66.43
66.00
65.65
65.64
66.01
66.42
66.02
66.40
67.23
66.62
66.51
66.26
66.15
66.73
66.64
66.54
66.87
67.71
67.76
67.18
66.50
67.01
66.68
66.07
66.15
66.39
66.80
67.01
66.58
66.30
66.00
65.80
65.76
65.60
65.46
65.38
65.85
65.79
65.51
65.46
65.00
64.78
64.15
64.30
63.05
62.93
62.45
61.95
61.83
61.70
61.86
61.72
62.14
61.79
60.77
60.71
60.53
60.51
60.73
61.07
61.22
60.86
60.51
60.25
60.03
60.00
60.34
60.26
60.10
60.64
61.29
61.55
61.63
61.67
61.89
61.92
62.35
63.02
64.55
64.43
64.94
65.12
64.75
64.49
64.68
64.24
64.17
64.22
64.56
64.48
64.32
64.48
64.26
63.70
64.11
62.50
62.27
62.61
61.82
63.05
62.74
63.42
63.52
63.58
63.81
63.48
63.19
63.05
63.22
63.27
63.41
63.60
63.31
62.90
62.00
62.13
62.27
61.83
62.18
62.45
62.77
62.33
62.42
62.04
62.11
60.73
61.11
61.65
61.45
61.50
61.62
61.85
61.95
62.28
62.13
62.72
62.20
62.86
63.36
63.43
63.80
62.74
62.20
62.39
61.79
62.00
61.47
61.53
60.96
59.77
60.07
60.50
60.96
61.03
60.55
62.30
62.08
62.49
60.83
61.15
61.45
61.13
61.30
61.63
62.02
61.83
61.67
62.01
62.11
61.88
61.60
61.25
61.86
61.60
61.79
61.98
61.65
61.66
61.68
61.84
62.05
62.51
63.11
63.20
62.94
63.83
64.49
64.79
65.12
65.20
64.97
65.39
65.54
65.70
66.14
66.05
66.10
66.11
66.25
66.02
66.25
65.83
65.95
65.94
65.65
65.07
64.85
64.90
64.23
64.34
64.55
64.44
63.95
64.30
64.98
64.82
65.17
64.66
64.78
64.49
64.61
63.91
64.59
65.16
66.31
67.31
66.89
66.88
67.75
67.59
67.64
67.14
66.88
67.37
67.73
68.35
68.40
67.74
67.71
67.94
68.21
68.30
67.68
67.79
67.55
67.70
67.87
67.59
67.55
67.71
67.32
67.33
68.03
67.87
67.56
67.33
67.38
66.70
65.91
65.93
65.84
66.86
66.94
67.80
67.91
67.88
67.95
67.76
68.31
67.83
66.29
65.27
64.20
63.51
62.46
63.07
62.97
62.18
63.14
63.36
63.47
62.87
63.05
62.81
62.03
61.88
62.97
63.41
62.79
62.90
63.66
63.23
62.98
63.18
63.85
63.72
63.04
62.71
61.96
62.23
62.64
63.13
62.63
61.51
61.33
62.44
62.55
62.81
62.65
64.04
65.31
64.88
65.38
64.89
64.55
64.70
64.62
64.18
64.87
65.87
65.31
65.27
65.73
66.14
66.32
66.29
66.33
66.00
65.74
65.65
65.70
65.76
66.51
66.32
66.99
67.26
67.37
67.31
67.32
67.19
67.09
67.81
68.26
67.90
67.58
66.91
66.90
66.55
66.71
66.41
66.81
66.68
66.68
66.63
66.15
65.73
65.41
64.92
65.15
64.88
66.42
66.74
66.51
66.76
66.55
66.96
65.76
65.63
65.62
65.20
65.69
66.27
65.84
65.59
64.44
64.62
64.06
64.29
64.72
65.28
64.26
63.57
64.34
64.69
64.64
65.12
65.25
66.21
66.18
66.94
66.26
66.41
67.70
68.19
67.83
67.82
67.11
67.99
68.27
68.66
69.03
68.48
68.48
68.08
68.47
68.10
68.98
70.45
71.07
70.65
71.55
71.66
71.70
71.20
71.19
71.33
71.09
71.15
71.08
71.28
71.42
70.80
70.71
71.21
71.41
70.43
71.73
71.51
70.45
70.67
72.22
71.34
71.23
71.16
70.59
69.61
69.80
69.51
70.93
69.99
68.41
68.15
68.19
69.36
69.40
66.90
69.28
67.79
67.79
66.16
64.50
62.49
62.36
57.58
55.85
62.68
64.00
60.54
63.50
62.65
64.44
63.66
61.42
62.45
60.79
60.15
64.19
61.53
60.57
61.34
61.16
61.89
59.85
57.92
60.22
60.01
59.55
57.92
62.90
60.05
59.27
60.89
58.12
55.81
58.35
59.11
58.70
58.27
58.58
55.33
56.83
57.32
56.18
58.23
58.77
57.81
57.80
58.25
57.25
57.81
59.60
58.78
58.99
58.84
58.93
58.68
58.56
58.56
58.15
59.17
59.83
60.65
60.05
59.69
59.13
59.02
59.05
58.34
58.84
57.95
57.62
57.44
56.75
56.36
56.87
55.97
56.55
57.54
58.56
58.28
57.69
57.69
58.58
57.96
58.11
58.51
58.50
56.73
57.33
57.78
57.10
55.98
55.83
55.93
54.65
53.65
54.54
53.96
52.44
50.00
47.92
47.64
49.10
47.67
47.97
46.60
47.78
47.90
49.00
50.64
50.73
50.72
50.66
50.06
51.67
53.23
52.70
52.86
52.90
52.83
53.01
52.60
53.04
52.97
52.15
52.20
51.36
51.45
51.41
51.15
51.37
51.77
52.20
53.05
52.47
52.46
51.18
51.40
50.92
50.86
50.65
51.03
52.36
52.59
53.76
54.36
54.21
54.89
54.98
54.11
55.00
55.15
55.02
55.41
56.05
55.89
55.87
54.99
54.77
55.26
54.22
54.53
55.16
55.78
56.21
56.16
55.84
55.93
55.63
55.70
55.66
56.05
56.06
54.75
54.62
55.20
55.79
56.09
55.49
55.01
55.46
56.27
56.60
56.96
56.80
57.07
55.98
56.62
56.23
57.08
56.69
56.93
57.72
58.23
58.96
59.25
59.23
59.06
59.49
59.19
60.22
61.51
61.27
60.92
61.16
61.79
60.89
61.10
61.06
60.45
59.93
59.90
60.72
60.22
60.59
60.32
60.08
59.82
59.80
60.37
60.95
61.03
61.28
61.14
60.63
60.49
60.29
60.44
59.94
59.76
59.69
60.32
60.57
60.92
60.66
60.42
60.34
60.15
60.19
60.77
60.78
60.67
61.08
60.77
60.72
60.62
61.27
60.93
60.89
59.81
59.73
59.82
60.29
60.71
60.94
61.74
62.53
61.01
60.55
60.94
60.46
61.16
60.59
60.31
60.94
60.54
60.09
60.02
59.57
59.86
59.05
59.49
58.93
59.52
59.98
60.30
60.75
61.23
60.87
61.15
61.43
62.19
62.17
62.32
62.43
62.31
62.69
63.18
63.30
62.89
62.84
63.51
63.88
64.16
64.36
64.37
64.25
64.38
64.77
64.85
64.96
64.74
64.80
64.47
64.37
64.33
64.53
64.57
64.70
64.94
64.94
64.91
64.41
64.68
63.93
64.45
63.99
64.21
64.22
64.56
64.97
65.10
64.56
65.35
65.15
63.97
63.20
63.22
62.79
63.44
63.80
62.86
63.09
63.99
63.63
62.64
62.64
62.37
62.76
62.73
62.91
62.72
63.61
63.98
64.53
63.81
63.49
63.31
63.45
63.28
63.00
63.39
63.44
63.40
63.57
64.04
64.20
64.27
64.29
64.22
64.18
64.57
64.53
64.65
65.06
65.11
65.10
65.36
64.75
64.57
64.38
64.82
64.90
65.20
65.77
65.40
65.31
65.22
64.93
65.14
65.11
65.68
65.49
65.51
65.02
66.03
65.99
65.39
64.78
65.04
64.76
64.28
64.62
65.01
64.30
65.33
64.70
65.14
63.40
63.31
64.75
64.67
64.90
64.67
63.97
63.88
62.97
62.22
60.55
60.88
60.57
60.35
59.66
59.03
58.30
58.76
59.73
59.77
58.01
58.00
58.64
58.17
58.50
58.46
58.42
59.14
59.24
59.18
59.18
59.13
59.16
59.24
59.60
58.70
59.45
59.24
59.06
59.07
59.08
59.08
60.61
61.38
60.54
60.21
60.50
60.62
60.26
59.44
59.57
58.58
57.12
57.02
57.63
57.74
58.10
57.83
57.83
58.09
58.72
59.35
59.74
59.76
59.96
60.05
59.43
58.50
58.52
58.15
58.01
59.22
59.35
58.72
58.74
58.87
58.01
57.98
57.80
57.60
57.30
57.02
58.29
58.61
58.93
58.70
58.85
59.82
59.98
60.32
60.58
61.05
61.29
61.57
62.09
61.94
61.97
61.81
62.14
62.03
62.43
62.31
61.96
61.75
61.67
62.80
63.21
63.22
63.23
63.30
63.29
63.58
63.74
63.57
63.86
63.29
63.60
63.99
63.81
63.98
63.84
63.57
63.56
63.74
63.69
63.88
64.19
64.76
64.65
64.33
64.31
63.95
63.92
63.67
64.14
63.14
63.06
63.83
63.83
63.62
62.87
63.29
62.30
61.91
61.55
62.42
62.60
62.56
62.20
62.31
62.45
62.06
61.91
61.86
62.77
62.57
62.40
62.54
62.49
62.34
62.02
62.25
61.93
62.05
62.13
61.94
61.85
62.82
63.35
63.31
63.21
62.60
62.16
62.27
62.50
62.91
62.55
62.10
62.56
62.86
62.66
62.22
61.08
60.60
60.68
60.01
59.77
60.63
60.62
60.80
60.84
60.87
60.94
60.88
60.93
60.70
60.70
60.62
60.52
60.79
61.11
60.65
60.39
60.25
59.64
61.44
60.70
60.81
61.05
61.06
60.40
60.71
60.40
59.61
59.69
59.13
58.48
57.66
58.13
58.57
58.83
58.79
58.72
59.03
58.98
59.24
59.22
59.38
59.25
59.49
60.15
59.80
59.66
59.48
59.46
59.86
59.94
59.60
60.02
60.56
60.46
62.69
64.39
64.07
64.11
64.95
65.57
65.38
65.72
66.21
66.26
65.67
65.01
65.27
65.63
65.76
66.57
67.19
66.62
66.37
66.40
66.50
66.39
65.69
65.56
65.78
66.29
65.51
66.77
67.29
66.48
66.48
66.09
66.05
65.50
66.14
66.78
66.09
66.59
67.10
66.16
66.32
66.29
66.51
66.49
66.07
65.67
65.06
65.25
65.91
66.31
66.52
67.30
67.62
67.55
67.92
67.57
67.27
67.03
67.63
67.66
67.45
67.09
66.72
66.24
66.47
66.72
66.25
65.92
65.23
65.08
64.79
64.41
63.43
63.41
61.84
62.71
61.12
62.20
60.20
63.44
63.36
64.59
64.36
64.26
63.16
63.14
63.29
64.97
65.53
64.55
64.28
65.86
65.77
65.80
65.33
64.07
64.64
65.43
64.95
63.64
63.59
63.61
63.73
64.40
64.59
64.14
64.22
63.13
61.92
61.59
62.69
63.82
63.25
63.90
63.69
62.08
62.17
62.35
62.81
63.13
64.43
63.96
64.33
64.23
64.72
63.79
64.42
62.64
62.53
63.78
64.73
63.69
64.49
65.50
65.60
64.39
63.38
63.64
64.34
64.12
64.00
64.86
63.53
64.12
65.25
64.91
64.99
64.40
63.94
63.85
62.94
62.90
61.99
61.27
62.37
62.78
64.72
64.45
63.47
63.36
63.49
64.45
63.78
64.53
63.51
63.36
63.18
64.00
64.30
63.53
64.52
64.96
65.18
65.98
66.02
65.45
65.88
65.58
65.88
65.48
65.40
64.83
64.93
65.20
65.13
65.23
65.26
65.12
65.28
65.19
65.27
65.00
65.00
65.22
65.70
65.56
65.71
65.91
65.69
65.59
65.64
65.19
65.26
65.24
64.89
64.60
64.68
64.61
64.65
64.92
64.99
65.04
65.00
65.10
64.46
64.45
65.18
65.08
64.83
64.77
64.91
64.35
64.30
64.85
64.74
65.10
65.33
65.08
65.07
65.12
65.21
64.96
64.76
64.46
64.55
65.17
65.40
65.62
65.54
65.96
66.21
65.88
65.39
65.34
64.92
64.20
64.13
64.15
63.54
63.98
64.22
63.26
63.03
63.71
63.37
63.77
64.43
64.75
64.84
65.10
65.22
65.33
65.34
64.74
64.80
64.98
64.28
64.57
64.34
63.93
63.61
63.71
63.55
63.35
63.47
63.52
63.27
63.10
62.51
62.59
62.21
62.43
61.78
62.34
62.21
62.80
62.80
62.98
62.12
63.08
64.45
65.45
66.01
66.30
66.72
67.00
66.39
66.63
66.50
66.42
66.84
66.94
67.56
68.00
68.04
67.78
67.64
67.78
67.88
67.90
67.71
68.61
68.45
69.00
69.37
69.53
68.63
68.11
67.35
67.53
68.74
69.52
69.45
69.22
69.38
68.45
69.12
68.84
68.29
68.35
68.32
68.64
68.46
68.64
68.35
68.20
67.80
67.70
67.78
67.75
67.74
67.60
67.49
67.51
67.37
67.21
67.43
67.26
67.27
67.84
67.88
68.18
68.20
68.15
68.99
68.47
68.25
68.55
68.60
68.90
69.06
69.00
69.32
69.00
69.01
68.91
69.13
68.96
69.00
69.27
69.65
69.44
68.41
68.22
67.97
67.97
68.60
69.55
71.00
72.52
71.86
71.78
70.89
70.74
71.14
70.90
70.82
71.50
70.90
70.79
71.01
70.34
69.65
69.87
69.68
69.51
69.27
69.07
69.19
69.25
69.67
69.59
69.56
69.09
68.81
69.29
69.22
69.73
69.65
69.86
69.97
70.05
70.45
70.60
71.10
70.96
70.75
70.69
70.94
70.95
70.63
70.75
70.27
70.02
70.17
70.09
69.48
70.10
70.84
70.74
71.55
71.40
71.41
71.73
72.19
72.35
72.56
72.37
72.58
72.90
73.23
72.69
72.85
73.10
73.92
73.62
74.41
74.09
73.92
74.18
74.11
74.66
75.39
75.06
75.48
75.41
75.80
75.66
75.81
76.16
76.96
76.65
76.87
76.25
75.57
75.75
76.32
76.11
76.70
77.20
77.66
77.39
77.75
78.19
78.44
78.56
78.55
79.10
79.19
78.81
78.86
79.45
79.01
79.74
79.68
80.85
81.27
81.53
81.93
82.69
82.07
82.41
82.04
81.11
81.52
82.02
82.32
82.74
81.71
83.44
83.90
83.18
84.49
84.83
85.45
84.39
85.22
85.12
85.58
85.23
84.23
85.16
85.75
84.68
85.53
85.46
85.15
85.76
85.85
86.97
87.64
87.45
88.09
88.01
88.59
88.46
87.21
86.82
87.61
85.65
85.99
84.18
84.71
84.10
83.68
84.46
84.91
85.14
84.69
83.74
84.91
84.91
85.63
86.36
84.86
82.62
83.20
84.61
85.35
86.99
86.71
85.86
86.63
86.57
86.78
87.87
88.59
88.88
89.24
89.67
89.99
90.40
90.40
90.13
90.17
92.23
92.28
92.42
92.36
92.57
92.83
93.21
93.17
93.50
93.77
94.39
93.80
93.81
93.66
93.34
92.36
92.00
93.01
90.70
89.55
89.37
90.45
89.73
88.80
88.26
88.41
87.53
86.17
86.53
86.57
86.41
86.42
86.90
87.04
87.16
87.56
88.53
89.23
89.01
88.57
89.03
89.06
89.91
90.07
89.68
89.09
88.22
87.08
87.07
86.73
86.69
87.47
87.29
86.58
87.31
86.59
85.61
85.96
87.78
89.45
89.80
89.93
91.11
91.97
91.63
91.20
92.36
92.10
92.35
92.09
92.39
93.14
92.79
92.61
93.37
93.03
92.81
93.04
92.69
94.05
94.29
93.56
93.34
93.92
94.39
94.30
94.86
95.15
95.20
95.25
95.63
95.06
94.98
94.66
94.28
93.97
93.63
92.97
94.44
94.44
94.14
93.11
91.16
91.35
91.37
90.66
92.64
91.98
92.09
92.03
92.06
92.54
92.35
92.30
91.59
91.03
91.85
92.33
94.29
94.16
94.73
94.74
94.50
94.72
94.80
94.64
95.06
94.03
94.32
92.74
90.61
89.94
90.10
88.90
89.50
88.47
86.78
86.62
87.28
88.75
90.04
91.07
92.97
92.42
92.56
92.76
92.17
91.64
92.38
91.52
91.11
91.11
91.11
91.36
92.12
91.56
93.34
92.59
92.89
93.32
93.45
93.49
93.60
93.00
92.81
93.93
93.94
93.59
94.12
95.93
95.20
97.38
97.05
97.28
97.44
98.23
97.94
98.23
98.26
98.42
97.89
98.06
98.95
96.54
96.87
97.14
99.20
98.75
98.96
100.00
100.18
100.22
99.96
99.79
101.34
101.03
101.29
100.53
99.31
100.00
99.51
100.91
100.50
100.91
100.52
101.02
100.87
100.69
100.58
100.64
100.25
101.14
100.96
100.98
100.81
100.30
100.76
101.46
102.17
102.46
102.68
103.22
103.18
103.22
104.10
103.32
102.53
102.53
102.45
101.93
102.81
103.81
105.27
104.75
104.59
105.76
105.65
104.99
104.62
105.87
105.86
105.42
106.47
105.72
106.04
105.80
105.10
105.38
103.28
102.22
100.37
101.80
101.27
102.47
102.19
102.20
102.11
102.11
101.96
102.30
100.09
99.90
100.16
99.82
100.71
99.93
101.08
101.16
100.63
101.74
102.02
101.17
102.70
102.96
103.21
104.19
103.10
103.23
103.44
103.22
102.95
103.73
103.36
103.76
103.84
104.42
104.05
103.80
104.99
104.55
104.58
104.72
105.88
106.19
107.35
107.99
107.88
107.46
108.64
107.10
107.10
106.54
106.59
104.30
103.85
105.13
104.86
102.39
104.91
102.08
101.23
99.12
97.01
98.21
96.78
98.70
99.20
100.36
101.22
102.63
103.13
104.07
104.79
105.56
107.04
107.78
107.46
108.62
108.82
109.01
108.20
108.82
108.91
108.75
109.07
108.16
108.30
108.83
108.76
108.18
