93.12
91.12
88.81
90.31
94.12
96.69
93.00
93.88
93.94
93.94
92.00
91.00
92.25
91.75
90.12
83.88
86.25
83.75
80.88
85.19
85.44
85.50
85.00
83.12
81.56
82.44
82.06
79.81
77.75
76.94
77.69
80.25
80.94
78.50
78.00
78.12
75.00
72.56
72.00
73.25
72.25
73.00
74.25
72.94
70.50
67.69
71.00
72.69
69.62
71.81
72.25
79.88
79.31
79.69
78.12
80.88
81.25
73.00
71.00
69.44
70.06
70.56
71.00
70.62
73.19
76.00
77.25
76.25
74.81
76.00
77.69
76.06
75.12
75.62
80.00
81.50
82.12
81.50
83.69
84.06
82.25
82.75
82.25
82.12
84.12
83.00
83.19
84.94
87.50
87.00
86.38
86.12
85.25
86.50
87.06
86.88
88.81
89.62
87.88
87.69
89.25
89.50
88.19
89.19
89.25
87.50
83.50
83.50
85.06
83.69
85.00
86.75
85.75
89.38
90.00
90.06
89.75
90.38
88.75
89.75
88.81
92.38
95.31
97.00
98.00
98.00
101.25
100.81
100.00
99.50
100.75
99.38
99.25
97.50
92.75
93.00
94.44
94.88
93.25
91.88
92.31
94.56
93.50
90.75
92.88
93.69
92.50
94.94
96.25
96.62
97.50
96.50
96.56
95.75
97.50
98.00
96.75
96.88
98.00
97.00
97.00
97.19
97.69
95.75
95.62
94.50
94.00
92.00
93.12
92.50
92.62
94.00
93.31
93.00
94.69
96.12
96.62
97.56
95.44
92.75
91.81
91.88
91.06
95.50
95.81
95.81
94.44
95.31
93.25
94.19
93.06
92.00
91.50
92.94
92.31
92.38
95.19
95.81
97.12
95.81
96.00
95.50
92.50
91.50
92.00
91.62
91.69
93.75
92.94
93.62
93.88
92.00
91.50
90.25
92.06
92.00
92.94
93.44
93.38
94.19
92.94
94.25
95.00
94.69
95.12
96.50
96.00
96.50
95.38
97.94
99.62
100.25
99.25
95.88
99.75
97.75
97.50
95.62
96.00
95.56
98.00
98.75
99.25
98.56
98.62
99.44
100.25
101.44
101.50
101.50
103.25
104.81
104.00
103.00
98.06
97.44
97.19
98.00
98.94
96.00
93.00
94.19
94.06
92.62
92.88
95.25
94.31
91.69
90.62
92.75
92.50
92.00
92.99
93.13
94.50
95.35
93.93
94.20
94.70
95.60
96.50
97.50
96.90
95.45
93.50
94.60
96.83
96.92
95.20
95.51
95.75
96.15
97.80
99.30
98.25
98.25
96.80
94.80
98.00
96.70
94.90
93.90
93.00
93.00
91.20
91.85
90.50
86.10
87.65
87.50
83.00
83.50
86.28
89.00
87.50
86.70
86.12
86.91
88.70
90.85
92.40
91.51
90.15
91.50
92.85
94.45
93.26
91.92
92.35
92.50
92.52
93.75
95.55
95.90
96.60
96.80
97.72
96.77
98.20
98.10
97.95
98.25
97.52
97.45
97.79
97.50
99.60
102.00
100.50
100.64
99.55
98.40
97.65
97.25
97.85
97.90
96.96
98.00
100.48
102.19
103.10
102.75
101.20
101.30
50.55
51.13
50.99
51.50
52.54
53.60
53.30
52.00
51.75
51.05
51.50
50.30
52.01
50.10
51.20
50.51
50.58
51.00
51.95
53.00
53.49
52.60
53.05
53.06
54.78
54.70
53.87
54.24
53.30
52.85
52.10
53.20
53.02
52.92
54.10
53.80
53.30
53.70
52.65
53.20
53.60
54.10
55.02
56.00
57.15
56.57
54.93
54.00
54.00
54.38
54.05
54.31
54.50
54.21
53.88
53.29
53.20
55.35
55.45
56.50
55.80
55.70
57.00
54.55
54.50
52.50
50.50
53.65
52.41
53.43
54.23
55.20
55.40
54.55
54.10
55.00
54.60
55.25
55.75
55.06
55.15
54.50
55.15
56.00
57.45
58.00
58.08
58.21
58.98
58.86
58.80
58.80
58.15
58.81
57.99
57.58
58.87
59.12
58.73
59.00
59.37
59.00
59.10
59.10
59.65
60.25
60.00
59.81
59.40
60.50
60.40
60.71
60.00
60.00
58.85
58.23
57.82
57.50
57.48
56.10
55.42
56.50
55.90
56.00
56.06
56.55
56.55
57.20
56.95
57.88
58.86
59.71
59.06
59.34
60.02
59.70
58.90
58.70
58.68
57.90
58.08
56.95
56.67
58.08
58.68
59.13
59.34
59.58
59.83
59.71
59.13
58.00
58.05
57.51
57.90
57.20
57.21
57.26
57.55
55.51
55.50
55.88
56.06
56.88
57.05
58.20
58.00
57.70
57.49
57.49
58.25
58.00
59.96
59.70
60.22
60.24
60.90
62.50
61.92
61.79
63.50
64.40
63.66
63.81
63.65
63.90
64.80
64.70
64.75
65.49
64.30
64.55
64.85
64.55
64.95
65.14
64.20
64.40
64.70
63.52
63.48
62.80
63.74
62.91
63.24
62.70
63.10
63.00
62.80
62.52
64.70
64.21
63.59
63.19
63.45
63.24
63.30
62.92
63.97
63.75
64.08
63.65
62.10
60.58
60.75
61.10
61.77
61.25
60.28
60.48
59.70
61.47
60.65
61.90
62.00
61.75
61.35
61.46
60.65
61.63
61.10
59.50
59.18
59.86
57.90
58.56
58.75
57.85
56.65
57.00
56.81
57.00
56.10
55.90
54.25
53.10
54.54
52.10
54.14
53.85
51.70
51.35
52.00
52.95
54.60
53.68
52.10
49.10
51.38
49.50
49.40
51.70
50.82
41.50
41.60
43.10
44.16
47.65
49.45
50.00
50.55
50.85
53.00
52.10
52.50
50.75
51.50
52.93
54.10
53.90
54.10
53.49
56.00
55.99
55.01
55.40
55.29
55.10
56.20
54.99
55.94
54.50
53.85
53.57
53.88
53.25
54.34
55.10
54.25
55.35
56.25
54.50
53.55
54.14
54.90
53.08
53.00
51.96
51.50
51.90
54.25
54.19
55.29
54.25
54.95
57.51
58.45
57.98
56.95
57.40
57.50
55.50
57.03
56.71
58.85
59.30
59.50
59.40
59.50
60.67
58.82
57.95
57.72
57.98
57.02
56.72
57.34
58.33
59.50
58.72
59.90
60.28
60.10
60.27
60.20
60.00
60.37
60.25
59.90
59.00
58.60
60.00
59.48
58.16
57.76
56.85
57.74
56.59
55.70
55.83
56.94
55.00
55.08
55.85
55.40
56.18
55.06
54.77
54.95
54.24
53.18
53.95
54.89
54.25
54.96
53.75
53.20
53.80
54.25
56.00
56.56
57.10
56.06
56.37
56.85
57.20
55.60
56.60
55.70
54.69
55.30
53.99
54.45
54.81
53.05
52.80
52.25
52.27
52.10
53.50
52.51
52.76
52.11
51.70
51.41
52.49
51.80
49.99
51.31
53.00
53.01
53.10
52.48
53.49
51.86
52.76
51.99
52.53
53.16
52.44
51.52
52.60
52.55
54.55
54.51
54.50
54.68
55.66
54.45
56.39
56.84
57.17
58.18
57.10
56.50
57.09
56.00
56.00
56.75
57.87
58.27
57.92
57.51
57.84
57.58
57.02
57.72
57.72
57.39
56.50
55.98
54.50
55.52
54.75
56.20
57.41
57.50
56.30
56.85
56.34
56.36
55.95
56.26
56.71
56.52
57.01
55.60
56.09
56.00
55.87
55.49
55.21
55.70
54.82
54.10
53.45
53.27
52.70
53.70
53.91
53.55
54.35
53.22
53.98
52.50
53.25
52.50
52.78
52.92
53.25
53.45
53.00
54.55
54.75
55.50
54.85
54.10
53.35
52.50
52.22
51.25
52.08
51.70
52.16
52.90
53.23
52.47
52.15
51.40
51.45
53.30
53.95
52.30
52.85
52.45
52.68
51.30
51.97
52.50
51.25
51.76
51.50
50.95
51.60
50.95
50.43
50.74
49.99
50.07
52.00
51.50
51.60
51.30
51.10
51.05
50.87
50.90
50.00
49.80
49.49
49.71
49.67
49.31
49.26
49.14
49.78
50.00
50.49
50.87
50.98
51.25
51.25
52.30
52.03
51.04
50.85
50.63
50.20
50.74
50.10
50.35
50.02
49.46
49.53
49.18
49.71
49.71
50.39
50.73
50.12
50.04
50.06
50.20
49.39
49.70
50.63
51.10
50.50
50.86
50.60
50.64
50.20
49.95
50.31
50.35
49.99
50.50
49.48
49.60
50.08
49.35
48.95
49.10
48.97
48.80
48.74
49.44
49.41
50.68
51.50
51.93
51.90
52.05
51.49
50.13
51.23
50.72
49.25
50.30
49.49
49.20
49.27
49.58
49.36
50.15
50.01
49.90
48.79
50.10
49.33
49.30
49.20
50.20
50.08
50.23
50.55
50.56
50.85
51.25
51.29
51.66
52.00
51.71
51.65
51.75
51.90
51.49
52.40
52.18
52.07
51.49
50.80
51.51
52.65
53.30
53.00
53.35
53.40
53.20
53.82
53.41
53.65
53.98
54.55
54.49
54.23
54.11
54.28
54.49
54.62
54.48
54.10
54.00
53.75
53.49
53.51
53.95
53.68
54.00
54.49
53.52
52.70
53.05
52.82
53.43
53.04
52.61
51.65
51.15
50.71
50.77
51.30
50.92
50.99
50.05
50.03
49.55
49.95
50.50
50.41
50.51
50.55
51.05
49.90
51.18
51.10
51.48
51.75
50.86
51.94
51.33
52.98
54.67
53.77
53.71
53.05
53.43
53.54
53.69
53.90
54.25
54.15
54.03
54.22
54.78
54.50
54.04
55.02
54.77
55.89
55.00
55.24
54.54
54.18
54.87
54.79
54.24
54.68
54.99
54.15
55.20
55.65
55.60
55.23
55.82
56.00
56.58
56.53
56.72
56.96
56.75
56.79
56.75
56.02
55.43
55.49
54.97
55.33
55.50
55.59
55.40
54.75
54.97
55.74
55.35
55.28
55.17
54.78
54.62
54.90
54.85
55.55
55.39
56.05
55.73
57.68
56.60
56.55
55.80
56.20
55.59
55.32
55.55
55.64
55.20
55.00
55.37
55.25
55.70
55.22
54.66
54.48
54.70
56.15
56.25
55.54
56.15
56.54
56.70
56.67
57.13
57.47
57.23
57.66
57.60
57.62
57.51
58.00
57.68
57.80
58.05
58.25
58.27
57.41
57.80
58.03
58.25
58.14
58.36
57.75
57.90
57.58
57.00
56.45
56.35
56.68
56.93
57.22
56.39
57.00
57.37
57.50
57.65
55.42
55.19
55.50
56.92
56.49
56.73
56.20
56.84
56.35
57.30
57.78
57.10
57.01
56.99
57.57
57.93
58.35
57.81
59.23
59.25
59.15
59.30
59.84
59.97
60.00
60.60
61.00
61.10
60.90
60.90
61.02
60.55
60.84
60.67
60.30
60.49
60.10
60.33
60.98
61.74
61.66
61.05
60.93
61.15
61.49
60.48
60.50
61.05
61.80
62.96
63.58
63.08
62.30
63.05
63.78
63.76
63.60
63.70
63.70
63.35
63.10
62.87
62.75
62.98
62.73
62.85
62.95
63.15
62.45
62.23
63.03
62.82
62.36
61.85
61.90
63.24
64.37
64.38
64.93
64.61
65.20
65.78
65.47
66.25
66.46
66.36
66.06
65.99
66.61
65.82
65.68
65.70
65.44
65.05
65.40
65.35
65.86
66.07
66.47
66.55
67.10
67.19
67.90
68.05
68.10
67.87
68.01
67.59
67.84
67.10
66.83
67.00
67.25
66.65
66.83
68.20
68.23
68.05
67.93
67.38
67.32
66.95
67.98
69.11
68.60
69.46
68.80
68.28
68.45
68.60
69.89
69.30
69.87
69.05
68.33
68.33
69.00
68.40
67.84
68.10
67.82
68.68
68.82
68.15
68.25
68.87
68.10
68.00
67.82
68.08
67.15
67.11
67.32
68.00
67.55
67.65
67.30
67.30
67.62
68.00
67.50
67.68
67.10
67.25
66.83
66.59
66.73
66.85
66.32
66.50
66.25
66.41
66.55
66.17
66.75
66.38
66.35
66.65
65.88
65.70
65.52
64.43
65.95
65.62
64.82
64.40
64.90
64.10
63.90
64.28
64.79
64.62
64.70
64.57
64.85
64.55
64.87
64.87
64.40
64.25
62.84
63.10
64.48
64.68
64.25
64.64
64.38
64.74
64.02
63.54
63.62
64.16
63.85
64.03
63.42
63.32
63.22
63.45
63.92
64.00
63.52
62.69
62.55
62.35
61.78
62.67
63.00
63.18
63.35
63.25
64.00
65.00
64.35
64.73
64.51
64.47
64.38
64.58
65.19
64.73
63.95
64.46
64.90
64.23
63.90
63.27
62.95
63.90
63.18
62.90
62.90
62.57
61.80
61.28
61.57
61.43
61.80
64.03
63.65
63.61
63.10
64.40
64.30
64.20
63.77
63.20
62.50
62.05
62.91
62.48
61.86
61.30
61.20
60.50
60.95
60.92
61.02
61.25
61.07
62.09
63.78
63.62
63.75
62.55
61.72
61.45
62.10
62.75
62.80
62.00
61.85
61.61
61.60
61.25
60.39
60.04
60.00
60.15
60.13
60.40
60.15
60.33
61.55
60.92
60.98
60.96
61.30
61.12
60.30
60.53
60.10
61.07
61.93
62.57
62.36
62.52
62.52
62.96
62.50
61.90
61.31
61.75
62.30
61.24
60.75
60.19
61.00
58.75
58.95
58.71
58.15
57.67
58.35
57.26
57.50
57.00
57.05
59.15
58.70
58.38
58.70
59.08
59.45
59.18
59.13
59.01
59.00
58.69
57.96
57.81
57.62
57.50
57.55
57.57
57.53
58.15
58.95
58.65
59.35
59.15
59.15
59.95
60.40
60.40
60.78
60.30
60.77
60.66
60.07
59.80
59.62
59.22
59.45
59.49
59.27
58.60
58.40
58.45
57.85
57.71
57.85
57.84
57.68
57.70
58.28
58.06
58.50
58.51
58.32
58.38
58.20
58.65
58.71
58.77
58.53
58.44
58.50
58.70
58.70
58.40
58.66
58.40
58.97
59.96
60.00
60.30
60.16
59.68
60.15
60.12
60.91
60.84
60.48
60.14
60.25
60.70
60.35
60.44
61.12
61.18
61.43
61.45
61.55
61.28
61.15
61.30
61.60
61.37
61.50
61.30
61.06
59.60
60.22
59.52
59.25
60.14
60.13
59.80
60.12
60.60
60.85
60.95
60.81
60.73
60.31
60.55
60.80
60.82
61.20
61.67
61.67
61.50
61.75
62.15
62.55
62.67
62.38
63.10
63.10
63.25
63.25
63.42
63.68
63.36
63.56
63.95
64.00
64.48
64.66
64.39
64.27
64.24
64.00
64.30
64.73
64.79
64.50
64.72
64.66
64.87
64.60
64.00
63.51
63.51
63.65
63.96
63.95
63.75
63.60
63.95
64.16
64.40
64.17
64.04
64.25
64.40
64.54
64.88
64.94
65.00
65.06
65.54
65.30
65.01
64.90
64.84
64.89
65.23
65.74
65.05
65.63
66.68
68.00
68.40
68.35
68.60
68.75
68.77
68.60
68.33
67.80
67.38
67.15
68.00
68.23
68.17
68.03
67.52
66.00
66.25
65.42
66.56
66.50
66.64
67.58
66.90
66.51
66.50
65.50
65.55
65.90
66.20
65.91
66.39
66.35
66.25
66.25
65.90
65.96
65.78
65.80
65.78
66.40
66.22
66.65
66.65
66.23
65.78
65.60
65.94
65.86
66.17
66.13
65.90
66.80
66.51
66.60
66.56
66.40
66.45
66.65
66.60
66.46
68.00
68.00
66.99
66.41
66.81
66.68
66.25
66.15
66.39
66.80
67.00
66.38
66.39
66.00
65.76
65.86
65.72
65.41
65.56
65.75
65.65
65.40
65.26
64.97
64.61
64.25
64.00
63.27
62.35
62.30
61.45
62.15
61.65
62.00
62.18
62.25
61.40
60.99
60.70
60.57
60.65
60.66
61.07
61.22
61.25
60.80
60.10
60.00
60.38
60.43
60.26
60.55
60.71
61.34
61.60
61.54
61.52
61.55
62.15
62.49
65.30
64.45
64.94
65.45
65.00
65.15
64.75
64.49
64.01
64.00
64.53
64.01
64.59
64.56
63.99
63.94
63.64
64.01
62.30
63.00
61.99
62.78
63.10
62.98
63.85
63.55
63.77
63.76
63.58
63.20
63.05
63.00
63.35
63.05
63.40
63.20
62.64
62.05
62.89
62.25
61.91
62.20
62.59
62.85
62.34
62.52
61.91
61.85
61.00
61.36
61.15
61.50
61.58
61.94
62.00
62.10
62.10
62.36
62.72
62.20
63.05
63.47
63.37
62.88
62.51
62.35
62.39
61.89
61.57
61.48
61.03
60.75
59.93
61.35
60.51
60.80
61.50
60.31
61.75
61.99
62.00
60.70
61.32
61.51
61.08
60.80
62.49
61.84
61.57
61.70
62.15
61.76
61.66
61.60
61.35
61.35
61.98
61.63
61.85
61.70
61.51
61.85
61.98
62.00
62.68
62.99
63.02
62.97
63.76
64.50
64.90
64.98
64.80
65.02
65.38
65.55
65.66
66.16
65.87
66.10
66.30
66.25
66.10
66.27
65.98
66.17
65.95
65.77
65.55
65.24
64.58
64.30
64.40
64.33
64.42
64.18
64.45
64.80
64.83
64.80
64.73
64.01
64.49
64.10
63.97
63.85
66.37
66.73
67.20
66.76
67.20
67.46
67.83
67.00
67.40
66.75
67.58
67.84
67.99
68.54
67.62
67.44
67.45
68.19
68.50
67.73
67.79
68.00
67.50
67.58
67.43
67.90
67.59
67.68
67.35
67.61
67.98
67.10
67.75
67.29
66.56
65.75
65.72
65.76
67.05
66.99
67.43
67.34
68.29
67.70
67.33
68.37
68.16
64.67
65.00
64.54
63.54
62.66
63.34
62.97
61.86
63.35
63.38
63.72
63.18
62.81
62.85
62.13
62.14
62.59
63.30
62.67
63.25
63.66
63.38
62.76
63.34
63.67
63.21
63.10
62.70
62.00
62.10
62.76
62.95
62.06
61.69
61.76
62.45
62.52
63.37
61.64
64.74
65.39
64.97
65.16
64.93
64.21
64.82
64.84
64.29
65.13
65.85
64.80
65.24
65.65
65.98
66.22
66.26
66.20
65.99
65.63
65.79
65.64
66.07
66.25
66.06
67.12
67.21
67.57
67.30
67.25
67.45
67.13
67.51
68.04
67.70
67.48
67.03
66.52
66.59
66.75
66.58
66.98
66.91
66.60
66.44
66.39
65.69
65.33
64.82
65.19
64.66
66.49
66.55
66.61
66.70
66.66
66.58
65.88
65.21
65.51
65.24
65.78
65.96
66.04
65.28
64.31
64.29
64.20
64.10
64.83
64.68
64.20
63.54
63.75
64.94
64.35
65.10
65.15
66.15
66.06
66.31
66.44
67.10
67.77
68.44
67.75
67.98
67.02
68.21
68.26
68.88
68.96
68.55
68.70
67.80
68.50
68.18
69.31
70.35
70.57
70.77
71.43
71.47
71.67
71.20
70.82
71.61
70.65
71.18
70.68
71.05
71.25
70.72
70.72
71.48
71.18
71.09
71.67
71.49
70.39
71.20
71.91
71.65
70.92
71.06
69.92
69.62
69.79
70.20
71.85
69.83
68.68
68.25
68.55
68.77
68.81
67.50
69.07
67.96
68.00
65.04
65.11
61.64
62.64
55.40
58.46
66.50
64.31
60.74
62.95
63.44
63.71
62.27
61.84
59.00
60.41
61.44
63.37
62.35
60.84
61.49
61.83
61.75
59.73
58.46
61.00
59.29
58.83
58.40
61.52
58.80
58.78
60.44
58.00
56.48
59.22
59.99
57.62
58.47
57.66
56.11
56.08
57.42
55.86
59.07
58.95
58.82
57.40
57.21
57.73
58.45
59.05
59.55
59.55
59.18
59.19
58.80
58.84
58.58
58.48
59.18
60.13
60.42
60.33
59.24
59.66
59.14
59.08
58.60
58.55
58.09
58.07
56.51
57.59
56.37
56.15
56.20
56.85
58.23
58.17
58.18
57.25
58.07
58.71
57.93
58.26
58.46
57.98
56.88
56.92
57.71
56.07
55.70
56.26
55.01
54.17
54.60
54.32
54.49
51.59
49.03
47.98
47.78
48.31
47.60
47.46
47.23
48.22
47.72
49.68
51.13
50.70
50.69
51.16
51.09
52.38
52.99
52.98
53.08
52.69
52.54
53.36
52.30
53.29
53.00
52.03
51.89
51.54
51.99
51.27
51.99
51.79
51.91
52.50
53.17
52.55
52.10
51.38
51.76
51.32
50.78
51.05
51.47
52.53
52.61
53.75
54.75
53.88
55.07
54.56
54.48
54.70
55.32
55.00
55.80
56.21
56.22
55.43
55.10
54.69
55.44
54.25
54.59
55.75
56.05
55.88
56.36
55.81
55.72
56.03
56.02
55.65
55.88
55.84
55.01
54.68
55.37
56.30
55.87
55.54
55.26
55.31
56.21
56.61
57.23
56.82
56.73
56.11
56.61
56.45
57.10
56.34
56.91
58.00
58.46
58.94
59.56
59.46
59.33
59.45
59.26
60.26
61.49
61.03
60.74
61.66
61.83
61.16
61.15
61.19
60.67
59.96
60.08
60.68
60.26
60.69
60.42
59.60
59.95
59.77
60.55
61.09
61.18
61.02
61.26
60.57
60.75
60.04
60.35
59.67
59.84
59.72
60.77
60.78
61.04
60.70
60.34
60.53
60.31
60.20
61.04
60.45
60.87
61.16
60.89
60.57
60.70
61.28
61.02
60.93
59.82
59.80
60.08
60.17
61.07
60.81
61.89
60.92
61.21
60.43
60.57
60.61
61.31
60.60
60.15
60.86
60.69
60.30
60.02
59.82
59.71
59.15
60.04
59.13
59.81
59.94
60.42
60.74
60.90
60.64
61.09
61.45
61.96
62.07
62.24
61.82
62.49
62.93
63.38
62.52
62.78
62.95
63.51
64.05
64.74
64.48
64.50
64.40
64.65
64.74
65.20
64.73
64.95
64.44
64.75
64.64
64.31
64.54
64.69
64.90
65.09
64.78
65.12
64.71
64.58
63.90
64.25
63.92
64.75
64.13
64.54
65.20
65.14
64.14
65.47
65.07
63.91
63.67
62.64
62.78
63.57
63.95
63.26
63.20
63.87
63.49
62.69
62.50
62.55
62.79
62.62
62.61
63.25
63.63
63.98
64.15
63.81
63.56
63.55
62.79
63.46
63.27
63.31
63.59
63.53
63.66
64.08
64.55
64.49
64.15
64.26
64.14
64.70
64.72
64.58
65.11
65.07
65.18
65.31
65.04
64.68
64.46
64.95
64.84
65.37
65.77
65.13
65.24
65.19
64.88
65.11
65.06
65.43
65.29
65.34
65.06
66.03
65.98
65.18
64.71
64.99
64.57
64.43
64.85
65.13
65.16
65.07
64.58
65.04
63.26
64.91
64.23
64.85
64.84
64.71
64.06
63.44
62.69
61.82
59.78
60.62
59.71
60.83
59.74
58.72
58.21
59.07
59.89
58.96
58.17
58.15
58.80
58.72
58.17
58.70
58.93
59.25
59.28
59.18
59.50
59.25
59.16
59.03
59.86
59.01
58.98
59.04
59.07
59.42
59.50
59.33
60.93
60.97
60.48
60.59
60.16
60.62
60.00
59.72
58.45
58.80
57.43
57.28
57.65
57.95
58.14
58.10
57.63
58.50
58.75
59.37
59.53
59.52
60.00
59.41
58.92
58.15
58.49
57.99
58.93
59.46
59.17
58.70
58.98
58.50
58.00
58.20
57.45
57.60
57.25
57.67
58.52
58.85
58.80
58.42
59.39
59.94
60.06
60.43
60.67
60.82
61.59
61.65
61.86
61.98
61.63
61.98
62.22
61.96
62.31
62.49
62.09
61.54
62.08
62.89
63.29
63.38
63.26
63.13
63.43
63.79
63.98
63.69
62.89
63.32
63.86
64.08
64.04
63.85
63.58
63.94
63.64
63.88
63.94
63.99
64.32
64.75
64.56
64.47
64.24
63.70
63.69
64.11
63.65
63.13
63.47
63.89
63.50
62.99
63.03
62.50
61.81
61.48
62.18
62.39
62.51
62.31
62.56
62.22
62.43
62.19
61.83
62.03
62.93
62.75
62.25
62.54
62.79
62.33
62.02
62.19
62.06
62.12
62.10
61.90
62.63
63.13
63.41
63.43
63.20
62.29
62.22
62.45
62.56
62.95
62.22
62.05
62.73
63.25
62.56
60.89
61.18
60.64
60.91
60.16
59.70
60.46
60.66
60.94
60.88
60.94
60.93
60.64
60.74
60.69
60.60
60.61
60.37
60.89
60.68
60.76
60.47
59.92
59.93
61.25
60.50
61.12
61.29
61.09
60.48
60.74
60.14
59.24
59.49
58.79
58.57
58.21
58.56
58.67
58.80
58.72
58.98
59.01
58.98
58.98
59.34
59.21
59.63
59.50
59.75
59.70
59.72
59.73
59.54
59.66
59.66
59.55
60.24
60.45
62.00
63.21
63.81
63.65
64.07
63.45
65.39
65.59
65.92
66.11
66.00
65.45
65.25
65.11
65.61
66.32
66.04
67.09
66.41
66.23
66.17
66.53
66.25
65.19
65.74
66.29
65.59
65.79
67.31
67.02
66.44
65.84
65.87
66.00
65.49
66.33
66.49
66.32
66.95
67.00
65.70
66.63
66.08
66.52
66.47
65.54
65.57
65.29
65.59
66.23
66.42
66.48
67.29
67.63
67.82
67.81
66.88
66.90
67.39
67.60
67.73
67.17
67.10
66.57
66.45
66.69
66.21
66.17
65.76
65.23
64.74
65.28
64.11
63.37
62.61
62.12
61.80
61.71
61.62
60.18
63.61
63.85
63.77
64.56
63.19
62.91
63.99
63.52
65.38
65.49
63.55
64.64
65.82
66.03
65.66
64.83
63.17
65.04
64.96
64.39
63.10
63.99
63.95
64.28
64.52
64.05
64.42
64.19
62.16
61.30
62.05
63.37
63.90
63.92
63.22
63.65
61.55
62.21
62.52
63.01
63.89
64.26
64.13
64.45
64.69
64.40
63.76
64.51
62.96
63.11
63.90
64.56
64.19
64.99
65.64
65.17
63.68
64.39
64.07
64.00
63.96
64.09
64.07
64.13
64.62
64.97
64.97
64.53
64.17
64.19
63.27
62.95
62.59
61.31
61.88
62.82
63.92
64.68
64.87
64.10
63.61
63.57
64.14
64.32
63.87
64.08
63.38
63.65
64.36
64.18
64.02
64.81
65.06
65.23
65.99
65.97
65.31
65.59
65.59
65.75
65.32
65.44
64.96
65.11
65.11
65.28
64.97
65.54
65.26
65.16
65.28
65.23
64.34
64.83
65.53
65.62
65.33
65.86
65.97
65.94
65.90
65.46
65.16
65.20
65.16
64.71
64.90
64.75
64.51
64.60
65.22
65.23
65.08
65.19
64.79
64.26
64.60
65.22
65.11
64.74
64.69
64.46
64.27
64.95
64.83
64.55
65.42
65.21
64.93
65.20
64.95
65.00
64.96
64.68
64.49
64.89
65.33
65.40
65.28
65.63
66.04
66.12
65.61
65.26
64.95
64.81
64.69
64.05
63.94
63.72
64.23
63.90
63.22
63.22
63.50
63.55
63.96
64.41
64.95
64.85
64.91
65.17
65.40
65.19
64.58
64.68
64.59
64.81
64.43
64.03
63.70
63.79
63.71
63.87
63.26
63.40
63.40
62.89
62.88
62.84
62.34
62.36
62.04
62.04
62.16
62.09
63.18
62.54
62.97
62.16
64.24
64.35
65.90
65.82
66.40
66.78
66.55
66.66
66.26
66.56
66.42
66.71
67.30
67.42
67.96
67.92
67.51
67.74
67.97
68.03
67.62
67.79
68.47
67.84
68.74
69.25
69.35
68.14
68.10
67.67
68.30
68.95
69.37
69.25
69.48
68.81
68.98
69.18
68.81
68.29
68.33
68.12
68.39
68.74
68.51
68.44
68.12
67.80
67.69
67.63
67.80
67.22
67.54
67.31
67.28
67.23
67.45
67.49
67.44
67.71
67.97
67.99
68.36
68.37
68.01
68.91
68.49
68.08
68.75
68.41
69.05
68.88
69.01
69.50
69.09
68.77
68.92
69.12
69.19
69.10
69.46
69.60
68.62
68.38
68.21
68.18
68.18
69.30
69.73
70.87
72.11
71.79
71.17
70.99
71.01
71.00
71.11
71.10
71.70
70.86
71.00
70.69
70.15
69.56
69.79
69.52
69.63
68.99
68.87
69.54
69.26
69.63
69.08
69.12
69.01
68.71
69.47
69.39
69.80
69.58
69.93
70.34
70.04
70.26
70.93
71.21
70.90
70.62
70.84
71.06
70.91
70.74
70.56
70.32
69.95
70.13
69.84
69.24
71.02
70.98
71.24
71.50
71.31
71.64
71.81
72.19
72.60
72.25
72.26
72.88
72.90
72.92
72.52
72.96
73.13
73.96
73.67
74.45
74.08
74.14
73.56
74.49
74.57
74.82
75.17
75.28
75.42
75.79
75.50
75.72
76.03
76.79
76.47
76.39
76.47
75.88
75.68
76.23
75.79
76.73
77.56
77.69
77.62
77.84
77.92
78.50
78.52
78.67
78.62
78.72
78.98
79.18
79.12
79.11
79.83
79.93
80.56
81.37
81.39
82.00
82.74
82.20
81.79
81.27
81.26
81.83
82.14
82.25
82.72
82.33
83.36
83.96
83.51
84.59
84.99
85.68
84.54
85.30
85.02
85.39
84.50
84.44
85.58
85.78
84.87
85.48
85.45
85.29
85.56
85.76
86.94
87.33
87.47
88.10
87.94
88.70
87.11
86.80
87.54
87.08
85.71
85.68
84.28
84.72
83.91
83.59
84.96
85.01
84.76
85.18
83.60
84.71
85.37
85.75
86.43
84.21
83.00
82.92
85.16
85.95
87.53
86.72
85.72
86.65
86.54
87.58
88.09
88.65
88.88
89.81
89.69
89.91
91.04
90.58
90.33
90.24
92.08
92.39
92.65
92.00
92.32
92.63
93.47
93.23
94.16
93.56
94.05
93.88
93.60
94.27
93.39
92.08
91.89
92.79
90.32
89.13
89.47
90.55
89.47
88.76
87.93
88.36
86.97
86.36
86.41
86.78
86.89
86.46
87.00
87.22
87.39
88.14
88.63
89.30
89.13
89.43
89.05
88.91
90.05
90.20
89.43
89.02
88.42
87.28
86.81
86.33
86.59
87.13
87.19
86.82
86.70
86.62
85.93
86.72
88.62
88.83
90.33
90.42
90.87
91.75
91.63
91.53
92.07
92.65
92.04
91.96
92.80
93.27
92.85
92.38
93.46
92.54
93.03
93.19
92.63
93.97
93.98
93.36
93.40
93.63
94.36
94.27
94.94
95.46
94.39
95.49
95.58
95.34
95.23
94.41
94.20
93.76
93.42
93.60
94.30
94.58
94.40
92.84
91.46
91.42
91.30
90.95
92.40
91.95
92.56
92.18
91.99
92.77
92.16
92.17
91.14
91.29
91.93
93.04
94.17
94.94
94.64
94.37
94.60
94.65
94.60
94.72
94.93
93.99
93.74
92.12
90.30
90.58
89.47
89.62
89.01
88.75
86.93
86.49
87.63
88.92
90.24
91.09
92.95
92.00
92.60
92.77
92.15
91.69
91.86
91.45
91.59
91.11
91.16
91.42
91.13
92.47
93.27
93.19
93.37
93.17
93.71
92.82
93.85
92.88
93.26
93.90
93.89
93.52
94.77
95.30
95.70
97.51
97.08
97.51
98.00
98.31
98.01
97.97
98.62
98.39
98.03
98.42
98.86
96.20
97.28
98.45
99.57
98.69
99.01
100.00
100.24
100.24
99.97
100.56
101.63
100.84
100.77
100.17
99.29
100.02
99.85
100.67
100.86
101.24
100.90
100.95
100.64
100.57
100.22
100.81
100.60
100.58
101.04
101.10
100.67
100.56
100.70
101.54
101.91
102.23
102.78
103.25
103.07
103.47
103.81
103.18
102.51
102.52
102.13
101.91
102.93
104.37
104.91
104.63
104.23
105.84
105.47
105.62
105.15
105.70
105.87
105.42
106.21
106.00
105.08
105.84
105.38
105.23
103.53
101.90
100.67
101.44
101.91
102.80
102.34
102.27
101.89
102.45
102.27
101.77
99.76
99.99
99.83
99.67
101.09
100.21
101.62
101.00
101.15
101.89
102.21
101.92
102.73
102.87
103.33
103.63
103.65
103.47
103.60
102.90
103.10
103.30
103.82
103.99
103.92
104.42
104.40
104.19
104.78
104.54
104.59
104.49
105.88
106.18
107.89
108.00
107.77
107.70
108.53
107.41
106.38
106.50
105.98
104.06
104.23
105.68
104.46
102.43
104.63
102.35
101.46
100.53
96.05
96.97
97.54
98.83
99.83
101.10
102.26
102.95
103.07
104.55
105.00
105.17
107.94
107.83
107.89
109.05
108.93
109.00
108.07
108.88
108.67
109.05
108.92
108.00
108.13
108.45
108.55
