68.62
67.81
68.88
69.19
75.25
74.81
73.69
75.19
76.12
75.94
73.56
72.69
73.19
74.50
73.00
72.00
73.00
75.44
78.44
79.00
77.94
78.38
76.69
76.88
75.44
75.88
74.19
70.25
68.12
66.44
66.62
67.19
66.69
64.38
65.50
66.00
63.31
61.50
61.94
63.12
61.75
60.75
60.12
57.75
56.00
57.44
61.62
61.88
57.69
56.75
60.00
65.69
65.00
62.19
64.00
64.94
64.75
63.00
61.56
62.50
65.00
65.94
64.94
67.00
69.75
68.50
67.06
66.69
68.25
68.00
67.75
67.00
65.62
64.75
66.38
69.75
70.25
72.19
72.81
72.19
72.62
70.31
69.56
70.06
69.88
68.62
69.94
70.50
70.06
68.75
68.69
68.94
69.94
71.50
71.38
70.69
72.94
73.62
73.81
75.00
75.06
75.38
75.12
74.94
75.19
72.31
70.44
70.19
71.50
70.56
70.25
71.75
73.88
74.31
73.75
73.31
72.75
72.06
72.44
72.31
72.62
74.25
74.88
74.38
75.25
76.73
76.69
77.38
76.62
75.50
74.88
75.88
74.38
73.31
69.50
68.50
67.62
66.75
65.12
64.69
70.12
71.88
71.69
72.75
73.12
72.31
74.25
75.25
75.44
74.38
73.75
73.44
73.38
72.06
73.12
73.12
73.62
74.31
74.38
73.31
72.88
73.00
73.31
73.12
73.12
73.69
72.50
71.44
72.12
70.12
68.44
68.06
67.62
68.50
68.31
68.19
69.00
68.25
68.12
67.75
68.88
68.88
70.31
73.38
73.19
71.88
73.00
73.88
74.88
74.62
74.50
75.00
75.38
76.25
76.69
77.69
77.81
77.69
77.12
77.06
78.19
78.38
77.88
82.00
85.50
85.50
87.38
87.50
88.00
90.00
90.00
90.94
89.31
88.38
90.50
90.25
91.69
90.94
92.75
90.94
91.75
92.19
92.38
90.94
91.12
92.19
91.81
91.38
92.31
92.94
95.19
96.69
92.06
92.94
92.50
90.50
91.44
91.25
91.38
91.56
92.25
91.75
92.00
90.44
92.31
95.12
93.62
92.88
93.25
94.69
94.75
95.94
95.25
93.00
88.56
85.81
84.50
85.00
84.81
83.62
83.31
84.44
83.31
84.00
83.69
83.62
80.88
80.00
82.00
84.00
83.45
81.50
83.00
84.48
85.32
85.55
84.88
84.77
84.00
82.97
83.28
82.73
80.73
78.25
78.20
78.42
79.60
78.91
77.93
79.50
79.99
81.42
81.03
80.40
79.90
78.91
76.11
75.56
76.26
75.73
73.65
72.72
74.05
73.50
72.90
72.54
69.85
70.20
70.65
71.90
74.00
75.36
76.65
76.30
75.99
75.75
75.06
75.89
76.54
78.00
78.69
77.53
79.70
80.42
80.85
80.42
78.97
75.90
74.90
75.00
74.98
75.55
75.95
76.65
75.94
75.60
75.84
76.87
77.00
76.54
77.52
77.75
76.00
76.69
76.15
78.89
79.12
79.16
78.05
76.61
75.46
73.60
73.33
74.64
74.39
73.45
74.51
74.45
75.49
75.30
74.87
74.99
73.69
72.99
73.70
74.02
74.54
74.84
74.60
75.85
75.25
70.07
68.63
67.50
66.70
66.00
65.65
64.72
65.00
65.28
64.43
64.80
64.71
63.45
61.60
62.45
62.99
64.90
67.55
67.79
67.56
67.00
65.85
65.82
65.10
65.84
66.64
69.00
68.50
68.41
68.63
68.53
68.51
68.80
67.97
69.44
69.95
70.02
70.77
70.25
70.24
70.80
71.50
71.24
70.30
69.25
69.42
69.21
68.39
67.69
66.78
66.48
67.90
67.58
65.35
66.50
68.10
69.08
69.24
67.62
67.19
66.65
64.00
63.69
66.94
67.88
68.32
68.47
68.45
67.99
68.40
69.00
68.47
69.20
68.60
69.28
70.00
70.60
69.65
67.95
66.30
67.67
68.20
67.80
67.29
66.46
66.07
65.15
64.96
64.90
65.25
66.21
65.61
66.14
65.79
65.78
64.80
65.06
65.52
65.55
65.39
64.64
64.60
65.62
66.13
68.01
67.88
66.97
66.89
68.13
68.50
68.57
67.28
67.00
67.00
67.90
67.55
60.75
59.85
58.39
58.90
58.88
60.00
60.17
60.23
60.14
60.40
59.78
59.92
59.68
59.85
59.76
58.89
58.65
58.73
59.65
58.99
59.85
59.87
59.85
59.28
58.90
58.90
59.49
59.88
58.18
57.30
57.30
58.85
59.50
59.28
59.60
59.44
59.62
59.30
59.09
59.99
59.58
60.55
60.69
60.15
59.96
59.75
61.48
62.10
61.93
61.40
61.49
62.48
61.74
62.98
63.27
62.97
63.01
63.38
63.49
63.07
63.55
64.50
64.30
61.00
59.70
59.28
58.95
58.18
58.88
58.57
58.00
57.50
57.70
57.80
57.75
57.74
56.25
56.12
55.50
54.90
53.79
53.50
54.20
54.97
55.27
55.42
56.75
57.14
56.99
56.95
55.69
55.70
55.10
55.12
54.69
55.50
55.80
55.89
56.30
56.07
56.97
56.38
56.97
56.79
57.79
57.44
56.91
58.25
58.85
58.54
58.25
57.55
57.90
56.62
57.20
57.13
57.35
57.19
55.24
54.99
54.26
53.15
54.90
54.00
52.10
53.10
52.69
53.87
53.59
53.50
52.57
51.20
50.00
50.15
50.75
51.00
51.45
51.09
49.00
47.28
48.90
48.30
47.40
45.50
44.91
45.89
47.20
45.70
45.75
44.26
42.66
42.45
40.50
43.01
45.04
46.00
48.57
49.10
49.60
49.36
49.34
47.92
47.98
48.99
50.49
51.53
51.58
51.39
51.30
51.70
50.63
51.80
51.50
52.13
54.00
53.80
53.00
53.01
51.60
51.50
51.46
49.75
49.26
48.98
48.97
49.97
49.92
50.33
49.70
49.55
49.16
49.65
47.79
46.90
46.09
45.74
46.23
48.00
48.75
48.50
46.45
46.50
47.87
48.14
46.00
46.15
46.80
46.94
46.25
47.71
50.29
51.02
51.60
51.24
51.19
51.47
50.90
51.41
51.95
52.98
55.24
54.81
54.49
54.90
54.70
55.10
54.39
56.60
55.98
56.46
56.07
55.59
54.99
54.18
55.39
56.90
57.99
58.22
59.50
59.77
60.48
60.00
60.24
59.99
60.45
59.17
59.20
59.90
59.06
59.70
59.47
59.02
58.40
58.09
58.55
58.76
58.07
57.27
57.00
57.34
57.32
58.12
57.15
57.27
56.77
58.50
59.24
59.97
60.05
59.55
60.00
59.98
60.24
59.90
59.94
59.74
58.92
57.84
56.80
56.09
55.45
53.59
55.09
55.85
55.93
55.71
56.31
55.20
55.91
55.11
54.50
54.58
55.20
54.12
53.05
53.99
55.45
55.07
54.57
54.40
53.50
53.04
53.33
53.39
53.03
53.72
52.45
52.12
52.49
52.70
51.92
51.06
51.26
51.64
51.90
52.35
53.33
54.73
55.08
56.85
56.24
55.85
55.37
55.55
55.74
55.57
55.80
57.27
56.77
57.50
58.45
57.40
57.10
55.76
56.64
56.70
57.05
57.19
56.40
57.95
59.31
59.55
58.82
58.22
57.55
57.76
58.78
58.80
59.70
59.45
59.10
59.15
58.60
58.82
59.10
59.48
59.88
59.77
59.65
59.20
56.28
55.70
56.06
56.16
56.52
56.34
56.38
55.80
56.33
56.64
57.12
58.75
60.26
59.20
58.60
59.76
59.75
59.65
61.32
63.40
63.46
63.50
63.25
62.65
62.56
62.21
62.20
62.08
61.49
61.61
62.50
61.65
62.37
62.08
62.22
61.63
61.48
62.64
62.69
62.30
62.30
61.80
60.47
59.60
58.15
58.23
57.52
57.50
57.11
56.20
56.60
55.09
54.35
54.79
54.73
56.05
56.01
55.67
55.10
54.25
53.40
53.59
53.82
53.95
52.41
52.30
51.46
50.93
50.49
50.42
50.37
50.37
51.24
50.99
50.95
51.51
52.88
53.42
54.30
53.99
53.58
53.53
53.86
53.80
53.68
53.14
52.29
51.88
51.40
50.78
51.21
51.04
50.98
51.50
51.38
51.95
50.45
50.25
50.46
50.40
49.68
49.95
49.80
49.94
49.24
49.10
48.90
49.09
46.90
45.96
45.50
45.40
45.40
45.18
45.40
44.44
44.82
44.70
44.24
43.85
44.24
44.05
43.95
44.25
46.26
47.15
46.64
46.74
46.40
46.18
43.80
42.52
42.01
41.50
41.00
42.40
42.73
43.92
44.11
43.55
44.21
43.98
43.56
43.71
43.88
44.90
44.34
44.25
44.69
44.72
44.41
44.77
45.17
45.16
45.72
45.73
46.30
48.88
48.10
48.09
47.97
48.08
47.73
46.40
46.10
46.29
46.27
46.25
46.55
46.35
46.51
46.33
47.41
47.80
48.31
48.36
48.17
48.21
48.50
49.20
49.33
49.05
48.80
48.45
48.75
48.94
49.06
49.00
49.19
49.16
48.96
48.80
48.62
48.66
47.81
48.63
48.60
48.43
47.40
48.10
48.28
48.25
47.59
47.14
46.95
45.29
45.40
45.23
45.38
44.75
44.78
44.15
44.17
44.12
43.98
44.46
44.67
44.55
44.49
45.25
45.75
45.42
45.15
45.25
45.20
45.00
45.10
45.50
47.15
47.38
47.06
46.94
47.24
47.15
47.15
46.98
47.60
47.50
47.40
47.50
47.76
47.96
48.13
48.38
48.41
47.54
46.74
47.00
46.78
46.94
46.89
47.00
47.06
46.73
46.86
46.72
46.92
47.07
47.50
47.75
48.40
48.21
48.26
48.40
48.51
48.43
48.38
47.80
47.62
48.13
48.47
48.48
48.78
48.50
47.93
47.90
48.42
48.00
47.38
47.74
47.70
47.73
47.36
47.05
46.68
46.78
46.27
45.95
45.75
46.10
45.89
45.00
44.94
44.98
45.80
45.55
45.59
45.40
45.06
45.12
45.80
45.70
45.70
45.43
45.17
44.95
44.20
44.45
44.65
45.09
45.17
44.95
45.15
45.05
45.81
45.76
46.43
47.00
46.66
46.85
45.50
45.28
45.68
45.22
44.69
45.31
45.70
45.92
45.99
45.64
45.96
45.50
45.87
45.80
45.50
45.42
45.03
45.09
44.89
45.07
44.37
44.84
45.34
45.07
34.02
33.97
34.32
34.25
33.16
31.25
31.12
31.14
31.00
31.20
30.55
30.75
31.01
31.30
31.48
31.50
31.25
30.63
30.66
31.24
31.67
32.04
29.80
28.55
27.90
28.25
26.90
26.58
26.19
26.87
26.60
26.67
27.34
27.75
27.80
27.50
27.45
27.40
27.21
27.40
27.77
28.10
28.13
27.88
28.67
28.91
28.65
28.25
28.72
28.85
29.25
29.06
29.64
30.52
31.84
31.79
31.69
31.98
32.39
32.66
32.50
32.30
32.42
32.36
32.39
32.23
31.60
31.65
31.74
31.60
31.50
31.48
31.35
31.05
30.93
31.41
31.50
31.21
30.79
30.65
31.22
31.34
31.28
31.33
28.18
28.29
28.65
28.64
28.47
28.85
28.84
29.23
28.95
29.34
29.45
29.71
29.18
29.10
32.61
32.60
32.00
32.02
32.16
32.02
32.19
31.91
31.71
31.78
31.79
31.94
31.95
32.28
32.33
32.39
32.50
32.14
31.81
32.04
32.05
32.09
32.36
32.14
32.09
32.17
32.46
32.60
32.68
32.54
33.15
33.43
33.51
33.74
33.59
33.82
35.30
34.97
36.26
34.75
34.83
34.56
34.98
34.40
34.09
33.98
33.85
33.84
34.15
34.13
34.43
34.95
35.05
35.20
34.24
34.13
33.94
33.80
33.75
33.59
33.08
33.24
32.86
32.95
32.96
33.25
32.88
32.69
32.58
32.55
32.40
32.25
32.23
32.11
32.39
32.17
31.63
31.49
31.67
31.85
32.00
32.17
32.50
32.29
32.28
32.24
31.91
31.22
30.88
31.12
31.04
31.40
31.35
31.20
31.27
30.67
31.04
31.27
31.70
31.75
32.02
32.30
32.34
32.10
32.13
31.68
31.38
31.09
31.12
31.40
31.69
31.34
31.24
30.78
30.93
30.78
30.92
30.85
31.00
31.46
31.41
31.05
30.78
30.75
30.65
30.74
30.59
27.99
27.88
28.08
27.92
27.79
28.30
28.29
28.32
28.54
28.99
29.08
29.26
29.46
29.33
29.24
29.08
29.05
28.90
29.00
28.75
28.64
28.18
27.80
27.75
28.04
27.93
27.83
27.60
27.43
27.65
27.65
27.28
27.84
27.53
26.97
27.14
27.24
27.19
27.20
27.32
27.34
27.15
27.32
27.05
27.04
27.11
27.25
27.19
27.57
28.26
28.64
28.46
30.90
29.50
29.46
29.83
29.72
30.10
30.08
30.24
30.36
30.25
30.02
30.45
30.54
30.64
30.87
31.01
31.01
30.31
29.95
29.87
30.00
30.13
30.42
30.51
30.39
29.24
29.60
29.15
29.76
30.20
30.09
32.30
32.35
32.14
32.04
32.24
32.24
32.19
32.54
32.35
32.87
33.20
33.39
33.36
33.66
33.45
33.59
33.58
33.72
33.65
33.42
33.63
33.43
33.21
33.01
33.24
34.05
34.85
34.65
34.88
34.74
34.73
34.64
34.29
34.40
34.48
34.70
34.40
34.69
34.72
35.30
36.08
36.06
36.65
36.25
35.70
35.54
35.59
35.29
35.16
35.26
35.42
35.35
35.00
34.85
34.65
34.96
35.35
35.46
35.27
35.51
35.69
35.93
36.18
36.32
36.50
36.32
36.25
36.15
36.08
36.14
35.92
35.61
35.90
36.09
35.04
34.79
34.79
35.10
34.03
34.00
33.94
34.49
34.78
35.26
35.19
34.74
34.39
34.80
34.94
34.70
34.85
34.56
34.68
34.40
34.55
34.79
34.94
34.78
34.89
34.83
35.28
35.40
35.51
35.34
35.25
34.61
34.60
34.63
34.44
35.03
34.63
33.34
33.82
34.24
34.03
33.95
34.51
34.54
34.15
34.13
34.07
33.74
34.43
34.75
34.77
35.02
35.45
35.65
35.07
35.46
34.98
35.35
36.00
36.84
36.93
36.91
36.95
37.00
37.29
37.34
37.39
37.05
37.06
36.50
36.94
37.63
37.43
37.57
39.19
39.49
40.26
41.06
41.76
41.11
41.09
41.09
41.76
41.78
41.47
41.28
41.71
41.43
41.05
41.30
41.40
41.42
41.73
39.82
40.20
40.25
40.59
40.88
40.73
41.22
41.37
41.25
40.97
41.03
41.19
41.49
41.45
41.27
41.37
42.23
41.56
41.36
41.46
40.99
41.29
42.01
42.02
42.19
42.37
42.12
42.50
42.51
42.21
42.25
42.27
42.29
42.10
42.05
42.07
42.12
42.19
42.85
43.54
44.18
44.18
44.65
44.89
45.64
45.70
45.95
46.09
46.34
46.37
45.94
45.64
46.14
45.71
45.69
45.85
46.32
44.76
44.18
43.20
43.80
44.28
44.50
44.70
45.06
44.98
44.79
44.91
44.33
44.31
43.89
44.69
44.74
45.08
45.90
45.71
45.12
44.98
44.08
44.92
44.45
43.89
43.93
44.11
44.07
43.98
43.94
43.70
43.42
43.06
43.62
43.71
43.65
44.89
45.45
45.10
44.52
44.50
44.39
44.60
45.09
45.17
45.23
46.01
46.16
45.91
45.97
46.33
46.55
46.39
46.23
45.93
45.09
45.44
45.31
44.70
44.78
44.89
44.75
44.28
44.24
44.15
44.23
44.06
44.75
44.70
44.45
44.02
43.22
44.93
44.50
44.70
44.48
44.43
44.85
44.96
44.84
44.39
44.85
44.70
44.50
43.65
43.28
43.63
43.70
43.80
44.43
44.37
44.72
44.46
43.96
43.64
44.04
44.20
45.29
45.57
45.41
45.84
45.66
45.99
45.88
46.50
50.80
50.63
50.45
49.96
50.39
51.62
52.10
52.26
52.50
52.63
52.36
51.91
51.73
51.50
51.80
52.29
52.06
52.28
52.35
51.87
52.14
52.62
52.68
53.00
52.98
53.25
54.69
55.14
54.70
54.59
53.75
54.01
53.15
53.18
52.90
52.05
51.69
51.31
50.76
50.49
51.35
51.05
50.87
50.65
51.58
51.00
50.99
50.09
49.53
49.40
49.25
49.74
50.70
51.10
50.95
50.30
50.26
49.89
49.97
49.57
49.53
49.15
50.87
51.13
50.86
51.10
50.38
50.06
50.00
53.35
53.81
53.68
53.73
52.17
50.37
50.46
51.27
52.13
51.72
51.58
52.35
52.74
52.50
51.70
51.60
50.74
50.60
49.97
50.26
50.99
50.52
50.76
50.74
50.86
50.94
50.09
50.00
50.09
50.50
50.49
49.70
50.67
50.90
50.00
50.23
50.09
50.88
49.89
49.65
50.80
51.73
52.14
52.08
52.08
52.61
52.83
52.63
52.00
52.69
52.73
52.72
53.11
54.04
53.58
53.96
53.85
53.69
53.68
54.00
53.31
53.50
53.65
54.24
54.95
56.43
56.75
57.25
57.85
58.17
58.15
58.26
58.36
58.04
56.85
56.27
55.93
55.15
57.74
56.67
57.53
57.68
58.89
58.43
58.60
58.40
57.55
57.89
58.42
60.00
60.01
60.29
60.49
59.49
59.12
59.63
59.95
61.09
60.98
61.31
61.62
59.92
60.00
60.59
60.03
60.00
59.96
59.84
59.96
59.70
59.20
58.97
58.79
58.51
57.94
57.45
58.42
60.69
60.88
60.75
61.18
59.88
59.60
58.98
58.40
55.15
52.45
51.18
51.70
49.94
49.35
49.54
46.91
46.61
46.46
47.97
47.34
46.42
46.67
45.70
45.45
47.10
47.93
48.13
47.89
48.23
47.06
47.40
46.48
46.92
46.89
46.24
45.59
44.97
44.69
44.00
43.88
43.28
43.00
41.91
42.38
43.56
42.71
42.97
42.06
43.20
44.00
43.59
44.78
45.00
45.04
45.37
45.73
39.50
38.86
38.60
38.46
40.08
41.60
41.43
41.11
42.19
41.85
41.51
42.24
41.49
40.45
40.13
40.77
39.77
38.88
40.31
40.94
41.70
38.40
38.15
39.04
39.50
39.40
39.00
39.49
39.73
39.62
39.70
39.83
39.99
40.09
40.21
40.10
40.45
40.09
39.35
39.24
39.37
38.86
39.49
39.26
38.99
38.57
38.43
38.98
38.66
37.83
36.92
36.63
36.10
35.97
35.60
35.41
35.32
36.07
35.83
35.99
37.15
37.20
37.15
37.88
38.14
38.73
38.90
38.70
37.99
37.43
37.89
37.75
36.99
37.36
37.14
37.00
36.96
37.69
38.34
32.87
32.32
33.02
33.00
32.68
32.47
33.46
33.81
33.60
33.73
34.79
35.56
35.89
36.04
35.95
36.34
36.73
36.25
36.65
36.50
35.69
35.43
34.99
35.51
35.32
35.87
35.87
36.57
36.33
36.08
34.87
34.83
34.37
35.52
35.85
34.49
34.10
34.25
33.85
32.78
32.20
32.04
32.87
32.62
32.00
31.72
32.63
32.62
32.12
31.79
32.44
32.46
32.30
32.28
31.24
29.93
28.57
28.32
29.79
31.43
29.10
28.30
30.20
31.31
31.44
29.91
29.38
28.24
28.36
29.90
30.71
30.79
31.69
31.10
31.30
31.00
29.33
29.37
29.85
28.04
27.42
28.73
28.77
26.97
26.70
26.90
26.60
24.46
25.96
26.00
26.39
26.72
26.75
26.77
26.69
26.03
26.92
27.68
27.46
27.41
27.77
27.15
27.24
28.10
27.83
28.33
29.07
29.38
30.22
29.66
29.50
29.25
29.66
30.57
31.12
31.66
31.26
29.88
29.69
29.61
28.95
28.99
28.26
28.28
28.76
28.88
28.39
27.70
28.35
28.73
28.67
29.11
29.06
29.00
28.94
30.76
30.86
30.46
30.93
30.87
30.65
29.94
29.43
29.40
29.03
28.80
29.00
28.52
28.39
28.56
28.45
28.17
25.78
24.32
24.10
23.53
22.89
22.94
22.50
22.31
22.73
24.09
27.70
27.44
26.64
27.50
27.14
27.20
27.98
28.12
28.02
27.81
27.62
26.90
27.08
27.23
27.60
27.31
27.54
26.57
26.76
27.45
26.52
26.18
26.39
26.51
26.49
25.91
24.55
23.50
23.33
23.55
23.69
23.62
24.06
24.58
24.38
24.84
24.98
24.93
25.57
25.51
24.80
25.25
26.25
26.24
26.25
25.80
25.90
26.45
26.19
26.35
26.60
26.80
27.00
27.61
27.85
27.87
27.61
27.55
26.90
26.18
26.13
26.13
26.57
27.07
26.00
25.20
24.98
25.91
26.54
25.74
25.49
25.67
26.60
27.06
27.95
28.05
28.22
27.99
28.00
28.39
28.54
27.90
26.99
26.90
27.31
27.76
28.00
27.87
28.00
29.79
30.06
30.64
31.06
31.18
30.91
30.14
30.97
30.58
30.47
30.27
30.18
29.68
30.50
31.00
30.78
30.99
30.98
31.09
31.35
30.87
31.92
31.64
32.72
33.00
33.05
32.98
33.00
32.92
32.69
32.53
31.40
30.87
30.70
31.03
31.62
32.07
32.62
32.93
32.92
32.77
32.37
32.36
32.08
31.83
31.60
31.40
31.71
32.42
32.22
31.99
31.80
31.83
31.80
32.56
32.48
32.55
32.68
32.99
32.95
33.01
33.40
33.38
33.83
34.18
33.80
32.91
32.95
33.04
32.90
32.70
32.03
31.78
31.50
31.28
32.85
33.43
32.95
33.49
33.74
33.75
33.47
33.50
34.35
34.30
35.40
35.72
36.67
36.96
36.83
36.67
36.54
36.33
37.23
37.00
37.04
37.50
37.04
36.99
37.23
37.92
37.38
37.80
38.00
38.10
37.85
37.79
38.42
37.98
37.86
37.14
37.38
37.50
37.19
37.07
37.25
37.45
37.73
37.90
37.89
37.92
37.99
39.37
40.12
40.27
40.84
41.15
41.56
40.29
39.74
38.95
38.78
38.94
39.01
38.63
39.72
39.42
38.51
37.08
37.08
37.17
36.69
37.00
37.15
38.18
37.92
37.50
37.63
37.86
37.14
37.04
36.66
37.06
37.43
37.69
37.85
37.38
37.56
37.54
37.30
37.08
36.95
37.20
37.80
38.00
38.10
38.46
38.84
39.04
38.75
38.51
38.34
37.94
38.01
37.96
37.59
37.88
37.97
37.53
37.41
37.02
37.25
37.09
36.93
36.74
36.50
36.17
35.98
36.40
36.18
34.65
35.76
35.96
35.48
34.80
35.61
35.80
35.43
36.36
35.77
35.58
34.22
34.86
34.11
34.04
33.75
33.35
33.06
33.00
32.90
32.55
32.15
32.31
32.08
32.85
33.67
34.12
34.02
34.38
34.56
33.92
33.52
33.87
34.13
34.78
35.10
35.25
36.05
36.18
36.25
36.00
36.15
35.72
35.66
35.70
36.15
36.14
35.80
35.34
34.89
34.50
34.69
35.46
35.87
36.40
36.24
36.70
36.37
36.56
36.80
36.11
35.66
35.69
35.52
35.17
35.30
35.59
35.41
35.30
34.63
35.12
35.25
35.25
35.16
35.00
35.44
35.99
35.50
35.25
35.15
35.00
35.62
35.59
35.34
34.69
35.22
34.80
34.72
34.70
35.11
35.21
35.36
35.76
35.77
35.84
35.77
36.00
36.23
36.71
36.62
36.70
36.87
36.61
36.84
36.64
36.94
37.05
36.99
37.39
37.48
37.48
37.26
37.58
36.84
36.75
37.15
37.22
37.39
36.99
37.00
36.82
37.39
37.38
37.44
37.24
37.05
37.25
37.15
37.15
37.68
37.33
36.88
37.06
36.74
36.73
36.86
36.77
36.95
36.74
35.81
35.74
35.18
35.41
35.06
34.96
34.44
35.65
35.34
35.36
35.64
35.38
35.17
34.89
34.74
34.69
35.12
35.36
35.32
35.35
35.62
35.53
35.67
36.00
36.23
36.76
36.99
36.88
36.80
36.67
36.69
36.38
36.58
36.35
36.44
36.35
36.20
36.25
36.78
36.40
36.58
37.14
37.35
37.62
37.32
37.24
35.78
34.75
34.30
34.15
34.14
34.22
33.99
33.85
33.73
33.43
33.53
33.30
34.04
34.03
33.09
33.12
33.03
33.30
33.29
33.14
33.13
33.02
32.82
33.19
33.15
33.21
32.80
32.61
32.16
32.26
32.61
32.98
32.69
33.25
33.36
33.06
33.09
33.48
33.26
32.91
32.60
32.04
31.86
31.62
31.98
32.58
32.76
32.67
32.90
32.90
32.65
32.80
33.48
33.38
33.25
33.37
33.23
33.45
33.43
33.70
33.85
33.77
33.65
34.04
34.97
34.29
34.11
34.23
34.29
34.40
35.16
35.74
35.80
36.25
36.58
36.64
36.75
36.64
36.75
36.58
36.79
36.95
37.27
37.30
37.56
37.34
37.62
37.65
37.48
36.99
37.04
36.86
36.80
36.58
36.76
36.75
36.25
36.03
35.83
36.12
35.95
36.38
35.88
35.49
35.88
35.47
35.36
35.77
35.81
35.97
35.70
35.32
35.07
34.70
35.00
35.29
35.47
35.73
35.69
35.62
35.95
36.19
35.96
36.03
36.47
36.56
36.44
35.81
35.93
35.89
36.48
36.46
36.05
36.01
35.76
35.35
34.70
34.29
33.16
33.23
32.32
32.00
31.55
31.24
30.91
31.55
31.92
32.16
32.34
32.54
31.79
31.46
32.00
32.21
32.29
32.25
32.06
32.57
32.90
33.31
33.49
32.76
32.30
33.01
33.19
32.60
32.05
31.91
32.45
32.50
32.80
32.35
32.83
32.91
31.48
31.23
31.69
32.50
32.68
32.82
33.32
32.72
31.44
31.77
31.56
32.28
32.57
32.41
32.77
32.87
33.00
33.18
33.01
33.06
32.94
33.42
33.56
33.58
33.69
34.56
35.50
35.24
34.65
34.53
34.73
34.41
34.34
34.61
34.56
35.14
36.25
35.75
35.87
35.62
35.18
35.22
34.56
34.22
33.57
33.40
34.31
34.91
35.80
35.99
35.91
35.86
35.60
35.78
35.73
35.86
35.67
35.36
35.76
36.68
36.62
36.80
37.15
37.41
37.75
37.90
37.90
37.80
37.75
37.87
38.56
38.34
39.00
38.75
38.47
38.80
38.52
38.68
38.50
38.89
38.95
39.43
39.40
39.10
39.21
38.79
38.95
38.80
38.90
38.99
39.01
38.97
38.59
38.40
38.78
38.60
38.52
38.01
38.24
38.24
38.28
38.15
38.88
38.63
38.23
38.52
38.50
38.26
38.49
38.49
38.16
38.09
38.52
38.38
37.43
37.81
37.90
38.11
38.30
38.40
38.25
38.33
38.04
37.92
37.88
37.93
38.05
38.70
39.00
38.93
38.30
38.42
38.56
38.72
38.95
38.91
38.98
38.89
38.70
38.71
38.10
38.06
38.54
38.60
38.62
38.88
38.56
38.43
38.49
38.56
38.94
39.46
39.50
39.43
39.38
39.11
38.81
38.66
38.49
38.62
38.34
38.39
38.20
38.35
38.45
38.21
37.89
37.74
37.63
37.67
37.75
37.75
37.65
37.87
37.49
37.47
37.55
37.90
38.47
38.55
38.77
38.85
38.79
38.94
39.10
39.06
39.42
39.38
39.79
40.31
40.04
40.80
40.75
40.70
41.75
41.85
41.96
41.80
41.55
42.26
42.21
41.47
43.18
43.57
43.53
44.37
44.11
44.03
43.66
43.44
43.36
42.99
43.75
45.17
44.93
44.69
44.79
44.23
44.68
44.64
44.55
44.27
44.32
44.57
44.61
44.64
44.38
44.16
44.04
43.80
43.75
43.08
42.98
43.33
43.24
43.14
43.24
43.27
43.58
43.39
43.53
44.26
44.44
44.38
44.57
44.57
44.71
44.55
44.00
44.14
44.78
44.97
45.25
45.25
45.70
45.37
45.44
45.21
45.59
45.60
45.87
46.39
46.50
46.46
46.54
46.39
45.92
46.00
46.63
47.27
47.50
48.00
47.99
47.03
46.53
46.19
46.34
46.77
46.71
46.49
46.55
46.00
46.32
45.67
44.77
44.32
44.52
44.46
43.90
43.14
43.23
43.40
43.67
43.93
44.29
44.33
44.19
44.61
44.95
44.71
44.83
44.78
44.76
44.59
44.64
44.83
45.28
45.49
44.94
43.96
43.84
44.40
44.46
42.78
42.46
41.75
41.58
41.41
41.17
40.97
41.87
42.43
42.50
42.19
42.69
42.65
43.15
43.33
43.56
43.54
43.04
42.85
42.98
43.22
43.08
43.21
43.46
43.50
43.74
43.77
43.64
42.75
41.66
41.48
41.45
41.30
41.18
41.50
41.57
41.49
41.22
41.50
42.22
42.75
42.57
43.27
43.45
42.80
43.15
43.21
42.67
43.35
43.65
43.74
43.93
43.50
43.67
45.42
44.73
44.75
44.09
43.94
43.84
44.29
44.18
44.11
44.00
44.40
44.25
44.31
44.37
45.00
46.16
45.88
45.23
45.48
45.94
46.97
47.51
47.13
47.50
47.05
46.91
46.98
47.49
47.97
48.70
48.79
48.00
48.07
48.12
47.84
46.31
46.01
46.38
46.00
45.30
45.60
45.62
45.95
46.23
46.77
47.26
46.70
46.71
46.02
47.53
48.30
47.44
47.16
48.64
47.47
47.39
47.68
49.36
50.16
49.73
48.73
49.14
48.89
48.20
48.10
47.94
48.53
48.55
48.05
48.17
47.42
47.60
46.86
46.68
46.91
47.36
47.48
46.85
46.73
46.73
47.30
47.63
48.00
48.18
48.50
48.66
48.89
48.83
48.77
48.13
47.92
48.25
48.22
48.04
48.19
48.49
48.79
49.08
48.73
48.68
48.54
48.66
48.59
48.75
48.84
48.78
48.81
48.85
48.76
48.36
48.00
47.80
48.38
48.04
47.98
47.98
47.90
47.52
47.40
47.40
47.48
47.66
47.88
47.79
47.82
47.85
48.40
48.51
47.98
47.99
48.45
48.23
48.71
48.49
48.40
48.06
48.22
47.99
48.00
47.91
47.87
49.23
48.55
48.75
48.36
48.23
48.15
47.82
47.63
47.49
47.08
46.83
47.17
47.28
47.45
46.72
46.72
46.72
46.86
46.58
45.82
45.67
45.76
45.46
45.35
46.27
45.78
46.02
46.24
46.87
47.15
47.63
47.37
47.87
48.28
48.26
48.17
48.42
48.70
49.04
49.84
49.75
49.91
49.95
50.42
50.06
49.65
49.25
49.57
49.85
49.55
49.53
48.78
48.90
48.59
48.00
48.93
48.95
49.45
49.70
49.67
49.75
49.90
49.94
50.08
50.04
50.00
50.14
50.40
50.14
50.00
50.07
53.44
53.10
52.90
52.98
52.65
52.25
51.98
51.75
52.17
54.10
53.09
52.84
53.67
53.48
53.15
53.52
55.20
53.87
54.82
55.00
55.75
55.69
55.21
55.62
55.93
55.66
56.00
56.34
56.92
56.39
56.45
56.67
57.46
56.77
57.39
57.44
57.65
57.57
57.62
57.44
56.93
56.79
56.02
56.45
56.56
56.91
55.88
56.60
54.86
55.48
56.46
56.11
56.96
56.84
56.84
56.56
56.75
56.72
56.16
55.61
57.15
58.14
56.60
56.73
56.31
56.95
57.00
57.30
58.32
57.77
57.82
57.68
57.85
58.86
59.00
59.84
59.53
58.67
58.77
56.85
55.76
55.71
55.62
56.06
56.56
56.59
56.26
56.37
56.26
56.62
56.78
56.98
57.04
56.73
57.79
58.27
58.20
57.96
58.01
58.47
58.26
57.97
58.50
59.03
58.72
58.65
58.38
58.22
58.45
58.42
59.28
58.98
58.76
59.32
58.77
58.52
58.20
58.64
59.10
59.45
59.65
58.67
58.72
58.77
58.74
58.67
58.40
58.21
58.24
58.43
58.19
58.88
58.50
58.50
58.36
58.34
59.28
58.85
58.07
57.12
57.27
56.97
56.14
56.56
56.61
57.05
57.14
57.89
58.79
59.00
58.87
58.95
59.57
59.66
59.36
59.87
60.40
60.58
60.23
60.42
60.10
60.86
61.00
61.18
61.33
61.03
60.87
60.44
60.13
59.99
60.06
60.01
60.34
60.89
60.98
60.73
60.54
60.50
59.79
59.72
59.98
59.22
59.06
60.10
60.25
59.40
60.23
60.51
59.92
58.55
56.95
55.87
54.09
54.63
54.27
55.28
55.86
57.07
57.66
57.24
56.60
56.61
57.39
58.13
58.93
59.71
60.25
59.90
59.62
59.19
59.95
59.55
59.95
59.55
59.90
60.13
59.73
59.40
