3.63218390805
-3.77525438726
-0.833577069319
-8.75366960235
3.01030927835
-0.342465753425
-1.93444384739
-0.414715719064
0.84997301673
4.67448100551
-0.965034965035
-1.97422539073
0.690226394257
3.11743772242
-0.888826185102
-2.65073478918
-1.76740420939
-2.95888976172
-2.84914779954
2.35646400208
-0.0910509885536
0.826229508197
1.58539834799
-0.252491694352
-0.251855779427
5.68786775007
3.44927536232
5.74712643678
-1.22615803815
0.670527278269
0.18320610687
3.55731225296
2.01612903226
-5.34351145038
3.77059569075
1.8064516129
3.00714404386
-2.22547108512
0.0
2.6
1.26582278481
3.04347826087
1.76991150442
4.74601408973
-5.05192747756
-7.05170157068
2.61920752183
4.49122807018
0.884955752212
-5.53419160675
-7.98461538462
3.58565737052
1.83382018825
-3.62840162652
-0.775915580385
2.48091603053
1.82995951417
1.0307591623
-0.714749837557
-3.8125
-0.0936621916953
3.12298776561
-6.93632958801
-1.38868370513
-0.820512820513
4.10311165345
0.0916030534351
-1.3257005122
-1.38166691428
3.74537607891
-1.41315909436
3.5399622404
-1.36561142148
-2.7320754717
-3.98550724638
-1.0752688172
-3.04420350292
-0.772413793103
0.7784264665
0.615384615385
2.87769784173
2.87152161042
-2.440433213
1.37607963695
1.66691471945
-2.97472924188
-0.901545506583
1.36350449666
1.38235294118
-0.3663003663
0.190839694656
-2.15455328928
-1.94366197183
1.70462684429
-0.185873605948
-3.45113197129
0.179781496335
-2.03224495326
-1.08549986599
-0.0937207122774
0.174356223176
-0.586666666667
0.50924685071
3.00938707896
5.07687844502
-0.361323890736
-0.5747952292
-1.29078014184
1.7169239648
-0.815684029765
-0.0857878181298
-4.76579520697
0.685494927338
0.178546902898
2.54929577465
-1.4709963919
1.66478555305
-2.15350635008
1.6701754386
-1.88653263564
-2.19528619529
0.0
0.337837837838
-0.148428012414
-3.27590707387
0.196155355041
-0.93276331131
2.40116741841
1.34444743211
-0.667735042735
0.254384790467
1.77135849571
6.17766203704
2.78066914498
-0.192935589196
1.50647785478
1.73180076628
1.85763346862
0.486274509804
-8.35250143761
-1.90382174588
1.3
-3.23472491015
-0.604561692773
1.56293608708
-3.27979484411
-1.21333333333
-0.292475405477
1.91031025606
1.06805422429
0.925925925926
2.55102040816
-1.27326150833
-1.29816323712
-0.59033498078
-0.559726962457
-0.502580820429
-0.432783337841
2.69444444444
0.16694490818
-0.855172413793
0.346020761246
-0.344827586207
-0.603235536057
0.648544225197
1.79800533783
0.0984251968504
1.75990842753
1.01170689406
3.05332141793
1.72727272727
-1.85873605948
-0.414630534577
-0.603473653223
0.354505169867
-0.921996194936
1.1397276495
0.550677184105
0.104290822408
-1.7420582638
0.618647812638
-3.1802624073
-4.19456209865
1.30103806228
2.84697508897
-3.60867178924
-0.328227571116
-1.77324019344
0.594594594595
0.0
0.598151169114
-2.3237285885
-0.986063633973
0.995883680786
-2.04214360042
0.496732026144
-0.893898173339
1.31250820318
-0.897502601457
-1.67540606216
0.0
0.812274368231
-5.27601367855
-3.38643067847
-0.807584269663
-2.14179360898
0.715192063675
-1.48863636364
-0.777990754313
-1.38981543251
0.211699164345
0.706912028725
1.41101502048
-2.35555555556
3.59116022099
-4.32771721176
0.409111012826
-1.15846994536
2.37189527859
-1.84493740391
-0.611220257586
1.58554163433
1.90960451977
-2.08010621819
-1.76086956522
1.44448119969
1.39758497317
-2.3793931456
-1.0796804146
-2.38195615514
2.36271442443
2.28426395939
-1.43571894714
2.15555555556
0.491290754801
-1.6472655392
1.67485484591
-1.16971970867
-0.831691836288
-0.673913043478
1.0989010989
0.685992476212
1.19807412384
-2.39344262295
-2.01327907475
0.951351351351
2.20994475138
-2.36271442443
0.0
-2.17414248021
1.20700704978
0.666666666667
4.35368043088
4.84705882353
2.02856799904
-0.22754491018
-0.595238095238
0.973674720519
1.92354814996
0.221021611002
-2.24462849598
2.53538461538
-1.9666988417
0.53372149442
0.157939497023
3.45651080945
0.785406637953
-3.59062042013
-0.449848024316
2.41563939734
-0.851851851852
-1.43587247505
-2.72253787879
0.607359771347
-0.603693181818
0.142247510669
3.06658521686
-1.34988550078
0.302224371373
-0.313328512895
2.76160990712
1.40650508602
1.9590268886
1.04800103506
-0.783055198973
-1.02909414306
1.29987129987
0.804359107421
-2.8362536241
-0.725816543612
-0.361596009975
0.564263322884
-0.499064254523
0.779580032692
2.68560361524
4.09946236559
-0.521460088247
-1.18906064209
2.07687120701
1.67283696695
1.39024051161
-2.8629304524
3.6389083275
-0.860274732899
2.59074733096
3.36962919364
-2.51040022952
1.05827776167
-3.49748181309
-2.89362858307
-2.04923486361
1.28032345013
-2.23978919631
2.22222222222
1.97775030902
-2.24221267454
-1.7154922143
-0.837477100236
-2.02564102564
-0.497512437811
1.60725858717
-2.95597484277
0.505689001264
-2.1645021645
1.95460277427
1.31595758273
6.33066159489
-0.861952861953
1.07541519194
-1.87015762757
0.0133600534402
-1.05750165235
-0.421218902198
0.489417989418
0.921105326392
-0.478278198485
-1.4403561608
-0.689206762029
0.601779173208
-1.13812726332
1.04547830633
0.76376086384
-0.977963228583
1.04084321476
-2.81690140845
-0.636132315522
1.5503875969
0.0
3.06258322237
1.48648648649
2.06896551724
-0.137741046832
-2.4062373975
1.51473799127
0.397314700644
-1.6307277628
-0.16146393972
-1.34076729059
1.86612576065
-1.1495789333
0.794933980059
2.72664359862
-0.495799476656
-0.711062491454
-1.04194857916
0.203389830508
-0.673400673401
-0.469168900804
-0.0803643182427
0.255136296495
9.83775811209
0.444444444444
1.93295077016
0.883607556368
0.984615384615
1.70552339227
-0.683760683761
-0.540958268934
0.873090115373
1.10340479193
-1.79566563467
1.38104205901
2.18088518281
2.22950819672
-0.813008130081
-2.34995236583
-2.32630272953
-4.54478164323
0.37147102526
1.30964925485
1.11111111111
1.18589249961
-0.0923218956762
0.355157504632
-0.583358919251
-1.67547169811
-2.5448661371
-0.0147080453008
0.295028765305
-0.469828219057
1.02343518244
-1.54789719626
0.928518791452
0.044234739015
-1.75286107489
-0.890165111271
-0.5
1.59651669086
-1.55736533791
1.2147505423
-2.02606970813
-0.240282685512
-0.659926986801
3.95562691578
-0.738916256158
0.465793304221
1.01455668284
1.29579982127
1.7426882861
1.36712749616
-0.306278713629
-3.54505169867
2.96577946768
2.25505443235
-2.72314674735
-1.56366344006
-1.69814082858
0.663129973475
1.51084517577
1.7503805175
2.67229254571
2.46597277822
-1.42067876875
-4.31958918592
-0.585585585586
-2.51756440281
-0.175336060783
1.15282293822
0.834575260805
-1.69938470554
-0.495626822157
0.986309436184
-0.81763761133
0.454678791434
-1.41700404858
-1.12937812723
0.923387678546
0.376538740043
4.14781297134
1.40715815234
-2.79512340172
0.463032113518
-0.0746268656716
0.767032636487
1.04863221884
0.873831059329
0.741312741313
1.4731233349
-0.607476635514
-1.27633399969
-0.535331905782
-0.0916870415648
1.0812480692
-0.735970561178
0.944126296239
0.35725380553
-0.309693403531
-0.477731545693
0.355706773894
-0.369799691834
0.479950456727
0.701590271282
-2.19579139982
-0.530866070074
-1.67039522744
0.690794413576
1.89747513389
-2.24382946896
-1.32841328413
-1.09489051095
1.28641135591
2.09842995169
0.136054421769
-1.26865671642
0.0149276011345
10.3624382208
3.72522214627
1.00103555402
-0.258220003443
1.60923561308
-2.2735042735
-1.39895499747
-0.702928870293
0.201240986081
-0.666333499917
0.133444537114
0.2843760455
0.436827956989
1.22448979592
-1.60642570281
1.23665932577
0.237731363559
1.35972461274
-1.07270560191
-0.153009180551
-0.254366627099
-0.0169548999661
0.220900594732
0.341005967604
0.721277691911
-0.631399317406
1.03448275862
-2.17574633159
1.78540772532
1.09337035751
1.15870786517
-0.0701754385965
-0.904033379694
-2.24337185588
-0.574518418385
-0.420662964833
1.69404517454
-1.61616161616
1.33060388946
0.49717126693
-1.38630600169
-0.504625735913
-1.27864496845
-0.594255529878
1.49103702463
-0.20063534526
0.945147679325
-3.28109696376
0.409768890346
-0.79674796748
1.08481262327
0.313272877164
-0.377792378449
-0.733735529105
-2.61987932677
-0.0476114902396
1.94143342501
-1.37226743258
-0.791514959633
1.072
-0.38253108065
-1.18128839187
-1.36709647351
1.46595208071
6.17573221757
1.63293077054
0.63334474495
0.585399449036
0.0516795865633
-0.257731958763
1.19979134064
0.191637630662
-0.0174185681937
-0.295241403265
-0.0347222222222
0.278551532033
0.261825798569
2.67025089606
0.995475113122
2.01255539143
1.06363127449
0.84681972149
1.89837008629
-3.42592592593
-0.971942050248
-0.89058524173
-0.0544959128065
-2.6869365388
-0.64980681419
0.743099787686
1.85619030456
1.18526622903
-0.091091273456
0.771066642188
-0.365831351747
0.607287449393
-1.73598553345
-0.485873672845
0.126126126126
-0.662251655629
0.576057605761
-1.90711636942
1.56025824964
0.269735659054
-1.81850282486
-1.49565217391
1.05448154657
0.530035335689
-2.63203165319
-0.120274914089
0.692041522491
0.486787204451
0.0347826086957
1.78792706674
0.802997858672
-1.90792928409
1.31228941302
-1.24343257443
3.40456356393
1.04300091491
-0.545950864422
3.28947368421
0.987091875475
-2.98342541436
4.66461063994
-0.211579149837
-0.0768787238132
-0.914111597791
-1.61139216788
0.77416918429
0.799390940236
0.651340996169
4.44177671068
0.969696969697
0.917431192661
-2.54321478244
-1.08097484277
0.473933649289
3.87692307692
3.90025575448
-0.761421319797
-3.23372902169
2.19619326501
4.50273224044
5.00344273583
-1.60343270099
-2.78814489572
-0.328227571116
3.84003635537
-1.10112359551
5.95238095238
1.20481927711
3.72406898275
2.45838668374
-8.33333333333
-4.18353576248
-3.34782608696
-5.07635163021
-0.103071531643
-2.19758064516
3.44108446298
0.188048474718
5.09442248573
-2.75464445868
-4.33094994893
-2.78053624628
-1.31321050568
-0.448780487805
3.16022544283
-2.75983558426
1.00830367734
1.16
-2.45805696449
1.224328594
-2.3901310717
-3.5687732342
2.35920852359
-0.208847541295
1.95509097948
2.01421800948
-0.197083169097
0.435471100554
5.53582619595
-2.5646244657
1.71842650104
-0.617283950617
-1.61943319838
-0.483481063658
0.14121444422
0.957230142566
-0.345037548204
0.942429829953
3.1051964512
0.594985125372
4.13808364682
-1.20244862265
1.08287292818
-1.41612200436
-3.77358490566
-2.15384615385
5.38261997406
1.20323780354
-1.44458818456
-1.21405750799
1.42579390797
4.58653411658
0.294584183095
-4.0652173913
0.810870041639
-0.825907411432
-2.72727272727
-4.63709677419
-2.51572327044
1.96392785571
-1.67487684729
-0.548696844993
-0.234604105572
0.987166831194
-1.38239875389
1.72311348782
-4.5738045738
-2.43407707911
1.45930776427
-1.45648967552
0.0
0.332963374029
0.707898658718
-0.959409594096
-3.21428571429
1.04655359076
-0.894134477825
1.61729965473
0.38307187158
3.82575757576
-2.11345939933
-2.58262597074
-2.10396039604
-1.82260024301
0.226165622825
-2.2781366882
-0.355751312892
-2.12236776654
2.88297509382
-2.13689482471
0.824776973573
-0.900750625521
1.92111526692
-0.0339904826649
-0.658450109742
1.1268567526
-0.306382978723
-0.423728813559
1.04469943483
2.15185444367
-0.313916986397
-1.98290598291
0.343053173242
2.53253605346
1.03056147832
-0.14194464159
-0.511915269197
-0.491832074477
-0.0175623463295
1.67857142857
-1.42580531597
0.353294470942
-2.81545064378
-1.25444990676
-1.48630594522
1.30265606496
0.220413699559
-1.33824021412
-0.050158836315
0.0167224080268
-0.016719612105
0.877045032889
0.747663551402
0.874185807336
2.85613540197
1.9777058612
0.487804878049
3.36134453782
3.45826893354
-4.85294117647
-1.78732623217
1.61438268208
-1.5887344286
-0.841389187254
1.84138559708
0.347603366264
0.459474361331
1.58700522778
-1.54411764706
0.722088502129
1.23711340206
1.42585551331
-2.42997588574
-1.80327868852
0.993377483444
1.83589359311
-0.799107972496
2.57338924895
-0.549763033175
1.24760076775
-1.32575757576
0.0947867298578
0.495332444275
1.70509591165
-0.501253132832
-0.153994225217
-0.783040488923
2.28560265677
0.827260193027
-0.955911041748
0.29348464097
0.610236220472
-2.68199233716
-1.54658619389
-2.6441424899
-0.963811602109
-2.67256637168
3.38517840805
-1.53153153153
1.89094914632
-1.089522426
-0.505871725384
1.04052573932
-1.47482014388
-2.06094768364
1.17626091606
-1.90559440559
0.651064578568
0.211602891906
1.90476190476
-0.107700592353
0.523276795381
-2.20575260279
-0.456701212015
1.46141507753
0.393630345321
-1.87851123596
-3.27729665478
1.28998968008
-0.274442538593
2.73127753304
-0.786713286713
-0.278940027894
-1.40941904435
-0.547008547009
-1.33243379997
0.559701492537
0.101867572156
0.597779675491
0.601374570447
-0.0515198351365
-1.30508474576
-0.556211023091
-0.486413955049
0.151184276835
0.13456686291
4.94263018535
3.01873067831
-0.704225352113
-0.30603060306
0.180342651037
-1.57969471069
1.0764262648
1.7896274653
-1.47535084563
-0.269154853759
-1.01243339254
-0.967458223395
-3.23404255319
-0.524889942431
1.30360205832
-0.256629597947
-1.48322939491
0.0505902192243
0.118183353031
-2.58223684211
-2.51723585057
-1.37571157495
1.5088282504
-0.938145969152
1.25583641926
-0.0643604183427
1.58548545276
-1.32258064516
1.60603080957
0.776218001652
-1.49666503986
-0.405055087492
0.948642459928
-1.21182743577
0.373013298735
0.456174649723
0.557011795544
-0.651041666667
-0.502024291498
-0.193955067076
0.226794103353
1.1801344042
-1.23037073013
3.25977933801
3.4769071095
-0.138193124892
1.57922442534
-0.921418636996
1.51782562654
2.29283264127
-0.126217093401
0.325615050651
1.95499815566
0.166266395714
1.15866193235
-1.30947989672
-3.0053667263
0.557654254362
0.999273255814
0.935264991748
2.07787345563
0.149981252343
-0.261780104712
-0.0186950831931
-0.428145941921
3.06983883346
1.55884645362
2.0887209071
-0.0397693378405
-0.0198807157058
0.0
1.08520900322
-1.11287758347
-1.46857254748
0.76953433307
0.158102766798
-0.78431372549
-3.04182509506
-0.359916650881
-1.69459962756
0.750469043152
-0.373831775701
0.772273497834
-1.30135712958
1.09002067281
0.244913338357
1.51080512526
1.75131348511
0.351493848858
1.10562685094
0.555886440341
-0.904977375566
-0.333333333333
0.750691426314
-1.05551211884
0.313725490196
1.77609259629
-0.238901055146
0.259481037924
0.240096038415
2.02082057563
-0.990299110752
-0.462683564675
0.0201207243461
1.65678052772
-0.407414952129
0.945918157516
0.558312655087
-1.12451441423
6.97725284339
0.483516483516
1.58517526234
-0.200534759358
-0.0890471950134
0.0
2.23031406463
-0.700564971751
-0.984560304319
2.05526375885
0.898617511521
-0.45871559633
-0.751195083087
1.22119815668
-1.07134716207
-0.858757062147
-3.38427947598
-1.67453842851
1.08506944444
-0.151679306609
0.0
2.19220549159
6.98886519782
0.285103349964
1.61757605022
0.975134080936
1.03448275862
-3.51711026616
-0.988235294118
-2.58996103598
0.785400785401
0.510796377989
-1.17026158788
0.0459136822773
0.950173812283
-1.03211009174
-0.114547537228
-0.114416475973
-0.974393836392
0.0680272108844
-1.12107623318
0.541027953111
0.339289753449
-1.25083761447
-0.378282153983
-0.354767184035
-1.29131100897
0.417582417582
-1.51515151515
-1.80658873539
-1.97916666667
0.481473728281
-0.125444281831
-0.51996672213
2.01570125186
2.67973856209
0.503612874973
-1.33938215597
0.783801436969
-0.562892400953
0.45672031318
-0.583783783784
0.303621774019
0.720838794233
-3.00847457627
-0.337837837838
-1.12734864301
-0.787075393538
1.42857142857
-0.977740794674
-0.886597938144
-0.899060073559
0.410340582684
-0.0410172272354
1.22482873158
-0.47520661157
-0.452488687783
0.641689091285
-1.16612111293
0.0409332787556
-0.448247758761
0.450266066312
1.13848064583
-0.473836011537
0.0824742268041
1.27375234913
0.524769101595
-0.915141430948
-0.763673890609
1.46596858639
1.35852260667
-1.40226035998
-0.665280665281
0.90203482274
0.824873096447
2.44853737811
2.57835074461
-0.354374307863
0.66889632107
-0.576368876081
1.62198693399
-0.403859098048
1.82773589216
0.435979807251
-0.841865756542
2.18553824692
-1.55642023346
-0.704545454545
-1.27888714382
1.06575963719
-0.20366598778
-1.33958472873
-0.599201065246
-0.507838374917
0.31007751938
0.691347011597
0.470535514228
-0.579193584317
0.695379093764
-1.8926056338
-3.27799063431
-0.212404418012
0.29825308905
1.57974464402
-0.623655913978
-0.513478818999
-0.0427715996578
0.257289879931
-1.29100529101
-0.400505902192
0.9791400596
-0.0425531914894
-1.46750524109
-0.313479623824
0.0836645053336
-0.623570983164
0.838398658562
2.14086919289
0.668103448276
-0.960512273212
1.62689804772
-0.753498385361
-0.407375643225
-0.448239060832
0.88285960379
-0.129032258065
-0.193174500966
0.735135135135
-1.23852231476
-0.191815856778
-1.0752688172
0.274841437632
-2.19189412738
1.10809115618
-0.312630262609
-0.45643153527
0.312174817898
-0.661567087037
1.08672936259
0.14650481373
1.8763326226
-2.1897810219
-0.270382695507
-0.496688741722
-0.0827129859388
0.855057351408
0.756461441479
-0.460154779335
-0.208724692131
1.93617021277
-0.296987696224
-0.443505807814
-0.315789473684
0.956429330499
0.405463081519
0.557939914163
0.626214640466
0.849303135889
0.130832969908
0.416028027151
0.2634467618
-0.284588441331
2.16953701633
-0.200892857143
0.787401574803
-0.84764666518
0.538237272931
-1.6975308642
0.44286979628
0.355555555556
-0.088809946714
0.0444247001333
-0.837004405286
0.110253583241
-0.263910270508
1.337196345
-0.0668151447661
1.05784379923
1.90366972477
-1.06648513728
-1.29899216125
-0.777777777778
0.468854655057
0.448531060776
-1.06500998447
0.222370469202
-1.83366077276
0.858652575958
-1.43229166667
-0.302899177845
-0.280474649407
0.717079530639
2.15316315205
-0.221483942414
0.48965056755
-0.0889481876807
0.965424337674
-1.21978265691
-0.857519788918
-0.655307994758
0.306748466258
0.839593460009
-1.11426698711
0.704070407041
-0.219538968167
0.330396475771
0.486941124391
0.466977985324
0.671591672263
-0.379125780553
0.201117318436
1.08425570364
0.385487528345
-0.80971659919
-1.02404274265
-0.332815620146
36.5757575758
-0.930651456019
-2.68770084721
2.39306012564
5.55730975687
2.22724338283
2.10942649967
-1.30123617437
-0.356564019449
2.59394745594
-0.397482610136
-1.01639344262
-1.29449838188
-0.834403080873
-0.764331210191
0.447856685861
2.29057591623
0.22958346999
-0.554468362688
-1.79372197309
-1.10864745011
0.830405621207
10.7142857143
5.5223880597
-3.83925367779
3.14581791266
3.09042350248
-1.35491155438
2.19230769231
-1.55244225672
0.994263862333
-1.13421550095
-2.36249538575
-1.4192139738
0.512070226774
-0.0730994152047
0.884955752212
-0.0368595650571
-0.0368459837878
-0.293901542983
-1.73285198556
0.108420672208
-1.24910778016
1.08225108225
-3.07692307692
-0.278940027894
1.99146514936
0.824668339907
-2.7884280237
-0.139227288549
-0.0347947112039
-1.06712564544
-1.92437542201
-2.82152230971
-4.12079270211
0.633111744223
0.253887654713
-1.46966854284
-0.744878957169
-0.247678018576
1.09546165884
-0.776397515528
-0.124069478908
0.0620732464308
0.248911014312
2.81509916827
0.417603597816
-0.67007019783
-0.697084917617
1.38130420816
-1.1746031746
1.05871029836
0.289575289575
1.40293637847
-0.712666018788
-1.37380191693
0.902643455835
0.943703221608
1.2187088274
1.70854271357
-3.55411954766
-0.705806865576
-0.0320718409237
11.2776588151
-0.106951871658
0.790513833992
-2.21363316936
0.17599436818
0.21164021164
-0.281392894829
-1.28472222222
0.348432055749
-0.208623087622
-1.54056829853
-0.680040802448
0.204429301533
1.13714679531
0.589254766031
-11.5302054584
4.48574174944
-1.73173803526
-0.718974679587
0.282131661442
0.630914826498
-1.33831310302
1.67721518987
0.0633312222926
-0.315656565657
-0.0630914826498
-0.094547746612
-0.314169022934
-1.02611940299
0.0
-0.40260142459
0.90625
0.946372239748
-0.063051702396
-0.998751560549
0.628140703518
-0.437773608505
-0.249532127261
0.596171948541
0.346347607053
-0.781005935645
-1.32552404439
0.21624961384
0.185701021356
-0.584615384615
-1.63438256659
0.456065673457
-1.79157957599
0.4800480048
0.573325286663
-1.98166223011
-2.05677867903
-0.747556066705
-0.0574712643678
1.07464420563
-0.720876585928
1.79043146463
-0.61260210035
0.233918128655
0.825471698113
0.952380952381
0.328456255599
-0.887836638059
-0.324483775811
-0.294117647059
-1.22022080186
-1.46006298311
0.517985611511
1.72716627635
-0.116959064328
0.944510035419
1.13432835821
-0.416171224732
0.537955768081
0.0298953662182
1.33292941533
0.182094081942
0.487953644404
0.521152667075
-0.0306466441925
-0.335980452046
0.614628149969
0.587326120556
-0.308166409861
0.0308261405672
0.776638707673
-0.124107973937
0.436272982237
0.187324383391
-0.155860349127
1.42269996838
0.893141945774
-0.127429117553
-0.507131537242
-0.723725613593
-0.376175548589
-0.3125
-0.682805710739
0.34257240735
0.375117224133
0.0312695434647
2.336
2.29132569558
0.16393442623
-1.51759767517
0.454103146286
0.0974025974026
-0.837089504185
-0.128617363344
1.76701570681
1.93462308205
-3.29032258065
-0.768245838668
-1.13924050633
-0.0632511068944
-0.908806016923
0.0
0.0941028858218
-0.219092331768
0.313971742543
1.4977692798
0.770712909441
1.30123617437
0.162919517758
-1.69762972454
-0.223713646532
0.740502253703
1.23859191656
-0.0325839035517
-0.421804023361
1.58206987475
-1.04370515329
0.689655172414
-1.71078114913
-0.609560474816
0.257317465423
1.76759410802
-0.358773646445
1.18811881188
-0.850785340314
0.493258796449
8.3749109052
0.609537468627
1.12400290065
-0.898311174991
0.216060496939
0.397686189443
-1.63584637269
-0.600919052669
0.212539851222
-0.633579725449
-1.45681581686
-0.55191445326
-0.888888888889
0.205549845838
-0.409416581372
0.514403292181
1.70910359261
-0.104529616725
-0.208623087622
-0.484429065744
0.87260034904
1.66784953868
1.36690647482
0.724637681159
-0.0724112961622
-0.754581386992
1.38433515483
-0.254360465116
0.732064421669
0.404263138552
-0.146788990826
0.183823529412
1.15284492376
0.223630264629
3.79110251451
-3.90334572491
0.560747663551
-0.112023898432
-0.111898545319
-1.28865979381
0.295420974889
0.110905730129
0.482912332838
0.0
2.82658517953
-3.03703703704
-0.0740192450037
-0.625229863921
1.0029717682
-2.25127087872
-2.40963855422
-1.05189340813
0.387187609996
-3.62957937585
0.889801505818
-0.780984719864
0.272386789241
-0.743494423792
-1.4652014652
0.0
-0.661594442607
0.699533644237
0.805910006716
0.574130361364
-2.66272189349
-0.164095831966
-0.131104555883
-0.973709834469
-0.548741123305
4.80378890392
-1.53231179214
2.10884353741
-0.943396226415
-0.967634300968
-0.464961806709
-0.0663790242283
-0.528227137669
2.05525606469
1.88808788191
2.5343189018
-1.6955017301
-1.02739726027
-1.91467920726
-0.799733422193
-6.94573643411
0.812753985621
0.187911055434
-0.249921899406
-0.590062111801
0.814026299311
0.0940144155437
-1.3601236476
1.69757937755
-2.87022900763
-1.14699667975
-0.150693188668
0.18115942029
-1.60427807487
0.990099009901
-0.388523610281
-0.0597371565113
0.0298775022408
0.782896717856
0.544959128065
-0.870348139256
0.210526315789
1.27931769723
0.152532031727
-1.23531184092
-2.23858615611
-2.1613832853
0.696459663378
-0.115942028986
-0.461627236007
2.48373743347
-1.65745856354
1.65533550103
0.415553576729
-1.74978127734
-0.145602795574
0.0874380647042
0.0
-1.03836169599
-1.75687163502
-1.91773207337
-0.194174757282
1.29249789267
-0.918708240535
1.44027110986
0.883190883191
-0.735294117647
1.43430866322
-0.286041189931
-0.455580865604
-0.198920147769
0.657894736842
0.171919770774
0.634371395617
0.492610837438
-0.719217491369
-1.25
0.2849002849
-0.170648464164
-0.340136054422
-1.0101010101
-0.0560852495793
-0.6408470326
-0.938448799338
0.0828729281768
0.416088765603
0.0832870627429
1.03786816269
-0.418994413408
0.533557989329
1.07862617088
-0.508330979949
-0.197294250282
-1.41706029453
3.30080367394
1.07339715695
0.145264381174
1.05695830887
0.620384047267
-0.265173836181
0.414201183432
-1.97215777262
0.232558139535
-1.71428571429
0.748416810593
1.07652022112
0.379672897196
-0.2331002331
-0.809248554913
0.522951772225
0.525700934579
-0.696055684455
0.966325036603
-0.466336345089
-0.493039443155
0.0870827285921
0.0580888759803
-0.692241130661
0.463633729354
0.641586468358
-1.15307004901
-1.22437357631
2.27140361095
-2.2487902078
2.06275421267
0.0290613193839
-0.0871080139373
1.47318797879
-1.30851991858
-0.491898148148
4.28485214243
-0.45058576149
-1.50887573964
-0.441826215022
1.43412010756
-1.26843657817
-0.17667844523
-0.0294377391816
0.473232771369
1.31854959545
-0.86155674391
0.507614213198
-2.44683949898
-0.232490555071
-0.145095763204
-1.31729667812
-0.992344768925
0.0567375886525
0.887235260446
-0.228440890919
0.89311437626
-1.11111111111
-2.20117024241
-1.48229481197
-0.518842162753
-0.190787680567
0.0818330605565
-0.838517717068
0.407387289517
-1.20740541991
1.55313351499
-0.649702219816
2.18533886584
-0.604894143525
-0.87217225402
-1.68810289389
0.0536193029491
-0.160599571734
-4.08215661104
-0.814871403107
-2.26480836237
-1.95217179112
-0.34046692607
2.11075242116
-1.34737873591
-0.511820619059
-1.34647751863
0.580411124547
1.24877571009
-0.341630063446
-1.15774240232
0.314541495282
1.79802955665
-0.684931506849
-0.17094017094
-0.558523555124
6.05202163276
-1.745951417
-0.327868852459
-0.251572327044
-1.75481957489
0.99850224663
-0.939663699308
-1.24542124542
-0.775381633148
1.15196078431
0.616522811344
-1.0009765625
-0.510080155453
-0.555555555556
1.87007874016
-1.02289332684
-0.557035601841
-2.04033214709
2.57970309078
0.146234462588
-0.170316301703
0.735294117647
-0.922778047596
-1.81211254173
-0.0238379022646
-0.214081826832
0.190657769304
0.478927203065
-1.50943396226
0.808368996671
0.381861575179
0.551955843533
-0.762086211003
0.119217930377
1.25543215838
-1.05112279025
0.0
0.0956480153037
-0.876985067552
-1.33302151543
-1.01851851852
-1.27970749543
-0.454959053685
-1.1690647482
-0.0224769611149
-2.51971954426
-0.131291028446
-0.500762029175
-0.303885391795
-0.30296472625
0.260360164895
0.985977212971
0.484368119771
-0.547405298883
0.594713656388
0.665188470067
-1.54987993888
-0.196078431373
3.51826792963
3.40485074627
-0.556586270872
-0.782328578003
-0.979722032354
-0.588901472254
-1.11982082867
-0.909897913893
1.09939421135
0.791497060154
-0.360522757999
0.452693526483
1.28381476387
-0.114495076712
-1.9973070018
0.112334306897
-1.22059476254
0.805369127517
-1.52015862525
1.61182001343
1.63822525597
0.0455269747325
-0.181776868893
0.894085281981
0.646054453161
-0.596330275229
-0.909090909091
0.387862194844
0.735463111928
0.484988452656
0.0693321007626
1.02731730096
0.0934797849965
-1.33732995158
-0.413318025258
-0.114678899083
-0.954111767378
-2.4163156728
1.82844243792
0.022578460149
0.934366453965
-0.543970988214
-0.316312697695
-1.18329984372
-0.35595105673
-0.133303710287
-1.59597726279
0.30701754386
0.662251655629
-0.940301771266
-1.06014712246
0.478260869565
0.0217438573603
1.05471324984
1.33600534402
0.357541899441
-0.842011965433
0.894254415381
0.336473755047
-0.134408602151
0.858563036602
0.774134790528
0.228206298494
-0.0684150513113
-0.227531285552
-0.249659555152
0.410209662716
-0.903342366757
-0.494382022472
1.25142207053
1.73611111111
0.605496040987
-3.46223021583
3.01065308013
-2.19705549264
0.363719027052
-0.452591083956
-0.135593220339
-0.940228341169
1.84678522572
-1.12714156898
-0.560412463573
0.722510724769
2.12128199216
0.231107002542
0.185228062051
0.232072406591
-0.760018424689
-0.481320192528
-1.4011299435
0.181118406158
-0.629921259843
0.862264579079
0.962199312715
0.971547536433
-1.63822525597
-0.498075616935
-1.86625194401
-0.815337152931
0.022040996253
-0.373298199385
-0.240963855422
-0.457915394679
0.460021905805
-1.53149266609
-7.66779525991
-0.218600953895
0.619876024795
0.643992755082
-0.917248255234
-2.6024470771
-0.348364621637
0.135658914729
-1.50792135904
-0.0762921991226
1.09911299653
0.816485225505
0.902314633189
-0.487995315245
-0.620756547042
-0.712634822804
-0.211416490486
-0.401990811639
0.365033621518
1.89898198904
-1.76923076923
-0.153609831029
-1.02622576967
-0.132852533688
0.438429279451
-1.48356807512
-1.00390407139
-0.664819944598
-0.367985280589
1.11627906977
0.0931098696462
0.561797752809
1.30904951622
0.495710200191
0.594553126199
0.753623188406
0.602643856921
1.33963750985
0.834326579261
0.398883127244
-1.78256611166
1.65272799681
-0.88809946714
0.875970535537
-0.985610092647
0.197511356903
0.616057233704
2.15184734064
-0.0811359026369
1.54479917611
0.434422838229
-1.58794788274
-2.40413272402
-0.297147385103
1.36546184739
0.463990316724
-0.521774031708
0.0200722601365
0.727860897695
0.0809388911372
1.56185778874
-0.490797546012
-3.6832775261
-0.15732546706
0.0393468424159
1.11398448379
0.660792951542
1.21605188488
0.652794777642
-6.32524364609
1.17942768755
-3.10977894342
2.71310371368
3.69114126097
0.0
0.946626384693
-2.68522148177
-1.20061967467
2.68443030424
-2.06426484907
-0.542320356382
-1.39419404125
1.78849144635
1.10062893082
0.632911392405
1.26176647306
0.301325833668
0.646987464618
-0.322450624748
-0.720288115246
0.42194092827
-1.17156473392
-0.277227722772
-0.629673356946
1.39664804469
1.84921763869
-1.42227564103
0.523560209424
-1.01654375125
0.259792166267
1.2955465587
-2.1200713295
1.81561428283
-0.481830957639
-0.28028028028
0.563720555667
-0.381066987565
0.645942672588
0.263104634689
-2.29385010876
-1.92009309542
0.350330868042
-0.84909301428
0.270897832817
-1.14766641163
-0.608365019011
0.57361376673
1.18011220739
-1.41140568377
1.5691592406
-1.0162991371
-1.34317063942
-1.2147262194
0.677328316087
-0.895021443222
0.751455945895
0.358220211161
-0.878340497103
0.412835428786
0.490288515934
-0.730063646574
0.0561902978086
0.527207682169
-2.80014641288
-3.05180979418
0.284697508897
-1.50718541886
-0.903091351164
-0.328890427558
-0.155547874179
-0.686577411603
1.5690376569
2.35546038544
0.196674414447
-0.107161993213
3.30258302583
-1.04071572028
-2.02146690519
-0.16074298982
-2.60914941729
0.331588132635
-1.07044198895
-0.787941075711
0.223175965665
0.569751381215
2.47699929229
-1.97710718002
0.121548880014
-2.29046487954
-1.70113408939
0.0667556742323
0.943396226415
1.00391356134
0.650796369241
-1.70033670034
-0.168067226891
-1.92846546893
-0.164554879052
0.612582781457
1.13864701942
-0.117076434186
0.369313412792
0.134476382585
-0.418480080348
0.674081563869
1.36658694909
-1.03127641589
-0.987612989622
0.538539212386
1.45125490866
-0.238460228241
1.03252452246
1.2898727558
0.0872295882763
0.826737027265
-1.84737569061
-2.91652698626
-1.38842975207
0.0496113775426
-0.132122213047
1.28805620609
2.75008594019
-0.291345329906
6.34226353198
2.90697674419
3.83641674781
2.06718346253
1.51331719128
3.7037037037
-2.96446700508
2.58279525099
4.03033586132
0.108459869848
0.260983036103
-3.13882452075
3.30794341676
0.525049223365
0.0218818380744
2.62744217382
-1.72147428824
-2.62196432409
-2.18625183939
1.42857142857
-1.32547864507
0.977267898874
0.106337728626
1.92933015391
0.130236596484
-1.53879033982
0.862254796292
2.09066901408
0.530973451327
2.0316027088
0.544711756695
0.685557586837
1.17919075145
2.02878037273
1.53293413174
1.18759088706
-2.50472589792
-0.306242638398
1.24016217505
2.34317793507
-2.1027479092
-3.10257003936
0.465224470807
-0.85332103321
-2.01129943503
-0.940228341169
-0.0671140939597
-0.178651183564
0.606605257246
17.2859025033
-0.965553235908
3.2884097035
-3.28467153285
-4.1
-1.91270230505
-0.293398533007
-0.0977039570103
-1.84608007672
1.38551288284
-0.628019323671
0.436681222707
2.25750434135
2.77919428863
-1.35814889336
0.328034317436
2.90833549727
-0.284826514759
-3.37753314986
-1.84184675835
-1.73745173745
11.577813678
-2.36593059937
-2.33632862644
-1.0668021336
1.00051308363
0.360453141092
-0.435785695975
-0.204655922231
0.256476019492
-1.59010600707
1.14883839673
-1.65704243033
-0.425
0.0
-0.0499750124938
0.704579768495
1.55890621007
0.256213169357
0.748580278782
0.310719834283
-0.103466114847
-0.668036998972
-0.102669404517
2.06968823684
-0.469361147327
0.471574534975
-1.85137567498
3.73432915444
1.35171668018
1.64880461665
1.84718723762
0.932203389831
-0.365887981987
1.48528991717
0.951557093426
-0.516351118761
-2.07865168539
1.33788784515
-1.95367010885
-3.24061571699
0.13520822066
2.1546961326
-2.10924824229
-1.8837888034
-1.74661105318
0.841219768665
-1.06631989597
5.05464480874
-1.00081146876
-0.242849433351
0.162162162162
0.680272108844
-0.325467860049
0.792782941498
-0.1365001365
-0.892857142857
-1.91082802548
6.65157090292
12.7673156719
-1.38495435946
-1.39664804469
-1.40758873929
1.93387398628
-1.07991360691
-1.69851380042
0.212765957447
-1.08238123873
-0.419161676647
-3.74639769452
-1.69971671388
1.20412844037
-2.97635605007
0.111389585074
-0.71882775781
1.2031337437
-0.556483027268
-0.608407079646
1.26015121815
1.30496453901
0.887235260446
0.344629523262
-1.27587184576
0.771428571429
-1.18577075099
-0.867618247971
-1.84065934066
2.04653770676
2.41171403962
0.461494087107
1.46327187591
-0.379008746356
-3.32581736189
3.31974373908
2.44630071599
-1.38275963519
0.50266114725
3.36185819071
1.36307311028
3.69418567298
-2.50548073912
0.282663316583
1.240063593
2.27642276423
-2.28789323165
-2.78035217794
0.778331257783
5.86684245221
-3.86565272497
-1.65160486133
3.18327974277
-2.13971050975
5.79227696405
3.87275242047
1.40252454418
8.81342998855
-0.0762485703393
-10.8429639701
0.995537246825
9.67620481928
-5.78219226676
-1.08771929825
-8.06451612903
3.43677010344
6.99750089254
-2.9116117851
5.4844606947
1.97613721104
-9.66655439542
3.52161785216
-5.00165617754
-2.45557350565
3.26993660327
-3.72630902666
8.39136490251
3.08686288586
-3.6652835408
3.61877463275
1.30671506352
3.10628742515
-6.34419908868
4.39077936334
5.15582916506
-0.535782625335
3.23982615567
7.42784380306
-3.44262295082
-4.08805031447
-1.43355288648
-1.90041809198
-1.53443113772
7.52515090543
-6.85907046477
0.831443688587
5.84
-5.62476406191
-1.88888888889
2.62257696693
-2.4833209785
2.04236006051
-2.21893491124
1.65413533835
-4.69365818703
2.91297935103
-2.23503965393
-2.87114845938
-1.82193193537
-1.08806528392
0.478305432183
0.931034482759
2.47349823322
-4.39189189189
-2.63157894737
-1.93548387097
1.53946937439
1.86853520187
1.62767039674
0.442779291553
2.19282979464
0.80701754386
0.210970464135
2.22861250899
-1.06685633001
-0.248315005321
1.0756543564
1.16068190062
0.437158469945
-2.65957446809
1.47535084563
-2.04441311244
-1.42460041696
-0.552868002764
1.36602451839
0.422089342244
-5.98544973545
1.13712374582
-0.664451827243
-2.17744556386
0.391517128874
5.65322302654
-2.38896366083
1.29516019087
2.05217391304
0.489339391821
-0.104748603352
0.385559060638
1.53024911032
0.789096126255
-2.27830354013
2.22142601218
7.18125960061
7.60330578512
3.24232081911
1.69197396963
-0.517911091929
4.6522131888
-2.63852242744
8.33730347785
-5.45045045045
1.18505013674
-8.69746150645
-11.2301440709
3.28119038535
-1.50319428786
-1.29821958457
3.53302611367
-2.54491017964
-4.50321658327
0.828828828829
0.909090909091
-0.290065264685
1.54639175258
2.29755178908
-0.747663551402
-0.889218228974
-0.037037037037
2.04081632653
-0.787401574803
1.52264940997
-1.83109118087
1.74904942966
0.959692898273
1.44080996885
-2.17142857143
1.54738878143
0.466381655655
2.02220459952
7.1367884452
2.48149760557
-1.11924235902
-0.938166311301
0.0426621160409
1.16529995684
-3.05439330544
-1.40264026403
-0.246913580247
-1.29975629569
0.122000813339
-0.0812677773263
-2.38000793336
1.57131345689
1.72131147541
-2.32185748599
-2.68796260226
-1.45873320537
2.27718884963
-1.04895104895
-0.11641443539
-1.22652357225
-0.114854517611
-0.19105846389
-1.46837349398
-0.262861434472
-0.522973477774
-2.93691080493
0.181620050854
-0.613718411552
0.398695179413
3.79984951091
1.95627157652
0.53991515619
0.816485225505
0.508010941774
-2.29095074456
0.421779141104
4.48717948718
2.16946377405
-1.37262817925
-3.43079922027
-1.00347356233
2.89912629071
0.278773397053
-1.33595284872
-4.21528039142
-1.59259259259
-3.05206463196
-0.393419170243
-0.320855614973
3.85042576823
-3.15525277877
0.97755249819
-1.49786019971
3.81340244354
2.11720226843
-1.37956748695
-1.25184094256
-1.98484301696
-0.574094007894
0.686416184971
-0.930565497495
-5.76728499157
0.679117147708
-2.64462809917
-2.38786705389
0.714982125447
2.4983344437
0.502176096418
-0.233800935204
-0.233255581473
-0.033311125916
0.603217158177
0.776764606552
0.851498637602
-2.4584717608
-1.6339869281
0.890207715134
-1.33376707872
-0.774693350549
0.0
0.323834196891
0.553565613807
-2.4459974587
0.44671346522
-3.74692874693
0.184615384615
-1.36570561457
0.826193390453
-0.578034682081
1.70173267327
-0.339192106075
2.01321170179
3.18078545927
1.88492063492
-1.4983713355
-0.871811430417
-1.8383518225
-1.28285356696
-1.78242163491
-1.06415323807
0.581039755352
1.64749766864
0.499843798813
0.407779171895
0.188560653677
1.56399616981
0.0
1.03192518542
-0.768
-2.43521698408
0.565149136578
0.695542206766
1.44323284157
-1.48499210111
-0.377714825307
-2.27622270071
0.994097545822
-0.740055504163
-0.399262899263
-0.912964090079
1.35718692165
-1.45896656535
-1.2012012012
0.271002710027
-1.54165431367
0.0296559905101
3.182374541
-0.578034682081
1.3567684243
1.28044971893
-1.26426148628
1.1856474259
2.36346215267
1.22858066602
-1.0556621881
1.92370394522
-6.03553921569
-0.214001834301
0.368211107702
-2.51271313192
-0.535554894377
1.17399157134
0.727713765919
-0.36253776435
-2.09997042295
-1.39982502187
-2.41889584519
-0.53778658364
-3.09928688974
0.109829763866
0.552181115406
-0.957068635494
0.771562413888
0.2209334438
-1.81670281996
0.217391304348
0.0815882512918
0.190735694823
0.0
0.962861072902
-2.1534320323
-1.03889184869
1.26787159428
-1.85332274292
-0.605263157895
0.662251655629
1.26072961373
-0.320855614973
-0.769434863359
-0.158940397351
1.34228187919
0.702892673696
-0.804505229284
0.512129380054
0.107933081489
1.42309797482
-1.26992704674
-0.4036598493
-1.32766861391
-0.159066808059
0.053050397878
-0.396301188904
0.798934753662
-3.54482404315
-2.65066266567
1.31745629592
-2.83111767602
-0.999268827687
2.37025948104
3.11294057113
0.283797729618
0.466562986003
-0.155279503106
1.76455096129
-0.550026191723
-0.313315926893
-3.13606474456
2.11776859504
4.36657681941
1.00735093929
0.382618201694
0.329037565122
0.745856353591
-1.84381778742
-0.108342361863
-1.96494954859
0.856989823246
0.134084204881
-0.533475593492
0.996767241379
1.6707751301
-1.13728675873
0.984413453651
-0.840563991323
-1.04641803059
-0.320941428189
0.483740929858
0.188476036618
-0.93358228861
0.374832663989
0.836933045356
1.00899918189
-0.569414316703
-0.753498385361
-1.56291390728
-0.500790722193
-0.367647058824
-0.962288686606
1.02469784551
-0.626631853786
-0.519480519481
1.28913443831
0.608787718369
0.935078813786
-1.21404064397
0.6107275624
0.829986613119
-0.954653937947
0.855843808505
0.375838926174
1.25033976624
0.0271886895052
-0.513930213687
0.325644504749
0.408719346049
1.35321734328
0.471698113208
0.924110893307
-0.529247910864
-0.443704936217
3.79965457686
2.87237192775
-4.76593344614
1.31428571429
1.50812064965
-0.231481481481
-1.95744680851
0.599315068493
-0.652112276722
-1.50795867076
0.618151166058
3.85176539247
2.32905344879
-2.21897810219
2.20829603104
-0.38644470868
0.99069348544
1.30778588808
0.305064063453
1.32921174652
-0.827713059473
2.51414204903
-0.686641697878
0.564971751412
-0.623830318153
-1.11042566317
-3.56930398572
-0.207776788365
0.477184610796
-2.41559953434
0.204141149023
3.37654507085
-0.420294205944
-1.47885241053
0.296647878968
-2.71284271284
-0.602409638554
-0.456881781839
-2.77623542476
0.0277700638712
0.418293363079
0.532660499019
1.56605922551
-0.0284656988329
-0.81874647092
-0.533557989329
-0.890620651266
-0.0278241513634
1.43945808637
1.31541321132
1.53890824623
0.642898889538
-1.24098124098
-2.20152413209
-1.19910764083
-1.21212121212
0.581878636741
-0.987654320988
0.690607734807
-0.794738284461
1.61514898357
0.307262569832
0.392596747056
1.33560670645
0.0284252416145
0.88901634643
-1.13410830734
0.255827174531
1.26655152562
-0.912721049629
1.74114915844
-1.73937838608
0.717978173464
-1.05143506678
0.342172797263
0.257289879931
-1.07466063348
-1.14621190942
2.52221266839
-0.428082191781
0.114285714286
0.0857878181298
-1.60382667417
0.480633305061
1.9014693172
0.783972125436
-1.51558478696
1.53890824623
-0.2895193978
0.174013921114
-1.48571428571
0.777425856608
-1.22298065984
-1.29140932061
0.763790664781
-0.674346726609
0.366610265087
-0.977380619939
-0.748337028825
-1.55525238745
1.18718939812
-0.821467688938
0.0273897562312
0.219599231403
0.275254610515
-0.574712643678
-0.490196078431
-0.649350649351
0.818330605565
-1.8211033744
0.565580393213
-0.322147651007
0.350215517241
0.842162455854
0.573770491803
0.219058050383
-1.35062128579
0.0270197243988
0.817216017434
-0.541858574912
0.135648399349
0.600436681223
-1.39935414424
0.0269179004038
0.541271989175
-0.75208165458
1.94414019715
-1.27061367937
-0.296495956873
0.0
-0.855157669695
0.944159697869
1.67306637411
-1.29940443963
1.73505921234
0.165517241379
-0.983337885824
0.273897562312
-0.381991814461
2.66106442577
0.224592925323
1.62624821683
0.257437070938
-0.71002556092
1.44050705848
0.492182976259
1.29032258065
-1.07339715695
-2.32360442052
-0.113218228135
-0.730542287159
2.24073542086
-0.967283072546
1.03478010923
0.288267512251
0.638236147375
-1.68282943525
-0.45428733674
-0.226628895184
0.141843971631
-0.339270568278
-0.0847457627119
-0.756938603869
-0.889135871075
-0.304709141274
-1.23119015048
-0.300054555374
-0.488599348534
0.986842105263
-0.054794520548
0.884466556108
-0.110436223081
-0.192890603472
0.165608611648
0.0828729281768
-0.027616680475
0.555401277423
-0.0832408435072
0.0
-0.852819807428
-0.574398249453
-1.34916351862
-0.776439089692
0.403225806452
0.676589986468
-0.538358008075
7.09138080138
1.34385042361
1.06288751107
-0.11795930404
-0.411160058737
0.442477876106
0.295857988166
1.31894484412
0.481927710843
-0.15037593985
0.544299969761
-0.301477238468
-2.44117647059
0.53222945003
2.79635258359
0.0304043782305
-0.333333333333
-0.811541929666
0.543970988214
0.151331719128
-0.0907166616269
0.761730652041
0.0914913083257
-0.515776699029
-0.422960725076
0.76103500761
1.57699443414
0.779058896853
0.187324383391
-0.497048772911
-1.1667178385
0.33887861984
-0.36832412523
-1.57099697885
0.120992135511
0.700578738958
-0.454821103699
-0.931210573746
1.18541033435
0.519401161014
1.08091414453
1.63214061519
2.50965250965
-1.14503816794
-1.47289251018
-1.48193887002
-0.430371964341
-0.306466441925
-0.275061124694
0.460546515198
0.369799691834
-1.0067114094
-1.56156156156
0.878521660103
-0.181433323254
-0.601142170123
0.331724969843
-0.569715142429
0.0600060006001
-1.0098010098
0.238166120869
0.0893921334923
0.268897520167
-1.15180153574
-1.8835120255
1.7094017094
0.533333333333
-0.851938895417
0.0
-0.844742207981
-2.08214489447
-1.59977547011
-0.391389432485
-0.500695410292
-0.99146240705
-0.274649821478
-0.410284463895
0.855172413793
-0.384721077219
-0.246710526316
-0.788686429154
0.3822003822
-1.53225806452
0.323624595469
-0.58981233244
0.0804936946606
-0.824906865354
0.535045478866
0.863464651916
0.433604336043
0.0813669650122
0.490596892886
0.852116547554
0.469483568075
-1.4693877551
1.37931034483
0.276625172891
0.921273031826
0.731158605174
-0.0281135788586
-0.614696842693
-0.583333333333
1.5514809591
0.339654684404
-0.869809203143
1.33636622121
-0.0284252416145
-0.593387962701
-1.11763062308
0.0279485746227
0.873978009586
1.42979696883
1.21562952243
0.0579206487113
-1.08851331997
-0.541310541311
-0.538396146217
-0.870786516854
0.309946463793
-0.112580917534
-0.559753708368
-1.07973421927
1.2331838565
0.140331181589
-1.11018595615
-0.771137427706
1.05761202338
1.23978585517
-0.838222967309
0.561955605507
-1.63073521282
0.249376558603
0.557258289217
0.27940765577
1.70502983802
0.744345834526
2.34397890419
2.06339712919
1.64133738602
0.611620795107
3.77657886385
-0.630715862504
5.91182364729
-4.0999359385
4.72995639047
-4.45512820513
-0.44671346522
-2.45876128229
0.0934579439252
-0.310559006211
3.67031551835
-0.639795265515
-0.159693388694
-1.97244834064
-0.899782811046
1.16133082235
-0.187969924812
-1.66358595194
-0.733944954128
-1.2084592145
0.607902735562
1.63731850479
0.372093023256
-2.15412621359
0.549115314216
2.95226130653
-0.5
0.819155639572
-1.18306351183
-1.13881194214
-0.581395348837
1.33333333333
-0.769230769231
2.04081632653
2.31288146482
0.257648953301
-1.77159126859
-1.64903546982
0.626174076393
-2.20453153705
-0.122324159021
3.57934748179
0.701754385965
-0.34965034965
0.127307447486
-0.601075608984
-2.28748068006
1.31537738804
-1.96499846484
-0.39755351682
-0.848999393572
2.07366140514
-1.46386093321
0.768285187462
-0.792682926829
-1.64917541229
-0.536832687146
1.8839258584
-1.87835420394
-2.24424366074
-2.27855311877
1.76811594203
1.29183793306
-0.380228136882
-0.984651028092
1.49911816578
-0.874125874126
-0.435161009574
2.01242971293
-3.37432084644
-2.78009452321
0.841042893188
-0.16792611251
1.82388144771
0.717566016073
-0.314735336195
2.37258347979
0.976042590949
1.86803253992
0.0904704463209
-3.21074138938
-0.638051044084
-3.55244755245
0.196188340807
0.563697857948
0.623936471923
-0.395480225989
-0.589721988206
1.19352088662
-1.37331838565
0.762496469924
1.20034295513
-1.60292463442
-2.200220022
0.303448275862
-0.603235536057
-1.61855948206
-0.696490758103
-0.612353567625
-0.89709762533
0.397350993377
0.854929201176
-0.795123244103
0.079575596817
-1.56657963446
-0.104329681794
-1.03252452246
0.701845593969
0.208387600938
-0.33748701973
0.286383754231
-0.518000518001
0.756784968685
-1.28799587841
-0.128633907898
-0.993377483444
0.15306122449
1.10910497808
-0.0257864878803
0.258531540848
-0.257864878804
0.67497403946
-0.951401388532
1.62006793833
-0.931918198291
0.494276795005
0.18243419338
-0.078125
-0.595392182242
0.546590317543
0.707732634338
0.633078343445
-0.524796641302
-0.261711593824
0.499736980537
-0.314630309386
-1.08921161826
1.12772095463
-0.235478806907
-0.753051155544
0.811518324607
0.131061598952
-0.599270453361
0.550170290804
1.00555702567
-0.369100975481
-1.35240572172
2.69764957265
0.348432055749
-0.24064171123
-0.531914893617
-1.31233595801
-0.470219435737
0.156985871272
0.420388859695
0.0788850907179
0.369490630773
0.344279661017
0.159151193634
0.265957446809
-1.0786635096
-1.68132436627
-0.360824742268
1.2790394153
0.789265982636
-1.015625
-0.285640093482
-0.542355371901
-0.462724935733
0.0514403292181
0.387296669249
0.72821846554
-0.0779625779626
0.54873268879
1.29698253044
-0.447957839262
-1.45416774864
0.286458333333
0.104275286757
-0.955331784147
1.20198588973
0.0
-0.416341399948
-0.103977125032
0.0260010400416
-1.9877675841
-0.330200660401
0.203614151184
0.306356905795
0.849639546859
0.77841203944
-0.232979549573
1.41769493305
-0.781453503517
0.946621088614
-0.497121925693
1.27186009539
-1.2817159299
0.525900604786
0.555261766261
0.585106382979
0.373731980779
0.321371183717
-0.691489361702
0.133155792277
-0.106411279596
0.508021390374
-0.478978179883
1.07584722969
-0.747463961559
-0.106666666667
-1.05540897098
-1.12183668145
-0.338013520541
-0.0259942812581
-0.978120978121
1.171875
-1.00541376643
-0.385208012327
0.23166023166
-0.968646444048
0.0510073960724
-0.608365019011
-1.81682429069
0.980145765268
-0.673989016475
-1.15963483839
-0.368731563422
-2.5628742515
-0.238948626045
0.0956708921311
0.432380494835
0.289086966996
-1.47163541419
1.83708000967
0.388255277845
-3.96178047075
-1.28824476651
0.276816608997
-1.90088255261
0.568957669549
0.0
1.22091683944
0.323549803559
1.35863199813
0.16424213984
-1.63858758366
-3.92461197339
1.39388489209
0.701833823862
-0.248419150858
0.842632657709
-0.543601359003
-0.764216677905
1.11363636364
-0.136177939174
-0.496838301716
-0.650661880188
0.33768572715
0.0225174510246
0.794371311847
0.273099681384
1.38440239963
-0.937142857143
1.88635305077
0.0699137730133
0.257009345794
-0.742115027829
0.162601626016
0.513658650479
-0.534138411519
-0.139146567718
0.162601626016
-0.462427745665
-0.437384898711
-1.80831826401
0.431328036322
-0.474469046543
-0.15790660952
-0.449135414327
-0.291088222123
2.38422741862
-0.863636363636
-0.181488203267
-0.966075039317
-0.846513700156
-0.0445335114674
-0.509525919362
0.0665041010862
0.222172850478
-0.48640282998
0.288248337029
-0.265369305617
-0.549813063558
-0.677151594583
-0.737207285343
-0.345721694036
-0.129477772982
0.368204461772
1.25
0.3300330033
-0.372643577378
-2.08199184374
-1.22959508162
-0.46423296054
-1.18849040867
1.97746119498
1.18330464716
1.28568315537
0.0217959895379
-0.907127429806
0.32502708559
1.1396011396
-0.674793208533
-0.130434782609
0.722574994526
-0.544425087108
3.28385065227
1.41423357664
-0.476730987514
0.068150840527
0.778388278388
1.46341463415
0.584112149533
-0.626886463896
-0.622981079834
-0.505050505051
-0.751879699248
-0.880758807588
0.180995475113
0.729261622607
-1.61434977578
-0.246029970924
0.925507900677
-0.31503150315
0.0900900900901
0.0225275963055
-0.269602336554
-0.268877436702
0.337230215827
-1.57114405842
-0.15466195316
2.98065984073
0.941662838769
-0.206280082512
-1.37884267631
1.32844709116
3.55787476281
1.54142581888
0.241429261226
0.193517174649
0.339805825243
1.37795275591
-0.732779677577
-0.967585873246
-2.33876683203
0.857755539671
-0.356125356125
-0.142247510669
-0.962667292792
-0.444132772324
-1.04094378904
-0.253807106599
1.09633776534
0.775740479549
-0.491228070175
-0.535132619823
-0.509259259259
0.887435777674
-0.418604651163
-1.05844454671
1.23456790123
-1.67201099404
0.367816091954
0.578034682081
3.39469280421
2.39902080783
-1.3999517258
0.827451934777
0.219512195122
-0.437105390966
-0.483325277912
-0.168878166466
0.729040097205
-0.0971109492595
-0.555287300821
-1.89483657035
-1.03141115799
0.376470588235
-1.09378636258
1.05832549389
0.2357378595
-1.27996276472
0.561666276621
0.234576589256
-1.63820950623
0.208092485549
-0.984432234432
0.947538710423
0.698161508029
-1.58039395328
-3.06394316163
1.00919488675
0.722837135758
0.408255840327
1.05432042173
-0.160183066362
-0.951949229374
0.753596711578
-0.250569476082
0.480659189746
-1.57693174138
0.657596371882
-0.226244343891
-0.338218714769
-1.24693832109
-0.992063492063
0.0882612533098
0.421005982717
-0.769569041337
-0.0659195781147
-2.83945345858
-0.783732260114
0.212269157291
1.39905294877
-1.06473594549
0.427715996578
0.429553264605
-1.958307012
-0.897328881469
-1.46000411269
1.4181438999
1.2671594509
-1.08627532902
0.104558762024
1.74468085106
2.86714817247
-0.0874699322108
0.131377271732
1.53401511783
-0.640600839408
0.622360524561
-1.09914266872
-1.00108813928
-0.476499891705
-1.02893890675
-0.171196233683
0.776364028467
0.826266579691
1.72528201725
-4.47918867526
1.32733889959
-1.30995140503
0.360474978796
-0.965980680386
1.60017068487
-0.424899086467
0.792291220557
-3.61197110423
-2.00242718447
1.45700800328
0.267489711934
0.850798920938
-0.557160544779
1.89234650967
0.656084656085
-1.35699373695
-0.104275286757
0.313807531381
0.104712041885
0.357292980244
2.74238825308
-1.46808510638
1.27127774187
0.389357560026
-0.985221674877
-1.24788494078
1.78686759957
0.280656303972
-0.494092373792
0.0
-1.29346904156
-0.527314912466
-0.440991180176
-0.70892410342
-0.724487683709
-0.473836011537
0.0412201154163
0.601285506946
0.207770621234
1.54008438819
-0.816070307596
0.146689019279
-0.438138952639
0.334938245761
-0.83039236039
-0.65992988245
0.310302027307
0.60353798127
-0.249117708117
-0.843968711404
0.082406262876
0.0206058108387
0.185796862097
-0.226570545829
0.16505054673
0.165323413928
-0.16505054673
0.082593433822
-0.288243771876
1.25078173859
0.566037735849
0.252206809584
0.0420521446594
0.210703750527
-0.732064421669
0.167609469935
0.230995380092
1.08257270219
0.0424718623912
-0.0212314225053
-0.401776274054
0.169455623809
-0.985738255034
0.357819406441
0.0421141292904
-0.523669878509
-0.500208420175
-0.332363938513
0.606060606061
0.125549278092
-0.830047727744
0.374921891273
-0.805785123967
0.290095317033
0.52072484899
0.69211409396
0.315590153587
-0.293685756241
-0.0209731543624
-0.230173676501
0.378071833648
-2.31842429216
0.764936944387
0.0206782464847
0.269541778976
0.709960325746
0.293193717277
1.01544319865
-0.463255422194
0.422922393741
1.1550802139
0.386514923771
-1.27199491202
0.127361494375
1.07273117357
0.215007525263
0.0860770389499
-0.193298969072
0.735612289052
-0.687580575849
2.62403528115
-0.504607283896
0.751547303271
0.332667997339
-0.309529073624
-1.07174103237
0.793650793651
-1.30548302872
0.305543430816
-2.09401709402
-0.425531914894
-1.23975625131
0.528094634559
-1.00376411543
-0.520074890784
0.124973963758
-0.124817973788
-0.12466237274
-1.0078157137
-0.65386187168
-1.44985904148
0.161355385236
-0.501705799719
0.0
-0.697489039458
0.844051446945
0.912593794362
1.02438024995
-1.1743267868
-0.343018563358
0.262998179243
0.980592441267
1.30380794702
-0.124018189334
0.603035974215
0.396659707724
-2.04498977505
0.225456036073
-1.07461476075
-0.0810372771475
-0.101194090265
-0.623491552695
-0.140590480016
-0.300360432519
-0.21978021978
1.1315417256
-0.482606072793
-0.0201045436269
-0.738375573738
0.642699337216
0.545234248788
-0.721732157177
-6.09939759036
0.22641509434
0.913937547601
0.0380952380952
1.05871029836
0.23152614316
0.934761441091
-0.484496124031
-0.731050404002
-1.04702075005
-0.64308681672
1.26412564643
-2.4294524388
1.01944496885
1.7089093702
-2.67239768268
-0.0373622267887
-0.446345545843
-1.82581705313
-0.218619056294
-1.45421903052
1.27272727273
-0.181488203267
-0.613275613276
-0.448913629018
1.18095930233
-1.37968106074
-0.392646796359
-0.266998932004
0.482918976927
-0.639772525324
-0.688316272503
-0.579048955957
1.01028004254
-1.12162635822
0.316455696203
-0.663639538945
-0.365408038977
0.261688764829
1.11130710884
-0.21123041718
1.82828463882
0.16157989228
-0.99537859936
-0.177430801987
0.660832291481
0.719553876597
1.70142700329
1.63629602083
-2.5548106541
-1.48161370939
0.520366050601
-0.446588067167
-1.39158005989
0.70959730353
-0.159404888417
0.444760718733
0.160370634355
1.68508787824
0.272529069767
-3.60770577933
2.23813786929
-0.125178826896
0.629836242577
-0.85637823372
-0.37326697476
-0.371878873738
-1.36244541485
-0.900121170158
0.469565217391
-0.0521467060664
0.506638714186
0.988002822865
-3.47411444142
0.273224043716
-1.77792687018
2.40467193404
-0.699300699301
2.66153037997
2.27435530086
1.84205726792
-0.688281108495
-0.144691625972
-0.825112107623
-1.09987582047
0.858829844337
0.0357973867908
-0.851818988465
0.625
-1.02509720749
0.15932023367
-0.56328111248
0.21167754454
0.514184397163
-2.25303292894
-0.276529554096
-0.12083549111
0.0345363495079
-0.0345244260314
-0.292598967298
0.432152117545
-0.15533310321
-0.940331680629
-0.544125148784
0.874785591767
0.103021978022
0.292750129154
0.0172235618326
-0.599212463619
0.188679245283
-1.0522742702
0.717948717949
1.00138121547
-1.59700985389
0.563813429011
1.73822353555
-0.553154710458
-1.12801230559
-0.914479254869
-0.253378378378
1.16199589884
0.601684717208
-0.64901793339
-0.0512120177535
0.239561943874
0.44688896528
0.466240718356
-0.412725709372
0.954861111111
-1.26842646555
0.586206896552
-0.735923327058
0.550679745311
-0.171791788353
0.103181427343
0.310505433845
-1.04131102765
0.8608815427
2.36164962989
-0.105633802817
-0.455660708027
1.83830091023
0.178794922224
0.521207764198
-1.6091954023
-0.194140487116
-0.648781343153
-1.41745894555
-1.5821708064
0.290052891998
0.325231085245
-0.831777287388
-0.95830531271
1.07051826678
-0.540814601994
-0.937552318768
-0.78073089701
-0.132714001327
0.466666666667
-0.182997837298
0.53520655628
-1.14087301587
0.665778961385
-1.79797319385
0.21294021294
0.809114927345
-0.329163923634
1.09816971714
0.923593618808
0.0504032258064
-0.783463910652
0.183700734803
-0.712982921572
-0.297569846256
-0.148563882469
0.497677504977
-0.132538104705
1.20724346076
0.420946287254
-0.0336643662683
0.219298245614
0.970873786408
-0.237892948173
-1.75292153589
0.537092984223
1.91583989052
-2.8580923895
1.63823678433
0.937606546198
4.48877805486
-0.337298064974
2.92344235337
2.43309002433
-1.09218807849
-0.0555041628122
-1.95900598585
-0.684561340299
-1.97775030902
-1.70109356015
2.05491585474
1.07430617726
-0.622775800712
-1.93683475833
-1.08733172247
-1.66327223354
-0.757958564932
-0.335739466174
0.523118461019
-0.134816312774
0.901207277674
-0.943237325248
0.101163378857
-0.38629492778
0.795666158795
-0.655903128153
-0.717982968776
0.41918175721
0.437857864601
