29.25
30.00
31.62
32.94
31.62
34.00
35.87
35.94
33.81
34.81
33.56
34.50
34.75
33.63
32.75
36.50
37.44
36.63
37.13
36.44
36.31
36.00
37.56
37.88
38.13
37.94
37.56
37.69
36.94
37.37
37.00
36.88
36.88
36.38
35.44
33.38
34.06
33.06
32.00
32.75
34.00
34.62
34.88
36.50
36.00
35.94
34.94
35.75
35.13
34.75
34.13
34.81
35.31
37.69
39.44
39.75
40.50
41.56
41.44
41.75
40.94
40.81
40.25
41.25
41.81
40.75
40.00
40.50
41.00
41.75
42.50
40.06
39.25
38.75
38.75
40.00
40.94
41.44
40.25
40.75
42.25
42.25
43.62
42.00
42.00
41.25
39.69
39.56
40.56
40.75
41.06
41.13
40.81
41.25
42.19
42.25
41.19
41.06
40.69
40.06
39.31
39.81
40.62
41.87
42.19
41.75
40.44
40.62
40.88
40.19
40.50
41.56
40.72
40.44
40.88
42.00
41.19
41.94
41.75
41.75
41.31
39.63
40.50
40.00
39.16
39.44
38.69
38.56
38.06
37.50
38.00
37.75
36.06
36.25
37.13
37.44
36.19
36.44
37.50
38.63
37.25
36.63
37.50
38.06
38.00
38.00
39.00
39.56
40.13
42.50
42.00
41.38
41.38
40.69
40.50
40.62
40.94
40.37
39.88
40.00
39.12
38.44
37.94
37.62
38.00
38.13
38.06
38.44
38.38
38.95
39.00
38.81
40.00
40.69
40.19
39.75
38.81
39.44
39.38
39.06
38.44
38.31
37.19
37.13
37.44
37.56
37.69
37.75
38.81
38.50
39.50
39.63
40.00
41.25
40.69
41.13
41.38
40.25
39.00
39.12
37.88
35.44
35.50
34.94
36.38
36.19
35.69
34.81
34.81
34.31
34.88
35.81
36.63
37.31
38.06
37.19
37.13
33.50
31.19
31.31
30.63
31.13
31.81
30.88
30.19
29.50
29.31
29.06
29.75
29.94
29.87
28.81
29.13
29.87
29.44
31.13
31.44
30.63
30.94
30.38
30.31
29.75
29.00
29.38
29.31
27.75
27.06
27.44
26.75
26.94
28.31
28.75
28.44
28.00
31.06
31.94
31.50
30.12
30.12
30.38
29.75
31.81
33.06
33.38
33.12
31.31
31.13
30.00
30.50
29.94
29.57
30.82
30.90
30.45
31.25
30.75
31.00
31.61
31.08
32.13
31.95
32.51
31.50
31.25
32.41
32.01
31.15
31.51
31.00
30.30
31.12
30.75
30.95
30.20
29.99
29.53
29.90
29.98
29.85
29.39
27.51
28.02
27.09
27.99
27.52
28.01
26.91
27.38
26.97
27.82
27.92
28.51
28.36
28.10
28.60
27.73
27.10
27.17
28.08
28.49
28.66
29.25
28.63
29.09
29.16
30.00
31.90
31.67
31.36
29.99
28.85
31.00
31.52
30.93
30.28
30.70
31.25
30.96
30.91
30.98
30.33
30.23
31.08
31.27
30.95
31.10
32.06
32.51
33.50
34.28
34.36
33.11
33.01
32.64
32.45
31.78
31.62
31.72
31.62
31.36
31.60
32.15
31.75
31.51
31.43
30.80
29.80
29.55
29.03
28.85
29.25
30.00
29.19
28.98
28.25
28.15
28.34
28.89
28.73
28.35
28.12
27.71
27.69
27.10
28.00
27.62
28.19
27.60
27.75
27.01
27.15
27.00
26.88
26.15
26.47
26.90
27.27
26.62
26.55
27.05
27.10
26.70
26.83
27.27
27.02
27.05
27.40
27.24
27.00
26.50
26.45
25.70
25.98
25.80
25.90
26.17
26.80
26.40
25.88
25.36
24.56
25.10
25.46
25.02
24.10
23.50
19.00
19.99
18.25
17.90
16.50
18.00
17.89
17.90
17.25
18.00
18.62
18.15
19.00
19.98
19.74
19.20
18.55
18.80
19.60
19.40
19.07
19.40
19.74
18.50
18.00
18.26
18.85
18.55
18.03
18.75
18.70
18.35
18.45
18.64
19.05
19.25
18.65
18.50
18.70
18.20
19.00
18.95
19.55
19.25
20.50
21.25
21.45
21.28
21.25
21.15
21.00
21.00
20.46
20.52
20.47
20.10
20.50
21.90
22.50
22.00
21.74
22.40
22.00
21.30
21.25
21.00
20.90
20.71
20.75
20.95
20.50
20.75
21.00
20.95
20.90
22.10
22.48
22.95
23.25
22.87
22.22
21.85
21.56
21.45
21.48
20.85
21.20
21.40
21.06
21.70
21.45
22.60
22.18
21.25
21.40
22.45
22.46
21.50
21.65
21.63
22.55
23.26
23.50
23.25
24.00
24.19
23.70
23.20
24.10
23.49
23.92
24.47
24.05
23.75
22.95
24.00
23.50
24.00
24.15
24.00
23.60
23.82
23.71
23.39
23.97
24.48
24.92
24.15
24.00
23.65
23.70
23.05
22.77
23.15
22.65
22.80
22.76
22.44
22.71
22.75
23.20
23.45
23.90
23.48
24.00
24.10
24.00
24.13
24.75
25.00
24.69
24.70
24.25
24.50
23.90
23.02
23.43
24.45
23.80
23.37
22.90
23.00
23.60
23.55
23.45
24.00
24.10
24.65
24.30
24.60
24.48
23.75
23.70
23.95
23.80
23.55
22.75
23.00
23.00
22.25
22.24
22.40
21.25
21.75
22.00
21.54
21.00
20.50
21.00
21.75
21.25
20.75
19.30
19.25
19.65
18.65
19.40
18.80
18.90
18.17
18.50
19.10
19.60
19.00
18.85
18.00
18.30
18.05
17.25
18.05
18.00
17.02
16.55
15.95
15.15
16.43
16.30
16.50
17.35
17.60
17.44
15.16
15.06
14.70
14.55
13.95
14.35
14.60
14.00
13.80
14.50
15.40
16.20
16.65
16.60
16.92
17.05
16.83
16.71
15.95
15.10
15.80
15.58
14.98
15.04
14.97
15.33
15.90
16.40
16.10
15.50
15.50
16.12
15.66
15.25
14.95
14.90
14.65
15.10
15.47
15.75
15.05
15.25
15.70
16.55
16.05
15.05
14.15
14.32
14.30
15.85
15.35
16.40
16.40
16.75
16.25
16.75
17.20
17.00
17.95
17.35
18.00
17.13
16.75
16.74
16.75
18.15
18.20
18.70
18.70
17.06
17.60
17.37
17.54
18.18
18.25
18.65
18.20
18.00
18.55
19.55
19.55
19.05
19.45
19.75
19.90
19.00
17.44
17.73
17.25
17.13
16.65
16.65
16.72
16.52
16.65
16.85
17.04
16.42
16.55
16.50
16.30
16.45
16.40
15.66
15.95
16.80
17.26
17.47
18.20
18.06
17.80
18.08
18.40
18.15
18.30
18.20
18.05
18.00
17.15
17.32
17.60
16.90
16.80
16.86
17.06
16.80
17.66
17.13
17.05
16.90
16.70
16.33
16.50
16.27
16.15
15.95
16.85
17.25
16.77
16.99
16.88
16.30
16.60
16.70
16.75
17.10
16.80
15.80
15.79
15.41
15.50
15.32
15.01
15.40
16.28
16.19
17.01
16.65
16.57
17.43
17.91
17.49
17.85
17.35
17.58
17.30
17.02
17.36
18.00
17.60
18.00
17.74
17.20
17.20
17.50
17.60
18.05
18.31
17.99
18.40
18.25
18.82
18.95
18.70
18.27
18.54
18.40
18.70
18.72
18.89
18.49
18.46
18.26
18.25
18.66
18.74
18.76
18.38
18.23
18.25
17.90
18.30
17.95
18.25
18.16
19.00
19.85
19.35
19.90
20.00
20.00
20.50
21.05
21.25
20.57
20.85
20.75
20.95
20.34
20.98
21.00
20.68
20.39
20.18
19.86
19.71
19.14
19.55
20.00
19.76
20.00
19.96
20.25
20.27
20.47
20.61
20.56
20.95
21.60
21.44
21.05
20.97
20.80
20.50
20.83
20.85
20.97
21.70
21.99
22.05
22.00
22.38
22.39
22.10
21.55
21.51
21.72
21.84
22.07
22.49
22.50
22.63
22.48
22.40
21.80
21.97
21.75
21.20
21.13
20.86
20.80
20.32
20.73
21.20
21.18
21.43
21.12
20.95
20.87
20.56
20.43
20.00
20.20
20.36
20.30
20.35
20.15
20.12
20.13
20.32
20.33
20.02
20.15
20.42
20.83
21.30
21.25
21.07
21.63
21.95
21.60
21.75
21.46
21.95
21.65
21.98
21.70
21.70
21.70
21.62
21.85
21.84
22.30
22.54
22.85
22.85
22.85
22.80
22.75
22.90
23.45
23.30
23.05
23.12
23.40
23.27
22.81
23.15
22.75
22.57
22.74
22.62
22.80
23.20
23.07
23.09
22.85
22.56
22.01
22.00
21.60
21.98
22.15
22.38
22.64
22.98
22.89
22.88
22.94
22.68
23.07
23.35
23.33
23.37
23.16
23.43
23.31
23.49
23.67
24.00
24.48
24.60
24.75
24.78
24.81
24.88
24.93
24.93
24.80
24.31
24.58
24.70
23.92
24.43
24.07
23.80
23.72
23.80
23.43
23.06
23.30
23.10
23.35
23.85
27.92
27.95
27.60
27.40
26.80
27.00
26.99
26.55
26.39
26.00
26.55
26.88
26.80
26.70
26.70
26.66
26.76
26.55
26.24
26.15
25.45
25.18
25.40
25.35
25.46
25.85
25.74
25.10
25.10
25.10
24.98
25.00
25.15
25.15
25.23
25.10
25.88
25.82
26.30
26.34
26.49
25.85
25.65
24.90
25.15
24.70
24.62
25.06
24.70
25.10
24.88
24.72
24.50
23.75
24.20
23.70
23.18
22.95
23.00
22.81
22.55
22.11
22.60
22.99
23.38
23.35
22.95
23.09
23.08
22.91
23.20
22.90
23.20
23.66
23.85
23.80
23.80
23.95
24.25
24.15
24.25
24.45
24.60
24.52
24.55
24.72
24.65
24.77
24.87
24.90
24.77
24.81
24.70
25.20
25.19
25.25
25.50
25.34
25.35
25.27
24.75
24.65
24.60
24.57
24.15
24.07
24.15
24.09
23.40
23.43
23.90
23.15
23.28
22.95
22.95
22.90
22.90
22.90
23.10
23.02
22.60
22.65
22.03
21.99
21.98
22.22
21.50
21.15
21.00
21.55
21.95
22.20
22.25
22.35
22.40
22.21
22.57
22.60
22.50
22.53
22.46
22.35
22.50
22.36
22.86
22.88
23.02
23.21
23.32
23.25
22.93
23.65
23.26
23.30
23.28
23.20
23.20
23.26
23.15
22.61
22.55
22.56
23.74
23.58
23.97
24.37
24.75
24.85
24.65
24.83
25.01
24.82
25.00
25.05
24.78
24.72
25.10
24.41
24.50
24.76
24.97
25.00
25.13
24.97
25.90
25.73
26.32
26.15
26.00
26.40
26.80
26.55
26.86
26.55
26.55
26.47
26.90
26.68
27.20
27.40
27.23
27.34
26.98
26.97
27.68
27.52
27.37
27.24
27.07
27.20
27.01
27.64
27.73
27.50
27.60
27.56
27.43
27.37
27.57
27.56
27.66
27.77
27.88
27.98
27.98
27.81
28.22
27.75
27.43
27.50
27.15
27.16
27.22
27.88
28.08
28.31
28.77
28.40
28.52
28.15
28.18
28.91
28.42
28.20
28.60
28.75
28.89
28.86
28.77
29.42
29.88
29.75
29.53
29.24
29.24
29.31
29.50
29.24
29.36
28.84
28.43
28.54
28.10
27.74
27.97
28.40
28.69
28.75
28.87
28.75
28.38
27.88
28.12
28.00
28.30
28.45
28.85
28.44
28.22
28.08
27.91
27.80
27.93
28.10
28.00
28.40
28.79
28.65
28.37
28.65
28.41
28.64
28.39
28.10
28.03
27.64
27.56
27.00
26.85
26.95
26.81
27.60
27.34
27.11
26.70
26.60
26.05
26.57
26.33
26.25
26.70
26.95
26.95
26.90
26.98
26.95
26.91
27.05
26.95
27.44
27.69
28.00
27.77
27.45
27.41
27.80
27.76
27.68
27.51
27.58
27.35
27.27
27.15
27.40
27.35
27.55
27.40
27.85
27.80
27.07
27.18
26.53
26.68
26.90
26.67
26.01
26.04
25.76
25.76
25.68
25.22
25.08
24.93
24.47
24.41
25.35
25.25
25.59
25.92
26.40
26.33
26.02
25.77
25.85
25.53
25.83
25.72
26.19
25.70
25.89
25.64
25.58
25.67
25.75
25.50
25.45
25.64
25.60
25.40
25.83
25.85
26.20
26.17
26.17
26.10
25.91
25.63
25.71
25.49
25.25
25.13
25.14
25.25
25.09
24.69
24.80
25.04
25.04
24.95
25.07
25.12
24.81
24.02
24.10
24.00
23.90
23.59
23.23
23.12
23.40
23.30
23.34
23.37
24.04
24.13
24.62
24.40
24.25
24.10
24.04
23.82
23.75
23.15
23.41
23.24
23.49
23.22
23.33
23.10
22.98
23.17
23.55
23.76
23.53
24.00
24.28
24.60
24.98
25.00
25.00
25.17
25.16
25.40
25.71
25.80
25.93
26.02
25.74
25.50
25.05
24.92
25.13
25.02
25.19
25.06
25.10
25.05
24.89
24.82
25.15
25.50
25.33
25.08
25.29
25.10
25.05
25.00
24.90
24.32
24.52
24.27
24.12
23.95
24.34
24.11
24.18
24.15
24.08
24.50
24.13
24.65
24.85
25.02
25.38
25.65
25.61
25.83
25.23
24.91
26.10
25.75
25.60
26.19
25.50
25.16
25.22
25.50
25.15
25.15
24.98
25.20
25.57
26.66
26.86
26.61
26.68
26.56
26.75
26.90
27.05
26.51
27.23
27.46
27.71
28.00
28.46
28.00
28.00
27.94
28.15
27.81
27.99
28.13
28.04
28.27
28.46
28.60
28.81
28.79
28.68
28.57
28.11
27.90
27.49
27.40
27.41
27.22
27.68
27.85
27.87
27.86
27.87
27.68
27.75
27.55
27.81
27.77
27.82
27.90
27.74
28.09
27.46
27.54
26.81
27.43
27.00
27.00
27.71
28.01
27.90
27.95
28.16
28.50
29.30
28.85
29.80
29.85
29.80
29.75
29.97
30.28
29.76
29.70
30.10
30.10
30.31
30.30
30.33
30.46
30.35
30.50
30.61
30.62
30.89
30.53
30.45
29.92
28.40
28.52
28.00
28.64
29.39
29.43
29.02
29.17
29.13
29.20
29.07
29.58
29.41
29.58
29.88
30.19
29.82
30.06
29.90
30.15
29.90
30.25
29.30
28.55
28.16
28.47
29.04
29.24
28.91
28.56
29.20
29.45
29.64
29.38
29.55
29.65
29.33
29.51
30.08
29.90
29.50
30.00
28.75
29.62
29.53
29.65
29.71
29.60
29.97
29.90
29.97
29.62
29.17
28.80
28.93
29.40
29.23
29.50
29.82
29.82
29.72
29.42
30.05
29.40
29.75
30.25
30.27
30.50
30.12
30.12
30.61
30.90
30.57
30.29
30.27
30.91
31.00
30.95
30.79
30.48
30.85
31.06
31.07
31.30
31.30
31.20
31.35
31.18
31.05
31.02
31.23
31.44
31.75
31.20
31.14
31.46
31.35
31.84
31.69
31.83
31.55
31.70
31.83
32.00
32.49
32.70
33.39
32.75
32.30
32.47
32.43
32.94
33.06
33.00
33.05
33.23
32.74
32.85
32.46
32.94
32.99
33.05
33.22
33.44
34.03
34.05
34.01
34.29
34.44
34.44
34.50
34.82
34.10
34.45
34.76
34.73
34.61
34.12
34.49
34.54
34.42
34.21
34.20
34.27
34.19
34.50
34.15
34.59
34.99
35.01
35.00
35.30
35.93
35.45
35.02
35.58
35.35
35.00
34.50
34.64
35.14
35.09
35.02
35.40
35.41
35.35
36.04
35.20
34.53
34.07
34.58
34.70
34.68
34.82
34.83
35.07
35.10
35.14
34.75
33.50
33.73
34.11
33.55
33.85
34.39
34.62
34.87
34.18
33.99
34.46
33.96
33.90
33.87
34.05
34.31
34.45
35.06
34.89
35.00
34.59
34.69
34.42
34.40
34.57
34.84
34.62
34.91
34.97
34.94
34.60
34.67
34.80
34.93
35.05
34.95
35.19
35.20
35.10
35.07
35.17
35.00
35.02
35.09
35.45
35.73
35.75
35.98
36.17
36.05
35.84
35.74
36.07
36.13
36.13
35.96
36.11
36.00
36.70
36.27
36.56
35.91
36.05
35.36
35.90
35.41
35.58
35.76
35.26
34.77
34.01
34.28
34.10
33.50
33.41
34.10
34.50
34.51
34.76
34.13
34.01
34.11
34.20
33.80
34.25
33.89
34.38
34.54
34.50
34.59
34.54
34.17
33.76
34.11
34.10
34.21
34.44
34.56
34.66
34.46
34.45
34.95
34.91
34.76
34.14
33.98
34.01
32.88
33.98
34.14
34.00
33.95
34.60
33.83
32.57
33.34
33.24
32.30
31.35
33.38
32.78
32.71
33.58
33.75
33.27
33.74
33.75
33.30
33.57
33.74
33.51
33.84
34.22
33.93
33.59
33.63
33.53
33.80
33.32
33.36
33.54
34.81
34.67
34.06
34.60
34.20
34.27
34.48
34.26
34.38
34.65
34.60
34.89
35.09
35.47
35.16
35.45
35.50
35.20
35.37
35.13
35.26
35.31
34.55
33.68
34.82
34.55
34.98
34.62
34.49
34.48
34.01
34.51
34.26
33.40
33.86
33.53
33.44
32.81
32.00
32.22
33.14
31.80
32.59
32.26
31.47
31.35
31.65
31.91
31.38
31.89
32.65
33.49
33.06
32.91
32.50
32.74
32.72
32.82
32.35
32.27
32.08
32.90
32.87
32.91
32.96
32.43
32.65
32.96
33.03
32.64
32.77
32.42
32.32
31.88
31.00
31.38
31.25
30.57
29.90
30.45
30.50
30.22
29.66
29.90
29.00
27.18
27.10
28.58
29.53
28.75
28.73
29.06
29.04
30.75
31.05
30.99
31.90
31.26
31.61
32.27
32.06
32.07
32.72
32.16
32.53
31.97
32.63
32.25
32.82
32.75
32.76
32.93
32.13
32.61
32.16
31.90
31.55
31.11
30.82
31.00
31.26
31.21
31.33
30.14
30.77
31.69
31.28
32.00
31.99
31.91
31.88
31.59
31.04
31.52
32.00
31.43
31.52
31.41
31.36
31.12
30.79
31.04
30.23
30.07
30.12
30.24
30.85
31.10
31.39
31.47
31.85
32.04
32.55
32.32
32.78
32.45
33.50
33.72
33.44
34.21
34.76
34.10
34.15
34.58
34.50
34.65
34.97
34.79
34.50
33.95
33.78
33.52
33.31
33.66
33.86
33.98
33.50
33.48
33.15
34.32
34.14
33.32
32.89
33.75
33.53
33.48
33.77
33.85
32.97
32.96
32.64
32.13
32.25
32.40
32.16
31.53
31.70
30.91
31.11
30.92
30.00
30.00
29.96
29.59
29.26
29.59
28.82
29.50
30.50
31.29
30.96
30.42
30.62
31.14
31.22
31.33
30.60
31.24
30.55
30.50
30.11
30.52
31.13
31.12
31.00
31.97
32.86
32.12
31.67
32.47
32.54
31.84
31.86
31.65
32.12
31.97
31.52
31.46
31.89
32.37
32.74
32.32
32.44
31.45
31.99
32.87
32.60
32.59
32.77
32.59
31.74
32.10
32.25
34.01
33.85
32.88
32.59
32.00
31.94
32.20
30.34
30.30
30.42
30.17
28.84
27.81
25.51
25.62
22.59
23.71
27.96
25.11
23.37
23.69
24.96
26.10
24.68
22.94
21.74
22.02
21.99
23.75
24.92
25.02
25.85
25.29
25.91
24.13
21.55
23.90
21.77
21.36
20.30
21.14
20.08
19.92
20.56
19.59
19.24
21.36
22.30
21.30
22.42
22.04
20.65
20.60
21.54
21.51
23.00
24.08
23.85
23.41
22.12
22.93
23.04
23.57
23.67
23.00
22.41
22.18
21.91
22.29
22.15
21.48
22.57
22.76
23.51
23.81
23.89
23.10
23.12
22.30
21.52
20.93
20.80
21.67
21.46
20.84
20.79
20.43
21.08
20.91
21.64
21.93
21.31
20.08
20.78
19.59
18.87
18.76
19.82
19.28
18.95
18.33
18.72
18.07
17.95
17.78
17.25
17.71
17.11
17.78
17.54
16.68
16.48
16.16
16.52
16.50
15.84
15.48
15.23
16.76
16.80
17.64
17.27
17.20
17.72
18.15
17.80
17.83
18.09
18.34
18.68
18.81
18.12
18.06
17.92
19.25
19.91
19.78
19.38
19.19
19.83
19.60
19.35
19.12
19.90
20.57
20.00
19.22
19.30
19.42
19.84
19.62
19.60
19.68
21.28
21.76
22.01
22.69
24.95
25.80
25.70
25.11
24.90
23.89
23.65
23.45
23.62
24.25
24.00
23.08
23.25
23.47
24.44
24.07
24.14
24.83
25.09
24.86
25.01
25.48
24.94
25.18
25.47
25.15
25.03
24.78
24.31
23.43
23.76
23.89
23.19
22.72
23.08
22.86
23.42
23.50
23.70
23.50
23.18
22.68
23.11
22.68
22.38
22.29
22.49
22.72
23.37
24.54
24.81
24.98
25.39
25.09
25.45
26.63
26.55
26.57
26.18
26.38
25.39
25.52
25.35
25.64
25.35
25.63
26.42
26.33
25.91
26.28
26.23
25.38
25.23
25.00
25.53
26.05
26.99
26.98
26.72
27.10
27.08
26.49
25.89
25.63
25.59
25.45
26.31
26.29
26.96
28.35
28.19
28.00
28.31
28.31
28.57
28.12
28.13
28.49
28.13
28.00
27.77
28.26
27.93
27.76
27.05
27.16
27.83
28.29
28.27
28.67
28.71
28.60
28.69
28.73
29.02
29.40
29.73
29.33
29.07
29.36
28.87
28.63
28.07
27.46
28.14
27.38
27.26
28.12
28.23
28.79
28.67
29.01
29.21
29.40
29.75
30.12
30.27
30.68
30.26
30.07
30.31
30.46
30.24
30.07
30.23
30.44
30.56
30.80
30.68
30.93
30.87
30.93
30.85
31.49
31.92
31.70
32.20
32.17
32.08
32.05
32.31
32.31
32.02
32.24
32.05
32.31
32.27
32.50
32.07
31.90
31.77
31.66
31.53
31.02
30.89
31.13
31.01
30.59
31.00
31.14
30.50
30.22
29.80
29.56
29.43
29.37
29.60
29.53
29.92
30.28
29.63
29.76
29.89
29.16
29.82
29.86
30.28
30.54
30.86
30.94
31.35
31.03
31.05
30.88
31.39
31.40
31.41
31.95
32.02
32.79
32.96
33.00
33.18
33.32
33.81
33.52
33.74
33.79
33.69
33.64
33.47
34.00
33.91
34.49
34.89
35.28
35.13
35.07
35.07
35.28
35.24
35.39
35.28
35.82
36.14
35.87
35.89
36.08
36.22
35.80
36.28
36.39
36.30
36.80
36.76
36.78
36.52
36.50
37.19
36.95
37.29
36.43
35.16
33.86
34.99
35.52
34.98
35.18
34.66
34.22
34.36
33.47
32.76
31.40
32.56
31.58
32.51
33.60
33.70
33.06
33.57
34.92
34.06
33.70
33.03
33.30
33.53
33.85
34.49
34.11
34.79
34.80
35.19
35.50
35.12
34.36
34.13
33.51
33.56
33.31
32.16
31.47
31.56
31.77
31.73
33.33
33.38
33.58
34.11
34.24
34.15
33.89
33.09
33.33
33.47
33.09
33.52
34.09
34.66
34.19
34.22
33.37
34.14
34.44
34.41
34.68
34.58
34.96
34.89
34.77
33.85
33.79
33.44
33.92
33.81
33.72
33.00
33.23
32.49
31.87
32.18
32.13
32.73
32.20
33.00
33.62
34.02
34.50
33.88
34.34
34.16
34.42
34.23
34.01
34.09
34.38
34.56
34.91
34.57
33.67
33.38
33.60
33.37
33.03
33.19
33.30
33.23
33.39
33.84
33.78
33.97
34.52
34.36
34.66
34.79
35.04
34.83
34.50
34.27
34.76
34.67
35.16
35.13
35.60
35.95
36.51
36.21
36.37
36.12
36.50
36.78
37.05
37.19
36.91
36.88
36.76
37.42
36.87
36.80
37.20
37.10
36.88
36.53
36.36
36.51
36.45
36.04
37.15
37.06
37.05
37.43
37.84
37.47
36.87
36.86
36.95
37.19
37.16
37.02
36.97
37.03
37.17
37.43
37.85
37.55
37.46
37.45
37.58
37.37
37.74
37.93
39.23
39.69
39.55
39.01
39.60
39.48
39.18
39.10
39.07
39.09
39.01
39.29
39.64
39.79
39.84
39.54
39.36
39.04
39.04
39.80
40.40
40.47
40.80
40.90
42.76
42.78
43.04
43.19
43.00
43.21
43.50
43.65
42.83
42.91
42.00
42.50
43.02
43.63
43.14
43.61
44.03
43.53
43.06
43.24
42.65
42.43
42.64
41.13
41.22
41.19
41.25
41.46
41.85
41.40
42.47
42.94
43.19
42.58
43.15
43.06
43.23
42.87
42.66
42.72
42.18
42.22
41.76
41.59
41.83
41.50
41.23
40.97
41.08
41.88
42.32
42.34
41.98
42.26
42.38
43.04
43.47
43.25
42.94
42.51
43.30
43.32
43.24
42.11
41.51
41.61
41.26
40.86
40.94
41.55
41.34
41.15
41.27
40.92
41.02
41.19
41.90
41.53
40.35
39.66
39.18
39.61
39.46
38.95
39.15
38.63
38.68
38.38
38.37
38.31
37.85
38.45
38.56
37.88
37.91
37.62
38.17
38.11
38.50
39.15
39.77
39.95
39.85
39.98
39.49
39.34
39.25
39.53
39.72
39.12
39.04
39.58
39.69
40.78
40.25
40.38
40.35
39.46
39.05
38.73
38.06
36.94
36.85
35.79
34.06
33.47
31.84
31.83
32.76
33.43
33.12
33.61
32.47
31.95
32.42
32.07
32.01
32.53
32.12
32.72
33.12
33.85
34.09
32.84
31.46
32.15
32.42
31.64
30.69
31.36
31.67
32.58
33.14
32.38
32.66
32.33
30.54
29.46
30.06
30.99
31.27
31.15
30.16
30.03
28.73
30.35
31.23
32.20
32.36
33.11
32.96
33.39
34.02
33.83
33.46
33.88
33.85
34.18
35.24
35.20
34.88
35.79
36.23
35.72
34.43
34.13
34.57
34.81
34.86
35.44
34.59
34.16
36.63
36.33
35.96
35.96
35.38
35.39
35.48
34.21
33.58
33.50
34.27
34.34
34.68
36.03
36.33
37.04
36.87
36.71
36.86
36.17
36.20
36.69
35.70
35.52
35.45
35.39
35.17
36.23
36.38
37.13
37.61
37.65
37.45
37.73
37.97
38.19
38.83
39.55
39.74
39.48
39.39
38.62
38.47
38.69
38.51
39.01
39.42
39.38
39.03
39.12
39.59
39.27
38.74
39.08
39.25
39.22
39.43
40.00
40.73
41.37
40.75
40.94
41.62
41.50
41.48
41.23
41.71
41.80
41.55
41.28
41.44
41.70
41.75
41.87
42.13
42.26
42.35
42.24
42.00
41.99
42.12
42.53
42.55
43.59
43.50
43.42
43.07
43.00
43.42
43.08
43.33
43.94
44.39
44.04
43.20
43.52
43.59
43.67
42.90
42.84
42.13
41.87
41.51
41.43
42.03
42.06
41.88
42.48
42.43
42.24
42.25
42.03
42.40
42.74
43.60
43.32
43.18
43.57
43.54
43.60
43.65
43.78
44.46
45.14
45.13
45.17
45.23
45.15
45.15
44.46
43.81
44.49
44.24
44.41
44.49
44.70
45.02
45.13
45.15
44.47
44.51
45.02
45.84
45.70
46.35
45.75
46.25
46.40
47.41
46.96
47.43
47.64
47.80
47.39
47.22
46.88
47.27
47.67
48.52
48.62
48.67
48.28
47.77
48.06
48.17
47.45
47.38
47.40
47.96
48.44
49.14
49.39
48.60
47.77
48.03
48.33
49.06
49.89
49.95
49.78
49.33
48.60
49.81
49.97
50.01
49.36
50.28
49.90
49.53
49.93
49.65
49.99
50.37
50.32
50.41
49.60
49.61
49.08
49.49
49.44
49.64
49.72
49.64
49.52
50.14
50.70
51.87
51.61
51.47
51.60
51.73
52.45
52.32
52.03
51.78
52.43
52.94
52.67
52.89
52.42
52.12
52.41
52.31
52.13
51.72
52.72
52.84
52.37
52.32
51.39
51.33
50.55
50.59
51.17
51.40
52.26
52.50
51.81
51.33
50.95
50.93
50.36
51.15
49.28
50.63
50.81
50.57
50.65
50.09
46.99
47.49
47.28
48.03
47.24
47.59
47.70
47.78
48.50
48.89
48.98
49.06
48.47
49.51
49.81
49.77
49.25
49.43
48.78
49.18
49.21
49.37
49.76
49.61
49.01
48.72
49.35
50.15
49.83
50.41
49.92
49.85
49.80
49.35
48.89
50.80
51.05
51.38
51.76
50.88
50.93
50.87
50.82
50.40
50.47
50.85
51.84
52.24
52.39
52.86
54.03
53.80
54.28
54.15
53.85
53.84
54.18
54.16
54.36
55.40
54.07
54.38
54.65
54.77
55.08
54.92
55.05
55.58
55.62
54.58
54.39
54.60
53.81
53.90
54.54
54.31
55.16
55.95
56.53
56.36
56.56
57.39
57.52
57.16
57.35
57.50
57.08
56.83
56.59
56.74
56.65
57.00
56.41
56.34
56.59
56.89
57.04
57.64
57.28
56.89
57.83
58.72
59.37
60.11
60.29
60.26
59.26
60.35
60.64
60.25
61.59
62.40
62.71
62.01
62.06
62.82
62.93
62.88
63.40
64.18
65.09
65.44
66.00
65.73
66.69
66.96
67.43
67.42
67.62
66.16
66.58
66.35
65.76
64.87
64.75
65.98
66.37
66.44
64.57
63.06
63.93
64.05
63.10
63.63
64.91
63.32
64.32
62.99
64.01
64.30
64.61
65.19
63.22
62.62
62.25
62.88
62.95
63.65
63.76
63.84
63.83
62.85
63.88
64.28
65.32
64.86
65.65
66.39
67.02
65.95
65.42
65.70
65.89
65.15
64.60
64.59
64.32
64.47
64.80
64.70
64.43
65.16
65.56
66.50
66.09
64.93
66.34
65.47
64.26
64.26
63.95
63.28
61.97
62.15
61.79
61.62
61.32
61.96
61.76
60.90
60.44
60.77
61.14
61.42
60.92
61.07
61.47
61.60
62.09
63.12
63.80
65.87
67.32
66.83
66.67
66.39
65.61
65.04
64.94
64.42
64.36
64.97
64.73
64.37
64.45
64.72
64.02
64.81
64.52
64.02
64.48
65.66
65.88
66.73
66.64
66.19
66.50
67.27
67.94
68.81
68.18
69.32
69.35
69.12
69.22
68.47
68.71
69.41
68.77
69.18
69.34
66.87
68.48
68.33
67.43
69.14
69.77
70.06
69.49
69.12
69.46
69.95
70.54
69.92
71.21
71.04
70.79
70.22
69.42
70.29
70.97
71.36
70.91
71.73
69.28
69.90
69.91
70.69
70.96
72.14
73.10
72.89
73.25
73.95
74.65
74.99
76.28
76.04
76.30
76.53
76.12
76.13
75.46
75.08
74.90
73.71
74.30
74.39
74.43
73.99
74.08
74.53
74.10
72.47
72.26
71.97
72.09
72.20
72.66
70.94
72.05
75.61
75.08
75.67
77.15
77.66
77.52
77.88
79.50
79.50
79.21
79.07
80.50
80.72
80.63
80.00
80.84
80.30
80.60
82.22
82.86
83.60
82.18
82.19
80.59
81.75
79.85
80.50
81.53
82.25
80.59
81.96
80.71
80.24
79.93
78.30
78.73
79.70
80.39
81.72
81.92
82.32
80.42
79.27
79.97
80.92
77.51
77.70
77.89
78.38
78.70
79.96
79.22
79.53
79.74
79.46
78.76
78.35
78.50
79.35
79.62
80.42
81.59
81.65
80.21
81.27
82.08
82.43
81.77
80.64
80.17
80.43
80.94
81.42
82.19
82.19
83.56
83.80
83.92
83.81
84.27
84.07
83.85
84.37
84.91
84.60
85.40
84.60
84.03
82.75
82.64
82.98
83.18
83.65
84.07
82.85
82.68
82.67
84.68
84.13
85.44
85.81
86.58
86.70
86.61
86.19
86.00
86.53
87.00
87.46
86.58
86.69
85.33
85.44
85.81
86.37
86.31
86.50
86.30
86.43
87.29
86.62
86.59
85.39
86.17
87.14
86.18
86.99
85.65
87.07
87.15
87.74
88.03
89.02
89.66
90.13
89.92
90.06
90.13
90.95
90.61
90.14
89.98
90.32
90.18
91.06
90.87
90.14
90.76
90.50
89.54
89.20
90.10
89.74
89.71
90.58
90.31
90.80
90.49
89.12
88.36
89.26
88.15
88.12
88.84
89.08
87.50
88.10
88.79
88.00
87.06
88.03
85.92
85.92
84.75
82.39
79.93
82.68
84.23
86.32
87.94
88.21
87.91
88.47
89.04
89.84
89.44
91.51
91.24
91.97
91.60
91.29
89.39
90.24
90.01
89.77
90.10
90.68
90.50
90.33
90.26
89.25
