5055000
6181400
6398600
5140600
6360200
3682200
3945600
3401000
3129400
3044400
4054200
3424600
4279200
5000000
5385600
6084200
4188200
3340800
4851600
3677000
2930200
2933600
4343400
4122000
4089800
5848400
5934800
5807400
11944800
6787800
6048200
3881400
3824200
3017800
4028800
4894400
4488200
4139800
3319200
4805800
4841600
3956000
4805800
5260400
8780800
5772000
4904400
5335400
3304800
6545400
6827400
7723400
4798800
4407600
3065800
2487200
3596000
2277600
2241200
2619200
3778000
4877800
4850400
4664200
7259000
3759200
2104800
2937400
1890600
3531600
4224400
4334200
4287000
3754200
9957200
8557000
4924600
3312200
4381400
4544400
2903600
3741600
2637800
2840800
2442600
2377000
2544600
2078600
3078800
2391400
2617600
1927800
3531000
4066000
1526600
3559200
3942200
2443000
2005600
2075000
2763800
1908200
1614200
2925400
2835400
4491400
3871600
3697400
3017600
2418800
1819600
2635600
3154800
3292600
2703400
5510400
3703200
3212400
2569000
3490200
1787400
1959000
2754800
2527200
2415400
4672000
1702400
3324600
2433400
3514400
3084000
5056800
3236600
3438000
2999200
2677200
8446200
6346200
5041600
3777600
1660200
2363000
3413200
2642200
3336600
3131800
4007600
3722000
3375200
2018200
4035600
7056400
2906800
1964000
2813800
4096600
2535400
2873200
1760600
1970800
1527600
1907600
1962400
2351800
1400200
2669000
4115000
3988200
4834600
2563800
2875600
2900600
4777600
3091600
2521800
3190600
2132000
4188200
6007800
5579000
5201200
3515000
2412400
2605400
2056400
2804800
7458600
4866000
3578400
6628600
4416200
3534400
2774200
2549400
1319200
2709600
3741000
4800400
3551000
3422000
3269600
5565800
3147000
2370200
2725600
3443800
2413200
2656600
3200600
5737800
6645200
3343400
2362200
2074000
3228800
2537200
2546000
2848000
2756400
3065400
2271400
2835800
1835600
2597600
3128400
3665600
2131800
1485600
2942200
1821000
2852400
3984400
3003600
6023200
5893000
3086800
2262800
2792200
3065200
4090800
2747000
2137600
4576800
3673200
5395200
5809600
5965000
5743600
3715400
3737200
2558600
3051800
3285000
7564000
9149400
7057800
3752000
3836600
3655000
3371000
3494200
4239400
4460200
9166400
5502600
4659800
5792400
3670200
3517600
3094400
2439600
4675200
3889000
2737600
2387400
1823000
2298200
1773800
1954000
3121800
3180600
2898400
2694800
3487000
3326200
4236800
3115000
3247400
3277600
2167600
3713600
3025200
3337000
2591600
3643000
3706000
6538000
7539400
5092800
4708200
4328600
4435600
2643600
5420800
2889400
4723800
5537800
4427400
4683200
4582600
4729400
4884800
6493200
3046800
4333600
6232800
3690000
4707800
4044600
4280200
5092000
3430400
3300200
3760800
5792800
7891400
3230600
3095800
3266800
5042400
5245800
5166800
4117400
5055000
4617200
4183200
2766400
4072200
5946200
4680800
3524200
5403800
5804600
3302800
6048200
7436400
7476400
3682600
4775200
4368400
6325200
6181000
3140600
3883800
4958800
2933600
3008000
2770600
3469800
2307400
3108000
2791800
3129600
3202800
1698200
4250600
6508600
2958200
4550200
4243600
5216600
3723400
5444400
7310200
5119800
9970000
8198400
4130200
2145800
3213600
3758600
2726600
4267800
4122600
4698000
4343800
3250800
10336200
6169800
6136000
3240400
2934800
6603800
7029400
4773200
4358600
2818200
5094800
5074000
3682400
2265200
2360600
2774800
4668400
4725600
4256400
2607200
3528400
4810400
4940400
3456600
4281000
5605600
5213800
5342400
4917000
2026600
2104800
3142200
3885600
3360200
5479800
3536600
6206800
5106400
5512000
8090600
5560200
4928400
5984200
9900000
5672400
4536800
6343400
4878400
4313000
4220200
3610600
4648200
4269400
3797400
4105400
2772600
6813000
4795400
5467200
2232000
6628600
5843200
3185600
3867600
5437600
2885000
3301000
3676600
2532400
2402000
3526200
3441600
4934600
3090600
3519400
4498600
4813400
4637600
2983200
2079800
3655000
4704000
4999800
5166600
4674200
4779200
3313200
2175000
2495200
3714000
2016200
3087000
3615200
3487000
2364400
4670600
4728800
4309200
4095000
2909200
3784600
2454000
4585600
2463000
2632000
3861600
2752600
3410000
858800
1760400
1336400
2038400
2041000
4030200
3149000
5030600
2739800
6399000
3375800
2487000
2428000
2803600
3242400
4496600
3986600
3320800
3211600
5761000
2495400
2583600
3452200
3274600
5645200
3247000
2875400
2927000
3406400
5246800
2981600
2533600
3458800
4191200
4430200
2681400
3135600
3483600
5018600
4004800
4282000
10458000
6491800
3990000
4525000
5744400
6646000
7229600
5500200
4782000
5518000
3407400
4690400
4973000
5973000
7082600
4261200
4446200
4366000
4292000
3561000
4208000
4717000
4481000
3043000
2571800
3016600
4972000
5235800
4895400
3595200
3133400
4472000
3746400
3429400
3042600
8827000
6017200
4835600
2650600
3961600
4493600
2973400
4477200
4913800
3202400
4513600
4887800
3114800
3797400
4039800
3821000
4473600
3082000
3722000
3825400
5012600
5891600
3536600
3274600
4206000
2663800
3077400
3868600
2402600
1914400
4295200
4096600
3257400
3852600
4567600
3471200
2373800
3197800
1805400
3502200
5566800
3302000
4745000
7378400
4493600
4015800
3008800
5601400
5069200
4491800
4223000
3374400
5297000
5174200
4130200
5858200
2349000
3334600
3163200
4294400
5269800
3908200
4771200
17151400
5660400
4562400
5382800
6402800
5347400
6252800
4592600
3050000
4221800
3988400
4328800
6466000
5427400
4414000
4102000
3193400
3584800
3895800
2619400
5746600
6987200
4799200
4787800
4226200
3386600
3364600
3423800
2836000
2849800
3569600
2045800
3390000
2342600
4852600
3712400
3609000
4588200
3862200
3089400
2173200
3265000
8147200
3909000
4459000
5355000
5835600
6718800
3810000
5629800
4270600
5833200
4143400
5104600
5636200
3301000
2847200
4218000
4035600
5611000
7742800
7250200
4586800
3427600
6627600
9656000
7111000
4546600
5416400
4809000
4390000
5548600
4473600
3373000
3481600
3155600
2723600
2957400
3895200
2562200
3575200
3399000
3155600
2877800
3066800
3050000
3713200
4239600
4318000
3190600
4389200
3991600
4485200
3295000
4344400
3631800
2648400
5687200
5303800
4877400
4394000
3872200
2890200
4110800
2963000
2265000
2796000
2394000
1974600
2331800
2371000
4468800
1779200
1075200
2205600
2873600
1705200
1910600
4539400
3399800
2354400
3126000
3246600
2916600
2834800
2716200
4640600
3860800
3278000
2814200
3617000
5860800
8767800
3641600
3010000
2947000
3829400
2801400
3284800
2334000
2672400
2658000
2891000
2782600
3235200
2855600
2639200
3096000
3159600
4055600
7256000
5727200
4364000
5391800
4559400
3841000
5416200
4487200
4103600
5392200
3461200
3598600
5230400
2725800
3516600
3930600
5121200
5226600
7931400
7566800
5683200
5713000
8699400
5402200
5575000
5476600
3678400
3848800
4721000
4317400
5207800
3945800
3447400
4251400
3054600
5010600
4317600
3944200
3413000
5635200
5160600
5137400
3852800
4264200
4373200
2923000
3252200
2978800
3377200
3395800
3552200
4953600
4367800
4171600
3589000
5616400
3927200
3455600
3932800
4019000
3476000
3558000
3279200
3955600
5214000
3846200
2054200
3741000
4024400
6422400
5988000
3128400
3720000
3627200
3478800
5493600
3458000
2840200
4675600
3231600
2737600
4286400
3625200
3469000
3027200
5024400
3256000
2775200
3173000
2192600
3170400
2102400
8532800
5208000
2047400
3421200
2427400
2160400
3527400
3552200
5128600
4361400
4603200
20947800
15271400
13465000
13112600
9669600
6022200
6885400
5279600
5407000
6066800
7192800
5166200
4242800
6152600
6627200
6084400
6177400
4435400
5474400
6153800
7142600
3300800
6569200
6419400
4044400
6196200
4680600
7085000
7307000
4225000
3715200
3647200
4235400
4994800
3967000
7657000
4617800
5141400
6279000
11167600
6041600
5558200
3667800
5389200
5145800
4964200
5864400
3932400
4616000
5386800
5862400
4724000
5140000
5336000
7216000
6192000
3771800
3934200
4130800
5414600
2556600
3015600
3766200
6321000
27425200
6636800
4032600
5590800
5806000
5641200
4872800
3972200
5315800
3301600
5515800
4911800
4029400
4473200
3948800
3948600
5778000
4156000
4250200
2621200
3132200
3460600
3640800
3668000
3591400
3676400
3010800
3615400
4764400
3596200
1362600
3524400
3887000
2759000
3034200
6489000
3184800
3612800
3809800
4596800
3660200
6112400
8157000
6386200
8481400
10107000
5316800
4049600
1674400
776400
2537400
2185400
4476000
4172800
6184200
6190400
6203200
4844400
6068600
4166200
5228200
4498000
3720600
5083400
4803400
4066600
4110800
4675200
4635000
9249000
7843000
10858000
9041400
7814400
8211000
8467000
7881000
5229600
2939600
5732600
6356600
3096400
3749000
4740000
3079400
3372800
5351200
3589400
3252200
3886600
3620400
7388200
4757800
4534200
3606200
2649800
5206000
5699200
5101800
9450400
7803400
5666600
5711600
6185200
5044400
4893400
4883800
3908200
4311800
3443600
3494400
3820000
5055400
6002400
3436600
3429000
5519400
3417800
4342800
4794000
2356400
3497000
5195400
5116200
3980400
3499800
3235800
4575000
6023400
10813200
7014600
4947600
4461000
5506000
6920200
5599600
3710600
4164000
3516000
3812800
4857000
14209400
7685400
6281200
4856800
4854400
5203400
4745200
5559800
6378200
4399800
7180200
5267800
4146800
4933400
2859200
3725600
4106000
3496600
4757400
3319800
3924400
4578800
3345800
2451600
4769800
5287800
4065200
6653200
3327600
4883200
4114200
5932800
5163400
3518200
3816000
5106000
3636800
3955000
3237200
2808600
3382000
3442000
2911800
4124600
3845600
2916600
4241400
3474800
2848000
4892400
17837000
7610600
5043800
6918000
6343800
3329400
3467800
4189800
7607600
6272800
6006400
9485600
3340800
4053800
4323000
5892600
4379400
4745600
6229000
4389200
5305200
3947800
2516600
5324200
4168000
2586600
2037000
2704400
2309800
3301600
3238000
2645800
5689800
2582400
3565400
3063200
3771800
2927400
3351200
2389400
4933400
2637800
3407600
3450200
3271000
3156400
2538400
9189800
14205200
8609600
7250400
5685000
4108400
3496600
4044600
3201000
1914400
3672000
7324800
5250800
6098200
4689400
5197200
5129400
16267600
9025000
4387800
4759400
6047400
6464400
3871200
5245800
6079200
6915200
7655400
7455600
4181000
5516200
5291400
4492000
4662600
4194000
4628600
3939400
3567400
3919800
3692000
5179800
3674000
1418600
5228000
4185000
3336400
3408600
4909600
2917000
4527400
3430600
5305200
2900600
4642000
4624000
4284200
4969200
5966400
3040600
4318800
3604600
2178000
2452000
2803000
2533200
2396200
1650200
6294000
7579400
5932800
6300400
5815400
4818800
5896000
8387600
6702200
3825000
4624600
5838600
5108200
6873600
5634200
5999600
6698000
21820200
8176600
6675200
4790000
6762200
5226800
6606200
3716400
3357200
3792200
3192400
4649800
2402400
6315800
4533600
3419400
4278400
5091200
3099800
4545600
6084200
6591800
9691800
6762000
5446400
8095800
4769600
4963000
5742000
7006800
5681600
8236400
5436600
4451800
3418000
8858000
3360200
4645200
5007000
3647400
4184800
12307400
6588000
4560400
6363800
6504800
4521800
4596000
3506600
3612000
3357800
4974400
6271400
9787600
9240600
6249800
6874000
17614800
9534800
6380400
5848800
5686000
7964800
5692800
5593000
3590200
5118800
3899000
4534600
4641600
3009400
4095600
4582400
7339200
6188800
3781200
4603800
4985000
2762400
2633400
2723600
2201800
3393200
2630800
1785400
3546400
4999200
2719000
3270400
2420000
3284200
7868800
5370000
4947600
4168400
3807800
3306600
4154600
7572800
4240600
6815200
4394000
5938200
7013000
3729200
5409600
6020000
6712200
4190400
4409400
5080600
5581000
5812600
4666200
7608800
15703400
7034100
5129700
4145000
13782200
10212300
8321200
5118200
3809600
2777700
5410700
7655600
5416700
2991200
3050600
3223900
2862700
2600200
2043100
2262400
4334500
2758300
2446700
1769700
4929400
2256000
2804500
4109700
3190000
2297600
3824800
2792200
2675700
2364200
2737400
6101400
6425000
7003500
7789300
4964400
3981900
2635200
2437900
3694400
2990000
3496700
4872500
3391300
3755700
4223200
4259900
3185400
4682000
3437700
3868600
3083200
3998200
2598600
3642200
5207900
6340100
3593000
3294400
3296200
5345500
6138100
4334200
3286800
3506900
3169600
4197800
27359300
8559500
6928900
4674400
5285500
4307200
6578000
6512700
4261900
6196500
3205900
3193200
3602200
2819200
2939600
1872100
3049000
3922000
4577900
4288900
4075200
2666000
3216900
2714000
815500
2200900
3592600
2709000
3140300
2262100
3191600
2689400
3164300
2813800
2288300
1381800
2670600
2373800
2555400
5106100
5652600
3488000
2874900
3101000
1331800
2143000
2213900
1619900
2047500
3697500
4577200
4590700
5692300
4408800
3188100
2755600
5322500
1936700
3623200
3651400
2375600
4439700
2706500
3291600
4772400
10318100
7587800
5077400
5655000
4826100
4605500
3529800
3745900
4908000
3567300
4016900
3167900
2838400
4532100
4396500
3483300
4767900
3956800
5532000
4974100
2921600
3217800
4444300
4179000
2247700
3396700
5496900
4904700
7726000
5101600
5996900
3401500
4048600
5208400
5802800
7015500
4217900
4594300
3635900
4874800
4318300
2579100
3726500
6587800
5282400
4316800
5884900
4606000
4758400
3679300
4262900
4038400
5325200
6412900
4209000
5459300
7702400
4647200
3850300
6891700
11219800
7536800
4612700
6142000
4432600
4253000
3857400
3639700
3640800
6022400
2725300
2969200
3969300
4367800
4548700
4918300
3756000
6110900
6260200
10337300
7251400
5703600
6460100
3761000
2748000
4130200
4032900
2910300
3730500
6863900
8730300
9781200
11897800
7943000
6336200
6267800
5343500
8440000
6861400
5340400
5368800
5502100
3356000
3331200
2525900
2586300
2921500
5138200
3913600
1908300
5035500
3175700
3333800
2609100
3400100
3876700
4981100
5557000
5693500
4852200
5557000
7216100
14422200
7134900
5465200
3526900
6082600
3026700
3414900
4513100
3056500
4899600
5194900
3873200
4139900
8317100
6736000
7035500
8324400
6886400
6774700
3738500
5815800
3925100
3695900
4547100
8911600
3964500
3839300
4912700
4251500
6410000
5712000
8504900
5589300
5196300
4313000
7893300
12080000
7132700
3498800
6408900
5674400
3997800
4903400
8953900
11133500
7679700
7622500
5032600
5875500
4279900
4272400
5630500
7106300
12215500
6587800
6839600
4698200
3445200
4324200
3486100
6685500
6039100
6577300
4933800
67780400
22097200
11647100
11557400
10545200
9043700
5365800
6959600
9107300
7879900
6511800
9579000
7659600
11509700
7779700
5966900
5139300
6206800
8616700
4834000
7929600
3759100
9020900
7005400
2965800
5817900
6687500
3592400
3997000
7193700
4950300
4508600
6066400
5392600
4098700
4699700
6677100
5110000
5352400
5763700
5306900
4304900
5575900
3249100
2788000
1933100
2773800
2402400
2363600
6134800
4058900
6267100
3942900
3928300
6825100
7440900
6560800
6842100
7255600
7027500
5561400
9881000
8587300
8014800
7481400
12450500
9608800
8941400
9617800
10272800
5971000
5253400
4873100
6546300
4528600
5576200
4974700
4965100
7495500
9566900
4249900
6964300
7225300
4989400
3777200
3990400
10791600
9555400
7993700
6037300
6710700
5360600
5284300
4206200
3267700
4949100
6297900
6611900
4546400
5239200
5076000
4730600
5864200
4674200
3955400
7645500
4266500
4428700
3752400
6216000
4917200
5065400
3255600
3632700
3780700
3700000
3778800
4017800
3449700
5126400
7919000
9469600
6962400
19014800
10759000
6840800
5801600
4474400
6509400
5221000
5284800
4313500
4111400
3466500
3632400
4548500
5651900
4533500
5549100
8043400
5614100
5897500
6486100
5199400
4445700
4168700
5682700
6316100
3337400
3813500
8529600
5709700
6532100
3212700
3480600
5391900
6367900
5047500
3694100
4579000
7961800
6187700
5875000
4548500
4052300
4160800
5261900
5134200
4386400
5537900
7854800
4736600
7513400
4866900
6246900
4410300
4731900
6499300
10013300
6648900
7163500
6337700
6032800
5677700
7014200
6256100
38719900
10070300
8273000
9406700
11559100
12589000
6763900
11029000
10205100
6631600
7816900
7033600
6449800
6859400
8139000
8464000
3866600
5190900
7455600
16052900
10761200
6780200
4737700
5236400
5548200
3483400
3136400
4653000
4401200
3579600
3341500
4472000
4675700
4614200
6396200
4753800
4688900
5656100
4667100
4028800
4660800
7461900
7598000
4506500
5950300
5683000
6759000
6032600
4773400
5644800
4480100
5048900
4610400
4306000
6658300
3633100
4899600
5167600
6784000
4482700
6570500
6320200
7299000
7790900
19710700
10289100
7150800
9153500
6588900
4844400
6442200
4088700
6216400
6177600
5967900
5979600
5091300
4672300
9649900
8790800
7588200
7243000
7500400
7699600
7640300
7385700
7487700
6311100
2459900
4521900
7098800
6637000
5272100
5655000
5505400
5083200
4418300
4659200
3804500
7569700
8788500
6841900
4558100
4083100
9342800
7376600
4241800
3286600
7334400
2176100
3466500
3336500
3043600
2639600
6337800
4385900
7697200
8790400
7662300
9845500
6914600
9247500
8106700
9353400
13079600
11011400
9225400
9870200
10896500
8160300
9286700
10984100
8283600
7904500
8826800
6526400
4565300
11709400
7305000
6506000
4496000
4979000
6703400
7502000
5418800
5355800
5415300
4717500
5371200
5231500
5190100
6203900
7163300
6024500
8823500
6104700
7998400
7258800
5442600
6961000
7146000
7690800
14346200
8559700
8571100
8913600
9404400
7377400
9254000
5374000
5211600
7498900
7068200
4421300
6068700
9342800
8160000
7971500
4885200
5320900
4019000
4582900
6994500
9044900
4447000
5458400
7640200
9966100
20117900
9813300
5720100
4773400
5305700
4084500
4683900
4509500
6032000
5369900
4511400
3944500
4163100
4932000
3065500
3818900
5167200
4592000
6859800
4633300
5242000
6906700
5570300
7220200
5026900
5674900
4871400
4773700
4195900
4921700
5882900
4960200
5724100
6968200
9444800
5828900
5986000
9400100
8053500
5732500
4537700
4516000
5739200
6049100
9064400
6140900
13075000
8075200
14485800
11011800
6650600
9203000
11513100
7280100
11684900
10497600
7059100
9874200
11521800
6405900
11041700
10684300
9091200
7693400
10184800
12434000
9295800
8108600
4727300
5740500
5234700
4820500
7185500
6723700
7415700
6008700
7390800
7077800
6544300
3746900
5705300
9399200
5671200
5060800
5527400
4299800
6401900
5100700
4257500
4549800
3391400
3145100
5520700
4905300
6906600
8432000
13684600
9263500
7218000
10056300
7916800
9008200
6967900
7801200
10035200
9294000
12983300
15758600
5921200
6573900
6657400
7755400
8264000
12504600
10165500
15614000
15011700
11596500
17852500
13518900
15858800
11223300
19740000
10573100
12060500
12907900
16082300
18277600
13386100
14320400
13842100
17648000
13391800
12798100
12818200
16072900
8689300
9869200
7617800
11411400
14047600
13289300
9256600
13844100
12705800
10751000
17357500
11991200
9379100
12275800
10596400
19824100
16836200
16864600
12915500
11110900
5429800
13152700
10440200
14289200
11379200
14260300
25502000
15381700
15423400
12132100
10389000
8065200
11652300
9688000
12694700
13271200
9148600
6449900
2110200
2855200
4973200
5060400
6277400
7117200
11098700
10863400
9026500
9384200
8872300
9583700
9281600
17261700
15448300
12890100
11889900
10287000
19268200
22677400
47390400
20354500
13466700
14575000
20956900
16966700
18880200
17419200
17793300
17010100
9063700
17205600
10544900
13662000
10182000
22207000
17863600
17837600
19735100
16294800
22352400
17736700
14299600
16872900
21017600
22397200
37251600
21400000
19993500
19510700
22468000
15780700
13783900
10861300
13215200
14259900
17978500
17542700
16531300
14463000
13690200
20700600
16161100
11277500
15827700
13405900
15308300
21643000
13674000
11067500
13156900
12817200
18171400
12458400
11034600
11224800
16226000
14723000
14373800
29526100
29665400
16288600
15805800
9647500
8480400
11981200
20103300
14113400
14399700
13609800
14755200
16972200
15556000
9486400
11919800
13415600
12056100
14010000
11012400
10539200
13806100
14108000
14292900
13792600
13517600
15118800
11076700
14336900
7734900
9236400
11317900
15819100
13725300
10475400
14923900
10273800
8567400
10456700
12501500
15381900
16245700
14484700
14197900
10935700
10348300
11633400
12586700
6831400
16878900
11585100
13560800
10887100
14612100
15867800
10181900
10456100
11100500
10124900
18065800
10224700
8814500
21979800
62789300
16656500
19367900
17007900
14323100
16693600
12387200
14918100
11731800
12258800
25328500
15593200
12246500
15352200
11555300
13091100
11464600
9605800
9107200
11384300
8892000
9045000
6887900
12327500
9772600
9574900
7900100
8307200
7568400
10475100
13899800
8886000
8784300
7398500
7448100
12361900
8196200
9760200
6909200
20593500
12789100
15284900
12397800
10109400
11179500
9615400
11799300
10786700
6040400
7536500
10647200
12845600
10681200
8668000
9776300
7437300
11193400
8049900
6686100
6511700
9191300
7367400
8837900
18786400
33896900
17064300
11376500
8775700
9793200
10948800
12086300
9873200
12047400
9967300
7770500
8643700
6843500
6160600
12250500
8872900
7496100
7588100
6442100
8333600
7096000
6626100
8235500
8698100
9476000
6625800
6236500
5189600
9718500
9823800
7872000
7593300
10448100
6834500
6480000
8552300
6303900
5364700
4585300
4950100
6738800
5700400
7236400
5339700
4280000
4047700
1507800
3789800
2879300
3479800
3859700
7325600
5697200
4718800
5432900
6651300
21958800
13561900
8398700
6224100
9397000
8056500
6953500
13874900
14757600
9777300
15218300
34041000
15623100
13962000
7159100
7665400
6340800
11640200
15988800
8668700
15494200
8581500
16405500
13447700
7364200
8450800
6844000
8005800
6994800
10311000
5810100
9965600
6108500
8398500
6583600
8833800
6195600
6626900
4755100
7692500
6529900
6166500
9688800
7906700
7281000
7925400
7204200
9425500
7512500
14315300
11447400
11361900
7887300
6986500
6183200
6660800
7829300
6695600
6389000
6973000
5418000
6022900
11837000
7001400
5497400
7129500
10385300
7969400
7695400
6357500
8718700
9044500
20131900
14323100
8232800
7916800
9428100
7885900
12558100
11419500
19363500
15724700
11852100
7481300
7791600
6531000
9938400
11881200
9594300
18582700
22798500
15889900
11176700
13793600
11566900
9555100
7704900
8340800
9453500
8982700
10279600
8904600
11604900
9749300
9704700
7341400
9783000
11870300
10561900
10574600
11005600
11652400
8659600
9037100
8658200
12068800
6836700
13057100
9630300
11598200
7878200
9357300
7592900
6058800
6456900
4915400
10081500
6851200
8101700
8504100
6826400
9468600
11432400
15905800
8865900
8878400
11948000
7609900
7671300
7218100
6304100
5878900
6204800
7415000
5463400
3625400
6082400
9221200
7639900
6659300
5432500
5946900
4988000
9625400
8022000
8878600
9669800
8679500
7075100
7486300
5133900
6760700
9071200
5293400
7837700
6841700
6323200
5355900
5018300
7694600
6040400
5506100
6233000
11341800
8886300
14968300
8386100
8745800
14218600
8361900
7784800
7939900
11940800
8540800
6418700
7140300
6252200
8978100
14296600
4593700
10034200
8493200
5663900
6522900
6542700
9857200
9662300
17736900
6445800
6484700
6240500
6782800
7055800
4563900
7470500
4941400
5771800
13044100
6271600
4283800
6030100
5944000
5006000
6156900
15814200
12510000
5402900
6638700
5740500
6411200
5739200
5865900
2520700
5085700
7768400
8858600
6349200
4996600
4341500
11247700
5246500
3832300
3313200
6637100
4944100
8314300
4863400
6467000
3523200
4108200
2611800
2206200
2620200
2991800
2779400
2325500
2542700
5231500
6119300
4118100
4106300
4547800
4154500
5302800
5699000
4539900
4572500
8819200
6478100
7160800
6189000
4615000
5436900
6090700
11534600
7240800
6012900
7553400
6527600
5032400
6027100
5697900
5044700
4800800
5634800
6445100
4057400
4421900
4852100
2993500
8745400
8241900
8907600
6350900
4623200
4010800
7283700
5420000
7413400
5677000
6002100
6165000
6402200
11824400
8172400
7985500
11762200
13046600
9854900
11512900
7688600
7012000
7096400
8360800
7659000
5445700
5767700
5616900
5168600
6092600
3883600
5338700
5715400
8402700
5394700
5004400
8736300
5835000
5770700
5319100
11445300
7152000
5317800
4051200
3708600
6700000
6070600
6262600
11800000
7623600
6302000
8966500
8779100
7987300
5075800
4923900
9670400
9274800
9250400
8290800
19186700
9472200
8613400
8656800
10095100
7273300
6193100
6640000
4511300
6641900
10597600
9125300
9508600
8092800
6772200
9761100
6167600
9603600
9767400
8479700
8143600
8886500
8314800
7484700
9638100
7445100
10640900
8496400
5614400
7884300
8642000
10598400
9153800
6880200
6933200
7403800
8293100
7568600
7892700
6819200
7394300
6660700
6878600
6674600
5761600
9340700
25775600
8662500
7155500
10684500
9438000
12283000
12865200
12058300
16922200
18655000
22791500
21293000
20473600
15335900
14157600
11463400
10460200
10816200
10620900
16793000
13740200
9459400
11696900
10137700
8204700
9456900
7643500
9851600
12664700
10690900
11950700
8647900
9318700
9947800
11669500
10842300
9802300
10622100
8298500
10488600
8936500
8999300
16459600
20947300
12104700
10016400
10814900
9380700
10260900
10537000
10783200
14700000
9672300
15808200
14024700
10302400
17854600
10423700
7952500
7353700
10196700
13574600
8731100
9446500
11480300
16383300
10711700
9747800
13928100
8699300
9273900
13543700
9303400
11159000
6818800
7285300
7316700
11208500
7323000
9818400
8584900
8760700
8117500
10084000
6065700
9853100
7490600
7643800
3078700
8339500
6054600
13076500
7491800
7897900
7484800
6443200
8146300
7842300
7139000
6326700
8464700
13564500
7645200
11556900
7919100
7844300
7177300
4766000
3368600
3216200
5248800
3570800
3279800
8177000
7335200
5555900
5474100
6536300
9545000
7226500
10471800
9914300
8864700
6794400
9464800
6601100
7003800
5577300
10649400
18539000
7835100
5968400
7608300
6737900
5125400
10225500
5029600
5139200
4123800
7566200
6351700
5702400
6425000
8201900
5456900
4296000
7520200
5004800
5064900
4473500
4909600
4013200
6780300
7465000
5404800
8392200
12630800
7385800
6171200
6526500
6499200
8077600
6181000
5316700
5776000
4736500
8086900
7925000
9449700
6025000
4570800
4211400
10244900
8316800
4780300
5211700
5828000
5583200
4576600
6335700
9162300
6178100
8973200
6321600
6813500
5321000
4871700
5628500
4014600
5462600
5703200
15948300
7317200
4687200
5325600
5732800
5620200
6102000
9055000
7245700
10411600
7733500
4982000
4531900
5213300
5304800
5803400
12695100
8655900
6811300
7210500
6668600
6421600
4637400
8238800
6350800
12370400
9572500
9812600
9212900
8464000
7773300
4399100
6436400
5270100
8308300
6124300
6571800
4722600
6254700
9413700
8578400
6408200
7390700
5590300
7407600
9716100
7053400
6420600
4357800
5547600
6952000
6291200
15154700
8184100
8743600
7619500
4989800
6462700
7457800
5616100
5897000
7567700
8780500
19877300
10138200
11229000
6504600
9192500
9366200
8097300
6941300
6384800
6049800
6139600
6700600
5500300
5403400
5485600
6345200
4979200
7848500
5296000
7159700
8843500
5469400
4979000
4273400
4697200
8731900
5170100
5481300
11287600
6234700
6982600
10698000
5591600
5877800
6016400
7836600
11375700
7996500
6596500
6785200
7094100
10786300
8604700
13936300
8864800
7585300
7519300
7385000
8819000
5584500
5076900
6547700
4532600
5810600
10634900
7643800
6012400
6357300
6943000
7339000
6813600
9874300
17158300
7496100
5509000
5983300
7165300
5914600
8550000
6982000
4044600
7048900
8209200
6240600
7282200
5800500
7695300
8497000
7794600
8050900
5674800
5535900
4517100
2663700
4240800
4195600
4884700
7846300
5663400
4714100
4468400
8604400
4132300
7337200
4336600
5371600
7093300
6100000
5866400
6092800
6653300
7065800
6893600
10727800
2326700
3236100
3953800
3309200
7213000
11590000
9329000
5658600
5368800
5616100
3546100
4596400
4288500
3685800
4789800
3809700
4824100
8330900
8330100
4971000
5816300
8902700
15997500
6961900
5681000
7154500
6138500
5765000
4178000
4489600
6210100
3934200
2739200
4149000
3718500
3586300
4377200
4368800
8570800
7193400
5851800
7540300
7114200
6147300
5446500
4924400
6350500
5352500
7135900
4738200
5084900
4846300
6593300
5836100
7328500
7379400
7159800
7509300
9389000
5449600
5115500
6685300
4173000
4838700
6213400
5666900
6514300
9222400
7646200
8985600
6722000
10533700
6258700
6920000
4934500
10345400
6566500
9405300
6886900
7009500
18449600
12932500
7022000
6556100
6160700
6065100
6954300
11607000
5798600
11890000
6381000
10406900
7431000
5166100
6967500
5483600
6856900
6925400
8192200
6690800
5603200
4730000
6479100
6026800
4637400
5800400
5110500
3568000
5522300
6092700
5105500
7359000
7009400
5474100
4965200
5275900
4748100
6352100
5147500
4389500
3723900
4711700
7628100
9736500
7525600
6249000
6950600
4658000
8448800
4676300
3659900
2928200
4819500
4879100
7882100
4216800
5434500
4876100
4161800
5432100
15077400
7045900
5086200
4835000
6891800
16602100
9941300
5727000
9068800
5266000
7012900
6570400
4864700
3758400
7223600
4292400
6400600
5478600
8608300
6710300
4462900
5138900
4706500
3766000
4690000
5562600
4739900
4487200
4123300
5569900
6762900
3706400
4425700
7544200
4482200
3728400
5566500
6702200
6298400
4382900
3980600
3276000
4866600
3415400
5564700
4765200
13435200
6048400
3720900
3824700
3475100
3017600
5401500
3866000
3324900
4223500
3212000
3364300
5671300
4577500
4317100
4110300
4689600
4896500
3549500
3850700
6752700
3883500
9152900
20968800
8368700
4886400
3979200
5324100
4657000
4651300
5880200
3892500
4010900
3664100
5431600
4557300
2522500
3483000
3952800
4496300
4743900
4803100
5010300
7443000
6208500
4403800
8111400
3834900
3053600
2284400
4834700
3924300
5246700
5291900
5759300
6023400
4987000
5624100
4551700
4226200
6976200
4764400
6963200
4299700
7389700
5733300
2675700
4790800
3373800
2625000
3098900
4898000
3722000
5233900
3512100
4421600
4466400
5416000
5213600
3712100
10121900
4771000
6833400
5544900
4787300
5014800
8087400
22202300
9409600
8145900
14764700
9697300
9084100
6839700
5134500
6844200
9140200
5933400
6006100
8002000
4387000
4145300
4871700
5865200
7718400
5554600
4887800
5989200
4753900
4337700
5411100
4859200
6261300
5384800
6714300
5259200
4640300
5731200
4448600
8434600
5002000
4697200
4921300
5109200
4396000
8339700
4808600
9070400
5610200
4947700
5821500
5772600
4814300
9358300
8230200
4889200
5215100
6626900
4062000
4538900
5363900
4114100
6317900
3801400
3556800
3821400
4528500
6427400
8849200
5731800
4036200
4975800
5199300
2970800
2677000
3166400
2836300
3399800
3118400
2761800
3664200
3951500
3082300
5151000
4403300
3924300
9277600
5460200
3112300
2888600
3443400
3353300
3071200
5939300
3747000
3643600
2879900
5389200
4299600
3900400
4752700
2738800
3408600
2009100
2137200
2138400
2218700
2592400
7762900
2839500
2864200
2176200
1522900
3632100
2249200
2346300
1849000
2876200
2697100
2450600
2270600
2303600
1992300
2375100
3212900
3974100
3164700
2424900
2075900
2879400
4471400
8690300
4126200
4474300
7947100
5856900
6711400
6011900
5183900
5685400
5526900
5752800
4690200
5197900
4200900
4664900
4178800
4099200
3478600
3639200
5341600
4118100
4603700
3014100
2865800
3281900
3227800
4437200
4040200
4669000
4604000
4305000
3496900
3578500
8154700
5460100
6904200
7051900
5289700
5122200
3915800
8285400
5093200
5710300
5797000
4960800
2935900
3156400
3746100
4827300
4460800
3921900
3982400
6479500
6214200
6414500
6179100
5852400
6791300
9377600
7439400
7442600
4270800
3990500
6211300
11670100
4133800
4330900
5053400
4410300
2648300
5367700
4434300
4849000
3515600
3427100
2708100
3308000
2464400
2805400
3924100
2660400
2477000
2761200
4679100
3052500
