-5.70209464701
-5.41871921182
-4.84308407594
-1.09216324966
2.63765883712
3.24389267121
2.92030014196
9.55008488964
10.1519628535
14.63253145
14.4887666208
9.72407654651
5.74506283662
8.91954022989
6.76248821866
0.995600833526
3.45303867403
5.31789175136
2.81257385961
2.88484848485
5.34146341463
11.0429447853
11.1665790857
17.5277777778
6.8099430347
2.5
-0.178616994131
-1.62832773326
-4.48394799682
0.809188201514
5.79211848717
8.11034482759
7.47222222222
5.98987626547
9.2698231603
8.4002293578
5.25551684088
-1.04452996152
-3.07985827201
3.69713102632
-0.171722953635
-2.29787234043
1.93331465396
3.00393037619
-5.58503211393
-8.65359477124
-13.3693782256
-9.91923271075
-7.48051948052
-10.0477267018
-1.7719568567
2.8564206269
0.303797468354
-1.43369175627
3.91542678152
-0.153846153846
-2.92024539877
0.152129817444
-6.7335243553
-11.8093922652
-8.10556079171
-3.68707161428
-4.68825519575
1.06177606178
3.28102710414
-2.30202578269
0.738095238095
2.17283950617
1.22129946263
4.49689440994
15.4704944179
10.5263157895
3.84615384615
2.04386839482
1.25786163522
-6.23130608175
-3.65111561866
0.48956454522
1.2619888945
2.23765432099
5.745914602
0.972862263185
-0.333846944016
4.26315789474
1.30276185513
-2.24169028601
-0.812595226003
-3.99408284024
-5.5900621118
-4.05
0.0
-1.69745381927
0.920627021647
1.89873417722
0.781053162006
1.97057277982
5.08919202518
4.9073348995
3.26797385621
-0.150943396226
-7.30638090599
-4.7
-1.92012288786
-1.44292708065
4.2759706191
7.34640522876
3.57327809425
4.85906040268
3.16321105795
3.02702702703
6.42737896494
9.96583143508
6.2464346834
7.11845102506
7.43321718931
3.81282495667
0.890548692904
-1.76520033623
-2.87610619469
-1.6
2.18417945691
-3.30555555556
1.42085819835
3.87819592071
3.12315851503
-1.0802919708
-0.332225913621
-3.74726477024
-3.14412910406
-5.06293706294
-4.11534154535
-4.3178807947
-3.63732208751
-3.02212628171
-2.05479452055
-1.46206896552
5.21181716834
9.17985611511
6.25
7.16382853787
6.42982971227
4.57592538618
-0.714285714286
-0.513405590416
-2.23880597015
-7.16816571273
-10.6044815008
-6.81576144835
-6.50666666667
-9.78767477991
-6.06758832565
-0.724262803932
-2.7446918695
-1.96078431373
1.12594920136
3.63491642345
2.24808251785
4.04094827586
1.48580525338
1.51515151515
1.34444743211
-0.656857593274
-1.17145899894
2.50203970628
0.830876440633
-2.28586442459
-1.62832773326
-1.31371518655
-2.75059508067
-2.61028452101
0.157894736842
0.0
-3.03184713376
0.988247863248
6.23960066556
7.04225352113
9.94600738846
12.7549554726
6.60592255125
1.57746478873
1.42857142857
5.0447761194
2.38235294118
13.2903225806
3.6496350365
-0.171135196805
-4.61275626424
-2.85714285714
-10.1449275362
-0.896990740741
5.03295386459
5.62406015038
9.78670012547
8.86715052067
8.85039370079
9.44262295082
11.5397517612
4.52459016393
3.25839035516
0.986005089059
-4.3287327478
-4.79080166081
-4.11820182333
-6.66058394161
-10.0171722954
-9.07016543069
-9.89928057554
-8.61821315714
-5.54438379776
-3.45399281569
-2.93466223699
-4.63776070252
-4.78665207877
-2.62937062937
0.0
0.166389351082
-0.681384573453
0.688515560452
-3.22144017325
-2.68889486421
-5.72549019608
-2.96217931764
-6.61008230453
-6.92869740489
-4.64102564103
-4.66101694915
-3.81582294582
-4.44826738756
-8.35834680212
-10.0968188105
-3.46487006737
-5.41385948027
-2.23450264296
2.19443133554
2.3596035866
-0.311825377788
2.13811747358
1.98480764518
0.165445521153
-1.16604477612
-3.18160705992
-9.07262569832
-12.4624624625
-11.3926701571
-9.72631578947
-9.57580848383
-5.41111815684
0.66940185705
2.68817204301
-2.44403368248
3.7925021796
3.40983606557
1.35697089079
3.19573901465
7.15228873239
5.01258869306
2.37189527859
1.53333333333
7.92814371257
11.8660758247
6.87377690802
7.37626141278
6.66034605357
-3.60193950589
-6.08092485549
-5.15081206497
-6.26126126126
-4.59068294889
-2.30092488157
-2.30404337023
-1.53072880969
2.02205882353
1.39876175189
2.66327003242
2.95348837209
1.48388592627
0.601017105871
1.60764212488
-2.13055303717
-1.53423402794
3.18181818182
5.615234375
5.48046202998
10.0523821402
4.9003122748
-1.62391150859
-1.53846153846
-3.11904761905
-6.06841611996
-6.09068351004
-4.53830599865
-11.1111111111
-12.1155053358
-8.88129803587
-1.4012455516
-3.34419109663
4.48760884126
6.2
5.02242152466
-0.398759415153
4.96922726237
6.18776671408
8.77447425671
6.77519751017
5.12342803912
-2.07589285714
-7.2967032967
-7.28372926939
-5.88102748986
-3.37533753375
6.26185958254
4.4776119403
-2.53385757973
-0.381593714927
-1.20053357048
-7.74617067834
-3.52237483385
-2.616464582
-4.70588235294
-1.68306010929
-5.67595459236
-5.32718120805
-1.81704260652
-3.10880829016
-5.27950310559
-3.1
-3.38399189463
-4.83005366726
-3.88446215139
-4.88381252462
-0.596421471173
-1.37889688249
-0.474777448071
-2.54319549602
-2.06364513018
-3.26923076923
-6.34475014037
-4.98120300752
-2.48012116622
-2.42754986827
-6.99338222143
-3.29411764706
-3.71040723982
-5.17055655296
-5.44483985765
1.65454545455
1.5625
2.31481481481
1.01559666304
5.24344569288
1.55096011817
-0.820419325433
-3.19110792399
-1.34192163178
-2.28728270814
-1.49145143689
0.95711393337
4.53523238381
3.84615384615
1.12879348631
1.45783354863
0.332409972299
-2.01983106867
-0.129894228985
-2.63063063063
-3.21485979639
-0.914913083257
3.43779677113
1.2969924812
6.1388410786
10.5211212002
9.19080919081
1.32794457275
2.3273706482
1.18034055728
2.13709677419
-0.694444444444
6.51906519065
6.10204081633
-0.423892100193
-5.48780487805
0.0595592614652
-8.90756302521
-6.98557327259
-4.24354243542
-2.81481481481
-6.54916512059
1.22873345936
-0.603773584906
3.10062773445
2.36966824645
0.653594771242
-3.99274047187
-1.7608897127
-3.71794871795
-3.12213039486
1.13314447592
3.37711069418
2.25549658832
4.29799426934
1.49114631873
-1.98074787116
-1.03973264018
-4.4722071338
-3.32409972299
-0.186046511628
2.40758293839
2.76664758634
3.62101313321
4.53667953668
2.89050535988
0.55280213496
0.517836593786
4.16259527067
3.6
4.48
4.12862246923
3.65805168986
0.0782319577547
2.33319688907
3.9501039501
12.7321548445
10.0415663968
15.1576576577
17.170263789
9.19409761635
-3.10060711188
-1.44458818456
0.74880871341
-4.79452054795
-1.67410714286
4.86584811278
2.15859030837
-7.06452973429
-7.65338393422
-7.15025906736
-5.70325900515
-3.19829424307
0.232508983302
-3.79310344828
-0.617919670443
-3.23651452282
-2.35269623152
0.831202046036
6.27290364303
6.09702797203
3.50010736526
4.00606323084
3.23432343234
0.0431313349148
-3.25581395349
1.90371991247
2.82787797818
1.63237924866
2.58849557522
3.47845110479
-0.867678958785
-6.0263653484
-7.41200828157
-6.5922711304
-5.26424870466
-3.51611552951
-2.38970588235
-0.165357585779
0.875547217011
-1.73116089613
-4.45910817836
-0.487804878049
-0.0826104915324
-1.37746710526
-0.304568527919
2.68993839836
2.09587051255
0.45643153527
2.57275411219
3.88103775575
0.495253817582
-4.66864490603
-4.57335181152
-7.29227761486
-5.19896020796
-4.0396039604
-0.882352941176
0.597490539733
2.15698022768
0.220440881764
-1.67445482866
-2.01729106628
-0.770750988142
-2.68221574344
-4.03846153846
-2.07816968541
-1.34571645186
-4.86933634142
-1.53110047847
0.677637947725
0.229313969043
-2.04233197178
0.0752587017874
1.75267770204
0.174553917766
2.32694563942
5.98189689099
5.26836997425
3.21608040201
7.37192836318
3.71121476374
3.75663536137
4.79452054795
2.03035274815
-2.19959266802
-1.57684630739
-3.63958292347
-3.0583501006
-2.86852589641
-2.34685759745
-0.83135391924
3.671221701
1.88601886019
3.24969148499
6.00885515497
4.16494845361
-1.50662916834
-2.90605095541
-4.23478432145
-6.13496932515
-2.86400961346
-0.240480961924
-1.68297455969
-2.13955281419
-4.08124525437
-10.9347128077
-10.8291636883
-8.58676207513
-6.53936227707
-6.47967335345
-5.11171293162
-3.51724137931
-5.28634361233
-5.14354066986
-5.05646384628
-0.0338409475465
-1.54472924801
2.66133240564
-0.238663484487
-0.769359424653
-0.0338294993234
-0.657672849916
-0.930553162158
2.73204903678
4.65604761071
5.68466213801
5.42222222222
0.939293790224
0.439753737907
0.36893886156
-0.815602836879
2.42170429716
3.75383504783
-0.889121338912
-1.43722943723
-2.55701451279
-7.68196335519
-5.16857778538
-1.0522684147
-0.41386445939
2.17122683142
6.61290322581
6.39111434814
5.32340116279
7.72803269552
6.68549905838
5.28301886792
2.46268656716
1.64358264081
1.77727358669
-2.78286341999
-2.08756696841
-1.92131747484
0.277777777778
0.935114503817
3.82056643224
-1.61759360233
1.46676568882
2.25336110585
-0.663507109005
-3.00516224189
-1.75
-2.37447888345
-3.61379813835
-2.38712065137
1.49700598802
3.18776487931
1.69585253456
1.55699721965
1.02822957562
1.79047619048
4.36538461538
3.78802372298
4.05014464802
5.21243115657
2.08049776395
3.48258706468
3.2595811932
2.6123095191
2.6034308779
4.63886063072
2.03045685279
3.51738241309
5.18318068276
0.202224469161
1.92866030693
3.14136125654
2.55872483221
1.03049421661
2.59336099585
1.17498950902
-1.95071868583
-2.59448416752
-0.9375
2.20525869381
3.20485058467
0.953565505804
2.29885057471
1.84595798854
3.64835164835
2.46283558908
6.02197802198
5.88625802169
9.60465116279
5.20231213873
5.59981255858
9.87684134267
11.2232340635
7.5
0.115740740741
-0.25706940874
-4.91389207807
-11.4814814815
-11.7192672699
-3.35570469799
-1.08645399908
4.6875
13.6138613861
6.8884170795
4.31738623104
-2.89562289562
-6.66367511779
-8.63862505654
-4.09502262443
-3.31678700361
0.883152173913
2.55407271054
-1.05168941598
-0.112994350282
-0.314889788574
-2.62403528115
-3.09921962096
-0.974961223133
-1.33779264214
0.520009043636
4.68605724838
2.77268560953
5.86441473141
5.15826494725
3.92387218045
0.277777777778
1.20593692022
-0.559832050385
-0.69848661234
0.401037980656
6.29921259843
5.99803343166
8.66920152091
10.0999743655
11.5526315789
7.3144969633
8.01911842804
7.02658708627
2.65789473684
-2.38890315952
0.986666666667
1.18216012896
-4.68063098009
0.582318687136
3.84102427314
4.1377395168
3.70576762329
6.47026431718
11.5770821028
6.9004847448
-1.55822854019
0.504060487258
-4.37072143233
-12.6418988648
-13.10703667
-10.7587216394
-16.7793055232
-9.09526089038
-9.43925233645
-1.82437363172
-1.1097708082
6.02915740054
3.26248146317
4.46668293874
0.636474908201
-1.56732367609
-5.57629491367
-6.0817084494
-5.9674087675
-3.97273154678
-2.4328081557
3.40168878166
1.15050481334
1.20789779326
-3.90783826519
-4.25909494232
-7.10443747199
-5.25027808676
-7.47904577692
-7.80924614744
-7.14727085479
-8.34018077239
-4.54448927585
-5.54202192448
-3.76753507014
-1.36123527022
2.91754756871
0.770383051573
6.32419598532
8.07883907299
9.37777777778
3.84193194292
2.2314591993
2.68173758865
3.5201793722
-2.76577355229
-0.610953523893
0.241228070175
-0.24320141499
-4.08602150538
-0.151024811219
-1.22844827586
-1.51187904968
0.377274744785
2.26522982186
1.37795275591
-2.82722513089
-2.38245835969
-6.90082644628
-4.97387669801
-1.46551724138
0.866075200676
0.0210881484606
1.46750524109
0.970668917493
-1.65324289953
0.169276343631
0.786397449522
3.53809420447
6.61417322835
3.73790677221
7.60473588342
8.78612716763
5.11065480265
0.908059023837
5.64459930314
-0.136425648022
-2.25988700565
0.205761316872
0.893266147503
0.186176402141
3.16678395496
3.92202912165
2.72428370127
3.85347288297
2.01804368471
-1.43352601156
-4.42199775533
-7.33405875952
-9.20086393089
-9.49720670391
-5.58829949793
-2.77171540812
0.437158469945
-0.89897260274
-0.978723404255
-2.69753610875
1.32684652808
0.262984878369
4.7533632287
2.62008733624
5.11274838134
1.61797752809
3.18860244233
-4.96484125293
-2.59464057848
-10.8301811666
-10.6425702811
-11.1869853384
-7.28960885026
-10.5233111323
-0.985610092647
-2.35294117647
-0.816733067729
-0.197160883281
4.59792993631
3.10975609756
2.71903323263
-2.92013150261
-2.08494208494
-2.38974159705
-4.83558994197
-4.70249520154
0.0
-1.94964982018
-2.85013212533
-3.61670395227
-1.1385199241
0.583544057576
1.63524432474
2.19907407407
1.28398791541
-0.302686341279
-2.54028436019
0.0962834585018
-1.78097764305
1.08799389196
0.494296577947
1.73577627772
-0.80229226361
0.189825360668
-2.80148423006
-1.36883555222
-0.230902443718
-1.50517403575
-2.89400921659
1.37295467369
1.02292100777
-2.67790262172
0.339814989617
5.33980582524
3.74634146341
4.67975411461
4.25614994143
3.86274509804
-1.92344315369
-2.3995429442
-0.138613861386
-1.78331735379
-2.26140283634
-0.830972615675
-2.6149851632
-7.11789589847
-4.50466947446
-3.76244928071
-3.0574880996
-4.83586304271
-3.13557812222
-2.56913470116
-6.33960960442
-5.43628808864
-0.63135741845
-0.654867256637
-2.096069869
2.17084362866
2.32063773251
1.54942119323
-0.45806906272
2.54343542898
1.79662234998
3.12385823895
0.735557947614
2.14144322476
-1.02818649176
-1.85152530418
-2.9948608896
-0.8537886873
-3.15440920181
-2.5397373877
-2.34200103324
-3.7687585266
-11.5203021719
-12.5438195397
-11.3900796081
-9.54828660436
-9.57594448728
-0.438733939204
0.474732006126
0.337941628264
-1.7597551645
-2.40782543266
-5.40981176819
-2.85629277001
-2.98062593145
-2.00929674614
0.514294357888
0.461584276355
-1.45140008796
-2.30052417006
-5.13513513514
-6.09375
-4.9398443029
-3.87542277339
-5.96933187295
-3.56652949246
-2.57403819541
-3.75970576216
-1.01827312038
4.85213896067
4.81667864845
2.99315849487
3.90658174098
-0.194904635946
-3.86420093845
-3.33564975678
-1.30820087213
0.74148010837
1.872074883
4.40922190202
4.27536231884
4.4366093727
3.10202881505
2.1884057971
-0.430416068867
-1.7513882956
-4.5301542777
-4.45287259447
-2.08599404002
-2.44926522043
-0.298126064736
3.48330914369
4.30769230769
1.84997832057
3.79140034863
-1.26156433978
-5.22696011004
-6.99100572363
-6.51263342792
-7.49798441279
-5.27154428363
-4.44269190326
-3.12871287129
-3.75812743823
-3.18719916743
-4.33180894309
2.35436566662
2.94917097037
3.91891891892
5.64870808136
9.99021936566
4.1619955157
3.56087262491
3.20781032078
-0.0274800769442
-2.57282875034
-3.38478202004
-3.04312227074
-3.1735313977
-2.71354097046
-1.97491326394
-0.898966858983
0.978365715861
2.71882369261
3.97498262682
1.73771382026
1.4289602613
-0.0550888307396
-0.565517241379
0.925796044326
1.22303146901
1.00343642612
-0.384140485663
-1.14535042269
-4.9973347548
-3.48806366048
-4.3392504931
-5.0787863003
-2.96374702302
-0.582935877054
0.613824392848
-0.588235294118
0.0130242250586
-1.17677824268
-0.684210526316
-3.84911470362
-1.94821840554
-2.21599592461
-5.60355467786
-7.33967325043
-6.89284434357
-7.94100294985
-6.27834805443
-3.14405260012
-1.78421745899
0.0
0.177304964539
-0.344950636374
0.758853288364
1.0405323654
-1.40164899882
1.43884892086
1.91538368287
1.42944410507
2.73461777502
2.9714978775
1.09090909091
-1.44563918757
-1.83497241545
-4.38554789636
0.365185636032
-1.07913669065
-0.357142857143
-0.938576690032
-1.0234090107
0.182926829268
4.74755086662
8.72378980067
7.73070523486
9.70447799716
6.43821391485
4.90118577075
1.23165618449
-0.471337579618
-0.231749710313
0.626959247649
-3.87537993921
-3.0118185284
1.3949883751
-2.32645875252
-2.97807628944
0.547561441487
2.43426191096
0.259000259
3.67666232073
2.24151334543
0.744066709429
1.41254125413
0.494534096825
-1.14705503287
-0.181065700983
1.36540962289
-0.811837108812
-0.0650279620237
1.55759162304
5.18296830363
5.12645249487
1.9217936741
3.93349553933
1.39349701393
-4.80445480445
-5.24611398964
-1.79554390564
-2.01324503311
-0.659195781147
1.16598978121
0.0648088139987
-1.47210743802
-5.00754906895
-5.1875
-3.46528392564
-2.3417721519
-4.63054187192
-3.55539376289
-3.50982993608
-3.69062119367
-3.63503293486
-3.0447761194
0.475493782004
2.32012834753
1.60891089109
0.0121995852141
3.3950617284
2.55063765941
-0.0616674888998
-3.92390011891
0.0122010736945
0.123609394314
-2.22493887531
1.73149309912
8.40422789379
5.4419143188
1.92768048381
3.53119858246
1.1421319797
-0.346820809249
0.790975103734
8.90504939627
8.08481532148
5.26315789474
4.2727029199
1.88928524244
-0.89747076421
-0.881355932203
1.43631436314
3.32133960697
3.64233876489
-0.621621621622
-1.20562625586
-1.40280561122
-3.87122522283
-3.07896483079
-2.58030542391
-2.31614760534
-0.399201596806
-0.437086092715
-3.02445302445
-1.50414937759
1.35278514589
-0.595238095238
0.989834135902
3.06406685237
4.20213484664
0.910064239829
1.58559527009
-0.29341157642
-1.64383561644
-4.98138400308
-5.53729456384
-4.77287268074
-3.22663913268
-2.75310834813
-1.95115810675
1.17677155283
1.86392075078
0.977453408054
1.70322580645
3.80243041944
1.42708873897
-1.9302058034
-3.20423867794
-1.6247778624
-3.61460957179
-0.93818275286
0.0511574370124
1.5370821058
2.37816764133
7.98313613491
6.26877902213
7.69972451791
8.17514202577
4.79368105679
-0.541052346815
-0.367396924752
-0.683994528044
0.68359375
2.41283124128
6.19074978454
4.61209964413
4.32424718139
0.589390962672
-0.499583680266
-2.98216276477
-2.09059233449
-3.84245917387
-1.68322295806
-0.606896551724
0.659279001262
-0.678294573643
1.13809854268
-0.915926179084
-1.85460944903
-3.28313661647
-1.98100407056
-0.276816608997
0.618982118294
1.72128890113
0.724241596064
0.190320826536
-4.22852598091
-3.32446808511
-3.00520902898
-2.55659121172
-3.15955766193
-0.369783412573
0.736771600804
0.040085515767
-1.33998949028
0.105429625725
-0.799161535438
-0.942144373673
0.456375838926
1.81915462814
1.96183821553
-0.74122236671
-6.3850931677
-7.39589807334
-7.24565756824
-8.40615384615
-4.3175314172
-0.617283950617
0.5625
1.38364779874
2.31708852789
0.79006772009
2.41497028701
0.62893081761
-1.96078431373
-2.12005423395
-1.39730431557
-2.10422081941
3.20654290536
4.84871993794
3.56139902987
1.83855937539
-0.0123762376238
-3.14346787376
-3.97318102806
-4.27663734115
-3.14672521039
-4.09495548961
-7.39403819283
-7.60582769301
-5.94184576485
-7.15660740573
-5.05972503944
-4.41847523651
-3.11214849394
-2.98807001895
-1.74677347575
-2.35475352113
-1.73884514436
-0.232867598137
-0.455049944506
-1.11123335901
-1.2817727569
-1.46551724138
-1.07503290917
-1.58383397051
-1.89962223421
0.359751444457
2.06775186978
0.651429833278
0.803787711958
2.22884254662
0.28424620094
-0.764025321982
-3.62843158119
-3.07363927428
-4.47934232715
-3.50247916447
-2.78013582343
-0.392156862745
-2.6594639518
-2.33659289758
-2.58966190525
-1.93548387097
-4.18401543617
-2.24433837717
-0.399835964732
-0.205107168496
1.08341222257
4.73303552436
6.77727174149
4.23167343449
4.4227886057
2.75616083009
3.04690925033
-0.162390386489
0.775360758131
-0.330878428861
-0.0108073057387
-0.295049721342
2.54218472469
4.06813851844
6.32092600999
2.24309392265
0.428007023705
4.11465557097
2.02378230048
-1.09988776655
0.421660008877
0.120865838919
-5.75163398693
-4.83133841132
-2.47373029772
-1.48666375164
0.408208296558
-0.282424505757
-0.948480275922
-0.932552591629
-0.0218579234973
-2.0531661984
0.261380962753
2.13562307354
3.08517773307
1.14967941632
-0.665521683126
-3.16388947479
-4.42924776433
-8.12365204889
-6.90542348461
-4.68590137098
-5.14205682273
-3.89282103134
-1.64646464646
0.371862410908
-0.529208223082
0.969696969697
2.45519527608
2.32558139535
0.560922405734
1.48729601322
2.69709543568
0.363901018923
2.15394361736
2.80862879111
3.46227826459
2.31373381448
7.10467706013
3.53082641014
2.40594925634
3.80476982806
4.44518346081
-0.619743249225
0.0984790458475
-0.152871806071
-0.595434998346
0.0443606521016
-1.12703796914
3.14898419865
7.23653395785
8.66283249461
7.88466140225
7.5809299588
0.636074511586
-4.75128262324
-7.07048212894
-8.28486777132
-4.40018005852
-0.0113571834185
3.41407151096
1.99886428166
3.08823529412
1.46152089518
-1.53209572803
-3.50584307179
-2.34028393966
-2.08241027913
-2.30897936419
-1.62816281628
1.09135913591
1.30337078652
-0.110643947776
-2.51196172249
-2.80153977759
-4.94117647059
-4.94499626188
-3.89196086772
-1.99296600234
1.13550340651
-0.984856507466
-0.72102640229
-0.0743810434598
-1.71781711532
-2.84723681446
0.489517931255
0.169941582581
-0.444303395747
-1.14930627459
-2.32939969215
-3.14368171511
-3.51506456241
-4.09861012478
-2.02880908906
-0.874783847015
-3.17365269461
-3.19444444444
-3.5518590998
-1.97872128865
-0.162486036356
3.44827586207
4.00330169212
4.49897750511
4.06663907285
3.31549679992
0.969456895653
0.779868982011
2.62329485834
-0.729327170005
-3.43465045593
-4.04121236371
-2.81932093775
-4.54727564103
90.8823529412
94.7898164594
96.7138921684
85.3183520599
87.6691729323
-2.48565965583
-3.31997710361
-1.98649951784
3.04901582401
0.776662246638
-3.94857667585
-2.78241513634
-4.01703072936
-4.84759456482
-2.94171722743
0.796001480933
0.559597090095
0.633383010432
0.220831799779
-1.10909090909
-2.66666666667
-2.17153284672
-2.85921100253
1.21065375303
2.88065843621
4.42144873001
-0.0364830353886
0.821018062397
-1.82848784056
0.469836496899
-0.468164794007
2.48644606468
2.06703910615
1.69207883972
-4.10884844116
-6.21707060063
-8.17167381974
-8.22081695437
-8.95547655324
-4.86884964855
-3.2619775739
-1.75409006578
-1.49831649832
1.32075471698
1.02182196051
1.97505197505
4.07231876426
4.55905650414
2.08369812642
-0.448275862069
-2.0366598778
-2.34830305108
-3.25272479564
-0.764552562989
0.0172443524746
0.289361702128
-1.13540077953
1.62686050537
2.36570615439
5.07338285921
3.76192158248
6.19039049847
3.99568034557
2.66617969321
2.2037037037
3.43441724516
0.98128293658
2.96515937732
-1.20873173372
-0.0555247084953
11.8969746525
9.38183263765
7.29767349374
9.65380811078
8.27655310621
-4.20990796945
-4.33542498574
-4.60925644917
-5.84838889924
-6.69409124907
-4.63118580766
-3.0599078341
-2.8202764977
-0.757855822551
-2.21247028707
-2.4056861673
-2.12881111312
-2.95169946333
-4.63599506434
-4.83730642074
-4.20740223464
-3.95078842488
-4.86725663717
-2.20651611791
-0.828300258844
-0.29590948651
1.06830122592
1.69608861198
-1.67796610169
-1.46233633736
-1.50865763758
-2.89115646259
0.0
2.89501220788
1.23945601653
0.516973978976
-0.288282177378
-1.65106382979
-2.33350366207
-2.5989268947
2.11156079535
3.93020796616
2.92571829012
0.444824636441
1.93129379593
-1.83105890482
-1.90179806362
-1.82318541452
1.17708153021
1.22837370242
-2.32832799055
-2.41268770035
-3.82133995037
-6.14134849716
-5.70962479608
-3.3588781999
-4.72592830735
-3.01620407508
-2.23951715375
-0.921286568612
-1.88769796833
2.35274761435
2.11336828309
2.62428687857
-0.322216851941
-4.08163265306
-9.99555752999
-8.90911804208
-9.64653902798
-10.3552859619
-4.70829068577
-0.880669308675
-2.45997088792
1.10184633711
0.624909170179
-0.0876552227904
-0.901818181818
0.116584086272
-4.35773283965
-3.89664804469
-4.8777098388
-4.58015267176
-5.46907287505
-3.88721598686
-1.03662750518
-1.01788170564
-1.97278911565
-0.670498084291
-1.78787471434
-2.67688996503
-2.55997855515
0.38240917782
0.0547645125958
2.74861878453
4.11764705882
5.15856236786
3.12676056338
1.52905198777
-2.54408399515
-4.67289719626
-6.92640692641
-6.39419907713
-3.1893419459
-2.51935441543
-1.78337267244
0.966887417219
0.623507561687
-0.747963136103
3.4478077915
5.33149171271
5.13856008912
2.55782312925
-0.571049136786
-2.81002638522
-4.29610046266
-4.1510945008
-2.58449304175
-1.7740673102
-2.62076053443
-1.67663114115
-2.00130804447
-4.38474211127
-2.92516145372
-0.166730793895
-1.19429818929
-1.20186094598
5.31162418257
3.9763001975
3.87689848122
2.81225244257
2.31389660188
-3.29117191533
-2.75288092189
-4.75827940617
-5.30132533133
-5.34418022528
-4.51072220853
-3.54452266271
-1.01733232856
2.78884462151
3.13669807667
4.91336953711
6.66578843367
6.70061645671
6.91123935147
6.31261149993
4.91047205643
3.15260225574
0.892374256355
-2.20370868046
0.983924611973
1.05551747772
0.409332787556
1.57945337179
7.34169912015
5.3738317757
9.30476475877
9.56794737629
7.83471563981
4.53860072376
3.24136891301
-1.0966212211
-5.58927311221
-4.29482636428
-5.18942101501
-6.56430483167
-6.88560783773
-1.97841726619
-2.20404768506
-3.49061810155
-0.921144452198
-0.330078393618
-2.84946236559
-3.141783029
-3.06272569212
-2.02379324491
-1.27630685675
2.50757784514
1.65142623175
1.86648501362
2.55223671294
5.66714490674
4.89955195838
5.89680589681
5.65711818051
0.267154105737
0.897510133179
1.22896854426
-1.88598979013
-1.6841211435
1.41166405247
-2.31900452489
-4.01628984693
-0.493862000847
1.36278869603
-0.876325088339
-2.76364636326
-2.58549931601
-3.15660016398
-2.63966480447
3.2545242265
6.45491803279
9.05564672535
10.9460278957
6.21569500074
-0.853711474461
-1.49942329873
-1.87381056946
-3.35531135531
-1.59124087591
2.82696027377
5.89312977099
3.51568419457
3.29953080067
4.66004583652
3.30464186904
-1.28108515448
-1.90277984243
-5.18082663605
-5.32330392015
-3.98465171192
-1.44087938206
2.68661273088
6.95318495779
4.22131765415
3.43459013891
2.88858321871
-2.20928496791
-2.11838942308
0.68306010929
1.50294391075
4.23769316552
4.13492927095
1.00151745068
0.304506699147
-3.07854032137
-4.60486322188
-1.5758873929
1.21333128552
0.213610009155
-2.41793669402
-3.30639235856
-5.13788098694
-5.71966406024
-4.06908665105
-1.45848375451
-1.49102489867
-1.4729014729
-1.2017167382
-1.10017371164
0.333236742973
17.0847457627
15.7398212512
14.7218119153
11.5813277338
10.6976744186
-3.70491268157
-0.559578670178
0.362378520837
2.3305785124
2.95574636724
1.39003806057
1.52046783626
1.31842456609
0.665557404326
2.2972972973
1.39261744966
0.554435483871
-0.728959575878
-2.19690805533
-3.5359296073
-2.19888414834
-2.28205549171
-2.94259527255
-2.13409778627
-2.38587561635
-1.66209456188
-1.12012987013
0.209474701901
1.22521360632
2.74554665795
0.780614734103
-0.884955752212
-1.57018239492
-1.53968253968
-3.4858044164
-2.5051530046
-0.208734746307
2.53699788584
1.41661300708
2.55580718214
1.85723514212
1.23537061118
0.195535277823
2.15425094557
2.03003796006
1.67487684729
0.0813404912966
0.0978633175665
-0.847872166966
-0.931981687377
-0.16393442623
2.07572235138
1.6918228562
1.17123061696
1.3925729443
1.66666666667
0.803481754268
1.77245104659
1.18511099983
0.701168614357
1.0611419909
2.69898573148
-0.537273337811
0.301356102461
0.452792218682
-2.81551808807
-5.72123176661
-5.27989821883
-6.77384111128
-8.24742268041
-6.3754789272
-4.32625213211
-2.39056193729
-2.39183424741
-0.975163797044
0.694444444444
-0.170278637771
-0.478912405376
-0.785973397823
-2.94291629695
-4.2411703857
-4.9021051082
-5.1018912183
-2.39008557096
0.535236396075
0.609574784419
4.78173685022
5.86683222102
6.07198748044
6.69416243655
6.4745923698
1.90191763596
0.311380974622
-0.622083981337
-2.11180124224
-2.16818956172
0.44205873066
0.927089880578
1.32366845257
1.96326789107
0.623344241858
-2.34350909652
-3.88158888385
-4.62879470995
-5.56220095694
-3.99461400359
-3.02033492823
-0.0452898550725
0.528780782596
-0.223780396837
0.134831460674
-0.535395597858
-1.83758150563
-2.12923258909
-0.46035046035
-0.298730395818
1.34137151469
1.26050420168
1.25767330439
0.657698056801
-1.04936446941
-4.35346691653
-2.88545613524
-7.00362016151
-6.88935281837
-7.07320423019
-5.27106377168
-6.0
-2.63015184382
-1.0603139631
-0.587110868378
-0.231607629428
-0.490730643402
0.902872777018
-0.0688041832943
-0.25874982977
-1.80602006689
-0.609673485978
-2.37713675214
-4.75753604194
-3.39429022497
-1.57998683344
-1.37626937467
0.147117828006
1.93720774883
0.662163951794
-0.105221623044
-0.782182155641
-1.24157971206
-1.18811881188
-3.78440366972
-3.24510053449
-3.46813411825
-3.29544003066
-3.68722186904
-0.254194204372
1.64273703273
-0.48395313296
-0.584126984127
0.730020491803
-1.56386838484
-4.23634336678
-3.19319442732
-3.78741600489
-5.34610255789
-1.78176456132
-0.908309807291
0.259579728059
1.42503097893
2.7400672562
2.3519054207
3.00922999115
3.32056194125
0.310752019888
2.94909603795
2.60678797264
0.355284862327
-1.91657271702
-0.9480423541
-5.08701472557
-7.84873349982
-7.42393985669
-7.06635622817
-6.07146987394
-4.70833816537
-3.32260289722
2.31971153846
4.75609756098
5.89027675729
7.11801242236
11.0997573126
9.44488292555
6.43821391485
3.62944162437
0.461749656808
-2.95029131028
-3.72340425532
-4.88888888889
-2.0387866733
-0.951792336218
2.79051987768
1.81818181818
3.97946084724
4.78051322131
7.9386257505
7.50684931507
6.75936123348
5.19918973666
3.352180937
-0.464807436919
-2.8867899428
-4.82180293501
-2.56578947368
0.161812297735
0.346481876333
0.683096705063
0.725880955523
-1.10605074821
-1.82684670373
-0.937293729373
1.66122004357
2.75291564958
4.00595479767
3.80651367322
3.78133990958
0.382722799344
0.0678518116434
-4.60883036406
-6.5973559235
-5.66110895696
-6.39713408393
-5.18528049408
1.42726201388
1.63057657188
-0.129082225378
-0.34425602448
-2.31271995978
-4.10597689603
-2.41853360489
-1.48779247202
-2.36524337109
-2.18834521761
-3.47836625864
-3.20354854608
-1.00704934542
0.0373599003736
3.17097919838
6.12218649518
5.22494489822
2.29204223539
9.14775044176
7.26530612245
4.47460360118
1.76804327748
4.00428552297
-1.95895522388
-0.541271989175
1.30683365097
1.58155743198
1.855135725
0.374531835206
0.544217687075
-1.94874532835
1.3722826087
1.21496617424
6.17809970175
5.60344827586
5.41719431546
5.09781522205
3.8720780152
1.39688940092
2.05278592375
4.08611599297
3.07624374448
1.60279761037
2.37358101135
-0.900900900901
-4.08765276022
-5.27049637479
-4.54798331015
-5.87010824313
-4.42994028607
-2.09049649292
-3.53732347007
-3.09973045822
-5.90232436668
-2.31958762887
-1.50365754538
0.175154944759
1.10369260117
7.61663856099
3.75791695989
4.20666290232
3.78967976507
0.907465970026
-2.11829436039
-3.58257565477
-2.59865255053
-2.25533078185
0.234288864388
2.93076596347
4.70304063654
6.12870275792
6.4455114215
8.0565897245
5.05726610144
4.40587449933
3.81760339343
2.17035825777
2.67584097859
4.60557025051
7.90779574196
5.09473013851
5.40582889376
0.491702519975
-1.50191570881
-5.24799029273
-7.91672775253
-7.49383968691
-4.90940970193
-8.08564586561
-8.124303233
-3.86187455955
2.17713270142
0.676669608708
3.90807962529
5.51389501544
2.20397579948
-3.54285714286
-5.12212142359
-3.00965360591
-2.77340957827
-1.39204545455
-1.75438596491
1.21486085605
-1.03961787019
-3.18339100346
-3.95634379263
-4.00161681487
-4.83936012905
-1.58993502005
-1.29781420765
2.17451909674
3.29853862213
5.14487632509
3.56529209622
6.51920838184
-1.19818206859
-4.51827242525
-6.50191621514
-6.61853188929
-7.70883695944
-5.54182385846
2.06157602062
2.50609590897
-1.63093515717
-2.84446764092
-0.633402275078
-4.2840451772
-4.24179530419
-2.88670328267
-4.176044011
-1.46478155649
-0.0519008693396
-0.950790183734
1.34627831715
3.0802938523
3.0856092437
1.79632809404
4.05080213904
2.26370135028
2.15931533904
-3.61933687674
-3.66458837002
-12.2889305816
-9.34837393496
-7.38934276308
-3.26845391113
-3.94769005133
3.68389057751
0.361315187282
0.613421666053
-0.232046897899
-0.643594414086
-0.664251207729
0.33836858006
-2.06656253755
0.306259953448
-0.0849308420286
1.27201565558
-1.27654497733
-0.999167360533
-1.35347432024
-1.29341317365
-2.31780167264
-0.545799715235
0.274332061069
-0.779376498801
1.5567988324
2.63641937462
2.84319707138
0.781343911528
0.748973181928
-0.508228460794
-0.947406777602
-0.570249939335
0.885277710405
0.0604375679923
3.31291411426
1.88095532731
2.89637952559
4.47231724313
2.7701863354
-1.8527607362
-0.12359411692
-0.731193456438
-0.966122961104
1.28334172119
3.06019221042
1.1375
5.28444676409
4.07417080178
7.00053850296
7.22711864407
8.37171498239
3.4417600216
8.74751491054
5.64642298393
4.15195593843
6.20054668393
8.27122607044
2.92312189418
0.716229766509
1.6362853452
3.68436754177
-2.97745640153
-4.74732006126
-1.52348709268
-4.86139560289
-10.5894905308
-2.60977630489
2.93780452852
0.581725312145
5.83899407429
5.62050993098
0.48563896212
0.373993095512
3.43410625183
2.6101141925
4.12144323849
2.21245213445
0.855940809517
-3.8928067701
-4.75988700565
-5.05500626654
0.973793498496
-1.93484137146
0.781805259417
2.2825772898
4.54214587276
1.49709302326
2.31441048035
0.113846591718
0.962660443407
0.0145602795574
-1.09258194365
-4.15736607143
-0.650360525944
-0.752750434279
1.40262808209
8.78949014701
11.877633838
9.52307215856
12.5448028674
7.81598217128
-1.34238543435
-2.12343415826
2.16737857934
-5.17534373552
-0.522565320665
-0.780771586038
-1.54910512859
-2.15170278638
1.87283600881
2.28377065112
5.42285345384
3.68002494932
7.86441809985
6.61073825503
8.41088674276
18.6518575259
25.2294473736
21.7276422764
25.9243608705
19.5173137461
16.5625
18.7340598192
-0.565885206144
-0.336913034323
13.2905373276
5.73518999292
9.68972533062
20.97799511
22.3023435488
15.169769989
19.8246606335
18.0780780781
24.7712019524
11.1015736767
1.05146651909
-5.37864597271
-12.8272251309
-15.9702640349
-17.2781065089
-10.5445544554
-0.61170212766
-0.650195058518
4.27693130179
14.5918090589
15.165336374
-4.59274295864
4.03138528139
4.78991596639
1.87897209174
3.57248302332
20.006090134
6.60513412172
-1.76114474408
-2.89777300778
-13.882532418
-19.8828982679
-5.22143247676
-4.36842105263
-6.0025220681
4.82409381663
7.13538944067
-13.7670909948
-10.3350637093
-9.20540416762
-11.0900473934
-9.07794676806
0.497512437811
-3.24200913242
-2.19484882419
0.0948766603416
-1.42890606699
1.02920057444
6.49161196207
6.53781913624
-1.31086142322
0.826641473784
-4.30600091617
-7.92478173271
-10.6587081646
-7.29166666667
-7.55458515284
-0.0228990153424
1.47660154475
8.58796296296
11.871813547
10.6280193237
10.9783989835
11.7542523483
9.22882427307
7.48956158664
4.67762326169
5.69433252753
10.4598990466
21.0590756045
18.5643564356
19.8484848485
16.8916797488
15.5915721232
7.85737867283
7.76925641881
7.8431372549
0.759253400823
-7.30168269231
-7.42665036675
-3.00776196636
-1.70253774494
1.90199871051
7.56302521008
12.9054520359
8.72011251758
15.2109548483
16.3540885221
23.1687898089
11.2903225806
13.6236516181
11.5146512588
8.32994717594
13.3062697339
15.8878504673
-1.61163522013
3.1502767135
5.94059405941
-7.31605351171
-15.239532252
-3.30672748005
-13.0643967432
-13.2561613144
-9.46252838759
-1.19269474469
-4.22278849654
-4.89264343541
-1.07129663835
-10.8336145798
-8.74149659864
-4.98097544102
-7.69980506823
-10.8072487644
7.62804213585
5.15021459227
-0.27595722663
-2.40963855422
-5.59875583204
-12.0728201852
-5.05942275042
-1.96144741292
-3.0135301353
-3.04583835947
-4.25076452599
-10.8116293156
-9.59951085295
0.71229482812
8.79265091864
4.17330359987
1.75654853621
0.801232665639
-3.98453761522
-8.71518418688
-4.240390482
-3.68061739389
-8.79707700956
-9.7423510467
-13.2276507277
-16.8231413347
-15.775
-6.17088607595
-6.00403632694
0.130106687484
3.54703100368
10.8647450111
5.12891599667
10.9121432569
1.72048703017
1.03530661003
-3.27077747989
1.49127743388
4.16788108423
7.94285714286
7.47503566334
7.83463428737
0.225606316977
-8.62849533955
-6.54205607477
-4.3917075832
-9.021567596
-7.8242786587
-2.64454239046
-2.06589958159
-2.55183413078
1.09013560223
1.96130400212
6.78294573643
7.53655793026
8.10344827586
10.3579812207
12.1248142645
11.6192830655
7.75757575758
4.19161676647
-1.18875036242
-2.63310185185
-6.85089234312
-0.121065375303
0.632720699006
8.66414618778
9.02208201893
14.6913172664
8.0444735121
8.28711256117
3.96331477236
-0.314465408805
-5.13623551519
-9.63356973995
-10.2489019034
-10.1794645484
-13.2332878581
-19.0826153066
-12.4676668391
-17.2321861367
-19.0714285714
-14.4890340644
-8.01864801865
-7.57829309108
-4.9527758581
-4.6754425783
-5.00886524823
-10.4197118396
-10.3130360206
-7.91260076368
-7.78568438677
-4.30540827147
3.47882454624
-1.97562000841
-0.063599745601
3.86956521739
7.28100113766
2.59365994236
5.33539960151
3.67032967033
-2.74841437632
-7.59041211102
-5.68680744303
-4.40211640212
-3.35598980459
1.26311282381
4.96579121607
9.10127737226
8.59572512066
4.52930728242
1.30123617437
-3.53417074729
-9.44019830614
-10.6387348532
-7.19142798269
-5.45417264712
-9.14893617021
-8.00076016724
-9.64928558174
-9.1538749532
-7.0339306138
-4.85829959514
-0.978547233722
3.93442622951
4.3359375
0.536604062859
5.31007751938
3.52620300019
4.85338725986
4.85357362277
2.81773399015
-0.193423597679
-1.09826589595
-6.85628178565
-8.96718866518
-4.33553251649
-1.97193780812
-4.78811227298
-3.06737264926
-1.70423309511
-8.29732065687
-11.5249119275
-6.66095890411
-6.75859720804
-5.26041666667
1.36674259681
5.15082025049
7.29377181701
2.60262008734
4.61314929168
2.84735988466
0.407368048176
-3.18392031306
-1.27608208312
-4.40972222222
-7.51666666667
-5.83722481654
-6.39360639361
-0.990268055318
-2.0074855393
-0.662251655629
0.133600534402
1.09409190372
-0.0682477392936
1.43226919758
3.88716890265
3.24137931034
0.626693766938
2.01914708442
-0.7535536907
-2.58042895442
-1.59484221242
1.44329896907
-1.45797598628
1.44197359277
5.85313941114
4.91278034888
2.21285563751
1.37367414363
-1.26929674099
-3.12714776632
-3.52052206766
-1.02555188597
0.559538380836
1.21527777778
0.535498358957
-0.154320987654
-1.37150694325
-2.25602461118
-0.996906153317
-0.275624461671
2.33374276189
-0.375747224594
-1.24894514768
-2.10331482416
-2.7149321267
-5.55187272125
-8.7010759395
-4.80398457584
-4.6526552222
-3.72700871249
0.365934797073
5.25192844247
4.1499330656
9.63940193492
14.2488479263
9.03155603917
9.09579230081
11.8263473054
9.62205939067
3.84762633997
4.15564790329
4.29505135387
0.0936504963476
0.894941634241
0.946859903382
4.2536431666
0.0373622267887
0.451552210724
-8.45948352627
-7.91814946619
-11.0994397759
-6.90434782609
-8.06088911953
-3.60515021459
-3.15354127176
0.811860218849
0.948033707865
1.79609086107
2.10341805434
0.311149524633
-2.56233877902
-2.74884753287
-2.84003421728
-3.68056728009
-1.79935494823
-1.74045285569
-0.357264375638
-0.764006791171
-1.87210072896
-0.941651252732
-0.454163162321
-2.39123214879
-1.45557972227
1.66750884285
-0.800667222686
-4.74282967473
-2.96487270384
-3.81396845832
-4.91672005125
-5.56080655325
-1.18746041799
-1.2569610183
-2.89107673074
-3.92368056624
-2.77224689845
-2.03195284629
-2.52791563275
-1.96108472499
-2.60752285329
-1.35972201239
-4.17657550535
-5.4822632659
-2.40729665072
-0.388117629497
-1.94074074074
-0.693726937269
1.05169604503
-2.76243093923
-6.50383810188
-1.50299139063
-1.76888502247
-4.57950530035
1.01336466441
2.4449528167
2.74362818591
4.56337174045
11.4173228346
9.64573268921
4.87329434698
0.953534130468
-3.21349963316
-5.09639814676
-4.28483353884
4.56255879586
4.55768317772
10.9212239583
14.0446565536
7.97137626893
7.70010131712
6.72183752744
2.86288297338
-5.46245568804
-1.10269914417
-0.0843597098026
-2.71114032205
-2.25822287678
7.44459833795
8.83037793301
4.69881646352
7.12902657983
1.93494578816
-4.10094637224
-8.47540983607
-10.7942010715
-11.7720142879
-7.69822940724
-8.53454821564
-7.67367943091
-1.01388238964
0.0932690812996
2.49329335648
1.76170607325
2.59316770186
5.35743631882
7.09172631929
5.66950141738
9.34437309902
7.67430195619
-2.13895143133
-4.90739274972
-7.33930778739
-7.93403858121
-10.4506662674
-6.77661169415
-5.0218012329
1.2198936503
-0.802469135802
0.541923829595
-0.254224614924
-2.19117647059
-7.7477997403
-7.41534504929
-3.97513732293
-4.08777969019
-2.01729106628
-0.63082437276
-1.49190710767
-1.6910615319
-1.96850393701
-3.5575319622
-2.52934600335
-1.41529068961
-1.47017642117
3.50749526998
6.60740740741
5.21982061462
5.22704044386
2.40894751936
-1.49103942652
-2.58334536008
-1.23438861458
2.46858168761
7.22632226322
7.80525502318
8.35027365129
4.49165402124
3.67612843183
-0.184162062615
-5.07629107981
-6.69681937555
-5.96461187215
-7.50358680057
-7.88804071247
-3.5107587769
-3.81700813921
-2.99003322259
-2.96533481832
-1.92707611257
-1.88888888889
-2.62366766876
-3.35785953177
-5.96936771829
-5.31635599895
-5.58615263572
-8.21522638906
-6.02212723158
-4.11698255303
-4.76309538692
-3.0757498729
1.93045256968
2.93775074414
0.340050377834
1.1507334345
-0.0762001524003
-2.67512753515
-3.38834708677
0.0756238971515
-1.50703699091
-1.46414716556
0.777429467085
-0.324027916251
1.00572883514
-0.0373505976095
1.29293953606
1.81284309971
1.50537634409
-0.127145581691
2.6847353618
1.47928994083
-0.343511450382
-0.277532483916
-1.37931034483
-2.07811717576
-6.54003366194
-5.91333492938
-4.63185755534
-2.63704065438
-3.12878971623
0.897622513343
3.08489634748
1.58885358103
1.91613786239
1.5892571147
-0.806160510167
-3.48934143146
-2.59523809524
-2.73508410989
-4.15633486834
-1.21240936646
0.358551452133
-0.709219858156
-5.51172098342
-4.43466486121
-5.87379727008
-6.19955156951
-6.36413945766
-2.42133452354
-1.17096018735
-0.622637313765
-2.65196987886
-1.88945596699
-3.75859106529
-3.78755364807
-2.86208013824
-1.7899249732
-2.68413822255
-1.53325578936
-1.32345156167
-1.57329648134
-0.416266410503
0.906376626146
0.745712155108
0.843476404015
-0.0849707912905
-0.0213424394408
-0.782903089293
0.35279025016
-0.0746825989545
0.813791626512
-0.255455029271
1.10172210932
-0.6373486297
-0.297840655249
-2.95126260002
-1.66422440862
-0.128191432539
1.49865229111
-0.59215396003
1.94935904227
-0.219321148825
-3.12532339853
-3.0622909699
-2.51520461808
-3.6935006632
-3.37067312544
-2.32487617507
-3.92609699769
-3.44381407385
-2.58423615943
-0.701473093496
-1.66003976143
-3.81495074367
-2.70191748983
-2.32038834951
-3.63109608885
-2.67027863777
-2.19157377669
1.22537006176
2.97940411918
2.96311027145
1.33333333333
2.84659477315
2.15301421991
-0.94087352679
-3.52997601918
-1.00931677019
0.783315382356
-4.10064342649
-1.35795232513
5.9558898262
3.01939612078
0.0293829578844
3.35483870968
1.95219123506
-4.58688906129
-4.79725870931
-5.10270471233
-5.65596029591
-5.95728737355
-4.84451416444
-3.69419745165
-1.65447897623
-3.39243712683
-4.27687617681
-2.67624607095
-3.5625884017
-3.5103192803
-1.5759950138
0.477477477477
1.36549840692
3.00491713713
3.95159072155
5.38613118138
3.13109727771
2.11005763153
2.43447439605
4.97593840231
0.442978322337
-0.600295530107
-1.68159385853
-1.50666054203
-7.18241915312
-5.78101411953
-3.87073863636
-5.19019149121
-4.82644050013
-1.17418557429
1.6610995757
2.9710211171
4.59488852637
2.4270105678
0.354390006202
0.71831242044
0.699622572034
3.77127809649
5.25025921388
10.5701410658
4.49406175772
3.16239316239
1.91699415317
4.12209245265
0.521910388971
1.93704600484
1.06536135906
-0.258126195029
-3.69565217391
0.306203081786
1.03728349154
3.05637982196
4.74664530342
5.92711253504
3.26397388821
2.95184364296
4.45293935324
4.63118189438
2.06417330881
2.49869315212
3.98072491096
0.875455966649
-2.79079242208
-3.48160568103
-4.49326010984
-5.06215813028
-4.0595940406
-2.59920634921
-2.3593990755
-3.1056501548
-5.5513808003
-7.92671699503
-7.03679793415
-5.66860465116
-7.40840275911
-3.57757449506
0.425295857988
1.40278686991
1.32547864507
3.76464026771
0.960131675201
0.333951762523
-2.47172564757
-1.51391532953
-3.60215053763
4.0038040894
2.0253643763
4.22053231939
8.85139135583
12.0032115616
6.43789857273
4.90468625894
8.25272689854
5.25550477773
11.2674483529
8.57237059017
21.9370460048
11.0882487426
15.2915818465
2.63610315186
1.31388486805
-9.59833643428
-2.09289311696
-4.7124600639
4.70418816753
12.3046142303
14.3697584178
7.67654856592
2.62295081967
0.0960960960961
-6.09441052137
-9.37039137833
-7.6255148614
-6.15384615385
-5.9853190288
-0.257671585851
2.85880980163
1.28537602886
4.54963235294
5.46688899476
1.80040538929
0.799811808986
3.7916910474
0.508083140878
-2.25844004657
-0.862884160756
1.62562754004
7.67389112903
17.1853856563
16.3011102085
10.0845803513
7.71211535986
5.70058604156
-1.97638944157
0.0270855904659
8.92983699504
7.07196029777
1.10422838675
-2.20521468414
-2.22457627119
-10.8429167193
-10.0669476816
-9.1064871481
-5.34135559921
-10.1914615293
-2.93179587831
-4.79225684608
-2.22594542843
-3.34678376454
-3.77617576382
-11.1692274164
-5.75147402381
-8.74740635579
-12.5298453234
-9.76768198245
-2.84776625026
-1.89894139474
-2.52288694912
0.34375
1.15939001462
-0.568421052632
-4.44259046824
2.50982103885
4.12147505423
-0.405700613752
-1.58499948203
-1.21561759555
-4.29242819843
-1.71623494297
2.34216970084
5.93722563652
7.86754083787
9.10437556974
8.17573800738
2.67818102317
0.640600839408
-8.0608908868
-9.35757074985
-9.9387267629
-5.5446566856
-5.64818674448
3.15101696701
4.19715884632
0.333437532562
3.87172887173
5.47373049022
9.06896551724
5.95210946408
10.0573394495
6.86532951289
-0.817616919219
-5.05293026301
-4.47663653197
-5.47425474255
-4.69688694702
2.64070717243
1.15919629057
1.33554083885
-1.84081719515
-3.47917764892
-6.43844221106
-5.40935672515
-6.69412976313
-5.98239295718
-4.80730630269
-6.29782224838
-6.55737704918
-6.06558962949
-4.12430462306
-5.77777777778
-3.50246118894
-3.65704615963
-2.74720105372
-4.39248051353
-4.99505884467
-5.06829618979
-3.65908885065
-2.59347507331
-1.33007600434
0.888244357836
-2.3345620502
-2.96185621375
-4.12090325982
-3.08663626798
-2.21572276877
1.95973154362
0.0703605980651
-0.559196155526
1.34186439172
-0.991575991576
-1.93067134708
-1.13043478261
-1.17433727657
-3.15834767642
-1.75862068966
-1.45291014443
-0.656530753283
1.40092811488
2.47817267837
3.12027735799
5.0322463439
9.27971301803
5.47654229775
2.8200943054
2.05951732898
1.05562695062
-6.50485436893
-3.55393248419
-2.79418245923
-2.95826730058
-4.21172953486
2.29324665944
3.0
6.595884619
5.33246777335
4.57931034483
2.49861188229
4.54632649146
0.386719486889
1.229815997
1.3986013986
1.74183221919
-1.88217579522
0.141683196373
2.84831514917
6.79079956188
4.38329238329
-0.169109357384
-0.0188875247899
-2.96983323965
-7.36094456231
-6.83087629338
-0.856929955291
-1.7079736378
-0.149672591207
0.00922509225091
5.5781129157
2.84510010537
3.03175210406
4.01868249489
6.16002350406
0.789242911429
3.69524187941
6.21698496546
5.7413314127
5.82443776557
6.91738722784
5.47988264878
3.07853403141
3.83547008547
4.11091929219
4.4959721315
8.70159453303
7.69057284619
1.76125244618
1.30068859985
-0.659673407592
-3.95974622621
-1.40093395597
-0.583657587549
1.45265025505
5.53526592102
6.89897100094
8.02306029306
10.6037059175
4.06185091161
0.550837732385
-2.37442922374
-2.26552412255
-3.90580126364
1.60628444132
1.45534986611
0.770735074198
-1.78694950427
-2.01485817199
-2.15670528852
1.07084019769
2.31873822976
4.64470985644
7.38547080865
5.98176291793
2.8440033886
0.0588858791662
-0.944072657744
-4.31413370345
-5.23101739832
-2.34014891857
2.1289391388
4.24816245173
8.4273890143
8.97790055249
3.09491897161
2.45224892175
-2.00219753388
-3.36888027145
-3.61854048167
1.383570105
-0.527089973033
0.589463342748
-0.0968523002421
-0.804321728691
-6.04688950789
-4.79635896837
-3.30127063294
-0.0604960677556
0.216554379211
1.34086097389
-0.764331210191
-3.45104333868
-5.23962393946
-5.97285067873
-4.40746570722
-2.55050220065
-0.739729145328
-0.44515466271
-0.214471159273
-1.1887568048
-2.02344095533
-2.68025251966
-1.25112714157
1.09551523451
2.90385274951
4.39801454462
4.97616556214
3.05494250203
3.74097312655
2.50791046525
4.80280667796
3.93957703927
1.53319966977
-4.12031782066
-2.03214695752
-6.70428893905
-7.14766606822
-6.49536832819
-5.44166577224
-5.31579519513
-4.80283657462
-5.13093463913
-2.00994164686
1.58089838639
1.23252998789
6.96471669923
8.03910293272
6.46571560055
6.60158066016
6.31800631801
1.8018018018
1.95825515947
1.11679851094
0.71403488236
0.0351123595506
0.849557522124
2.5493025493
3.75377187689
3.15141270225
3.17594493419
-0.247175141243
-4.00554080573
-4.35234356961
-1.24016217505
-2.6680771039
1.65111270639
4.7141303034
3.69926972345
-0.462908011869
0.318358684117
-4.64346833999
-3.56684928313
-3.73400945027
-4.34831970936
-0.247000705716
4.76930432704
0.988816951148
1.86663536041
5.78909440307
4.83353884094
2.90282902829
3.68607347736
1.86558239656
-0.0840033601344
-2.34798314269
-3.39828897338
-3.21323095097
-0.464230448756
-1.89545561573
-3.71014492754
-1.26701079305
0.189371523257
-0.178231939163
-1.28994770482
0.349040139616
-2.01172548569
-3.14112117391
-3.62990953853
-2.16031836271
-2.72747849706
-2.25842696629
-2.6885319054
-3.78979839154
-3.12809780813
-1.27374301676
1.25142207053
2.46913580247
3.53598722482
3.57061373488
3.09872134547
-1.90826916639
-6.4385026738
-7.12923728814
-7.64854614412
-8.82260266779
-4.67021276596
-0.995340957222
-0.71518721077
-0.283643239836
0.612913452394
-1.74558377757
-0.787897888434
-0.647857889237
-2.48924400738
-3.16209578387
-1.2183789365
-1.45962732919
0.125549278092
0.174448435095
-0.892494929006
-1.82463253928
-1.81929057831
-3.93004322042
-0.824343578262
0.162535554653
0.972364380757
2.37228176048
2.72586473929
1.71842650104
1.25488582596
1.36957875078
0.0416363068596
1.296935467
1.0460251046
4.29092469427
5.29880913362
4.9486563251
7.23418573351
6.28126737076
1.05149051491
-0.909386164339
0.197022767075
-0.657381615599
-0.288216383993
2.91164658635
3.03402119353
0.939122748868
-1.56832638737
0.523735235124
0.403225806452
1.0710259301
1.89125295508
2.03670546106
1.66534496431
2.69151138716
2.1536335368
1.54320987654
3.13942751616
1.45977011494
0.0460299194476
-0.160975048867
2.14852872489
2.07351555137
3.42368045649
2.68226397259
2.80141843972
1.72229480936
-1.18742724098
-2.83007970429
-1.24854142357
-0.529100529101
2.3337790203
3.98256869628
6.25997299619
6.51255282128
5.74412532637
-0.531979204449
-1.77170035672
-2.75722129386
-4.79233226837
-5.01889466226
-2.46462264151
-0.673201842447
0.842561386615
0.296700688346
-2.64428604277
-3.18529512501
-5.70219400824
-8.00575794486
-6.32573652029
-1.85059805913
-0.545021006018
2.5585379783
3.80459770115
3.6529154183
1.08360898825
-0.294350730216
-0.624290578888
-0.798175598632
-0.1955146636
1.69353903259
2.48288664578
1.8614868771
1.4928827682
1.34032634033
0.0928828515035
0.314245810056
2.45202558635
2.86904761905
1.35853514471
2.78042959427
2.87356321839
1.45415214517
-1.33897110641
0.930010730893
-0.142993326978
-1.21821407451
-1.23442136499
2.33173076923
0.902309913378
2.94406280667
2.69646544395
2.61875761267
0.289296046287
0.763728936841
-1.45067698259
-0.181862269641
0.305436774588
0.99829559289
-0.853365384615
-3.05871323099
-2.91902071563
-5.59400230681
-5.77033383045
-4.80549199085
-3.22105024385
-1.97300103842
1.14325711619
1.77466433158
1.62790697674
3.09869036483
3.87104506232
4.35841246652
4.37484767243
3.58949650687
2.80081740594
0.639247376674
-2.72382756987
-2.6571767497
-0.646242221158
0.799709196656
0.582312264952
0.571700809909
-0.248491302804
-3.19740500463
-4.66674367564
-3.95012817525
-2.21290472863
-0.763269140442
2.51781472684
3.23157643692
3.47238967929
2.00784127361
1.51388723328
0.765916706558
1.40266021765
0.5942995755
1.98715618563
1.63557063242
1.27257302145
-1.00550634427
-0.602772754671
-1.03129871687
-3.56350040893
-4.73386444983
-4.12028004132
-4.47950253339
-4.16044132858
-1.8238128011
-0.528310554726
-0.808287795993
-1.03703703704
2.66666666667
2.52851934611
2.30290212666
3.95266272189
4.216152019
1.13365155131
1.95443645084
1.611747851
0.511478529797
0.273907347862
-0.475059382423
-0.155632706812
1.09837054919
0.658524904215
-0.896966835831
-1.64700385469
-3.14239332096
-3.38192419825
-3.18766662803
-1.30460104834
-1.98076482711
-1.66476624857
-3.83537064035
2.99665711557
1.56157577192
3.03173292438
4.05790223066
6.06637326038
0.323392022997
1.40355086372
1.4116521115
0.464894504709
0.0237953599048
-0.866777487533
-0.346682606097
-0.771604938272
-0.308972073678
0.238521168754
0.0237529691211
-0.131327602674
0.59708621925
0.130890052356
0.21513087128
1.83841315917
1.99707744764
1.03764478764
-0.42654028436
-0.817923186344
-2.35030116925
-2.93144208038
-1.62611275964
0.631930368427
0.464451589854
0.308020376733
-1.05263157895
-2.13729817633
-2.95070585513
-1.5361163227
-1.35561528573
-0.639163277164
-1.47631036851
-0.575241601473
-3.2777588749
-2.25039981723
-3.23850219274
-2.86794130725
-4.38895611044
-3.26933625891
-3.66457576758
-2.13491801475
-0.936020262086
1.15722710582
1.48073925629
2.51579422383
2.18149106038
1.87345748261
0.178352469067
-0.762346702022
-1.39058849705
-1.79991166078
-3.53857807597
-2.4997282904
-1.01706036745
-0.783664459161
1.02632753235
4.44168173599
6.77730068469
0.16431153467
-2.0222774954
-1.08143897594
-5.0643776824
-8.24193376637
-1.22267907379
-0.0324324324324
-1.45715528491
-0.671427048918
-1.01191103615
-2.20105820106
-2.59056444819
-4.37766455236
-2.37228176048
-1.74003107198
-2.13338856669
-1.29924124311
-0.773834089971
-1.42564102564
-0.791204274558
0.155585520174
-1.01851851852
0.227507755946
0.546560791998
1.04869691621
-0.628736343022
0.8612638788
-0.922131147541
-0.0824317362184
-0.454780361757
0.185873605948
-0.464780004131
2.0813722414
1.74022434217
1.12888052681
0.4460118245
0.812161599334
-0.623635796695
-2.05359893213
-1.2183789365
-2.21117760422
-1.79959100204
-2.27526663281
-2.01227487675
-2.53597665291
-1.22232241258
-4.70622624963
-3.99804973184
-2.72095527063
-1.72089803185
-2.519777322
-0.349548499854
0.283590846861
0.709709216363
-1.62482973341
-0.107317073171
0.0582920431361
-0.554312943693
-1.15939204988
-0.877615970682
-0.851228477462
-2.23214285714
-1.77667398987
-1.55380778822
-1.5289648623
-1.9165085389
0.199866755496
-0.304732882583
-0.248756218905
1.37672090113
0.745555343147
0.12388031256
-0.0475918522749
-1.58192090395
-3.06112925805
-1.79292218155
-0.0476235831984
-0.914835423937
0.768573868488
5.50413548641
3.54782270607
1.85292976329
1.92252234932
1.64930555556
-1.31182586726
-0.694980694981
0.831458475986
0.260215882806
-0.77519379845
-1.3421531972
-3.14136125654
-5.50009243853
-4.58850574713
-4.40947763242
-4.0298095501
0.290670417253
1.32059567294
1.81630933433
2.47492265867
1.12579084481
-0.559440559441
-2.38617663193
-1.81099466814
-1.05741582414
-0.885282183696
-1.17029119056
0.551571980143
0.101223888838
-1.24576348814
-1.02227090179
-2.30464530068
-1.25272331155
-0.721724830988
-0.880697294353
0.182882223848
1.0185522008
0.0635843400854
-0.355029585799
-1.13105924596
0.26588429449
-0.190614504856
-0.127007166833
-0.190805015446
2.78649197269
3.83663366337
5.07391511683
5.83773403745
5.12942974496
4.83652544012
4.25806451613
4.30760047752
2.29839897849
3.14285714286
1.86225243866
-1.1673533451
-2.67234701782
-2.57416267943
-2.71254672673
-3.48992012172
-3.52072685974
-2.32646113108
-2.31819031595
-2.76794035415
-2.35840297122
-2.13948318977
-1.46305097381
-0.916921367046
-0.703312974274
-0.783049286043
-0.625862862402
-1.61364261483
-0.872199779655
-0.368799557441
-0.248116155119
0.101345126221
1.07496988231
1.41527001862
2.38836967809
3.05900179941
3.35174252523
2.90864009155
2.42227732214
1.86556399654
1.19800651716
2.4485416057
3.92467789891
4.8704870487
2.75691699605
4.85378353934
2.12193664077
1.07182209757
0.969403211148
3.67790185432
2.15583615645
3.07013040353
1.86734693878
4.57233368532
0.993274702535
4.18181818182
4.57425104692
6.89354275742
2.0474137931
4.38492277784
0.27885027885
-2.01998947922
-2.49920238222
-3.2224423819
-2.09368721582
-6.07434270172
-4.4147224457
-4.57682159529
-5.2095689996
-5.60934224973
-0.88857827476
-1.94260921014
-1.67631211335
2.58594463036
0.784629312946
-0.743236547418
-0.343946540881
-1.94697192056
-3.82327123769
-3.47606563744
-0.197804371477
0.414446417999
0.501474926254
0.480203841631
1.66831194472
-0.959937310216
