88.31
82.75
78.88
82.25
82.56
84.38
84.81
84.38
84.50
85.62
86.88
87.56
85.94
85.69
81.75
83.88
88.25
89.00
87.00
91.62
91.25
91.12
85.38
84.69
85.75
89.44
86.75
86.62
85.12
86.50
86.50
82.94
82.12
80.81
81.56
85.75
89.62
89.25
88.00
92.50
94.75
96.25
102.50
103.69
104.88
101.75
107.19
112.25
110.38
104.75
103.56
103.31
116.50
113.44
118.25
117.16
119.00
121.31
112.00
113.25
114.19
106.88
105.25
105.50
98.25
97.44
106.00
102.50
107.06
104.81
96.56
95.25
82.75
87.50
93.75
92.06
88.81
86.88
97.06
94.50
95.19
93.25
97.00
93.00
91.12
90.19
89.88
87.31
85.62
81.44
80.88
83.78
87.06
85.50
84.69
85.25
84.56
82.00
82.81
80.00
73.00
69.81
72.00
73.56
76.38
86.88
84.50
83.12
86.69
85.06
83.25
83.31
85.12
89.94
90.25
89.94
91.62
89.00
86.62
84.25
86.00
87.75
88.31
89.88
92.62
94.78
94.94
95.94
93.19
94.94
97.69
98.50
101.94
104.25
104.19
100.00
103.88
100.75
103.69
104.25
105.38
106.00
105.94
100.00
98.50
98.69
100.62
102.12
105.62
111.25
114.06
113.00
114.94
112.00
119.88
120.75
118.19
113.00
118.62
117.00
117.81
119.88
119.00
118.25
119.38
122.44
127.44
123.69
129.50
129.62
128.81
128.12
128.69
124.25
132.00
131.31
128.50
129.00
124.88
118.56
119.94
118.00
113.25
114.88
116.50
110.88
107.06
113.00
114.06
115.38
113.88
109.44
114.88
108.88
105.25
102.69
104.00
94.31
101.50
103.62
99.25
98.00
100.56
104.94
102.44
101.12
96.19
92.94
93.00
96.50
99.81
96.69
99.25
100.44
96.06
93.75
92.44
91.88
89.19
86.38
88.88
90.06
91.44
88.06
83.00
84.19
79.94
81.50
82.50
80.50
82.88
82.12
82.00
81.75
88.75
87.75
85.88
91.88
96.00
92.44
94.06
87.44
86.69
85.94
89.38
90.00
93.81
98.81
101.81
101.88
107.12
106.94
100.25
115.50
112.75
107.88
106.38
104.75
108.50
110.50
108.75
110.00
110.00
107.50
110.94
113.12
116.00
117.88
113.56
114.69
115.91
118.62
113.75
118.20
113.96
112.10
108.95
105.20
105.95
107.75
109.50
105.90
104.25
107.20
101.50
96.00
94.40
97.20
96.04
98.30
98.34
91.75
91.61
91.40
92.15
95.35
94.95
91.75
87.00
82.49
87.51
83.91
87.95
87.55
90.94
87.06
85.00
85.91
89.81
89.24
93.50
87.25
88.10
85.10
84.16
81.31
77.53
86.00
84.20
84.00
87.81
91.30
94.00
91.78
93.10
99.65
97.69
95.66
92.96
91.40
92.82
92.49
92.94
91.10
92.65
98.00
96.00
97.20
96.01
95.25
94.66
94.51
92.85
94.10
94.85
99.95
97.95
97.25
101.90
103.29
99.30
99.85
97.96
96.88
94.76
95.10
96.70
96.51
97.35
95.54
96.90
95.36
92.01
91.86
89.16
87.01
89.29
88.65
88.18
88.40
93.00
92.10
90.95
90.30
87.50
86.60
85.80
84.60
84.00
84.00
83.10
81.91
81.60
81.60
86.55
86.15
83.40
85.85
84.00
83.00
82.95
81.74
81.85
83.20
84.64
84.82
82.69
83.16
85.35
86.30
85.50
83.95
83.54
81.80
80.05
80.80
82.20
81.30
81.85
81.10
77.25
77.84
75.40
77.50
77.70
81.30
81.90
81.05
80.80
79.61
80.10
79.62
78.55
77.10
74.48
76.20
69.40
67.50
67.51
65.75
67.69
70.51
70.03
69.85
68.90
71.35
73.50
73.60
76.69
79.00
76.25
75.30
77.93
80.71
83.85
82.80
84.40
84.25
82.07
81.41
79.75
81.60
81.60
80.50
81.40
83.12
80.85
80.05
78.16
80.70
82.25
84.71
86.50
87.50
86.70
86.86
88.10
91.05
91.50
88.70
87.75
90.55
89.75
88.15
90.15
91.44
90.00
86.81
89.35
89.00
86.01
87.17
92.40
93.90
91.61
91.35
91.82
92.73
91.00
89.66
89.14
90.80
94.41
92.31
92.31
92.47
92.80
92.12
93.27
92.75
91.07
92.45
96.75
95.75
92.50
93.75
93.00
91.15
89.97
89.90
88.63
89.86
89.21
86.98
87.25
85.50
87.30
87.85
84.48
86.00
86.98
85.40
82.50
81.04
81.90
81.11
83.80
84.85
83.50
84.58
85.11
82.76
78.52
80.60
79.47
79.00
81.96
81.40
80.89
80.94
83.47
89.10
89.52
90.87
89.96
90.29
90.70
89.80
88.00
88.40
90.00
89.20
91.05
89.85
90.35
89.73
88.03
88.85
89.30
90.25
88.47
87.53
86.46
86.55
86.15
86.06
84.60
84.49
81.24
83.00
81.60
84.59
85.05
84.52
86.31
84.10
81.60
79.49
77.21
79.15
78.50
78.75
79.21
80.71
78.55
75.16
74.85
79.50
78.64
76.75
78.11
79.30
79.46
80.05
80.50
80.24
79.20
78.20
79.17
78.19
76.90
76.15
75.08
75.45
73.79
73.80
75.75
73.95
73.95
74.74
72.10
72.50
71.30
72.85
75.34
75.78
74.45
72.70
70.55
71.45
71.35
70.80
73.00
73.35
71.14
70.70
70.20
73.95
73.60
70.91
71.55
73.25
73.15
72.95
72.65
74.48
75.60
77.00
72.00
67.73
70.85
69.31
69.58
72.70
73.90
73.15
71.99
70.49
68.05
69.90
70.95
74.30
75.45
75.35
74.79
78.50
79.55
79.53
81.50
80.51
79.88
79.91
78.30
79.75
79.10
77.08
77.38
77.30
73.75
75.50
72.89
72.34
74.30
73.41
73.69
72.20
73.00
72.60
70.87
70.41
67.15
67.36
65.67
66.31
67.45
68.04
66.13
66.03
68.45
65.55
62.90
62.05
59.53
61.60
59.28
61.08
64.20
65.30
70.00
68.00
72.48
70.55
74.70
72.50
74.27
72.50
73.99
73.58
72.37
72.36
71.60
73.45
75.96
76.74
76.55
74.05
73.08
71.78
72.07
72.49
74.99
75.25
75.42
75.08
77.41
79.95
79.11
79.00
76.83
79.64
78.87
78.78
78.50
76.35
74.45
74.50
73.45
74.00
73.47
74.23
73.10
74.53
74.69
73.70
70.30
71.86
70.65
69.37
69.55
67.92
68.14
68.10
69.65
70.38
73.00
72.70
70.92
73.72
74.92
74.42
74.70
73.51
73.62
72.58
71.00
70.25
71.92
69.15
68.40
69.05
69.51
67.40
68.10
69.25
67.52
67.41
66.65
65.70
65.74
65.05
64.30
64.92
66.70
68.00
68.23
67.74
68.50
66.20
66.59
66.48
67.69
69.45
68.02
65.69
66.30
65.60
66.68
64.34
62.95
62.85
66.78
66.62
68.90
69.58
70.27
70.08
72.10
69.92
70.69
71.05
70.58
70.11
68.08
69.62
72.40
72.35
72.06
72.31
72.70
71.91
72.35
72.42
74.49
76.54
75.20
76.10
76.35
78.33
78.43
77.35
75.87
76.51
76.45
75.90
75.33
76.60
76.49
77.20
77.20
74.06
75.00
75.49
74.95
74.95
76.10
76.70
74.35
74.45
75.10
76.03
76.15
78.48
79.90
79.59
81.50
83.54
83.00
85.25
87.30
88.70
87.54
88.70
89.74
90.35
89.17
91.50
91.50
88.90
85.92
86.25
85.28
86.60
84.78
84.15
82.38
83.75
85.85
85.40
84.70
87.74
88.06
88.23
86.55
87.32
89.44
88.02
87.26
86.44
87.69
85.70
86.16
86.10
85.40
86.42
86.50
86.83
86.95
87.14
85.10
84.65
82.90
84.05
84.75
85.82
85.76
87.68
87.40
87.95
87.76
88.27
89.03
87.70
88.10
86.99
86.73
86.51
85.97
86.86
88.49
90.45
90.82
91.26
90.96
91.35
91.79
89.44
89.84
90.73
89.20
90.93
91.00
93.25
93.73
92.66
89.06
85.82
85.52
84.70
85.00
83.90
86.00
85.96
86.66
86.72
86.84
86.26
87.00
86.94
88.17
88.64
88.75
87.99
87.17
87.01
87.62
86.47
87.00
85.82
88.19
92.25
92.65
93.43
93.90
96.19
95.95
95.47
96.53
96.98
96.08
96.10
96.70
96.02
93.80
94.25
93.73
93.93
91.76
92.97
94.92
96.25
96.67
96.08
97.48
97.40
99.29
98.73
98.03
98.80
98.20
97.60
98.34
99.15
97.75
97.52
98.35
97.35
96.38
98.15
98.22
97.55
97.94
99.58
99.16
98.73
97.13
97.18
96.60
98.63
98.75
97.50
97.78
97.67
99.38
101.14
100.48
100.40
101.50
100.68
99.50
102.28
101.05
98.30
99.40
99.55
99.81
101.15
99.75
98.84
101.34
101.87
102.18
107.09
107.40
105.85
106.92
106.90
105.77
106.52
106.67
104.32
105.82
106.29
105.87
107.35
106.40
106.51
108.52
109.05
107.35
105.76
103.55
102.99
104.93
102.82
103.06
104.01
103.70
102.66
101.30
101.39
99.24
101.85
103.75
104.22
104.26
104.35
106.00
105.95
105.70
105.58
105.25
105.70
105.82
103.12
101.41
101.73
103.36
102.48
99.91
100.00
101.80
100.41
101.15
100.91
98.40
98.26
96.75
96.92
97.37
96.15
95.15
93.04
92.10
93.11
92.92
93.45
94.01
92.68
93.31
92.68
92.40
91.74
91.73
93.11
93.39
93.29
93.91
93.00
91.77
90.55
91.52
93.58
94.00
93.00
93.01
91.53
90.21
89.98
89.34
89.18
88.79
90.60
91.72
93.19
94.55
93.26
94.00
94.16
93.65
93.61
92.20
90.57
90.00
90.05
90.66
90.36
89.89
88.33
87.25
87.50
89.70
87.42
87.76
87.55
87.03
88.79
88.71
89.69
88.19
88.44
87.68
87.65
85.80
84.55
84.55
85.31
84.65
83.86
84.25
85.82
86.39
87.44
86.60
87.81
87.50
87.53
90.03
91.12
90.48
89.15
89.65
89.19
91.06
90.20
92.23
91.44
91.87
93.13
93.60
94.10
92.41
93.16
92.05
91.68
94.90
93.39
93.07
93.48
92.75
93.06
93.28
93.24
93.92
94.87
94.07
95.53
94.85
94.24
94.14
94.59
94.72
92.93
94.16
94.25
93.06
92.34
93.47
92.70
92.42
93.76
96.10
97.43
98.38
98.32
98.55
99.37
100.00
100.85
100.21
100.87
100.75
103.00
104.66
104.62
103.72
104.71
104.83
103.04
103.42
103.81
105.00
104.84
105.08
104.76
106.00
106.60
106.47
107.17
106.09
106.68
107.49
109.40
110.45
109.88
109.25
105.40
103.75
103.79
105.01
104.40
104.35
104.20
105.15
104.65
104.92
104.04
104.95
104.27
103.80
105.23
104.78
104.98
104.17
103.27
102.94
104.22
105.00
104.06
103.40
103.33
103.24
102.86
103.26
104.00
106.12
107.85
108.40
108.59
108.74
110.02
109.59
111.55
111.45
112.77
112.77
111.97
112.71
112.27
110.60
109.00
107.86
109.11
108.50
110.10
108.80
110.02
109.73
109.41
111.53
112.80
112.63
110.87
111.33
109.55
110.00
110.54
109.97
110.04
109.98
109.60
107.99
108.06
108.40
109.68
108.45
109.80
109.99
109.30
111.00
110.59
112.50
113.53
112.93
112.09
111.76
110.01
108.49
106.49
107.35
106.69
104.33
105.11
104.19
105.74
105.72
107.76
106.23
106.79
104.46
104.37
106.27
105.30
104.68
105.50
102.11
103.75
100.22
97.82
98.42
98.35
99.58
100.12
101.08
100.69
99.58
97.25
96.60
95.50
97.50
98.64
97.67
97.30
98.42
98.40
98.35
99.95
99.05
99.26
98.30
99.19
102.65
103.80
103.25
102.64
102.47
102.02
103.67
103.20
103.96
102.79
102.02
102.71
103.18
103.55
104.10
105.65
107.31
107.24
108.00
108.55
108.50
108.24
109.72
109.61
108.25
109.13
108.32
107.72
109.15
109.67
107.48
107.12
109.52
110.87
109.25
109.70
109.91
111.48
112.03
114.14
113.65
114.67
112.08
111.13
110.85
111.27
111.70
111.80
109.99
110.50
109.75
110.15
109.84
111.18
113.12
113.21
114.59
114.91
115.16
116.17
118.00
117.20
115.90
115.95
118.40
118.28
118.05
115.68
118.50
119.47
120.00
119.67
120.10
121.22
121.58
121.65
118.92
117.75
116.93
117.57
118.51
117.55
115.65
113.18
114.55
117.05
117.09
121.20
118.75
118.77
123.30
123.55
124.25
122.43
124.56
126.37
126.60
129.13
129.20
130.96
129.15
127.52
128.70
130.09
130.00
129.24
127.97
128.18
130.41
131.58
132.41
132.60
134.08
134.12
131.10
130.45
128.96
130.28
131.08
133.05
131.31
129.89
128.64
129.66
130.01
131.64
129.63
128.30
126.50
125.13
125.86
127.31
127.99
128.11
128.26
127.98
128.02
127.71
128.87
127.09
127.04
128.84
130.39
132.03
131.97
132.25
133.26
132.59
132.37
133.82
131.44
132.87
133.00
133.56
137.40
138.94
139.87
141.25
141.71
142.52
142.74
142.82
139.48
141.14
140.85
140.81
139.65
141.78
145.14
145.90
145.54
143.45
145.53
143.96
144.16
143.82
141.29
143.15
144.00
146.00
145.02
144.28
142.49
141.70
141.53
140.72
149.42
149.00
147.69
150.36
152.18
149.40
151.82
151.67
152.17
155.00
154.16
156.90
156.81
156.96
158.12
161.00
160.75
162.04
161.02
162.46
159.15
159.52
159.43
161.94
165.55
167.05
168.55
165.89
165.35
162.80
163.40
163.97
160.29
156.45
158.83
159.15
158.04
164.39
163.53
165.75
164.09
159.28
156.11
153.14
152.70
148.21
147.03
149.41
146.15
143.70
143.92
147.32
152.94
149.83
150.95
153.55
154.09
150.40
149.24
149.95
149.76
149.89
145.00
139.25
138.50
144.12
144.00
143.75
145.26
149.83
148.31
147.92
149.90
147.16
146.49
152.20
150.43
152.45
150.95
150.58
148.51
148.85
148.67
145.27
142.55
140.10
140.87
142.34
146.97
145.18
142.04
146.90
148.49
147.38
148.26
151.72
152.75
151.26
149.90
152.10
152.99
152.65
151.45
150.01
151.63
151.11
150.37
152.65
154.99
154.45
154.68
153.83
154.15
152.70
151.40
150.07
149.53
147.09
147.06
148.65
149.14
151.28
150.67
148.57
149.80
151.00
158.29
160.86
162.52
162.71
163.22
163.39
166.60
167.15
167.52
168.69
168.68
169.00
170.00
169.17
170.69
174.20
176.56
175.50
175.65
177.45
178.86
178.97
181.51
183.85
185.22
183.07
182.97
180.05
180.40
184.70
187.84
188.61
193.38
188.67
189.75
189.79
185.00
187.39
187.13
190.00
188.68
188.77
184.78
187.06
187.73
190.36
193.11
196.72
195.04
197.45
199.76
202.29
201.60
193.11
197.12
196.22
194.80
194.50
200.05
201.61
205.00
200.20
205.10
202.52
200.00
198.31
200.13
199.84
203.24
201.24
201.37
198.10
198.09
199.86
201.95
200.80
199.35
200.72
198.85
199.05
203.73
204.08
208.11
211.88
213.99
213.59
213.23
209.68
210.29
212.97
212.64
220.10
213.07
213.50
211.04
208.78
212.16
212.00
213.43
212.55
214.65
213.55
213.90
213.28
211.13
212.53
217.40
216.82
216.92
220.94
220.15
218.97
216.50
214.00
196.00
201.75
199.66
195.67
190.00
197.37
195.59
199.94
201.70
202.60
199.03
200.15
200.89
199.00
202.44
204.00
210.95
210.08
211.89
211.73
209.87
206.76
207.20
206.63
205.65
209.75
208.79
207.93
208.94
209.05
206.93
207.05
206.50
214.52
214.90
216.75
219.29
220.00
222.42
220.72
225.60
224.81
224.28
218.61
218.58
219.49
221.56
227.34
227.22
224.95
226.57
223.10
227.50
226.18
224.38
227.11
227.38
230.34
229.23
230.71
228.54
225.68
225.53
228.44
232.00
230.82
230.71
229.71
229.36
227.35
220.05
225.06
227.16
227.85
233.64
225.75
226.19
226.97
229.47
225.89
226.90
222.40
216.74
214.17
219.33
218.96
216.75
219.18
224.55
221.32
223.64
223.30
217.08
216.72
220.29
222.18
220.40
219.40
214.99
211.69
205.94
205.04
198.15
203.16
195.12
192.65
195.74
188.34
189.00
187.46
179.68
187.79
191.25
193.30
182.25
180.50
177.50
169.75
164.90
169.85
175.00
172.76
175.48
177.89
177.50
179.73
177.95
170.95
173.72
171.38
176.01
180.80
177.81
179.18
178.98
183.61
183.50
182.53
188.47
190.59
187.61
200.50
205.50
203.53
209.98
210.43
210.90
214.61
216.78
216.74
222.98
228.02
227.35
225.95
228.50
226.96
239.20
235.94
229.01
233.56
229.34
224.83
227.62
227.85
217.69
222.18
223.76
225.12
226.66
235.92
243.81
240.33
247.92
240.21
229.60
218.39
223.16
214.18
209.94
211.33
214.71
233.04
233.31
227.02
225.25
220.54
217.48
209.50
216.48
207.45
213.33
227.52
224.38
226.64
226.89
215.22
218.26
222.51
217.89
224.21
211.15
212.58
208.48
210.67
208.63
201.51
204.16
202.67
209.60
214.32
216.69
211.95
211.94
215.05
207.60
204.84
199.93
194.73
189.50
191.75
196.91
198.74
201.65
193.29
197.50
190.98
187.21
190.69
199.39
199.20
191.37
196.25
196.05
198.55
199.55
207.78
200.80
189.86
187.17
190.46
187.07
185.87
180.65
180.18
176.56
178.41
173.80
177.25
175.17
177.71
177.36
172.70
180.80
176.70
169.63
165.08
163.60
164.97
158.65
160.07
155.58
163.07
163.01
165.44
156.86
151.02
175.59
166.49
179.63
178.88
179.63
175.48
168.14
164.45
165.39
176.86
176.87
176.53
175.40
178.73
178.90
174.14
170.55
167.30
163.59
164.20
169.05
172.10
179.93
180.40
179.76
179.35
188.79
192.00
190.24
192.68
191.37
199.05
200.27
197.12
197.61
189.76
187.72
188.09
192.08
190.33
190.13
188.62
187.14
184.40
182.43
178.60
177.20
172.64
173.92
174.83
176.24
176.41
172.34
170.58
172.10
176.60
169.44
165.76
167.21
162.40
166.75
178.29
182.09
179.44
182.77
186.93
183.77
178.59
181.98
183.65
176.26
174.56
174.90
175.33
178.79
178.89
169.82
174.90
169.02
170.16
162.48
158.67
157.80
172.86
181.24
182.84
180.78
188.04
187.87
180.26
178.66
172.90
181.63
186.17
184.04
182.00
177.86
180.77
179.55
172.33
175.95
178.00
167.30
164.90
166.59
163.18
160.04
158.00
158.25
156.42
159.81
155.71
155.91
155.48
161.83
163.97
165.32
167.61
160.90
163.24
169.73
161.67
157.59
157.03
154.21
135.50
133.01
114.50
108.00
129.80
120.78
125.05
133.00
135.50
137.99
120.70
128.00
134.50
131.54
128.00
124.00
115.00
113.00
101.35
88.80
111.00
122.90
113.15
112.40
114.30
121.50
121.35
115.06
108.58
100.40
92.88
93.57
97.66
91.11
92.50
89.09
95.00
87.43
80.72
77.78
71.21
74.68
66.79
69.99
66.73
62.49
62.03
55.18
52.00
53.31
67.42
71.78
76.50
78.99
65.76
65.00
68.95
67.53
70.72
77.15
72.77
71.53
69.71
67.74
66.46
76.00
78.78
80.05
80.73
77.00
75.20
76.44
75.97
76.56
82.06
84.39
86.76
88.78
88.71
84.50
85.41
83.92
77.67
77.92
75.69
73.83
73.05
59.20
69.90
71.03
74.91
74.20
78.26
87.70
82.72
80.73
83.57
82.81
87.97
92.85
96.57
97.89
90.40
94.71
95.58
96.45
85.71
84.50
86.01
84.59
80.07
92.98
89.92
92.15
91.08
86.27
82.37
85.47
81.72
75.65
73.95
85.28
92.39
97.25
98.80
93.90
98.99
105.25
99.30
97.32
111.93
110.60
112.95
111.99
108.08
100.46
106.02
110.29
114.22
119.40
116.65
116.08
114.75
124.33
130.15
115.11
121.19
121.19
120.60
115.01
120.36
120.49
122.81
121.30
120.90
120.67
127.18
128.50
127.08
134.16
135.20
139.22
133.73
139.59
135.78
135.41
129.26
133.60
134.40
143.15
141.15
136.44
137.16
136.35
142.05
140.01
144.65
144.57
144.33
143.13
142.15
149.47
149.01
148.35
149.31
146.68
145.15
145.64
143.01
144.16
139.73
143.09
143.13
137.01
141.19
142.65
144.43
146.74
149.36
147.44
147.32
143.49
146.46
142.54
138.55
143.21
141.87
149.44
149.66
155.26
156.84
156.84
160.03
159.80
160.46
165.45
164.72
163.87
160.54
159.44
162.42
163.30
164.10
165.17
168.64
166.75
163.65
160.36
159.22
163.76
164.48
162.73
157.25
160.48
159.93
162.33
163.51
162.58
164.94
165.95
165.02
164.42
165.46
160.17
158.54
161.66
162.97
167.22
170.27
174.87
174.70
177.71
176.66
179.87
181.46
183.18
182.39
185.52
183.64
183.06
179.50
182.50
183.58
184.35
178.99
179.61
186.47
186.98
190.48
188.17
189.30
190.15
187.23
192.28
188.63
184.37
185.50
184.96
179.26
183.69
180.36
179.37
178.61
172.16
178.58
170.17
170.68
171.61
169.50
173.40
171.78
176.57
176.51
179.85
178.48
176.76
177.25
176.60
176.90
172.83
170.01
172.00
171.13
168.92
164.16
169.66
167.63
166.66
164.30
167.24
163.85
161.84
166.44
166.73
166.00
166.10
162.74
164.99
160.93
163.19
165.45
164.60
163.63
163.97
163.76
164.12
166.70
168.84
173.08
176.14
174.26
177.67
174.31
171.56
167.82
169.07
168.53
165.21
166.86
167.79
160.87
154.12
154.98
150.88
151.50
153.29
148.72
153.13
156.94
157.23
150.68
154.16
151.10
152.49
153.63
154.05
153.93
157.40
157.26
155.73
156.18
156.71
156.70
158.33
156.44
156.35
156.54
158.75
157.72
163.61
167.18
169.84
168.85
171.94
173.51
174.96
173.53
176.19
176.64
177.45
177.90
176.16
174.83
174.41
174.90
172.87
174.05
171.38
170.63
170.22
173.16
172.90
176.36
179.50
179.12
177.84
179.25
184.92
184.27
160.70
163.32
159.98
158.93
159.05
157.40
152.03
153.04
157.01
160.24
145.20
149.50
149.45
148.19
142.32
142.99
143.83
141.97
147.20
144.65
143.23
142.64
137.36
140.10
136.10
140.62
136.69
142.56
140.30
144.95
144.26
141.86
144.83
144.04
142.25
138.68
137.78
136.80
133.77
135.64
133.44
136.90
137.06
137.32
138.18
137.74
134.79
135.07
134.98
139.66
136.66
133.76
131.27
131.14
131.08
132.26
135.83
135.46
138.06
137.25
140.25
139.06
145.22
146.17
145.68
148.91
146.99
146.55
147.38
148.20
147.23
147.20
152.58
150.82
152.74
153.19
156.41
155.92
155.18
155.40
153.90
149.25
149.42
148.08
147.76
148.59
149.20
147.05
148.24
146.74
143.95
144.68
141.81
139.75
136.66
136.93
139.74
139.78
147.29
145.21
147.54
149.14
150.39
154.37
152.53
152.56
152.23
150.98
151.90
151.40
148.07
144.91
147.28
146.00
145.01
144.42
144.58
147.70
146.57
149.57
150.84
151.11
152.66
152.20
155.21
154.73
151.59
150.69
153.70
156.72
159.60
159.30
157.76
157.39
158.29
160.15
163.24
161.13
161.57
162.82
162.63
166.39
171.07
169.20
166.55
167.22
167.71
165.83
167.22
165.10
164.89
167.35
166.67
161.05
157.78
160.26
158.22
159.28
156.14
158.45
162.50
162.31
162.65
161.59
166.14
166.45
168.47
169.48
167.33
165.21
164.46
164.04
166.05
168.23
169.60
167.60
169.83
169.19
167.63
167.64
168.16
173.05
173.08
174.00
172.21
170.69
169.76
169.36
171.67
171.57
175.00
174.68
166.49
165.69
166.20
166.30
161.98
161.31
164.03
161.77
163.62
165.33
165.05
164.64
164.83
167.13
168.55
166.01
165.34
166.66
167.52
167.91
168.81
167.16
168.04
162.94
163.09
163.44
165.12
163.78
161.31
161.69
164.49
161.00
159.15
161.30
162.35
160.27
160.68
158.43
157.25
154.38
155.75
159.96
160.21
160.79
159.53
159.91
157.97
156.47
158.47
159.07
158.60
160.23
158.90
158.91
161.89
162.40
160.96
161.47
160.42
160.17
155.79
155.13
153.78
151.86
152.70
153.51
152.19
153.27
152.86
150.60
151.01
151.30
151.87
151.52
150.41
150.10
149.12
150.40
147.88
142.75
141.46
140.60
140.81
140.84
139.34
134.99
135.84
136.34
136.24
136.26
138.66
140.73
136.17
134.38
135.33
133.90
132.99
131.59
133.53
135.92
137.53
137.10
134.85
136.09
137.23
135.14
135.96
134.52
132.36
130.91
130.71
129.26
132.53
133.09
136.65
134.50
133.89
135.01
134.08
132.02
130.31
129.92
129.89
130.16
129.33
128.49
132.75
135.58
135.49
136.85
137.60
134.72
135.84
134.97
134.15
131.23
132.08
126.23
125.18
117.66
122.73
110.34
118.10
116.47
119.13
116.87
117.25
113.14
111.76
106.51
106.86
110.31
109.84
111.75
116.07
115.18
116.22
112.16
107.06
104.56
108.34
104.79
102.25
102.92
104.09
104.54
107.97
107.49
104.81
102.61
97.86
93.98
95.18
99.14
99.55
96.32
99.87
94.55
90.08
94.58
94.29
97.93
92.69
96.14
96.70
99.11
96.15
96.73
96.90
102.25
100.79
100.86
102.09
103.98
100.44
106.33
116.40
115.86
109.55
103.54
106.13
107.68
105.04
105.57
108.58
99.67
99.50
101.66
99.29
99.75
95.60
92.35
91.91
91.30
89.40
87.89
88.75
90.78
88.81
95.86
94.43
97.25
99.82
101.16
105.13
99.92
101.45
98.03
95.04
93.25
91.90
90.10
87.70
90.98
92.00
94.42
93.79
91.90
90.12
91.01
90.43
95.36
94.74
94.58
93.42
94.69
98.33
99.76
101.21
98.96
97.68
104.31
107.68
108.74
108.19
108.87
108.27
108.56
111.77
109.73
111.47
113.45
113.39
117.53
117.39
115.98
116.15
115.88
114.12
114.53
112.87
113.17
114.74
115.91
116.63
114.36
115.80
115.87
116.23
117.11
115.14
121.13
119.96
118.63
113.67
116.40
117.17
117.29
116.99
124.54
120.37
123.06
122.93
124.30
126.02
125.99
124.74
126.18
128.07
126.33
126.36
123.76
124.37
124.90
122.71
119.96
118.00
117.02
114.56
115.93
120.39
115.09
117.73
116.86
115.33
113.60
112.44
111.75
114.11
113.98
114.56
114.41
115.15
115.33
113.77
111.53
108.99
110.04
109.37
107.29
106.32
102.13
99.77
99.87
98.20
97.08
95.49
96.51
97.53
98.04
96.86
96.70
97.86
94.61
95.70
92.64
91.00
92.21
94.96
94.00
94.54
92.80
94.04
92.72
93.82
95.66
93.63
96.37
96.55
93.90
93.63
91.22
91.03
93.27
93.49
95.86
97.13
98.60
95.92
95.47
94.47
94.25
95.13
94.02
97.43
97.68
97.98
96.51
95.00
94.16
93.16
94.47
95.96
98.06
101.64
100.88
100.90
100.09
97.81
100.98
102.02
103.24
102.50
103.60
103.02
103.61
103.26
103.13
103.49
103.60
105.28
105.32
104.67
104.08
104.96
105.12
105.03
105.53
104.72
105.72
106.41
109.94
113.54
116.33
114.68
116.69
118.24
120.67
121.36
119.90
119.88
119.02
117.63
116.72
116.60
113.50
113.08
115.23
113.68
116.86
117.25
117.91
119.90
119.31
119.46
119.63
120.08
121.99
120.20
124.50
123.22
124.92
125.15
123.62
122.77
119.00
119.77
119.72
119.44
122.39
124.85
123.25
124.08
126.25
117.98
115.27
116.15
117.24
116.47
114.24
115.44
115.84
118.30
118.09
117.70
120.31
120.94
118.41
119.33
118.73
117.79
118.40
116.58
117.13
117.20
116.57
117.01
118.86
118.09
118.50
119.36
123.49
127.77
127.25
129.72
128.44
127.54
127.16
126.67
125.52
127.56
131.66
130.94
134.51
134.26
133.05
134.32
137.37
137.13
136.13
135.59
141.09
141.01
144.45
145.95
145.56
144.96
144.46
144.15
147.10
147.15
147.86
149.90
147.52
150.45
151.12
150.26
151.60
152.24
154.11
154.52
155.93
154.99
158.65
155.18
150.88
154.09
147.65
148.00
151.65
149.76
150.53
152.18
152.96
154.13
156.62
152.98
153.30
151.85
151.91
154.02
154.84
151.95
148.84
150.13
145.38
146.60
146.11
146.54
147.84
147.15
146.04
146.68
143.41
142.99
143.69
143.82
146.52
149.46
149.07
149.12
146.46
144.10
140.60
138.60
138.72
139.52
142.94
143.93
144.76
144.11
145.11
146.07
142.61
143.67
145.37
148.45
149.32
150.26
148.54
149.10
149.63
154.52
155.61
154.47
158.18
158.90
160.73
159.34
157.41
158.72
160.70
162.87
164.35
162.08
163.56
161.68
158.30
159.68
166.01
167.49
163.31
161.86
165.82
162.92
164.11
164.15
161.56
155.41
154.25
150.78
153.06
151.66
153.51
151.25
151.75
150.92
150.43
153.24
153.81
156.94
155.83
157.71
160.11
163.00
160.24
161.50
164.06
164.36
166.25
166.26
165.04
165.91
165.26
163.17
162.43
164.03
167.49
167.62
168.32
164.78
163.45
162.84
162.13
161.69
163.71
163.34
160.75
160.66
158.63
159.56
157.11
159.41
158.65
157.90
153.23
152.97
153.63
152.13
154.76
155.74
156.17
156.66
159.49
165.14
165.06
163.35
164.00
167.03
167.42
168.06
167.78
169.75
165.25
162.97
162.31
162.29
159.85
158.21
159.00
158.67
156.85
156.55
154.25
153.05
154.44
158.01
160.00
159.46
157.63
162.25
158.32
158.69
159.77
159.25
157.74
159.96
162.09
161.45
162.11
162.05
160.86
162.05
163.16
161.95
163.52
159.64
163.17
163.84
162.89
162.94
163.20
164.40
165.68
166.60
165.00
167.07
168.10
169.48
168.04
168.22
168.94
169.72
168.05
168.70
165.56
167.21
167.67
169.73
167.60
168.33
168.39
170.95
170.49
174.84
174.77
175.16
176.47
176.16
176.45
176.35
175.73
177.26
176.89
178.15
179.37
178.29
178.44
177.40
178.39
175.88
176.60
178.75
175.17
176.28
173.20
173.68
170.75
167.64
164.69
166.25
163.90
165.84
164.12
159.82
161.76
160.42
161.75
161.93
161.00
164.39
163.50
164.06
163.72
164.65
163.26
164.50
164.50
166.54
163.48
162.80
165.38
166.45
164.74
168.73
171.90
172.60
174.26
173.51
169.89
169.72
166.70
165.35
166.84
168.09
168.18
169.22
166.95
165.72
163.25
161.73
162.29
162.30
163.85
165.92
167.27
166.09
163.24
158.56
156.56
158.16
155.98
152.72
154.74
154.92
157.22
157.44
157.80
160.46
160.45
160.85
158.24
156.54
158.24
159.82
160.37
158.88
156.35
154.54
155.52
157.40
157.20
159.55
160.28
159.45
156.64
156.43
157.67
156.35
159.35
159.85
160.16
161.77
161.19
160.74
159.81
160.03
161.80
162.39
162.58
166.19
166.00
166.36
165.43
165.96
165.89
165.85
168.22
169.86
169.73
169.84
170.24
168.23
168.38
168.01
166.78
167.44
166.81
166.89
169.46
167.78
164.91
164.67
163.42
164.80
167.00
169.17
170.47
170.14
171.47
171.72
175.02
176.82
176.26
175.40
175.95
175.54
175.76
172.87
170.25
171.69
169.42
169.74
169.10
172.26
172.46
172.33
172.37
172.73
171.90
174.55
173.96
174.03
175.15
175.47
177.87
177.90
177.81
177.65
179.11
179.77
179.60
180.08
179.75
180.11
177.40
179.87
181.00
183.17
183.98
184.04
184.82
187.89
186.20
185.29
185.09
187.81
184.09
185.12
183.83
183.57
180.70
182.88
188.07
187.48
183.80
186.64
181.27
180.38
178.77
178.70
177.24
172.58
176.91
177.84
180.18
176.83
180.06
183.35
183.91
186.32
186.08
186.97
189.99
190.83
190.27
189.84
191.00
190.71
191.80
191.88
190.18
190.24
189.98
189.93
189.64
189.19
189.75
