87.75
82.25
78.38
78.62
79.88
81.75
84.56
83.38
82.88
85.31
84.75
86.75
84.88
84.56
81.50
82.38
84.12
87.62
86.12
86.50
90.50
88.62
84.81
83.56
83.50
85.75
86.56
85.50
85.00
84.62
85.12
82.88
81.12
80.75
80.69
81.06
85.50
88.25
87.00
88.00
93.19
94.12
96.75
102.38
102.44
99.69
101.25
108.50
106.50
103.50
101.38
99.25
103.25
112.56
106.50
114.81
115.12
117.69
111.75
108.50
110.75
105.12
103.31
105.50
91.12
93.50
100.00
101.19
103.56
104.31
96.50
92.31
79.44
81.00
86.88
89.62
88.00
84.62
87.50
94.00
90.38
90.88
93.25
92.50
89.69
88.12
87.44
85.75
84.75
80.56
80.44
80.25
83.81
84.00
83.00
83.88
82.12
80.62
81.50
79.50
71.94
69.38
70.62
71.12
73.62
83.50
84.50
81.75
82.38
85.06
83.25
81.75
82.62
84.81
87.00
87.62
89.50
87.38
84.25
82.00
84.00
85.75
87.62
88.00
88.31
92.56
93.44
93.88
88.38
90.94
93.81
97.06
100.12
99.50
102.88
100.00
101.12
100.31
101.00
102.81
102.75
103.69
102.75
99.88
95.94
94.50
97.00
99.25
100.50
108.00
109.75
112.81
111.88
111.38
111.75
116.62
117.75
111.62
113.06
116.00
116.25
117.75
118.06
117.94
117.12
118.25
121.38
123.12
123.88
127.12
127.19
127.50
125.94
124.00
126.31
129.69
127.38
128.69
124.31
117.75
115.31
114.94
111.25
109.50
116.06
109.50
105.75
107.00
111.44
113.12
113.00
108.62
109.75
105.44
103.69
100.00
96.56
94.06
94.31
98.50
96.25
91.88
99.75
99.75
101.25
99.00
95.75
90.88
91.88
92.62
94.19
94.56
96.31
99.25
96.00
93.00
90.62
89.25
87.12
83.31
88.25
87.06
88.88
86.50
82.75
79.62
79.25
80.69
81.06
80.50
80.12
77.00
81.69
80.25
83.38
86.19
84.62
88.00
91.38
91.75
91.81
86.62
83.88
85.88
86.50
87.75
88.69
94.06
97.38
100.00
101.00
106.31
97.50
98.88
111.00
105.75
102.62
103.31
102.25
107.50
108.75
108.06
109.31
107.25
107.81
110.88
114.00
114.00
113.12
111.56
114.50
114.06
113.08
114.50
113.95
111.25
108.35
104.08
105.30
103.10
105.50
105.00
103.39
103.70
101.30
94.35
93.61
91.26
90.25
92.63
96.51
91.27
87.20
89.10
88.72
93.35
92.65
90.65
86.90
81.57
83.50
83.11
85.85
87.05
88.25
87.06
84.85
81.00
86.90
88.57
87.40
86.50
86.00
85.10
84.00
80.98
77.00
79.90
82.84
82.61
85.51
89.50
89.10
91.78
90.55
95.10
95.50
94.50
92.50
91.15
89.70
91.50
91.95
91.00
89.29
93.95
95.14
93.80
95.69
95.02
94.45
94.49
92.50
92.28
93.20
92.50
97.85
96.75
97.00
102.31
99.20
98.05
97.52
95.21
94.40
94.49
93.90
95.25
97.00
94.69
94.56
95.25
91.90
90.06
89.07
87.00
86.05
88.00
87.75
86.43
87.75
91.09
90.60
87.50
87.50
86.24
84.50
84.45
83.75
83.50
81.70
81.25
81.14
80.00
83.08
85.62
82.00
81.65
82.30
81.65
82.05
81.59
80.75
81.15
81.80
83.60
82.06
82.07
83.40
85.94
84.85
83.70
82.77
81.80
78.95
78.55
79.95
81.30
80.81
79.96
77.05
77.26
75.40
75.05
76.80
77.90
80.50
80.51
79.80
78.50
79.01
79.25
78.10
76.65
74.00
73.50
68.58
66.28
63.27
64.10
63.29
69.56
69.60
69.85
66.93
69.51
71.00
72.43
72.88
76.33
75.88
74.35
75.00
77.30
82.00
80.75
81.52
83.60
82.06
80.81
79.15
79.51
81.40
80.15
78.65
81.12
80.85
79.10
78.00
77.31
80.30
83.33
84.00
85.55
86.58
85.40
85.50
89.84
90.60
88.23
87.50
88.49
89.20
87.50
88.64
80.80
89.65
86.50
85.78
87.55
85.55
85.77
88.75
92.05
91.20
90.90
90.86
90.80
90.75
88.50
88.70
88.70
90.20
92.01
91.12
92.01
92.10
91.80
92.34
92.72
89.27
90.77
94.35
95.05
92.20
92.90
92.60
90.71
89.21
89.50
88.03
89.10
88.21
86.76
85.78
85.06
85.35
86.90
83.65
81.60
84.66
85.14
81.50
80.52
80.11
80.17
81.64
82.60
83.48
83.73
84.60
82.61
78.15
77.52
79.10
77.75
78.78
80.75
80.25
80.65
80.85
84.30
88.10
88.80
89.30
89.12
89.64
88.99
87.63
87.20
88.25
89.00
90.30
89.50
88.70
89.25
87.95
87.98
88.69
88.96
88.00
87.24
86.09
85.80
86.00
84.95
84.51
83.22
80.35
81.65
81.45
82.35
83.95
83.26
84.64
84.10
81.60
79.49
75.80
78.70
77.47
78.00
77.00
79.80
78.45
75.15
74.00
76.57
78.30
76.25
75.97
78.20
78.62
79.40
79.73
79.60
78.76
77.66
77.85
77.76
75.81
75.82
74.25
75.20
73.39
73.14
74.36
73.33
72.50
73.20
72.10
70.10
71.15
70.00
73.20
73.89
74.03
72.25
70.15
69.38
71.35
69.03
70.67
72.50
71.00
69.91
69.10
71.47
73.05
70.83
70.99
69.93
72.12
70.42
71.40
71.73
74.20
70.96
71.85
67.22
65.55
67.30
68.20
71.10
72.05
72.10
71.73
69.75
67.75
68.75
68.90
70.95
73.13
73.79
74.21
74.42
77.81
78.10
79.23
79.83
78.40
78.70
77.51
77.55
78.68
76.30
75.50
76.70
73.50
73.26
72.04
72.18
71.29
73.11
73.45
72.06
71.85
71.82
70.69
69.10
67.10
66.30
64.50
65.67
64.50
66.52
66.00
64.49
65.08
65.40
62.75
61.17
59.40
58.80
58.85
58.57
62.70
63.41
67.25
67.50
70.25
70.02
69.40
72.15
71.28
71.94
72.00
73.22
71.20
71.50
71.51
71.00
73.45
75.40
74.79
73.60
72.83
71.31
71.28
71.15
73.40
73.36
74.95
74.52
74.53
77.75
79.00
77.78
76.61
77.40
78.81
78.16
77.65
75.50
74.05
73.01
72.53
72.57
72.84
73.15
72.67
73.04
74.15
72.70
70.02
70.50
70.36
69.06
69.33
67.52
67.00
67.23
68.00
69.62
70.00
71.50
70.68
71.70
72.80
74.20
73.52
73.13
73.15
71.96
71.00
70.01
70.31
68.59
67.69
67.77
67.50
67.26
66.95
68.10
67.04
67.41
66.52
65.49
64.68
64.83
64.04
63.75
64.30
67.20
67.37
67.61
66.92
66.00
64.85
65.74
66.31
67.80
67.74
65.69
65.57
65.08
64.16
63.91
62.92
61.02
63.30
66.00
65.91
68.21
68.79
68.17
69.82
69.61
69.80
70.53
69.87
69.87
68.00
68.06
71.05
71.70
71.85
72.12
71.39
71.86
71.60
71.81
72.32
73.71
74.86
74.83
75.90
74.92
77.44
76.60
75.50
75.51
75.26
75.63
74.50
74.02
75.95
76.01
76.25
74.00
74.02
74.24
74.55
74.35
74.65
75.20
74.35
73.22
73.70
75.28
75.85
75.22
78.45
79.32
79.83
81.50
82.71
82.55
84.55
87.50
87.10
87.24
88.27
89.17
88.81
89.56
90.70
88.40
85.45
86.01
84.60
85.66
84.62
83.31
82.05
82.20
82.36
84.59
83.27
85.60
87.10
87.57
86.00
86.61
87.33
87.85
86.77
85.86
85.77
85.20
85.21
85.28
85.40
84.75
86.28
85.98
86.11
87.04
84.94
83.43
82.90
82.96
83.55
85.20
84.68
85.77
86.88
86.45
87.07
86.87
87.90
87.60
87.39
86.89
86.02
85.50
85.75
85.24
86.75
88.54
90.04
90.60
90.34
90.07
90.85
89.32
88.81
89.20
89.20
89.45
90.40
91.06
92.80
92.06
88.99
85.71
85.23
84.20
84.57
83.64
83.90
85.40
86.24
86.45
85.84
85.55
86.81
86.43
87.62
87.08
88.55
87.65
86.73
85.94
87.02
86.04
86.02
85.01
86.80
88.69
92.00
93.17
93.43
94.55
94.71
94.26
94.65
96.20
95.58
95.45
95.68
94.52
93.45
93.14
93.35
93.20
91.70
92.09
93.50
95.59
95.37
95.76
96.23
97.26
97.90
98.32
97.60
97.45
97.60
97.24
97.45
97.97
97.75
96.91
96.77
95.73
95.84
96.35
98.15
97.45
97.55
98.20
98.77
98.00
96.58
96.15
96.38
96.45
97.70
97.29
96.45
97.04
97.46
99.95
100.03
99.60
99.37
100.40
98.79
99.35
100.80
97.70
97.81
98.82
98.47
99.20
99.70
98.43
99.14
100.87
101.43
103.48
106.50
105.03
106.57
106.28
105.56
105.40
105.92
104.00
104.44
104.49
105.61
106.71
106.40
105.54
106.83
107.08
107.17
105.05
103.30
102.87
103.42
102.35
102.26
102.44
102.40
102.66
99.84
101.39
98.38
99.60
101.51
103.50
103.32
103.69
104.24
104.84
105.14
104.67
104.78
105.25
105.70
102.75
100.49
100.23
101.82
101.75
99.91
99.15
100.00
99.81
100.96
100.55
98.40
97.60
96.31
96.21
96.78
95.74
93.83
92.88
90.08
91.63
90.23
92.65
92.60
91.45
92.52
92.60
92.12
91.45
91.35
90.80
92.50
92.16
92.99
91.75
91.65
90.27
91.23
92.06
92.64
92.37
92.14
90.64
89.98
89.39
88.53
88.70
88.60
87.68
90.53
91.75
92.94
92.81
92.78
93.56
92.68
92.50
91.89
90.42
89.83
90.01
88.80
89.19
89.54
88.11
87.15
86.67
87.21
87.40
85.72
86.81
86.63
87.02
87.33
89.08
87.71
87.33
87.48
86.75
85.69
84.20
84.03
84.27
84.18
83.40
83.29
84.25
86.24
86.06
85.95
86.38
87.28
87.46
87.56
89.76
90.17
89.01
88.46
88.95
88.89
90.00
91.06
91.36
90.61
91.70
92.77
92.90
92.41
92.40
91.81
90.97
92.75
92.50
92.50
92.84
92.12
91.77
92.40
92.45
93.34
94.44
93.79
93.75
94.36
93.91
94.04
93.24
94.19
92.40
93.09
93.09
92.60
90.74
91.98
92.01
91.11
92.80
93.00
95.80
97.43
97.80
98.50
98.68
98.45
99.35
99.78
99.89
100.38
101.21
103.27
103.65
103.42
103.94
104.12
101.91
102.14
103.08
104.10
104.83
104.51
104.54
104.96
105.87
105.51
106.35
106.09
105.99
106.19
107.24
109.44
109.65
108.66
104.70
103.00
103.07
103.68
104.23
104.35
103.80
104.20
104.33
104.78
104.04
104.34
103.91
103.58
103.91
104.40
104.27
103.40
102.41
102.78
102.94
103.56
103.81
102.88
102.79
103.04
102.61
101.79
103.01
104.00
107.15
107.30
107.99
108.20
108.71
109.33
109.91
111.35
111.75
112.07
111.69
112.25
111.61
110.54
108.60
107.52
108.17
108.13
108.53
108.35
108.39
109.22
109.00
110.03
111.53
112.10
110.82
110.82
108.91
109.06
110.43
108.60
108.45
109.56
109.60
107.67
107.50
108.37
108.55
108.37
108.19
109.06
108.31
108.58
110.45
110.79
112.20
112.78
111.92
110.14
109.73
108.43
106.49
106.30
106.66
104.07
103.45
103.21
104.55
105.12
105.21
105.94
104.50
103.00
103.05
104.65
104.56
104.50
104.22
101.81
101.97
99.34
96.42
97.80
97.25
98.50
99.23
99.55
100.30
98.70
97.23
96.04
95.16
94.75
96.71
97.23
96.66
96.43
98.28
98.35
98.61
98.68
98.41
98.25
97.81
98.70
102.30
102.66
102.56
102.34
101.90
101.93
102.00
103.30
102.61
101.77
102.17
102.16
103.03
102.02
103.68
105.62
107.00
107.24
108.22
107.77
107.49
108.62
107.73
107.88
107.68
108.31
107.57
107.28
108.10
107.44
106.69
107.25
108.77
108.75
108.25
109.65
110.02
111.82
111.94
112.90
112.98
112.00
110.21
110.22
110.95
111.08
111.07
109.99
109.00
109.03
109.28
108.86
109.84
111.60
112.73
113.63
114.33
114.41
115.40
116.57
116.74
115.52
114.86
116.30
117.02
118.05
115.46
114.95
117.82
119.30
119.55
119.78
119.03
120.80
121.28
118.70
116.60
116.23
117.20
117.55
117.00
113.53
110.23
112.53
115.93
116.53
116.02
118.71
118.02
119.20
122.32
122.65
122.02
122.59
124.95
124.80
126.00
128.09
128.90
128.67
127.22
127.50
127.78
129.27
128.60
127.06
126.56
127.86
129.81
130.49
130.81
132.61
134.03
130.84
129.05
128.44
129.61
130.01
129.42
130.85
128.85
127.76
128.44
128.51
128.51
129.35
127.60
126.11
124.45
124.34
126.11
126.69
127.40
127.83
127.64
127.45
126.70
124.23
126.38
125.61
127.29
128.00
130.02
131.42
131.38
131.90
130.59
131.01
132.71
131.25
131.64
132.34
132.46
133.01
137.10
138.71
138.45
140.43
141.40
140.70
141.60
139.48
139.32
140.49
137.80
139.15
138.77
141.40
144.21
144.06
143.01
143.23
143.79
143.05
143.34
141.11
141.56
142.24
143.10
144.31
143.17
141.26
141.20
140.15
139.18
145.62
147.59
147.45
148.03
149.80
149.01
148.30
150.45
150.88
152.13
154.16
154.84
155.71
156.25
156.92
158.12
160.00
160.07
159.89
161.45
158.51
158.40
158.20
160.00
161.32
163.60
166.06
165.32
163.50
161.76
162.20
162.10
158.65
156.08
157.12
157.75
158.00
159.69
162.20
163.70
162.05
158.60
156.07
151.11
150.62
147.00
146.25
146.75
143.34
143.70
140.42
144.68
149.47
149.25
149.15
150.19
153.60
149.85
147.50
148.30
144.50
148.99
145.00
138.01
136.79
140.07
142.61
142.95
143.59
145.50
146.95
147.21
148.10
147.16
145.07
146.35
149.50
151.34
150.00
150.20
148.44
148.16
146.55
145.07
142.10
138.97
139.20
139.90
142.70
145.00
141.80
143.06
145.34
146.69
147.59
149.33
150.66
149.59
147.54
148.47
152.17
151.76
150.49
149.60
148.50
149.99
149.43
151.21
152.72
153.85
153.00
151.64
153.05
152.15
150.75
149.75
147.88
145.66
146.42
147.07
147.13
149.05
149.92
148.35
147.52
149.15
154.71
156.81
159.52
161.52
162.00
162.31
164.23
165.86
165.76
167.00
167.02
167.25
167.80
169.10
168.51
170.10
173.31
174.69
173.80
175.32
176.79
176.75
178.61
180.65
183.09
182.14
181.85
179.90
178.85
180.21
184.40
187.16
188.29
188.39
186.70
188.88
184.75
182.70
185.30
187.68
188.56
186.50
184.78
184.60
187.23
185.40
189.84
194.00
194.88
195.03
198.29
199.99
199.15
193.11
191.50
193.06
193.18
191.52
195.39
198.21
201.00
200.00
200.00
201.84
198.44
198.00
197.63
199.80
199.64
200.43
201.24
197.70
195.66
198.29
199.72
199.76
199.32
197.82
198.07
197.90
198.10
202.00
201.50
207.60
210.40
210.85
210.85
209.10
208.84
209.60
210.65
213.03
212.51
210.60
210.13
208.37
207.29
209.73
211.00
211.50
212.70
213.10
209.81
210.58
209.87
210.47
212.79
216.41
215.02
215.97
218.16
218.00
215.55
212.66
194.65
197.79
194.08
195.59
189.85
193.70
195.50
198.00
198.86
198.86
198.52
197.54
199.50
198.27
200.44
202.00
204.16
209.29
209.71
209.30
209.74
206.19
206.30
204.70
203.29
206.47
208.21
207.41
207.45
208.21
206.61
205.39
205.61
208.12
213.54
213.97
214.80
218.37
220.48
218.71
220.10
224.17
222.99
218.48
215.35
217.45
218.55
221.43
225.60
222.96
223.35
222.95
223.60
225.35
224.26
224.52
225.25
227.95
228.56
228.75
228.43
225.05
224.19
226.03
225.60
230.09
229.59
227.94
228.25
224.85
219.34
218.75
224.13
225.58
228.00
225.01
226.00
224.80
225.49
225.72
222.20
220.27
215.05
214.17
212.56
217.67
213.69
216.00
219.99
221.20
220.70
222.51
216.52
214.65
216.72
219.20
219.46
218.65
212.34
210.03
204.79
204.07
196.77
197.78
189.00
190.51
192.45
187.25
182.85
185.00
179.68
175.00
185.39
188.76
180.79
175.57
176.61
169.00
163.83
157.38
170.50
170.12
170.00
174.29
175.92
175.60
177.26
170.25
167.92
169.79
173.87
176.18
176.90
175.36
175.00
178.50
182.50
181.70
183.72
185.59
186.34
187.41
203.00
203.44
203.53
207.71
208.81
210.80
214.19
215.25
215.40
222.11
225.67
223.89
225.96
226.26
226.20
234.90
226.05
229.73
227.42
223.20
223.08
224.22
217.60
213.00
220.91
215.80
221.81
229.36
235.07
239.45
240.00
238.75
223.44
212.80
213.59
213.16
201.57
202.57
208.24
218.34
231.04
223.74
222.57
216.62
213.50
206.44
211.80
205.42
206.19
217.08
222.50
224.77
223.60
215.22
214.23
214.29
217.03
218.01
210.69
208.50
204.94
207.70
207.00
196.90
200.64
200.65
205.02
210.70
211.55
211.95
211.81
209.50
206.60
204.14
198.29
189.99
189.00
183.70
187.04
194.57
199.03
192.36
192.40
189.66
184.60
175.42
184.59
194.20
189.91
190.62
194.07
193.40
195.00
198.00
199.20
189.61
186.25
185.32
185.70
185.50
178.50
176.50
176.50
173.37
172.68
171.82
174.72
171.39
172.07
171.87
171.51
175.57
169.00
164.31
160.20
162.67
158.13
157.00
155.23
157.50
162.61
156.76
155.00
140.27
159.76
165.40
166.21
176.15
177.14
174.33
167.38
163.39
162.85
170.21
176.10
172.88
174.00
176.93
176.76
173.15
168.87
166.87
163.35
161.68
165.91
167.10
176.91
178.29
178.50
178.00
179.36
188.37
189.89
188.25
189.82
190.85
198.00
196.15
193.11
189.54
185.26
185.69
187.34
189.02
189.34
185.32
186.00
183.47
181.25
178.01
175.00
171.23
170.80
172.21
174.00
175.85
170.81
167.60
169.55
173.19
169.44
163.35
163.21
161.21
163.24
169.40
176.61
179.14
175.56
181.11
182.85
177.01
177.34
183.09
175.20
172.29
173.29
170.23
175.19
178.26
167.39
166.74
167.50
166.25
158.50
158.57
152.25
159.15
174.85
178.06
179.05
177.30
184.69
179.77
176.17
172.23
173.36
180.96
182.40
178.66
176.20
175.50
177.50
171.15
172.02
175.07
166.56
162.40
164.11
162.34
159.70
156.90
155.30
152.59
156.80
155.11
153.38
153.41
156.67
160.27
162.70
162.03
160.00
157.72
162.51
160.50
155.73
149.87
152.35
130.43
116.13
97.78
86.31
116.00
120.43
113.01
126.02
128.76
129.51
105.00
124.50
124.99
128.05
126.94
115.00
112.02
107.55
100.00
74.00
91.00
117.32
110.79
104.00
107.00
115.65
118.83
111.00
101.71
96.00
91.47
82.22
88.66
88.01
87.20
87.31
87.18
86.50
79.41
75.00
68.51
66.68
64.54
61.02
65.12
61.75
60.56
54.54
49.00
47.41
55.27
66.52
69.40
74.24
64.19
60.22
62.12
66.04
65.02
73.52
71.56
69.35
69.09
65.50
65.11
68.54
74.14
78.25
77.65
74.89
75.05
75.26
75.31
75.03
76.31
81.12
82.19
85.46
87.72
83.65
82.68
80.41
76.43
73.71
73.45
69.00
69.95
59.13
63.25
65.53
67.12
72.77
74.77
83.37
82.12
79.35
78.57
79.80
83.45
86.26
91.56
94.63
89.70
90.42
91.47
94.50
84.79
81.07
85.53
79.27
79.79
81.51
87.30
90.02
87.50
85.56
80.29
81.50
79.35
73.25
72.78
77.10
85.58
90.18
95.64
93.19
92.55
96.70
99.26
95.10
101.30
109.34
106.13
109.45
107.82
100.46
102.48
103.94
112.50
112.55
114.05
113.57
112.50
117.45
122.50
115.10
113.57
119.58
118.96
115.00
113.38
117.84
118.21
120.25
119.34
119.80
121.60
125.18
126.16
126.16
132.55
136.05
131.81
133.15
134.83
132.21
128.06
128.94
132.20
136.78
141.15
136.02
133.92
136.05
134.61
140.01
139.29
141.28
143.31
142.01
140.74
144.40
148.70
146.19
148.10
144.52
145.00
144.15
142.90
143.26
139.03
139.63
141.53
137.01
137.60
141.31
140.85
143.93
146.10
146.24
146.62
143.28
142.26
142.30
135.23
140.91
141.20
145.05
148.08
150.63
153.81
155.52
157.28
157.02
157.34
159.30
162.81
162.00
159.50
157.90
160.71
161.30
163.30
162.96
164.61
165.81
162.73
159.40
159.15
159.57
162.61
160.79
157.20
159.49
158.00
160.10
162.02
162.58
163.04
163.70
163.25
163.40
161.25
159.93
158.14
159.55
161.36
165.05
167.16
170.13
174.37
173.16
175.46
176.50
179.55
180.65
181.41
182.58
183.64
181.17
177.70
178.66
182.13
181.82
178.60
175.60
180.55
184.60
186.00
187.61
187.92
188.84
185.10
190.40
187.20
183.38
183.01
184.07
179.10
179.56
179.04
177.82
177.40
171.67
173.44
169.68
165.30
168.74
169.02
169.21
171.00
173.50
175.32
177.95
177.79
175.64
176.43
175.50
175.01
171.43
170.01
171.25
170.28
168.05
163.22
164.77
167.07
165.57
163.94
163.53
163.76
161.05
160.72
164.16
165.42
163.86
162.11
163.07
160.83
160.20
163.42
164.50
163.39
163.31
163.46
163.21
163.69
166.93
169.51
172.57
173.76
173.95
173.95
170.52
167.03
166.12
167.21
164.58
163.90
164.32
156.77
152.25
154.50
150.70
148.27
149.95
147.81
149.21
153.65
157.11
150.45
148.87
150.82
149.65
151.76
152.25
151.14
154.60
155.81
154.88
154.49
156.03
155.91
156.87
154.32
155.26
156.17
156.91
157.23
158.11
165.00
167.46
168.00
168.87
171.10
174.00
170.38
173.56
175.57
175.66
175.95
175.23
173.29
173.64
174.78
171.91
171.64
170.70
169.85
169.50
169.77
172.15
172.81
175.28
177.50
177.84
177.11
183.07
183.66
155.55
155.00
158.00
157.00
156.29
157.00
151.52
150.15
154.69
158.34
143.30
146.54
147.83
147.20
139.06
141.50
141.20
141.55
142.28
144.42
141.90
138.53
136.60
136.10
135.75
136.25
136.51
134.20
139.69
141.04
143.10
141.70
141.14
142.50
141.71
137.85
135.05
136.22
131.30
133.00
133.40
133.30
135.71
135.22
137.52
137.31
134.59
132.73
133.11
135.43
136.53
133.17
131.02
129.50
129.69
131.07
132.07
133.56
134.59
136.03
138.11
137.65
137.82
146.05
144.10
141.55
146.86
144.16
144.57
145.21
147.00
146.78
147.63
150.80
151.61
151.41
153.00
154.40
153.77
154.59
153.18
148.91
147.81
148.08
147.00
148.14
147.73
146.28
147.25
146.60
143.82
142.75
141.66
138.25
136.65
135.79
137.80
138.45
141.33
144.15
145.36
148.50
148.81
152.30
152.23
150.67
151.16
150.56
149.89
151.09
147.69
143.98
145.82
145.78
144.06
142.54
144.30
144.82
144.70
146.07
149.13
150.03
150.62
151.27
151.01
154.39
150.55
150.66
150.85
154.11
154.86
158.10
157.50
156.27
156.53
157.00
160.44
160.95
160.17
161.80
160.57
162.69
165.92
169.10
166.00
165.57
165.79
164.65
165.01
164.66
164.00
165.60
165.70
158.45
157.66
158.55
158.07
157.00
156.14
157.00
158.84
160.95
161.49
161.44
161.89
165.75
165.90
167.90
166.84
165.11
163.21
163.12
163.65
166.50
167.90
167.17
166.41
168.83
166.57
166.99
167.01
169.85
172.00
172.00
171.98
169.36
169.20
168.32
169.18
171.00
171.19
173.05
165.86
164.01
165.12
165.75
160.12
161.04
161.11
161.42
161.23
163.61
164.20
161.84
162.76
164.60
166.26
164.66
164.68
164.81
165.51
166.82
168.00
167.00
166.85
162.35
161.77
161.32
163.52
163.11
161.30
161.11
162.69
160.36
158.50
159.04
161.58
159.99
159.84
158.02
154.85
153.26
153.95
155.24
159.90
160.12
158.24
158.83
157.70
156.41
155.53
157.47
157.32
159.66
158.60
157.62
158.85
161.57
160.82
160.54
159.45
159.83
155.25
154.63
151.52
149.55
151.50
152.70
151.18
151.78
152.00
150.20
149.64
151.07
150.68
150.95
149.95
149.53
148.80
148.52
147.65
140.66
139.25
140.26
139.08
140.21
138.43
134.79
133.64
135.03
135.51
135.34
136.23
139.88
136.10
131.50
132.89
133.14
132.99
131.50
131.83
132.52
135.92
136.54
134.01
134.15
137.21
134.36
134.30
134.43
131.64
130.82
129.80
128.30
129.50
131.50
133.09
133.00
132.82
134.72
133.17
131.07
130.10
129.70
129.75
129.18
127.50
125.50
127.58
133.25
134.44
133.50
136.02
134.44
134.65
133.13
133.75
131.18
130.71
126.21
122.35
112.11
111.60
110.04
112.25
115.29
116.00
115.50
116.55
112.04
111.11
105.10
103.16
106.39
108.11
107.72
112.33
113.25
114.67
111.60
105.80
103.43
105.00
104.74
102.22
99.78
101.50
103.53
105.10
105.91
103.25
102.53
97.72
91.40
92.80
95.00
98.78
96.21
97.20
94.46
89.88
84.27
90.82
91.76
92.25
93.95
94.00
96.39
94.52
94.65
95.17
96.55
100.32
98.28
100.59
102.58
100.08
101.36
110.00
114.00
109.48
102.71
104.75
102.09
103.81
103.75
106.20
98.83
98.14
100.26
98.38
98.06
95.25
91.82
91.31
88.90
88.61
87.60
87.74
89.37
88.65
91.37
93.20
95.53
99.05
99.00
99.05
99.38
100.79
97.52
93.35
92.45
91.90
89.90
86.90
88.15
89.28
91.79
92.73
91.83
90.04
90.25
90.14
92.83
93.68
92.50
92.42
92.96
97.04
97.50
98.26
97.00
96.95
97.80
104.88
106.60
107.52
106.25
105.93
108.03
107.62
108.77
109.16
111.61
112.71
115.40
116.33
115.31
114.54
115.05
113.26
113.98
111.40
112.91
111.62
114.83
115.93
114.29
113.22
115.11
113.94
115.25
115.14
115.84
119.86
117.51
113.11
114.29
116.08
116.24
116.28
118.40
119.82
120.12
121.06
122.20
123.26
124.51
124.09
124.51
126.44
126.20
124.09
122.89
122.93
123.38
121.70
119.86
117.63
115.67
114.45
115.56
116.00
114.89
114.96
116.24
114.23
112.47
112.32
110.07
111.04
112.72
113.08
113.34
113.61
114.15
112.77
110.81
108.80
108.29
107.77
106.66
106.12
101.59
99.32
99.78
98.20
97.08
95.00
94.00
96.59
95.51
95.84
96.51
95.38
94.41
93.70
92.19
90.55
90.71
92.90
93.29
92.89
92.66
92.52
92.27
92.51
92.75
93.32
94.15
95.37
93.87
93.16
90.66
90.43
91.02
91.33
94.52
95.59
96.63
95.89
94.50
93.67
93.15
93.75
93.23
94.80
95.96
97.18
96.18
94.55
94.10
91.15
93.21
94.85
96.75
98.12
100.35
100.00
99.82
96.72
99.00
100.75
102.33
102.17
102.30
102.12
102.55
102.91
103.05
102.60
102.80
103.14
104.75
103.67
103.65
102.23
104.58
104.20
105.04
103.95
105.31
105.54
106.79
110.01
113.55
114.54
115.02
116.69
117.68
120.48
119.51
118.75
119.02
116.24
116.56
114.90
113.50
111.90
113.72
113.23
116.40
117.09
116.22
117.93
118.58
118.15
119.02
119.06
120.75
119.89
120.75
122.35
123.05
123.19
123.02
121.92
118.12
119.77
118.65
118.38
119.66
122.36
123.06
122.11
124.30
117.97
115.26
113.84
116.30
115.08
113.88
113.91
114.23
117.19
117.37
116.83
118.27
118.50
118.38
116.57
118.52
117.69
118.07
116.20
116.00
116.20
116.14
115.62
117.04
118.08
117.59
118.30
120.03
124.49
126.81
126.62
125.63
127.40
127.11
124.57
125.34
124.79
129.62
130.07
130.32
132.88
132.70
133.27
134.13
136.13
135.66
135.12
137.90
139.62
141.24
143.34
144.81
144.06
143.30
143.69
143.84
145.91
146.26
147.76
146.62
148.18
149.17
149.00
150.35
150.96
151.79
153.28
153.62
154.08
155.25
154.56
149.80
152.05
147.60
146.71
147.76
149.76
147.22
149.71
152.80
152.80
154.50
152.01
152.36
150.46
150.58
152.16
151.30
150.89
147.82
149.25
145.37
145.61
144.68
144.87
145.86
147.13
144.60
144.77
142.18
142.24
140.34
141.84
144.07
147.24
148.22
147.01
145.53
142.14
138.05
137.42
137.85
137.29
139.92
142.95
143.75
143.07
143.91
144.56
142.40
140.39
145.06
145.64
147.55
148.40
148.25
147.50
147.06
149.50
153.79
153.96
155.00
157.52
158.53
158.53
154.62
155.29
159.91
159.41
161.00
162.07
159.79
160.50
157.55
156.34
160.59
165.29
163.19
161.07
161.07
162.91
162.90
163.05
161.51
154.84
152.30
148.71
151.55
150.75
152.61
151.00
151.70
149.90
149.28
151.50
152.88
153.17
154.67
156.11
158.55
161.16
159.43
159.50
161.50
162.58
163.88
165.48
164.44
163.69
164.27
162.02
162.33
162.43
164.88
166.46
166.44
164.47
162.05
162.83
162.02
160.55
160.95
162.93
160.07
160.03
158.53
157.78
156.51
157.20
158.00
157.75
152.93
151.45
152.09
151.33
153.52
154.35
155.57
153.42
157.16
162.56
163.78
163.07
162.96
165.19
165.66
165.64
166.88
164.03
164.72
162.97
161.16
161.04
159.43
156.57
157.56
157.52
155.46
156.09
154.22
153.00
152.83
156.00
157.52
157.50
157.51
157.50
155.99
156.68
158.25
158.23
156.56
158.83
159.91
160.25
161.01
161.15
160.86
160.72
161.59
160.78
162.33
159.61
159.88
162.16
162.13
161.20
162.41
163.18
164.20
165.63
164.86
165.01
165.53
168.50
168.00
166.87
167.69
168.68
167.91
167.31
165.35
164.77
166.84
167.52
167.13
166.52
167.60
169.09
169.71
169.99
174.00
173.75
175.50
175.44
175.18
175.57
175.26
176.22
176.36
176.22
178.88
177.52
177.26
176.61
177.00
175.69
175.71
177.00
174.50
174.50
171.34
172.78
169.02
167.22
163.43
164.59
163.62
164.57
163.30
159.77
159.85
160.32
160.10
160.27
160.28
160.31
163.23
162.10
162.93
163.72
162.98
162.67
164.15
164.08
163.16
160.77
162.34
164.57
163.66
166.20
168.25
172.49
173.11
172.47
169.85
167.81
166.57
165.03
166.33
167.01
166.80
167.27
166.91
165.10
162.80
161.72
160.77
161.29
162.22
164.22
165.73
165.00
162.85
158.44
155.48
156.42
155.81
151.65
153.42
153.10
155.12
157.35
156.23
157.27
159.28
160.59
157.91
154.00
156.64
158.19
159.70
158.57
154.52
154.18
153.71
155.20
155.68
157.91
159.13
159.28
155.92
154.84
156.01
155.61
157.13
158.65
159.51
160.58
159.78
159.62
159.16
157.91
159.28
160.86
161.56
162.90
165.64
165.48
164.69
165.02
165.42
164.45
165.45
167.29
168.93
169.42
169.21
167.95
167.40
166.37
166.37
166.37
166.06
166.57
167.72
166.90
163.73
163.63
161.53
162.38
166.46
167.15
169.00
168.92
169.65
170.05
172.38
174.63
175.61
174.72
174.67
175.45
175.36
172.79
169.40
170.05
168.89
168.02
168.74
168.68
171.62
171.38
171.27
171.69
171.44
172.70
173.63
172.60
173.44
174.83
176.46
177.81
177.01
175.89
177.85
178.38
179.43
179.55
177.88
179.22
176.62
178.12
178.50
180.63
182.51
182.80
183.46
185.50
185.88
185.10
184.57
184.47
183.46
183.22
182.20
182.68
180.33
180.59
184.57
187.15
183.62
182.15
180.75
180.06
178.50
177.77
171.52
171.26
175.10
175.82
178.36
176.83
178.71
180.01
182.31
183.20
185.39
185.17
188.12
189.75
188.82
189.61
189.78
189.30
190.51
190.53
189.33
189.20
189.62
189.22
189.59
188.19
187.55
