4663700
5005800
6368500
4705600
5043800
4487800
3694400
4288100
3783700
3180500
4861700
2962300
2711000
5706500
3908300
4420200
4054100
3124900
3357400
5373000
4674000
2948400
2589900
3401800
3313900
3069200
3224600
2851600
3436700
2905400
3995700
3747200
3358400
4291100
3589500
4013600
6266600
5269300
4322400
5199300
7936600
4752100
4411300
4410300
3890400
3478000
4054300
3984000
3737700
3694200
4239700
5223100
5038500
3379700
3240700
4342100
6167200
3602100
3862800
3661300
3688700
4356600
5141000
3683600
7770100
3569000
3068300
4906200
3733900
3090500
4545500
3273200
4372400
3963300
3324700
2446100
2282700
2671800
3411400
3387100
3754200
4946900
6393700
7476600
6879100
4768300
2548300
4120900
4703200
3991600
3808800
6211500
4175500
3051500
2806500
2739200
5550700
2541800
3363500
4397700
3079000
2457500
3039900
2686200
2660000
3482300
2553700
2814200
3932100
4093400
2870500
2569000
3795900
4294700
5563500
5447500
4819300
5193400
4551900
3952900
2096300
3385600
5394100
4525400
5729000
12598300
3678300
6478400
4175200
4561200
4281200
5150200
4965500
6625700
9555600
6375900
7755800
8176000
17728600
16942100
8015100
5652400
6466700
6432500
5584200
5132200
5166200
4283700
5081800
8272700
5941800
37191500
24668400
9989800
9234100
6881500
6960700
9271300
12344300
17813000
11642600
8332800
8176200
7333200
7144900
9847200
6001300
6372100
4975000
4301000
4340300
3898100
3990900
4889100
4637900
4125800
3914100
2949800
6580800
4141100
3705300
6462000
6064400
4303800
4671800
4334600
3699700
8112700
8200600
4862700
4695900
6658600
8503600
7121700
5050300
4475000
5584300
5202800
5205400
4887400
5377500
5486800
4586800
3602500
3816600
4616800
4491700
5604600
6175700
10256200
10253500
9507300
8141400
7484700
4764300
4499500
3667300
6373100
5182300
5970000
4431700
5301000
4555700
5742100
3961900
4149500
3795500
1363700
3044900
4532000
6759900
7205900
7542100
5514500
6409700
5471100
5281000
4974300
4680900
3820600
5527900
4474700
10358600
4649300
11895700
8173300
7036900
6663600
3414500
4214600
4278500
4510600
5242800
9089100
6909100
5302300
4672100
5758400
4506700
4297900
5852200
5155400
6213900
5716800
4718000
4795800
4943100
7255900
5202800
4930100
4813500
4223800
5237100
5903300
10135500
6146400
4177900
4207500
4875000
4201700
4451900
3953600
4374000
5344200
4685500
5115400
6316700
6509500
6887100
4712200
3426400
4955000
4100900
5189800
4536900
4712200
4168100
3736000
3863400
3931900
4824500
5588900
4957700
9618500
4786400
4552700
5723500
6587000
5984800
5553600
5909900
6788400
5517200
5332500
5687600
6181700
7623500
9124200
7485300
6172200
7847400
7520800
5985800
4101000
5572600
7714600
4766000
7051700
6019600
4446900
8626800
8094200
5095900
5908400
5669500
5101200
4707800
5900800
4880800
5251400
28522500
8986300
5809700
5214600
6144300
6749400
5926500
3444900
4913800
3398900
4846300
6347900
5186900
4585100
3777400
5102600
4536200
5087300
4506200
5143700
6699400
3486800
3461000
4053100
2814600
3986600
7854900
3335600
4367600
5327000
5438800
4896800
4088300
5480400
3935200
5558200
9365700
4462100
2767000
4760400
4654100
3924700
6548800
9115700
5093400
4069600
4177500
9305200
4717500
6362400
5505300
4461000
4337400
4390400
5008800
4935700
3822400
11651800
6650500
5313300
4804700
4621200
3459200
3684900
4700900
4449400
3138700
3183500
4266200
2645900
4527700
3570700
3794400
4821900
4686400
4762900
4460400
4718500
5183100
5408500
4251000
5913100
6135100
4566100
5169800
8582100
11972200
9194700
15240800
14002200
13606000
8490000
8977000
9316900
8627200
7836300
10276400
8112200
10327300
8676700
5722500
3852000
5303100
5773900
9694500
7184700
4895000
6962400
7493600
6029800
4419800
6469100
10465800
8593100
5504700
4519400
5483300
7331300
5435600
7554300
4251600
4846300
6239100
5149300
7361600
4379100
3326400
6738500
5675600
5355200
5883600
5014100
4053000
3848700
1716700
5707800
8868500
5623700
6181800
6597000
5549400
4780900
6140000
5495500
5205000
5635600
4962200
4598700
5599800
5651400
7810400
4599200
4841400
4588300
9032500
1718900
4238500
4439500
3642800
4804200
7011200
7254800
7176300
5067600
4491600
6782700
6880100
5388900
6442600
5261100
5140500
4630200
5881800
5020100
5922200
7156100
9011800
5435500
7051500
10863000
9392200
6213300
5331500
9775400
9764500
7324300
5151900
4419900
4367400
5494100
4729700
5091800
6245500
6041400
7225200
4998800
5375400
5140500
5740000
5761200
5000600
8048300
4994700
5169600
4556800
6260900
6158800
5221000
4584500
4534300
8728600
4275100
4401200
4684800
6719100
7945600
5869700
6000600
5757900
5049300
5487100
4721300
5647200
6203800
3520300
4664100
11747600
10359800
16525400
8491800
7134200
6901000
6466500
5028900
6950600
13698500
14373100
7912200
8705700
10444100
9100700
11258400
8172200
7007000
4473500
4596800
5385900
7057500
5032800
6550700
6866000
6673000
5318400
8272400
6284800
4430000
6479200
4027800
5940600
4849400
5511600
5141500
5864500
6780900
6175900
6439500
4821000
5767100
5213900
4235800
4764500
6502400
5801000
10185300
6887900
6168200
9244800
9120900
12401800
9670700
6785800
13946600
10319700
10370200
7001500
10832800
8513900
4299100
7292000
6626100
8667600
11401500
11096700
13102000
10045000
9999000
7060800
9958100
26134900
20407400
19876100
13786900
10921300
10427000
9704100
19682200
11762500
7691900
10979000
8548900
12751700
10342800
7024100
6113300
6426500
8723200
7359300
9130100
9156300
8857900
8620400
7472500
5689300
5801000
5465400
4690900
5309300
10254800
8411100
8467800
8130900
5313800
7619500
6039600
6017900
10112700
6286900
6066300
5553800
4925700
5923300
11071500
6981400
8766400
7235700
7083100
12266800
13463000
14122600
15568200
21502100
16857800
13600000
13820000
9285200
11777000
15460200
9018600
11653500
7815300
6667100
9074200
9383800
14781000
12739200
11018400
11302500
12082500
8635200
7747100
9912000
7754200
10977400
7486300
7881200
6497600
8100500
5057100
9271000
9969300
7577600
8643200
8290300
8296500
8738200
10563100
8568400
7379300
7291900
7163700
4227100
7942600
7075500
7276700
7917000
8559200
7758400
6507200
5620700
5578100
6440500
7868000
6082800
7100400
6177000
20092400
7499000
2279500
4063400
4088100
4484500
6211200
7293900
5745200
20465600
14728300
18175900
8739600
9221200
7927800
8629800
6324800
8034300
7450400
9290600
10550100
15045100
10432700
10205200
10498800
16136900
10129100
10929300
7683400
8029900
8677000
8403400
9932100
7028900
6240500
6300400
7532300
5107600
4988100
7919400
16474500
14637300
7217200
8005600
5900500
6403400
7748900
5524800
5676600
6599300
7919000
8326500
7359200
11655600
8731700
9131700
7214300
10242500
7085100
6057700
5924900
9144800
6326500
5672700
6912600
7695500
5725500
7090800
6952400
7206100
10491000
7610600
8416800
9483600
8101400
6775600
6916400
6609700
6109500
8347700
8364700
6264800
8930600
13767700
10249100
7010900
7091700
6801700
11499400
6309700
7031500
6576700
7285900
6075600
7407200
5727600
5466100
4661600
4975200
6041400
8285200
7837600
5729900
5832600
7794500
8589200
8164500
7234400
7463100
7661000
8701900
6250200
7989200
6311900
7152300
6183900
5895300
6158900
5528100
5693700
5364900
6574600
7828600
6721000
17171300
7364700
7734600
8565600
8595100
6178100
7075300
8796900
6397500
3499700
7348900
8840200
6813100
6185000
5272400
13376200
10752300
10206900
8818800
8728500
10341600
9220100
10573400
7585000
7737400
10558100
10406300
7494900
9125700
9427000
10929100
8607200
9135300
6858900
6721600
5459800
8582200
5627600
6986700
3465800
4666300
6411400
5192700
6869100
8039300
5622700
7127800
5194600
6756800
4742300
7999500
8751800
8560700
8560200
8532300
7405800
7709400
7651600
6270800
6551200
6277800
6256400
7734100
9565400
8916000
25025700
15203200
12918600
12233100
7619300
8493000
8801400
7770600
11143700
6972600
10864900
7337100
10873000
7562400
9698600
11800800
11470000
9240300
7352000
8067600
9457600
10638200
11459300
9356200
10607200
11157500
10943900
7653600
9502900
7592300
6599100
6686200
6803700
6658400
6940000
4746700
5427800
6792500
9820400
9592200
8799100
7634500
8506000
9319600
8138500
8157000
7791000
2697200
7165500
9031900
8801400
15247500
9392500
7237700
9837100
9156300
10407500
7826700
9256100
11822500
9526200
7415300
13328000
9120100
6907500
3407700
2569300
7927500
10696200
7309200
8096200
16917900
11114400
10416100
10160400
9437500
8129900
8752300
6319900
8471500
7526600
7331300
9250000
9170500
5670200
6491100
8578400
8833600
9394100
6905900
8820500
5546100
7692300
5736600
5036400
4888200
8609000
8773700
6534400
6657600
10287600
8020700
8739700
7342000
6384400
11283400
6638800
5170000
6656600
6062400
12445100
10301600
7071100
6889900
6284100
6507200
8690700
8594000
7311300
7113800
5384800
6279600
5988400
6777400
6506200
10870200
8618900
6627300
6021800
6925400
5671400
6619300
15743800
9152100
8829600
4716100
14869500
7647400
5125400
6622700
5365700
5072200
8280000
4855900
8294600
9222600
7059300
5052100
4066500
9911800
8113600
7317200
7762100
6399200
7028500
5077300
5608200
6909900
7701600
6666100
6041300
6359900
6324800
5288700
5063400
4958100
5582100
6377600
6604400
7575500
10739800
10208400
6491100
7376100
7796700
6489800
5578500
5259600
6420100
14799800
9143500
6946100
7838600
5895100
5594000
7961000
6784000
6444000
6355100
8153600
9374400
7556600
6034700
7576800
7568800
3893200
5151700
6415200
6335500
5131400
4906900
5917300
5877500
4653300
6835200
5792500
7899400
6147100
8758800
12840200
13147000
25987800
16696600
12358700
7199100
8277000
14019400
8201300
8311200
6766600
5746400
7777300
9307100
7121500
4846400
6399500
5433400
5650100
5937900
6432200
5228300
6253700
6860900
4813200
4595900
4987200
6907600
7091900
8163100
6661800
7016500
6959500
6433800
6677200
5048200
7294600
8612300
4447300
7728700
4845700
6911600
7402100
9894600
5232300
6856900
6468600
6579600
9448700
7237700
8900800
6819400
8338700
6320100
5064800
3046400
7235600
8522600
5519600
7150200
5322300
7635500
7335000
7042400
10124600
6751400
10085400
9760700
17086100
10968500
10499600
8877000
7223200
7886800
7557200
6200600
6692000
6500500
8666000
9077700
6642400
5371100
9155600
4969900
6880100
6134600
5380100
5320200
2136300
5359800
6608300
7080000
8255000
5709400
4076100
6079200
4377900
5867300
7971400
7196000
12138400
8479200
8230700
12302000
5352300
6647100
6486000
5376800
4263400
5268200
4155800
4476100
4122900
9235900
11680100
8201500
7844300
8424300
10087700
9305100
13962300
20131200
10249700
13386400
10558300
13373200
13119700
11983000
11559200
12685000
16697300
13421500
11637700
8528700
10696800
6531200
9405400
6032600
7971700
6945500
6677600
6502300
18089500
12067200
11621200
7852400
12942600
12761700
9184800
9036200
9451300
6534600
7631700
7173300
7661500
7599700
7811900
6864500
6498500
6189500
6778700
5719300
6490800
6930400
6349700
13696800
7258400
7785500
8439000
5461300
8487600
13966300
6399300
7159400
7196400
11959700
6733300
7077000
6175400
6568500
5290400
5596500
5644100
7266900
9975200
7845400
7619500
6469800
6360400
6667500
6995200
7268700
15338100
10007200
12395300
27736000
17339400
11729700
13007400
9227500
7436400
6966100
5710100
5525800
7051000
5254400
5331400
7566500
6102400
9627100
8003800
6200400
7141000
5900800
4379300
7239200
7350100
6487400
5204000
4701700
6273500
7216300
7443700
9212400
5934900
4752500
8185800
7076900
11612800
7409600
6086900
6091700
8508600
11394200
9250100
6003200
6119700
9728500
8828700
9751300
10142700
9408800
8568200
11051400
12715400
8405000
9154300
9373100
6982200
6567900
8515100
6960500
7492300
7164000
7844100
8685000
8957400
9630000
11171300
12044000
9752300
13176600
13671000
6674400
8082200
11271900
9735500
9715800
9562400
8714200
7697300
8495700
7693000
8000900
7556500
11286400
9705000
16538600
6603300
8613100
10447800
9372000
5297100
7364800
7458600
8283800
6849300
6151500
8319700
8148000
7410600
16810900
6293200
9446600
10505700
7983200
6517700
9951900
10017200
10296400
7906200
8070100
9419600
12766900
14182200
10957300
12757200
11397400
10367100
11422900
9919900
10002700
12345900
17394400
15434700
14098500
18094300
15602500
12651600
12969900
16944900
17797600
17661800
12317200
10211800
19282300
9834700
13284900
7870500
19623900
14001600
13873100
11247300
11689800
10093500
10856600
14020600
14290700
11111900
7032100
4648900
10669900
13182100
17115300
13764300
11274800
14378800
12566300
12335600
11998100
10242800
15738700
14001900
13226400
12834000
18360800
17506000
19009600
15480700
17481200
9042800
11610900
14890300
17548400
17706800
14348100
34475000
22976700
64153100
19569500
33637800
21804100
27355500
22661600
20720300
16785000
18522900
15096400
11748500
13978600
13456600
16166700
17634700
12514100
13444300
17235700
11143700
13299400
9860300
8483500
22617800
16151500
15240500
11062700
18285900
21743000
13535800
15456800
15701700
12751400
10238000
8600600
11613300
12035200
9190100
11593200
14090400
21008900
8056700
11665600
11970800
10868400
9779700
14393100
8970100
10681300
16286200
11904900
10139700
10338500
8856900
10674700
11987300
10665300
8699500
14713000
20163800
15049100
7663400
10077000
10744500
13018700
8638500
14727800
10536800
7054400
8580300
12523200
10024500
12201100
11513700
7225900
9438500
12209900
10494600
10655700
12157100
11149700
9408300
8668400
10255500
7121700
6230000
15701200
12380300
11155300
12716700
8373600
15406600
13700200
19382700
12907400
11870200
10160300
7315800
6919900
8348600
11499400
12954400
9677400
7370500
12607900
10953000
14892700
7225500
6322400
13050100
10114700
12977500
15686800
11482500
16359600
19111300
13150000
9162100
10145700
10530700
8566000
11478800
11749400
4742800
10692600
9728700
9373100
6986500
10539000
8537600
8781700
8036500
7647300
7786200
12350800
9470400
10681000
8933900
13247900
13678100
12114500
9356400
12670100
15842200
9461400
7809400
7928800
7692000
8219500
14482700
7880000
8078300
6806600
11008000
7946500
10876000
11286800
7064400
7569600
10776200
7855800
5016000
8634900
9298700
8127800
5760700
7849800
6984800
8457600
9611000
6186600
6337900
15426900
8189400
7099000
10043900
8091000
7440700
12042200
18868900
15075500
14668100
23217300
27638300
16804100
17176900
14794800
13075400
15362700
18975900
13964300
11527100
16859800
14154600
13081100
10652600
9491700
9328700
11732600
12743500
17178800
10909000
11385000
10778300
18639000
15135300
31555000
31692500
13133600
13836800
13539700
13089500
12513400
8941400
12430200
14612100
10926600
14438300
10860600
12102900
12881500
15010400
18050200
13152000
4738000
12228400
15131800
13577400
13939800
11256100
12574100
14814300
15851600
11836700
9086000
11485400
12821200
7768200
10607600
23619400
10077300
11717300
11649600
9437700
9094100
5262000
7888800
9462100
10312400
21445800
19215800
19047000
20370800
16281300
14750200
9740700
12502700
12128100
11809700
12188200
13451400
9991400
14298300
11639000
12685000
10493300
17055400
17042600
12921900
15064200
10841400
9057800
8630300
8500000
12177900
8386900
6797200
7420800
12386200
7471700
9217600
7879900
8746600
9807300
10530800
13814100
23607600
19214600
15998500
14027200
12130300
15086500
18300000
13422800
12555900
14847300
15652900
14704700
11540800
16304200
8378900
9988300
11936100
15295600
17443400
19059200
11759900
12892200
10339100
15850300
11392100
9566200
10264000
8923500
5667100
7839200
13627100
7490900
9212800
10135400
11929000
10447700
12848300
15754600
8555400
12110700
14000600
12787900
13239300
18022700
13258300
25943300
33944800
14842200
11234900
10867400
13206300
9772300
12342500
15733200
21522100
14297400
13745100
21401100
17575300
16645200
15119200
11699700
10499000
16150900
15087300
14156000
16603900
7991400
11561300
12140100
16987900
14350800
11088300
15618400
18005800
16179800
15466500
10172300
10365100
9637800
10040900
18252700
11445700
14739000
12717700
11473300
12545400
13010800
7881300
9939700
10229100
12411400
16771700
14392600
12769400
9029500
27040500
16092500
12688100
12085600
15151000
14339800
16578400
14206700
19032100
18835100
18847200
24279900
18853900
11624200
17878700
16967200
14469700
17412800
19994200
18814400
11788200
10364500
14519000
23616000
20064300
11155300
14021400
11358200
9293700
7410800
7126100
11220600
8842800
8577900
10350700
11177900
13728500
8652700
11710000
8918700
9923600
9933200
10954400
10539200
11243400
12283800
12928100
10557700
17401700
12359000
12354600
9995200
13628100
10990900
19288100
9144300
8353200
8457000
8692000
5520600
10180700
10133600
13169300
10618200
14727000
17563200
13811800
9854500
15072000
9105100
10749000
12899700
11892700
13747100
17264800
11663600
13896800
13811700
14384000
13129100
12506900
10926500
16143900
15995700
13615800
10287500
12342500
13185400
16823900
17846700
14808200
12625000
4612500
17036000
16027300
14026300
8577900
13941200
10319100
14868000
15377400
14844700
17648300
10655700
14152900
20511700
10728800
9747100
12626200
12396700
12272300
7548500
22581000
3058500
8112000
8465800
8358500
9628700
10865500
9017900
11886800
16094100
37362400
26413800
22965800
17973800
11108700
13851300
14502400
22353700
42584900
33056100
33402900
19037100
15000300
24335100
17621400
15130600
17948000
14811000
12338800
19555400
13926100
19455600
20048200
11926800
17249100
26610500
11414700
12838400
37163100
77769500
24896800
18683000
14009900
15658000
14250100
23748700
16159800
16623200
19710000
14204100
16115000
16833100
17866300
18116400
23024300
16552400
19586300
16699300
19273400
20761800
19425600
13063600
15571000
19511200
10880200
11146900
12842500
16155400
15795200
11390700
13660100
12474800
14376100
13993500
18438600
13257700
12357000
17820100
14043300
11645100
14288400
11736800
11825800
10534900
11629000
15201300
24471800
15984500
18366100
15360000
11436000
13502000
14831900
16407200
12695100
12041700
9451800
8153600
15472300
12937800
12991700
11588200
16747200
17057900
9479100
9470600
9558700
11745500
10657200
12617900
14487300
12186300
24651500
44491200
20047100
14276700
14831700
20594900
17065700
11655400
16757600
15357500
13719400
16080300
23582600
16979000
14029200
14325300
20503300
19161900
19240900
24316800
18199000
11298900
17213600
15568300
13666900
17384200
14233700
13451400
22034200
13629500
16222600
14222800
9551200
19110400
18257200
12957000
13719300
21607600
16634200
14550800
21791400
18051000
11951800
14533700
13784800
17285200
14755200
13140400
13654000
11717600
11801600
12124500
11495600
9794600
11499200
10148500
10948600
9494100
9402400
10237600
11885400
10756000
14414200
14011700
20243200
15858600
18318200
27082600
31063800
20664000
15803400
26571100
28245800
28001800
33540700
28714000
17341700
15891400
17303900
17865000
12856800
28291000
24304000
18499300
21038700
22214500
34729200
30234200
35861300
31355400
52937100
25177200
22703700
20723200
24593400
22442200
16649600
15416200
24701000
29079200
24302800
35442400
37816000
32251700
19637500
25524500
15514400
20741200
19023500
24578000
19871200
15699800
20089000
18681900
27287500
24803400
17438600
29272300
27203200
32244700
34991400
31179100
22324600
26568800
8127100
21788100
23220600
26331900
20631900
21366600
26441500
24560200
28329400
23501000
21908200
22095300
30786500
19395100
20496700
29576300
16366300
13444300
4411300
5192700
10837500
13481900
17429200
14848900
36096500
28001600
22727700
17421400
18603400
23908900
20567300
20324800
32078500
20473100
23933400
18714700
19628500
16291400
22147100
33535400
26533900
17343200
17744700
15420300
18076300
18991400
22565700
18549900
15534900
21573000
13400800
18384100
14983800
20988800
19650000
15800900
30269900
19257500
19207400
25712300
18228100
24826700
32995300
25067000
20319500
24559100
31195000
23514000
20511000
14934900
22537300
16075900
19399200
23992400
30188100
21617300
27627100
20665500
17065200
31480800
24173000
15352200
21213300
22827900
27432100
30753700
17738400
19507600
15480700
14152100
17537200
12715400
17575200
14296700
19261900
19674000
14638200
16737600
17993700
17113700
25960600
25603600
20506600
21459200
23924600
13002200
16180300
17482900
14648500
26495800
16479400
13835200
14648900
16177500
13504400
15195800
14632400
12002200
19528600
17953800
10381500
12910800
13701900
15555700
19250000
19874200
17618800
17971400
14759800
13619400
13178300
14175100
12493000
13383400
24416800
15199400
15477600
13073100
15303700
22258700
23782800
16949700
15230100
14000200
11666500
11386200
18135800
12309900
13544600
13946900
17269100
21800900
15224100
13454300
13777000
13648700
19160200
11735000
11478100
11135000
14557100
14784600
26863200
16100900
20398000
17952300
22084400
20638500
27609400
15165900
11646500
18563200
15824000
10985600
9528000
10470700
24949900
10889800
8356500
13491100
10271800
11508000
10012900
14961200
9177000
10883400
13301700
15039500
14705800
13267600
16416900
11492800
11416100
7832200
17258600
16324300
21996700
21970800
13111800
13380700
29322100
41824700
48461200
21472900
16970000
25808300
20690100
15634300
12398900
13916500
19299800
23462500
17631400
14413200
17739900
25738900
20324000
24769700
17687900
23546400
27332500
17030900
22814700
20967700
20448000
26533200
26682000
21182000
28588000
24505800
52723800
23397800
26035800
21731900
21496100
16134700
14728700
15891600
20432000
15538000
13161100
13319500
12632400
14031500
17522600
11321100
11261100
12132500
23496400
27891000
17505300
9118600
20760100
24040700
17671800
17550600
17064900
17189400
21636000
20112400
13994100
11121500
12451100
22011300
19992500
17875300
19314900
10076800
12939100
10031700
3616900
9133200
8306200
14045400
7982700
16176600
23722900
37506400
25508200
20658300
21974900
14407500
17108700
23054200
46642200
23935600
30237600
23572400
24228600
21103300
37811500
34965600
35659800
27086800
18225600
17606300
35864000
28760100
25070100
17707500
25553500
16152600
15994700
15161600
12456400
14310100
11936700
19705100
14640500
15712000
13273500
16887600
13582700
17269700
18502000
14241900
13974200
19983200
17094400
21646200
19359500
11714900
12047200
13430500
13724700
26049600
11864700
21208200
13596100
15380100
16000900
14419500
12930100
14965800
47206300
22853800
18351700
18849200
22490200
29006200
31576200
21013600
19633000
20272800
44206400
28856700
26306600
18978600
15930800
24152600
26552900
26070500
17428000
26602200
28366100
15858800
23367500
15539800
36789100
17347800
42107900
38892900
27673800
24781600
20688900
14156500
24603500
22279500
22884600
25470700
31498100
37210300
20591800
24799200
30040300
18694100
19514100
15402800
18972300
16961200
22462700
17574800
21557300
19699900
17770400
18022700
15998800
20556300
20739400
22459200
19510400
13404300
15813400
19897600
16411500
21396300
14050200
49151500
29439100
32420000
25574500
39477900
20717700
19227900
18324600
20748500
22709200
18155100
18416100
21672900
14947000
21387100
20639200
22514500
47092800
15439700
22731100
31990300
24238300
19103200
25041100
18411200
17320800
13571000
13053900
15340200
14874600
18466400
30878400
14630200
14097300
17696700
13597300
17972400
17317900
20004400
18302000
23558000
13459700
12682000
10385500
21032500
23700000
11225100
20979400
13420300
14263600
17026800
11586900
14977900
12023200
15833900
16013600
21525200
21589300
20578500
17625700
15983200
18654100
19803100
19430900
16003000
15659000
14510100
19124700
20660500
39172500
22637200
15286300
11070200
23947700
22533000
17973000
31197000
17593300
20410200
15199100
31969700
23989600
15572600
13760400
18991900
15396300
12072000
12614100
12991300
13770100
14746800
13210100
10961600
15967600
13678000
12794800
12039800
14229300
19674000
13245100
12863900
13441100
12950300
13965600
14728300
6078300
14912300
16328500
14718400
19818100
12592200
20550100
20865100
11764200
19789900
19332900
19914900
17818800
16598100
16608900
24676600
12686800
13638000
10480200
10413700
8188200
11904100
14302000
9477100
12139700
20099500
22668600
33918500
35700400
29542600
38507600
43342500
24851500
23896900
22160400
42112200
24526800
17567000
24069300
15934400
43391800
24419600
19653500
20717200
14490800
16351300
11707700
18235300
12095400
13810400
11868100
14877300
21800200
16059500
17728900
20038000
17808800
13325100
16517000
14422700
15019400
16810400
11397200
18183400
17718800
16262100
14445400
13430300
10087900
14340900
10361900
14536100
16804500
23406000
27269500
21333400
31232800
20800900
27020700
16935300
13835600
10934000
10841000
19190000
23035200
25599200
14236900
14651500
11426500
13087400
13404000
15138500
9318900
11896900
9609300
8743400
13763800
11291200
12287800
10475500
14916000
29997700
10229100
14900000
18152600
11627100
13422700
13413500
33214100
11262800
15289400
11072700
8451800
10364500
11421800
10233200
10418000
10997200
12470800
9437200
9684900
10635000
9098900
9070800
14045800
11167700
7431700
10904400
14500800
12699800
12067300
13838900
12321900
19441500
13958500
12515000
11569700
14247500
13958900
10528100
19263600
11909700
18676000
11450100
20403000
19918500
12528400
12963900
10322800
26073600
14943300
12548800
14984800
15407100
12435900
11498000
14325600
11454400
12755800
12759600
10904600
15761000
11981100
17637900
30321900
14789500
11911600
18946800
16348600
16670600
20647900
23408000
19425600
31005000
35815100
55016000
44826700
33750500
29295300
21378600
13780800
13605000
15559000
28170900
23212700
15379100
24037400
16130700
13922800
14955700
13379800
13111100
28924600
19053000
13662800
14430600
16111300
11714900
22931900
15456500
13900900
17404700
12213400
19764400
12186800
13681100
14141000
43130700
32849600
21607000
18012500
15693600
22175500
16539500
23205200
33800000
21727300
18230500
17205800
9761200
11133900
14557600
13716200
9253100
9835300
12259300
10286000
12355100
17612900
14718500
19837500
18896600
23376300
13471800
14592000
15839600
13521600
13818300
9050900
11945900
9919900
14472500
11409200
8823700
16871100
19531300
13345500
14469000
11795900
12218500
12044300
12921500
5519200
17774700
13960900
17503800
12271900
14102000
13423100
13719200
12139300
13913600
12401400
12290000
11853100
11896300
10770300
19877900
14514400
20106700
15032600
9978200
13236500
7743200
6862300
8400600
10110900
21964200
28273100
19937700
22327200
13966500
14546400
12331400
9181400
8994900
11718300
11464600
9993800
14806600
19141600
29596600
18873700
16696500
17109300
15697100
14501100
13334100
12390700
11413800
14942200
12474300
9500800
8766600
12456100
12675700
10162400
10628300
9582000
12110000
12025500
9565600
14270700
9693000
14543700
12545900
15137500
11613900
11979300
13777600
11276800
10642900
12177800
11755900
9557800
10440300
11406800
10102800
22440500
10245200
9583600
9852500
40728600
40367200
45995300
21677300
20044400
18848600
12023200
13260300
13047600
13413100
11684800
10516700
15183100
12492900
9954200
15658000
8037800
10289400
8141500
18471000
19323600
14942900
22388200
12578400
17695000
11015700
11164400
15162200
12051900
14859900
9941600
12062700
11314400
10516100
11277800
15428200
14553100
11471500
10850800
15666000
20256400
12139600
12854500
13800000
9964600
7417600
7843500
11066700
11666300
14445300
10611100
9687700
10710300
17128900
13469500
14176900
13461900
11264000
14132000
20353800
12273800
12433300
15383600
15741000
83961300
55991100
9954800
9315800
13685300
18465400
12353900
8305700
11317300
10816400
11190600
12098400
11658900
11238300
9736000
8267700
12059400
20617400
25532900
17099600
12502900
14157600
9595000
15494800
22060700
10605200
11603600
18319100
15011900
12997600
9577000
9565000
10481700
8486900
8546500
6282900
8920200
7008300
8713800
9489000
9231000
20204000
13558200
15987200
12797700
10625600
8094100
9272100
8101200
8898400
19553900
14183800
15279600
12683000
11247700
8053500
14794000
20599500
21971800
14993100
9088400
12837100
13282400
21997500
8858600
9200800
9358400
14496600
28238300
28873700
10326800
11907200
16112600
16909200
8718900
8752300
9333200
12852300
12900600
17315500
15480800
15092600
21680900
13429300
10691600
11363700
9852500
9853000
11651000
10177600
12382000
17221300
9781300
8728300
16522200
19432400
13325000
6681600
10385400
12392600
15087000
27896800
16543300
10819600
8672100
5133000
12282000
13495000
14210700
15022000
16992500
11458400
12945800
15334900
15506000
11139400
11137800
8734400
10741000
8303600
10604700
12605300
24653200
12734400
9867800
21106500
3375400
6095700
9366900
9328400
14650300
16483900
11227700
14930400
20891300
21394400
13346700
11214800
11624000
15075300
15099600
17451400
14209800
14149500
30231800
16208000
11716000
13779300
13577000
16429900
16039900
12880500
17699900
14188500
9294200
15116100
8837200
8161600
5750100
6329800
7731800
14665900
11986200
9638000
23275400
15118000
18829500
19945900
18641800
14803400
17154700
12749700
9936900
16390000
12203800
10584700
9991800
9540100
12637300
13040900
10588000
16834000
14772500
13781300
15013900
12547800
9484700
12634400
11663200
12927500
13567000
6926600
12082000
14373500
37100800
39951100
11467000
8307600
7868300
13298600
9150300
14449400
14919100
15233000
18136400
14594900
11212700
10363400
14437000
19142700
14320100
10124400
16111500
23874700
12878400
9577900
7315600
9629800
7373300
7379300
6242100
5347700
7397700
9204900
7685600
9296800
8045300
11217900
14026500
10342500
6583800
10039500
18588400
12459800
19667500
17573200
19897100
11309100
17669600
12000100
9617400
9913100
8216000
7147000
12020500
9886600
11104200
11188400
14661600
35016000
29396300
31408000
9200100
8633500
11162600
9746200
9660800
5965700
8024400
7234600
6737900
8373800
10229300
12701400
10592900
8841400
8543900
12949700
12332200
8792400
6755700
8468400
6486600
7090300
8444900
11576500
14428200
9001000
6883300
4533000
5225500
5366300
8155000
8583300
5507700
7881400
7391900
6610600
15381800
7869000
7263000
8432300
9861100
6779300
6943000
9654300
6798000
36425300
13416200
47084100
26556600
17784300
13434300
12732600
19005500
16048000
18127800
16631800
15342700
10265600
10933800
11498400
15178200
9088700
16939100
13291600
10233200
10311600
12315600
10054900
11939100
14961500
47164000
45152600
15794300
13270800
11555100
11131200
10940400
12571300
18900300
29363600
22190700
14398500
15220100
11362000
10354600
9184600
12444600
14668300
12593900
10922600
11448800
8296500
11824600
9305600
10806500
16392100
5166900
9595800
10915600
8874000
9101200
10224600
7936800
9634100
6608000
9849600
5947500
8631600
7320300
4908600
10657800
10224900
10725900
14821100
11177200
11946000
13270800
16154300
12161700
11903800
16042700
13276700
16094000
10188500
17676700
11735800
5052400
5101200
5372600
5460000
7557100
9270200
12022200
16054800
17594600
13110700
14567000
11445900
18784000
19270700
21722300
14193200
15988600
33165500
17975700
22638200
25665600
21418600
16345400
24965700
14441900
18536600
36115400
22706300
19731700
17564000
13375500
12412500
16222300
23453500
18833600
26251600
34912800
34094900
48975300
60808800
616620500
145797400
102687200
139433900
62309000
60287600
52231200
40016400
30857100
41073000
32384500
42625900
45522100
35184200
27874500
26394300
26373700
35065200
31613400
38716800
34926100
23581800
24376600
32560000
25700300
20744100
19712800
25156000
19320900
20772000
30356400
36508200
30318500
33518300
25822600
19034000
20923000
18851000
23242100
13280800
20829900
38239700
41610900
24429400
22320800
15552100
16280300
22778800
18140200
12612600
14031400
23606200
17359200
14518100
13579300
18017000
13874600
13115400
29384000
19062600
14022500
13949800
13753400
12049800
12228000
11587400
10309300
12409700
14364600
19683700
12696000
9855300
13917800
10144900
11034700
10039700
11516700
11121200
9172200
11085700
11917000
11275200
18210600
11850700
13541700
11334200
9332600
12388400
16818500
14298500
11576100
8238600
13930000
12848400
14431900
18423500
17741200
13023900
14235400
12798600
11485100
10129500
11333900
15037300
11912400
17616200
11063100
9600900
32965500
12769100
21255000
18254100
11693900
11565100
18995100
12143700
15395200
11839200
12325600
10897800
11539300
16378200
12682100
17348700
10685300
10188900
9991400
9913500
10363400
11500800
8018800
11259700
8724400
9100900
9472900
11920900
9005900
14611400
14370300
13193800
15362300
12452200
13801000
16319500
12460300
30872000
14728500
10614500
11488600
13665800
9036200
9218300
13059000
16816100
14421000
12066500
11034400
17252100
15494900
14907200
19405900
19581000
18526500
27894700
19074500
18073300
13034200
22562700
13298000
15023400
13533900
13066200
13245900
11724200
11978900
17777600
11560800
14041300
11063700
13292300
14008700
17355200
9159700
9872300
11267100
12741700
6887100
8994700
15773100
9855400
