72.87
70.88
70.44
71.44
72.75
71.50
69.81
70.25
71.31
73.88
71.00
74.13
74.06
72.94
73.00
74.62
78.44
80.69
76.69
80.69
83.75
82.38
83.19
81.75
82.19
85.06
82.88
83.13
82.62
79.06
81.06
79.50
78.38
74.75
77.25
77.37
76.00
75.87
77.94
79.62
82.00
80.56
81.12
83.44
81.81
79.00
81.12
78.69
80.06
79.00
83.13
90.12
91.00
86.56
92.00
91.56
98.50
96.19
94.69
94.25
90.38
87.00
87.19
92.50
86.75
86.37
87.44
86.37
88.12
86.00
86.81
84.50
78.87
78.63
80.50
78.00
77.31
74.75
78.06
76.44
73.88
72.12
73.75
76.12
74.25
73.25
72.19
72.00
70.88
68.75
70.00
71.62
74.62
74.25
74.00
75.12
72.50
72.19
73.12
71.62
70.25
70.50
73.50
74.69
77.13
80.69
79.38
77.00
76.88
76.50
73.31
48.59
48.19
50.06
48.81
45.44
46.88
47.94
47.00
46.38
46.88
47.56
47.94
47.05
47.62
46.06
47.56
47.75
48.00
50.06
49.75
50.69
50.56
50.75
52.50
52.03
50.94
50.69
51.31
52.73
51.56
51.25
49.38
49.88
48.38
49.81
51.62
51.44
50.25
52.44
53.56
53.50
52.31
51.88
52.00
52.75
51.81
50.38
50.69
50.75
50.94
52.75
54.31
53.25
52.06
52.69
51.88
53.25
55.88
56.31
57.12
56.00
57.25
57.81
57.50
52.81
50.69
50.00
49.12
46.56
46.88
46.50
44.62
47.25
47.00
46.06
45.50
46.88
46.19
47.50
46.75
45.56
44.44
42.88
42.06
40.81
40.69
37.81
39.69
39.56
37.94
36.88
38.94
38.38
38.38
40.06
40.00
40.00
42.69
43.75
45.50
45.69
45.50
44.44
45.50
44.94
43.56
44.12
42.81
42.12
42.56
40.75
40.88
39.62
38.56
38.69
37.44
39.12
39.38
38.00
37.94
36.88
37.31
37.94
41.31
40.06
39.19
40.00
42.50
43.00
44.50
42.88
43.94
45.38
44.81
43.50
45.19
45.62
45.75
46.38
46.94
45.44
44.00
50.62
52.00
48.94
49.25
48.69
50.94
54.12
53.31
53.19
53.00
51.44
50.56
50.88
51.69
53.25
53.06
54.19
55.12
55.98
54.99
55.85
54.64
54.60
52.28
52.33
51.68
51.95
52.55
51.14
51.19
51.11
51.99
49.95
47.35
48.30
47.05
48.55
47.60
46.66
46.11
45.80
46.76
47.96
50.25
50.24
48.95
45.49
47.40
43.75
45.26
44.58
45.15
42.59
40.20
38.91
41.71
42.11
43.36
42.55
43.00
44.90
44.60
41.60
40.49
42.50
40.39
40.42
43.30
44.74
45.37
45.50
45.37
49.10
48.80
47.80
47.30
47.40
47.48
48.50
49.85
47.98
48.73
49.57
49.00
50.60
49.20
47.75
47.25
47.51
46.44
47.64
47.28
48.31
48.19
48.16
49.43
50.02
48.92
49.34
48.70
49.33
48.62
49.15
48.89
49.50
48.50
46.84
45.63
44.20
44.18
43.49
43.90
43.59
44.90
44.31
44.52
45.60
47.12
45.90
45.82
44.68
44.02
45.00
44.47
45.80
45.65
45.53
44.51
43.99
42.01
42.05
42.54
42.55
41.20
42.30
43.58
43.70
43.40
43.01
42.68
42.90
43.24
44.21
43.81
43.30
43.50
43.50
43.32
42.76
42.77
42.08
41.90
42.25
42.12
42.25
42.15
42.18
41.48
41.09
40.41
41.20
40.72
40.93
41.10
40.49
39.57
39.24
39.40
39.83
38.35
36.94
37.00
37.26
35.25
34.84
34.11
31.56
30.82
32.58
33.25
32.59
33.12
34.15
34.00
34.99
34.67
34.16
33.41
32.44
32.95
33.39
33.42
32.89
33.55
33.94
34.60
34.14
33.87
35.31
35.76
36.22
37.48
37.55
35.71
35.51
35.36
36.34
36.04
36.36
37.54
38.59
38.80
39.05
38.80
39.35
39.65
39.55
39.41
40.10
39.40
38.84
39.39
39.49
39.80
37.50
38.06
37.72
36.55
37.22
39.02
40.38
39.77
38.68
38.50
38.37
37.09
36.04
36.70
37.19
38.00
36.52
35.75
36.04
36.31
36.32
36.55
36.35
36.35
37.32
39.00
38.90
38.60
38.71
39.14
38.34
37.31
37.87
36.51
36.85
35.91
35.76
35.75
35.90
34.99
34.31
32.05
33.06
34.05
32.16
30.56
29.02
29.44
30.07
31.12
31.84
31.49
30.25
30.21
30.05
29.03
29.41
29.14
28.19
29.00
28.96
28.96
29.25
29.66
32.50
32.51
34.05
34.05
34.74
36.30
36.25
35.37
35.11
36.01
35.34
36.09
35.19
34.79
35.20
34.95
35.15
35.50
35.65
35.61
35.31
35.01
34.44
34.86
34.98
35.19
35.04
33.46
34.28
34.40
35.38
37.27
37.26
37.76
36.60
36.60
35.89
35.03
34.99
34.34
35.10
35.50
36.25
35.68
34.40
34.63
36.91
35.77
35.08
36.34
37.59
36.96
37.83
38.10
37.46
37.52
37.56
38.37
37.80
37.20
36.97
36.01
35.95
34.66
34.65
34.70
33.69
33.69
33.88
32.93
33.17
32.66
33.00
35.48
35.02
34.61
33.38
32.99
33.18
32.93
31.49
32.72
33.92
31.36
31.23
30.95
32.59
32.28
31.27
30.15
30.57
30.21
30.08
28.50
28.14
27.20
26.10
24.52
20.08
23.30
22.35
22.25
25.10
24.89
24.96
25.02
23.85
22.35
23.65
24.04
26.38
26.35
25.46
24.40
25.14
24.79
24.86
27.21
26.54
26.88
26.69
25.71
26.49
26.75
26.28
26.60
26.40
24.75
25.39
24.10
23.91
23.59
23.15
22.98
22.01
22.04
21.71
21.55
20.44
19.87
20.18
19.25
18.64
18.89
19.27
18.34
18.99
19.74
18.25
17.62
16.54
16.77
16.60
15.45
15.95
17.19
16.88
18.61
18.29
18.79
18.97
20.27
19.91
19.77
19.70
20.37
21.25
20.46
21.05
20.75
21.52
22.01
22.47
22.06
20.60
20.20
20.42
20.54
20.95
21.92
22.09
21.89
21.95
23.72
24.89
24.99
24.95
24.19
25.19
25.17
25.22
24.61
24.70
23.61
24.43
23.26
24.15
24.09
24.15
23.62
24.80
25.02
24.00
23.33
24.87
24.71
24.20
24.45
23.80
23.99
24.00
25.44
25.94
27.98
27.84
26.77
27.30
27.09
27.28
27.59
27.08
26.78
26.19
25.42
24.70
25.13
23.81
23.29
23.51
23.50
23.04
23.34
23.58
23.05
22.94
22.31
21.98
22.10
22.00
21.51
21.29
21.85
22.50
22.50
22.69
22.88
22.30
22.55
22.34
22.66
22.68
22.85
22.40
22.81
22.00
22.29
21.44
20.75
20.75
21.72
21.26
22.56
22.81
23.33
23.53
24.65
23.63
24.14
24.17
24.12
24.45
23.71
24.23
25.11
24.94
25.58
25.64
25.99
25.73
25.72
25.59
26.54
26.87
26.50
27.31
27.45
28.68
29.44
28.56
27.96
28.81
29.14
29.35
29.28
29.86
30.36
30.71
30.82
29.96
30.08
30.94
30.72
30.49
31.04
31.25
30.42
30.43
30.55
30.49
30.90
32.05
32.55
32.27
32.86
33.92
33.82
34.69
35.10
35.13
33.76
34.08
34.54
34.70
34.70
35.95
36.09
35.07
34.45
34.80
33.85
34.30
33.99
34.40
33.90
34.18
34.21
34.37
34.13
35.07
35.40
35.66
35.01
35.76
37.30
37.29
36.25
35.04
35.33
34.43
34.94
34.86
34.58
35.47
35.49
35.24
35.06
35.05
33.36
33.73
32.76
32.99
32.85
32.99
33.22
33.64
33.43
33.90
33.66
34.05
34.19
34.83
34.60
33.92
33.74
33.38
33.26
33.91
34.22
34.70
34.86
34.68
34.19
34.65
34.26
33.38
33.68
34.00
33.97
34.60
34.66
35.74
35.49
34.99
35.45
34.87
34.48
34.19
34.65
34.33
35.38
35.02
35.17
35.55
36.09
35.61
35.70
35.52
36.44
36.78
36.60
36.84
36.34
36.60
36.67
34.98
35.00
34.77
34.95
35.55
35.93
35.84
35.90
36.71
36.60
36.53
36.31
36.04
35.89
36.04
35.89
35.86
35.46
35.41
34.89
34.76
34.63
35.00
35.27
35.53
35.51
35.40
35.66
35.81
35.80
35.39
34.96
35.46
34.83
34.67
34.98
35.09
35.26
35.72
35.66
35.65
35.78
36.10
36.17
36.13
36.22
36.53
36.60
36.73
36.62
36.55
37.47
38.02
38.67
38.76
38.79
38.90
39.22
38.92
39.27
39.09
40.10
39.94
39.60
40.26
40.03
39.12
39.05
38.89
39.01
39.13
38.92
38.96
39.73
39.51
39.48
40.27
40.36
40.16
40.66
40.48
40.82
40.57
40.31
40.20
40.35
40.56
41.02
41.53
41.67
42.10
42.60
43.01
42.94
42.47
42.03
41.31
41.52
40.93
41.33
42.28
42.02
41.33
40.80
40.98
40.74
41.50
41.25
42.06
41.98
41.95
42.26
41.53
41.75
41.50
41.37
41.15
41.56
40.04
39.27
38.77
39.26
39.36
38.54
37.68
38.38
38.30
38.55
38.62
37.93
37.65
37.60
37.86
38.31
38.05
37.60
36.48
35.41
35.19
35.77
35.75
35.66
35.31
35.57
35.74
35.91
36.08
36.08
36.84
36.83
36.95
36.84
36.85
37.30
36.96
37.28
38.14
38.06
37.68
37.80
37.57
37.25
37.32
37.32
37.23
37.00
36.96
37.62
37.77
37.99
37.95
38.29
38.77
38.17
38.08
37.25
36.86
36.75
36.83
36.90
37.14
36.45
36.00
35.87
36.00
36.40
36.82
36.78
36.53
36.47
36.91
37.07
37.14
37.33
37.41
37.07
37.21
36.28
36.09
36.07
36.99
36.90
36.86
36.87
37.74
37.93
38.32
38.00
38.65
38.55
38.59
39.44
39.45
39.72
39.10
39.58
39.26
39.86
39.85
39.87
39.37
39.74
39.80
39.16
39.49
39.08
39.58
39.65
39.38
40.10
39.85
39.46
39.75
39.13
39.38
39.68
39.73
40.34
39.76
39.46
39.49
39.53
39.65
39.38
39.51
39.24
38.53
38.74
39.00
37.98
37.25
37.70
37.47
37.02
37.49
38.02
38.48
38.60
38.50
38.55
38.85
39.64
39.35
39.28
39.11
38.95
39.18
39.17
39.16
38.47
38.27
37.82
37.42
37.55
37.56
37.70
37.69
37.31
37.65
38.28
38.44
38.06
38.12
37.81
37.55
37.69
37.63
38.25
38.74
39.03
38.93
38.52
38.60
39.07
39.03
39.16
39.01
39.21
39.16
39.08
39.01
39.15
38.41
38.49
38.71
38.40
38.27
37.90
37.99
37.77
37.81
38.40
37.84
37.25
36.85
36.88
36.86
36.83
36.75
37.00
37.33
37.50
37.52
37.39
37.69
37.97
37.76
37.50
37.45
37.48
37.50
37.55
37.33
36.78
36.51
35.93
36.48
36.68
36.97
36.55
37.09
36.99
37.01
37.51
37.34
36.94
36.47
36.36
36.11
36.45
36.25
36.25
36.15
36.01
35.79
35.06
34.93
34.93
34.85
34.58
34.95
34.60
34.25
33.77
34.58
34.68
34.80
34.50
34.62
35.04
34.57
34.19
33.93
34.64
34.95
34.76
35.04
34.87
35.17
35.08
35.50
35.02
35.49
35.57
35.50
36.10
35.90
35.61
35.96
35.14
35.30
34.83
34.46
34.74
35.21
36.05
36.19
36.06
35.91
35.89
35.91
35.94
35.80
35.75
35.76
35.74
35.55
35.51
35.48
35.67
35.50
35.43
35.50
35.60
35.71
35.90
36.08
36.05
36.04
36.26
35.93
35.57
35.59
35.92
35.96
35.32
35.06
34.97
34.60
34.46
34.81
34.96
35.25
35.49
35.69
35.86
35.51
35.21
35.16
35.40
35.60
35.44
35.37
35.35
35.46
35.14
35.30
35.55
35.61
35.46
35.25
34.99
35.03
34.80
34.81
34.31
34.65
34.58
34.46
34.66
34.54
34.51
34.35
33.85
34.12
33.65
33.91
33.58
33.89
34.06
34.11
34.57
34.89
34.64
34.82
34.57
34.15
34.24
34.13
34.99
34.59
34.53
34.01
34.25
34.07
33.92
33.88
33.92
34.35
33.93
34.12
33.60
33.45
33.66
33.90
33.52
33.31
33.27
33.75
34.08
34.00
33.77
34.73
34.75
35.13
35.76
35.72
36.10
36.03
36.44
36.62
36.85
37.20
37.09
37.31
37.68
37.34
37.72
38.32
38.26
38.13
37.73
37.81
37.93
38.03
37.82
38.20
38.78
38.86
38.90
38.96
38.25
38.57
38.99
38.85
38.85
38.47
38.65
39.12
39.15
39.41
39.55
39.58
39.79
39.60
39.60
39.83
40.05
40.20
40.10
39.91
39.86
39.69
40.19
39.62
39.74
40.02
40.67
40.73
40.70
39.95
39.92
39.71
39.28
39.06
38.05
38.27
38.11
38.48
39.59
39.75
39.85
39.75
39.88
39.99
39.53
39.44
39.26
39.60
39.77
39.92
39.77
40.10
40.32
40.82
40.78
40.70
41.41
41.11
41.66
41.58
41.14
41.63
41.66
41.59
41.43
41.48
41.60
41.05
41.13
41.06
41.38
41.22
41.32
41.40
41.45
41.20
42.05
42.04
42.10
42.11
41.56
41.68
41.53
41.64
41.93
42.27
42.54
42.29
41.70
41.88
41.61
41.90
42.19
42.00
42.60
42.62
42.60
42.50
42.68
42.22
42.66
43.95
45.38
44.78
45.50
45.46
45.69
46.65
46.10
46.02
45.92
45.15
44.32
44.54
44.32
43.25
42.74
42.75
42.64
42.17
42.15
42.85
43.23
42.44
42.64
43.58
43.81
42.97
42.38
42.25
42.35
42.10
41.60
40.53
39.97
40.60
40.16
39.95
40.49
41.21
41.07
40.87
41.50
40.84
41.27
42.68
42.00
42.87
42.41
42.45
42.41
42.58
42.87
42.25
41.39
40.89
40.73
40.71
43.05
42.98
43.15
44.20
44.63
44.65
44.70
45.48
45.62
45.51
45.49
45.66
45.12
45.27
44.99
44.35
44.05
43.93
43.89
45.04
45.47
45.46
45.71
45.46
45.35
45.52
45.68
45.52
46.02
45.97
45.73
45.66
45.73
45.80
45.88
45.20
45.26
45.39
46.01
46.40
46.50
46.95
46.58
46.80
47.22
46.81
46.82
46.91
46.90
46.84
47.15
46.96
46.87
47.75
47.49
47.41
46.86
47.11
47.53
47.64
48.26
48.16
47.73
47.99
47.21
46.87
47.12
47.39
47.14
47.27
47.77
47.29
47.45
47.44
46.93
46.90
46.89
47.65
47.49
47.64
47.24
47.61
47.66
47.75
47.45
47.85
47.66
47.90
47.75
47.59
47.27
46.63
46.20
46.67
46.28
46.01
46.84
47.20
46.83
46.63
46.76
47.55
47.63
47.60
47.95
48.30
48.23
48.27
48.22
48.65
47.89
48.31
48.95
48.92
48.30
48.07
48.19
47.79
47.95
47.75
48.10
48.31
47.99
48.39
48.43
48.15
48.76
49.66
49.83
50.36
50.21
49.70
49.47
50.18
50.93
51.21
50.93
50.96
51.00
51.21
50.93
50.42
50.44
50.95
51.42
51.21
51.25
51.63
51.65
51.64
51.03
50.81
49.22
49.39
49.20
48.19
47.54
48.52
48.36
48.74
48.82
48.84
46.70
47.30
47.70
47.03
47.58
47.75
49.05
48.47
48.52
48.70
48.57
47.99
48.50
48.38
48.24
48.56
48.56
48.77
49.00
49.24
49.15
49.20
49.09
49.97
50.18
52.07
52.09
52.54
52.28
52.16
52.82
52.94
52.55
52.10
52.26
52.55
52.70
52.63
52.73
52.45
53.20
52.00
52.15
51.83
52.03
52.98
52.56
52.54
52.56
52.29
51.99
51.59
51.64
51.82
52.06
51.83
51.90
51.57
51.22
50.56
49.82
50.41
50.43
49.35
50.29
50.32
50.56
50.43
50.85
49.46
49.84
48.72
48.36
48.60
49.24
48.96
48.45
49.15
49.34
48.79
48.97
48.79
47.51
48.13
49.53
50.05
49.83
49.92
48.88
48.62
47.56
47.15
45.34
45.27
44.08
44.23
44.75
44.01
44.38
44.59
43.65
45.11
45.34
46.51
44.17
44.25
43.83
43.30
43.00
45.47
47.01
46.49
46.20
46.00
45.67
45.95
44.91
43.60
44.13
43.97
44.52
45.30
44.17
44.21
43.52
43.93
44.54
44.47
45.60
45.54
45.29
47.82
47.57
46.96
47.13
46.34
46.10
46.13
46.21
45.82
46.81
47.16
47.00
47.25
47.58
47.44
47.57
46.91
46.66
46.82
46.27
45.11
46.37
45.90
45.02
45.37
45.94
46.27
46.05
47.32
46.67
46.56
47.00
44.32
43.15
42.77
44.11
42.24
42.61
42.31
42.39
45.05
45.15
43.53
43.09
41.37
41.63
40.68
41.95
40.46
42.35
43.96
43.65
45.62
45.21
44.15
44.90
46.21
46.08
47.42
45.94
46.15
45.76
45.20
44.53
43.90
43.98
43.33
44.11
44.83
44.94
43.64
43.26
43.65
42.17
41.88
40.93
41.34
39.70
40.26
41.33
40.86
41.36
39.17
41.43
40.04
39.59
40.86
45.72
44.96
43.64
45.57
47.45
47.35
47.40
48.25
46.22
43.89
43.72
45.11
43.82
43.35
43.31
44.10
42.61
43.25
42.83
43.15
43.07
43.93
44.03
43.72
44.41
42.44
40.65
39.82
39.19
38.74
37.37
37.56
36.48
38.84
38.61
38.11
36.54
40.31
42.71
42.47
45.97
46.55
46.06
44.11
42.86
42.71
42.95
47.00
46.24
46.28
45.57
45.54
44.86
44.30
43.86
42.53
41.50
42.12
44.96
45.12
45.76
45.23
45.65
45.15
46.97
47.79
47.34
47.08
47.65
49.25
48.66
48.00
48.20
46.57
46.05
46.57
47.24
45.48
45.91
47.02
46.53
45.99
43.70
42.42
43.05
42.32
43.01
42.86
43.57
43.00
42.15
41.89
41.63
42.10
40.09
37.51
38.29
37.13
38.01
39.58
39.94
39.04
38.74
38.65
37.86
36.87
37.72
37.91
36.32
35.05
34.31
34.02
34.60
35.31
34.04
35.77
34.28
34.51
33.16
31.69
31.02
35.94
40.80
40.02
38.65
40.86
41.96
39.14
39.52
37.66
40.75
41.57
40.63
40.76
40.14
41.89
41.39
39.81
41.07
41.89
37.92
36.91
37.81
38.07
36.74
35.58
37.00
36.26
37.67
36.13
36.61
37.14
38.88
38.49
38.99
39.71
37.91
39.60
41.55
39.47
39.40
41.65
41.17
37.00
40.74
35.77
40.30
47.05
40.80
40.56
40.50
43.46
48.24
41.00
46.70
49.63
49.85
45.90
44.00
39.32
39.30
36.68
41.64
41.99
40.71
38.49
40.49
39.33
40.66
39.74
37.17
37.85
35.43
34.00
37.60
35.71
37.62
41.25
40.73
42.17
39.22
38.26
37.75
36.41
36.35
34.57
37.19
34.47
32.77
32.14
28.47
23.38
22.72
27.58
29.77
30.62
31.66
26.12
28.53
30.25
31.08
33.35
36.49
33.96
33.52
29.94
30.94
28.63
32.35
31.86
30.21
30.32
29.82
29.11
29.85
29.80
29.78
31.01
31.53
31.35
29.25
29.88
28.09
27.22
25.97
24.91
26.35
25.91
24.34
22.82
18.09
22.63
23.10
24.28
24.50
25.06
27.66
25.43
25.51
25.20
24.05
24.04
24.54
27.63
27.28
24.62
26.09
26.19
24.69
21.65
21.51
20.60
19.90
19.51
21.02
21.73
23.05
22.85
21.16
21.01
19.30
16.60
15.93
15.90
19.50
20.40
23.20
23.75
23.09
25.14
27.11
24.95
23.15
28.86
26.40
28.56
29.10
27.40
24.85
26.58
28.14
28.16
29.28
28.20
27.25
27.43
32.75
33.70
30.70
32.56
33.24
33.26
29.69
32.53
31.90
33.21
33.38
32.78
32.79
34.48
33.00
32.49
35.79
34.82
37.22
35.24
38.94
35.83
35.36
34.05
35.54
34.91
37.26
35.81
34.55
34.90
34.41
36.54
34.66
36.65
36.90
36.11
34.50
33.98
35.35
34.55
35.39
35.26
34.84
34.94
35.13
34.00
33.50
32.73
34.17
35.00
32.87
33.57
33.46
34.14
34.45
34.60
34.11
33.77
32.27
32.60
32.81
32.71
33.62
32.34
34.71
34.70
36.26
36.13
36.89
36.98
36.94
36.83
38.15
37.92
38.13
38.08
37.77
38.47
38.65
39.60
40.21
41.78
40.75
42.36
42.69
41.24
42.21
42.90
42.45
40.73
41.70
41.41
42.42
43.66
43.01
43.58
43.30
43.45
42.92
43.46
41.67
40.86
42.11
42.34
42.54
42.86
43.02
42.50
43.75
43.19
44.65
44.96
44.95
44.55
46.47
45.06
44.37
43.65
44.81
44.88
43.82
41.37
41.86
43.80
44.91
45.70
45.30
45.85
46.08
45.66
47.16
47.16
46.06
45.98
46.03
44.65
45.71
45.23
43.82
43.90
42.68
44.35
41.77
42.58
42.70
42.21
43.87
43.48
44.35
44.17
44.32
43.30
42.90
43.04
43.16
43.38
42.55
42.46
43.28
42.48
42.16
41.33
42.49
42.22
41.93
41.40
41.74
41.25
41.21
41.19
41.27
40.96
41.77
40.86
41.36
40.27
40.95
41.90
41.94
41.56
41.89
41.72
41.49
41.53
41.67
42.85
43.68
43.92
44.79
44.68
44.53
43.49
44.25
44.69
43.68
43.28
43.40
40.54
39.16
39.21
38.44
39.33
39.48
38.94
39.63
40.55
40.29
38.35
38.30
37.70
38.39
38.87
39.02
38.95
40.07
40.04
40.41
40.03
40.85
39.88
40.85
40.64
41.97
41.83
41.62
41.53
41.92
42.81
42.59
42.42
42.93
43.18
43.15
43.07
43.24
43.79
43.64
43.45
43.74
44.58
44.94
44.94
45.02
44.86
44.58
44.75
45.18
45.34
45.84
45.32
45.76
45.98
46.14
45.87
47.73
47.81
45.55
45.39
45.88
45.35
44.74
44.94
43.89
42.41
43.46
44.00
42.58
43.53
42.47
42.63
40.81
40.76
41.95
41.55
41.69
40.81
39.89
39.84
39.02
39.38
37.83
40.05
38.62
38.94
38.78
40.42
39.58
38.54
39.55
39.10
37.62
36.72
37.78
37.12
38.29
38.09
37.33
38.25
38.52
38.44
39.18
38.87
38.33
38.89
38.03
39.44
38.54
37.06
36.61
36.08
35.83
36.33
38.15
38.16
38.85
39.19
40.48
40.35
40.46
39.00
39.04
39.63
38.42
39.35
39.83
40.33
40.69
40.32
40.21
40.28
41.64
41.08
41.29
41.27
40.44
39.82
39.17
37.77
37.81
37.50
37.69
37.48
37.89
37.07
37.14
36.88
36.21
36.23
35.63
36.60
35.85
36.36
37.74
38.16
39.17
38.28
39.12
40.10
39.76
41.12
40.72
40.98
40.99
40.06
41.19
40.59
39.94
39.10
39.75
39.08
38.95
38.41
38.06
38.81
38.95
39.64
39.90
39.52
39.31
39.73
40.40
39.84
38.72
37.15
38.20
37.69
38.10
37.70
37.70
37.07
37.20
37.54
37.51
37.63
37.42
36.96
37.72
39.80
40.94
40.51
39.90
40.62
40.02
39.61
40.08
39.61
39.18
39.66
39.41
38.51
37.63
38.16
37.50
37.91
37.40
38.15
39.31
39.61
39.90
39.25
40.26
40.81
41.43
41.51
40.79
40.21
40.01
39.67
39.95
41.00
42.16
42.08
42.67
42.61
42.36
42.23
42.42
43.58
44.16
44.70
44.48
43.64
43.40
43.60
44.71
44.45
44.91
44.75
43.71
44.75
45.29
45.02
44.87
44.98
45.10
44.54
44.94
45.93
45.45
45.46
44.59
45.50
45.74
45.11
45.53
46.57
46.54
46.82
47.94
47.82
48.00
46.01
45.96
45.91
46.68
46.69
45.60
45.21
46.08
45.52
45.19
46.40
46.56
45.53
45.74
45.30
44.61
43.81
44.56
45.74
45.63
45.47
45.60
45.73
45.86
45.96
46.02
46.45
46.10
46.35
46.34
46.58
47.64
47.40
46.84
46.86
46.64
46.25
44.97
44.89
43.96
44.65
44.56
44.68
44.61
45.12
45.50
45.85
45.63
45.18
45.92
45.50
45.17
45.04
44.96
45.16
44.23
44.09
43.15
42.88
43.81
44.08
44.00
43.13
42.55
42.34
42.27
42.45
42.79
43.24
41.76
41.61
41.57
40.53
40.72
40.39
40.98
41.05
41.67
41.61
40.68
40.36
40.80
40.48
40.91
40.69
40.07
39.49
39.88
39.54
40.45
40.94
41.58
41.03
40.56
41.32
40.74
39.43
39.39
39.62
40.35
39.98
39.83
40.39
40.96
42.29
42.19
41.69
41.44
40.67
40.68
40.45
40.44
39.84
39.90
37.92
37.60
34.06
36.40
34.37
36.69
35.91
36.88
36.03
36.57
35.19
34.35
33.41
34.78
35.83
35.72
36.21
37.64
37.06
37.56
36.30
34.63
33.44
34.82
33.51
32.08
32.42
32.49
32.80
33.81
33.43
32.49
32.25
30.34
29.27
29.59
31.65
31.57
30.47
31.39
30.12
28.65
30.26
30.84
32.38
30.70
32.30
32.30
33.20
31.60
31.89
31.04
32.87
32.25
33.13
33.42
34.57
33.49
34.18
37.02
36.69
34.76
32.71
33.64
34.38
33.97
34.24
35.02
32.54
32.74
33.28
32.55
32.70
31.47
30.49
30.62
29.91
29.41
28.38
28.48
29.16
28.56
30.97
30.46
32.33
33.51
33.23
34.00
32.22
33.18
32.04
31.29
31.51
31.76
31.89
30.70
32.21
32.32
33.45
33.57
33.03
32.65
33.42
33.25
34.98
34.95
35.68
35.36
35.30
36.05
36.66
36.85
35.92
34.91
36.54
36.93
37.36
37.66
37.66
37.60
37.49
37.21
37.01
37.30
37.60
37.55
38.28
38.14
37.87
38.30
37.86
37.61
38.30
37.92
37.40
38.00
38.47
38.46
38.07
38.49
38.28
39.06
39.21
39.24
40.37
40.63
40.40
39.32
39.95
40.44
41.03
40.54
43.39
43.58
44.70
44.57
45.00
45.38
45.12
44.65
45.16
46.17
45.89
46.27
45.67
45.98
46.13
45.42
44.41
44.34
43.89
42.96
44.01
44.84
43.21
43.33
43.90
43.29
43.22
42.72
42.85
43.28
43.16
43.80
43.34
42.98
43.79
43.20
43.01
41.75
41.78
41.38
40.64
40.74
36.96
35.79
36.24
35.46
33.93
33.49
32.51
34.01
34.26
33.97
33.50
33.63
32.96
33.15
31.93
31.00
31.99
33.07
32.81
33.68
32.82
33.77
34.30
34.65
35.03
34.62
35.38
36.45
35.51
35.99
35.32
35.71
36.78
35.88
35.73
36.28
35.88
34.38
33.90
33.96
34.25
34.59
34.04
36.07
35.09
34.99
34.96
34.46
33.90
34.44
34.73
35.17
35.81
36.89
36.14
36.00
36.00
35.17
36.09
36.30
37.01
37.16
36.92
36.97
36.99
37.10
37.07
37.10
36.98
37.37
38.04
37.83
37.23
37.17
37.23
37.13
37.30
36.90
37.14
37.01
37.11
38.69
39.30
38.76
39.60
39.92
41.40
41.57
41.19
41.26
41.34
41.25
40.88
41.23
40.55
40.24
40.68
40.48
40.97
40.92
40.86
41.82
41.71
41.66
41.38
41.77
42.10
41.62
42.38
42.83
43.32
43.01
42.32
42.09
41.33
41.71
41.67
41.16
41.68
42.84
42.42
42.27
42.88
40.48
40.40
40.62
40.58
40.04
39.29
39.39
39.53
40.59
40.70
40.73
41.09
40.88
40.75
40.83
41.22
41.08
40.81
40.57
41.20
41.47
42.56
42.31
42.64
42.77
42.78
42.81
43.48
43.87
43.53
44.53
44.00
43.92
43.96
43.63
43.24
43.97
44.66
44.57
45.36
45.41
45.50
45.47
46.15
46.14
45.88
46.35
46.82
46.44
46.46
46.54
46.23
46.37
47.16
46.64
47.12
47.13
47.05
47.85
47.68
48.79
48.61
48.23
48.63
48.66
49.14
48.68
49.22
48.88
49.45
48.61
48.25
48.91
47.70
47.60
49.28
48.92
48.91
49.10
49.49
50.03
50.63
50.20
50.48
50.28
50.16
51.00
50.02
49.51
49.20
49.12
48.35
48.78
48.52
48.64
47.77
47.46
47.83
48.28
46.85
47.49
47.91
48.58
48.68
49.25
49.31
49.01
47.93
48.49
46.79
46.64
47.23
47.35
48.17
48.72
49.00
48.88
48.92
49.01
48.01
48.08
47.57
48.18
49.14
49.76
49.04
48.96
49.67
50.23
51.09
50.97
52.30
52.29
53.02
53.63
53.35
53.66
54.60
54.67
55.62
54.59
54.49
54.04
53.03
53.50
54.27
54.36
53.49
53.18
54.17
53.13
53.85
54.11
53.55
52.48
51.96
50.92
52.08
52.50
53.15
52.79
52.49
52.80
52.77
53.99
54.70
54.89
54.83
55.14
54.97
54.89
55.01
55.27
56.37
56.16
56.56
56.67
56.63
56.50
56.05
55.69
55.33
55.73
56.54
56.49
56.10
55.49
55.30
54.83
54.52
54.09
54.29
54.15
53.29
53.29
51.83
52.12
51.63
52.21
52.32
51.80
50.60
50.58
50.70
50.53
51.13
51.87
52.11
52.56
52.86
53.67
53.26
52.24
52.59
53.14
53.09
53.41
52.75
52.80
51.46
50.32
51.70
51.89
52.24
51.69
51.96
52.09
51.94
52.67
51.83
50.87
50.75
52.52
52.51
52.71
52.31
54.00
54.21
54.30
54.27
53.62
52.75
52.48
52.77
52.68
52.73
52.60
51.54
52.51
52.04
51.95
52.10
51.65
53.96
54.10
53.97
54.14
54.40
54.87
55.74
56.15
56.10
57.22
57.46
57.65
57.17
57.48
57.22
56.98
56.86
57.19
55.82
56.06
56.51
56.70
56.07
56.31
56.17
56.42
55.72
57.24
57.23
57.70
58.24
58.25
58.20
58.14
57.95
58.48
58.21
58.66
59.00
58.32
58.87
58.76
58.49
57.70
57.74
59.49
58.99
58.11
58.17
57.59
56.47
55.09
55.09
55.74
55.53
56.00
55.36
54.31
54.95
55.21
56.48
56.62
56.74
57.43
57.52
58.03
58.15
58.49
57.26
57.58
57.61
58.03
57.03
56.75
56.69
56.82
56.21
57.26
58.16
58.90
59.40
59.20
58.19
57.92
57.42
56.80
57.58
58.06
58.30
60.11
60.17
61.07
60.93
59.90
59.92
60.04
60.71
60.67
60.48
60.66
59.81
59.00
58.85
59.27
57.40
55.30
54.96
54.80
55.26
55.22
55.03
55.81
56.05
56.19
55.70
55.49
56.10
55.98
55.72
55.58
54.22
53.34
54.05
54.36
54.01
54.65
54.62
54.36
53.51
53.31
53.83
53.72
54.12
54.55
54.53
55.14
55.45
55.72
55.57
55.35
55.60
55.68
56.63
56.97
57.42
57.90
57.27
57.04
57.04
56.87
57.42
57.78
57.30
57.55
58.19
57.42
57.53
57.39
57.53
57.62
57.57
56.97
57.05
56.67
55.76
56.02
55.56
55.80
56.29
58.27
58.71
57.86
58.23
58.24
58.67
59.00
59.17
59.01
59.19
58.64
58.91
57.67
56.48
56.65
56.06
56.23
55.91
56.34
56.32
56.35
56.72
56.98
56.75
57.23
57.56
57.64
58.50
58.49
59.34
59.74
59.59
59.16
59.45
59.67
59.70
59.71
59.91
59.89
59.06
59.22
59.76
60.03
59.94
59.99
60.31
61.32
61.11
60.91
60.94
61.63
60.15
60.56
60.33
60.24
59.77
58.84
60.30
60.18
59.27
60.40
59.08
58.52
58.16
57.99
55.53
55.08
56.20
56.63
57.93
57.45
58.06
58.74
58.64
59.63
59.29
59.39
60.48
60.88
60.25
61.15
61.23
61.47
61.93
61.37
60.56
60.23
60.28
60.38
60.53
60.60
60.12
