75.38
71.19
72.56
72.94
73.50
73.38
70.44
70.88
72.50
75.75
74.50
75.38
76.00
74.00
74.56
75.75
79.00
81.50
79.56
81.50
84.50
84.19
84.87
83.31
83.37
86.13
86.37
83.75
85.00
83.44
82.50
82.19
81.50
78.56
78.87
79.19
77.56
78.75
80.25
81.00
82.00
81.12
82.38
84.38
84.19
81.44
81.25
81.56
81.19
80.94
84.19
90.38
92.25
90.50
92.50
92.13
99.19
100.75
96.87
95.75
94.50
90.75
88.38
93.00
91.88
86.94
88.25
88.25
89.06
87.87
90.94
86.75
82.38
79.44
80.94
81.00
78.19
76.44
78.56
78.75
75.50
74.69
75.38
77.00
76.75
75.44
72.75
73.19
72.69
70.69
70.69
72.87
75.19
76.69
74.94
76.38
74.94
73.25
74.56
73.44
73.75
71.25
73.50
75.38
78.25
82.38
81.12
79.38
78.44
77.69
78.63
49.75
48.50
50.38
49.88
46.94
47.38
48.56
47.94
47.31
48.06
48.44
48.75
48.94
48.88
48.25
48.00
49.69
48.19
50.69
51.00
51.94
52.19
51.81
52.75
53.75
51.50
51.50
53.25
53.75
52.62
51.75
51.00
50.38
50.12
49.81
53.38
52.38
51.94
52.75
54.12
53.88
53.62
53.19
52.44
53.00
53.38
51.81
51.12
51.25
51.62
53.50
54.38
54.88
53.69
53.31
53.19
53.88
56.56
56.81
57.56
58.25
57.31
58.31
58.38
57.94
51.19
52.00
50.31
49.12
47.75
47.06
46.56
47.56
48.69
47.94
46.94
47.06
47.62
47.50
48.12
46.69
46.44
45.00
43.25
42.50
40.94
40.25
40.12
40.69
40.50
38.12
40.12
39.38
38.75
40.31
41.44
40.94
42.94
43.94
45.94
45.81
46.50
45.56
45.69
45.38
44.94
44.31
44.56
42.62
43.19
42.81
41.75
41.00
39.94
39.31
38.38
39.19
40.19
40.12
38.56
38.25
38.69
38.38
41.44
43.25
40.44
40.88
42.62
43.69
44.69
43.94
43.94
45.38
45.94
44.81
45.75
46.38
46.25
46.50
47.44
47.56
44.81
50.88
54.00
51.50
50.12
50.00
51.69
54.25
54.06
54.69
54.06
51.88
51.69
52.19
52.06
53.50
53.88
54.50
56.00
56.18
57.33
55.85
55.33
54.95
54.46
53.50
53.05
52.60
53.10
53.70
51.88
52.75
52.00
52.60
50.10
48.30
48.25
49.30
49.78
48.00
46.25
47.60
46.95
48.95
50.45
51.19
49.80
47.85
47.80
45.97
45.95
45.90
45.40
45.46
43.13
40.06
41.90
42.99
43.40
43.35
43.25
45.00
45.40
44.20
41.75
42.97
42.50
41.58
43.31
45.80
45.75
46.38
45.98
50.12
49.49
48.79
48.20
48.40
47.60
48.90
50.07
50.40
48.73
49.87
49.14
50.60
49.94
48.98
47.61
48.92
47.80
47.78
47.93
48.65
48.75
48.80
49.50
50.60
49.81
49.90
49.68
49.45
49.90
49.18
49.25
49.50
49.91
47.60
46.09
45.15
44.76
43.65
44.61
44.34
45.04
44.90
45.40
46.00
47.23
46.61
46.35
45.07
44.85
45.33
44.99
45.90
46.01
46.00
45.28
44.40
43.55
42.19
43.32
42.90
42.99
42.72
43.58
44.25
43.85
43.70
43.34
43.15
43.49
44.23
44.11
44.10
43.85
44.25
43.75
43.57
43.03
42.74
42.14
42.38
42.38
42.58
42.35
42.25
41.94
41.66
41.45
41.30
41.20
41.15
41.50
41.20
40.47
39.50
40.00
40.68
40.00
38.00
37.20
37.36
35.82
35.90
35.50
33.74
31.85
32.70
33.63
33.75
33.40
35.01
34.63
35.25
35.28
35.20
34.54
33.10
33.20
33.87
34.45
33.09
33.85
34.50
36.25
35.00
34.17
35.68
36.40
36.40
37.51
38.08
37.38
36.07
36.36
36.59
36.48
37.08
37.90
38.95
39.63
39.30
39.00
39.99
40.00
39.79
39.55
40.24
39.98
39.59
39.39
39.52
40.30
39.64
38.09
38.35
37.08
37.46
39.51
40.95
40.25
39.77
39.45
38.75
37.90
36.99
37.10
37.35
38.95
37.46
36.57
36.05
36.75
36.84
36.83
36.53
36.49
37.50
39.10
39.68
39.05
39.60
39.19
39.29
37.80
38.29
37.51
37.20
36.50
36.18
36.35
36.49
36.02
35.23
34.65
33.50
34.10
34.05
32.35
30.57
30.05
30.87
31.40
31.95
31.69
32.19
30.79
30.40
29.75
29.90
30.15
28.45
29.05
29.23
29.55
29.50
29.75
32.65
33.88
34.42
34.85
34.98
36.49
36.45
36.35
35.44
36.07
36.40
36.09
35.71
35.26
35.54
36.12
36.08
35.99
36.22
35.95
35.70
35.36
35.20
35.27
35.19
35.45
35.39
34.98
34.36
35.60
35.50
37.58
37.67
37.95
37.39
36.85
36.70
35.55
35.85
35.45
35.95
35.85
36.28
36.41
35.95
35.54
37.15
36.58
36.00
36.44
37.73
37.94
38.00
38.75
37.93
38.65
37.69
38.66
38.71
37.90
37.50
36.78
36.75
36.25
35.65
35.15
34.90
33.99
34.10
34.58
33.31
33.45
33.49
35.49
35.69
35.15
34.60
33.65
33.90
34.35
31.98
33.00
33.92
33.68
31.54
31.15
32.70
32.95
32.75
31.75
30.90
30.95
30.09
29.49
29.85
28.20
27.20
26.65
24.02
23.70
25.50
23.30
25.22
25.50
25.10
25.28
24.90
23.40
24.63
24.55
26.40
26.80
25.81
25.78
25.14
25.58
25.06
27.35
27.11
27.01
26.95
26.43
26.75
27.40
26.75
26.79
27.24
25.66
25.75
24.94
25.13
23.90
23.93
24.01
22.90
22.50
21.90
22.40
20.59
20.34
20.50
19.80
19.30
19.30
19.72
19.75
19.50
20.10
19.79
18.66
18.13
17.25
17.40
16.61
16.35
17.85
17.53
18.72
18.48
19.75
19.49
20.64
20.37
19.85
20.88
20.40
21.61
21.00
21.20
21.18
21.78
23.06
22.59
22.98
21.31
21.13
20.80
20.90
21.10
21.95
22.35
22.40
22.10
23.80
24.89
25.28
25.22
24.96
25.20
25.70
26.14
25.11
25.20
24.71
24.70
24.00
24.20
24.30
24.75
24.05
24.83
25.59
24.58
24.19
24.87
24.99
24.61
24.88
24.46
24.10
24.15
25.50
25.99
28.10
28.29
27.25
27.39
27.69
27.69
27.75
27.64
27.32
26.84
26.60
25.42
25.26
25.13
24.10
23.95
23.66
23.85
23.49
23.87
23.59
23.69
22.73
22.64
22.30
22.45
22.22
21.53
21.95
22.86
22.65
22.80
23.10
22.89
22.55
22.60
23.00
23.00
23.33
22.90
22.81
22.53
22.80
22.19
21.80
21.00
21.77
22.10
22.67
23.00
23.35
23.66
24.90
24.04
24.46
24.35
24.42
24.59
24.10
24.40
25.32
25.49
25.65
26.73
26.10
26.41
25.90
26.26
26.60
27.40
27.70
27.47
27.74
28.80
29.69
28.85
28.76
28.91
29.25
29.65
29.56
30.05
30.95
31.05
30.99
30.53
30.18
30.99
31.05
30.97
31.35
31.50
31.25
30.79
30.60
30.69
31.01
32.14
32.83
32.89
33.07
34.58
34.38
34.83
35.29
36.52
34.78
34.34
34.79
35.12
35.05
35.95
36.20
35.83
35.30
35.17
34.75
34.43
34.82
34.40
34.44
34.47
34.21
34.51
34.34
35.24
35.44
36.12
35.63
35.97
37.56
37.88
38.26
36.25
35.50
35.11
35.06
35.13
35.36
35.51
35.82
35.59
35.58
35.81
35.09
33.80
33.70
33.27
33.08
33.24
33.68
33.78
33.83
33.95
34.00
34.10
34.41
35.03
35.43
35.15
33.88
34.56
33.40
34.07
34.30
35.03
35.04
34.95
34.69
34.80
34.66
34.27
34.15
34.13
34.21
34.68
34.84
35.87
35.80
35.06
35.46
35.75
35.24
34.71
34.80
34.70
35.48
35.25
35.80
35.71
36.16
36.21
36.15
35.84
36.47
36.78
36.98
36.99
36.92
36.60
36.90
35.41
35.40
35.10
35.28
35.69
36.05
36.20
36.17
36.75
36.76
36.74
36.54
36.48
36.10
36.17
36.27
36.00
35.97
35.55
35.55
35.14
35.21
35.14
35.36
35.64
35.65
35.49
35.70
35.90
35.99
35.70
35.33
35.47
35.50
35.05
35.13
35.17
35.56
35.74
35.75
35.74
35.78
36.11
36.29
36.25
36.31
36.54
36.68
36.84
37.07
36.86
37.57
38.09
38.77
39.14
39.15
38.95
39.33
39.95
39.28
39.52
40.10
40.53
40.29
40.28
40.22
40.18
39.40
39.13
39.40
39.16
39.23
39.20
39.82
39.90
39.71
40.39
40.40
40.65
40.81
40.74
41.12
40.87
40.67
40.59
40.45
40.66
41.20
41.61
41.98
42.15
42.65
43.84
43.49
42.94
42.49
42.34
41.64
41.32
41.50
42.45
42.12
42.35
41.25
41.40
41.06
41.62
41.68
42.17
42.21
42.24
42.40
42.57
41.75
41.60
41.57
41.77
41.57
41.64
40.03
39.57
39.56
39.45
39.49
38.54
38.68
38.45
39.58
38.95
38.55
38.42
38.00
38.01
38.75
38.45
38.05
37.71
36.00
35.90
35.78
36.39
36.24
35.47
35.97
36.30
36.30
36.24
36.47
36.90
37.02
37.10
36.96
37.05
37.39
37.20
37.49
38.15
38.19
38.04
37.80
37.73
37.66
37.48
37.59
37.66
37.39
37.02
37.62
37.93
38.51
38.58
38.38
38.85
38.64
38.49
38.02
37.37
37.23
37.06
37.15
37.27
37.28
36.64
36.30
36.23
36.62
37.80
36.99
36.93
36.63
37.14
37.35
37.49
37.39
37.48
37.51
37.37
37.29
36.66
36.26
37.00
37.02
36.98
36.93
37.80
38.25
38.37
38.32
38.80
38.88
38.85
39.63
39.65
39.80
39.69
39.58
39.65
39.99
40.00
40.10
39.89
39.82
39.92
39.88
39.67
39.45
39.84
39.80
39.66
40.25
39.94
39.76
39.93
39.63
39.47
39.68
39.79
40.40
40.45
39.81
39.53
39.89
39.77
39.69
39.64
39.69
39.24
39.10
39.11
39.38
37.45
37.85
37.88
37.53
37.60
38.18
38.55
38.62
38.94
39.17
39.43
39.66
39.91
39.45
39.49
39.19
39.42
39.29
39.16
38.76
38.83
38.34
37.98
37.85
37.70
37.80
37.79
37.86
37.70
38.28
38.62
38.52
38.42
38.30
37.83
37.89
37.86
38.40
38.80
39.25
39.00
38.82
38.88
39.25
39.23
39.48
39.29
39.30
39.16
39.32
39.17
39.69
39.06
38.92
38.98
38.87
38.51
38.25
38.03
38.38
37.98
38.49
38.45
37.83
37.49
37.22
37.21
37.00
36.90
37.00
37.40
37.64
37.54
37.53
37.74
38.07
37.99
37.74
37.66
37.58
37.57
37.75
37.43
37.37
36.76
36.63
36.58
36.89
37.08
37.02
37.34
37.42
37.18
37.79
37.55
37.28
36.82
36.60
36.38
36.49
36.67
36.40
36.28
36.25
35.95
36.00
35.29
35.15
35.08
35.10
34.98
34.93
35.11
33.95
34.76
34.91
35.10
34.95
34.81
35.20
35.09
34.61
34.70
34.92
35.16
35.88
35.17
35.18
35.20
35.43
35.75
35.51
35.50
35.60
35.82
36.17
36.19
36.05
36.00
35.62
35.44
35.39
34.83
34.92
35.26
36.10
36.30
36.26
36.00
36.00
36.00
36.09
36.04
36.00
36.50
35.78
35.85
35.59
35.94
35.81
35.70
35.64
35.76
35.73
35.90
36.05
36.20
36.19
36.14
36.43
36.43
36.03
35.77
35.92
36.10
36.00
35.30
35.28
35.15
34.60
35.03
35.33
35.35
35.57
35.86
35.95
35.69
35.71
35.51
35.70
35.60
35.60
35.65
35.53
35.49
35.45
35.44
35.64
35.65
35.52
35.50
35.43
35.32
35.36
34.97
34.70
34.79
34.99
34.71
34.77
34.80
34.78
34.66
34.59
34.18
34.19
34.09
33.73
33.92
34.28
34.42
34.60
34.91
34.94
34.90
34.89
34.49
34.49
34.43
35.00
34.95
34.95
34.35
34.39
34.28
34.25
34.14
34.26
34.38
34.30
34.43
34.28
33.85
33.98
34.07
34.05
33.67
33.52
33.78
34.19
34.33
34.15
34.75
35.10
35.19
35.79
35.91
36.38
36.31
36.48
36.80
36.99
37.49
37.49
37.34
37.73
37.58
37.73
38.41
38.38
38.22
38.25
37.95
38.00
38.13
38.06
38.26
38.99
38.99
39.15
39.18
39.11
38.78
39.07
38.88
39.28
38.89
38.89
39.30
39.28
39.59
39.72
39.75
39.88
39.91
39.78
39.98
40.11
40.42
40.56
40.23
40.05
39.79
40.36
40.14
39.81
40.24
40.72
40.75
40.87
40.42
40.03
39.82
39.71
39.47
38.82
38.70
38.53
38.68
39.81
40.04
39.97
40.19
40.22
40.16
40.10
39.60
39.60
39.62
40.03
39.98
40.31
40.33
40.50
40.82
40.82
40.95
41.55
41.57
41.83
41.95
41.60
41.94
41.84
42.09
41.81
41.66
41.74
41.74
41.40
41.48
41.50
41.34
41.53
41.50
41.55
41.71
42.20
42.20
42.43
42.20
42.20
42.08
42.04
41.94
42.46
42.46
42.66
42.47
42.44
42.26
42.35
41.98
42.42
42.38
42.75
42.99
42.95
42.88
42.78
42.82
42.74
44.06
45.90
45.59
45.51
45.70
45.81
46.80
46.65
46.35
46.12
45.96
44.96
44.75
44.80
44.05
43.41
43.05
42.95
42.89
42.48
42.90
43.38
42.99
42.97
43.68
44.20
43.93
43.18
42.77
42.50
42.59
42.23
41.88
40.85
40.82
40.70
40.46
40.78
41.46
41.67
41.30
41.50
41.57
41.31
42.86
42.99
42.87
42.87
42.67
42.75
42.69
42.99
43.23
41.96
41.51
40.94
41.11
43.06
43.37
43.47
44.35
44.86
44.84
44.97
45.54
45.71
45.79
45.91
45.80
46.10
45.33
45.72
45.38
44.35
44.15
44.50
45.11
45.65
45.68
45.71
45.60
45.59
45.64
45.97
45.69
46.04
46.02
46.07
45.87
45.90
45.94
46.05
45.91
45.44
45.59
46.02
46.73
46.56
47.35
46.95
46.85
47.49
47.35
46.94
47.30
46.95
47.21
47.32
47.46
47.33
47.92
47.54
47.46
47.20
47.21
47.66
47.70
48.57
48.46
48.10
48.21
48.00
47.21
47.13
47.47
47.21
47.50
47.95
47.71
47.67
48.08
47.82
47.08
47.25
47.72
48.00
47.90
47.75
47.61
47.89
47.81
47.67
47.98
47.99
48.05
47.94
47.89
47.53
47.26
46.59
46.87
46.74
46.51
47.13
47.25
47.25
47.08
47.14
47.84
47.97
47.90
48.04
48.65
48.60
48.48
48.37
48.97
48.80
48.37
49.00
49.00
48.91
48.37
48.55
48.25
48.06
48.11
48.12
48.42
48.26
48.46
48.89
48.58
48.83
49.86
49.86
50.40
50.68
50.25
49.65
50.25
51.16
51.24
51.33
51.15
51.32
51.22
51.06
51.19
50.65
51.02
51.55
51.47
51.35
51.75
51.85
51.95
51.75
51.42
50.61
49.89
49.44
49.00
48.16
48.68
48.87
49.35
49.35
48.98
48.50
47.55
48.19
47.83
47.80
47.88
49.65
49.10
48.89
48.78
48.82
48.48
48.64
49.02
48.49
48.59
48.71
48.89
49.13
49.34
49.34
49.52
49.45
50.25
50.42
52.67
52.23
52.71
52.70
52.28
52.94
53.00
52.80
53.06
52.50
52.77
52.92
53.05
52.95
52.65
53.25
53.03
52.38
52.16
52.71
53.07
53.00
52.93
52.81
52.68
52.64
52.24
51.85
51.92
52.06
52.31
52.08
51.80
51.49
51.23
50.65
50.48
50.84
50.40
50.39
50.83
50.99
50.85
50.88
50.99
49.88
49.75
49.21
49.05
49.30
49.48
49.30
49.25
49.58
49.35
49.16
49.28
48.57
48.44
49.63
50.22
50.46
50.48
49.29
49.69
48.81
47.87
46.95
46.21
44.55
45.24
45.14
45.97
44.44
44.76
44.95
45.11
46.05
47.23
45.94
44.80
45.43
44.02
44.42
45.90
48.29
47.51
47.08
46.83
46.58
46.00
45.90
44.48
44.23
44.36
45.13
45.62
44.97
44.55
43.99
44.45
44.84
44.74
45.78
45.64
45.63
47.86
48.06
47.75
47.54
47.20
46.25
46.69
46.28
46.21
47.04
47.35
47.46
47.43
47.88
47.58
47.70
47.47
47.62
47.10
46.82
46.40
47.12
46.13
46.60
45.93
45.99
46.44
46.55
47.45
47.50
46.89
47.55
46.32
44.48
43.20
44.34
43.81
42.92
43.29
43.68
45.40
46.02
45.19
44.11
42.84
42.35
42.00
42.20
42.49
42.48
44.13
44.09
46.09
45.92
45.09
45.19
46.25
46.81
47.87
48.02
47.79
46.26
45.79
45.50
44.95
45.10
44.54
44.18
45.11
44.99
44.70
44.27
44.14
43.79
42.65
41.80
41.58
41.58
40.34
42.14
42.10
41.75
40.73
42.65
41.68
40.67
42.00
46.15
46.01
45.84
45.61
47.80
49.29
48.19
48.70
48.14
45.48
44.74
45.58
44.96
44.00
44.45
44.17
44.10
43.25
44.05
43.34
43.69
44.02
44.46
44.54
44.49
44.02
41.97
40.63
39.58
39.58
38.23
39.08
38.26
39.26
40.23
38.95
38.80
41.09
42.88
44.89
46.45
48.16
46.65
45.37
44.49
43.84
44.25
47.00
47.56
47.03
46.44
46.74
45.61
45.18
44.81
43.90
42.80
42.70
44.96
45.32
46.86
45.48
45.80
46.04
47.34
47.87
48.09
47.74
48.64
49.48
49.95
48.64
48.70
48.43
47.00
46.93
47.29
47.24
46.37
47.04
47.32
47.22
45.66
44.05
43.73
42.90
43.40
43.43
44.06
43.99
42.77
42.69
42.35
42.32
41.79
40.33
39.23
38.75
38.75
39.59
40.65
40.75
39.25
39.03
39.19
37.99
38.26
39.32
37.58
36.89
35.50
34.34
35.75
36.09
35.95
36.05
36.74
35.80
34.45
34.35
32.82
35.94
40.99
41.32
40.95
41.04
43.00
42.28
40.44
40.65
40.75
42.07
41.96
41.75
40.89
42.00
42.27
41.55
41.65
42.85
41.01
37.65
38.43
38.71
38.03
36.40
37.07
36.60
38.25
37.45
37.12
37.22
38.88
38.94
40.02
39.75
39.78
39.75
43.66
41.94
40.44
41.69
41.96
41.85
40.95
40.68
41.05
48.00
45.90
42.18
42.50
45.00
49.00
47.50
47.39
50.00
49.85
50.63
45.15
45.74
43.55
42.69
42.00
44.08
43.55
41.79
41.00
41.39
40.70
41.27
40.05
38.75
37.73
35.90
37.72
38.38
38.00
41.25
41.25
42.42
42.50
39.76
38.52
38.48
37.45
36.30
37.50
36.91
34.87
33.10
32.02
28.71
24.42
28.34
30.71
30.75
31.93
30.70
28.90
30.74
32.90
34.00
37.70
35.70
34.96
32.76
31.22
29.78
32.75
32.89
32.59
31.25
31.19
30.40
29.88
30.26
30.02
31.05
31.94
31.64
30.77
30.42
29.40
27.95
27.55
26.15
26.59
26.28
27.05
25.00
21.27
22.84
23.83
24.58
25.75
25.17
27.77
27.18
26.98
25.68
25.45
25.50
25.32
27.80
27.97
27.61
26.62
26.22
25.89
23.20
22.30
22.30
21.00
21.56
21.10
23.22
24.18
23.60
22.43
21.90
21.74
19.00
17.67
17.29
19.50
20.91
23.33
24.33
25.27
25.22
27.33
27.41
24.78
29.17
29.30
28.71
29.60
29.20
26.37
27.10
28.28
29.67
29.28
28.90
28.05
27.83
33.09
34.15
33.25
32.97
34.01
33.98
32.42
32.91
34.14
33.75
34.50
33.77
33.72
34.56
35.21
33.77
35.98
35.95
37.35
38.72
38.94
38.18
36.26
35.27
35.62
35.68
37.35
37.68
36.76
35.36
35.30
36.56
36.72
36.67
37.07
37.73
35.52
34.97
35.44
35.76
35.73
35.78
35.67
35.87
35.44
35.04
34.39
33.52
34.31
35.12
35.00
34.09
33.93
34.18
34.74
34.70
34.79
34.57
33.77
32.60
33.40
33.49
33.75
33.67
34.71
35.09
36.77
36.41
37.20
37.44
37.31
37.33
38.47
38.25
39.47
38.20
38.24
39.28
38.65
39.75
40.50
42.20
42.46
43.13
43.22
42.51
42.45
43.00
42.85
41.58
41.88
41.90
42.63
43.81
44.24
44.14
43.78
43.63
43.86
43.60
43.82
42.11
42.25
42.49
43.04
43.07
43.15
43.39
43.85
44.20
44.68
45.11
45.34
44.80
46.49
46.50
45.80
44.28
44.83
45.20
44.89
43.56
42.40
43.93
45.00
45.82
46.44
45.94
46.42
46.03
47.47
47.32
46.88
46.43
46.59
46.42
45.87
46.20
45.21
44.66
43.81
44.40
43.97
42.85
42.96
43.69
43.93
43.69
44.39
44.32
44.99
44.65
43.29
43.61
43.19
43.50
43.18
42.74
43.64
43.28
42.67
41.90
42.65
42.71
42.15
43.09
42.51
41.96
41.40
41.51
41.56
41.25
41.93
41.70
41.70
41.12
41.19
42.24
42.10
41.94
41.89
42.13
41.80
41.62
42.13
42.99
43.84
44.09
45.12
44.70
45.19
44.15
44.53
44.79
44.43
43.75
43.68
43.15
41.20
39.89
39.84
39.49
40.04
39.85
39.93
40.68
41.10
39.92
38.88
38.29
38.70
39.50
39.37
39.18
40.14
40.45
40.51
40.70
41.30
41.25
40.97
40.69
42.31
42.18
42.40
42.06
42.08
42.87
43.03
42.82
43.49
43.20
43.54
43.21
43.38
44.11
43.79
43.89
43.79
44.74
44.97
46.05
45.89
45.38
45.05
45.00
45.31
45.40
45.94
46.05
45.97
46.22
46.47
46.38
47.93
48.20
47.75
45.70
46.15
46.39
45.12
45.07
44.81
44.37
43.71
44.33
44.05
43.73
43.36
43.37
42.78
41.84
43.30
42.55
41.79
41.60
40.10
40.04
40.62
39.66
39.25
40.16
40.25
39.01
39.50
40.49
40.35
39.96
39.62
39.94
38.70
38.13
37.80
38.16
38.37
38.17
38.27
38.28
38.88
38.90
39.27
39.78
39.58
39.11
38.70
39.60
39.64
37.91
37.49
36.69
36.69
36.88
38.24
38.82
38.89
39.34
40.69
40.38
40.84
40.35
39.36
39.64
40.25
39.60
39.96
40.36
41.24
40.90
40.83
40.69
41.70
41.65
41.40
41.43
40.95
40.56
39.73
38.78
37.99
38.04
37.82
38.07
38.19
37.97
37.36
37.41
36.70
36.44
36.62
36.69
36.60
36.64
37.80
38.20
39.17
38.84
39.43
40.32
40.25
41.47
41.23
41.14
41.10
41.08
41.31
41.50
40.84
39.70
39.80
39.67
39.40
38.88
38.95
39.09
39.54
39.82
40.07
40.32
39.78
39.91
40.49
40.72
39.38
38.94
38.26
38.65
38.30
38.40
37.79
38.07
37.26
37.63
37.96
37.74
38.00
37.57
37.83
39.85
41.34
41.20
40.68
40.64
40.44
40.26
40.64
39.97
39.68
40.00
39.64
39.10
38.22
38.24
37.98
38.09
37.79
38.19
39.38
39.67
40.05
40.46
40.33
41.10
41.50
41.99
41.50
41.00
40.68
40.07
40.27
41.24
42.54
42.27
42.68
43.12
42.77
42.47
42.45
44.04
44.30
44.95
44.80
44.59
43.77
44.02
44.90
44.97
45.94
45.42
44.97
44.99
45.54
45.48
45.43
45.48
45.38
45.88
45.10
46.00
45.98
45.75
45.17
45.75
45.82
45.50
45.54
46.89
46.90
47.34
48.36
47.99
48.13
47.27
46.50
46.06
46.86
47.18
46.69
45.97
46.33
46.04
45.65
46.69
47.10
46.25
45.84
45.54
44.99
44.78
44.61
46.18
46.32
45.71
45.69
45.84
46.38
46.50
46.04
46.85
46.34
46.88
46.52
46.77
47.73
47.80
47.66
47.27
47.11
47.37
45.75
45.37
44.35
44.71
44.97
44.84
45.02
45.43
45.63
45.93
46.02
45.99
46.07
46.04
45.71
45.71
45.11
45.50
45.04
44.33
44.10
43.48
44.02
44.24
44.35
44.09
42.90
42.92
42.75
42.59
43.15
43.38
42.99
42.20
42.25
41.24
41.31
41.07
41.24
41.50
41.82
42.44
41.40
40.71
41.06
40.81
41.23
41.53
40.25
40.18
40.11
40.07
40.56
41.07
41.72
41.51
40.65
41.79
40.97
40.22
40.12
40.37
41.24
40.75
40.00
40.49
41.36
42.55
42.32
41.91
41.79
41.40
41.24
40.75
41.37
40.38
40.02
39.59
38.75
37.72
36.59
35.85
37.30
37.85
37.14
36.57
37.26
35.47
35.50
35.18
34.80
36.01
38.57
36.48
37.64
37.72
38.03
37.82
35.25
33.50
34.98
34.91
33.20
32.42
33.41
33.19
33.82
34.27
32.89
32.80
32.45
29.63
29.80
31.81
33.13
32.00
32.11
30.95
30.70
30.43
31.17
32.46
32.61
32.32
32.68
33.87
32.49
32.32
32.09
33.42
34.01
33.19
34.04
34.69
34.25
34.41
37.54
36.98
36.00
33.64
33.74
34.52
34.06
34.34
35.18
33.99
33.23
33.85
32.98
33.11
32.49
31.50
30.85
30.19
30.10
29.15
29.17
30.07
29.13
31.00
30.97
33.27
34.10
33.58
34.19
33.70
33.31
32.60
32.63
31.94
32.28
32.60
31.90
32.44
32.41
33.55
33.70
33.69
33.09
33.52
33.42
35.19
35.15
35.92
35.77
35.68
36.35
36.74
37.05
35.92
35.68
36.68
37.15
37.40
37.94
37.89
37.82
38.10
37.66
37.17
37.54
38.03
38.16
38.50
38.32
38.12
38.35
38.68
37.77
38.34
38.26
38.40
38.12
38.64
38.97
38.39
38.52
38.68
39.23
39.55
39.94
40.45
40.88
40.71
39.87
40.06
40.75
41.44
40.98
43.73
44.00
44.92
44.92
45.35
45.60
45.67
45.10
45.25
46.17
46.49
46.31
46.02
46.13
46.35
45.99
44.86
44.73
44.28
44.01
44.21
44.99
44.95
43.80
44.00
43.91
43.69
43.58
42.96
43.31
43.89
43.89
43.99
43.37
44.24
43.53
43.39
42.68
42.40
41.84
41.02
41.40
37.99
36.47
37.27
36.98
35.10
33.99
33.71
34.58
34.42
34.48
34.13
34.00
33.44
33.47
32.65
32.17
32.13
33.31
33.83
33.68
34.44
33.78
35.07
34.89
35.07
35.30
35.63
36.94
37.03
36.49
35.47
36.12
36.82
35.93
36.80
36.36
36.14
35.66
34.12
34.12
34.45
34.80
34.57
36.20
35.85
35.48
35.23
35.17
34.13
34.50
34.89
35.45
35.94
37.20
36.52
36.33
36.40
35.84
36.29
36.80
37.87
37.48
37.26
37.00
37.09
37.64
37.41
37.35
37.20
37.50
38.86
38.18
37.89
37.44
37.44
37.49
37.49
37.13
37.40
37.24
37.29
38.87
39.53
39.78
39.63
40.25
41.58
42.09
41.44
41.33
41.76
41.28
41.70
41.47
41.55
40.63
40.99
40.63
41.50
41.24
41.00
41.99
42.44
41.84
41.95
42.00
42.64
42.43
42.41
43.11
43.54
43.35
42.82
42.52
41.74
41.88
42.28
41.66
41.79
42.90
43.07
42.36
43.05
42.01
41.50
41.23
40.91
40.52
40.37
39.72
39.67
40.70
41.18
40.98
41.22
40.88
41.20
40.88
41.35
41.34
41.37
40.92
41.49
41.55
42.57
42.67
43.09
43.38
42.92
43.11
43.51
43.94
44.39
44.54
44.20
44.02
44.18
44.02
43.69
44.00
45.00
44.75
45.43
45.49
45.50
46.20
46.16
46.15
46.18
46.47
46.83
46.87
46.60
46.55
46.44
46.80
47.16
47.00
47.16
47.35
47.22
48.00
47.81
48.80
48.83
48.75
48.69
48.90
49.31
49.45
49.29
49.46
49.68
49.54
48.45
48.91
49.20
48.26
49.40
49.55
49.42
49.14
50.11
50.19
50.86
50.85
50.77
50.67
50.43
51.00
50.29
49.66
49.99
49.64
49.23
49.00
49.32
48.97
48.31
47.93
47.99
48.38
48.07
47.54
48.04
48.59
48.96
49.56
49.60
49.58
49.34
48.52
48.18
47.33
47.36
47.49
48.24
48.92
49.63
49.09
49.10
49.25
48.91
48.25
48.70
48.39
49.39
49.99
49.81
49.23
49.70
50.42
51.43
51.66
52.33
52.63
53.67
54.96
53.79
53.66
54.65
54.96
55.90
55.83
54.86
55.39
54.27
53.52
54.48
54.84
54.05
54.10
54.24
54.13
54.26
54.27
54.51
53.18
52.98
51.45
52.56
52.80
53.49
53.13
53.63
53.53
52.81
54.00
54.91
55.17
55.15
55.87
55.85
55.50
55.41
55.58
56.53
56.56
56.67
56.89
56.93
56.50
56.22
56.00
55.99
56.27
56.78
56.52
56.58
56.10
55.47
55.73
55.15
54.32
54.70
54.85
53.68
53.78
52.95
52.36
52.22
52.66
52.42
52.54
51.55
51.05
51.18
50.83
51.72
52.10
52.52
52.71
53.19
53.93
53.76
53.71
52.80
53.49
53.32
53.87
53.75
53.47
52.38
51.27
51.90
52.56
52.40
52.09
52.09
52.45
52.20
52.68
52.36
51.96
51.34
52.56
53.35
52.84
53.04
54.05
54.29
54.58
54.85
54.68
53.36
52.89
52.91
53.09
52.99
53.24
52.71
52.71
52.76
52.13
52.34
52.34
53.97
54.15
54.08
54.20
54.50
54.96
56.00
56.64
56.44
57.40
57.52
58.14
57.96
57.83
57.85
57.75
57.22
57.47
56.74
56.76
56.53
57.07
56.77
56.60
56.56
56.94
56.66
57.27
57.54
58.00
58.39
58.29
58.46
58.35
58.27
58.55
58.50
58.95
59.47
59.43
58.91
59.00
58.76
58.67
58.58
59.65
59.82
59.23
58.44
58.33
57.10
56.36
55.80
56.34
55.87
56.39
56.11
55.92
55.35
55.45
56.55
56.93
56.92
57.57
57.71
58.10
58.23
58.65
58.54
57.97
57.84
58.23
57.98
57.38
56.89
57.45
56.42
57.36
58.29
59.09
59.80
59.48
59.45
57.96
58.34
57.53
57.70
58.16
58.93
60.49
61.20
61.19
61.48
61.40
60.55
60.59
61.02
61.29
60.77
60.80
61.06
60.00
59.02
59.45
59.39
56.05
55.94
55.64
55.35
55.57
55.41
56.08
56.12
56.26
56.35
55.70
56.31
56.35
56.19
56.37
54.74
54.06
54.12
54.53
54.31
54.70
54.83
54.70
54.20
53.51
53.91
54.04
54.60
54.60
54.59
55.43
55.60
55.92
55.88
55.65
55.66
55.73
56.66
57.13
57.67
57.94
57.79
57.42
57.67
56.95
57.59
57.81
57.69
57.77
58.22
58.12
57.74
57.49
57.70
57.78
57.99
57.48
57.65
56.99
56.47
56.12
55.81
55.91
56.84
58.69
58.98
58.86
58.48
58.41
58.80
59.19
59.35
59.27
59.26
59.13
59.28
58.68
57.49
56.98
56.60
56.69
56.69
56.36
56.58
56.55
56.84
57.00
57.50
57.43
57.72
57.85
58.77
59.08
59.83
59.95
59.95
59.37
59.65
59.71
60.37
60.14
59.91
60.22
59.68
59.56
59.84
60.41
59.99
60.20
60.59
61.40
61.85
61.45
61.40
61.64
61.50
60.88
60.50
60.74
60.40
59.49
60.39
60.80
59.92
60.43
60.33
59.82
59.15
58.52
57.38
55.98
56.78
56.75
58.01
58.26
58.60
58.78
58.79
59.69
59.78
59.68
60.54
61.15
60.37
61.23
61.31
61.55
61.93
61.89
60.84
60.63
60.62
60.53
60.82
60.79
60.25
