-21.2216216216
94.4911690496
0.126315789474
7.95454545455
5.76923076923
-8.87185104053
40.7213316893
-15.9585492228
10.1598173516
16.2189054726
81.6265060241
-37.9902876354
4.04197434901
-26.5067123679
-1.6849199663
-7.91311093871
-6.02673147023
11.5176151762
-6.93568726356
3.25520833333
10.9185441941
-0.972540045767
3.12684365782
-16.6461765429
-2.88920725883
-2.30930720784
-9.00021226916
-2.05821205821
-2.23577235772
-0.666262870987
5.58516307823
13.5010887975
-2.82153773807
28.2569360676
-9.59651035987
41.2398921833
-22.9376854599
-2.90982425814
-24.2966194111
2.96429373456
-2.92129932418
13.3152173913
1.88774226026
-8.45622119816
-7.38369611609
18.9642041127
21.9504643963
-10.4022191401
-18.0867984549
27.2333044232
-16.4088931851
-10.3164282618
-3.73461297726
-12.6799052651
4.53247000571
-8.99480069324
4.98544395924
-5.68045306333
0.189133425034
