3.34482758621
-3.23656990324
1.16455696203
0.748172079578
0.529914529915
0.949094046592
3.48214285714
0.791936645068
-1.33191262653
-4.15319148936
1.94343224015
-0.311364815776
-3.74625374625
-0.11641443539
2.78632478632
1.2987012987
-0.858369098712
1.07582856151
-6.95834678721
3.99597044997
0.42151407857
1.4887063655
-0.204918032787
-1.99163179916
1.27118644068
2.05846739318
1.31440588854
1.89285714286
1.24751401193
1.95391705069
-1.47112241191
2.43720930233
3.60447185813
-0.708133971292
3.98009950249
4.6875
0.925147182506
-4.6511627907
1.92071924806
-10.9210047324
-0.561085972851
-0.108479479299
-2.9649122807
2.46269998202
-1.53982300885
-3.63295241344
2.30326295585
0.209826892813
2.015697467
0.0
-3.14443676572
-2.21321169116
0.101471334348
0.424592391304
1.72771250864
-2.93476438035
0.218487394958
-1.86376381329
0.214876033058
-2.41935483871
1.22448979592
0.196302960903
-3.06057722804
-1.08235294118
0.886216173445
-3.06795520785
0.866470679251
2.27884158886
-1.35810177958
-0.497048772911
2.09324452902
3.15720595452
0.82467425367
-0.0988630746416
-1.71659919028
2.48962655602
-2.72844688408
-1.5888147442
2.34146341463
2.5
0.0
3.44827586207
5.45454545455
-0.793650793651
3.02917673295
-0.241008527994
-0.973012667523
0.926440615157
0.633973522282
-2.00986661794
3.2641509434
-3.74137304758
-0.343891402715
1.84331797235
0.686711210097
2.37507125214
0.611737717454
2.95217476875
-1.45461598138
1.8368556192
-2.05068678661
-1.65525114155
-0.605143721634
-1.19581464873
-0.205109080738
1.18867924528
-1.96078431373
0.0
-1.04338275673
1.27919911012
0.241590782382
-2.94011544012
-3.38096897874
1.44978783593
2.7243007628
-3.40350877193
-0.766016713092
1.1089596902
-2.37154150198
1.411641687
3.38738738739
3.48685437255
1.93879490591
2.15533980583
1.35800039362
-7.61818181818
1.02865540044
1.17078609924
-2.83495846876
1.26165660998
4.05251141553
0.824860924612
1.22330097087
4.0404040404
0.0
1.41364474493
3.85106382979
6.21468926554
-7.8125
-1.53846153846
0.391268533773
3.31914893617
0.0
0.0
0.534759358289
-2.48226950355
0.125313283208
-0.25
2.25820195995
-1.96324143693
12.6588235294
5.25012382368
-4.15380963684
1.51807228916
-2.35294117647
1.19047619048
0.59880239521
2.45398773006
-3.98209236569
-0.864284045784
2.53892215569
3.08641975309
-2.71438866202
-3.47785763969
-1.55215704177
2.16884328358
-3.09604519774
1.67738970588
-1.22560145256
1.28735632184
2.04081632653
-2.2920009168
-1.53464229294
-1.66444740346
0.401069518717
3.45781466113
-0.275862068966
-2.24719101124
2.58183494698
-0.709544518196
4.02380952381
1.81818181818
-5.04143646409
0.718757245537
-0.576302443522
-0.138121546961
-8.06349206349
-2.45664739884
2.23723089911
-0.524879277766
-3.66100323625
-4.70316114109
2.97737197301
1.51118275237
2.20345963756
4.56503014643
1.08837614279
-1.20430107527
0.129198966408
-4.00992145515
1.192219201
-0.520183104453
-0.784475639967
-2.51559669954
-0.996214385336
0.621491579791
-2.19607843137
-3.88239728609
-4.18923799205
-4.20342501297
3.69506726457
-3.4632034632
1.31578947368
2.59179265659
1.12850382235
-0.217944061024
-1.67857142857
-0.779588944011
-0.878117316473
2.13452914798
2.8787599188
0.70618844081
3.7201233616
-0.708133971292
-0.36231884058
-1.05660377358
0.473933649289
-1.7507915813
-2.38181818182
-1.45135280416
-0.676276917601
0.231894398858
-1.64912280702
-1.2987012987
-1.70212765957
1.50310988252
3.00765260723
1.92272809722
-0.451426507765
-3.78735232801
1.42731277533
2.60350750316
-0.895896792689
7.57517347726
3.49092359864
2.70436385986
1.41284022439
-3.25628140704
-1.60205696203
3.31017572538
-2.37382804708
-0.238805970149
-5.42066629023
-2.85244103127
0.238269794721
0.571428571429
-2.25225225225
-1.22797650828
0.789237668161
0.45045045045
2.05958072821
0.815721171672
-3.2466367713
0.668111231492
2.66963292547
0.241590782382
3.7201233616
1.34791951553
-1.3299922899
-2.62762762763
-1.13193542401
-1.92902638763
-0.0909090909091
5.76923076923
-0.952380952381
-3.49264705882
2.73843248347
-0.376293508937
1.25738235854
-1.79607109448
-1.38376383764
3.83141762452
0.172711571675
-0.780654988576
2.07968901846
5.0
0.0
-0.244299674267
-3.59175662414
0.196656833825
2.72727272727
2.18827415359
-2.16117955968
2.86723457303
0.0207813798836
0.753768844221
-3.02538071066
3.16296606619
0.589970501475
-3.49735664904
4.86140724947
-2.39334027055
1.52123388971
-3.17103109656
3.91156462585
2.01691607027
0.239130434783
-2.02342917998
-2.1875
-4.21073637996
6.1877516423
-2.09543568465
-2.23123732252
1.33607399794
2.20588235294
-2.65848670757
-1.21212121212
0.10111223458
-1.592039801
-1.54780564263
1.16947472745
-3.12980030722
0.153846153846
-1.70132325142
-0.675929402929
-0.448598130841
0.829249905767
0.2835002835
0.189358076122
-4.29503443277
-0.558659217877
-0.377019748654
1.1439985473
-2.8576468513
-0.369068541301
1.97132616487
0.0
-1.81242301601
2.21223021583
3.30732069863
0.767646508145
0.225182961156
-1.05829929447
-0.259259259259
-1.6393442623
2.17755443886
-0.793943870015
-0.932869946954
0.440933308837
1.35940409683
-0.408011869436
-0.0926440615157
-1.026957638
0.981481481481
-1.54968094804
0.200949945195
-1.19133574007
-0.18018018018
1.96582766857
2.1200750469
-0.373831775701
-0.57610109645
-0.99356025759
1.39925373134
0.468603561387
1.71591992374
0.498179727917
0.172744721689
-1.21350018961
-0.864661654135
1.23691722169
1.44787644788
-2.2641509434
1.33843212237
-2.44357396008
0.205607476636
-1.60014713997
-1.10949436159
1.81481481481
1.37037732307
-1.35185185185
-2.17391304348
-1.14613180516
0.703336339044
0.361990950226
-1.16279069767
-1.00938551443
0.462551147483
-1.66200139958
1.83502583289
2.05454545455
1.73880873104
-3.17033852767
-0.676036292475
0.142526278283
0.196358443413
3.45337026777
-2.85252960172
2.2752293578
1.52757078987
0.769663975971
-0.560014933732
0.980207351555
0.568720379147
-2.18802150936
0.540641312453
-0.0745156482861
1.47448015123
-0.750469043152
1.52380952381
-1.5009380863
0.0
1.44651693947
1.03846153846
-0.211091920936
1.48003894839
1.54241645244
1.14
-0.45789368903
0.46
0.1001001001
0.200601805416
1.65171288744
-0.0203873598369
-3.25443786982
1.80722891566
-3.6750483559
-4.08163265306
1.220657277
5.13326752221
-2.59615384615
-3.61445783133
0.390770375884
0.261194029851
-0.942524487156
-2.15189873418
-0.718132854578
1.53117025155
-0.163785259327
0.899742930591
-0.0550559735731
0.0734618916437
0.646950092421
2.36518448439
1.05162523901
0.172380769967
0.21113243762
-1.04463437797
1.0556621881
-0.477554918816
2.3260359656
2.60730044124
-0.479041916168
-0.17931858936
-0.829875518672
0.836820083682
1.80527383367
-1.02389078498
-2.60070394994
-0.408958130477
0.29296875
1.48662041625
1.2036108325
-0.180216259511
-0.478278198485
1.37373737374
1.24769891593
-0.730964467005
-3.1465093412
1.09343936382
0.801603206413
1.42276422764
0.428658909982
-0.0204081632653
0.307062436029
1.77083333333
0.313479623824
0.821744627054
0.978723404255
-0.990099009901
-1.06294289287
-0.353063343718
-0.84431630972
1.46259924781
-0.931484164769
0.94024237359
1.03440996411
-0.33662949716
0.699152542373
-2.39867659222
0.645161290323
-0.825593395253
0.372902423866
2.37539766702
-0.10593220339
0.0
-2.49948357777
0.290035218562
1.70670037927
-2.12414930914
-3.21357285429
-1.00770598696
0.616302186879
1.00401606426
1.8821603928
-0.992505570184
-0.663983903421
-1.21248260783
0.439209423039
2.22448979592
-1.64592533119
1.88139059305
1.24223602484
-1.72939979654
2.18295218295
0.564499268242
-0.685215946844
2.86202477574
2.00435729847
-0.970873786408
-0.536480686695
2.19298245614
1.31081981782
3.70967741935
-2.47191011236
-1.54867256637
-0.72479683725
0.44120891242
0.0662251655629
-0.527009222661
-0.153475115106
-0.218770509735
-1.93091611242
4.85939257593
-1.87637969095
-2.97708288713
-0.680706232716
-0.275774289351
0.726495726496
-3.68388557316
1.37700813687
1.11814345992
-1.43480973175
1.07187894073
2.0154373928
-0.808166737558
-0.927096502318
-0.856486317109
0.0417972831766
0.314465408805
0.167996640067
-0.146781295869
-0.872999376429
2.29640654901
3.11335233501
-0.109505037232
-0.65274151436
0.900109769484
-1.19305856833
0.326441784548
1.21145374449
-0.21978021978
0.397175639894
0.265486725664
2.23931237277
3.53629976581
-2.73348519362
4.97369679579
-1.22815304676
2.31996133398
-5.09174311927
1.72655156323
0.965842167256
1.07142857143
5.0
-0.348779272546
-1.85819070905
-1.25543215838
0.533980582524
5.23627075351
-2.39341810022
-3.44246509389
0.0963855421687
2.85006195787
1.20391271633
0.885627530364
-4.40251572327
2.96388542964
2.03303684879
-4.0243902439
-2.75142314991
-0.0947867298578
-4.06910661514
1.97032916087
1.74528301887
-1.44119014412
-0.784132841328
-1.85604345858
1.5632183908
-2.57558790594
1.7316017316
-0.227324391907
2.3023255814
1.94404931247
-0.401416765053
0.474495848161
2.80487804878
-1.15718418515
-0.479846449136
2.83740439181
-2.82905777991
0.87061668682
0.0968288549988
-1.33747313112
-1.25
6.50590303944
-0.325488232349
-0.770186335404
1.38539042821
2.71668822768
-0.129198966408
-1.35100688249
-2.29140722291
4.99476987448
2.87866559053
-1.09100585418
-3.36847518642
0.881971465629
3.1852248394
3.49030470914
-3.98936170213
6.51558073654
0.426742532006
0.428571428571
-1.01809954751
3.84728340675
4.76923076923
13.4380453752
4.44768501641
-1.50807899461
0.905797101449
-4.1000694927
-5.4222806441
0.761589403974
-8.48484848485
5.22959183673
-1.93871169481
6.06965174129
0.93739537998
1.35731252121
-0.774410774411
-1.81818181818
0.498338870432
2.38095238095
-5.00807754443
1.64203612479
-3.91290627958
-5.65644537065
5.62893081761
-1.70015455951
-1.34187252211
3.63463969659
-2.34567901235
1.66300596172
2.93927648579
0.194174757282
-0.322580645161
5.58583106267
-2.13333333333
1.97144799456
-1.3744552464
-0.0670016750419
-2.25933202358
-3.8715769594
2.35180412371
2.27347611203
-2.12834569494
1.53896529142
1.19284294235
2.54841997961
-0.775455158463
-0.168293503871
3.33913043478
-2.01090661213
-1.07889413351
5.58917764329
2.36880466472
-7.23461798513
-2.5370675453
-7.75075987842
-2.08333333333
3.7037037037
0.0617665225448
0.715396578538
-2.42792109256
-6.36544472862
1.38288677615
-1.11111111111
1.0071942446
-2.82438478747
2.25907921075
-1.9899103139
-5.48344370861
2.7770215083
-0.433721875847
0.875034181023
-2.76522201542
2.75956284153
-4.28870292887
1.27118644068
-2.15081627365
-1.60632330444
-1.20906801008
1.79487179487
2.33534505379
-1.47362978283
3.11916822181
-2.26680562793
1.80371352785
-1.56657963446
-2.56932078352
1.78663904713
1.65833113977
-2.71446862996
-3.9124015748
1.6
-2.43902439024
2.91164658635
-4.16165503969
-0.740210124164
1.28174123337
2.52913463923
1.02705410822
2.1755822882
-2.78676287634
4.93472584856
-0.13037809648
-0.776196636481
0.651041666667
-0.77519379845
-3.10465698548
1.99182839632
-0.229299363057
1.18587264759
-3.025
0.250626566416
1.01265822785
-0.47871000252
2.03084832905
-0.205233453053
0.593548387097
-3.53497635051
-0.692212608158
-8.21420467438
1.03163686382
6.62429723784
1.11220958972
0.79720976582
-1.25461254613
-1.28703254007
2.46329932819
1.69534412955
2.64935064935
3.0238158951
1.02730467694
3.03621169916
2.57142857143
-1.26939351199
-1.66435506241
-4.24966799469
1.29136400323
-2.89968652038
-1.16189000775
0.206985769728
0.38961038961
1.26249342451
2.25927918236
-0.428494911623
1.11020850257
2.52637423654
-0.798678050124
-2.75843599357
-1.47757255937
3.55191256831
5.29344073648
-2.46913580247
0.535966149506
-0.393368923855
1.74385363065
0.373027259684
0.780798149219
-0.660729675381
1.16245277536
-0.63528732313
3.68263473054
-1.93775689959
4.0
1.04905893243
-3.16701523753
-3.68345323741
-0.855920114123
-2.63888888889
0.278551532033
-1.56292843433
0.606896551724
-3.41060484945
4.68619246862
-1.15798180314
0.554477405046
-0.633608815427
0.414937759336
2.2630834512
-1.94174757282
-3.81536819637
3.8514824051
0.585284280936
1.41322781232
2.61020881671
2.01183431953
-1.31386861314
0.794585050029
-2.13133640553
0.521134916039
3.6303630363
-0.892060660125
1.38679529696
-2.41247425713
-5.66194837635
-0.743801652893
0.665557404326
-2.77702884875
0.433252098565
-1.20385232745
-0.0534759358289
-1.99161425577
2.60822801828
-1.58772161948
0.532056397978
3.46820809249
-1.96977873718
-1.17333333333
0.294196309174
-0.0801710315339
0.862533692722
2.62793914246
1.11888111888
-0.111763062308
0.111888111888
-1.10650069156
-1.5522875817
-2.00160128102
0.509656652361
0.647948164147
-2.14002642008
-1.71384056089
-1.00257069409
-1.69320192065
-0.452830188679
1.32551618659
0.770613922425
-1.56763590392
-1.05078809107
0.452374968585
0.861850443599
-1.00376411543
-0.300225168877
-0.67097415507
0.324108701072
-2.66925503519
1.40255905512
-0.14742014742
2.13299874529
-0.697732369798
1.18507312153
0.532319391635
-0.126582278481
-1.76572991793
0.90338770389
-0.499375780275
1.36674259681
1.80365885081
1.86351706037
-1.72814031468
3.38666666667
1.48849797023
1.98730333977
1.11638291934
-0.472222222222
3.53753235548
-2.52312867956
0.962354939145
1.84491207841
-0.998858447489
-2.61256253474
1.6384180791
0.482543286971
0.657142857143
1.80337405468
-4.07366071429
2.25392296719
-2.77392510402
1.9801980198
1.0
-0.568181818182
-2.43902439024
1.29140932061
-0.363636363636
-0.195421552205
-0.0836820083682
0.195640022359
-0.0558659217877
-0.693481276006
2.35661555934
1.20689655172
-0.599828620394
-0.171086398631
-1.48876404494
0.79275198188
-0.646976090014
-1.93103448276
-1.09140518417
0.964187327824
1.42497904443
1.82076813656
-1.70581655481
1.33182204591
-0.954252034802
1.71281758493
-1.35173190651
-0.112517580872
-0.947339091669
1.81560283688
1.55574762316
4.76909145789
1.62576687117
-0.153139356815
0.184105553851
-0.275397796818
0.739827373613
-1.63735597332
-0.901442307692
-1.36336692353
-0.177514792899
0.89552238806
2.50917992656
0.988875154512
0.0309119010819
1.47427854454
1.20634920635
-2.08268573205
-0.155183116077
0.311332503113
-1.80372974625
1.71019900498
-0.954727440715
-2.31648616125
0.0
0.0300932891965
0.453446191052
0.822919841512
0.0304878048781
-2.38095238095
1.14388922336
1.00334448161
0.0
1.35593220339
0.870376126826
-0.923929781337
0.0924784217016
0.0
1.59724397119
-2.08524992334
-0.397067806964
0.862600123229
0.776156473145
1.19384228715
-1.14906832298
-0.923076923077
-1.60460187708
0.824175824176
-0.243605359318
0.213610009155
0.614062020264
1.02357320099
-3.03759398496
-0.449101796407
1.18146016359
1.28873887696
-2.33742882829
0.0899820035993
-0.269219264134
-0.268496420048
-1.15010321439
-0.847953216374
-0.581395348837
0.732064421669
0.0585994726047
-0.117061750073
0.618374558304
0.14744913005
-1.19463869464
-1.94285714286
-0.228050171038
-0.482269503546
-2.81224152192
-1.62733930024
0.847921225383
-1.50862068966
2.99667036626
-1.87857337326
0.410060142154
-0.759631036354
-0.0542299349241
-0.189445196211
-0.645334767411
0.459211237169
-1.25366764471
-0.292553191489
-0.450092666137
1.86084142395
0.870511425462
-0.889727689404
0.623982637005
-1.70666666667
0.725221595488
1.47179067866
-0.542152344809
-0.699865410498
0.541271989175
-1.72872340426
-1.57068062827
1.56873172029
-0.106241699867
-3.95408163265
2.86014169509
2.03480589023
0.45723507262
0.45933531478
-2.83538986611
0.184113624408
-0.834637454356
0.02608922515
-0.956072351421
-1.92600101368
1.17948717949
-0.636942675159
0.692662904053
-0.814249363868
0.255102040816
2.4301019075
1.83608302288
-0.870482722237
1.63538873995
0.134228187919
-0.241028387788
-0.0802782981001
-0.266880170803
2.40502869637
1.46977260122
0.0554938956715
-0.961802693048
1.02720710716
-0.716648291069
-0.0826218672542
-0.629447181171
-0.975609756098
-0.912996777658
-1.08897742364
0.0797448165869
0.830876440633
0.0
-0.692041522491
1.1577813678
0.161812297735
0.0539665407447
0.843537414966
-1.10333692142
-0.268384326355
-1.1408861767
-0.185381355932
0.586041555674
-0.529941706412
0.64
-0.424853956452
-0.344006350886
0.132485426603
0.132661183338
-0.527843758248
0.158604282316
0.718849840256
2.1207177814
1.18294360385
0.525442477876
-0.330760749724
0.0827586206897
-0.302530253025
1.62101732812
-0.913874273055
0.055417013023
0.810055865922
0.083869164104
1.15950226244
-0.253878702398
3.0523255814
-1.93842645382
1.44592249855
-0.831660453112
-0.881182490051
0.715717148583
-0.0858123569794
-1.35440180587
-0.309423347398
-0.864472950363
-1.10314396029
0.694251596779
0.194769059544
0.559597090095
-0.390189520624
-0.801769422173
1.23145815841
1.01781170483
-0.225669957687
-0.197072072072
-0.698909700867
-0.528364849833
-0.221975582686
-0.414479137883
0.388349514563
-0.0554477405046
0.0277315585136
-0.0277238702523
1.66290868095
0.112866817156
-0.867132867133
0.988700564972
0.682593856655
1.00545820167
0.606936416185
0.348027842227
-0.719838756119
1.75798417814
-1.38688240393
-2.01019252548
-3.23287671233
-3.59218172213
-2.17054263566
-0.437355286854
0.856253243383
-0.413436692506
-0.870901639344
-0.331886647945
1.37163561077
0.756192959583
0.0260824204486
-1.91864927091
-0.786802030457
1.02564102564
-0.179165600205
-0.229826353422
0.616649537513
-0.536672629696
-0.305732484076
-0.883838383838
0.354789660416
0.432680071265
0.306356905795
0.410151243271
0.128336755647
-0.17934921855
-0.56050955414
-0.632911392405
-1.12640801001
-0.274588117823
-0.841584158416
-0.0494804552202
0.322660709854
-0.123946455131
-0.517879161529
-0.637098750306
2.15269086358
-0.572424091588
-0.961301454277
0.945508833043
-0.887792848335
0.247218788628
0.772296960638
-0.421731580253
1.28140703518
-0.150526843954
0.201106083459
1.0157440325
-1.64835164835
-2.15053763441
-0.631374453618
-0.723240115718
0.900024324982
0.932973238399
-0.293757649939
-1.18529269473
0.657414170928
0.735835172921
-0.244678248104
0.0979671809944
1.29000248077
0.674325674326
0.628298567479
2.10418270464
0.231481481481
-0.307692307692
-1.0152284264
0.0507872016252
0.716112531969
-2.20110055028
-0.05
-1.38067061144
-1.26582278481
0.170690075591
-0.21897810219
-0.41192149261
0.24289531212
-1.12872238232
-1.3737565135
0.860009555662
0.600817111271
0.555824069599
-0.361184685769
1.04622871046
0.268358136131
0.0488162069807
0.195646857422
-0.341213746039
-0.388443797038
-0.0970167353869
-0.889423076923
-0.763358778626
-0.237981913375
0.190748688603
1.32882338729
0.0967351874244
0.364077669903
0.980392156863
-1.16279069767
0.584795321637
0.835380835381
0.742574257426
-1.22249388753
0.392734413353
-1.02040816327
0.611097531166
0.39263803681
0.344742674218
-0.781822623992
0.220372184133
0.147130946542
0.666502098247
0.049394912324
1.02295409182
0.149925037481
1.18836915297
0.355239786856
0.973610043556
1.11398963731
0.967826314413
3.04582210243
0.705754614549
-2.22929936306
2.81036834925
1.04769782189
-0.630136986301
-0.949796472185
2.36111111111
-1.42387732749
1.81209924728
0.532511210762
0.252880022478
-0.808249721293
0.0
-0.0557103064067
-2.57801899593
0.490864466867
0.603566529492
1.08153078203
0.0554938956715
-0.743596805288
0.331583310307
-0.19305019305
0.387596899225
1.2331838565
1.04786179553
-0.197851893725
-0.478199718706
0.140845070423
-1.93370165746
0.639421740339
-0.772413793103
-0.603235536057
0.27495188342
-0.137287204833
-0.246507806081
1.13573407202
-0.11068068622
-0.0829416643627
0.277238702523
-0.0277161862528
1.12107623318
0.96208262592
0.369213291679
0.170697012802
0.572246065808
1.4219384794
-1.28902893154
0.431530494822
0.115207373272
-0.401606425703
-1.60880609653
-0.197183098592
0.880932082978
-1.29032258065
-0.335476656416
0.732188116024
0.282406099972
0.969489592244
0.487106017192
-0.824097755044
0.830945558739
0.0286615075953
2.16691068814
0.441176470588
-0.468384074941
1.12492599171
-1.40105078809
0.587199060481
0.0
0.176470588235
-3.46394094265
0.485021398003
-2.09497206704
2.37346296826
0.865301413326
-0.0864553314121
1.16618075802
-0.752314814815
0.0579038795599
0.611709874745
-0.145433391507
0.262467191601
0.586682311528
-1.1884057971
-0.173611111111
-0.632547441058
-0.798630918426
-0.397727272727
-0.4243281471
0.426136363636
-0.564971751412
0.1414427157
-0.310208685843
0.226116449972
0.0565610859729
0.540233153256
0.0
0.428326670474
-0.0570776255708
-0.0855431993157
0.746911806952
-0.114777618364
-0.171870524205
-0.285632676378
-0.42662116041
0.629650829994
-0.256922637739
-0.313033579966
0.4
-0.0856408792464
0.892857142857
0.725268349289
0.261780104712
-0.779220779221
-0.230348401958
0.520984081042
-0.0578536303153
-1.00229095074
1.45264381174
0.320606237249
-0.261627906977
0.291545189504
0.14598540146
-0.954308849046
-0.632183908046
0.317094263477
0.960419091967
-0.405797101449
0.145137880987
0.789935634874
0.0292654375183
0.440917107584
-0.322297099326
-0.495626822157
-1.03866128102
1.25620800467
0.735726898175
0.295159386068
-0.993571011105
1.54302670623
1.14045618247
0.573498339873
-0.51051051051
0.452488687783
0.151057401813
0.151285930408
0.181873294938
-0.302206104563
0.121028744327
0.486470051687
-0.544299969761
-0.181104738907
-0.330926594464
1.37236962489
0.305903946161
0.276073619632
0.555212831585
0.216383307573
-1.10058086212
0.275904353158
0.431034482759
-1.27659574468
0.519401161014
0.769704433498
-0.763825236786
0.429579625652
0.276923076923
-0.0922225637873
0.432232170423
-1.28009753124
0.705954573358
0.991940483571
0.970266040689
0.0313087038197
-0.68407960199
0.5
0.470957613815
-1.72786177106
-0.368890255149
-0.489446313857
0.895061728395
0.558659217877
2.5787965616
0.964320154291
1.69990192873
0.99042588313
1.16900467602
0.368756285619
0.10067114094
-0.334448160535
1.70068027211
0.170357751278
-0.170068027211
0.684931506849
-1.08401084011
-1.89431704885
-0.987166831194
-0.653808434129
-0.55266579974
-2.96529968454
0.602983179943
0.542437779196
-0.413091833492
2.07590009731
-0.226537216828
1.14566284779
-0.358773646445
-0.615883306321
-0.931278098908
-0.828025477707
0.0956327701626
1.78455548345
-0.900321543408
-1.8927444795
0.0
-0.220333648096
-0.313774709758
0.0627943485086
-0.406504065041
-0.621504039776
0.0933125972006
0.531582238899
-0.497822028625
0.847191716348
0.504572690003
-0.0945179584121
0.922098569157
0.704450848543
0.482625482625
1.171875
0.0
0.589390962672
-0.228683436785
0.39357166284
-0.0982961992136
-0.0654878847413
-0.261267145656
-0.228087324862
0.688976377953
0.131406044678
0.628099173554
-0.0660720185002
0.498007968127
-0.855826201448
-2.84617844579
-1.13815997471
0.893141945774
-0.412960609911
-0.411262258779
-1.18787120975
-0.373715353472
-0.217526413922
2.22363405337
1.05939004815
-0.859325270528
1.55138978668
-0.193548387097
0.356102298478
-1.56150414277
-0.94696969697
-1.4312383323
0.752351097179
0.758054327227
-0.440251572327
0.824350031706
-0.221448908573
0.190174326466
0.15873015873
-3.34458422829
-0.214329454991
-1.56720916215
0.728597449909
-1.73031026253
-1.84480234261
-1.15774240232
-0.66129959747
1.25181950509
1.05913503972
0.206367924528
0.325347530316
-0.733998825602
1.06824925816
-1.46198830409
0.588235294118
1.25074449077
-0.444707975096
0.656520441659
0.209330143541
-0.416914830256
-1.78414741152
-0.378787878788
-0.20354754289
0.0
-0.376593279258
0.319674513223
0.555230859147
-0.37845705968
-1.32145935076
0.259216589862
-0.714898484415
0.114514743773
1.0998552822
-1.34209023415
1.53667729777
1.26247798004
-1.04590354445
-0.520231213873
0.464576074332
2.25653206651
-0.325540100621
0.925925925926
2.26023213195
-0.847970926711
0.64004876562
1.04712041885
-2.19879518072
1.3431013431
0.614250614251
0.123001230012
0.681114551084
-0.615384615385
-1.75332527207
-0.720288115246
0.877989706328
0.731930466606
0.459558823529
0.0
-0.487804878049
-0.666262870987
0.303766707169
0.213089802131
1.57699443414
1.37931034483
0.346020761246
0.856598984772
-0.567823343849
2.88867250893
1.31535679053
-1.5857605178
0.357258850276
-0.259151279559
0.390243902439
-1.28410914928
-1.07970784376
1.87641539955
-0.96123037488
-2.34668335419
0.0626174076393
1.23613312203
-0.473186119874
-0.439698492462
0.56854074542
0.507936507937
0.542610916055
-0.697305863708
-0.22137887413
-1.77073625349
-1.07559926245
1.15013988188
-1.74098961515
-0.395497414055
0.397067806964
-0.274139506549
0.152532031727
1.04808877928
-0.521312480834
-2.07207207207
-0.567333532398
-0.178837555887
0.781015319916
0.817686250757
0.947722409049
-0.818677986659
0.887121443867
1.20743034056
1.76433522369
0.379506641366
0.126662444585
0.0
-2.2896039604
0.217054263566
1.19234389708
-2.20926664621
-1.03249316732
-1.49566257852
0.330132052821
-1.21553513193
-0.266114725015
1.65314096784
-0.775424992544
0.1194386384
-0.829138288422
1.41141141141
-0.715563506261
-0.857227313036
-0.324101355333
-0.381567361315
0.442216981132
-1.36667635941
0.467426234297
0.0
-0.55200464846
-0.289687137891
-0.231213872832
0.610642628671
-0.750360750361
-0.14409221902
-0.71530758226
-0.653780557135
-0.593387962701
0.596930073906
-1.09642957548
0.197183098592
0.141043723554
0.396488246956
-0.254237288136
-0.393922341024
-0.837053571429
0.251748251748
-0.639244024458
0.474727729684
0.139821029083
-0.666666666667
-1.82710662667
-0.623306233062
-0.539083557951
-1.06666666667
-1.21180189673
3.20826536161
-0.433134813211
-0.511715593859
-0.0269251480883
-0.880704563651
-0.925436277102
2.46545651585
0.298913043478
0.299809212319
0.410509031199
-0.16393442623
-1.05433901054
-0.161943319838
0.0269978401728
1.22984421973
0.0
-1.6662187584
-1.56084656085
-0.578642819569
0.0526315789474
-0.783289817232
-1.1357769747
-0.257466529351
3.16069057105
1.75675675676
0.0811468758453
-0.0540686672074
0.790190735695
-0.757166035695
0.298345538378
0.0271296798698
2.07698698421
1.46108457432
-1.00139082058
-1.20912338555
0.831255195345
0.417362270451
-0.277469478357
3.95154312085
-1.30942214631
1.09352517986
0.0
1.48948598131
-0.46511627907
-1.40441387217
-0.143102461362
0.866050808314
-0.602582496413
0.780798149219
-1.05865522175
0.143266475645
-1.1611441518
-1.06472401233
-0.195749440716
-0.30666294954
-0.609587143253
-1.06907894737
-0.164203612479
-0.327332242226
0.576131687243
-0.627044711014
0.355677154583
-0.544217687075
-1.05008077544
-0.48231511254
0.214822771214
-1.53358011634
-0.552195635025
1.73889780631
1.54849225754
-0.405844155844
0.571428571429
-0.970088924818
-0.58933833378
0.45748116254
0.759219088937
-1.83657173277
0.859060402685
0.0
-0.64017071219
-1.52350932493
1.52
-0.872323552736
-0.525900604786
-1.4256091239
0.155763239875
1.36842105263
-0.445375949699
0.210028878971
0.0262605042017
-0.0262536098714
0.368906455863
0.663129973475
0.346020761246
-1.23554153523
-1.52731038053
0.598958333333
-0.25974025974
0.627286983795
-0.0783494384957
-0.390218522373
0.0781046602447
0.0520969002344
4.8048048048
-2.05882352941
0.808625336927
1.69956140351
0.968724052034
-0.959429824561
2.24215246637
-2.19298245614
0.082304526749
-0.355385456534
1.24550235262
-0.413450937155
-0.2200220022
0.11013215859
-1.17006802721
-0.621957815035
-1.85774946921
-0.8681925809
-0.288562434418
1.19458455004
-0.0530644733351
1.23556271824
-0.904977375566
-0.922995780591
0.237906423473
-0.760755508919
0.26301946344
0.0526315789474
0.0
0.529100529101
1.12359550562
0.0267594327
-0.0534902380316
-1.26749405862
1.09450080085
0.106894708712
-0.239936017062
-1.05513057241
0.958721704394
-0.132978723404
-0.132802124834
-0.842770608375
0.211137503299
-0.759559979047
-0.856920280447
-2.75252525253
-3.57925493061
1.00836202656
-0.416360519226
0.516986706056
-1.31195335277
0.931829328102
-1.3784764208
-0.600961538462
-2.20968500235
-0.467945718297
1.42382534409
-1.05658605306
0.117536436295
-0.164280685285
-0.14061401453
0.305594734368
0.0941176470588
-1.62037037037
-1.41487905066
0.666207213416
1.20902115787
0.139697322468
0.444340505145
-0.372786579683
0.774829772247
-1.1144648247
-1.0112617789
0.998142989786
0.41958041958
-0.740397963906
0.535008141428
1.03407755582
-1.20733689343
1.24588622473
0.235626767201
1.94571222676
0.313253012048
1.04699293888
0.366568914956
-0.36523009496
-0.24289531212
-0.986050986051
-1.28205128205
0.333492139114
1.0348977136
-1.11851499286
3.70187561698
-0.686274509804
-1.52063721941
-0.790229885057
-2.33863423761
1.18315191671
0.690969740291
-0.68622811169
-0.0473036896878
-1.19186725871
-0.74228717235
-0.254511800093
1.93396226415
0.952380952381
1.18043844857
-2.60441107461
-1.43385753932
0.255042893578
0.888888888889
-1.54306771073
0.719090698214
-0.185228062051
3.02958015267
1.42753447859
-0.768307322929
1.6845703125
1.13580246914
0.671140939597
-1.39705882353
-0.754074434444
-1.43850395589
-0.263032042085
-0.782918149466
-1.14915572233
0.11739845034
2.57707129094
-1.68126923988
0.715478177916
0.119388729704
-1.85141785798
1.71632896305
-0.733554188358
2.22544750847
0.218181818182
-1.48077382374
0.0
-1.73668153016
0.211665098777
-0.164357830477
-1.6624336181
-1.07354956601
-0.0456621004566
-1.30689499775
0.589301903898
0.113455865668
-0.921762589928
-0.447627573859
0.903342366757
-2.46696035242
0.132333480371
0.221043324492
-0.396301188904
0.442282176028
0.578291814947
-1.44673388865
-0.0219154065308
-0.10945709282
0.329453107841
2.01658077526
-0.667705319386
-0.729120636323
0.644874360685
1.58120623447
-0.135348522445
-1.07118946664
0.87798289059
-1.09107103095
-1.51315789474
-0.848010437052
1.38888888889
-1.54113305839
2.97273133661
0.811176205498
1.27795527157
0.182898948331
1.4849187935
0.865902176457
-0.0935234977788
-0.0700934579439
-1.78981184029
0.137867647059
1.11524163569
-1.48775463493
1.48664343786
-0.254865616311
2.88438617402
-1.6181988743
3.41983992239
-0.554751567776
-2.24003772695
-0.164783427495
-1.6894237445
0.278486887909
-1.62100456621
-1.61725067385
0.2251238181
-1.94260485651
-0.110253583241
1.97886215426
-1.04583889631
-0.177698800533
1.46495379761
2.94663573086
-1.62063455832
0.366552119129
-0.38795070744
-1.12815884477
-1.04934137084
-0.687361419069
1.622352411
-0.537875392201
2.12863355459
1.11085396899
-0.460723335637
1.9014084507
-1.73010380623
3.23886639676
-1.13020955969
-2.25546605293
2.23529411765
-1.13979995348
1.94451031539
-0.354442344045
3.44659007578
4.65592223075
3.33068992863
-0.630417651694
-0.418519487314
1.24470338983
-0.918394122278
-1.54998708344
1.22907949791
-1.51944372908
0.206451612903
0.3626003626
4.83301656258
0.354223433242
-0.676589986468
1.45524437122
-1.00570807285
-2.05005324814
-2.8453181583
1.68332456602
0.502246893999
7.04584040747
0.283768444949
-0.339366515837
-2.32044198895
-0.876232201533
-0.787829394186
1.15416323166
-2.12479827864
2.36784140969
0.082667401488
1.68114317736
-0.723226703755
1.89909297052
0.570125427594
2.06575501891
-2.38568588469
1.82186234818
-0.259590423998
2.51330573625
-2.2825772898
-1.92689147067
0.455451181326
-2.74086378738
-2.29916148228
0.189701897019
2.10293303818
0.500556173526
0.306834030683
-1.64609053498
-3.54591161683
-0.447839831401
-0.288941423693
1.95500803428
-0.160427807487
1.76870748299
2.02665186008
0.530281886687
0.674346726609
0.707413695529
0.655084021646
-2.06415620642
0.0
-0.499583680266
0.194660734149
0.643716764624
-1.65152766309
-0.0825082508251
-1.83585313175
-2.39789196311
-0.680450143941
-0.701663201663
-2.13631739573
-0.681990401617
1.77377892031
0.0257135510414
1.59352142111
0.078431372549
0.896860986547
-0.394114555964
-0.131199160325
-2.15661103979
0.12853470437
0.335310807325
-0.843989769821
3.35712397568
1.63890381515
-0.667200427008
1.05177993528
-0.802568218299
-1.0325655282
-1.56372165754
-0.259942812581
1.61119915478
1.33832976445
1.02758247701
-5.08213552361
1.90949516087
0.764364786505
1.11940298507
2.31797109354
0.1092001092
-1.87516742566
3.00772626932
0.97520200613
-0.250138966092
-1.42465753425
3.1656302996
-1.47591200223
1.41203049986
-0.505760044956
3.73069076071
0.0875145857643
-3.16384180791
-0.365887981987
-0.280662363177
-0.335664335664
0.903189387525
0.197963800905
2.01961915753
-0.687679083095
-0.057273768614
0.114678899083
-0.456621004566
-0.96099491238
-0.141123341801
-0.0564174894217
0.853485064011
1.35524798155
-3.23660714286
2.13736107153
1.85776487663
2.52976190476
-1.55288602403
-0.611531741409
0.881316098707
0.117647058824
0.502512562814
-2.08393632417
0.905373831776
1.60237388724
-2.57299797629
-2.01133144476
1.37851809305
1.36826783115
-0.980109541655
-0.772311212815
0.633275762809
1.57894736842
-0.725689404935
-0.347121781892
-2.04023802777
2.40858966918
0.642523364486
-1.35407663498
-2.14265576544
0.996583143508
-1.98157968183
0.364145658263
4.35545162233
0.381455399061
-2.96127562642
-0.31223389157
1.46889400922
-0.0287935502447
0.695853870687
3.76052948255
1.21802679659
5.05438259757
-4.08100644369
-2.13213213213
3.96503278177
3.15619967794
-0.735294117647
-2.40249609984
-0.403977625855
5.0947093403
-4.58086631349
2.16491563196
0.447713463383
0.0960307298336
4.27236315087
3.7037037037
4.18319509556
6.94176629387
-3.13784086664
-7.46629796059
-0.0690846286701
8.67117117117
-2.80919372492
0.809121000368
-6.20903759917
3.49875044627
8.77669902913
-1.86737804878
4.62519936204
-9.16334661355
-12.7646129542
3.77049180328
0.0
2.79743849006
-3.51219512195
-5.70377184913
5.73929961089
5.4358974359
-2.6622296173
-1.44309609708
2.59084791386
2.62430939227
-7.00064226076
3.8
2.59917920657
2.59649122807
5.79064587973
1.66037735849
-6.91956445381
-4.23814328961
-2.77959450621
-6.0233558697
-0.336906584992
6.45582001956
-4.54403983816
-3.19373305212
3.23483670295
-3.13347393793
-3.03827052293
2.63868065967
1.86316432498
0.831536803203
-1.00609756098
1.5479876161
-3.58208955224
-1.61527165932
2.25225225225
0.331425128051
-0.688210652304
1.92131747484
-0.182648401826
-1.02440494125
0.150875075438
-0.270839602769
-1.97640117994
-2.13625866051
6.65024630542
1.62703379224
0.188087774295
-1.51281259648
0.715174129353
1.1638880151
0.920634920635
3.07591623037
2.20735785953
-0.200267022697
0.301305657851
-3.33333333333
2.45358090186
-0.919842312746
-1.77476605357
3.43791722296
-3.10478654592
2.28250082699
1.2052226314
-2.35371036286
-3.07351077313
3.1035609278
-1.85957037512
-1.67087011349
1.05129021982
4.63333333333
0.0667111407605
0.40187541862
1.0148849797
4.60014154282
0.676879230495
0.285816362987
-2.84623394655
3.44703770197
-2.5201260063
0.0700525394046
0.245786516854
-0.175254118472
3.67005813953
0.768949102893
-2.98401420959
0.859906843425
2.30938416422
4.20168067227
-5.17928286853
0.619533527697
-2.48756218905
-0.915492957746
-0.525394045534
-4.29098223265
-3.05492362691
1.71900826446
2.16143194867
-4.69906662375
1.83546378237
1.19402985075
-1.27701375246
-0.261267145656
1.32362673726
0.0662251655629
-3.26713645099
-3.82008626001
-1.00640439158
-0.726612170754
4.12988650694
0.126262626263
-1.30841121495
1.13421550095
1.40575079872
-1.23067213632
-0.126063662149
-0.157331655129
2.74814096347
-0.354381443299
0.420575865416
-0.290322580645
0.0
1.50622134905
-1.35658914729
1.80861558698
0.230718523401
-0.687397708674
-1.57860824742
1.33855697029
-0.422626788036
3.01406563965
0.0335008375209
0.10060362173
-1.90789473684
2.18487394958
-0.767178118746
1.24957784532
-0.30303030303
0.168634064081
-0.603419376467
2.29766803841
1.21485595279
-2.76746540668
2.34887737478
-1.09326955928
0.0341763499658
0.034188034188
-1.08217788299
-0.0675904021629
0.0676361176868
1.09401709402
-0.102459016393
-0.475866757308
-0.37250253979
-0.739495798319
-0.568181818182
0.639085099226
0.643195666892
-0.805910006716
-1.03024260552
1.44976399191
-1.19920053298
-1.63826998689
-0.909090909091
-0.932775812158
0.322684737012
-1.17984693878
2.05011389522
-0.292018170019
2.12060967528
-0.592885375494
2.42914979757
3.4554973822
0.0349162011173
0.0698812019567
-1.48020654045
0.345423143351
-1.32924335378
-0.542372881356
-0.304156809733
-0.604635539133
-1.81398416887
0.630600730169
-3.64566677327
-0.730158730159
1.61290322581
-1.27388535032
-1.81363352095
-1.02135561746
0.748362956034
0.12488292226
0.53358443189
1.88679245283
1.00129198966
-0.3861003861
0.517464424321
1.04575163399
-1.95450176226
0.547680412371
-0.1287001287
2.84579748511
-0.198150594452
-0.492934604009
-0.911755128623
-2.10392094358
-0.127347978351
0.319386777387
-0.540025412961
1.38486312399
0.0967117988395
-0.0644329896907
2.20612446493
0.763105507631
-0.330687830688
-1.17647058824
-1.13085621971
0.194237617352
-1.4673046252
0.287907869482
0.611522368845
0.225806451613
1.94015126603
3.0498136225
-0.270361608652
0.339097999322
-0.0677736360556
-1.23828647925
-0.89552238806
0.701402805611
-1.35090609555
0.629973474801
-0.363396101751
0.866377874042
0.401472064236
-0.233644859813
-0.696055684455
2.68890401634
0.754458161866
0.0
0.551724137931
-0.0689179875948
0.276434001382
-0.583991755411
0.726643598616
-0.207182320442
0.555555555556
-0.792283844299
0.0344589937974
0.589254766031
0.733240223464
-1.91780821918
-2.5041736227
-0.299600532623
1.52078404867
0.612036722203
1.16959064327
-0.103092783505
-0.7164790174
-0.845737483085
-2.0218760358
-0.461893764434
-0.164690382082
0.663129973475
0.0995685363425
-0.659413122321
-1.044045677
-0.0326157860404
0.45871559633
0.295760762406
-2.87264602617
-1.6943834327
-0.499531689042
1.26462219412
0.540368722187
-2.72108843537
-0.949464012251
-0.122361578464
-0.0305810397554
-1.65413533835
-0.41928721174
0.27027027027
-1.06951871658
-0.207530388378
0.53651266766
1.63586791881
0.917150718435
-0.304785126486
0.0304878048781
-0.666262870987
-0.542168674699
-0.0902798675895
-0.3896882494
-0.388175574798
0.179479509423
0.0299222022741
0.875339571385
-0.450721153846
-0.179964007199
4.44862155388
0.59880239521
-0.0629921259843
-0.407779171895
-0.0940144155437
0.125509883903
2.08199871877
2.09287115762
-2.08133205251
1.69325952458
0.261181847862
0.955833882663
-1.10821382008
1.69042094796
1.00435219284
1.8411183089
-0.305914343984
-0.64167510976
-0.403632694248
1.84994861254
1.95599022005
-0.382741823243
1.30419457173
-1.32173913043
-0.415656390717
-0.585399449036
0.380228136882
-0.856751199452
0.137268359643
-0.0343053173242
0.447966919366
0.0689655172414
0.904662491301
-0.759668508287
0.277008310249
-0.17283097131
-0.206967919972
-0.922761449077
0.446275317542
-0.478305432183
0.136845706466
-1.34998312521
-0.936141758609
0.53781512605
-0.301608579088
0.369996636394
-0.435365036839
-0.233879051119
-0.729684908789
-0.495049504951
-0.361723117396
-0.783034257749
-1.065203357
1.70715692712
0.494886176179
-0.197563384919
-0.262725779967
-2.49759846302
0.676982591876
-0.831202046036
-0.57215511761
0.833333333333
3.1746031746
0.26525198939
0.265957446809
0.467601870407
-0.432324575989
0.737018425461
1.04942450914
-0.135226504395
-0.50454086781
-0.100806451613
0.676589986468
0.956284153005
0.7917383821
0.3800967519
0.660869565217
-1.2706043956
-0.342231348392
1.10726643599
-1.33151246159
1.87826086957
0.244072524407
2.39200285612
-0.638524299397
-1.46801817546
0.739436619718
-1.04529616725
0.0348553502963
0.63135741845
-0.523377529658
0.844475721323
-0.315678709225
2.70172910663
-0.71530758226
1.70971262277
0.328467153285
1.74526550316
-2.35678027556
0.218023255814
1.13928702683
-1.37731061979
-0.180897250362
1.58030135979
0.480059084195
-2.1676300578
-0.359971202304
-1.97600564573
-0.770308123249
-0.244498777506
-1.64891789763
-0.239890335846
0.309384668271
-0.137315482321
0.240880935994
0.0
-0.920559154449
1.27762430939
1.43607705779
-0.557297109021
0.314465408805
2.14132762313
-0.391041592606
4.92353599403
0.751597143931
0.339366515837
-0.970873786408
0.487804878049
0.604001510004
-1.48754183711
0.186289120715
0.149253731343
0.412139378044
-0.112275449102
0.187476565429
0.565610859729
-1.77777777778
-3.64025695931
-0.919377652051
-1.08429520811
-1.10688343134
0.103878116343
-0.619408121129
-1.69147496617
0.0677048070413
0.47619047619
-0.507614213198
0.0
-1.03817816477
-0.532978014657
1.55615696888
-2.50659630607
0.965700965701
0.233644859813
-0.696055684455
0.0663349917081
1.78933153275
0.851208716377
-0.13600816049
-0.203596878181
-0.640593391773
0.542372881356
-1.13941018767
1.35869565217
-0.304774805283
-2.41242564442
0.498173364331
-0.298013245033
-0.066181336863
-0.787918581747
-1.23216601816
0.064892926671
-0.258899676375
-0.0323519896474
-0.897723629368
-0.732017823043
-0.820707070707
-1.27765659084
-0.711633663366
-0.216116085211
0.683866956792
-1.43995098039
-0.669506999391
0.427872860636
0.183710961421
0.214789812826
-0.912131346914
-0.423857099606
-1.60857908847
0.629496402878
1.3058001822
0.304599451721
-0.605510142295
1.50583896742
1.02452654455
-0.709001233046
0.0308356460068
-0.490948143602
1.33706467662
-1.47058823529
0.369003690037
1.33998130259
-0.80370942813
-0.461538461538
-0.0307597662258
0.308546744832
-0.215517241379
0.246913580247
-1.21951219512
-0.575932100637
-1.58114558473
0.269219264134
0.783840820018
0.484701605574
0.487062404871
0.674226172234
0.214987714988
-0.640830027464
1.8018018018
-0.463821892393
-0.949464012251
0.184105553851
0.276923076923
0.339610991047
0.123647604328
0.434647624961
0.971786833856
-0.343642611684
-1.05100463679
-1.19120342089
-0.48632218845
0.0304043782305
-0.182094081942
-0.0909642207398
-1.72824791418
-1.41010575793
-0.205218411023
-1.61522930487
0.115506786024
-0.373993095512
0.346420323326
-0.287852619459
-0.572409845449
-0.682205798749
-0.733634311512
-0.169014084507
-0.336889387984
0.112422709387
0.0562429696288
-0.614868641699
-1.78424375515
-1.96447793326
-1.35386249005
3.97460667955
0.834956860562
0.0278396436526
1.58371040724
-0.310121229208
-0.921787709497
0.958826847152
3.20139697322
-0.693641618497
-0.0288933834152
-0.972818311874
-0.822928490352
-1.53674210673
-1.67582417582
-0.246642915867
2.41369632332
0.0280741156654
-1.79211469534
0.304203539823
-0.604727872457
0.192784356926
0.805108273182
-0.880572372042
-0.92693565976
0.713893465129
0.0824402308326
1.36490250696
-1.53592978607
0.801769422173
-0.549903766841
-0.682687056253
1.72222222222
0.530578050824
0.646430578977
-1.08423686405
-2.57313109426
2.49861188229
-0.880572372042
-0.05500550055
0.776053215078
0.194390447098
-1.28837719298
-0.463847203274
0.686813186813
1.53417015342
1.90449118818
0.88901634643
1.66180758017
-2.91536937447
-1.42299107143
-1.70049369172
-1.32611637348
-0.0811249323959
-0.537923614847
-0.294985250737
-1.21854304636
-1.41028989292
-0.442017680707
-0.207576543851
0.181959968807
-0.3626003626
0.599270453361
1.40026420079
0.238347457627
0.106044538706
-0.343461030383
0.557917109458
-0.132661183338
-0.053036329886
-0.369881109643
1.44733315465
0.187969924812
-1.45541148452
2.38417772961
-0.216274668829
-1.70077066171
-1.62091503268
-0.0522602560753
1.29698253044
0.585729499468
-0.634920634921
0.345102203345
1.48168103448
-0.429184549356
0.107411385607
-0.878360393931
0.831991411702
-0.454181138125
0.456253354804
0.784419799838
-0.377256804096
0.0539228902669
-0.61629153269
0.457604306864
0.814111261872
-0.135501355014
1.37362637363
-0.57361376673
-0.163621488956
-0.704034660168
1.81968569065
0.276472214542
1.51557676116
1.19284294235
-0.48049745619
-1.44846796657
0.644799551444
1.36402387042
-1.23491439798
0.140528386734
1.30979498861
-0.340522133939
-0.760349197409
-0.39270687237
-0.944706863018
0.139120756817
-0.305131761442
0.138888888889
-1.0989010989
-0.464861908668
-0.408496732026
-1.3698630137
-1.50793650794
-0.0528820729773
0.745871070858
0.320684126136
-0.160085378869
0.969827586207
0.0808843354004
0.406063887385
0.162689804772
0.162954915807
0.299645873059
-0.703272923992
-0.964371818912
-0.638807559223
2.25911812738
1.43567090006
-0.165380374862
0.193316763325
1.54234436343
1.04845565316
-1.61695009757
1.07072414765
-1.33444537114
3.00687285223
-0.37089871612
5.82729468599
-3.41207349081
1.87165775401
-2.77296360485
0.932944606414
-2.13980028531
0.487385321101
-2.049985959
1.53977758768
1.03716508211
-0.315910396324
-3.170189099
-1.39840965177
1.95694716243
0.0279642058166
-1.05146651909
-0.468190581107
0.387061100359
0.808249721293
0.899887514061
0.965360590574
-1.12296462661
0.678349349915
0.397275822928
-0.0283687943262
-0.704225352113
-0.280898876404
-1.63028460901
-1.44335511983
1.21278941566
-0.357044767921
1.59040178571
0.702444506884
-0.808249721293
-1.3201320132
-1.43670371374
0.135722041259
-0.834454912517
0.951086956522
1.26582278481
-0.164835164835
1.76125244618
-0.389863547758
-0.691371681416
-2.0054200542
1.09589041096
-0.463594218707
-0.945434900054
-0.830431288508
1.0557661072
-0.805585392052
0.512820512821
-0.134770889488
-0.855157669695
1.32683455185
2.04476374689
-1.68432491171
-2.25703664365
0.0797236247675
1.75770686858
1.39840965177
-0.896739130435
-1.73564753004
0.75329566855
-0.455275843599
-0.479744136461
1.70777988615
-1.17867666756
-0.506396588486
1.40540540541
-0.644468313641
1.60982264666
-0.136239782016
0.6582556226
1.08123093984
-0.331583310307
2.37623762376
0.0
-2.48275862069
-1.0374010374
-2.91545189504
-0.105904156738
-0.211360634082
-0.525624178712
-0.704592901879
0.0261028452101
1.32240148109
-1.6133229248
0.208604954368
0.235232618923
0.0
-0.416449765747
-0.928313563693
0.388299249288
-1.4792144861
-0.050981391792
-0.152710613388
-1.72586293147
-0.0250062515629
0.57847082495
-0.724094881398
-0.174476570289
0.981625975334
1.32619229788
0.693374422188
1.59144273415
-0.104248110503
-0.518537723619
-0.848329048843
-0.0513874614594
0.0
-0.256278831369
0.0256344527044
0.025641025641
0.0769822940724
1.484375
1.61418364647
0.265322366676
0.937332619175
0.349368449342
-1.06354692901
-0.132766861391
-0.37037037037
0.638977635783
-0.739957716702
-0.786575773466
0.580168776371
0.0
0.0
0.610241443354
-1.15394702334
0.236593059937
0.555114988105
-0.578186596583
-1.06604264171
-0.0779423226812
0.732792462706
0.209808549698
-0.0262191924489
0.0262260687123
-0.0524246395806
0.10495932826
-0.832682799896
-0.620636152056
-0.846153846154
0.801240630654
-0.463082068433
-0.892401835798
0.306905370844
-0.559511698881
-0.405268490375
0.0253356979985
-0.177035912999
-0.0758150113723
-0.201765447667
0.0504668180671
-0.377073906486
0.302571860817
0.608828006088
0.228832951945
1.73305742369
1.04547830633
0.499080640925
-0.418519487314
-0.752855659398
0.15600624025
0.182339150821
1.93839617631
0.533902829685
1.79347826087
-1.55163188871
-0.452729693742
0.77831454643
-0.454181138125
-0.821409644939
0.212426978226
-1.28440366972
-1.49754712109
0.414830178896
-2.35443037975
0.0506585612969
-1.644245142
-0.223713646532
-0.37147102526
-0.443786982249
-0.0985221674877
-0.0984251968504
0.943864878291
-0.666173205033
-0.0493218249075
0.745341614907
-0.739827373613
-1.48202137998
0.6603081438
-0.389768574909
0.415851272016
-1.18443316413
-0.385263664821
0.459603289792
-0.120802126117
0.266472868217
-0.265764677458
-0.144752714113
-0.718562874251
0.796716562047
-0.528338136407
1.48671703631
-0.749879051766
0.339805825243
-1.36461575293
0.312199807877
-1.88501413761
-0.281954887218
-0.884955752212
-0.116306117702
-1.73714285714
0.459242250287
-0.616157005933
0.20580836954
0.993071593533
-0.0692360950842
-1.41069397042
0.687285223368
-0.433394160584
0.137048880767
-0.432112804185
-1.05760576058
-1.090585355
-0.0444938820912
0.133660057919
1.05808194507
-0.715243629861
0.089485458613
-0.445434298441
0.514886948735
-1.19442601194
-0.132538104705
-0.854139290407
-0.501198518196
3.03098338572
0.112384805574
0.315670800451
1.32510852182
0.114364135407
-1.66441745389
-0.97995545657
-0.111234705228
-0.420912715995
-0.154833001548
1.32227700583
0.359874044085
-0.514656522712
0.494715538565
0.6564056134
-0.360847992783
-0.582959641256
0.74542579625
-0.135348522445
0.316813758769
0.158658204896
0.136177939174
0.823798627002
1.88855211005
0.633505396527
0.87573964497
-2.13110956683
0.958840037418
0.210921021795
-0.974704107682
0.748187982231
-0.395901257569
-1.73913043478
-0.228310502283
-0.79275198188
0.983531564501
-0.771674988652
-0.406871609403
-1.44798396079
-1.51382185169
2.35796092522
-0.112157918349
-0.734802939212
-0.795228628231
-0.483622774236
-0.32865907099
-0.0875656742557
0.131521262604
0.065803904365
-0.371503496503
0.416940969936
-0.523903077931
-0.109027474924
-0.907519446845
-2.07363520948
0.446333687566
1.03070646339
0.997614400347
0.720838794233
1.28318584071
1.29986553115
0.269662921348
0.952813067151
-1.43112701252
-2.31542158148
1.37289636847
0.871119052937
1.58838211936
-0.361745421659
-0.045197740113
-1.07310529846
0.201612903226
-1.10766504209
1.39263252471
0.723981900452
-0.225733634311
2.57003936096
1.36118282093
-0.0703564727955
0.187969924812
0.0470145745181
0.710227272727
1.29496402878
0.724637681159
-3.29362298528
-0.0233535730967
-0.787766450417
-1.37111517367
1.0623556582
0.744532340624
-1.33149678604
-1.02249488753
-0.249320036265
0.0453514739229
0.984657659721
-0.975056689342
-0.787401574803
0.0900698040982
0.863047921871
-0.922592259226
-0.781424425095
0.606469002695
0.701198823796
0.20398912058
0.569865511739
1.1295527893
-0.981511070532
0.550837732385
0.0689021589343
0.207134637514
-0.0689972401104
1.35198135198
-0.855095909406
-2.25886604924
0.476622787108
-0.541760722348
-0.872678451555
3.68909512761
0.232558139535
-1.35352144987
0.66974595843
1.66705799483
1.47724565166
1.10816670682
-1.47163541419
-0.963798777621
-0.93153237075
0.350549193737
0.469593801362
-0.187485352707
-0.233808744447
-1.67816091954
-0.252235725751
0.0
-2.13195691203
0.0898472596586
-0.0897666068223
-0.424581005587
0.652271704903
0.248027057497
0.0676895306859
-0.2700270027
-0.179694519317
0.42860365441
-0.157657657658
-0.224719101124
-0.93499554764
-0.443262411348
-0.616740088106
-0.699912510936
-0.867302688638
-0.49622437972
-0.386847195358
-0.406678082192
-0.827849713437
-1.21618788006
0.86717428088
-0.421229991575
-1.00083402836
0.313741895001
-1.13730355666
0.876095118899
-1.11386138614
0.957934194086
-1.49743589744
-0.408580183861
0.720164609054
-0.409836065574
-0.448796409629
-0.284784377543
-0.646725949879
1.10339190846
-0.427263479145
-0.142218610321
-0.565656565657
1.04102878138
-0.628803245436
-0.524616626312
0.262998179243
0.141815235008
-1.00280786201
-1.28687388636
-0.688163586315
0.434439178515
0.356718192628
1.85708518369
-2.69102337458
-2.56459330144
0.114964552596
-0.248470948012
1.00386100386
-2.66816986095
-0.764497482752
0.317994762439
-0.834724540901
2.88167938931
-0.247477631829
-0.284738041002
1.21037463977
-1.64399092971
-0.357748070043
0.758869284766
-0.340328984685
0.647002854424
-1.16607109272
-0.80223880597
0.751879699248
-0.281162136832
1.15661736822
1.28672940273
1.16572760832
-0.809404509539
0.972951936174
1.12160566706
2.52168650393
0.99837000815
1.23762376238
-0.369913686806
-0.36855036855
1.11801242236
-3.34200520312
-0.537420382166
-0.573916485256
0.697489039458
0.561122244489
-1.46129541864
-0.841981593891
0.709919148097
-1.62948593598
2.997002997
2.22630718954
-1.13085621971
0.814332247557
-2.61697065821
-0.434267666798
-0.666666666667
1.31108462455
-0.0397140587768
-0.533280663638
-0.744951970202
-0.56530214425
0.254055110416
0.412087912088
0.831024930748
-1.30833821519
1.58698670899
0.900720576461
-0.636435958632
-0.906582577848
1.54092455473
0.04004004004
-0.636562562164
-0.178713264496
-0.0396982929734
-0.650759219089
-0.607604860839
-0.91279860167
2.12217374058
1.89975747777
-1.05978804239
-0.477611940299
0.0796654052977
0.239568776203
0.320448628079
0.624748085449
0.608272506083
-0.664652567976
1.01729399797
0.531806095316
0.721054800165
1.73967721652
0.442105263158
-0.855771237737
1.35392426486
0.531688643131
-1.23923545474
1.42735406902
-0.0212992545261
0.837628865979
-2.63488080301
0.928661882651
2.97761356227
-1.6460025652
0.300171526587
0.647388864912
0.936615116532
-1.2050785453
-0.107480653482
-1.75290390707
-0.858458961474
-1.11801242236
-0.555898702903
-0.307881773399
0.4329004329
1.52783591461
-0.416840350146
1.50200973133
0.681576144835
-1.51038388924
1.42553191489
0.707092350546
-0.680995956587
0.42744176106
-0.467985534993
-0.191082802548
-0.401776274054
2.69272529859
-0.324675324675
-1.40845070423
-0.488426417498
0.59816278573
1.05785837651
-1.96825396825
-3.37423312883
-2.21955608878
-1.12692763938
-1.09503324208
0.629673356946
0.793335977787
-0.571879313745
0.276843978643
-1.01781170483
1.10825252325
0.0395961195803
0.0396118043177
-1.15505090055
1.95608782435
-1.00770598696
0.87701813833
-0.0597609561753
0.480384307446
-0.398724082935
0.340068013603
-0.556992241894
-0.0795070562512
-0.886524822695
-0.0393855848759
0.753968253968
0.0396982929734
0.318598168061
0.419916016797
-0.0799200799201
0.240336471059
0.624748085449
0.730816077954
-0.685483870968
0.465869961515
0.940502964629
-1.15198059822
-0.181561428283
1.06014271152
1.15487729429
0.747974236443
0.60618729097
-0.870285951098
1.47182506308
-1.87744996905
0.082593433822
0.727953410982
-1.02923013586
-0.816659861168
-0.406669377796
0.0203376042302
0.0406917599186
0.02035002035
0.285714285714
1.19785212722
-0.554528650647
-1.23732251521
1.64948453608
2.10526315789
-0.523560209424
1.53093769934
-0.106202209006
-2.46529935778
-0.535751081805
0.372285418821
1.36268343816
0.781745193323
-1.10739657334
0.482888935545
-0.125812539316
0.696790540541
-0.69196896624
0.125971026664
-0.812161599334
3.46907993967
-0.8756941478
0.278432212465
0.0214224507284
-0.277718436232
-0.213174163291
-0.635458589282
-0.337766518894
0.126823081801
1.72006020211
1.15267507612
-1.18203309693
-3.3042394015
1.79818066427
2.24962145793
-0.129617627997
-0.129449838188
-2.42105263158
-0.168137873056
0.570703868104
-1.23173277662
1.09750949768
-0.168563000421
0.657476139979
0.255156283223
0.706638115632
0.733390854185
0.716923745383
-0.108506944444
-0.496652990715
-0.835117773019
0.733390854185
-1.80046600297
0.639522489874
-0.212720697724
-0.444726810673
0.44671346522
-1.42587544559
0.569380008435
-0.315324784528
-0.376963350785
-0.146382266834
-0.623441396509
0.166527893422
-0.166251039069
-0.186683260734
0.479366402668
1.07436275542
0.849798172934
-0.423101332769
0.745950554135
-0.382165605096
-1.05042016807
-0.791996665277
0.125208681135
1.03310141261
2.48487467589
0.740095777101
-1.41630901288
-0.363480863802
0.0855981168414
-1.03769589157
0.212224108659
-0.569740451572
-0.168527491047
-1.30977130977
-0.804289544236
0.0206270627063
0.664451827243
0.647857889237
-0.333263903353
0.104253544621
-2.26207458732
-0.162767039674
1.02774922919
-1.05755541997
-0.56622851365
-0.583031765179
0.241837968561
-0.241254523522
0.0402252614642
-0.480384307446
-0.17982017982
1.54189490769
0.28484231943
-0.263798701299
-0.28328611898
-0.302602380472
0.100969305331
0.303828235771
0.672920065253
-0.284668564457
-0.26363820726
0.203210729527
-0.42492917847
-0.101071356378
0.161976108524
-0.683691936457
0.913149350649
-0.263104634689
0.406421459053
-0.22303325223
0.797057020233
-0.891229491594
-0.583971002819
-0.100583383625
-0.0804020100502
2.03035274815
-0.286298568507
-1.49073327961
-1.35135135135
-0.41559469622
-0.354959574049
-0.490580847724
1.27186009539
-0.847290640394
0.0986193293886
-0.549234994115
0.137497544687
-0.274240940255
-0.448517940718
-0.581620783249
-0.750432942082
0.4057187017
2.65767552559
1.18402568734
-0.756821350329
1.10753121224
1.07877060859
0.986639260021
-0.102669404517
0.0616396137251
-0.348075348075
-0.163532297629
-0.163265306122
0.409836065574
0.0410004100041
0.164271047228
-0.24580090127
-0.102312257008
0.472861842105
-1.03763987792
-0.203045685279
-0.364151325106
0.0404776361061
-0.822962665596
0.100462125779
-0.220529270249
0.321802091714
-0.440528634361
0.827781142742
1.28834355828
0.307692307692
-0.53050397878
1.26033057851
-0.329489291598
-0.816993464052
-0.508026823816
-0.965989132622
-1.31082423039
0.338780390594
0.540973752755
-0.319552626323
0.92723241282
-0.321478802491
0.0402010050251
-0.480096019204
1.13291523366
0.284033272469
-0.84490042245
-0.738817891374
0.805152979066
-0.380990575496
1.92111179236
-0.02043318349
1.17841637379
0.311074243053
0.626043405676
0.52443885043
-0.832119825255
-0.845709570957
-0.431300061614
0.786586628027
0.186644545832
-1.12774246463
-1.31525698098
-1.08086469175
0.260887015854
-0.140280561122
-0.696517412935
-0.277832903354
0.119213192927
-0.0198649185538
0.119331742243
-1.14038537161
0.276025236593
0.217348350128
-0.413223140496
-0.7421875
-0.582524271845
0.194552529183
0.351425224522
1.4458308576
0.597728631201
