60.63
59.69
59.00
59.69
58.88
58.81
57.75
56.38
57.00
55.94
57.00
57.50
58.06
59.88
60.31
60.06
58.75
58.00
57.94
57.56
60.75
60.06
59.75
58.75
58.56
59.81
59.00
57.69
56.94
56.00
55.13
54.06
55.81
53.56
52.50
51.13
50.06
47.50
47.81
50.00
53.13
54.13
55.38
56.19
57.00
54.81
56.38
58.44
56.63
56.38
56.13
56.06
58.06
59.00
59.13
58.38
58.75
59.75
59.50
60.56
60.50
61.88
62.50
61.75
64.94
63.88
63.50
64.50
63.63
64.00
64.25
64.25
62.81
61.06
60.38
60.88
61.25
60.50
62.19
61.63
61.06
60.38
59.25
57.50
54.94
55.38
53.56
54.06
53.88
53.75
54.63
54.13
53.38
55.88
54.25
53.88
52.88
52.69
52.31
50.88
51.38
50.13
51.94
52.50
52.81
54.63
53.63
53.25
54.19
53.75
54.63
54.00
54.00
56.13
57.50
55.75
55.13
56.50
57.50
57.31
58.25
57.00
55.50
53.88
52.63
51.63
50.63
55.75
54.50
54.06
55.00
53.50
52.94
52.00
49.25
49.75
48.63
48.38
46.25
45.88
48.50
49.25
49.13
47.38
47.50
47.00
47.50
47.88
47.63
47.00
47.19
44.88
42.25
40.38
41.38
41.00
41.56
41.75
41.19
40.06
43.50
43.06
41.19
41.44
42.25
44.00
44.13
42.75
44.25
43.50
44.00
43.19
42.88
43.50
44.38
44.25
44.88
43.13
43.63
43.19
43.81
44.00
42.31
42.63
43.56
42.88
43.63
43.44
47.38
47.50
47.38
47.75
49.50
52.13
49.63
49.88
47.50
46.06
46.00
46.50
46.25
48.00
47.50
47.50
48.00
50.50
50.50
49.38
51.00
53.06
55.44
56.50
56.25
57.63
56.88
55.31
55.44
55.25
56.44
55.88
57.13
55.75
54.19
52.75
51.50
53.13
52.38
52.88
53.06
54.06
55.00
56.31
56.88
55.63
57.25
57.75
58.75
57.50
55.69
55.50
56.19
56.75
56.00
55.31
53.50
51.13
50.00
48.50
47.63
49.50
50.56
49.75
49.63
50.75
54.81
55.38
54.38
53.25
55.25
56.19
55.75
55.38
54.38
53.94
55.75
55.44
54.19
54.38
51.19
52.00
51.88
53.03
53.65
54.70
53.10
52.00
52.95
53.80
53.25
53.40
52.49
53.35
53.75
52.35
51.87
52.00
51.00
49.10
48.05
50.10
51.25
51.35
49.30
47.55
49.30
49.90
48.55
48.40
48.70
47.40
47.70
48.00
47.00
46.65
46.90
48.00
46.50
45.60
44.50
47.10
47.75
49.20
46.50
49.00
49.75
48.65
48.25
48.00
48.90
48.90
50.50
50.75
50.25
52.08
51.50
53.00
53.75
53.05
52.45
52.91
54.25
55.95
55.50
55.85
54.90
56.69
56.65
55.35
55.85
56.95
55.60
54.15
53.50
53.55
53.90
53.55
55.00
53.95
54.75
54.65
54.20
54.00
54.25
54.25
54.00
54.00
54.80
55.35
54.95
55.70
53.80
53.31
53.30
53.40
54.35
53.95
52.80
52.90
52.50
51.75
52.05
52.85
52.75
51.10
52.90
52.90
53.40
53.50
54.47
54.85
53.90
53.10
54.50
54.50
55.85
55.46
55.70
56.30
56.25
56.80
56.50
56.00
54.25
54.45
55.00
55.90
56.05
54.00
54.50
55.50
54.45
53.50
53.50
53.55
52.85
52.75
53.40
53.40
53.80
52.65
52.96
52.25
53.55
53.20
52.44
51.85
52.40
51.15
51.15
50.15
49.85
50.20
49.75
49.70
48.40
49.25
50.40
49.65
52.40
53.90
52.00
51.35
52.45
54.45
54.35
53.98
54.20
55.55
55.69
55.75
54.65
54.46
54.49
54.25
53.70
52.85
51.90
52.40
52.85
52.20
52.30
51.65
51.25
50.30
49.85
50.19
50.70
49.40
49.30
50.00
51.05
51.49
50.80
50.45
49.75
50.20
49.95
49.50
48.89
49.75
50.85
50.50
50.00
49.65
49.25
48.90
48.60
48.01
47.90
47.50
47.10
47.65
48.20
48.05
48.70
47.75
48.30
47.86
47.20
47.40
47.30
48.70
48.05
48.46
48.80
47.35
47.05
47.05
48.20
47.90
47.75
48.64
50.35
50.70
49.91
49.10
48.55
49.31
49.70
50.10
50.10
49.40
49.45
48.91
48.20
49.15
48.10
47.60
48.45
46.76
46.30
46.35
46.90
45.35
45.01
43.25
44.50
45.35
45.53
45.20
45.30
45.54
45.55
45.71
46.00
44.50
45.75
46.85
47.02
47.25
47.20
48.60
47.90
47.55
47.90
47.95
46.35
47.00
47.46
47.87
48.40
47.45
47.55
47.80
47.85
46.90
45.60
45.55
45.65
45.70
45.52
45.25
45.41
45.10
45.40
44.70
43.60
42.70
42.50
41.55
42.05
41.90
43.30
42.60
42.45
41.25
39.50
40.35
40.55
41.45
40.80
39.16
40.25
41.70
41.25
40.35
40.25
39.80
41.01
40.50
39.45
41.50
42.15
42.70
43.79
43.00
42.05
42.99
43.10
44.20
44.15
44.55
43.30
43.80
43.00
41.55
42.25
42.15
40.50
41.60
41.80
40.70
41.85
40.00
41.20
41.45
42.00
39.78
39.60
39.25
39.95
36.89
38.30
38.80
39.65
38.24
37.15
37.58
38.95
38.65
37.30
35.55
37.60
34.25
34.15
35.90
35.30
33.15
30.30
28.50
26.10
27.85
27.94
29.95
30.00
30.85
33.15
32.00
31.30
30.35
29.95
29.95
29.71
29.65
30.25
29.50
31.25
30.45
31.90
32.00
31.80
32.49
32.30
31.61
32.40
31.10
30.25
30.38
30.25
29.36
29.50
30.00
29.25
30.00
31.40
32.50
30.60
30.25
31.50
30.54
29.75
29.43
29.05
29.10
29.00
29.43
29.10
27.25
27.52
29.75
31.00
32.95
33.00
33.00
32.00
32.00
33.16
35.19
35.35
35.11
35.50
35.15
34.90
35.50
36.10
37.15
36.25
37.00
37.60
36.70
38.50
37.20
39.59
39.06
39.65
38.95
38.11
38.30
38.10
38.39
38.15
38.30
39.32
38.62
38.00
39.05
40.00
40.01
41.00
40.10
41.58
42.10
41.36
40.25
40.10
38.30
39.60
38.30
37.85
38.50
37.75
39.20
39.80
39.17
38.80
39.55
39.99
39.40
39.60
39.45
39.05
39.00
39.15
39.91
41.19
44.07
42.35
40.75
39.65
40.24
40.50
41.16
40.25
38.75
38.51
37.22
37.00
36.20
35.40
35.25
36.00
38.00
37.17
38.33
38.80
38.69
38.30
38.12
37.19
37.41
36.75
35.55
36.40
37.35
37.40
36.32
35.50
35.65
35.02
35.40
34.98
35.28
34.59
34.81
34.50
34.25
33.41
34.07
32.80
32.58
34.15
34.88
34.70
36.20
36.05
36.47
36.55
36.80
36.05
36.27
35.90
36.31
35.45
35.34
36.85
36.22
36.15
36.40
34.99
34.49
33.80
34.60
34.30
34.71
34.20
33.08
33.70
33.25
34.20
36.01
36.32
36.37
37.34
37.00
37.00
37.45
37.91
37.35
37.40
36.85
36.43
37.09
37.55
37.95
37.88
37.00
36.21
36.07
35.72
35.53
35.95
36.58
37.47
37.42
37.20
38.15
38.55
38.95
39.56
39.98
39.15
38.93
39.55
40.04
39.79
39.45
39.85
39.90
40.40
40.39
41.10
40.41
40.85
39.84
40.00
39.72
39.00
39.56
40.21
39.85
39.65
39.13
38.48
38.58
38.78
37.90
36.95
36.00
36.06
36.00
35.24
35.85
35.21
35.10
35.40
36.25
35.42
35.70
35.00
35.01
35.85
35.46
35.97
34.76
35.24
35.57
36.40
36.10
35.75
36.61
36.23
35.65
36.05
36.10
35.02
34.78
34.75
35.20
35.40
35.06
35.80
36.25
36.80
36.40
35.43
35.15
35.90
35.25
35.40
35.23
35.60
35.65
35.42
35.00
33.15
33.10
32.50
33.17
32.45
32.52
32.56
32.85
34.25
33.70
33.30
33.15
32.60
32.16
32.25
31.55
31.80
31.65
32.21
32.28
32.76
32.16
32.27
33.02
33.24
33.20
33.00
32.81
33.00
33.70
33.15
32.61
32.45
32.40
32.16
32.35
32.44
32.25
31.93
32.70
32.90
32.45
31.89
32.05
32.40
32.65
33.10
32.67
32.67
32.75
32.50
32.13
33.34
33.40
33.00
32.60
33.10
33.25
33.65
33.84
33.95
34.20
34.44
34.15
34.13
34.00
33.92
33.91
34.42
34.94
35.10
35.50
36.25
36.45
36.80
36.95
35.85
36.90
36.75
36.95
37.00
37.00
37.18
37.00
37.49
37.50
37.77
37.25
36.90
37.20
36.75
37.78
36.80
36.55
36.62
36.90
37.37
37.60
37.65
37.61
38.50
38.80
38.11
37.63
37.25
37.11
38.11
37.96
38.34
38.30
38.56
38.95
38.99
39.05
39.12
39.30
39.05
37.90
37.45
37.55
37.70
37.22
36.95
37.20
37.10
36.40
35.85
36.10
36.15
35.92
36.15
36.50
37.25
37.60
37.42
37.15
37.70
37.60
37.50
37.92
37.20
37.08
37.40
36.75
37.48
37.30
37.45
37.35
37.92
38.00
37.70
37.66
37.85
37.95
37.80
37.67
37.66
37.29
36.70
36.15
35.98
36.15
36.10
35.90
36.05
36.40
35.98
35.80
35.95
35.25
35.20
34.74
35.18
34.58
34.89
34.90
34.96
35.10
35.16
35.35
36.00
36.26
36.25
35.93
35.45
35.77
35.99
35.60
35.38
35.50
35.55
35.85
36.08
36.23
36.50
36.30
36.04
35.85
36.08
35.53
35.60
35.55
35.06
35.10
35.15
34.84
34.40
34.80
34.20
35.23
35.70
37.50
37.88
38.92
38.87
38.65
38.90
39.04
38.77
38.40
38.45
38.38
38.94
39.30
39.19
38.97
39.16
38.80
39.13
39.35
39.73
39.70
39.02
39.05
38.84
38.79
39.03
39.15
39.70
39.99
40.35
40.10
40.52
40.28
40.45
40.74
40.50
39.76
40.43
40.40
40.10
40.10
40.35
40.14
40.12
39.81
39.70
39.65
39.75
40.25
40.67
40.93
41.23
40.75
40.92
40.70
41.50
41.09
40.80
40.77
40.80
39.93
40.10
39.79
38.76
38.68
38.76
39.42
39.50
39.40
39.85
40.70
40.66
41.00
41.15
41.18
41.45
41.40
41.60
42.09
41.95
41.90
41.50
41.45
41.20
40.93
40.90
40.89
41.18
41.25
41.62
41.60
42.00
42.07
41.98
41.35
41.10
40.95
41.17
40.90
41.17
40.75
40.21
40.21
41.05
41.38
40.81
40.80
40.75
40.75
40.94
40.78
40.80
40.68
40.12
39.60
39.80
39.45
39.04
38.00
37.50
36.92
36.84
37.26
36.17
36.80
36.50
36.85
36.00
36.25
35.97
35.80
35.87
36.20
35.98
36.07
36.95
36.85
36.50
36.10
36.25
36.31
36.52
36.30
36.05
35.68
35.29
35.40
35.55
35.50
36.33
36.40
36.25
36.43
36.64
36.70
36.45
36.03
36.14
36.28
36.25
36.10
35.50
35.35
35.21
35.06
35.00
34.63
34.90
34.77
34.47
34.95
35.48
35.60
35.28
35.68
35.88
35.51
35.51
35.29
34.76
35.25
34.84
34.62
34.32
34.00
34.04
34.09
34.30
34.38
33.95
34.45
35.10
35.20
36.05
34.97
34.75
34.53
34.50
34.56
34.36
34.40
34.50
34.50
34.25
34.45
34.56
35.03
35.06
35.27
35.40
35.23
35.63
35.35
35.43
35.50
35.36
35.15
35.12
35.15
35.33
35.07
34.82
34.80
34.91
35.02
35.19
35.23
35.00
35.04
35.20
35.00
34.65
34.52
34.40
34.79
34.95
34.55
34.58
34.53
34.26
34.28
34.15
34.36
34.28
34.83
34.90
34.58
34.53
34.34
34.48
34.27
34.35
34.38
34.16
34.32
34.51
34.20
33.98
33.80
33.98
33.67
33.32
33.16
33.70
33.10
33.01
33.05
33.00
33.01
32.91
33.04
33.15
33.15
33.25
32.81
32.62
32.22
32.25
32.29
32.65
32.77
32.54
32.79
32.56
32.42
32.67
32.55
32.50
32.53
32.46
32.73
32.51
32.55
31.91
31.85
32.40
32.07
32.05
32.30
32.62
32.59
32.05
31.84
31.41
31.25
30.67
30.25
30.00
29.69
30.00
29.87
29.39
29.41
29.45
29.43
29.90
30.34
30.30
31.32
31.25
31.95
31.80
31.39
31.65
31.01
30.97
30.55
30.52
30.97
31.15
31.54
31.18
30.94
30.94
32.20
31.90
31.80
32.19
32.10
32.07
32.25
32.30
32.20
32.06
32.03
31.78
31.80
31.46
31.18
31.08
30.62
30.61
30.54
30.62
30.45
30.44
30.60
30.63
30.70
30.51
30.43
30.16
30.11
30.20
30.57
31.28
31.60
31.39
31.80
31.80
32.05
32.28
31.92
31.34
31.55
31.50
31.05
31.18
31.00
31.76
31.85
32.25
31.91
31.68
31.80
31.35
31.71
31.61
31.73
32.62
32.74
32.98
32.91
33.62
34.34
34.55
34.83
34.52
34.00
34.06
34.00
34.14
33.91
34.20
33.83
33.70
33.73
33.51
33.50
34.00
34.38
34.10
34.19
34.50
34.66
34.35
34.23
33.70
34.91
34.72
34.97
34.91
34.60
34.88
34.58
34.25
34.59
34.50
34.00
33.80
33.77
33.48
33.00
32.70
32.75
32.60
33.20
32.67
32.61
32.50
32.50
32.74
32.99
33.37
33.05
33.10
32.65
32.83
32.94
33.13
32.91
32.71
32.22
31.81
31.61
31.68
31.50
30.81
30.55
30.80
30.92
30.95
30.75
31.31
31.31
30.94
31.48
31.96
31.76
31.73
31.88
31.98
31.52
31.66
31.42
31.60
31.86
32.10
32.50
32.09
32.86
32.87
32.70
32.84
32.72
32.58
32.80
33.25
33.63
33.35
32.80
33.14
32.89
32.98
32.84
32.30
31.81
31.71
31.57
31.68
32.25
32.37
32.00
32.44
32.76
33.43
33.58
33.77
33.80
33.52
33.31
33.74
33.82
33.45
33.88
33.85
33.94
34.16
33.91
34.39
34.20
34.33
34.30
34.37
34.50
34.60
34.63
34.59
34.95
35.20
35.36
35.43
35.54
35.30
35.25
35.53
35.40
35.59
35.74
35.79
36.05
35.73
35.98
36.15
36.61
37.00
37.34
37.51
37.89
36.78
37.00
37.20
37.23
37.42
37.41
36.78
36.00
36.69
36.62
36.83
36.99
37.05
36.79
36.82
36.93
37.38
37.80
37.83
38.00
38.27
38.74
38.78
37.36
37.25
37.12
37.00
36.96
37.07
36.63
36.80
36.21
35.50
36.07
36.25
36.05
35.95
34.82
34.95
35.33
34.76
34.75
34.05
34.85
34.89
35.13
34.81
34.98
34.58
34.91
34.98
35.50
35.61
35.77
35.88
36.00
36.60
36.55
36.68
36.63
36.68
36.51
36.84
37.02
37.37
37.63
38.02
38.03
36.95
36.81
36.96
36.71
37.25
37.41
37.05
36.60
37.57
37.11
37.36
37.63
38.07
37.50
37.42
38.04
38.44
38.77
38.20
38.02
38.05
38.08
38.04
37.99
37.70
37.57
38.10
38.53
38.41
38.55
38.21
38.50
38.44
38.44
38.35
37.01
37.00
36.95
36.29
36.54
36.31
36.10
36.70
36.45
36.42
36.21
36.07
36.65
36.45
36.67
36.66
37.51
38.08
38.03
37.69
37.52
37.63
37.60
37.40
38.06
38.11
37.50
38.01
38.00
37.81
37.39
37.78
37.49
37.81
37.35
37.28
38.15
37.90
37.67
37.85
37.55
37.81
38.25
38.33
38.78
39.76
41.16
40.55
40.83
40.65
40.98
40.83
41.30
41.75
42.55
42.61
42.50
42.50
42.92
42.94
42.63
42.55
42.58
42.95
43.82
43.53
43.11
42.91
42.77
43.02
42.50
42.95
43.37
43.17
42.80
43.55
42.91
42.57
42.99
42.60
42.40
41.64
41.68
40.85
40.92
41.15
41.38
41.66
41.81
41.54
41.68
41.75
40.35
40.89
41.56
42.34
42.66
42.16
42.08
41.60
42.45
42.50
43.24
42.46
42.23
41.84
42.01
42.50
43.07
43.15
42.71
42.93
43.05
42.26
41.60
41.81
41.65
40.96
40.25
41.99
40.79
40.91
41.99
41.95
42.15
42.46
42.50
41.80
42.13
42.31
41.97
42.57
42.10
41.63
41.52
41.28
41.84
42.10
42.57
42.50
42.72
43.46
43.63
43.61
44.25
44.00
44.33
44.44
44.55
44.46
45.25
45.25
45.24
45.32
45.07
45.01
45.43
45.63
45.81
45.49
44.68
45.20
45.15
44.62
43.80
44.37
44.54
44.61
45.36
45.80
45.94
45.89
45.84
44.84
44.35
43.82
43.67
43.14
42.08
42.80
43.07
43.76
43.43
43.24
43.50
43.03
42.74
42.14
42.63
41.37
41.79
42.22
42.98
43.08
42.92
44.05
44.50
44.41
45.31
45.54
45.00
44.63
45.07
44.09
43.33
44.10
43.88
44.10
43.61
44.63
45.10
44.42
44.50
43.90
43.27
42.99
42.78
43.36
42.00
42.24
43.14
42.76
42.50
41.89
42.37
41.13
37.20
36.80
38.16
38.73
37.30
38.47
38.62
37.75
39.25
38.70
38.24
37.01
36.54
36.83
36.40
37.09
37.75
38.73
37.95
38.19
34.73
35.88
35.50
36.00
36.42
36.66
35.98
36.84
36.33
36.01
35.95
35.85
35.00
35.05
34.92
35.27
34.20
34.99
33.34
35.25
35.40
35.91
36.60
37.06
36.78
36.38
36.05
36.06
37.18
37.79
37.66
38.26
37.37
36.96
36.75
35.94
35.35
35.84
35.50
35.48
35.81
36.38
35.90
35.86
35.80
36.40
36.51
37.86
37.98
38.31
38.41
39.50
39.49
38.90
38.47
38.49
38.25
38.02
38.08
38.21
38.93
39.00
38.75
38.83
37.97
37.29
37.42
37.03
37.45
37.78
38.41
38.40
37.92
37.52
37.05
38.71
38.26
37.72
37.37
36.89
36.95
36.54
36.35
35.72
35.90
36.16
35.46
35.85
35.48
35.49
34.34
34.27
34.97
35.72
35.67
35.94
35.17
35.47
34.74
34.53
35.28
34.54
35.02
35.50
35.52
35.52
34.97
34.79
36.07
35.06
34.07
33.79
34.25
34.07
34.44
34.13
34.17
34.49
34.03
33.81
34.79
35.25
34.78
34.10
34.84
35.03
34.61
34.35
34.10
34.84
35.42
34.50
34.30
34.86
35.22
35.65
35.69
35.51
34.03
34.72
34.85
35.34
34.34
34.72
33.88
32.97
32.67
31.74
33.59
33.30
32.06
31.32
31.51
31.43
31.75
31.43
31.79
31.40
31.66
30.59
29.95
28.04
28.01
24.18
27.35
29.98
28.40
26.61
26.75
27.61
28.51
27.35
26.11
24.32
26.10
28.27
31.39
31.60
30.68
30.12
31.67
32.22
30.91
29.84
30.94
30.12
29.60
29.03
30.47
29.87
29.00
28.83
26.54
27.40
29.00
30.25
29.82
32.49
32.14
31.19
31.43
32.73
31.87
34.00
34.01
33.87
32.53
31.74
32.94
32.75
33.29
34.23
33.69
33.42
33.56
32.88
32.96
33.35
33.37
33.18
34.12
33.70
32.68
31.82
31.86
32.50
32.22
31.80
31.14
30.16
30.56
29.98
30.25
30.73
29.77
30.34
29.70
30.00
30.84
30.27
30.27
31.26
31.65
29.95
31.32
31.97
31.30
30.35
29.78
29.73
28.79
28.45
28.49
27.62
29.02
28.00
28.48
28.85
28.26
28.06
27.51
27.77
27.56
27.96
26.97
26.65
28.00
27.44
28.29
28.69
28.49
29.58
30.80
30.43
30.20
31.04
30.72
30.44
30.38
30.22
30.54
29.86
31.71
32.55
32.61
32.33
31.90
32.08
31.78
31.41
31.20
31.80
31.97
31.65
30.82
31.03
31.07
31.13
30.85
30.81
31.05
30.74
30.36
30.82
31.01
30.61
30.61
30.10
29.90
30.00
30.49
29.82
30.07
29.76
29.79
29.82
29.57
29.19
28.68
29.65
29.12
29.38
29.53
29.30
29.51
29.68
29.81
29.15
29.40
29.51
29.49
29.69
29.84
29.86
29.58
30.01
30.42
29.53
30.10
30.81
30.72
31.00
31.00
31.44
30.83
30.47
30.03
30.39
29.40
28.82
28.48
28.62
29.02
29.11
29.34
29.58
29.69
29.98
30.37
30.42
31.34
31.30
30.88
31.26
32.16
32.24
32.37
32.06
31.89
31.35
31.24
31.03
30.85
30.71
31.27
31.04
30.74
30.31
30.16
30.45
31.06
31.36
31.48
31.21
31.62
31.17
30.90
30.87
30.29
30.15
30.19
30.83
30.99
30.86
31.36
31.00
31.18
30.50
30.41
29.77
29.64
29.61
29.64
30.09
29.99
30.09
30.26
30.27
30.29
29.98
30.08
30.15
29.77
29.55
29.25
29.21
29.01
29.26
28.97
29.02
29.03
29.04
28.82
29.17
29.08
28.99
28.99
29.31
30.10
29.98
29.84
29.33
29.20
29.22
29.26
29.82
30.14
30.45
30.38
30.23
30.21
30.28
30.66
30.47
30.38
30.75
31.44
31.96
31.51
31.83
31.78
32.29
32.83
32.95
32.78
33.41
33.50
33.20
33.73
33.99
33.64
33.06
32.79
32.94
33.02
33.12
33.43
33.23
33.44
33.49
33.37
33.45
33.40
33.37
32.64
32.10
31.66
31.97
31.78
31.95
31.82
31.20
30.74
31.23
30.79
30.57
30.80
30.40
29.99
29.83
29.45
29.82
29.56
29.74
28.98
28.63
28.79
28.70
28.79
28.86
28.92
29.21
29.26
29.14
29.02
29.06
28.92
28.77
28.77
28.93
28.97
29.05
29.32
29.22
29.29
29.30
29.61
29.99
29.74
29.93
29.70
29.95
29.95
30.17
30.41
30.28
30.70
30.90
30.67
30.36
30.58
31.11
31.21
31.25
31.71
31.36
30.78
30.15
30.19
30.05
30.00
30.05
29.84
29.49
29.50
29.79
29.79
29.12
29.07
28.98
28.89
28.85
29.22
29.20
29.16
29.14
28.64
28.61
27.98
28.93
28.46
28.55
28.69
28.59
28.48
28.70
28.31
28.28
27.37
27.77
27.09
27.51
27.22
27.60
27.30
27.25
27.67
27.38
27.27
27.12
27.69
28.07
28.16
28.76
28.84
29.06
29.21
29.15
29.40
29.11
29.20
29.26
29.11
28.73
28.56
28.76
28.01
27.17
27.15
26.12
26.72
26.81
26.65
26.85
26.93
26.87
26.78
26.78
26.63
26.80
26.72
27.82
28.03
28.32
28.57
29.04
28.61
29.54
29.64
29.70
29.26
29.40
29.69
29.73
29.58
29.38
30.16
29.94
30.10
30.16
30.10
29.43
29.53
29.19
29.34
29.70
29.62
29.78
29.44
29.70
30.26
30.25
30.20
30.27
30.65
30.85
30.99
30.80
30.90
31.21
31.59
31.84
32.12
32.31
32.25
32.47
32.61
33.03
32.67
32.75
32.78
32.91
33.20
33.14
33.57
33.09
32.90
32.45
32.40
32.36
32.68
32.52
32.57
32.34
32.86
32.45
32.30
32.41
32.44
32.70
32.37
32.77
32.63
32.90
33.21
33.59
33.31
33.28
32.97
32.73
32.33
32.62
32.66
32.25
32.63
32.65
32.63
32.32
32.49
32.18
32.18
31.71
32.44
32.32
32.53
32.95
33.28
33.08
33.18
33.67
34.27
34.14
34.60
34.70
34.77
34.91
34.79
34.97
35.23
35.46
35.47
35.74
35.56
35.62
36.06
36.62
37.07
37.23
36.04
36.55
36.03
35.69
35.39
35.69
35.38
34.50
34.46
34.81
34.88
35.13
36.32
36.40
36.38
35.64
36.28
36.38
36.01
36.43
36.30
36.09
36.34
36.72
36.42
36.31
35.79
36.36
36.02
36.37
36.24
35.80
35.73
35.57
36.06
36.81
36.11
36.71
36.31
36.13
36.11
36.28
36.37
36.13
35.74
34.38
34.86
34.73
35.61
36.66
36.55
36.71
37.11
37.24
37.44
37.66
38.49
38.53
38.58
38.53
38.63
37.93
37.88
37.90
37.75
37.54
37.59
37.79
37.77
37.60
37.27
37.62
37.07
37.07
37.16
37.65
38.15
37.98
38.33
37.62
37.70
37.57
37.46
37.28
37.28
37.59
37.10
37.51
37.26
36.90
37.17
37.19
37.25
36.75
36.91
36.72
36.28
36.74
36.91
36.46
36.29
35.85
35.57
35.37
35.52
36.02
35.48
35.23
35.81
35.45
35.11
35.45
35.35
35.83
35.89
35.70
36.08
36.08
36.47
36.73
36.88
37.06
37.74
37.39
37.70
37.17
37.11
37.05
37.16
36.94
36.83
36.68
36.81
37.10
37.52
37.01
36.46
36.17
36.19
36.23
35.31
36.35
35.84
35.48
35.47
35.14
33.98
33.32
34.09
33.96
34.83
34.60
34.86
34.96
35.05
34.76
35.40
34.99
35.95
36.45
35.65
36.05
36.24
36.58
36.05
35.69
34.98
35.53
35.43
35.12
34.78
35.22
35.34
35.85
36.42
36.41
36.47
36.45
35.11
35.45
36.11
36.73
36.88
37.22
36.93
36.73
36.14
35.88
35.73
35.78
36.50
36.70
36.64
36.73
37.29
37.28
37.06
37.22
36.87
37.16
37.46
36.95
36.64
37.30
37.58
37.46
36.92
37.00
37.13
37.27
37.21
37.50
37.10
37.27
37.56
37.33
37.01
37.03
36.70
36.73
36.18
36.17
36.04
35.34
36.29
36.46
37.26
37.68
37.90
38.07
38.13
38.34
38.15
38.09
38.24
38.46
38.26
38.49
38.61
38.79
39.11
39.32
39.33
39.42
39.88
39.97
39.97
39.85
40.28
39.78
39.18
38.54
38.45
38.59
38.54
38.99
38.81
39.20
38.93
38.99
39.02
38.90
38.00
37.83
37.80
37.54
37.11
37.83
38.16
37.94
37.86
37.82
38.29
37.88
37.97
37.70
37.78
38.03
38.10
37.77
38.29
38.61
38.50
38.08
38.16
38.07
38.09
38.15
38.12
38.48
38.65
38.67
38.74
39.18
39.31
39.11
39.33
39.42
39.50
39.62
39.46
39.51
39.69
39.54
39.66
39.50
39.27
38.41
38.11
38.32
38.29
38.45
38.42
37.91
37.36
37.41
37.04
37.41
37.45
37.33
37.65
37.53
38.12
38.24
38.45
38.69
39.44
39.47
40.15
40.09
40.44
40.50
40.31
40.53
40.06
40.46
40.28
40.56
40.82
40.92
40.78
41.12
40.81
41.61
41.69
41.32
41.31
41.31
41.46
41.65
41.48
41.43
41.52
41.00
41.26
41.28
41.80
41.69
42.61
42.67
42.83
43.13
43.90
43.52
43.99
43.61
43.34
43.61
43.61
43.74
43.93
43.84
44.42
44.29
44.98
44.95
44.26
44.45
44.90
44.74
44.65
44.73
45.12
45.40
45.44
45.05
44.15
44.21
44.37
43.88
44.24
44.66
44.71
44.90
45.43
45.07
45.13
44.65
44.80
44.33
44.18
44.13
44.44
44.34
44.15
44.11
44.19
43.93
43.71
42.78
42.54
42.21
43.10
42.69
42.72
42.95
42.99
42.91
43.63
44.08
44.10
43.79
44.18
44.29
44.85
45.23
44.44
44.68
45.00
45.00
45.72
45.80
45.88
45.62
45.80
45.63
45.64
45.97
45.98
46.41
46.93
47.01
46.56
46.07
45.95
45.27
44.48
44.56
44.15
44.94
45.97
45.02
44.40
44.06
44.58
44.17
44.97
44.91
44.98
44.45
44.28
43.86
43.21
42.28
42.65
42.47
42.56
42.19
41.66
41.83
42.70
42.96
43.30
43.43
43.16
42.79
43.73
44.16
44.47
43.85
43.66
44.18
44.40
44.44
44.09
44.59
44.84
44.42
44.25
44.12
43.90
43.40
43.55
43.26
43.54
43.39
43.24
42.53
44.49
44.36
44.04
44.25
44.03
42.84
43.22
43.73
42.92
42.46
41.91
41.66
42.20
43.00
43.04
42.84
42.71
42.77
42.82
43.38
43.50
44.20
44.25
44.71
44.29
44.64
44.51
44.30
44.37
44.54
44.55
44.39
44.26
44.35
44.73
45.23
45.50
45.92
46.13
46.35
46.22
46.70
47.40
47.80
47.40
47.72
47.86
47.71
48.37
48.17
48.19
47.96
48.90
49.06
48.33
48.93
49.19
49.38
49.31
48.99
49.06
49.53
49.43
49.00
49.05
48.99
49.52
49.47
49.81
50.49
50.66
50.80
50.21
51.05
51.31
52.20
52.35
52.00
52.48
53.25
53.65
53.51
53.77
52.49
52.92
52.57
52.22
52.83
53.02
52.79
52.83
52.50
53.15
53.54
53.47
53.29
52.68
51.90
51.07
51.59
51.77
50.27
49.48
48.90
48.43
48.66
48.91
48.30
50.17
50.87
50.22
50.47
49.89
50.59
51.45
50.83
51.31
49.69
49.43
49.05
49.43
50.80
50.96
50.93
50.29
50.36
50.56
51.30
51.10
51.50
50.94
51.00
51.25
50.20
49.75
50.62
50.00
50.05
49.84
50.33
50.16
50.29
50.74
51.03
51.94
50.27
50.05
49.83
50.11
50.19
49.93
50.06
49.70
49.28
49.64
49.10
48.66
48.29
47.55
47.54
47.79
47.45
47.02
47.53
46.58
46.88
48.62
47.83
45.52
45.71
47.11
47.01
46.35
45.96
46.49
46.60
47.80
48.31
48.47
48.51
48.62
48.59
47.71
47.69
47.30
47.05
47.42
46.57
46.62
46.84
46.68
47.05
46.88
46.72
46.21
46.65
46.81
46.79
46.80
46.60
48.57
49.36
50.01
50.56
51.03
51.04
50.33
50.69
50.62
51.39
50.49
50.79
50.92
50.81
50.38
50.55
50.06
50.12
50.01
49.88
50.09
50.16
50.35
50.83
50.79
50.60
50.30
50.29
50.08
50.14
50.04
49.66
49.27
49.32
49.18
49.25
49.07
49.49
49.00
48.49
48.11
48.34
48.07
47.83
48.18
48.51
48.38
48.61
49.02
49.29
49.05
49.00
49.08
49.33
48.77
49.12
48.69
48.43
47.84
47.65
47.04
47.35
48.26
48.66
48.84
47.44
47.06
47.61
47.71
47.67
47.00
47.77
47.10
48.02
46.29
46.73
46.62
46.89
46.81
47.04
47.44
47.24
47.14
46.47
45.74
46.81
47.55
47.02
46.42
46.09
46.34
47.45
47.30
47.54
47.82
47.46
47.41
46.79
46.73
46.57
46.35
45.84
46.22
46.32
46.63
46.41
47.30
46.81
47.02
47.40
46.98
47.63
47.66
47.54
47.66
47.94
48.26
47.70
47.67
48.17
47.71
47.35
47.26
47.26
47.03
46.87
47.77
47.99
47.30
47.40
46.08
46.22
46.67
46.70
46.63
46.96
47.14
47.36
47.52
48.07
48.36
48.59
48.32
48.00
47.85
48.71
49.13
49.36
48.90
49.30
49.47
49.97
49.49
49.80
49.55
50.02
49.75
49.32
49.21
49.45
49.23
49.45
49.35
49.27
48.93
49.23
49.19
49.01
49.42
49.75
49.36
49.74
49.14
49.41
49.17
49.27
48.88
49.52
49.90
49.61
49.01
48.99
48.59
49.85
50.44
50.57
50.89
50.79
50.62
50.82
50.98
50.98
50.96
51.07
51.26
53.19
51.94
51.26
50.52
50.04
50.15
49.40
49.16
48.73
48.89
48.80
49.00
49.02
48.90
49.05
49.03
48.82
48.86
48.83
48.68
49.21
49.29
49.38
49.43
49.82
49.94
49.93
49.73
49.87
49.42
49.03
48.65
49.00
48.49
48.54
49.05
49.48
50.04
50.11
50.09
49.98
50.10
49.57
49.62
49.67
49.73
49.70
49.70
49.95
49.99
49.15
49.78
49.00
49.05
48.48
47.74
47.41
47.80
48.06
48.09
48.69
48.58
48.22
48.78
49.70
50.05
49.63
50.42
50.49
50.41
50.69
50.37
50.33
50.72
50.94
50.35
50.66
51.26
51.41
51.42
51.00
50.41
