49.00
47.75
45.25
45.00
44.75
45.00
44.94
43.56
42.94
42.00
43.06
41.00
41.56
43.38
43.50
41.12
40.50
40.31
40.44
43.50
43.00
43.12
43.19
42.38
42.31
43.00
42.81
42.44
42.06
41.50
41.00
40.69
40.00
38.25
37.31
36.50
35.88
36.69
37.50
38.12
42.00
46.00
46.00
44.56
44.50
42.06
41.62
42.50
44.00
43.75
43.00
45.50
46.81
45.75
45.38
44.94
44.00
43.69
43.62
43.38
43.88
43.38
43.00
44.88
47.19
47.12
47.31
47.19
46.44
48.25
49.00
47.31
46.62
43.56
41.94
42.62
42.38
42.44
45.44
45.19
44.25
44.31
45.12
44.50
42.69
42.00
43.19
42.94
43.50
46.00
45.94
45.00
46.75
46.94
45.44
45.56
43.69
43.62
42.44
43.31
43.19
43.06
44.25
44.31
44.88
45.44
45.31
46.38
46.75
47.31
48.12
47.69
48.06
50.31
49.94
48.88
48.69
47.94
48.81
49.12
49.12
49.31
49.00
46.88
46.25
46.00
46.62
46.81
45.69
45.44
45.81
45.12
45.25
45.88
45.88
44.88
44.06
44.44
45.56
44.00
43.69
44.31
44.12
43.69
43.19
43.44
44.00
44.75
44.50
44.12
44.56
43.88
42.88
42.50
43.50
42.62
42.69
42.62
40.88
39.94
40.25
40.38
40.62
41.12
41.19
42.62
43.06
42.31
42.94
43.12
43.31
44.00
43.12
45.44
46.00
45.88
45.88
45.19
44.88
45.00
45.94
46.00
46.81
47.94
49.00
49.25
48.69
49.88
50.19
50.12
51.12
52.88
53.81
53.81
53.88
53.00
50.94
50.56
50.44
51.31
52.62
53.88
53.62
51.88
54.19
54.50
54.88
55.00
56.62
58.44
59.00
58.12
56.75
57.25
57.25
57.19
57.62
58.50
58.25
58.50
58.06
57.45
58.88
56.50
57.25
57.75
58.50
58.25
56.94
56.56
55.75
55.94
54.69
54.00
53.75
54.44
55.00
54.25
51.94
52.75
53.69
54.88
55.00
54.38
48.00
46.25
44.94
45.88
46.88
47.75
48.19
48.19
50.44
53.06
52.75
52.06
50.69
52.25
52.50
52.44
52.44
50.88
51.00
51.19
50.31
49.75
49.69
48.50
48.19
47.44
48.35
48.15
48.40
50.75
51.24
49.70
49.80
49.95
48.68
48.12
48.32
48.52
48.50
48.30
48.25
49.02
48.57
48.93
50.00
50.30
50.79
50.85
48.25
46.58
46.10
46.80
45.69
45.71
46.19
46.70
45.10
43.95
43.05
42.61
43.80
43.13
40.84
40.80
41.86
42.20
44.30
43.50
44.19
44.63
45.05
44.36
44.02
44.74
44.40
43.68
43.87
42.40
41.48
42.19
43.35
43.59
41.85
41.54
40.05
40.17
41.11
41.55
42.08
42.13
42.73
42.73
41.90
42.22
42.99
43.50
42.50
42.78
42.93
42.80
43.35
45.00
45.68
44.59
44.79
44.35
43.55
43.37
43.73
43.18
43.18
43.05
42.75
42.55
42.61
42.31
42.06
41.70
42.18
42.28
42.18
42.00
41.36
40.70
40.63
40.99
39.81
39.83
39.25
40.00
40.02
40.34
40.90
40.79
40.79
41.60
41.32
40.64
40.65
42.54
42.15
42.00
43.27
44.30
44.30
44.49
43.70
43.05
41.95
43.49
43.87
44.44
44.32
45.25
45.50
45.20
44.29
43.77
44.00
43.81
43.50
44.65
44.67
44.50
44.25
43.82
43.50
43.78
43.98
42.95
43.05
42.64
42.54
41.75
41.65
41.94
41.26
43.00
42.30
42.00
41.46
43.60
44.45
45.80
46.20
46.25
45.89
45.70
47.50
47.35
47.45
47.33
46.98
47.00
47.00
46.25
45.74
46.22
46.78
46.99
47.25
46.03
44.30
44.40
43.70
43.55
43.92
42.45
40.45
39.98
39.20
39.60
39.86
39.60
38.45
39.29
39.45
39.05
38.60
38.30
38.37
38.75
38.50
38.21
37.65
39.00
39.75
40.04
40.10
39.12
39.47
39.40
39.00
38.14
37.85
37.75
38.45
38.43
38.55
38.49
38.27
37.91
38.50
38.50
38.70
39.15
40.06
40.28
39.62
39.87
40.29
39.28
39.63
39.70
40.06
39.55
39.95
40.35
40.99
40.40
39.85
39.85
38.82
38.76
38.30
38.27
37.79
37.18
36.99
36.60
36.50
37.30
36.59
36.05
37.25
36.58
37.45
37.55
37.21
36.85
36.00
35.84
35.82
35.80
36.26
36.79
37.14
37.65
37.20
37.24
37.13
37.05
38.00
38.22
38.20
38.68
39.00
39.56
39.20
39.25
39.45
39.10
38.80
38.90
39.00
39.12
39.20
39.19
39.27
39.40
39.15
38.72
38.31
38.60
38.31
38.24
37.69
37.25
37.95
38.40
38.18
37.00
36.33
35.70
35.50
34.25
34.52
34.75
35.10
34.30
33.58
31.99
32.48
32.40
32.25
32.14
31.35
31.45
32.65
32.85
32.17
31.58
31.05
32.00
32.20
31.24
32.15
33.23
33.87
34.94
34.65
34.57
35.20
35.20
36.36
36.25
35.50
35.57
34.92
34.80
34.67
33.85
34.05
33.70
33.45
33.95
33.40
33.00
33.24
32.24
33.40
33.18
32.92
31.52
31.35
31.35
30.95
29.87
30.15
30.75
31.63
30.71
30.85
31.96
31.85
31.90
30.95
31.15
30.69
29.95
30.24
30.41
29.32
27.84
25.65
23.87
25.06
26.51
26.42
26.85
26.48
28.20
27.92
28.20
27.85
27.22
26.50
26.90
27.25
27.10
27.70
28.20
28.75
29.70
29.99
29.72
28.22
28.40
26.97
26.99
27.14
26.47
26.30
24.95
24.40
24.50
24.45
24.27
24.86
24.90
26.19
26.18
25.10
25.00
25.17
24.63
24.34
23.45
22.90
23.00
23.20
22.99
21.00
20.69
20.99
20.61
22.00
21.95
21.70
21.79
20.98
21.43
22.90
22.47
23.77
24.40
24.80
25.48
26.05
27.15
26.01
26.55
25.50
26.50
26.35
26.05
26.90
27.50
28.51
28.90
28.20
28.20
27.80
27.21
26.43
25.02
25.05
25.23
26.04
25.70
26.85
27.93
28.18
28.45
28.42
28.75
28.74
29.10
27.95
26.99
26.70
26.94
26.18
25.75
25.85
25.78
26.50
27.25
27.99
27.99
27.92
28.70
28.35
28.05
28.75
28.10
27.80
27.50
28.98
29.00
31.65
30.86
29.66
29.42
29.08
29.46
29.61
29.99
28.90
28.06
27.65
27.48
26.94
25.79
25.38
24.80
24.52
24.53
24.63
25.62
26.00
26.30
25.60
25.70
25.00
24.35
23.71
23.23
23.35
23.85
23.45
22.96
21.17
20.97
21.43
21.45
21.25
21.34
21.34
20.98
20.85
20.88
20.56
20.25
19.85
19.50
20.54
21.23
21.80
21.99
21.86
21.85
23.08
21.60
21.37
21.50
21.28
20.76
20.43
21.70
22.50
22.46
22.27
22.80
21.95
21.95
21.30
21.31
21.19
21.25
21.30
20.71
20.73
20.02
21.98
22.90
22.57
23.14
23.27
23.70
23.50
24.24
24.19
23.93
23.45
23.35
23.67
25.00
24.88
24.88
24.97
25.08
24.70
24.63
24.22
24.30
25.20
25.52
25.60
25.93
25.86
26.55
26.19
26.24
26.64
27.16
27.35
25.99
25.89
26.10
25.75
25.97
25.80
26.07
25.82
26.18
26.30
26.70
26.61
26.08
25.89
25.82
26.09
26.63
26.81
26.88
26.28
26.30
25.58
25.49
25.74
25.77
24.65
23.97
24.18
24.24
23.95
24.36
24.27
23.69
24.06
24.20
24.00
24.00
23.64
24.00
23.87
23.69
23.53
23.52
23.60
23.64
23.71
23.22
23.23
23.58
23.73
23.99
24.31
23.81
23.17
23.14
23.90
22.85
22.79
22.62
23.20
23.34
23.22
23.28
23.27
23.48
23.62
23.52
23.49
23.43
23.52
24.06
24.04
23.82
23.93
22.73
22.29
22.21
22.08
22.25
22.60
22.58
22.97
22.79
22.95
22.51
22.34
22.15
22.14
21.70
21.69
22.15
22.20
22.40
22.12
22.31
22.48
22.97
23.82
23.64
23.76
23.86
24.00
24.25
24.18
23.80
23.41
23.21
23.65
23.61
23.64
23.55
23.76
23.86
23.61
23.28
23.09
23.23
23.48
23.48
23.50
23.39
23.31
23.26
23.29
24.07
24.55
24.35
24.19
24.67
25.01
24.85
24.98
25.34
25.10
25.34
25.59
25.45
25.63
25.37
25.24
25.95
26.10
26.15
26.44
27.07
27.20
27.12
27.73
27.49
26.89
27.01
26.70
26.99
26.88
27.09
26.96
26.70
26.60
26.84
26.73
25.95
25.70
25.74
26.76
26.54
26.00
25.88
26.24
25.95
26.10
26.09
25.86
25.75
24.89
24.52
24.54
24.25
24.04
24.23
24.48
24.26
24.10
24.35
25.50
25.75
25.30
25.29
25.50
25.20
25.10
24.48
24.36
24.41
24.44
24.60
24.92
24.80
24.50
24.25
24.03
24.23
24.02
24.34
24.42
24.79
24.82
25.04
25.35
25.05
25.05
24.78
24.70
24.71
24.34
24.63
24.50
24.50
25.15
24.98
25.53
25.57
25.68
25.63
25.53
25.66
25.54
25.25
25.59
25.48
25.47
25.30
24.79
24.52
24.55
24.94
24.66
24.49
24.79
24.76
24.38
24.52
24.40
24.19
24.08
23.90
23.92
23.87
24.28
24.10
24.18
24.31
24.40
25.17
25.01
24.76
24.74
24.54
24.55
24.82
24.51
24.42
24.30
24.28
24.19
24.50
24.46
24.55
24.46
24.17
24.28
23.93
23.92
23.62
23.82
23.66
23.75
23.54
23.24
23.33
23.45
23.80
23.76
24.55
24.88
25.79
25.50
25.57
25.45
25.60
26.01
25.73
25.64
25.34
25.10
25.28
25.36
25.39
25.32
25.56
25.65
25.58
25.79
25.82
25.90
25.78
25.83
25.90
25.89
25.93
25.87
25.99
26.25
26.55
26.74
26.83
26.70
26.60
26.84
26.88
26.74
26.64
26.73
26.50
26.52
26.43
26.40
26.10
26.04
26.14
26.01
26.11
26.40
27.00
27.29
27.26
27.15
27.04
26.99
27.05
27.11
26.84
26.97
26.93
26.88
26.74
26.50
25.68
25.10
24.95
25.18
25.48
25.57
25.82
25.95
25.93
26.22
26.38
26.44
26.38
26.32
26.23
26.70
26.54
26.52
26.55
26.27
26.17
26.13
25.65
25.37
25.51
25.57
25.32
25.89
26.56
26.15
25.75
25.75
25.55
25.25
25.68
25.89
25.99
26.00
25.78
25.91
26.04
26.03
26.15
26.07
26.10
26.17
25.99
25.99
25.89
25.98
25.78
25.79
25.37
25.38
25.10
24.92
24.85
24.81
24.53
24.94
25.35
24.89
24.74
25.01
24.65
24.89
24.26
23.69
23.99
24.07
24.46
24.80
24.66
24.62
24.70
24.69
24.39
24.41
24.70
24.74
24.66
24.53
24.30
24.50
24.24
24.25
24.25
24.22
24.40
24.48
24.50
24.62
24.59
24.53
24.23
24.30
24.27
24.15
24.19
23.76
23.52
23.50
23.39
23.35
23.69
23.48
23.88
23.74
23.73
23.80
23.92
23.99
24.33
24.19
24.15
24.05
23.86
23.98
23.97
24.07
23.65
23.39
23.33
23.28
23.29
23.28
23.60
23.37
23.60
23.68
23.86
24.03
23.98
23.92
23.81
23.80
23.69
23.59
23.42
23.50
23.42
23.38
23.49
23.73
23.79
23.76
23.77
23.68
23.64
23.75
23.73
23.66
23.40
23.44
23.42
23.38
23.60
23.59
23.59
23.67
23.91
23.99
24.02
24.11
24.19
24.09
24.07
24.10
23.85
23.78
23.70
23.74
24.07
23.95
24.13
24.28
23.88
23.52
23.68
23.82
23.91
23.96
24.12
24.17
24.05
24.04
23.85
23.98
23.95
24.06
24.16
24.31
24.78
24.72
24.63
24.88
24.97
24.92
24.75
24.64
24.68
24.93
24.78
24.77
24.52
24.53
24.49
24.15
24.15
24.25
24.30
24.23
24.07
23.91
23.89
23.83
24.08
24.16
24.11
24.24
24.20
24.13
24.12
24.02
23.89
23.92
24.04
24.36
24.18
24.24
24.16
24.04
24.00
23.93
23.85
24.03
23.90
24.10
24.14
24.08
23.69
23.57
23.21
23.78
22.77
22.54
22.37
22.36
22.25
22.26
22.59
23.14
23.25
23.60
23.78
23.83
23.75
23.96
24.00
23.86
23.97
24.05
23.74
23.68
23.69
23.74
23.97
24.00
24.10
24.09
24.05
24.25
24.58
24.47
24.86
24.83
24.99
25.37
25.50
25.35
25.52
25.34
25.46
25.60
25.25
25.16
25.04
24.97
25.15
25.03
24.90
25.26
24.96
24.75
24.74
24.69
24.77
24.81
24.75
24.85
24.55
24.87
25.06
25.10
25.03
25.12
24.98
25.09
25.20
25.08
24.89
24.87
24.98
24.87
24.75
25.00
25.23
25.66
26.00
26.16
26.21
26.61
26.76
26.93
27.12
27.21
27.14
27.39
27.62
27.82
28.82
28.39
28.65
28.55
28.47
28.37
28.22
28.07
27.98
27.77
28.18
28.39
28.20
27.70
27.02
26.82
27.14
27.25
27.39
27.41
27.35
27.35
27.25
27.16
26.86
26.95
27.01
27.40
27.42
27.40
27.41
27.37
27.29
27.24
27.25
27.19
26.96
26.53
26.19
26.12
26.00
25.68
25.72
26.02
26.08
25.78
25.65
25.56
26.04
26.35
26.46
26.45
26.46
26.34
26.23
26.20
26.15
26.25
26.34
26.38
26.31
26.14
25.84
25.89
25.68
25.19
25.45
25.64
25.56
25.53
25.71
26.28
26.45
26.07
26.95
26.96
26.97
27.08
26.91
26.96
26.85
27.09
27.13
27.19
27.75
27.90
28.03
28.01
27.60
27.44
27.61
27.53
27.49
27.44
27.79
27.96
28.10
28.15
27.70
27.74
27.97
27.48
27.59
27.26
26.79
26.80
27.08
27.58
27.76
27.62
27.97
29.77
29.70
30.09
30.40
30.07
30.21
30.59
30.94
31.08
31.14
30.89
31.16
30.24
30.52
30.65
30.50
30.40
30.48
30.88
30.69
30.83
30.71
30.67
30.72
31.03
31.30
31.41
31.37
31.82
31.78
31.81
31.60
31.58
31.78
32.14
32.06
32.34
32.35
31.94
31.59
32.17
32.62
33.03
33.76
33.64
33.58
32.59
32.57
32.93
32.73
32.93
32.55
32.13
32.41
32.81
33.16
33.61
33.67
33.47
33.06
33.40
33.97
34.76
34.85
35.00
34.79
34.70
34.45
34.40
34.31
34.50
34.12
34.10
34.43
34.50
34.56
34.34
33.70
33.48
33.30
33.02
32.73
33.29
33.64
33.25
32.81
32.94
33.15
33.01
33.97
34.20
34.10
34.55
34.68
34.81
35.00
35.01
35.33
35.66
35.89
35.79
36.00
35.95
35.45
35.45
35.65
35.45
35.15
35.50
35.66
36.21
35.78
35.24
34.54
34.01
34.41
35.00
34.52
34.91
34.95
34.66
35.81
35.35
35.53
35.74
36.95
37.70
36.79
36.94
37.19
37.88
37.81
38.18
38.10
37.96
37.61
37.50
37.72
37.15
37.37
37.56
37.37
37.49
37.75
37.50
37.40
37.17
37.57
37.72
36.89
36.98
36.99
36.79
36.18
36.03
36.71
36.89
37.44
37.48
37.33
37.20
37.31
37.80
38.04
39.08
39.44
39.33
39.35
39.86
39.51
39.32
39.54
39.79
39.90
39.76
39.35
39.66
39.51
39.44
38.94
39.00
39.40
39.25
39.21
39.46
39.90
40.14
39.96
39.60
39.46
39.12
39.49
39.17
39.21
38.98
39.65
39.92
39.36
39.75
39.60
39.70
40.11
40.69
41.22
41.49
41.50
41.30
40.71
40.70
40.80
40.97
40.97
41.00
41.36
41.45
41.00
40.86
40.73
40.50
40.29
40.47
40.11
40.01
40.93
40.92
40.58
40.40
40.59
39.91
39.74
39.87
39.86
40.08
41.50
41.54
41.93
41.84
41.45
40.98
40.90
40.40
39.85
40.54
40.88
40.58
40.18
39.98
39.99
39.70
40.21
40.32
41.60
41.16
40.29
40.00
40.10
40.32
40.88
40.84
40.38
40.75
40.68
40.20
39.29
39.60
39.47
38.59
38.24
39.12
39.83
39.30
39.88
40.21
40.44
40.39
39.92
40.24
40.20
40.29
40.41
40.10
40.09
39.49
39.36
39.84
40.13
40.90
40.72
40.55
40.84
41.93
42.43
42.75
42.88
42.63
42.95
42.97
42.80
42.50
42.45
42.30
42.15
42.24
42.20
42.16
42.19
42.57
42.35
42.70
42.72
42.57
42.35
41.90
41.49
42.15
41.90
41.77
41.51
41.98
41.75
41.79
41.86
40.83
40.39
40.15
39.71
39.61
39.91
39.40
39.97
40.10
40.04
40.54
39.49
38.41
38.10
37.91
37.94
37.04
37.66
38.25
38.76
38.75
38.68
38.50
38.86
39.18
38.50
40.69
42.00
41.87
41.84
41.14
41.14
40.76
40.42
41.67
41.70
42.48
42.50
42.79
42.39
41.92
41.73
41.77
41.94
41.85
39.25
39.67
39.07
38.78
38.10
38.85
38.27
37.80
36.05
37.02
37.24
36.25
36.46
37.95
38.15
38.49
38.70
38.50
38.02
37.12
37.13
37.00
37.00
37.80
38.82
38.82
37.98
38.24
35.04
35.12
35.05
35.55
35.69
35.81
36.56
35.68
35.31
35.00
35.64
35.59
35.51
35.25
36.22
36.20
35.90
35.81
36.23
37.07
37.31
37.00
38.26
38.28
38.15
38.20
38.39
38.74
39.57
39.61
39.26
38.99
39.24
38.99
38.96
38.59
38.15
37.79
37.73
37.89
38.00
38.10
37.88
38.04
38.98
39.02
38.99
38.95
38.79
39.38
40.01
40.23
40.10
39.78
39.47
39.31
38.86
39.26
39.62
40.24
39.98
40.22
40.70
40.42
39.54
39.43
39.36
39.19
39.54
40.54
40.25
39.91
39.49
38.74
39.66
39.33
38.76
37.61
37.19
36.75
36.80
36.34
36.31
35.61
35.52
35.59
34.70
34.65
35.25
34.78
33.51
33.84
33.59
33.51
32.99
33.20
33.03
33.25
32.97
32.95
32.98
32.50
32.45
32.14
32.12
32.45
31.85
33.56
32.82
32.08
31.50
31.10
31.09
31.68
31.67
30.55
31.15
31.39
30.96
31.16
31.88
31.95
31.61
31.48
31.92
32.18
31.32
31.01
30.86
31.47
31.07
30.71
31.38
32.40
32.81
33.15
32.68
32.60
31.74
32.68
33.10
32.49
31.61
31.57
31.12
30.29
29.64
29.68
31.18
30.50
29.93
29.17
30.55
30.10
30.00
29.02
28.49
28.59
29.37
27.82
27.80
26.13
25.22
24.82
26.13
28.51
26.12
25.75
26.75
27.08
27.17
25.35
25.80
25.62
25.50
27.83
28.00
28.00
28.30
28.21
29.91
28.90
27.59
27.20
28.10
28.10
27.25
28.74
28.99
27.53
27.27
26.89
26.68
25.35
27.75
27.90
28.67
28.72
28.07
28.25
29.37
29.64
28.84
30.65
30.18
29.68
28.51
28.47
27.94
28.40
28.70
28.85
28.46
28.65
28.55
28.07
28.13
28.08
28.23
28.88
29.46
28.89
28.70
27.65
27.35
27.44
26.95
26.03
25.75
25.34
25.95
25.75
25.81
25.90
26.32
27.11
26.46
26.38
25.54
24.95
25.44
25.60
25.94
25.49
26.38
26.23
25.99
24.88
24.41
24.75
23.85
23.40
23.63
23.94
23.95
23.41
24.12
24.41
24.14
23.83
23.88
23.43
23.46
23.41
22.78
23.09
23.64
24.43
24.75
24.87
25.48
26.25
26.09
26.13
26.96
26.85
26.59
26.57
26.30
25.69
25.59
26.09
27.09
26.97
26.65
25.84
25.77
26.30
26.23
25.80
25.67
26.29
26.48
25.95
25.43
26.43
26.02
25.76
25.44
25.98
26.09
25.95
26.01
26.73
26.75
26.78
26.42
25.83
25.63
25.90
25.74
25.42
25.21
25.16
24.84
24.86
24.25
23.93
24.57
24.75
24.83
24.79
25.11
24.98
24.94
24.77
24.75
24.57
24.58
24.44
25.00
25.05
24.92
24.55
24.44
24.36
24.37
24.23
24.78
24.98
25.01
24.90
25.27
25.17
25.20
24.99
24.89
24.86
24.16
23.69
23.50
23.83
23.81
24.00
23.98
23.99
24.46
24.77
24.99
25.95
25.61
25.76
25.80
25.97
26.60
26.40
26.90
26.46
26.39
25.86
25.85
25.72
25.65
25.92
25.69
25.58
25.39
25.23
25.48
25.58
26.12
26.28
26.45
26.72
26.67
26.56
26.25
26.09
25.56
25.47
25.59
25.94
26.05
26.56
26.71
26.65
26.75
26.85
26.73
27.16
26.95
27.00
27.69
27.50
27.15
27.60
27.37
27.37
27.08
26.75
26.89
27.19
26.85
26.44
26.09
25.83
26.03
26.25
25.96
25.88
26.07
26.25
26.19
26.64
26.25
25.89
25.73
26.28
26.40
26.26
25.92
25.63
25.84
25.98
26.04
26.35
26.57
26.52
26.63
26.50
26.60
26.36
26.31
26.21
26.29
26.89
27.25
27.33
27.08
27.00
27.25
27.57
27.74
27.97
28.26
27.99
27.68
27.96
28.10
28.36
28.00
27.80
27.45
27.55
27.69
27.95
28.05
28.12
28.34
28.46
28.61
28.43
28.61
28.73
28.03
27.69
27.39
27.22
27.11
27.10
26.85
26.27
26.25
26.03
25.98
25.83
25.90
25.51
26.12
26.15
25.75
25.71
25.84
25.81
25.49
25.31
25.27
25.42
25.25
25.38
25.15
25.49
25.52
25.53
25.40
25.16
25.03
24.95
24.86
24.91
25.07
25.06
25.03
25.00
25.05
25.36
25.73
25.72
25.60
25.73
25.80
25.99
25.99
26.09
26.31
26.54
26.57
26.50
26.44
26.50
26.57
26.33
26.04
26.21
26.36
26.36
26.03
26.06
26.51
26.67
26.43
26.24
26.30
26.35
26.45
26.74
26.75
26.31
26.29
26.42
26.31
26.10
26.30
26.50
26.43
26.43
26.14
25.74
25.49
26.02
25.81
25.89
25.97
25.78
25.89
25.90
25.71
25.30
24.87
24.75
24.39
24.42
24.66
24.73
24.80
24.79
24.93
24.54
24.65
25.03
25.21
25.52
25.34
25.55
25.54
25.53
25.57
25.66
25.61
25.60
25.60
25.52
25.15
25.18
24.90
24.44
24.40
24.43
24.50
24.40
24.58
24.88
24.86
25.18
25.11
25.05
25.10
24.96
24.80
25.17
25.83
25.92
26.09
26.41
26.35
26.40
26.10
26.69
26.89
26.75
26.90
26.65
26.96
27.08
26.79
26.95
26.88
26.71
27.10
27.39
27.30
26.88
26.79
26.85
26.99
27.00
27.00
26.93
27.03
27.49
27.48
27.49
27.45
27.47
27.96
27.92
28.08
28.12
28.15
28.16
28.32
28.63
28.88
28.92
28.75
28.80
29.15
29.03
28.98
29.06
28.96
29.08
29.43
29.05
28.73
28.38
28.45
28.50
28.68
28.63
28.71
28.70
28.47
28.67
28.60
28.41
28.52
28.53
28.41
28.64
28.63
28.89
29.11
29.11
29.49
29.47
29.23
29.27
29.08
29.11
28.76
28.89
28.50
28.24
28.46
28.48
28.33
28.15
28.23
28.09
27.87
27.93
28.31
28.65
28.50
28.52
28.75
28.71
28.82
28.97
29.00
29.34
29.56
29.35
29.27
29.52
29.28
29.16
29.24
29.40
29.40
29.44
29.36
29.53
29.73
29.91
30.10
29.61
29.11
28.61
28.23
28.21
28.19
28.45
28.59
28.47
28.51
28.48
28.56
28.76
28.95
28.25
28.02
27.58
27.92
28.05
28.01
28.06
28.01
28.00
28.01
28.44
28.59
28.53
28.34
28.39
28.55
28.58
28.42
28.29
28.05
28.18
28.40
28.53
28.52
28.39
28.35
28.10
28.60
28.89
28.81
28.72
28.42
27.94
27.74
27.91
28.05
29.10
28.30
28.22
28.77
28.90
29.63
30.08
30.97
30.85
30.93
30.84
31.00
30.55
30.57
30.72
30.84
30.57
30.55
30.43
30.68
30.48
30.44
30.50
30.75
30.73
30.99
31.50
31.82
31.80
31.72
31.94
31.91
31.92
31.68
31.42
31.74
31.74
31.79
31.66
31.39
31.27
31.25
31.46
31.77
31.16
31.30
31.23
31.26
31.35
31.65
31.58
31.24
30.87
30.60
30.61
30.53
30.54
30.55
30.84
30.93
30.73
30.46
30.95
31.12
31.34
31.16
30.74
30.79
30.94
31.04
31.38
31.50
31.73
31.78
31.39
31.31
31.29
30.97
31.14
31.09
30.93
30.70
30.18
30.35
30.37
30.74
30.36
30.17
30.10
30.21
30.13
29.34
30.08
29.60
29.53
29.22
29.28
28.91
28.90
28.98
28.68
28.94
28.85
28.91
29.30
29.05
28.62
28.68
28.98
29.50
29.64
29.21
29.47
29.80
29.90
28.70
28.37
27.99
28.13
28.13
27.86
27.92
28.24
28.50
28.65
28.94
28.67
29.18
28.99
28.07
27.95
28.42
29.00
29.09
28.96
29.00
28.85
28.38
28.34
28.43
28.73
29.17
29.00
29.23
29.12
29.43
29.38
29.35
29.35
29.05
29.37
29.14
28.85
28.78
29.67
29.80
29.65
29.11
29.31
29.49
29.24
29.45
29.50
29.25
29.34
29.55
29.32
29.37
29.22
28.85
28.75
28.49
28.43
28.01
27.72
28.11
28.28
28.98
28.95
29.12
29.30
29.32
29.40
29.24
29.10
29.08
29.25
29.19
29.02
28.85
29.06
29.16
29.30
29.82
29.98
30.16
30.16
30.19
30.30
30.54
30.68
30.50
30.09
29.85
29.92
30.03
30.25
30.10
30.47
30.35
30.45
30.52
30.56
30.20
30.24
29.98
29.53
29.38
29.54
29.93
29.91
30.07
29.98
30.15
30.15
30.06
29.97
30.12
30.15
30.07
30.18
30.15
30.40
30.37
30.48
30.49
30.43
30.59
30.64
30.66
31.00
31.12
30.97
30.97
31.15
31.18
31.52
31.64
31.80
31.65
31.71
31.74
31.83
31.97
31.86
31.72
31.83
31.95
31.57
31.21
31.38
31.59
31.60
31.66
31.16
30.85
30.62
30.51
30.88
30.86
30.72
30.95
30.85
30.88
31.09
30.90
31.92
31.97
32.53
32.75
32.95
33.33
33.17
33.15
33.11
33.09
33.20
33.03
33.25
33.92
33.56
33.60
33.55
33.52
33.81
33.94
33.81
33.65
33.70
33.85
33.98
34.11
34.41
34.21
34.27
34.26
34.56
34.74
34.66
35.00
34.99
35.06
35.92
36.00
35.98
35.80
35.63
35.65
35.33
35.05
35.12
35.28
35.40
35.73
36.20
36.21
35.97
35.50
35.54
35.73
35.48
35.10
35.35
35.56
35.90
36.19
35.87
35.50
35.50
35.65
35.52
36.43
37.35
37.69
38.11
38.28
37.76
38.00
37.97
37.80
37.51
37.39
37.50
37.51
37.52
37.27
37.32
37.27
37.04
36.89
36.73
36.70
37.04
36.99
37.00
37.05
36.84
36.97
36.92
37.02
37.54
37.46
37.64
37.80
38.11
38.21
37.88
37.65
37.74
37.96
38.11
38.58
38.49
38.57
38.38
38.29
37.97
37.97
38.10
38.33
38.43
38.29
37.88
37.69
37.15
37.10
36.27
35.43
35.67
35.88
36.57
36.10
35.39
35.47
34.98
34.95
34.80
34.88
35.12
35.38
34.94
34.93
34.15
33.94
33.72
34.04
34.43
34.28
33.94
33.40
33.89
33.84
33.90
34.36
34.22
34.02
33.67
34.07
34.35
34.40
34.12
34.31
34.06
33.81
33.88
34.23
34.69
34.63
34.39
34.27
34.44
34.34
34.20
34.14
33.95
33.95
33.87
33.63
33.73
35.00
35.17
35.27
35.50
35.04
34.58
34.62
34.49
34.22
34.03
33.68
33.36
33.44
33.84
33.94
34.08
34.24
34.30
34.83
34.87
34.95
35.63
35.47
35.63
35.49
35.55
35.53
35.31
35.67
35.81
35.44
35.55
35.69
35.98
35.62
35.70
36.08
35.70
35.90
36.25
36.08
36.27
36.70
36.82
36.52
36.74
36.77
36.84
36.82
36.87
36.70
36.34
36.38
36.43
36.25
36.52
36.59
36.77
36.79
36.83
37.32
37.69
37.60
37.96
38.05
37.79
37.89
38.30
38.80
38.64
38.55
38.28
38.00
38.13
38.36
38.76
39.00
37.26
37.44
37.31
37.34
37.62
37.97
37.84
37.88
37.33
37.52
37.85
37.78
37.53
37.32
37.23
37.83
37.62
37.47
37.44
37.24
37.17
36.81
36.78
37.15
36.06
36.08
35.50
35.21
35.87
35.72
35.86
36.05
36.11
36.20
36.14
36.39
36.31
36.14
36.35
36.14
35.20
34.73
34.85
35.21
35.49
35.95
35.69
35.68
35.80
35.74
35.90
35.69
35.83
35.68
36.01
35.91
35.76
35.90
36.31
35.99
35.85
35.89
35.95
35.50
35.57
35.70
36.00
36.07
35.58
35.82
35.78
35.85
35.66
35.73
35.72
35.31
34.97
34.99
34.79
34.71
34.38
34.18
34.09
33.85
34.00
34.33
34.41
34.06
33.84
34.06
33.89
34.11
33.75
33.92
33.58
33.72
34.10
34.25
34.45
34.73
34.73
34.85
35.01
34.95
34.85
34.40
34.29
34.37
34.43
34.15
33.89
34.24
34.06
33.93
33.79
34.13
33.65
34.10
34.15
34.25
34.10
34.12
34.20
34.44
34.88
35.30
35.38
35.34
35.01
35.24
35.57
36.47
36.40
36.49
36.80
36.52
36.33
36.00
35.82
35.17
35.25
35.32
35.17
35.38
35.48
35.64
35.83
35.93
35.58
35.42
35.55
35.54
35.42
35.53
35.21
34.79
34.65
34.56
34.58
34.73
34.91
34.45
34.13
33.95
34.51
34.29
34.44
34.47
34.62
34.77
34.98
35.18
35.25
35.30
35.28
35.29
35.16
35.05
35.15
34.60
34.24
33.81
33.65
33.55
34.00
34.08
34.03
34.00
33.66
33.80
34.29
33.74
33.81
33.55
33.59
33.69
33.32
32.45
32.43
32.31
32.36
32.46
33.04
33.07
33.50
33.38
33.23
33.02
33.38
33.23
32.87
32.52
32.29
32.30
32.32
31.98
32.22
32.24
32.37
32.59
32.54
32.53
32.48
32.66
32.59
32.89
33.04
33.34
34.14
34.80
34.76
34.89
35.03
35.03
35.17
35.50
35.14
35.48
35.67
35.88
35.79
35.27
35.27
35.43
35.32
35.37
35.68
36.11
36.23
36.17
36.41
35.35
35.10
34.55
35.15
35.48
35.74
36.00
35.80
35.76
35.76
35.96
36.86
36.51
36.74
36.54
36.57
36.61
36.79
36.75
36.35
35.71
35.50
35.55
35.40
35.50
35.44
35.53
35.55
35.60
35.20
35.13
35.10
35.12
35.10
35.04
34.87
35.15
35.09
35.15
35.21
35.39
35.75
35.57
35.58
35.29
35.31
35.43
35.55
35.53
35.67
35.87
36.10
35.73
35.72
35.77
35.83
35.94
36.35
36.55
36.47
36.19
36.16
36.10
35.96
35.72
35.70
35.77
37.48
36.63
36.21
35.82
35.53
35.46
35.02
34.79
34.50
34.76
34.70
34.83
34.93
34.97
34.90
34.69
34.56
34.75
34.63
34.66
34.65
34.79
34.75
34.96
35.00
35.00
35.00
35.26
35.12
35.06
34.78
34.88
34.91
34.78
35.01
35.19
35.24
35.48
35.55
35.51
35.49
35.43
35.34
35.27
35.40
35.23
35.12
36.16
35.73
35.61
35.17
35.22
34.80
34.34
34.06
33.98
33.83
34.20
34.29
34.66
34.79
34.11
33.94
34.24
34.41
34.65
34.55
34.85
35.03
35.08
34.96
34.95
34.97
35.14
35.15
35.44
35.90
36.15
35.90
35.87
35.66
35.44
