-2.94117647059
-1.79087232813
-30.8429884139
-2.56909303231
20.6103286385
-16.1252215003
15.4318181818
3.7246581801
-14.8021691103
50.1507840772
15.7417102967
-17.9083094556
3.9618707179
-6.69816564758
-4.3085106383
-5.17023959647
-7.2514619883
10.1236476043
14.682422452
-8.4640346133
5.20625889047
-14.100684262
-3.6496350365
-10.0783400381
14.0821256039
-7.21649484536
-7.21563734664
-6.71193016489
-3.11971433941
-1.48120718385
0.297121634169
4.4211751018
4.60446247465
11.7407071623
44.1830065359
-27.1081467365
-4.15525114155
8.41584158416
-17.2300758041
0.556242274413
-7.04710838759
1.9921875
-3.30500472144
-1.6713091922
-10.8738828203
3.58306188925
14.1487279843
-14.9750415973
3.31786144061
-6.9726531265
-9.79515291402
-7.38810955244
-11.6397119584
1.71709894332
-1.63004961021
-1.94579569145
0.982456140351
-10.8910891089
2.59837467921
