6.71903323263
4.90618661258
-4.09726443769
-0.375484496124
-2.15690922019
-0.507015682113
0.509599431145
-0.14201183432
-1.30810558281
-1.45027624309
-0.776610324349
1.88503607168
0.291749328977
4.81957186544
-2.53934191702
-4.95184135977
-0.842696629213
2.29885057471
-5.04256712508
0.405479452055
0.142669007902
6.72288592176
0.814736096351
-1.2361516035
-4.12567084079
3.10086455331
0.150080812745
1.76221804511
-1.59537572254
0.0
4.29225946467
0.998538723819
1.6210864992
-0.91956841589
-4.88629737609
-4.31823253738
0.414565826331
1.42045454545
-4.86486486486
-2.3746701847
-1.55844155844
-6.09756097561
-1.14765165397
-1.13463005339
3.07616707617
-5.07510028921
-4.50779510022
1.69414749049
5.37470167064
1.14909231363
0.241990126803
-11.321888412
2.69746121298
-4.06765327696
0.930351655855
-1.54621848739
-1.90421234853
8.3125
-1.10375275938
-0.82318942114
6.83944610778
1.5486935867
-0.236966824645
7.37913486005
0.831280788177
-8.07547169811
3.41463414634
-4.25929385391
2.14674172312
8.54391052196
1.37532808399
15.1057401813
-5.42857142857
-6.66666666667
1.83575928742
3.6594978043
2.22145488029
-10.4883577169
2.70899470899
-0.724866057359
2.08042895442
-3.86597938144
4.30107526882
2.06321334504
1.0311564475
0.344904316867
2.94353453213
1.97383788834
5.1326129666
0.692383778437
-3.46144664598
-3.76751665518
1.82456140351
0.956429330499
-0.656891495601
0.815988647114
3.12195121951
-0.978142736384
3.5125
9.58904109589
4.56954591033
-3.04166666667
-2.1207177814
-3.69206598586
-12.0856353591
2.81656804734
1.66025024062
-4.11812204407
1.91629438044
2.17417417417
-0.0720201656464
-2.12640977444
-5.35912830776
-0.343490304709
0.344674227263
-1.83366077276
2.94382022472
2.74763334103
2.81305637982
-2.03488372093
-1.9943019943
-0.634129770128
-1.74677347575
-2.958324336
-2.27896180629
-0.168527491047
-1.04231811549
2.95096040348
-1.84326943333
-2.81502712663
-0.822335025381
-3.37453403963
-2.21582733813
0.0575871004895
4.19
-3.73507893724
3.10669975186
-2.83537467451
-0.537170263789
-1.07230973619
-0.584905660377
0.0566358316028
5.94
1.52284263959
-0.192522038707
-1.91810773206
-1.46886016451
-3.31376633213
-5.0606741573
-2.46361564089
0.938053097345
-1.68783713242
2.625
-6.57323990657
-0.72049689441
2.16600389204
4.59292035398
-4.73781824313
1.38461538462
-0.687547746371
-1.72672672673
0.739495798319
0.634249471459
-0.946557212263
-2.49918327344
-3.92341494036
3.03177298084
-4.48648648649
-0.092578305817
0.628833165127
0.538557602248
-0.442924858186
3.57344064386
-5.87121212121
0.525474068997
2.18677042802
-0.387596899225
3.29916720051
5.330634278
-1.15057528764
1.64406779661
4.19426048565
-1.4188718663
-1.39055793991
5.06854256854
3.56809265832
-5.25663716814
-0.929335437489
-1.14404576183
1.31717597471
4.05701754386
-4.73537604457
5.51065393093
3.44893111639
2.49293991625
-1.25961538462
10.2746262326
-7.08374384236
-2.04593707778
4.40302267003
1.27551020408
-2.54574383453
-4.17381360778
2.44045294807
1.30537974684
5.12527289739
3.49687970734
-0.0645161290323
-3.62694300518
-3.31630097185
3.22680732237
-2.57934508816
-1.18478693748
4.55965021861
2.464
1.4171354392
0.609490639965
3.01603318758
3.25306783978
-2.81278127813
-1.31023761936
-1.50918635171
3.83829207359
6.09638554217
-1.4134695332
5.31648736552
-1.91411042945
-1.21212121212
2.48447204969
-2.87162162162
0.925474914759
0.146341463415
0.305810397554
-7.88732394366
1.1396011396
2.17745691663
-6.53025685677
-4.29166666667
3.85114668974
-1.72230491176
7.57090576395
0.86515168993
0.872701885036
-3.84873573506
-0.688888888889
-4.06140070355
-5.06021657727
-2.94666535704
-0.068708284256
-4.89171023152
0.168318683374
6.67331670823
-13.2034632035
2.43902439024
4.5142751205
1.41003948111
1.55608591885
-3.45622119816
-1.80995475113
1.6091954023
-1.13636363636
0.0
2.32558139535
-3.1007751938
-1.92715700141
-2.48275862069
-1.59484221242
3.8041563931
-0.985264626384
-1.05254076439
-2.28460630585
4.28131868132
-3.76480541455
3.7206037206
1.65923282783
2.89123451124
3.56463878327
-0.707881075979
-1.67053364269
-1.59817351598
3.39943342776
1.58273381295
-2.75186567164
5.6157635468
5.72916666667
1.69491525424
-2.88065843621
1.2078300708
-2.2990844354
-0.0406752084604
7.1825613079
0.152821744351
0.229759299781
-0.813890396093
-3.35605663346
0.421274354924
3.48773841962
5.45977011494
5.46732937326
-5.7364872586
4.29031104755
-4.59351904491
0.456881781839
-3.72773257093
4.45669653113
2.42352941176
-1.05924805029
-4.3425008351
0.638727028238
-4.55614973262
7.16332378223
-0.964812712826
3.52526439483
1.11692015209
3.50510392326
4.87553205211
-9.8488372093
2.1377672209
0.238095238095
-4.33891356338
-3.82256297919
-2.87234042553
2.41882763129
-1.41783029001
-6.57300551932
2.00634660661
2.12209910098
2.90447504303
1.7067833698
-1.52984270631
0.356795329225
-0.484183344093
2.01975850714
-1.67296276309
-5.45918367347
2.08333333333
-1.23456790123
1.23945422352
0.797900262467
0.623283329812
0.158713363665
1.78782983306
-1.32837407014
-0.790722192936
-5.10255127564
2.04185809086
0.719794344473
-4.56329735034
-1.34572562688
4.01812688822
-0.550826239359
1.92935892201
1.11478117258
2.23723089911
-0.357518401682
-1.65460186143
0.196870790592
-0.862865947612
1.89449445259
-1.40350877193
1.61493288591
3.64090859689
0.163291966035
3.02826379542
2.47098034709
-2.55347743308
0.721940214326
0.533000680426
-0.248868778281
-4.94623655914
0.977198697068
1.26443100605
0.719822812846
3.2
1.03926096998
0.932400932401
1.41843971631
0.714285714286
0.0
1.08303249097
1.45281406422
0.379901960784
0.0
-5.71923743501
0.464306442252
3.29736211031
-2.85381479324
2.20238095238
1.20481927711
0.0602772754671
1.48030340103
-0.134392180819
-1.62259615385
-1.70132325142
-0.212214100448
2.57588583867
-0.565175565176
-2.56590509666
-1.10081112399
0.93567251462
1.84633710542
0.490782858511
2.1271393643
2.18613366646
-0.928217821782
-1.70316301703
1.10701107011
-0.671960904093
0.924784217016
4.98381877023
-0.757965056526
3.23607427056
-2.70967741935
-0.2574002574
-4.42804428044
-0.732600732601
1.04873534855
0.309405940594
1.49478708705
-0.611735330836
0.60286360211
1.3621896881
1.88067444877
3.51772287863
-2.25721784777
9.79827089337
2.81481481481
-0.0148126203525
2.67680608365
-2.86600679569
-3.99943270458
0.685420534057
0.257695060845
1.37880986938
-3.43377715487
-2.92517006803
-0.135869565217
-4.02920850176
-2.92405063291
3.60655737705
1.26162018592
-3.3748235596
-3.44443067774
-3.74478234943
1.26811594203
-1.89573459716
0.178041543027
2.65626903863
0.810711214838
2.08150470219
-2.26715686275
0.0
1.36645962733
-1.10565110565
-2.06929740135
2.80766852195
0.999375390381
2.41811668373
-3.14745972739
-1.88449848024
-2.90402549876
-2.06936416185
-1.14285714286
0.922722029988
-0.184204466958
-1.40749148695
-3.23997803405
-0.491803278689
3.15670800451
1.08262108262
-3.09221424627
0.891364902507
1.81508791832
-2.21852468109
-1.41076115486
1.6
3.67469185578
-2.84275321768
0.393258426966
3.47633996047
-1.33073305036
-5.66017316017
-1.59744408946
2.49972710403
0.284619594964
-0.511871052058
-0.98134368597
1.9010989011
1.49453490966
0.583352030514
-1.8281938326
-3.82374748438
2.27494312642
0.0
-0.173029090516
-0.355603448276
0.738167607469
-1.23297952182
0.56064690027
1.84473481937
-1.49269875608
-4.44444444444
1.04438642298
3.51351351351
-1.33333333333
0.806451612903
2.02962150302
1.31154829388
0.0778642936596
1.43292338937
-1.36879590474
0.728617867952
2.5638077719
-0.309455587393
2.04678362573
-2.0618556701
-0.626067159932
3.98910984848
-1.76744186047
-1.12669579214
1.85011709602
3.51515151515
1.80157946693
-1.05006105006
0.973985945013
-3.21002386635
-1.23747790218
1.61676646707
-1.27689761173
-0.62272353425
2.83953600773
5.39989811513
-2.58064516129
1.42192022147
0.594936708861
-3.61151781357
0.687960687961
0.630485844975
-0.0617741536941
-3.03102911226
-6.31874298541
-0.469168900804
-1.48563882469
1.01156069364
-0.365488979953
-0.45203969129
1.00222717149
2.04545454545
-0.452488687783
-1.77777777778
0.896860986547
-2.03185063152
1.33555926544
-0.553403431101
0.690961774212
1.93115983188
-0.9229037704
-0.5039193729
-1.05263157895
2.01198146264
1.073917514
1.23756650474
-0.103986135182
0.464306442252
0.104578201255
1.72576832151
0.130192922239
4.00049236829
-2.12048192771
1.71568627451
-3.53469677267
-0.540858318636
0.627070515854
-2.07391959217
2.62782401902
3.0637254902
2.65442193987
2.95298536459
-2.4510423247
0.828025477707
-0.31746031746
-0.580734755713
-1.85850576137
2.74984086569
4.51037786056
0.414161656647
-5.84905660377
1.09359104781
2.46254071661
-1.74113429779
-1.50063051702
-0.201359174427
-0.737039350406
-0.55900621118
0.324027916251
1.31313131313
1.27877237852
-1.22521157004
1.2533572068
1.67750325098
0.984898227183
1.42514651039
-0.490390987409
2.24962732078
-0.0135501355013
-2.57425742574
2.43407707911
0.0
-1.05699759165
3.66158113731
-0.551724137931
1.68302945302
-2.12765957447
-3.30501725511
-0.580628134072
1.78643384822
2.40715268226
3.04748405386
-1.25962211337
0.140154169587
0.776836158192
-3.01369863014
-0.477164280845
3.10655046387
0.622347949081
0.712250712251
-5.07099391481
0.475543478261
3.79354110845
-0.894479385045
-2.32081911263
0.136705399863
0.274160383825
0.412938747419
-2.45703544576
-1.48148148148
-1.81818181818
6.94444444444
6.30444411634
-4.40366972477
2.2219016015
-0.38804254096
-4.29160935351
-1.62381596752
1.02529049897
1.61133490763
2.12796141297
3.58559882439
-2.64663805436
-1.4799154334
-4.50874831763
-1.52418820411
0.132714001327
0.748763203637
-4.72611464968
-1.31992457574
0.0251477429901
-2.41717791411
1.22966091169
0.788683024537
-0.0375422350144
2.05619412516
-1.81818181818
0.821744627054
2.62065386611
-0.387697079349
0.103492884864
4.81355932203
-2.3178807947
3.5807380985
0.760298589992
-2.63795423957
1.21236888707
-0.379970145203
2.06371191136
-1.09589041096
0.550964187328
2.44108931847
0.6533162903
4.85480268057
-0.311757719715
2.57347342774
-0.965163625396
-1.69014084507
-0.867136978248
2.88825041585
0.151446312282
-3.53542731921
4.4241037376
4.21303656598
1.3698630137
4.23315975139
-3.36038961039
3.91363022942
-2.94695481336
-4.85981308411
-1.68453292496
-6.71428571429
2.94117647059
-6.18101545254
2.73564847626
-5.55555555556
3.03448275862
-2.3831964454
2.44137931034
-2.01378564671
0.557216634955
1.6719635208
0.0138197899392
1.06145251397
-2.51872021784
-3.30437072143
-1.0164190774
0.248203788374
3.3760972316
1.32731253421
1.81108943996
-0.402386568614
-0.579390260726
-3.33377783704
-0.345514950166
-0.225404402015
0.452850293021
-3.00994703527
-3.17698561601
1.06181266591
0.139240506329
2.82441754523
-3.52837769965
0.976290097629
0.11424219345
0.356687898089
2.81597904388
2.5520483546
-0.0671140939597
1.42954390742
-0.743243243243
0.721382877365
-1.02384480668
1.54582763338
-1.91869046022
-0.21421877092
1.34328358209
4.83641536273
-2.17088783746
1.71266808209
1.84517803085
-0.258806613947
2.39988221437
-0.322864690343
0.0587371512482
-2.22541277818
-1.0372264848
-3.58904109589
0.41265474553
2.50987027637
-3.79815518177
-1.60170848905
0.67186240258
-0.374832663989
1.61882737043
-0.149415919587
1.43290162579
2.22535211268
1.06761565836
-2.32202447164
4.00578452639
1.09649122807
-0.941346850109
-0.661775284132
3.13056379822
-1.02790014684
-1.66064981949
2.56220379147
0.163180537012
1.14028507127
1.44596651446
-0.0608457560085
1.06072252114
1.16640746501
-0.955021565003
-2.66866566717
-1.91176470588
-0.337095119449
0.723354000591
-1.10948905109
3.47432024169
-0.585673524553
0.165463297232
-1.78756093958
-2.53419726422
2.10232284622
3.54696300807
-0.920060331825
1.06707317073
-1.61967606479
3.63692881567
2.20810166799
0.159108989658
-5.88499550764
0.240168117682
-3.3091436865
-0.977292325381
-0.981926853565
0.271118721461
-2.80166435506
3.11784897025
-1.0892629792
-0.506685432794
0.665911022953
0.670375124804
2.98178613396
-2.21200804367
-3.83977900552
0.0691085003456
0.402442409104
-0.345733646799
-0.536451169188
1.09859546656
-0.608154803041
-0.0966583816625
-2.77889649617
-2.67833812386
1.78191489362
-1.1826544021
-0.327439423707
-2.52776713903
-0.127502231289
1.39625080802
1.95070515355
-0.836491961835
0.0784826684107
0.724637681159
0.756670649144
-1.65796344648
0.14380964832
-0.919689119171
0.0
4.23980556306
-1.25333333333
-0.649092595046
0.720480320213
0.0
-1.5111695138
-0.782268578879
3.16072629455
-0.134318334453
-0.8655126498
-1.22320136788
-0.157583716349
-2.96890927625
-1.77722152691
0.38949616786
-2.34355828221
-2.44194397893
0.650602409639
-2.63929618768
-2.34822451317
-1.57835400225
1.32510852182
-1.30777903044
-1.158903499
-0.675152185944
1.32331501626
-2.54644808743
0.0
2.9246344207
3.46834264432
-0.382608695652
1.13742964353
-1.52424942263
2.14673271998
0.748663101604
2.14857975237
-1.63582089552
-2.44612696564
0.526932084309
0.826446280992
-3.46478231137
-0.363388598683
-0.19267822736
1.9410745234
-0.881814017407
-2.37030411449
1.61326971143
0.870960348384
0.948634891254
-1.42547610902
2.32205367561
-0.533890436397
0.0696864111498
0.819672131148
-1.18028234205
-0.0924855491329
-0.380052977082
-0.138010350776
-0.218039935736
2.39717978848
0.531600708801
2.11097708082
-1.36823319453
-0.825958702065
-1.24679561874
0.0699626865672
-2.1897810219
0.320366132723
-0.62535531552
0.216499544211
-0.577772742721
-0.853644838818
1.5165336374
-0.454029511918
1.27600873664
0.299780929321
0.254305860594
0.628126090497
-1.02463734746
-1.84201604701
-2.16694306247
-0.407399251266
-0.482138943677
0.32981530343
-0.426929392447
-0.47935504957
2.62745974955
-0.445235975067
-0.980932436901
1.71524663677
-1.90256241065
-0.0769230769231
-2.41286863271
-0.512109249973
1.1547593352
4.04221872895
3.77534374272
0.350795135641
0.968122786305
-0.352941176471
1.31108462455
-2.44186046512
0.046533271289
-0.807754442649
-0.0691881918819
-0.138185168125
0.672385810341
-0.850574712644
0.0690131124914
-1.39503232392
-0.53023465704
-0.123943661972
0.863734515286
0.940690604566
0.183886909551
-0.696188084912
1.32994102001
-0.609195402299
1.37497086926
-2.68737952149
-4.40108401084
-0.431732325958
-0.834849620036
-0.500532481363
-2.38070485497
0.250130276186
0.50277574107
-1.09810421631
-0.464013198598
0.9367194005
-0.0208116545265
-0.620475698035
0.708185794626
2.36673773987
-0.477453580902
0.554785020804
-0.212924518258
2.36486486486
-1.30149510595
-2.05436156764
-1.38181818182
-0.434467776973
0.614071606994
-1.43619203939
0.082135523614
-1.90351495619
0.56720348425
0.714067122309
-0.779352226721
0.61099796334
0.614754098361
-0.752491356518
-0.816944024206
1.43222506394
0.235849056604
-0.843924758516
1.0272213662
1.00643286989
-1.80336220071
-0.0712685807371
0.686827268068
-0.398202981417
-1.64691705162
0.423557886244
0.435531246835
1.64727684546
-0.0514509158263
0.600414078675
-2.05819730305
-0.121518987342
1.28205128205
-0.286357128247
0.112624142521
-1.72066814248
-1.74016215147
0.656847133758
0.0796812749004
-1.08374384236
0.814461660707
1.18592964824
-2.71802894016
1.21721919842
2.7975584944
-1.10663983903
-0.150678051231
-0.260494940387
-1.3247652002
1.40350877193
0.920679886686
-2.46694296428
-0.520270933543
-0.303386181249
-4.58492856476
-0.288640595903
1.46433632499
-1.00074822297
0.0187090739008
1.0683558665
-0.704093128051
-0.140620605606
2.25268404908
-1.4175014175
-0.442186470976
0.396712949844
-1.37866790871
0.892857142857
-0.103276687635
-1.85219314412
-0.486015589179
1.58360503027
1.50340393343
2.13423466924
0.543742110885
-1.84885161536
2.05212993581
-0.232874053949
-0.913373714066
0.29893924783
1.01305279564
1.34254689042
-0.0887661505079
2.16646513503
-2.56259204713
-1.8313253012
-0.450969103819
-0.0383656244005
-0.0862482031624
-1.55660377358
0.0471920717319
0.236518448439
0.113657889752
0.313539192399
-0.42573320719
-0.1134001134
2.61830876649
1.68622423824
-0.314558144107
-1.5770123839
0.858704137393
2.57231508358
-0.09
-1.76817288802
1.38432427049
-0.731586752348
0.237835695174
2.55081300813
0.142479136984
1.56072351421
-0.175402393727
-0.462154667762
1.26885075403
1.05097214924
2.26784178848
1.02062975027
-1.08473848137
0.204476969436
-0.567148207598
-0.595681310499
1.43504531722
-0.675168792198
0.679758308157
0.30303030303
0.719424460432
0.0109015589229
-1.48211792503
-0.299817967662
0.107192625147
-0.660206580769
0.978494623656
1.34030728996
1.34732192159
-1.05987762238
-2.20132506946
-0.446808510638
1.0752688172
-0.0107515320933
1.61695618923
1.46325241104
0.255612358302
0.716364450414
0.17941242431
0.439238653001
-1.99779249448
-1.22110771915
-1.57742247022
-1.43839238498
1.38322968046
-0.787234042553
-0.16992353441
0.544580886279
0.0427304775131
1.52928416486
1.79971292923
0.633333333333
-0.0555247084953
-0.672843591441
0.332005312085
0.522861274892
1.7661043813
1.23782234957
-0.285714285714
-2.45261984392
2.60809883322
-0.38742023701
0.239862935465
0.597495116626
-1.98220520329
0.0901814902491
-1.09265246962
1.70087311487
-0.282677521483
0.866788321168
0.0342270393611
2.15617715618
1.47841513897
0.0
-0.890868596882
0.779681039575
0.942046267589
-0.462908011869
-1.82941039385
-0.6597985878
-1.20082342177
0.969976905312
-1.37797517367
0.354285714286
-0.0342739632126
-2.77685216039
-1.19622475856
0.707338638373
1.49186763881
-0.557724484105
0.515752887095
-2.05359103888
0.953436807095
-2.20101919115
0.863954505687
-0.468052683139
-1.35294749275
-0.502136752137
-0.531349628055
1.82880640623
-0.805066552168
1.20586637697
0.403577661431
-3.39304531085
1.61687546847
0.343827226819
-0.438596491228
0.787061994609
-0.333118418225
-0.235849056604
0.0429000429
-0.72402044293
-1.00137029619
0.850430530456
-1.52831571234
0.716921454929
0.647283531409
0.106224771617
-0.475737392959
-0.137246621622
1.92618099645
-1.30628717077
-0.0954907161804
1.27874489577
0.779727095517
-1.20894404622
0.830636461704
0.30296472625
-1.42918088737
-2.4349635796
-1.36508262342
-0.96564342346
0.0610252237592
-0.233384069001
-0.825198752138
-0.63
-0.842835894893
0.638658816485
-0.654307524537
0.119106699752
-2.18446601942
-1.58608828588
0.0382336073408
0.867720786734
-0.945468436635
-0.114471048364
1.73718944099
-0.367433765229
-0.375686350063
-1.13333333333
0.152613506295
-0.228397411496
0.305460099275
-1.16981132075
-0.562851782364
0.1221001221
-0.653167864141
1.01800358186
-0.553055868017
-0.753558470555
-1.74588665448
-0.950656405613
0.518747724791
0.576659038902
3.65275142315
1.59036144578
-0.0385393583197
-1.16179411485
0.584291187739
0.0479156684236
0.143953934741
-0.903471231574
0.477783086479
-0.257338924895
0.845828527489
-0.867079561696
0.65215306416
0.452793834297
-1.35892806234
0.429471273144
-0.190512478567
0.777575117596
0.871501888254
0.320575092287
-1.22817117636
-0.742857142857
0.903325004805
0.63829787234
0.0677441207781
0.0871755133669
0.369434182384
-0.38737168313
-0.711538461538
-1.99773840935
-1.60407974038
-0.507380073801
-0.174970070909
-0.137943718963
-1.16342483185
0.392371566749
-1.75705961452
0.0897263346792
-1.17052407555
0.0
0.714477092078
-0.656552213646
0.391912354146
1.50994575045
1.46788990826
1.05692564435
-1.14563284759
0.562211981567
-1.45322434151
1.19485294118
-1.10888929286
0.264285063337
0.292477835664
-1.90083385636
-1.12588652482
0.150936695374
1.58744475512
-0.413186023534
1.62482884528
-0.409090909091
-0.488510946264
0.518323179049
-0.0636132315522
0.0545553737043
0.346715328467
1.49087878507
-0.0647788265778
-0.313653136531
-1.16703136397
1.13416320885
-1.22950819672
-0.172742976634
0.631290027447
-1.53153153153
0.370738764807
-1.69777777778
-0.907249185237
0.531302576817
0.749397805335
0.295275590551
1.59076447596
1.40105078809
1.87811062072
-0.801117838845
0.618614678039
2.26205310074
-0.742079726001
0.883002207506
-1.46585965576
0.0189178963299
-1.89309576837
1.44027110986
-0.524393669819
2.23051885889
0.0862316757689
-1.78789874847
0.921177587844
0.592281238059
-0.777251184834
3.31994907453
-1.58072289157
3.5222510477
2.45348599468
-0.60963218858
0.0711743772242
-1.23518778871
-0.539352776668
-0.949742777998
0.387327440659
1.11468166298
2.39588688946
0.672877846791
1.15183246073
-2.05128205128
-1.15571776156
0.993140165865
0.3802672148
-1.13798008535
0.020325203252
0.0508388408744
-1.6008004002
0.908632004038
-0.211565585331
0.976602238047
-0.897267869745
-3.37067705796
-1.10789980732
0.532687651332
0.594310210444
0.165902215283
0.441089982356
-1.5915886949
0.455426356589
-0.731050404002
1.13824301975
0.75475396981
-0.671794372505
-0.455514634619
-0.357315306615
-0.528338136407
-1.46710837672
-1.54692013792
0.065274151436
-0.703703703704
-0.506678949793
0.0460829493088
0.240206947524
-1.34888807875
0.100355806952
1.25635103926
-0.806377714652
0.747784342688
0.556999628667
-1.31012368301
-0.474149721893
2.03758838854
0.336071695295
-2.19138056976
-1.21764228376
1.4828375286
-0.410209662717
-0.191065417159
-1.40832436311
-0.490939926805
-1.84860697389
0.431148262209
-0.8895090259
2.31084939329
0.854854674705
0.252593594948
-0.377460231868
-0.384959713518
-0.0894454382826
1.64560414583
-0.461538461538
0.683371298405
-0.36314117113
0.282228696286
-1.2052527433
-1.71499292786
-0.0794982775373
-1.20429356837
-0.278478809503
-0.217089267107
-0.86941551175
-1.55084745763
0.682593856655
1.12165660052
-0.0431220353601
-2.06925675676
0.10145417653
0.194832698009
2.04875518672
-2.37974683544
-0.811919310287
-0.441666666667
0.275758335422
-0.358034970858
-0.923939943904
-0.296101332456
-0.0575421290588
2.29566094854
0.993630573248
0.701274266655
-0.544356553543
-0.793182009957
0.816673755849
1.64288802421
2.18236437533
-1.19598428634
-2.13583938488
-0.0341617559143
-3.39108910891
2.06315789474
-0.0168392691757
-3.67396593674
-0.202347227843
-0.56338028169
1.48656375071
-1.71001926782
-1.4323019704
-0.181674565561
-1.95926585611
-0.0541795665635
-1.34392180819
1.40147115757
1.27823086575
-0.916860916861
-1.06849104466
0.0692307692308
0.588053234293
0.992420098461
-0.163832111094
-1.70999156506
-0.889192886457
-0.626840873046
-0.143288084465
-1.10381861575
-0.0298240381748
2.30358504958
0.498275201227
1.15539702233
-1.01320233344
-0.610314311871
-1.48064637354
1.32510852182
1.09323273539
0.9717039801
-0.78667283665
-0.269210060765
-1.23822546338
1.55056699838
1.03663289166
1.42292490119
1.0948613442
-0.580009534403
-1.13895216401
-0.531291507149
-0.0936695027711
-0.116949945423
0.218784185029
-0.0312451179503
0.24273745204
-0.900131915884
1.40058226454
0.0393576826196
-1.39708165166
-1.1887414679
-1.24214193744
0.0454648783815
-0.211720226843
-0.75791685427
0.505317143073
0.166200800786
-1.08354506053
1.81071211199
-1.07623993377
-0.0977443609023
-0.41928721174
-2.79475982533
-1.1083921117
-0.66490312433
-0.976991150442
-0.324606590925
-0.568341285434
-0.154126383635
-0.0560145637866
2.39460854603
-1.17613716877
0.205892793752
0.0284070733613
0.830648048693
-1.50232754972
-2.31500620091
-0.520904729267
0.247354679126
1.45695364238
-1.42925857212
1.09058071687
-0.138734739179
0.236406619385
1.79064335763
-1.29933636046
-0.590277777778
-1.3698630137
0.675768859468
0.512891599667
1.25622850726
0.557515878617
0.120115876493
0.575611142695
-5.82251371972
0.281879194631
0.886993025933
-1.77573822825
-1.19595216191
1.86077643909
-1.59399288631
0.0988989252983
-0.328579877768
-1.82580645161
0.544888427608
-1.74633524538
0.057394298833
-0.0955657492355
-0.733620035416
-1.78881987578
0.155520995334
-0.796099728462
0.633461681779
-0.886372030038
2.07979893183
-0.231945837513
0.0564511070689
-1.54995677411
-2.18061008759
-0.897934750075
-0.889943636903
1.60347218036
0.326579981857
1.56633906634
-0.367197062423
-0.347624565469
2.29583879219
2.45445829338
-1.49845747025
-0.201068174678
0.702353834472
-3.86276537502
0.525897388858
-1.33936651584
1.01163995368
3.01983927675
2.03061943501
1.93940185451
0.288146692862
3.02948518993
0.802557301231
-1.59293219999
2.2305850154
1.70494084899
-0.152862701501
-2.30790116753
-3.67464365111
2.07568577721
-0.74196753892
-1.69325952458
-0.350444545396
2.45345744681
0.777271508979
-0.473491163721
0.12686965812
-0.0867302688638
3.3724137931
4.12926391382
0.541516245487
-3.89952817097
0.0833333333333
0.173913043478
-1.03951535178
-3.05012347327
1.02488031825
0.263656030287
-1.32088058706
1.86191899973
0.457369103693
-3.75164257556
1.17662700259
-1.32502459823
0.99370652534
0.245716562625
1.39384553229
-0.228417870339
0.121073518531
2.34046947064
1.9081024202
1.74875089222
-0.546603251225
-1.03273851342
-3.15030278288
1.23295219727
2.21064488876
-3.30837304289
-1.07077917705
0.753155109241
-0.593551868339
-2.28051674137
-0.674304418985
0.985058839085
0.907271514343
-1.44641683103
-0.581737368455
0.222731739273
0.792340706504
0.959936004266
-1.06839016026
0.344120177354
0.492119438718
-1.49361283983
-1.50977482418
0.349627711233
-0.148694078097
0.552558018592
-0.207590009731
0.949574328749
0.858652575958
0.886253081895
0.361131545509
1.65884832416
0.0203998368013
-1.06962663976
-0.328550355371
-1.41459545214
0.404858299595
1.41347512957
-0.821094793057
-0.794701986755
-4.605470971
-1.59766256372
-1.0214127492
-0.116772171348
-0.312461708124
-0.104045535222
-1.92677070828
-0.329045767275
-0.220869149952
-0.693579939534
0.00592838510789
-0.189349112426
-0.588235294118
0.490630726488
-0.890503251509
-2.01492537313
-1.33665609425
0.603988603989
-0.0853970964987
-1.01437024514
-0.788326065079
-0.0614628149969
-1.39937193543
-1.27277672015
-0.739660943743
1.17441415852
0.0546537683773
1.62177173007
-0.194013303769
-2.32809962101
-1.67163543441
-0.408249827687
-2.466645982
2.49642232469
-0.569169960474
-0.0210759260235
2.58918918919
-1.27541491008
0.138940843264
-1.51052631579
0.699597201611
-0.0476770673306
2.15932460223
-1.21886025874
-0.356895541469
-1.38159277159
-1.42405882658
-1.8350955673
0.861361771944
-1.22056216764
-1.1563876652
-1.25067971724
0.342261904762
4.39645797732
-2.03429383117
0.458668841097
0.728952772074
0.154241645244
-2.77430642339
-0.773771142304
-1.65365853659
2.3976023976
-2.38907849829
1.27394825202
1.26
0.852201099289
-0.909408884225
0.145116092874
-1.67289903562
0.993838203141
-0.0645577792124
1.650681474
0.00504821040941
-0.885619933954
-1.0349096311
0.572709163347
0.727363932782
-0.682542845755
0.940407342218
-0.100477267018
-2.29715800324
-0.171501372011
-1.93647590217
-1.77930904285
-0.986027384457
0.187274685144
0.168831777892
1.69305608546
-0.290075609872
-1.25839320092
0.155191873589
-3.38936846888
3.29938517858
-0.201405152225
1.16565579985
1.08247916467
-1.5931372549
0.0754716981132
-0.670008902216
0.414020230534
-0.978336827393
0.515101849684
-0.163627863488
0.290697674419
1.0183299389
-0.65873053216
-2.24011039558
0.267502997878
-0.0460999446801
-1.81949850638
0.358846241199
0.538886605471
1.14087759815
1.16822429907
9.18367346939
-2.85006195787
1.04677952519
2.03914754433
2.98421052632
-3.73410346051
0.910066976839
-2.17565269581
-0.872583044125
-0.444225074038
1.7936994423
-0.559580314764
-0.368360794465
0.949748743719
-1.69926891919
-0.764705882353
-3.2946195781
0.414127951257
-0.854216810609
0.0755679403013
0.886262924668
1.50415941188
-0.212355212355
0.275855393699
0.476537806954
-1.9547079857
0.459792135639
0.413600731015
-0.483392361443
-0.0526189906721
1.024501039
-0.0579570152137
0.266343825666
-3.73857915346
-0.176826430898
-0.853517877739
-1.15828355146
-0.322727272727
-1.08803165183
0.770206596593
-2.16312056738
0.351407855522
0.236311753166
2.59365994236
0.0137249519627
-0.414597475967
-0.934284166817
-2.54244743556
0.0528122524426
1.00911313625
-0.715010813435
1.55535634245
-1.93406593407
0.58360597754
0.802210535698
-1.20206067544
-0.118743952854
-1.28505687245
0.484229812852
-0.641497984483
0.949505557014
1.26728110599
0.0665099986698
-1.27385746804
-1.53448275862
0.511220864743
0.0476789042521
0.435331504941
0.152598535054
0.884099406202
3.31742785731
-2.22607304719
-0.924458531432
-0.302830809743
-2.47817154597
3.4950166113
-0.194526725319
-0.343657752126
-1.08946703273
1.58484217982
-0.445130013222
2.02338129496
2.61142382578
1.19998132325
-2.35261934072
0.168980635733
1.01960784314
-1.10867779907
-2.3914495658
1.45942526658
-1.03738150599
0.152261531572
2.86530311406
0.166112956811
-1.62059103908
-0.850661625709
0.807622504537
0.455788514129
2.05125819806
1.55888327271
2.79207536176
0.43893874366
3.47716376482
-2.46603662138
4.12054120541
1.28211783026
-1.57862470624
3.9290644579
-0.349206349206
0.821508588499
4.32991985752
-4.31865381543
-1.8091503268
-1.06052767719
6.06310013717
0.969529085873
1.69014084507
4.56553755523
2.94117647059
-2.91433617898
-2.94285714286
1.29659643436
-1.55003419193
-1.35476980156
0.219718309859
-1.24075001391
1.0002809778
4.09476455104
-1.59451991711
1.36538685961
-2.63053235612
-2.64933628319
1.6815702154
-0.764594262753
0.111744328975
-2.52164914765
0.0599455040872
0.531419492686
-3.15169523001
-1.11233537961
1.58840147114
-6.4289276808
-2.43309002433
0.967916277699
-3.0717211163
-0.213847835385
-0.222854433381
-1.72871720796
-1.00101485377
0.018455292055
-2.79845726074
-2.21033242698
0.294699802067
0.619606107546
-1.11597374179
0.678533662319
-5.11705685619
1.3817072137
3.02606873062
-1.94810755266
1.84006278887
2.00596005871
-1.22572708901
-0.100943603248
4.66718728467
-2.02088396795
-0.706113693243
-0.604122245913
-0.679431747993
-3.92505934215
-3.23612649194
1.44800898764
-3.0614714424
3.20969151992
4.62108013937
5.13301891112
-2.1374798351
4.19273508264
2.01962465466
-0.657739081058
-1.57421638489
-7.86560247168
-0.1157258583
2.77068099727
0.785793562708
2.13566699918
1.40702593342
3.80906921241
-3.22431633407
4.35285610991
-2.75629306708
-6.23681434599
1.39941171227
-0.997176138369
-0.11018555247
5.42235851687
-1.3928342344
-1.91002651566
2.12033594933
-2.81878595959
6.18517641487
-0.67268792925
1.96661550269
-1.0395405136
0.977807601975
3.53332340827
-1.2980015674
0.735185276558
-3.30629770992
-2.20231429638
-1.09372836771
2.23637650389
0.00471831650467
-1.44617530807
3.58863198459
1.34739308729
2.45585955084
2.67036409387
2.7598944591
-1.17340286832
-2.62048651668
-0.920801046594
-1.44309447062
4.32510735165
-2.13164556962
3.41397004922
2.0137813151
-1.82495149195
-4.36330808967
0.0953815261044
4.09155039975
-2.48662420382
0.102014792145
-1.25912868295
-0.501127536958
-3.96092020406
3.47609561753
5.7621405246
1.43719613186
-1.72739682873
1.81215587748
0.645612524883
2.88956545807
0.26085026085
2.05029451744
-1.0369373914
2.65247410817
-1.94640338505
1.18741793686
-1.42929491869
0.197338746053
2.69832078749
-4.48008849558
2.32031692134
4.16789482992
2.75623939908
0.904645476773
-0.830454021943
3.98361172392
-0.887111888549
2.88597506106
-4.59311951922
0.0368075578185
-1.46881044487
5.4698457223
3.86703747848
-13.9928241927
5.46579374137
-7.31503646384
0.41927549195
-0.41752491232
2.36494187372
4.36540977757
2.24384311341
-0.568353588488
-6.48535564854
-0.00565387007406
0.192601824053
0.644241733181
-1.86314552677
-0.0950251537172
2.7334328701
2.10495455878
1.9426180514
2.26786478391
-0.37149817296
-2.86897367643
-1.77222545032
-4.35169232479
-0.260532150776
0.356030262572
0.228603289657
-5.00026484454
-1.671875
0.925147182506
-1.2663483496
0.684537806344
-3.8583270535
-0.609177610226
1.59801136364
-0.247963159759
4.13680438449
1.08672490944
-0.19671433888
-2.07725947522
0.919455682236
0.105191184979
0.800551373131
0.790851768729
1.48590021692
1.07986625007
2.1444568869
0.79006772009
2.64133456905
-0.735970561178
-0.520505634045
-0.800045392646
-0.0963664191372
2.36161076941
1.03177394771
-0.883207437536
-2.54813137033
4.22568460812
2.22007722008
-0.867173015968
2.9618226601
-2.60869565217
-6.47260081889
-2.08688011423
1.47681676326
-1.82196202878
-2.22543197989
1.71954073026
2.90049834817
-1.86284207056
-0.909338415464
4.19266991944
0.973877176902
-0.19439679817
-0.245251810871
-1.93523127692
-0.0559002739113
5.34094924037
-2.90451686678
3.47887823926
-0.669957686883
4.72673559823
2.40121005861
0.551330798479
-8.71225269004
-4.62370337674
-0.875082038941
1.13950658259
-3.86088066369
0.0904881034758
4.22167979585
0.895555804321
3.33140543667
-4.80647470132
-2.43863135844
1.15735709628
1.12087912088
2.32767345103
-1.60978038391
0.67947646895
4.18963616318
-2.05740267121
-1.15168539326
6.39569635386
1.45542753184
-1.01446665466
2.08971687707
1.96200949763
1.29113924051
-0.157977883096
1.16992711929
-2.12126900695
2.63309999358
-0.128279135399
0.276562901981
-3.92387072854
-1.30511678966
-0.816598112751
-1.36626692918
4.1702921069
-1.43347218819
-3.82372002592
4.98546421723
2.58899676375
0.356619754187
1.82867518319
13.8081180812
1.87203969626
16.1659388646
6.01851851852
-16.7950693374
7.46812386157
-3.41463414634
-5.97744360902
-1.84501845018
-1.8044785854
14.3247721624
-5.703125
-4.83271375465
2.25026607876
2.765625
3.22580645161
7.82608695652
1.76991150442
11.4948199309
14.1328828829
-20.0
-9.68266883645
8.61688024746
0.667259786477
-1.66229221347
-5.92592592593
0.123609394314
5.46671301929
5.96794989869
8.14741035857
8.09646856158
-0.73741583841
-4.18799918083
7.18911206234
-1.5027027027
3.82759007745
-6.22105263158
8.65835525563
8.31268582755
3.77989200309
9.22623227075
-4.64649169791
11.8131456805
-4.57208172596
4.88535890904
6.7850856137
0.741576656457
12.4139180863
6.11538461538
-2.45732507972
-20.9285078612
-6.07411535247
-6.16993464052
-3.15229775921
20.1186131387
1.16923076923
-5.72878897752
2.10276913964
-4.51074660633
-8.33441348023
6.01896385873
1.73353837551
2.6108162387
2.9081783289
1.92597050858
-12.5526315789
-3.5288144199
-1.58650843223
-0.842313885792
4.84415584416
2.39361702128
-1.62218733647
0.618665262604
-0.770637408568
-6.70241286863
-2.7609906387
-2.7316735823
-2.27528722685
0.078908803968
4.98224852071
-1.06544901065
1.77550047664
8.04686494142
-0.320841889117
2.94622803541
2.51930109711
1.06776180698
23.3952702703
-15.3075822604
-1.59087709419
-5.17954879188
0.956873315364
-5.18783542039
-10.763968073
6.02030947776
2.46500681283
-3.39834868972
0.917763555126
-5.86563601228
-5.25578890684
-3.85212799006
-1.34845234447
8.28539823009
-4.55073381903
-0.910232266164
-0.902021772939
12.5306265313
1.43195266272
-1.75560981281
1.67868542381
5.645060572
-13.8847063885
3.40302491103
-2.41996744438
1.17479139218
5.5755187203
4.73473351949
-3.627003627
4.58883994126
8.02379378718
2.29885057471
-13.2856472795
-7.69563805607
-4.99742930591
-1.56882591093
5.21831735889
-5.14193352864
-5.94774346793
5.99194360524
2.03452527744
-13.0528008577
1.20253164557
-2.0805666224
0.857219394589
3.61769059956
7.5851085009
-5.24429352952
-3.87161120682
-3.44072841884
-4.33835845896
2.35747963995
0.491040661613
1.15904139434
-7.7053004102
-4.47176334998
13.065763183
-5.01691558709
0.0
0.489220563847
4.86044691766
-4.44499833832
-0.107892771184
-1.88909697907
1.24484748557
0.330851943755
0.190602469545
-5.11872935996
-1.02723735409
1.1174063582
-5.27728085868
-0.769230769231
-2.88751616147
4.10528677185
-4.19800845333
2.80600972161
0.273244221254
4.75785239053
-3.24850299401
-0.595238095238
-6.11246943765
1.41693234148
3.45206684257
-0.524934383202
0.594059405941
-4.01267159451
1.45703878294
-3.20774282751
0.055336515183
0.16628559551
0.838398658562
0.689412592332
-4.89730380678
0.308704113818
0.444893832154
-0.642957604983
1.79301881647
1.05408198415
-0.33644603131
1.83903223551
-0.797724750277
3.17040005725
-2.34817247886
-0.0279466219521
4.46682723889
-2.960549614
-1.02348405188
-1.2324309354
-1.57421289355
-1.75415104446
1.30222463375
0.0814553353245
2.6691755523
-2.02785743548
2.75010523362
2.87982677734
-3.2539627121
0.944526679354
-5.06557815846
-0.146999866364
-3.60685302074
-1.00739607243
0.0
-1.99337624195
0.14392991239
-0.411317462296
-3.01601692354
0.443176299174
0.518703850613
2.07424940825
0.689914701455
-1.8347494151
-0.538885486834
-0.487507617307
-0.647817400254
-2.05763757116
1.13343328336
1.89428658723
2.0516338239
0.715990453461
-2.77234978017
-0.437743190661
1.07540097093
3.48489666137
-2.01271186441
0.34390045645
-1.47846978377
-0.721668399486
0.572026079469
-1.4308233297
-0.608617053329
0.563568052357
0.364919109597
-0.62855070712
3.30274083786
1.02813170178
-1.92997649388
-0.803828925569
-2.54156201411
-1.79127268456
-2.63052553325
0.0973096737264
-1.6937707501
0.594362051398
-1.78462222716
-0.876226165546
-0.93896713615
0.433137781677
-1.68714963346
1.02374210412
0.316836010051
1.98328690808
-1.64383561644
-0.588299379017
-0.417683753729
2.99458070283
-0.345192361227
-3.6788759586
-0.27275644454
-1.83746325073
1.22761332837
-0.596936080296
-0.447015514068
1.55957912728
-2.62637819846
1.93500503631
2.31057113413
-0.609164420485
0.291955017301
3.1797389267
-2.41167183842
1.84630738523
0.551931761164
0.425508090253
3.74651486989
-3.59502743868
4.94211670682
-0.298804780877
-0.541926461162
1.24483775811
-2.2491349481
0.943066713238
-2.71280511978
0.0339924083621
-1.85710314151
0.76759300762
0.973070830505
-0.276445698166
0.368063420159
-0.169587337479
2.35491523462
1.6587259573
-1.15697674419
0.508385437971
1.30831162681
2.89961013645
-3.24177767299
1.21100041759
0.582023280931
1.43639683506
-1.75795264291
2.06896551724
1.24196737519
-2.76375871185
-0.173933905116
0.439759036145
-0.0602046959663
2.06464298882
-1.36371901327
2.52283601566
-1.38488877995
-1.36597159263
0.516403402187
0.592800831143
-0.207355003964
0.128236443576
-0.219351693883
-1.54769046191
-1.26747216299
-2.44973422695
-1.73725445668
1.07884769884
-1.91928856869
1.92760025242
1.60293774773
2.22857823859
-0.739338735435
0.320417729781
2.00956358574
-0.988852930601
-0.554264258895
4.30160999565
4.37970412665
-0.554910311008
2.71739130435
-0.409240924092
-1.16772131254
3.07288864981
-2.87990596225
-2.42767936791
-0.184443172423
4.34696044598
-2.25739491437
2.02514890801
-0.911535182635
-0.742042569811
-0.272638753651
0.0779575131553
-2.20457433291
0.0890245453389
0.982469659025
-0.288129081829
-0.338204326463
0.00638162093173
-1.0294953578
1.20813091281
0.0575631595779
-0.121374728504
-1.39212598425
0.653056048694
-3.60002444838
-2.13542289748
-1.56617993406
0.586319218241
-1.7971385367
-0.904846982883
-0.828760859625
0.824065003169
-1.50973381009
-0.254755434783
-0.456466610313
-0.252951096121
0.987738419619
0.760739003603
0.240811880053
-0.280160091481
1.1742928212
-0.677966101695
1.55794141673
0.439547559046
0.240864763248
-1.69785169785
0.15037593985
-1.96189612157
-1.74930362117
0.212148280482
0.719748088169
-0.786610878661
-3.0661907852
0.352743257177
14.6670815184
-1.60421258878
2.08776097012
0.660668218713
-0.0754479723357
1.04828462516
3.53219759258
-0.659958180868
-2.52850136934
-2.01572641038
10.3581267218
-2.8762541806
0.033456005353
0.850259801606
4.12450815065
-0.468564235261
-0.5840228047
1.31013594421
-3.55298913043
1.76287590736
0.991412413601
0.413628715648
3.84391380314
-1.95574589579
2.93901542983
-3.21433650974
2.87511888214
-4.11756453423
1.6108339273
-3.20800275957
0.478303063912
1.6918088256
-2.05068010771
0.548458761455
1.25834797891
2.57427170464
0.653215270721
0.716374269006
2.26508185692
-1.37864936597
1.64868105516
-2.52739225712
-0.116737195389
-0.189338770754
-0.622376610219
0.319442427762
2.18858965799
-0.207299918561
0.0666765446733
-3.35099527424
2.19522903556
2.16806220096
1.89685381275
0.0991307000153
0.0457735733903
-0.892182065628
-2.6282853567
0.273143363354
-1.88323917137
0.590163934426
-2.13903743316
0.855745721271
-4.24183996695
-0.649928165834
0.33635365184
-2.16909542677
1.30621130689
0.300238826339
-0.56317003664
-0.55330634278
0.65883311825
0.0203804347826
-3.5260191375
1.16695398488
-1.25703810397
-0.293752855931
-2.05869189949
0.314263724987
0.476865575461
-0.14157014157
0.974658869396
3.11557788945
-0.113773256592
0.90491626148
0.216567406605
-0.558584023151
-0.408847184987
1.46208772526
-0.802752293578
1.02221616464
1.93817297673
-0.50456179154
2.02383470841
1.4740608229
2.26108590663
-0.197181041408
-2.01087734364
-0.0286163971956
-5.09878471044
1.43240823635
-1.57923275044
-1.07281748693
-0.831172285391
-2.57822115696
1.20632006818
-0.0196643943367
0.216777244958
0.827924228375
-0.605661619487
0.330250990753
2.24893631391
2.18066386033
-1.60917979359
0.876712328767
0.682711537135
0.408530674422
-0.110665375571
-2.11238997969
0.770962679948
-2.00574981614
-0.84195173694
-0.178677784395
-1.01532818027
0.30223390276
-1.93930803428
0.310217798746
2.07137673989
0.597252637866
-1.95836044242
-1.92700357325
-1.8045112782
0.188323917137
0.9761663286
0.235084821145
-0.568576663087
-1.16141117702
-1.89291840235
1.30950164463
-0.272327783623
-0.767718953446
0.116829613232
-2.25975118697
-2.73572221897
1.10520094563
1.59111377965
-0.400669776343
-0.292171009481
1.13369112947
-0.831240282263
1.28407026045
0.127357632361
-1.46997311025
0.407991840163
3.48959950326
2.07250602104
-1.54748533633
1.28934395146
-0.665494726268
2.01101575509
-1.4578731461
-2.49230769231
0.117059947015
-0.209037811251
0.655981186955
-2.7386541471
-0.186242114749
-1.19902653291
-0.595940523956
1.28488615311
1.28321530174
0.456037942357
0.256035113387
-1.21047877145
-1.29584497414
-0.807783018868
1.19331742243
-1.31307778367
0.378272947574
0.930621010559
-0.00596516344547
-0.309229305423
-2.82577289801
-0.0173330251907
-0.528735632184
1.03942860461
0.890503251509
0.547832233742
0.236183278224
-1.34560493971
0.0582852480037
-1.96
0.183192122739
4.91921436723
0.482829380168
-0.306859205776
-0.0601322910403
2.66699592542
0.415349327382
-1.65823325002
1.39704518761
-1.13066862242
-1.03429504627
0.169645561951
0.249028182702
-0.115270278469
-1.37617423562
-0.842479976268
1.53002831155
0.405225595742
-0.792031681267
-0.513371537727
-0.232267286046
-0.533143771104
0.987078248385
-0.523684836944
3.1299864981
-0.0919737568214
-0.214145863926
-1.01744186047
0.818170716815
1.53121319199
-0.235017626322
-1.70223113867
2.16770186335
1.16242538486
-1.3329200248
-0.646750846936
1.29780994572
-0.255165546428
1.42018557091
0.75039745628
1.85904909962
-0.879614767255
-2.63190797699
-0.156045190687
-0.360718950183
0.789820096534
-0.237633668939
1.22808128126
0.95865022049
-1.26206853032
-0.377192431005
0.296343001261
-1.017287649
0.837004405286
-0.00629287017808
-1.84075606894
-0.314039408867
0.894632206759
-0.315848145166
0.654531853884
0.156084160579
2.81147698825
0.425449622897
0.87787748732
1.26432240221
-0.550098231827
-0.527652921634
0.86733688153
-0.704638872578
0.268219285621
1.50066401062
-0.271505198331
-0.191672174488
-0.375320998222
0.230992608237
0.737982846885
0.20652898068
0.657188841202
-0.851063829787
1.70408439275
3.59369527145
0.911918563552
0.611664295875
-0.149137135147
-0.0213007668276
1.07650351658
3.22246092303
-0.625736160188
-0.36673023324
0.0733998825602
-0.0146778218112
-1.73085244483
-1.47090172671
3.34875523243
1.33204345885
-0.701987733688
1.06796116505
0.684261974585
1.06391063151
-1.45285703587
-1.75838728664
-1.17065367556
0.313639679066
1.66852057842
-0.911161731207
-0.830722145303
1.5465443244
-0.603118564284
1.07047279215
1.63191296464
1.10763119701
0.153010481218
1.12177007582
-2.46736587942
-0.42076790142
-2.60519575558
1.59851301115
0.455597878856
-0.829568180135
0.69361575179
1.56036964096
1.31225539099
0.300184729064
0.0230964662407
-0.207437000615
0.641769117761
0.653747373336
-3.20903954802
-2.08732851453
0.0664255664625
-0.993788819876
-0.545058139535
2.1377672209
-0.824499411072
0.644587686152
0.611256056653
2.22510096777
-0.643549364022
4.63439752832
0.838792139319
6.39129695733
-4.13101931068
11.2289287656
-6.57070279424
1.39950201769
-2.23285486443
1.93377256781
-0.324093816631
3.6326674916
1.23478883321
4.92911463712
-0.327531349429
-3.12754963285
0.427895120175
-1.70917225951
-3.72189196175
0.772703594374
-0.89485458613
3.61982881598
4.76368391556
2.3909716909
-3.48901606055
3.38772783663
2.48410757946
-0.650991061018
-1.12402728408
-0.430457241247
-3.1768083727
0.446553167737
2.55700791909
2.14404054186
4.85387287962
4.12853798681
-1.26076906913
-3.99435142223
-0.41185334003
3.35340531561
-3.55462100731
5.62665256478
4.96225577265
-4.75787692958
0.307561777495
-3.71694067191
5.65325277808
-3.58851674641
-0.579110651499
-2.43164161033
3.07852314093
-0.599607153934
-0.175438596491
-5.23227383863
1.44855640441
-0.0694031330557
-1.20481927711
-1.81765724178
3.52449223417
-5.53935860058
-8.65120274914
0.466079751424
5.75992697398
5.80451999227
-2.440403279
-1.43945022288
2.5133282559
-0.502036563418
-2.77214956714
8.93950035116
0.170854271357
-2.12472949046
2.38694732601
-0.461152882206
4.3410041841
3.51922035734
0.4787291916
0.668127053669
2.12527964206
1.71805666174
-0.969014084507
-2.23617536902
2.21821866907
-7.35447527644
1.51434925342
-2.89974293059
-2.57463434182
-1.32463424278
-3.77627699039
5.21417133707
-1.50813208477
3.48872794043
3.14604377104
1.91957104558
1.46898803047
1.99778024417
2.73660205245
-3.6051879534
-1.10869565217
-2.5630163101
0.671713402282
2.05658324266
1.97514425211
-0.977914514888
0.641380072985
-5.16988255034
0.654422630357
0.169168957496
1.24170413188
-1.3412187137
-3.70182040069
-1.43344025662
-1.43266475645
2.27364591754
1.3104013104
-6.3560540696
-3.12964338782
-0.974802280669
0.508364913578
-0.624598144576
0.55417013023
-0.267133382461
-2.87196922251
1.85910872141
-1.56095810532
-1.74526223006
0.052914719111
-3.52250489237
0.119260584377
1.21572684946
-0.146362462333
0.232999654815
1.54223624255
-0.357984807474
1.47071852574
-0.265087920827
-1.36831096392
-1.00940384781
-0.617336877304
1.98495977615
-1.24352331606
-0.0604125312851
-0.309730706358
-0.751430279225
1.71096056974
-4.94510030546
0.975325108369
1.12113293433
4.36350840151
-2.34536082474
-0.657164803277
-0.102310512405
0.25643217369
-6.06230929822
3.46431835175
-2.18592556477
0.105751240543
-1.10217216412
-1.3648627202
0.0238114136043
1.00208433542
-1.14122681883
-1.47575544624
1.37734504868
-0.0237416904084
2.10084033613
-0.490471978773
-0.424339471577
1.78469562383
2.29243081027
1.66101694915
0.837463681422
2.14734636872
-1.18174760631
-3.70462663012
4.60509166739
-2.24241909454
0.744480575047
1.32662793722
1.52288732394
1.03166133049
0.61744966443
-2.06817982648
0.114055097386
-0.506284916201
0.13110742068
-0.642640034737
-0.156073874967
1.37118748352
2.00842822559
2.33048903569
-0.954198473282
0.612599433117
1.93867089198
0.912340105342
4.10261431509
2.36544051318
-0.10013016922
1.70061099796
1.15368768026
1.66509582155
-1.05688529686
-1.04583205168
-0.520195838433
1.21825314887
0.165460186143
-1.1853668506
3.43515484621
-1.13897596656
3.30310880829
1.8021978022
-1.31222210172
-2.89595619208
1.02127659574
-0.571186799238
1.875
-1.31858783496
1.42364106989
-1.1724578981
-1.92347898808
2.16810851223
-2.84320846737
-0.18643190057
2.82215122471
0.288369112464
2.64196448147
0.208722399209
-2.40162967728
-0.235319285485
-2.47235551846
-1.30752599609
-1.49087221095
2.79399499583
0.471352257254
1.05853710173
0.233421750663
-0.925049931672
1.18059987237
-3.4999486811
-0.255937755938
-0.306184935701
1.52315822195
1.58947368421
0.89209855565
1.07342206956
-1.38668360326
-1.55273030429
-2.14154599225
-3.52223534042
0.753370340999
-0.0198216055501
0.80927165551
2.33104999489
-3.13923549218
-1.01940795922
-1.18171251453
0.721951219512
-1.06177606178
0.562997476218
-0.569443103947
0.338950222739
0.126054494328
-0.347859696589
-0.106177606178
-1.59574468085
-0.0379794910748
0.620999331231
0.566871637202
-0.838414634146
-0.152207001522
0.0856898029135
-0.473798919738
0.773491214668
-0.945894816496
-0.648435297434
-3.21084227761
-3.17068874405
-2.39834952291
1.43878618765
-1.72251264033
-1.31089309878
-2.01375652606
-0.568556361239
1.21768140117
0.0166833500167
0.722567635691
1.18167134234
0.779643591501
0.102915951973
2.73127753304
0.371418464804
-1.86583355029
1.36347642505
-2.72120486052
-0.332622601279
-0.559748961072
-1.65971643036
0.49451009974
-0.125565042692
-0.142104823205
-0.374750166556
-1.56570210673
1.48918469218
-3.45381526104
1.03879240383
-1.36087095741
-0.183779464642
1.23766380845
0.692351551682
3.16806722689
-0.642898889538
0.0417641162713
0.234427327528
-2.41032764115
-1.97036443732
1.29817444219
-0.668923275306
-1.71881188119
7.00966265469
2.35100199532
-0.757640981489
-0.929716820198
0.661114450073
1.95203081232
-1.0395010395
-0.345303867403
-2.07945900254
0.177830468287
0.331350892099
-2.1693957277
-0.520919464197
2.13664386454
-0.77097125618
0.505348269182
0.798030393072
-0.515202702703
1.56115971865
-0.469563732605
-0.0597269624573
0.540447799605
-0.376036236219
-1.55645296988
0.652045050385
-0.345991561181
-0.720509383378
-3.3444003563
-3.34976911638
0.408644400786
-1.90410114092
0.996574275927
0.705660969108
0.298836111985
0.386831925476
0.916188655194
-1.59924741298
-3.11408172566
0.549870169543
-2.65407776374
0.186205869209
0.909432544156
-0.945503275759
-2.22028099294
0.175016407788
0.734591934181
0.398259458662
-3.89822099369
0.0567335649954
-2.38144686743
-1.02774922919
0.267930750206
0.413907284768
0.346116572061
0.215053763441
-2.00543847723
-0.0339789330615
-0.480183957798
-1.36090727151
1.61334056399
-1.94749086075
-0.44335627316
0.572341275123
-0.883905013193
-0.420388859695
-1.21341898644
-0.265337820347
-0.904251907907
0.606490741338
-2.30696501733
2.23611290115
2.84994697773
-2.08319813096
4.36166610227
-0.236486486486
-2.40685789647
1.26201923077
-0.511525941673
-1.08424234459
-0.509937238494
-0.759099461494
-1.58983527008
2.37939599948
-0.208741030659
0.954889693777
-0.0394970706339
-1.36995195429
-0.529578920176
1.9019414281
2.08949207202
-0.859255312063
3.26729949099
-0.832196452933
0.335363767025
-0.293435239525
-0.879329004329
0.468909276249
0.760065735415
-0.436323970548
2.28017571996
0.293726834044
-0.487159858028
-0.0903907662356
-1.84275184275
-1.96708149338
0.261622056752
-0.0335300429185
1.81619554827
1.63775156142
2.4893314367
1.443001443
-0.0865051903114
-0.573394495413
-2.39261228487
-0.687834363927
-0.573362807405
0.451044341128
-0.689132382331
-0.657219141507
2.42619732137
-0.737801907148
-1.16942973103
-2.07477265072
-0.58264130726
-0.625582323972
1.15793725596
-0.37558685446
-0.354207044042
-3.1646388817
-0.700469121522
0.738007380074
-2.34542925781
-0.453115166772
-1.13855534126
0.872348437304
1.22609745251
-0.825352822581
-1.23210952085
-1.33235095475
-0.900517188926
1.40054294176
-0.904866715578
1.16279069767
2.13518635502
-0.864228456914
-3.81302331185
-0.883634843871
2.55954932337
0.895835907574
-2.38813170908
1.78001473116
-0.725123392846
-0.0243679561377
1.60311958406
3.95727430667
0.752025931929
2.30136622894
-1.4896119169
0.92311749967
-1.20513321608
1.49421487603
-0.329489291598
0.549960243838
0.325732899023
-1.83372487601
-0.370587087966
-1.99439276156
0.712314701919
-1.19206137848
-1.4989694585
-1.77300613497
1.72241637544
-0.780185758514
-1.56040472998
-0.182526162083
-1.13684210526
-0.00601467580897
0.739214735822
-0.524380688325
0.393319617572
1.28087270944
0.455580865604
-0.975431323538
-2.06579497283
-0.0775563775206
-0.415874524715
2.14831897075
0.813704496788
0.374600835176
0.437920187504
0.272125672583
-1.23388919431
0.226521366475
1.61119751166
0.056018921947
1.27970749543
-0.582852845325
1.559416969
-1.44282040023
0.479041916168
0.474984167194
3.04770606278
0.169967967575
-0.429603593048
0.985998816801
-1.69940553114
-0.62925388468
-0.275340974579
-0.312779267203
-1.77440591887
-3.42133946954
0.0484672240397
1.04683195592
-0.396341463415
-1.81404538107
-0.232947079202
-0.380816375104
0.166885206818
-1.16053019146
2.72314674735
1.39903049641
0.406629289631
0.0123236182143
1.52643102909
1.03659692813
-0.496855345912
0.207978823974
1.16034427797
0.191632066432
1.49108589951
0.78405749755
-0.900025900026
-2.25935067401
-1.24375
0.338642919855
1.16094652033
-2.84745762712
2.48231430015
-0.233158989224
-0.675971709332
0.326530612245
0.957271459364
-1.38784696174
-1.31408476772
0.396407556519
-0.407130960459
0.0370256093798
0.739773716275
-0.7343412527
-0.680313802403
0.747144180303
-0.960127201566
2.43046855425
-2.16338787767
-0.408935546875
0.583215667015
-0.0306861421382
-0.15931372549
-0.729927007299
-0.772573635925
-0.552220888355
0.969696969697
-1.23900161609
-0.612730517549
-0.814255369365
0.85693882409
-0.107002734514
-0.426186811886
-0.459580485506
0.993751859566
-0.385299347955
1.89659338004
-0.986783087136
-0.274348422497
-1.21369233488
1.27088305489
-0.4336719539
-0.0356315695706
-1.49751389295
0.269810546073
-2.48798901853
0.0400526406134
-0.222653573875
-0.742335807786
0.175976385104
-0.164352507793
0.0567054153672
0.352813975986
-0.863138892023
0.209169540392
-0.707269155206
-0.68015833194
0.605754669359
-0.084061869536
0.586245772266
-0.554963843265
1.42710939277
-0.407701019253
-1.2027972028
2.04372894902
-0.629680054459
1.77829099307
-0.276370336251
1.71595900439
1.85516583154
1.79124415569
-0.938345864662
1.43380109823
-1.16980221901
1.04801364855
2.6905268427
-1.19930761622
0.835307318289
-0.822256568779
-0.11115914284
0.577639751553
-2.06216923171
0.544342507645
-0.341338534682
0.207671634498
-0.564834497419
0.851402670587
-0.753799392097
0.0
-1.22493094752
1.87178859799
0.41769041769
-1.5600435361
-0.642835686392
1.03799927158
-2.36472470811
-1.8440954043
-0.405561993048
-0.95259956387
0.432251743415
2.13079051151
0.10016497761
1.81163767247
0.816449954642
-0.893071205946
-0.743649235529
-0.0535140920442
-0.614584564472
1.3596885295
0.742215785663
1.51301684533
0.939838001608
-0.345061310001
-0.00616142945164
-0.945987183399
-1.24758919961
-0.807078376278
0.710458185321
1.74589561382
2.95156407669
1.27746550843
-1.01163378857
1.39761507886
2.13462545836
-1.30541553574
-0.116189000775
-1.46291820379
-0.139735772358
-0.228136882129
-1.65773401471
0.00623247117483
-0.248678893379
1.64939332659
1.08598441293
-1.07431749242
-0.988612188712
-0.342956912141
0.93781470292
1.6181643748
1.17121780769
-0.630144032922
-1.19440914867
0.127226463104
-1.47289251018
-0.455452957325
0.520539354029
1.79392236977
0.134245349358
-0.786452717702
0.844259673809
-1.88264825855
-0.312793243666
-0.193556443556
-0.995240155777
0.35982381041
0.279955207167
0.581941055003
-0.137474223583
-1.09394313968
-0.363322864708
-0.116865543117
-2.17221252783
0.114457831325
-0.216398172638
0.562171311129
-0.31935406122
0.0421966363253
0.0241181790775
-1.40886933777
-0.965501000824
0.0765922347258
-0.0647668393782
-0.234962406015
1.19479284313
-0.0890842142772
0.220224986608
0.737498501019
-0.394171046345
0.377675199329
-0.0479357660735
-1.51658208427
1.00131124091
1.74034321751
0.14574603753
0.764900257006
-0.837378640777
-1.31736526946
-1.28273334516
-0.762597524491
0.19395791701
-0.775645885578
-0.14558583741
-1.88549880014
-1.01798439091
0.317712470214
0.490307867731
-0.312588803637
0.23356499943
-0.125170687301
1.67177647944
1.5389133627
-0.83872095055
1.33986542321
-0.188523624367
0.378474275577
-1.83443631719
-0.115968920329
0.0754366622178
-0.0232058942971
-0.208417761825
0.482838859802
-1.51818963048
0.339158427225
-0.0402229500661
-0.639451898373
-0.182367356243
-1.3493000506
-0.0168634064081
0.0506158258816
0.0900647340276
-0.815141533136
-0.367135784614
0.0946547884187
-0.2665482008
0.183588317107
-0.199877852424
1.52762119504
-1.37321398788
-0.624309392265
-1.18469181635
-0.440265246222
-0.032601608346
-0.422032247592
-1.63393474906
0.907626208378
0.491122024934
0.108055540548
-1.44827218998
2.02075071976
-0.55639585134
0.701735298917
0.141635343466
1.58826784726
-1.19203849519
-2.75961078322
0.314700234692
2.00217627856
-1.52164594942
2.96243173167
0.493402816277
0.90059853443
0.0391717963067
0.823741819002
2.70019701008
-2.44757221186
-0.52294197031
-1.2987012987
1.89447491941
-1.79384649561
-1.79438232888
-0.304496764722
-1.29347359382
0.128976784179
-0.47601219447
-1.58955734512
-0.440182361264
0.294318599884
0.226506531816
-0.607329842932
0.152063342247
-0.568300312826
-0.0416927246195
0.893889998948
-0.0315391084945
0.136856511212
0.0263254883378
0.152921324615
0.237856123474
-0.29512516469
