-16.2938388626
11.1228144091
-17.7153752817
15.0922693267
23.2935678268
-3.20238095238
11.5537848606
-18.5945945946
9.48041188306
18.0852550664
16.1525974026
-13.1415679639
-1.37672090113
-16.9150779896
0.33619290517
-12.6481012658
-6.5752128666
16.589455107
-3.79881154499
-10.0591715976
-6.5215451869
4.45438449352
-8.72671599898
-9.83204233453
-19.7402437523
9.27557678079
-16.2186531417
-14.7325933401
0.511953634388
-6.01025920378
-6.63304229889
19.8212381291
17.6987447699
2.96651895618
60.3157375432
20.7697807436
-35.5205532078
-12.9081905782
-21.0565240359
10.340405689
-4.29009762901
27.807486631
-7.85151116951
-10.3440150801
5.13408063417
23.9122093469
35.5419180362
-2.22719414217
-15.1815750884
21.8648165668
-20.479812756
-12.7616130679
-6.37034002458
-10.1472392638
1.875
-9.02888332954
13.6616259532
-8.52988118461
-5.37002852828
