-1.17067159581
-10.9937402191
-2.55164034022
-4.24
-6.68485675307
-3.81272224417
-3.20015148646
-4.22808378588
-1.36121522983
3.2602133226
3.55973813421
6.68686868687
9.12169312169
8.1271331058
9.20879120879
4.69051188691
4.34232715008
-1.31578947368
0.406939387449
0.552486187845
26.1891891892
40.562962963
41.8666666667
37.3235294118
40.0495202724
21.5505913272
14.406779661
16.3793103448
21.4285714286
19.6666666667
8.48182466144
9.0169992609
9.18674698795
0.430416068867
-5.06329113924
-0.213371266003
-8.08423913043
-9.59836623553
-2.17543859649
2.00860832138
3.19266055046
10.0560747664
9.3005952381
-0.869565217391
-3.46260387812
-17.4242424242
-25.1748251748
-20.9411764706
-12.8787878788
-12.8019323671
-2.22222222222
5.14705882353
0.354191263282
-8.18030050083
-10.0244498778
-13.4615384615
-12.1219953476
-14.4876325088
-10.15
-5.46995377504
-0.484817555499
-6.90567853705
-7.73171867722
-6.97674418605
-13.6968085106
-11.8136813681
-5.41647701411
0.750821210699
2.38095238095
6.46531382728
0.862460281434
0.0
-1.31974994212
-7.93511617712
-3.41841385597
1.73170168552
1.15101289134
-7.23797250859
0.817679558011
3.5394053799
1.30994152047
1.61403508772
8.12819321876
4.76962259782
0.307692307692
0.140548137737
-0.140154169587
-2.40253853128
-2.26295541978
2.27547809247
4.76073619632
7.025
11.3579000505
6.97167755991
-5.03448275862
-6.06270170586
-8.17263544536
-10.4632768362
-3.66138059701
0.578034682081
-1.96610169492
-1.42566191446
5.35714285714
-2.41238051889
0.721937587331
6.47256977863
9.35412026726
7.69230769231
11.0717896866
12.0856173323
11.5704697987
10.5306345733
9.27430652844
11.2485939258
8.86615515772
0.512682137075
-6.25641025641
-10.6409614422
-9.03044256843
-10.9113924051
-6.90781210751
-4.87804878049
-0.770186335404
-3.48148148148
-6.08654303376
-4.50947469417
-4.78402229447
-5.1602262017
-7.828857533
-4.14767547858
-7.8062804069
-4.18335558522
-3.67680435769
-1.5239802779
-1.81248601477
-1.56726164562
-3.10478654592
-6.37484062898
-3.0
1.29193109701
5.00571428571
4.22471910112
3.1565103025
0.0
-4.08695652174
-4.37158469945
-7.29166666667
-4.95833333333
-1.47783251232
-1.8771331058
-3.80571909167
2.54219183935
1.5873015873
-1.70526315789
-1.69846928077
1.45051194539
11.1348528015
17.3913043478
15.1515151515
12.2117647059
15.0429447853
0.285714285714
-2.87162162162
4.21930267812
3.96281800391
-2.25473734709
5.0
7.30191610564
1.17586912065
11.6329874386
4.8277596178
3.57327809425
0.311688311688
3.62913907285
-3.32629355861
-5.30952380952
1.9535374868
-0.310719834283
-4.57532861476
-5.74769843245
4.84273589616
-5.01504513541
-3.73878364905
-1.24812780829
0.475
-3.46987951807
-1.99066109609
-6.6976744186
0.932224741749
2.5641025641
4.56034265558
4.49409347714
12.0375195414
3.09090909091
-1.11561866126
4.44736842105
3.15231788079
0.0
3.88559093362
8.41121495327
2.536427415
0.989834135902
-2.06685378923
-3.26285565127
-6.57421674371
-7.21081622434
-6.26880641926
-7.65786993402
-7.41904301595
-8.78425860857
-7.11627906977
-10.3820224719
-2.70518110958
-0.433108758422
3.16578057032
2.99401197605
5.65052231719
5.59186637618
-0.311825377788
3.45
4.375
4.64596273292
2.0
-3.04651162791
-8.9667728721
-6.5638869423
-5.56076959174
-7.30144197757
-4.44444444444
-0.700564971751
-1.15446779035
2.40269101394
2.65507518797
2.27272727273
-1.24972104441
-3.88371060808
-13.2916666667
-10.6257874843
-5.76140501178
-5.78216989066
-8.2654723127
-2.53807106599
-6.97401836296
-13.63300037
-16.1051331805
-13.4449339207
-11.7541659201
-5.41389504804
-3.36074365391
-1.20250958522
3.40743440233
-3.14127039222
-8.95020188425
-3.75086028906
-0.640692640693
-2.76399716513
3.46561321602
6.50421071493
3.67463432037
10.1258581236
6.61125802796
4.83810240964
6.5483008782
3.45082118472
-1.05660377358
0.972725538814
0.207508017355
-4.78094891838
-0.532305433186
-2.94817798938
-5.00090596122
-6.24336752741
-2.53366406804
-1.1611030479
0.293847566575
1.62032774811
0.802282046711
2.37620170506
5.45245838913
5.68711180124
14.2887205387
19.1882702932
14.7824276494
6.67346938776
4.90735084504
20.6703910615
20.5739174994
25.9638080252
30.3885045237
30.5075737444
0.58748403576
-3.05514157973
-5.43154761905
-6.21412528076
-3.78419841473
4.31654676259
10.2409638554
10.9215955983
10.3248898678
8.06852721746
-1.26282557222
-8.99576376775
-8.02125506073
-9.87593052109
-8.10055865922
-4.03938399394
1.6721560679
-1.56911581569
-0.123915737299
-4.23151750973
0.891492613347
-0.403734544537
1.95530726257
2.82874617737
4.10126582278
-0.405885337392
4.15243101183
5.12546716498
6.19756427605
6.18279569892
3.08577405858
-3.91414141414
-5.7372924006
-7.1608040201
-2.74509803922
-1.89840944074
-0.577454180266
-4.5170591062
-4.80746232959
-5.74174470182
-6.20789220404
-2.71128480703
2.46184145741
3.1836130306
-0.927734375
3.84807596202
3.96140172676
5.80880437614
4.27174472465
3.43434343434
-4.73696738872
-6.90307328605
-9.45754716981
-11.0347985348
-12.1756487026
-3.86727688787
-3.31428571429
-2.48390064397
2.8732925106
9.9756097561
6.32603406326
5.90656015493
5.63654033042
2.51086431676
-0.966183574879
-2.92867264998
-0.74483421432
-0.0728332119446
-1.07475519465
0.120918984281
2.14716525935
1.73551698851
0.931144327371
-1.73668153016
-1.54761904762
-4.77831380657
-8.17059483726
-7.25
-0.327485380117
-1.54711673699
3.69223439733
6.09668968802
4.38908659549
0.540921919097
1.35424091233
0.430622009569
1.18072289157
2.47994164843
0.377714825307
-6.46666666667
-7.37868380235
-10.5603448276
-12.3961661342
-7.89302022179
-5.73942186845
-4.70861486486
0.389441800087
1.95439739414
-1.68875587858
-0.209030100334
1.19658119658
0.260303687636
-3.15457413249
-2.15436101234
-3.91644908616
-6.67996011964
-3.00862613086
-0.460540087921
-0.395833333333
2.34326824255
1.43608414239
-4.32769726248
-3.49494949495
-1.53846153846
-0.734543970618
1.45700800328
3.04915992533
1.76809210526
-0.306748466258
-0.446881982531
-4.97269890796
-4.53465346535
-3.68316831683
-2.68656716418
-0.565542314684
2.56
-0.492610837438
0.0
0.239377618193
2.06143063286
2.77492291881
15.2099886493
17.3327137546
17.2631578947
14.7893989588
11.3782051282
-5.08511096746
-5.71741511501
-5.94059405941
-7.22283205269
-6.68660542619
-1.02367242482
-5.01456512692
-7.15015321757
-4.34691306174
-2.07112970711
-1.07594936709
2.78015397776
1.45077720207
-0.60530160718
-0.582362728785
-0.524658971668
-1.62002945508
1.72886358845
0.608987820244
-0.103885310617
-3.38605028386
-3.25666598819
-2.76752767528
-2.7964890794
-3.04190169218
0.962128966223
2.22638368706
-1.17504051864
0.0204164965292
0.93533956893
-1.27324171382
-3.82229337603
-0.763972657821
-1.72552166934
-0.746720484359
0.222807372899
-0.0200080032013
-3.52986811482
-4.95804729214
-6.42115203022
-7.26897069872
-6.64923421741
-3.71615312792
-1.79775280899
1.26219162364
1.87523918867
3.43894899536
4.18287937743
0.773730892621
-1.13442994895
-1.34038134793
-5.49570932993
-8.76819311324
-3.72456395349
-2.81146637266
-3.69090909091
0.495412844037
2.75396680649
2.20984215413
4.03364557446
4.2061386889
-0.201428309833
1.93344487823
-4.35168738899
-8.30850131464
-7.56567425569
-3.77092511013
-4.76274787535
0.106685633001
0.228390723823
1.06194690265
-0.438596491228
-1.24147578248
-1.93548387097
0.672090555359
-0.929335437489
2.83240122677
4.5521023766
0.087260034904
0.604982206406
-0.609968630185
-3.68375325804
-5.68965517241
-1.47867950481
-4.3241402792
-2.09861798328
-1.16778292976
0.346020761246
-4.65573770492
-1.95292939409
-2.34921692769
-2.06861755802
-3.65060843474
1.49750415973
-0.233139050791
1.55668358714
-1.62144275314
-0.282579787234
-0.496688741722
-0.710978835979
-0.688959838683
3.59958861844
2.7848966342
5.04347826087
1.81818181818
-0.38500167392
-1.83409052667
0.0170881749829
-2.31056744818
0.934579439252
0.8440243079
2.43019648397
-0.136518771331
0.102040816327
1.11683848797
1.28227047359
-0.803556163447
-3.45963756178
-6.30975143403
-7.25099601594
-7.88976377953
-7.74447949527
-5.14142834818
-0.696202531646
5.46218487395
5.71000499417
4.79338842975
4.90163934426
5.31578070322
1.29383724889
4.17967395075
3.95189003436
5.11804239187
1.93647018855
0.324508966695
-1.72149309698
-0.529823961716
0.834057341442
1.74559281023
2.64726507714
-0.119169220293
1.93379790941
3.88086642599
1.83034142907
0.0701754385965
2.29885057471
2.5
-0.162191385835
3.78082191781
5.75139146568
7.66922932683
2.41404535479
0.470758645664
-1.06613661005
-0.185185185185
-3.28255350018
-2.44424620874
0.601092896175
4.61247637051
0.558659217877
-0.0362581580856
2.91957399927
-1.70098478066
-5.26504297994
-1.28676470588
2.60416666667
3.24170616114
2.00913242009
3.40740740741
1.30353817505
0.354676124697
-1.47553231229
1.86046511628
3.72646945832
6.56876364358
5.45275590551
6.33565044687
7.19984044675
3.54017501989
-0.0198412698413
0.893743793446
0.7
0.78391959799
-3.97249809015
-4.90566037736
-5.0
-3.84615384615
-1.97044334975
2.86836935167
6.85483870968
7.9869600652
1.12796577207
-5.40540540541
-6.77655677656
-9.32358318099
-10.8446866485
-8.63539445629
-5.47921071177
-2.5
-1.74241063409
4.5584045584
5.82925911997
8.32061068702
3.62694300518
4.05607476636
3.11398354877
8.57492854226
10.2229701304
16.5911542611
10.5371900826
5.08335048364
0.554300964894
-6.50934119961
-7.85288270378
-1.80564008927
3.3829787234
7.10202286719
15.8050557959
12.7802690583
10.6149012567
4.46765947988
3.55191256831
2.6654196867
3.72093023256
0.700564971751
-0.684326710817
-0.295119182747
-1.85865075723
-4.01785714286
-2.72587381842
-1.84182015168
-3.82096069869
-5.05446623094
-1.12557934231
2.15584998877
7.3755234993
6.06762389995
8.81934566145
7.44605169552
6.35299737282
2.62655205349
5.44566544567
0.118680275338
-1.93023255814
0.215414073719
0.359453630482
-2.98507462687
1.03117505995
-0.116144018583
-5.0670302204
-5.37414965986
-0.212765957447
-1.20824449183
-2.97498309669
-3.508002631
0.547195622435
-2.03798054655
-2.92088316467
2.94663573086
8.49191246432
4.57796852647
8.05805805806
8.67283179205
9.61342828077
5.54858147125
0.191113234591
-6.15312353217
-10.9899888765
-8.72794800371
-10.4943820225
-3.65937859609
-6.49978041282
-0.772626931567
-4.77453580902
-2.41228070175
-7.53351776974
-2.50481695568
-2.09639074995
-3.94904458599
-3.36935791481
-0.969441517387
-1.35163674762
0.325238508239
4.15745245467
5.94970812753
7.81640536242
10.5275443511
5.17673888255
3.66804218249
-1.52553614857
-3.4021071115
-5.40958268934
-1.57126823793
-4.59317585302
0.355003328156
4.13714285714
1.61543639219
1.3882567137
1.39720558882
0.64761054042
-6.01503759398
-4.15053763441
-4.68546637744
-0.573318632856
-0.753546099291
6.86409550046
7.41510741511
6.81186283596
3.53881278539
6.08981895133
-1.5148089532
1.38173302108
2.93346052945
5.46592824464
-5.69844789357
-0.158013544018
-3.06469920545
-5.00679655641
-4.59453250632
1.30278526505
-0.382280188891
-4.44685466377
-2.23698781838
-4.91480996068
-2.49671484888
-3.36810082573
-2.33050847458
-5.00736377025
-2.8025477707
-2.18508997429
0.152339499456
3.69068541301
5.50499445061
7.43613138686
7.50806080147
2.93458781362
4.88479262673
3.42056932966
-1.72607038781
-4.92664768995
-0.645448475406
-2.55949708128
-1.38102784695
2.12912087912
5.49780549781
4.05280222325
5.04716981132
1.91508998616
-0.387685290764
-0.870162583009
-1.81900864029
-6.07000443066
-4.8726953468
-3.56278865186
-4.40017513135
-5.13373597929
-0.287165893528
0.330323717243
0.887508320391
-1.18970365563
-0.0215656674574
-3.0205655527
-0.547525186159
-3.24173465006
-0.815275691912
-5.5600814664
-1.24814893167
-3.97476340694
-3.26064382139
-4.87755102041
-1.30653266332
-8.33818111305
-2.93937538273
-3.85383386581
-7.28476821192
-6.66041275797
-1.03626943005
-7.37379466818
-3.80330388014
1.22581880866
0.490196078431
1.34189031505
4.11417322835
-0.458891013384
0.0766724170979
2.99029126214
0.0
-2.06284943127
1.00424874469
-0.949307005886
-2.07263738353
-3.43661971831
-3.53356890459
-1.0888252149
0.707456978968
1.40763594292
0.188146754468
0.0372093023256
-1.33810780249
0.153198008426
-3.90957939596
-2.06375529759
0.410984494676
0.66401062417
-2.64727815063
2.31279620853
0.0737599114881
-1.09016999261
-1.23664980326
-0.758556891767
-3.15770148706
-0.949771689498
0.315106580167
-0.946547884187
2.25122966326
4.20891524775
4.20631899505
4.05014464802
3.1393568147
1.96759259259
-3.0241187384
-3.80812889052
-5.27950310559
-6.69762457582
-7.37895301054
-1.55251141553
-2.25483178239
-1.79404377467
0.9738503156
1.2481910275
-2.07476301198
1.04882459313
0.978260869565
1.64986251146
0.509090909091
0.431111909466
-1.47871013718
-1.98863636364
-2.6240628347
-0.668231894528
-1.69521455059
-1.3532513181
-1.07149130511
5.53880934439
3.51467564031
5.10393466964
5.66388115135
6.3913287236
-1.4847809948
-0.409607149507
1.66037735849
0.354081252329
-0.223755360806
0.335195530726
1.16782821624
-0.113079532605
2.71822358346
3.13461538462
5.08806262231
3.18756073858
2.09736386377
-0.495238095238
-1.29081245254
-1.69295883032
-0.656497393319
1.3850955911
1.46888287592
3.90532544379
2.6866851047
4.0168708576
3.13883299799
2.25296442688
-3.99545540617
-4.09245926487
-7.33296110181
-8.60610518573
-7.66423357664
-4.41628959276
-4.17574437182
-1.68344007319
0.092030185901
-0.70664975539
1.00548446069
-0.307692307692
-1.38939011187
-2.40704149452
-1.65716322167
-4.0014040014
-3.87961029923
-3.17959468903
-1.98943661972
-0.302007461361
0.228671943712
2.13219616205
3.33995306012
1.81036027962
1.09554597701
0.887311446318
-0.49504950495
-3.02871148459
-2.55021834061
-9.46341463415
-8.04503916449
-7.46073298429
-6.12982744454
-5.21523178808
1.06820049302
0.49196457855
0.493258796449
-1.64861807015
-3.18961372015
-3.56576862124
-2.91354879796
-4.31088735053
-3.2979055955
-2.39361702128
-0.252924438824
-2.37799191794
-1.38091543832
-0.867678958785
-1.12915699923
-0.955064975732
0.767423649178
1.3843007708
3.06611306292
2.94585987261
2.96630662583
2.5702811245
-0.360501567398
-1.02734313261
-0.491205831089
-2.92644757433
-2.5974025974
0.393391030685
0.0158077774265
0.68602425016
1.42857142857
2.99758259468
2.63242894057
2.0981278244
1.35834411384
1.94174757282
0.404530744337
0.145560407569
1.25837555156
-1.21405750799
-2.38508924341
-4.43791557136
-7.9499776686
-9.14625092799
-6.91449814126
-6.69123065586
-3.76488095238
1.77272727273
3.20257431811
2.60909368325
3.46142116499
3.55987055016
3.02841086481
0.881125367136
1.73859049984
2.11772033634
-0.337889725081
-2.95409786396
-3.15868263473
-3.75018676229
-4.5765230312
-3.75461936438
-2.25085147342
-1.54753131909
-1.34139150943
-1.11666176903
-1.18317265557
-0.118325691466
0.444115470022
0.518595347459
0.50206733609
0.0877192982456
-0.383085310152
-1.88816267248
-2.32995658466
-2.11043654235
-0.941346850109
-2.14821222607
-1.44574864014
-1.94408968355
-0.703315630831
-0.761713135959
-0.772532188841
0.359143801178
2.68104327554
1.66350503429
-0.114843525696
-0.498220640569
-0.62812276945
-2.91413212618
-3.11041990669
-1.97016605685
-1.9813031952
-3.03156146179
-3.42896174863
-2.25262576009
-1.74225663717
-1.82191780822
-0.276090557703
1.10497237569
0.976835054424
-0.385674931129
-1.69674117964
-2.59513244588
-2.0297699594
-2.17064846416
-1.26478988168
0.541565123206
0.731409995937
-1.09743040685
-2.11145262595
-1.28876359243
-3.652491521
-3.67906066536
0.0535618639529
0.0401069518717
0.120967741935
2.06363999467
0.656598818122
-2.78573288206
-2.69285807207
-2.84669626534
-1.55963302752
-0.587467362924
0.444560669456
0.813114754098
-0.0261096605744
-0.676907055454
-1.63092333376
0.117816468124
-0.508872651357
-1.89549180328
-0.736529267347
1.45928338762
-0.49498502019
-0.776799585707
2.22571353758
2.08415776283
1.53459452309
1.13292056383
1.20545073375
0.831683168317
0.477137176938
-0.10572221488
0.984435280032
3.78025564319
1.74613834788
2.49966037223
4.89326309953
4.47533009034
3.460889139
5.67778566359
4.04240282686
5.54498902707
8.08171849181
7.04819277108
4.30855789162
4.04411764706
0.293470286134
-1.65460186143
0.529901589705
1.56390977444
2.19416892095
2.58919163029
0.311203319502
-4.20594633793
-5.87402689314
-6.13626745662
-6.35748519876
-5.15811665495
-2.92834013797
0.0141562853907
0.982905982906
2.396073903
1.19470914521
0.78036322361
0.198581560284
-1.47368421053
-2.73761055735
-1.91127232143
-2.0022246941
-1.81058495822
-0.516615470539
0.0561876668071
-0.0278940027894
-0.511827362014
-0.828729281768
-4.89974770947
-6.20553359684
-4.88193154683
-4.56765676568
-3.83849116749
0.0
1.24049619848
0.292708887706
2.55889520715
1.07396966036
1.61921468088
1.44790257104
3.31271477663
0.887856850157
1.34693877551
2.23479100566
1.79063360882
1.5069066555
2.47760358343
4.5965561406
3.61635220126
2.6148409894
1.22881355932
-2.00274348422
-3.35579700179
-4.99728408474
-2.68225584594
-3.146374829
2.58936110329
4.90549704227
5.24510504502
2.59666948913
3.95335608646
2.14172775622
-0.545271918496
-2.54874651811
-1.03351955307
-3.64483420115
-5.53971486762
-6.15405332615
-2.89423857181
-3.85390089969
-2.75816122585
-3.04107424961
-2.22514812377
-1.05713903386
-1.11538972248
-1.35383806519
-0.93896713615
-1.11964587944
-3.19948186528
-2.63736263736
1.5347657814
1.3615333774
1.69469085132
2.00845665962
1.37614678899
-2.68831168831
-1.18861024033
-3.16666666667
-4.62507876497
-3.36879432624
-2.64255910987
-3.93977415307
-1.6393442623
-0.439146800502
0.547561441487
0.368020304569
-0.225338007011
-0.601654550013
0.0125486259255
-1.92331709754
-1.01746011808
0.998862055886
0.897938535475
2.12738690247
3.20959010054
2.89517900995
1.2676056338
-1.03879849812
-2.79058178647
-2.5988700565
-4.23319717787
-1.27670332448
-0.025025025025
-0.631344392176
-2.26993865031
-0.39452595241
-2.70569425655
-2.05882352941
-1.77529182879
-1.88997231251
-4.99004334075
-5.58522991175
-3.56889624202
-3.0303030303
-1.4590747331
0.447111424874
-0.324074074074
-2.09418026148
-0.783809078147
-1.96534480754
-0.0117647058824
4.72727272727
3.21232385957
0.754361150401
0.655507432986
-0.105770360794
-3.7788663401
-1.08669974014
-1.97573656846
-1.46482122261
-1.87961254613
-1.06162012462
-1.35166627826
-0.173010380623
-0.936928702011
-0.32183908046
-0.448018380241
-0.820524673524
0.990099009901
1.88591385332
-5.1254089422
-4.86338797814
-5.33858439996
-5.74220465525
-6.25341045509
0.935608145294
0.0109301563012
0.92745942365
0.109914266872
1.03649796008
0.176425184695
2.33780760626
2.53594475263
3.12854228066
3.40935005701
2.39358699334
1.41803743619
-0.293486849532
0.227221086117
-1.40528386734
-0.146561443067
-0.451722190853
2.06221198157
1.99304750869
3.05874174487
3.27162649901
3.99295361127
0.404858299595
-0.219678575558
-0.369387048367
-1.35523142299
-1.7877739331
-0.173210161663
-0.631893382353
0.498839907193
3.71649791543
4.13163583954
3.1443544545
2.82339043119
1.16183546532
-1.57111032946
-2.54009130282
-1.45539906103
-1.00573032394
1.56138259833
0.459363957597
-1.23699421965
-2.34957020057
-1.65612420932
-4.44191343964
-2.76027946398
-0.859598853868
-0.399543378995
-0.263821977518
1.50289017341
1.20551756115
0.645979928481
1.15473441109
1.65578358209
-0.745840504877
-0.196668209162
-0.161234596338
1.40515222482
2.21692491061
5.58517082627
6.1394891945
3.83879454676
2.61956260514
2.73050079589
0.230722525805
-2.24462849598
0.746987951807
1.36419001218
-1.70899025153
-0.411174265328
0.908430232558
0.838294253432
-0.170233463035
0.886352598349
3.68652037618
5.83258556595
8.50250461376
8.31028578954
6.3670411985
4.33019361591
-0.700101832994
-2.51863274223
-3.06396016852
-0.231928875145
-2.08786986038
2.11880930716
1.31493295144
1.56898340249
-0.180064308682
0.540888602704
-1.04193465397
-1.24710722551
-2.04496380033
0.193298969072
-0.244090441932
1.17126496616
1.73969914977
2.23347617193
-1.48533705726
-4.98046875
-7.63312898185
-6.87050797905
-6.63191076625
-4.7751450677
0.379855409876
1.52550646815
-0.412471187674
0.340632603406
-0.505171999038
-2.6366022429
-2.16119402985
-2.25305348037
-3.06603773585
-2.09609043806
-2.13660245184
-2.57096323872
-3.22469589167
-2.02195262854
-3.10360565952
-2.83607487238
-2.73817605793
-1.40303236026
-2.58863252673
-1.95771339076
-2.16426193119
-1.08561835478
3.04302203568
0.965909090909
2.37059092991
4.0415704388
3.88326938728
-1.08407334794
2.82776349614
2.36811254396
0.417439703154
-1.24009645195
-0.367689302539
-1.72255397336
-2.61445370476
-2.55367231638
-0.932772153339
-0.967228038234
-1.53776571687
0.945027083093
2.15860556389
3.14443271149
4.12322274882
5.28571428571
2.68639053254
3.37708830549
2.86024619841
-1.66608411977
-3.3594109526
-0.821596244131
-1.44654827708
-1.71984343494
2.54480286738
5.10278113664
3.95314787701
4.22897769061
2.60435682122
3.58910891089
3.42671335668
1.51102303691
1.54344037839
3.65838274253
2.20086010625
0.326223337516
1.08927006385
0.777722027095
-0.213997985901
0.970625798212
1.00114053986
2.07028753994
3.50558296546
1.93763634031
1.59595173219
0.50948923704
-0.343861436577
-3.725
-1.70282542886
-1.80914766212
-0.544717506967
0.076472087688
-4.13421210306
-0.9
-1.14609571788
-2.4830142063
-3.45761043435
2.58143822987
-1.96078431373
-2.33702337023
-0.184956843403
-0.501958863859
-1.15431348724
-1.27041742287
-0.233157442631
-1.21802679659
-1.31690225927
-0.339065148946
-0.397686189443
-0.52490234375
1.65923724616
1.30966952264
0.498965559207
1.87845303867
-0.642813826562
-2.93269230769
-2.13224724485
-2.29488703924
-2.47844827586
-1.64618871526
0.970873786408
0.821256038647
0.059488399762
-0.583263897155
-2.01052016365
-5.39609644087
-5.69476082005
-4.48863636364
-3.23658143285
-1.22387715044
-0.251946862116
1.01242521859
1.72234423766
1.43708377147
0.744445736885
0.506445672192
-0.889395667047
0.0809810273022
-1.62068965517
-1.95027372263
-1.50776555946
1.44592249855
0.628637951106
1.99296600234
2.46581745939
0.696347031963
-1.00767204855
-1.41168369104
-1.61476355248
-0.384167636787
1.97904540163
-0.0915227090722
-0.898544131028
-5.18372703412
-4.28969359331
-2.93785310734
0.17190006876
-0.632911392405
6.63556851312
4.07003710575
1.72413793103
0.195200367436
1.00456621005
-1.88787185355
-0.63371356147
1.22164048866
1.80011689071
1.77762286511
1.8648018648
-0.241379310345
-1.41087405368
-2.00458190149
-0.278067431352
-0.46403712297
2.11267605634
3.00094517958
3.06965761511
2.50593824228
3.29538645896
1.40442751726
0.450985046285
0.857346987378
1.26277811185
2.01711491443
3.79246448425
1.35931673283
0.755848830234
-0.645238379735
-2.7926322044
-3.00742870836
-1.49306789904
-0.643700083443
-0.923404759086
-0.15424774561
-0.642857142857
0.142399430402
-1.02642756017
-0.506478209658
-0.940291490362
-2.25738887596
-2.65680951831
-2.79816513761
-2.74914089347
-1.95897672275
-0.428687290001
0.604299825683
1.04287369641
0.437183617119
2.21436984688
1.54117647059
0.820152314001
1.5413578068
2.92480757845
0.330891042307
-0.0235238767349
-0.778888630551
-0.503394989464
-1.23962109695
-0.388463802237
-2.07325501037
0.0116265550517
-0.628199162401
0.0702165008777
-0.293427230047
1.49637596446
1.18823529412
1.01057579318
0.635967494995
0.188146754468
1.1469788341
0.164977610181
1.75774243692
2.19039595619
3.09128379197
2.44700181708
1.87274909964
2.22466691114
1.63914373089
0.450560155869
-0.338041772305
0.337268128162
-1.0761789601
-0.329188002926
1.0583312823
1.20967741935
1.44183773216
1.22399020808
0.551673409342
0.160236657217
1.08695652174
0.355610055181
-0.668693009119
-0.766423357664
-1.45754888862
-0.430451358996
0.0613496932515
0.747182753552
1.89661584232
2.52801992528
1.95611285266
3.55781448539
4.69351115671
2.12685150019
1.31213726975
0.125549278092
-2.85149981484
-2.525
-1.64363093015
-2.65291083272
-2.61645677956
0.947040498442
-0.249376558603
-0.532573693337
0.954742715437
0.813509182793
-1.08467891039
-1.43787636721
-1.63255360624
-3.47097546379
-2.42934455803
-2.33537980017
-0.985641275249
-0.809667673716
-0.381542863956
-1.43432906591
-1.40059347181
-1.73382757384
3.80080280983
3.56878241541
4.14814814815
3.59031107832
4.47220487196
-0.0877302920166
2.40263024785
2.5576095214
3.48644865759
1.8318280117
1.30777044185
0.636294222448
0.114082900241
0.114649681529
-0.241116751269
-1.05527638191
-1.84861353985
-2.17013888889
-2.31458437033
-1.5
0.81053698075
0.200250312891
2.07594936709
2.12225187444
2.3934468194
1.03646833013
1.56349307233
1.38603696099
2.04902087926
1.62591050989
2.55905511811
2.82316037119
0.958797615963
-0.720999098751
-1.11897106109
-0.987525987526
-0.260722200495
0.534062784942
1.06701366298
1.17111255693
0.156168662155
-0.0781555295037
-1.38728323699
-3.90146304864
-3.64844533601
-4.8538880634
-5.38575301947
-4.37292715883
-1.23502531802
-1.02990445465
-1.57221206581
-1.55302111138
-2.44457759137
-2.56317689531
-2.63380451855
-1.1088345185
0.121477162293
1.73107399732
0.605326876513
0.375939849624
-3.92542843909
-4.84337070859
-7.19538409322
-6.25354670298
-6.61381653454
-1.43802784752
-1.10882487426
0.603232415206
-1.33258678611
-0.797663183912
-0.601247872944
-1.10784535383
-0.812824565365
0.972410673903
-0.890769402071
-1.61830357143
-2.28653485033
-1.30362116992
-0.640377485676
0.458612975391
1.12866817156
0.210316581802
-1.51432020191
-4.64916979111
-4.558556635
-3.5488787285
-1.81502010651
-0.816282107096
2.14465477623
0.9375
-0.766987144863
-0.88333512873
-0.638044771277
-1.710045171
0.0431220353601
-1.59455724461
-1.37059073523
-2.35480464625
-2.62854749188
-2.59372046624
-1.57982841599
-2.30433880008
-1.9465727894
-1.58713799856
-1.55070815672
-0.312891113892
0.354166666667
-0.299370290079
-1.94037392623
-0.891393442623
-2.302832688
-2.54796467364
-1.35437881874
1.03124361854
0.577081615829
0.708055413032
2.00890545718
2.45174752217
0.969072164948
1.03071317022
1.32044084009
0.395051460651
-3.93866506314
-3.28048658889
-3.89233540124
-3.91608391608
-3.34606109325
0.584677419355
1.27234171463
2.32415275929
1.44927536232
0.698168572296
0.679995940323
-0.731756214916
-2.09502806736
-1.31026205241
-0.932237369687
-1.44043212964
-0.0601081947505
0.090297983345
0.0400240144087
2.10849539406
3.3174865647
3.07724080958
3.99624373957
4.97899159664
1.43272425249
-1.01278772379
-1.99372533144
-4.80731029003
-4.99001996008
-3.11808489238
-3.38044874963
-3.97473275024
-2.62114324403
-3.28185328185
-4.74274216729
-3.83079847909
-2.35338773961
-2.00928821913
-2.53998118532
-2.28443029679
-1.78321351881
-2.6332809757
-2.34172528693
-1.41890012056
2.73155717996
2.52704125586
2.79228796657
4.02464856538
5.24106968573
-1.07516650809
-0.114733722153
0.65965583174
-1.88001889466
-2.97348484848
0.478011472275
-0.219423774089
-1.00321786864
-1.50739741323
-2.51107828656
-4.25629290618
-3.7023426734
-2.70718232044
-1.44887666208
-0.432025002298
2.51477901849
3.53847617236
3.45813089454
2.62563523433
2.2174199004
100.319548872
96.1746594514
96.2789827973
97.1428571429
97.0561007221
-1.46323393221
-1.18015858381
-0.316868592731
-0.864447305499
-0.258541089566
0.185563184264
1.4023934181
0.224173360732
1.51232262883
1.19603812372
0.503543453935
-0.668647845468
-1.09016999261
-0.556999628667
0.981317229666
0.261780104712
1.05105105105
1.55751548133
-0.0185632077223
-1.41395348837
-0.816023738872
-0.0562746201463
0.490288515934
1.89143181388
2.22518067706
1.75504812229
0.679886685552
-0.413145539906
-3.31016825165
-4.62543079993
-3.33819773805
-2.79052689554
-1.89756816507
-0.0730994152047
-1.07661941504
-3.40088105727
-3.916034574
-5.15463917526
-3.81437862542
0.0359001974511
4.89833641405
7.04305135952
7.17228464419
6.95619477345
4.16978309648
0.782414307004
-0.861100711344
-0.428864441544
-2.40366972477
-0.279694201007
0.186636804778
0.887629839471
-0.334510314068
1.26347082869
-7.99451020758
-8.0802882141
-9.16109109624
-7.8595890411
-8.7487283825
-1.78601516428
-2.31271995978
-1.33716993907
-0.0855431993157
0.906757912746
-0.184998318197
1.11845449924
0.510377679483
-1.68208578638
-2.0609919571
-0.618418853418
0.837320574163
-1.04377104377
1.8851756641
3.19903164448
5.14938488576
5.55555555556
4.50387051372
3.36581045173
1.63444639719
-0.0877963125549
-1.87610619469
-1.09622411693
-2.77299345505
0.512276982865
5.6586270872
1.29078522768
2.35084594835
6.22027076473
5.67481799515
1.33483737545
2.40499357444
3.25487311512
0.9977827051
-1.14412253183
-1.55469183787
0.646711012565
0.927988121752
1.10218569027
-2.28993869455
-3.10258249641
-3.94036208733
-4.50194966324
-3.4973859744
-0.609318996416
1.93784277879
2.15775158658
1.60273725914
-1.0877318117
-1.89873417722
-4.42075834353
-2.06002486237
-5.54516074162
-4.2349726776
-2.46913580247
-0.0523925951799
-2.59470679813
0.581693755346
0.291145744134
0.257864878804
-2.38663484487
-2.66038053544
-1.2001352265
-1.40155352921
-2.00471698113
-2.80033140017
-1.03316113981
-4.22535211268
-4.26770126091
-2.70447467628
-4.43388756928
-6.1170212766
-3.34845877015
-2.05826472451
-3.55674992096
-0.284225485552
1.18727243945
-0.327510917031
-0.47273873306
-0.908521303258
-1.98111747408
-3.14320760503
-1.24749730479
-4.22577724117
0.0313381385146
1.15860341318
2.90312401388
1.46897952805
5.54316661357
0.821484992101
2.66838128918
1.24600638978
0.0
-0.695982284087
0.396510705789
-0.686462324393
0.967741935484
2.74566473988
0.540712468193
-1.09803921569
0.739787713091
-2.20820189274
-4.49317589327
-2.82800185443
-2.8941355674
-7.19402985075
-3.64741641337
-1.10706703063
-1.07017275646
0.382262996942
1.73094442757
2.49221183801
2.31186966641
0.692733990148
1.67910447761
4.45678033307
0.705882352941
1.01880877743
-1.59066808059
-2.94250792214
-5.72667464115
-3.52602905569
-1.84615384615
2.64344580936
3.1600249066
5.68900126422
5.37394354967
5.28020732102
3.54210272098
3.89778424713
2.11392609327
0.27182603134
1.71334431631
2.27235303804
8.3596214511
7.45621640368
11.7184708825
7.43362831858
6.00453831384
-0.799721835883
0.452882773036
-0.0357142857143
-1.3789492058
-0.104620749782
-3.16498316498
-6.3916517202
-10.4143337066
-5.67994731643
-4.09698996656
-1.04947526237
0.938117182357
3.08377308707
0.131882624464
-2.55825321818
-4.02877697842
-2.47191011236
-2.64890030502
-0.752617801047
0.277777777778
3.69694960212
2.82224789569
1.13654814093
-2.3798115317
-1.89163193331
-2.77240490006
0.647840531561
2.49625561658
3.60747972861
2.58181220194
4.12890231621
3.36538461538
5.47656661401
4.33356353591
1.75702811245
-2.3758807144
-2.8685790527
-3.86432669592
-6.08075239176
-3.34788937409
-9.27605173183
-13.2020845397
-13.3245575545
-6.9413007394
-6.28978478327
2.14090494989
1.58823529412
-1.7248814144
-2.50110342798
-4.23802612482
-3.86804846008
1.75071075864
4.56936720277
2.30282962071
2.27104052249
2.72904483431
1.16560702392
1.07869948344
0.56001210837
-0.266469282013
-1.76756517897
-3.73069076071
-3.24856680876
-2.23438887245
-0.749338818689
-1.23654349724
1.1795930404
-0.293126190825
1.16766467066
0.368677186256
1.596216376
1.25410570319
0.961823024563
0.0749063670412
4.6450617284
4.30090951133
2.50994796449
2.92415473652
-1.0231316726
-4.73390179359
-3.93899007848
-3.59988197108
-2.0584725537
3.54675264855
4.63005691432
4.26123205188
2.66585883066
-0.504600771742
-4.76677876883
-4.91443615621
-3.52993744415
-1.41854561744
-0.824256697086
-2.3976023976
0.647725599882
-2.09973753281
-2.20502336449
0.741399762752
4.92662473795
-1.53645455863
0.292483182217
0.705882352941
-0.648202710666
-1.5625
3.38678255657
2.21225710015
3.07715628316
2.89525541913
14.0168067227
10.5899900563
12.229491696
11.8325139854
13.5651575142
1.67464114833
6.87212185618
2.21193415638
3.58208955224
4.34704508712
4.01706363313
1.1646658305
1.17973629424
-2.08046767538
-4.93510928962
-3.33333333333
-2.95600765084
-1.7555820692
-1.75675675676
0.739721314296
0.0515729757607
0.471698113208
-0.660345411446
-0.804289544236
-0.937286980232
-2.07070707071
-4.24891267983
-4.09223773953
-4.03601865252
-3.5661462613
-5.63939634631
-5.51604235815
-0.837359098229
0.355010488946
-1.85483870968
1.05956012201
2.62773722628
1.75323611339
2.1595779756
2.32711668592
1.93094419899
3.24903701223
3.5811269518
1.65912518854
-1.02907546553
0.824946378485
-2.40274599542
-4.82959134227
-0.117174422497
4.08024481469
0.46411403945
1.49303251493
3.40738266244
-2.01738559948
-5.00645994832
-0.280991735537
-1.48717110639
0.520483546004
-5.6775990099
-2.79434850863
-4.19635787807
0.591813250041
0.489286316855
-0.569143208737
-6.03333825048
-2.92083013067
-9.07324364723
-10.4141475212
1.97647058824
7.17786561265
6.39515865227
15.3846153846
18.7791741472
20.1017332329
15.991197506
9.47179946285
1.5056022409
10.6036536934
-5.16348043595
-5.13221990257
-6.52719665272
0.0
-4.07619047619
10.3291937709
20.2762084118
28.3566058002
8.96604349485
0.0381097560976
-9.10231141373
-17.0744403956
-16.6368194842
-6.75916044112
-0.568397120121
10.2093206951
16.6363084396
16.4060871378
23.1005036129
18.954248366
3.64306180925
6.18955512573
3.58453897646
-2.07975986278
1.20894160584
12.0385232745
-2.81954887218
-7.96899841017
-5.37634408602
-17.6713615023
-18.103286385
-0.291545189504
0.619876024795
-5.22976350702
2.48267898383
-0.168728908886
-14.5095246573
-5.53456743483
2.9900990099
6.62836035297
8.04132064006
16.5594521685
6.6478646253
-0.276461295419
-7.51565762004
-3.68708544674
-1.8533604888
3.50291909925
3.07347852636
5.88826366559
4.74049856968
-1.18736164218
-5.96078431373
-7.4067093856
-6.88622754491
-6.53170359053
-1.52596115735
-0.758902510216
6.95424309615
6.62410215483
5.77777777778
8.16720257235
9.433560477
6.00427350427
13.5478024468
8.4099868594
2.23537146614
2.80210157618
2.47427195095
-3.01032740057
-4.0756302521
-0.782778864971
0.950276243094
2.79090704479
-1.70626349892
3.9755351682
-2.56355932203
-7.04601479047
-6.99183588026
2.77469478357
3.31753554502
6.16284300495
12.0884181441
13.9008106819
3.515625
3.50385423966
3.56394129979
4.37394857006
-2.32883092687
3.25029655991
4.33828905679
3.37105706718
4.65291750503
7.21598002497
-0.940070505288
2.72909364046
3.98097145719
3.08529945554
-3.74909877433
-2.02624913654
-10.428347163
-10.5887620327
-12.1612388977
-8.36820083682
-5.4224738676
-4.10752688172
-0.777432252332
-7.79084418312
-0.416666666667
-0.970455035583
-2.31092436975
-3.88556789069
2.93990488543
-2.75111964171
-1.34042553191
-5.72390572391
-9.69732022364
-9.77179637215
-5.95667870036
-6.44904458599
-5.21869720293
-2.3531626506
-0.252918287938
-4.31778929188
-6.56499907011
-2.45376304706
1.45148968678
-3.51041862211
-5.25454545455
-1.13991542563
-0.219258176503
-3.26990578238
-4.17341248426
3.85196374622
3.65923384791
3.42025699169
-2.06260177311
1.07272727273
-3.0214246475
-1.14920874152
-2.75633958104
4.00828001505
7.88544527266
10.2786752827
4.18056918548
9.38693467337
3.7890625
-2.03689469639
-2.30814756362
-0.778967867575
-5.07536729632
-5.48273952372
-4.35581694541
-8.02032299038
-9.99123575811
-11.5592305096
-6.32889503718
-6.46381296201
-4.22314911366
-2.12729456167
2.1724137931
-1.41493351517
1.96319018405
1.62486753797
2.96767355591
3.68251698248
6.01843484547
4.42980047593
0.56838365897
-0.15873015873
1.23054650742
3.34329473291
3.03658996605
9.78939157566
11.5263571991
6.78260869565
3.39899575126
1.14460129721
0.430865648257
-2.06125987286
1.05448154657
0.524170064065
2.66353309832
-0.46783625731
0.717889018238
-1.32947976879
-2.6827885887
-4.00451212634
-2.17391304348
-2.44179443498
-0.326483579796
2.71686396274
4.00860383262
0.517538815411
0.878365476418
-1.5876015876
-5.22346882472
-8.82510251382
-7.89194915254
-7.50618156129
-8.04657629475
-4.64749210803
-2.65532801111
-2.46254520406
-0.910045502275
1.3206550449
-0.86926286509
-0.328662861097
2.12803376715
3.06637806638
2.12192051789
1.32112031002
1.42105263158
2.17430368374
-1.0
0.815808556925
2.38052299369
0.299137779342
-0.943396226415
1.10128181982
1.47167034584
4.0142562371
5.76958868416
3.59579568505
0.271542360608
-1.78861788618
-3.80728978708
-2.29132569558
-1.23839009288
1.00566831231
-3.20041972718
-4.59631606128
-6.14439324117
-6.21690862511
-6.62455181834
-1.92109777015
-0.137527935362
-0.0852660300136
-0.762711864407
-2.5295390248
-9.89180834621
-6.928
-5.44985488552
-6.0210258044
-4.75511174513
2.01829076001
-2.37425804436
-2.46894165749
-0.743083003953
-0.926507537688
-2.28043143297
-1.44704433498
-2.31950844854
-4.29717052504
-2.16623137195
0.23166023166
-0.352814848903
1.44927536232
3.67058823529
1.56030581994
3.48409781045
2.32302621253
3.2003859762
2.0
2.28215767635
-0.255061374143
-1.6213712168
-3.68649318463
-4.31720759339
-2.80750736777
-3.38826428461
1.04540489936
0.217323812481
-1.18003025719
-0.754310344828
0.791679602608
0.833857772184
0.782227784731
2.49651108699
0.681959082455
-1.94824961948
-2.29054573405
-1.49483741717
-1.39143730887
-1.2700841622
1.59270140714
1.16640746501
0.542299349241
2.94349126397
5.48829701372
3.14194577352
0.689007203257
0.592269326683
-1.27428127428
-3.27868852459
-0.869565217391
-0.869295249922
-1.10974106042
-1.15207373272
-2.12408312958
-3.06513409962
-1.64885496183
-2.00876000604
-1.57242213487
-0.953534130468
-0.153022188217
-0.167657369303
1.53350713081
0.44039483675
0.532562385879
0.677861654599
1.21875964209
-0.290519877676
1.32328050469
2.06553812704
0.309071240921
0.997195387971
2.76555625393
3.1914893617
1.13083084655
1.52180734233
0.28125
0.188916876574
-1.20784313725
-0.670826833073
-0.297200062568
0.0
2.30310839105
3.32252836305
4.56769983687
2.27163653815
2.1711366539
-1.36616362192
-1.26420227236
-3.69206598586
-3.05521091811
-2.79329608939
-2.1756021756
-2.83004198414
-0.748479650709
-0.693054058217
-2.59975816203
-4.80769230769
-5.7590855803
-5.73276495664
-4.00650502661
-2.17359160136
-1.05386416862
-0.842778262133
-1.3056724213
-2.1412037037
-3.0394265233
-2.26037195994
-2.23043045887
-2.06024438761
-2.48306997743
-6.57648004286
-4.92383025027
-4.72387655658
-5.51751913008
-3.40692286727
1.48158216664
-0.500744349709
-0.121670947681
0.92128437881
-0.163265306122
-0.59451425483
-0.296856024828
0.0811798132864
0.298953662182
-0.662251655629
-1.55626496409
-1.88004766318
-2.11892464574
-2.91556728232
-2.18138551031
0.0133031794599
-0.0661550674782
-1.11314824515
-1.19916579771
-3.31075035153
-3.50449293967
-3.12740322994
-0.495178524889
0.3663003663
0.850844398608
2.62152549071
0.3214607175
-0.788623141564
1.6354208217
7.28907330567
7.50601897748
1.46118721461
1.2037158184
-3.39113680154
-4.3017868961
-4.24464334147
4.10158902621
4.79912244618
7.7508650519
7.45270942967
3.29177755988
3.20998037567
0.027431079413
-0.372311086597
-4.85791610284
-1.36778115502
0.224782242203
-0.123287671233
-1.50753768844
4.42277801328
4.00919672367
1.30942214631
4.27081845451
2.62020905923
-2.1567814185
-3.64165051232
-5.02838605028
-5.17404848977
-3.78168164141
-3.48278622898
-2.86482851379
2.09770908087
1.80639823497
7.0946431136
6.87393040502
5.4609929078
6.29309080241
7.35751295337
2.29175848391
3.33038608901
4.8951048951
-0.568844807468
-3.88446215139
-2.96507483963
-2.79329608939
-4.62608202072
-2.80691806067
-0.523708421798
1.72563805104
1.7490161784
0.90206185567
1.27781765973
-1.27166014533
-5.19659059665
-6.2960939634
-5.21172638436
-4.73259472028
-2.67917856657
-1.22216186855
-1.4800861141
0.793433652531
-1.2027027027
-0.715635970834
-0.432666306111
0.269832703724
-1.09592747937
2.66370699223
3.5514541387
4.7888920374
4.30622009569
3.06791242505
-0.221483942414
0.252312867956
-0.954252034802
0.15503875969
2.36973590293
3.00869813204
1.34962352607
0.451085424302
0.838544627629
0.0714285714286
-2.772771385
-3.52247807018
-4.45791245791
-4.94460956498
-5.58403021311
-2.42153679654
-1.07118644068
-0.575790037493
-1.66068818919
-3.16091954023
-3.5490605428
-4.54310121667
-4.70843434988
-3.11494400824
-0.970120294917
-1.32612334235
-2.90310418499
-0.935406396157
-3.65823412698
-3.27786813462
-3.08210631395
-0.847352024922
-0.963945918878
-0.811808118081
-1.69720821547
-1.04951228547
-2.18186250609
-2.56160039034
-0.720478690927
-0.865642526213
-0.953895071542
0.0487804878049
0.391868723977
1.43688839341
0.96011816839
-0.414078674948
0.09765625
-0.475319926874
-1.33219261794
0.259163272862
1.23289360128
0.589390962672
1.17139334155
0.085626911315
-0.977636563607
-2.75746313392
-3.17441445726
-3.00203324961
-1.74278846154
-2.44396757272
-0.310744591849
1.80343742435
2.21271393643
3.34119985095
3.05934389974
1.45507457257
-3.71751544109
-4.79515828678
-5.57119399484
-5.94013636889
-4.06002791996
0.763269140442
-0.243817485197
-2.71565495208
-1.48013207332
-1.79367074146
-2.929442608
-1.21573574951
0.366468163078
0.411569681033
-0.307517084282
-1.68104897456
-2.34094982079
-1.42244298939
-1.97243079682
-2.49861188229
-1.15209925778
-3.27193932828
1.87464059804
3.69552585706
4.91669579401
4.5638827754
8.24440014073
1.38759328358
0.737532193866
-0.302009524916
2.81052756937
0.88736393753
2.38777459408
2.26266012211
2.28109777831
-0.0595096405618
0.943508897647
1.45348837209
-0.642321874628
0.130858910302
0.430313172364
0.794510653666
0.315917375456
1.70578272441
1.42374517375
-0.404761904762
0.362450163103
1.0311809477
0.218234723569
-0.801915020946
0.107257776189
-1.22911694511
-4.9918357826
-4.64739884393
-3.64433168031
-3.82808022923
-3.44509736145
-0.545180373507
0.851113442929
1.35593220339
1.74927113703
0.871687587169
-2.9385273587
-1.67373609997
-0.742545538926
-0.88996763754
-2.2050466015
-0.235875547568
-0.535917901938
-2.42273293332
-3.69545859305
-2.11392968402
0.123706702654
-1.67059087342
-0.697020798201
1.88251304151
3.10886772972
3.14348683447
4.52361420368
4.86913463806
3.24317995551
12.3469519268
12.1941697033
13.0947647449
9.84200984201
11.3123941092
1.21314896948
1.25181183292
-1.1917234154
0.612377850163
1.3606340819
0.169868025611
-1.96357059811
-2.01462851277
-2.44057455193
-3.06057113587
-1.11125468407
-0.921541021375
-0.345268542199
-0.931872560131
-2.48501498501
-1.70201956052
-0.572664800204
-0.673186841103
-0.824278756088
-0.137174211248
-1.72263138185
-1.72586293147
-2.94625246548
-3.02773404384
-2.58746355685
-2.58998054475
-2.08180259613
-2.01715182993
-0.0484202881007
0.365764447696
-0.808105174285
-2.20359281437
0.157270747641
-2.3291558288
-4.91537213077
-2.76767913686
-1.63741312286
-2.55805729105
-1.77679711996
1.4226925338
1.9732121502
0.6640578679
1.97139079216
2.42654930415
0.508154100685
-0.982830076969
2.6536822885
2.51386321627
4.61672473868
6.07997994233
3.11355311355
2.55930087391
0.595016734846
0.878734622144
-0.919140479444
-0.413424124514
-0.360741385745
0.473284344252
-1.78769572186
-3.26805238496
-2.68607265412
-1.90359975595
-2.31171675386
-0.0862281350086
1.97255574614
-5.99555061179
-8.72131877924
-8.65747943988
-11.5878893487
-11.03117506
-2.65295073091
-4.14264360453
-3.49635349635
0.426555835065
0.559026635975
0.325909831613
1.84862983906
1.67938931298
0.871579876434
0.540004408199
1.6004415011
0.130662020906
-0.010903936321
-0.318926646871
0.453891287501
2.11902614968
1.50309460654
1.73044925125
1.7797179315
6.13323933733
1.88332567754
10.9503372164
7.48777870514
12.8172749084
3.16363636364
9.76931803857
-2.04204204204
-0.439221272555
-6.97756372607
-0.865176640231
-3.90066626287
4.16666666667
7.20285059812
7.41955835962
-0.442636679029
-3.78787878788
-4.58452722063
-8.93498667285
-10.4924327987
-3.2187102003
-0.980957876515
-3.22357019064
2.67729652546
5.70678127985
-0.161831002196
1.54693542717
4.90909090909
-0.379326695116
-2.40037287346
-1.12012801463
-3.07814629714
-8.09847387769
-6.47450110865
-4.06885758998
2.04105435036
4.58541221193
1.27481949458
0.996528944127
-1.23647604328
-3.08579179383
-4.33003750426
3.66039059759
7.53762793498
5.65729616237
0.763097949886
-1.44489247312
-2.99489506523
-8.45458553792
-4.58542014469
-4.34687874496
-3.17752955211
-5.18446810799
-0.329597890573
-1.78181023174
0.547705115566
0.348242463815
-1.4626391097
-4.26001893342
-2.42133333333
-3.09945865619
-4.11144735469
-2.48062015504
-1.32848988064
-0.138474648487
-0.768906677902
0.156772575251
2.5111252384
2.71855010661
-1.61391741773
2.79341706366
1.87393526405
-1.84087363495
-2.0365535248
-0.552371026576
-1.43009605123
2.20916312983
3.66576819407
5.15045025258
4.71461311797
3.04629935115
1.78334071777
-2.27584026973
-4.01602192474
-4.730713246
-4.53543307087
-6.2025974026
-1.74948240166
-1.43376623377
0.302429867557
0.073544862366
-1.46396396396
-0.361010830325
1.26249342451
1.58915139316
1.16921768707
4.28098644176
3.82308845577
1.51660792481
-2.03425012974
-0.780426070449
-3.33333333333
-4.4901298967
-2.90366068651
-1.1389287913
-1.60838435198
0.092965602727
-0.458155161881
-1.76242868786
-0.540871517502
-2.01321809863
-1.6857926272
0.081516201345
-0.948536831483
-0.315361139369
-0.896815800081
-2.36962125719
-3.38649340421
-2.61399371069
-3.20992516739
-2.90578221309
-2.27691115202
-0.703812316716
-0.342767603565
-1.76999709837
-1.71170304837
-0.520481927711
-0.505738183233
-1.34299516908
-0.0676589986468
-0.230260001919
-2.05796280563
-2.77987897126
-1.81197229864
-1.67268580118
-2.25077370346
-0.62851782364
-0.376789751319
-1.19047619048
0.257265364459
0.851224817932
0.433389862446
-0.122306896227
-0.457217504899
-2.30847994043
-2.02928094885
-2.21116639027
-2.25308074306
-1.89491028927
0.0838457238681
0.316043874326
0.593141797961
-1.12747772322
-0.191868433074
-3.08775731311
-2.46600181324
-2.55576627833
-1.11490739076
-2.39008293945
-0.877035976374
-0.126765664614
-0.234255338319
3.53751629119
3.29801934592
3.57804968484
2.99356523361
2.91145108948
-0.940612320177
-0.431113557145
-1.36234799305
-2.06411544433
-2.30093305553
-2.03270394796
2.40465902686
1.03464203233
0.773124712379
1.11752312906
1.17915904936
-3.06837840299
-2.08936324168
-0.875832497035
-1.44443441365
-0.318906605923
2.88524590164
1.40328349995
-0.670593565927
0.117498192335
-1.89505676231
-4.08805031447
-4.59397969898
-3.54020979021
-1.04641803059
0.403877221325
2.36365308562
5.66805362922
6.35924135366
3.27914280436
3.67544431004
1.40831934341
1.07476635514
3.08606478819
2.67450682853
0.223817961391
-1.13416320885
-0.483630952381
-2.92147376256
-3.07932714404
-3.32672196177
-0.147316085075
-0.610094287299
2.75334608031
3.90639923591
5.12747606862
1.43831138508
0.763785394933
-3.71870397644
-2.56839754327
-1.94237918216
4.74466836236
7.33853229354
6.7714987715
5.97633136095
5.96809139255
1.00790513834
1.37847151835
2.36418511066
4.04268417812
3.13864906044
3.1495260422
1.82681391268
13.2376395534
9.6904895892
8.80857648099
6.40997830803
6.02976581309
-2.76916260523
-2.67280096396
-1.92933015391
0.413853191026
-2.75619878685
-2.94560309611
-1.58473479948
-2.50449117616
-3.61116943103
0.95616673829
0.183091007001
-0.215146299484
1.1977328628
-1.36674259681
-4.07090590539
-3.12989045383
-0.417782538832
0.548387096774
4.36567970607
2.60124775299
0.345477386935
-2.93230737236
-3.02398331595
-2.65095729013
0.0740740740741
-0.344287949922
1.32757349068
1.78306092125
0.295420974889
-1.82838146686
0.0835334655947
-0.980699008868
-1.6184608959
-0.701938187533
-0.619450753665
-0.684434304677
-3.05451603115
-2.95875975276
-2.35294117647
-0.513557929334
-0.853382685585
1.56137647663
-0.774180575106
-1.55101218652
-2.67892842863
-2.42776886035
-3.46092820309
0.262096774194
2.74213576159
2.11289170154
2.00573065903
3.25619496211
2.5641025641
0.124326564443
2.78010910617
2.77660917122
2.27248926589
0.75
1.69634390475
-0.240711669283
0.13691416535
1.80170575693
0.114714777349
-0.325561856753
0.589535740604
0.497459779848
-0.445765230312
1.04320337197
0.847278119043
-0.648467733501
-2.83833813246
-3.4334324075
-2.73649687404
-2.10471747019
1.19602032176
4.7619047619
5.03821724621
6.85576607162
5.81459133297
3.39242722696
-2.65338227583
-1.74529299767
-4.14654629435
-5.18048476022
-3.45483359746
3.79925974309
2.41577293901
3.21811680572
5.09456652454
4.4701986755
1.13398656831
-0.302408467437
-4.18397009967
-4.33009099467
-5.23012552301
-6.1188630491
-5.19148064714
-0.711266879703
-3.55089276707
-3.40507224411
-0.748871563398
0.10250102501
-0.675744855124
1.48443898444
0.558829506198
-1.12587483518
-0.530179445351
-1.75032692888
-1.53225806452
1.11990136649
1.73356722732
0.0918461067456
0.495349777598
1.45223972182
-1.68686868687
-7.79257849667
-7.20643939394
92.7138125852
88.9103554869
94.1557168072
103.682170543
103.703703704
-1.98586977277
-2.11800302572
-3.71978851964
-1.52671755725
-1.16301239276
-0.342530922931
-0.414312617702
-0.432412107539
-2.31170768084
-2.38228177927
-1.73896783844
-0.356539688497
-0.542258788332
1.03597664344
-0.241366505756
-3.72637263726
-2.22018348624
-0.816023738872
-0.969968289498
-0.351526364477
3.44506517691
1.5654118524
0.0556689552793
-1.01550960118
-1.15215801024
-1.63033522623
-2.82506338283
-2.17825376656
-0.733137829912
0.109849871842
-0.655141037307
1.37690471819
1.98074787116
0.0366703337
0.275380943639
1.68393782383
0.368527731712
-0.588884799411
0.146896804994
-0.6384531193
-1.26073451489
-1.14754098361
-1.73598553345
-1.3763129301
0.237703419272
0.366770584999
2.63600673023
0.820419325433
0.969098555495
-0.164293537788
0.683161004431
-0.631618056846
0.036476381543
2.03358208955
-7.9791701663
-9.06648757555
-9.48377333109
-6.19332763045
-9.16793763769
2.17988328184
1.12054329372
0.950602614157
-1.49983147961
0.0678311005596
-2.81901584654
-1.65303055602
-2.28893680544
-3.03921568627
-2.6576427864
0.469247528071
-1.00826446281
-1.00164203612
1.69491525424
-0.558108995404
-2.75423728814
-1.9130998703
-1.02389078498
-3.04494925085
-1.56729681693
-2.027782213
-3.01886792453
-2.88825757576
-1.97409981049
-4.12083656081
-2.0794246404
-0.485057111563
-0.845070422535
-0.658926890493
-0.32427424336
-1.06728538283
-3.03444090426
-2.93179401489
-1.08628181254
-0.857317819963
-1.04086943211
1.04246512341
2.14119472459
1.75272382757
4.0293040293
3.23957016435
3.65485460035
3.26870693799
2.70840090821
-0.380771061399
0.796431984709
1.91093117409
0.402187902188
-1.73705179283
-0.0158629441624
1.0136765889
0.553655756391
0.647668393782
1.38956212635
1.77591217307
0.0
-0.550607287449
1.61237249095
2.17929668153
3.31943286072
2.91438979964
-0.16168148747
-2.47111681643
-4.88379396985
-3.81838600995
-3.56116256787
-1.60674514795
-2.07416719045
-0.0627746390458
-2.502737369
-1.54088050314
-1.34965473949
-0.0471179519397
0.584056827151
1.96172248804
0.426338228328
0.631711939356
0.505130228887
0.0948017064307
-0.775439151765
1.11767523551
1.328212514
1.31137054214
0.924892361665
0.540970564837
-0.46090273363
-5.27512505684
-5.6862745098
-5.55722891566
-5.54553651939
-4.12920920311
-0.121120363361
-0.0150806816468
-0.165388663359
1.10925391278
1.98912198912
4.03213104426
4.17910447761
2.78164116829
1.82577750271
0.343053173242
-2.11224175146
-0.872138296216
1.23591989987
2.89762776628
1.19930566514
2.17391304348
2.21267112385
-0.575517187743
-3.56210655612
-3.07433465892
-2.30840258541
-3.94495412844
-3.78629152948
-3.63959165557
-3.96592244418
-4.31453394198
-4.09150901892
-2.19555035129
-2.72020725389
-2.04316546763
-2.10465619144
-1.14525949551
-1.59873253637
0.812536273941
-1.19419960193
-5.79847908745
-5.03854625551
-4.12869373101
-4.13131172625
-1.81462869905
2.07929026892
1.82225960191
3.04496300512
1.41063619692
-2.45098039216
-1.79689627008
-3.67269781258
-4.65337132004
-4.87117552335
-1.47571773544
-3.25299618069
-2.66789328427
-2.96208530806
-1.37638962414
-1.28459806648
0.303830911493
0.768110184082
0.065867474641
-0.748719295941
-0.329989440338
-0.473310544307
-1.1260966348
-1.67098445596
-0.820739968734
0.0792602377807
-1.3744813278
-1.02384655262
0.429296214388
-1.40012845215
-3.73855544252
-2.65084574602
-1.80707559175
-1.20807094204
0.0128468653648
0.704315533359
0.443768226195
-0.695058764059
-2.24874371859
-1.87823017774
-1.32676269901
-0.278164116829
0.0
0.989596549099
0.481317289424
-0.901577761082
-0.864878415643
-0.11360767483
2.57678292556
3.56814902269
4.52879581152
4.36944008373
3.20479416363
-2.17695735201
-2.5939177102
-1.21541246444
-0.8688886007
-1.15889775946
0.460416933112
0.127942681679
-1.77800355601
-1.94557477111
-0.741308793456
0.205049339997
0.94278703345
1.61311136921
2.01063691789
1.49176287456
1.44305772231
2.99281723863
3.08633763469
2.20071589553
3.07527744351
4.80991960758
1.93898305085
2.27210884354
3.71236078647
4.382414515
2.07232267038
1.43033970568
2.41047791556
-1.63646199621
-1.64722031572
1.43905191874
3.12012480499
1.65722379603
3.3981261362
0.220112807814
-2.46318976194
-4.69045688024
-4.73620294157
-4.48777881662
-3.1703743173
-3.37721047733
-1.12269446672
-1.94495898386
-2.10512552301
-3.55858170606
-3.71271284087
-4.59066564652
-3.12740322994
-2.32439335888
0.581470474221
-0.648689900789
1.29165590287
-0.255689082076
-1.4598540146
-2.01316789061
-0.228426395939
-1.96277067241
-0.394753597351
1.45556690501
0.0
-1.05474635861
-0.227416298168
-0.933518354989
4.13508841909
5.50360673257
8.13306177868
8.09888008741
8.11511183852
2.27087299429
1.35391280802
-0.99475735986
-1.77086128253
-0.905527774024
0.961010433828
4.27784836934
2.01590784421
1.33224578575
2.12560386473
2.23157894737
-2.14147554573
0.885445489762
0.6292749658
-2.13426989058
-3.58592692828
-2.64963012777
-2.45614035088
-0.395149202889
1.82943603851
3.11148318683
2.58002207506
1.57642220699
0.644541963796
-0.397314700644
-2.2103970528
0.318339100346
1.06677750069
-0.177960301164
-0.626276378489
-1.79552458797
-3.13714975198
-1.90269094863
0.150808884014
-0.66269948607
0.187944690562
1.81545181545
-0.848942191079
-2.59081196581
-2.51812788398
-2.76726275943
-3.94650583454
-2.84105786855
-2.63944870628
-1.13399374348
1.4030443415
0.183895967424
0.672202451562
0.892037255674
0.0652145558889
-0.995937622854
1.3175405909
1.47117828006
2.15759849906
2.84372904091
1.62471700626
-1.4040152211
-1.15018508726
-0.639147802929
-1.19284294235
0.14670578821
-0.340002615405
-1.5873015873
-3.32131822863
-2.7079303675
-3.87179487179
-1.69687620517
-2.02676864245
-1.2333121424
-0.154499806875
-0.876858558902
0.374193548387
1.50084098848
0.898011545863
-0.461361014994
2.30109204368
1.26747680648
-0.296697626419
1.47097110128
1.28504672897
-0.581620783249
-2.63358778626
-0.257334019557
-2.01530612245
-1.35723431498
-2.81371686974
1.90587320109
1.22427715551
1.60705028512
1.53406136245
3.20197044335
1.02161100196
-0.363353231248
0.12976901116
0.24762153004
-0.142394822006
-1.22897800776
-0.0907558667185
-1.89688096754
-2.26722710483
-2.1036624002
-2.07752723588
-2.72417707151
-1.82477190351
-1.22043281329
-1.01605619669
0.152245622938
0.942075111394
0.920787083754
0.837350926161
-0.25025025025
-3.92491467577
-4.67233009709
-3.12805474096
-4.42585182491
-2.32217061843
0.244379276637
0.968018625168
0.788177339901
1.17776959882
-0.182993778212
0.0366703337
1.11510345682
1.34797803295
0.828797624938
2.78369905956
-8.59217877095
-9.43671454219
-10.1793721973
-7.82212086659
-10.6942889138
-0.874958467161
-0.112082492715
1.283070285
-1.27209276145
2.37303679927
3.55545360707
4.48530272866
3.50217416853
4.28504343743
0.218290441176
0.0114705207616
-3.94825646794
-6.12312444837
-5.20810149121
-3.68485116742
-4.09240924092
-2.98996071584
-1.95781503515
-2.27297444263
-2.82795698925
-2.22652468538
-1.93686463349
-1.59659393294
-2.88339670469
-1.69133192389
-0.863723608445
-1.5901432182
-0.98018549747
-1.17941759733
-1.58135663754
-1.80104712042
-1.14511763481
-1.64818078159
-1.17586384734
-1.21274409044
