47.75
45.38
45.75
46.56
47.00
48.00
49.25
49.12
48.44
50.38
50.06
51.44
51.25
50.50
49.25
48.50
46.12
46.38
46.00
45.44
45.25
46.19
46.56
46.62
44.69
36.12
32.38
32.88
33.12
32.12
30.25
29.25
28.81
27.38
27.00
27.94
26.62
26.50
26.81
27.88
27.94
28.12
29.12
28.19
27.69
27.00
25.81
26.81
26.50
28.25
28.56
31.38
32.12
32.31
32.25
33.44
33.25
33.69
35.00
35.75
36.81
37.69
38.44
40.00
36.38
38.88
39.31
41.81
42.00
43.88
43.94
43.75
40.88
40.88
40.94
43.00
43.75
43.06
42.88
43.19
42.62
43.12
43.38
44.62
41.62
42.50
41.75
42.62
42.25
41.56
42.06
41.75
42.25
43.62
41.12
40.25
38.38
39.12
37.88
42.00
43.12
43.12
41.69
40.62
42.69
43.88
43.56
41.50
41.44
42.00
41.00
37.00
38.00
38.94
37.62
37.00
36.12
35.19
35.25
34.81
35.38
37.75
39.38
38.75
37.81
38.44
39.81
39.94
39.75
40.50
41.38
41.38
42.25
42.56
42.81
43.50
43.19
43.81
44.06
44.25
44.75
45.12
45.81
45.00
43.31
42.88
43.75
44.12
44.50
44.38
45.44
46.00
47.31
46.69
46.56
46.56
45.88
46.81
46.88
46.88
45.50
41.44
40.19
40.25
41.50
40.50
40.81
40.75
39.56
40.31
40.88
39.50
37.47
38.12
36.19
39.00
37.31
37.50
35.50
36.25
37.50
36.94
38.00
37.25
39.38
39.88
39.62
39.81
39.81
39.88
40.19
40.44
40.75
39.50
38.00
39.00
38.81
37.50
38.19
38.00
37.62
36.56
37.81
36.44
34.94
36.50
37.06
37.25
38.06
38.38
38.56
39.12
40.56
41.31
41.31
42.00
43.00
43.00
41.12
41.12
40.31
41.31
41.31
40.62
39.38
39.62
39.38
40.00
41.56
41.75
42.12
42.50
42.75
43.50
43.69
43.19
40.25
41.44
41.56
44.06
44.62
45.12
46.31
46.56
46.44
45.44
47.88
49.94
51.06
54.00
55.75
55.19
53.62
50.75
55.38
54.88
54.06
56.50
57.94
56.81
56.12
54.75
55.38
55.75
52.00
50.88
52.06
51.75
51.94
52.38
51.40
52.51
53.39
54.18
54.07
54.58
55.19
56.29
54.08
54.04
54.00
54.31
54.26
52.21
51.52
47.51
47.01
45.37
48.03
48.54
38.17
37.29
37.58
37.51
37.35
38.03
39.48
39.63
39.52
39.09
37.34
36.51
35.48
35.42
35.32
36.45
39.52
39.27
38.32
39.10
38.48
38.35
39.51
38.51
40.32
38.48
39.13
38.33
38.45
39.10
38.04
38.00
36.30
36.60
36.58
36.75
38.49
38.95
39.04
38.25
38.10
38.96
39.91
41.11
40.58
40.50
40.06
39.51
40.15
40.00
39.91
39.26
38.25
38.46
38.90
39.35
41.60
42.00
42.34
45.00
42.92
43.24
43.40
42.25
40.45
40.70
40.67
40.80
41.16
41.22
41.40
41.28
41.05
40.90
40.90
41.26
40.65
40.59
40.75
41.75
41.65
42.68
43.26
42.32
42.10
40.50
41.91
41.80
41.75
41.71
41.55
41.35
40.33
41.08
42.37
44.12
45.12
45.81
45.76
44.65
47.00
45.65
45.25
44.83
46.18
46.45
45.80
45.60
46.46
48.25
49.19
46.95
47.25
47.50
47.65
47.30
48.95
49.01
48.55
48.20
48.50
48.01
47.72
47.54
48.04
49.15
50.16
50.25
50.25
49.30
49.51
50.20
49.25
49.51
47.56
48.18
43.97
43.04
41.94
40.75
41.35
44.70
45.52
45.05
44.03
45.26
46.15
46.80
47.25
47.38
46.75
47.25
46.65
46.50
47.42
46.41
46.85
47.00
47.05
47.05
47.40
47.95
49.13
48.50
47.90
48.96
48.75
47.90
48.40
47.65
48.71
49.11
49.26
49.18
49.52
49.10
48.24
49.70
50.10
51.46
52.30
52.95
52.60
52.82
53.07
51.91
52.00
51.25
51.09
51.60
52.05
52.35
52.70
54.62
54.79
53.85
54.15
54.38
53.81
50.00
52.31
51.84
52.80
53.00
55.25
56.45
56.90
56.00
56.21
56.13
56.03
56.26
56.50
57.05
56.50
56.20
56.05
54.90
54.60
56.10
56.05
56.07
57.11
57.60
57.53
57.90
58.15
57.79
57.11
57.50
59.68
59.20
59.19
59.55
59.52
59.94
59.10
59.20
60.00
59.93
60.05
59.40
58.29
58.10
57.50
56.73
58.71
59.28
58.24
58.05
58.21
58.45
58.02
57.59
58.40
57.86
57.05
57.81
58.55
60.71
62.38
62.75
63.12
62.85
62.04
58.71
59.30
60.07
60.25
59.85
58.10
57.50
56.11
57.80
58.28
58.00
58.04
58.25
57.44
57.65
56.97
57.02
57.00
55.36
55.10
56.22
56.55
55.85
54.85
54.75
53.88
52.80
52.40
54.24
55.00
53.85
54.35
55.37
54.73
52.67
53.21
54.18
54.46
54.60
55.05
54.27
53.32
52.00
53.00
53.90
53.60
53.57
53.38
53.36
52.06
49.46
49.78
49.90
49.88
50.00
50.15
49.83
49.80
49.45
49.83
51.80
52.72
52.00
50.28
49.50
49.51
48.22
49.89
53.65
53.89
54.32
54.74
55.10
56.40
55.85
55.29
52.33
52.95
50.42
52.90
53.30
51.01
48.88
47.14
45.50
45.10
47.44
48.36
49.15
49.90
47.70
46.31
44.95
43.75
44.19
43.25
43.85
43.75
42.70
42.75
42.70
40.50
43.70
43.35
43.31
44.84
45.18
45.70
45.50
45.09
44.40
42.55
43.00
42.16
41.51
41.65
41.77
40.75
40.75
42.25
41.59
40.35
41.40
41.45
41.07
42.60
43.40
41.89
41.65
42.85
44.40
43.75
41.87
41.58
42.60
41.90
41.12
39.88
39.19
39.22
38.53
40.08
41.10
43.20
42.85
43.95
42.52
43.06
44.85
44.67
45.27
45.55
46.33
45.13
45.81
46.90
46.08
47.18
45.98
44.25
44.15
43.45
42.83
42.95
42.97
44.05
45.01
44.60
44.40
45.00
43.49
43.54
43.70
43.91
44.05
44.72
45.90
45.63
45.45
44.26
44.04
43.56
42.58
42.95
42.40
42.44
42.69
42.30
41.19
41.25
41.53
44.08
43.98
44.00
43.51
43.50
44.09
44.48
44.99
45.00
45.40
45.40
46.20
46.55
46.87
46.37
45.77
45.20
44.65
43.84
43.32
43.75
43.20
42.52
43.70
44.15
44.10
44.18
43.56
42.67
43.07
43.00
42.38
42.55
43.41
43.52
43.15
43.75
45.00
45.04
45.32
45.80
45.15
44.26
44.61
44.82
45.92
46.35
45.66
45.51
46.11
46.25
47.00
47.28
47.25
48.15
49.20
49.63
48.55
49.15
50.03
52.18
51.65
51.82
52.00
51.35
52.00
51.40
50.26
51.61
51.83
51.32
51.28
50.90
51.50
51.66
52.26
52.05
52.75
51.97
51.71
51.30
51.25
52.61
52.20
52.11
52.55
53.69
53.12
52.53
52.40
52.50
52.68
53.91
52.80
53.45
53.13
53.85
53.85
53.50
52.66
51.90
52.02
51.50
51.76
51.65
51.85
53.55
54.34
54.99
55.83
54.35
54.30
55.40
54.94
54.85
55.25
55.00
54.91
54.49
54.39
54.78
55.35
56.00
55.99
55.13
55.62
56.55
56.85
52.60
52.76
52.75
53.05
53.10
53.56
53.47
52.99
52.43
53.38
53.06
52.85
52.31
51.70
51.70
50.80
50.26
50.90
52.50
52.02
51.70
51.30
51.24
51.13
50.62
50.00
49.79
49.60
50.03
50.61
52.30
53.00
53.91
54.15
54.40
54.90
54.16
54.07
54.26
54.69
54.50
54.89
54.96
55.61
56.20
56.51
56.90
56.58
56.12
56.24
56.06
55.39
55.50
55.07
55.75
56.22
56.61
56.90
60.31
60.65
60.80
60.81
60.30
59.77
60.66
60.20
60.70
61.69
62.39
62.69
62.60
63.56
63.59
62.92
63.43
63.71
64.11
64.27
63.87
63.41
63.40
62.47
62.11
61.65
61.35
62.25
63.05
63.00
63.04
63.05
63.41
63.05
62.35
62.52
61.78
61.50
61.89
61.26
61.46
61.50
61.76
60.69
61.15
62.50
63.80
65.20
66.77
67.12
67.21
67.13
65.92
64.89
65.05
65.12
64.60
63.90
63.64
64.20
64.22
63.22
64.50
65.96
65.85
66.84
67.12
66.83
67.40
67.49
67.60
68.00
67.42
67.28
67.35
66.31
67.77
67.74
68.10
68.80
68.92
68.25
68.99
69.27
69.20
69.55
69.30
69.24
69.48
68.44
68.15
67.85
69.52
69.85
69.82
70.24
70.56
71.10
71.42
72.20
72.22
71.60
72.20
72.00
72.29
71.01
71.49
72.14
74.11
73.53
73.25
73.07
73.00
72.22
73.65
73.80
74.30
75.70
76.60
74.60
74.15
74.11
74.75
75.00
75.51
75.52
75.98
75.65
75.87
76.01
76.00
76.35
75.96
76.45
76.10
76.04
76.60
77.02
76.41
76.53
76.90
75.89
75.34
75.30
75.49
75.80
75.75
75.06
74.50
74.94
73.12
73.54
73.37
71.31
71.81
70.69
70.25
69.59
67.97
66.57
65.90
67.15
66.71
68.05
67.25
65.81
66.14
66.47
65.83
66.80
67.65
68.72
70.05
70.80
70.55
70.45
70.25
69.88
69.28
69.43
70.00
70.11
70.47
70.76
71.44
71.36
71.40
71.52
71.02
70.58
71.70
72.09
73.50
75.40
75.05
75.21
74.86
75.11
74.96
74.83
73.56
74.05
73.52
73.65
72.57
72.48
73.13
72.10
71.94
71.65
70.25
69.94
69.30
69.62
69.40
71.20
71.89
72.60
72.57
72.36
70.47
69.07
68.61
70.05
69.96
69.10
68.88
69.41
71.46
71.41
72.65
73.26
73.56
74.18
74.36
75.10
75.10
74.53
74.71
75.00
76.08
76.62
76.81
77.05
74.52
74.74
75.18
74.96
75.31
76.28
76.38
77.36
77.85
78.77
78.31
79.06
78.65
79.05
78.20
78.24
78.60
79.60
79.42
79.50
79.52
78.63
78.52
77.50
76.62
77.20
77.01
77.44
79.85
79.33
79.83
78.71
78.64
79.90
80.40
80.86
81.07
80.70
81.98
82.39
82.81
85.10
84.20
84.28
84.30
84.50
85.05
86.02
85.37
85.58
85.00
81.53
82.27
83.38
84.78
85.00
85.25
84.39
84.80
85.94
86.11
85.65
85.82
85.61
86.35
87.00
86.14
85.30
85.45
85.13
88.95
91.24
91.33
90.08
91.39
90.85
91.00
89.60
90.55
90.69
90.25
89.21
88.26
87.21
87.53
86.80
87.16
87.42
87.64
87.85
88.38
88.50
86.73
86.05
86.02
85.69
84.70
85.23
85.53
86.20
86.30
86.47
86.29
86.65
86.02
82.60
82.85
83.25
83.65
84.39
84.76
85.07
84.51
85.26
83.82
84.00
84.80
86.30
86.73
86.91
86.67
87.11
87.20
87.04
86.42
85.90
86.09
86.25
85.43
85.85
86.16
86.41
85.11
83.70
82.50
81.44
82.12
83.19
81.52
81.80
82.44
82.40
81.71
82.26
82.36
81.70
82.31
81.85
81.05
79.49
77.58
75.70
75.10
76.46
76.16
77.02
77.00
78.11
77.61
76.59
76.78
75.11
76.67
76.98
77.54
77.32
77.73
77.66
77.27
77.24
76.65
75.80
76.60
76.70
79.22
81.11
81.75
81.89
82.29
81.36
81.65
81.82
81.60
82.09
82.73
83.50
83.42
84.33
84.51
84.07
85.49
86.68
86.00
86.86
87.61
88.10
88.15
88.30
88.80
89.55
89.08
84.61
85.82
87.10
86.40
85.30
85.96
85.32
84.72
84.83
86.50
86.20
86.80
87.01
87.51
87.68
87.50
86.93
86.00
85.91
84.56
83.70
83.43
83.77
83.72
82.65
79.97
85.78
85.10
84.22
84.20
83.68
82.52
81.20
80.97
81.50
80.64
79.57
79.55
80.15
78.70
78.72
78.82
79.57
79.23
78.90
77.36
77.72
78.06
76.95
76.53
76.94
76.77
78.52
78.68
79.21
78.35
78.36
78.38
81.90
79.61
79.39
79.90
79.67
81.14
81.37
81.12
80.61
80.92
81.68
82.51
81.44
81.43
81.97
82.26
82.32
81.70
79.94
80.50
81.29
81.11
80.73
82.50
83.05
82.80
83.24
82.76
82.39
82.42
82.96
83.43
83.92
85.95
86.96
87.74
86.55
86.41
86.45
86.76
86.47
85.17
85.24
86.36
86.61
85.83
86.44
87.00
87.22
86.45
85.80
85.27
85.05
85.80
86.86
87.05
86.48
85.69
85.27
86.75
86.85
88.07
89.40
88.43
87.18
86.62
83.75
85.25
86.55
86.94
87.09
87.40
86.67
85.34
85.35
85.55
85.70
85.76
86.38
87.00
86.01
85.45
85.10
84.36
84.00
83.83
81.47
83.13
83.90
83.78
83.08
80.60
80.88
81.21
83.00
82.74
84.04
83.21
83.50
83.59
83.06
83.16
83.61
83.75
84.33
84.10
84.50
85.11
85.75
86.40
86.67
86.62
86.20
85.35
85.79
86.25
84.03
84.50
84.74
84.79
84.26
84.19
84.41
85.00
85.30
84.90
84.69
84.50
86.00
85.51
85.05
84.78
85.00
84.66
84.65
84.65
84.01
84.22
83.90
83.54
82.70
82.31
82.03
82.56
81.25
81.49
81.54
82.04
82.52
82.50
81.70
80.96
80.36
81.27
81.53
81.57
80.55
80.95
80.93
81.52
82.14
82.20
81.14
80.93
81.00
80.51
79.79
79.51
77.78
77.39
78.70
78.41
78.97
79.86
79.99
80.00
80.27
81.07
80.15
79.90
80.24
79.15
80.70
81.00
80.90
81.20
81.90
83.01
82.59
81.90
81.90
82.22
83.60
83.98
83.14
78.90
79.52
80.91
81.05
79.65
79.69
78.95
78.71
78.24
78.11
78.07
78.33
78.00
78.20
78.66
78.22
79.07
79.95
79.14
79.14
78.67
78.65
78.59
78.34
77.99
76.95
78.01
76.98
76.67
76.69
75.52
76.25
76.96
76.88
76.50
76.40
76.28
76.45
76.80
76.61
76.40
76.35
76.89
77.73
79.22
79.77
80.74
80.34
80.70
79.86
80.72
81.91
81.57
82.80
82.09
82.54
82.00
80.73
81.81
81.97
84.84
85.32
85.69
87.54
87.79
87.56
86.91
86.93
87.70
88.41
87.40
87.52
88.39
87.78
88.16
89.30
89.60
89.28
88.21
88.22
88.16
88.57
89.10
91.40
92.56
91.69
91.03
91.09
91.09
90.58
92.13
92.15
92.38
91.55
92.22
92.71
93.65
93.69
94.70
94.68
94.80
95.17
95.53
96.13
96.09
95.69
95.04
96.43
96.54
96.12
96.34
97.66
97.85
97.73
96.70
96.42
96.37
95.15
95.92
96.00
96.09
94.79
96.69
98.77
99.03
99.47
99.32
99.18
98.80
96.81
96.86
97.70
97.63
98.36
98.90
99.43
99.32
99.21
99.05
99.00
99.48
97.45
96.21
96.59
95.83
94.92
95.35
96.50
97.50
98.44
99.81
98.45
99.42
101.42
102.24
103.07
103.23
103.43
104.95
104.80
105.68
105.64
106.51
106.64
107.18
107.20
103.25
103.29
102.17
103.86
102.46
102.81
103.54
104.50
104.90
105.20
102.91
102.75
104.75
105.66
107.46
107.99
108.16
106.83
105.01
107.42
106.36
104.89
104.50
104.76
105.91
53.05
53.20
53.24
53.41
53.34
53.81
53.40
53.40
53.66
53.58
53.64
53.34
53.08
53.44
52.80
53.40
53.33
53.50
53.82
52.34
53.07
53.09
53.20
53.28
53.72
53.68
53.29
52.65
52.76
52.50
52.67
52.67
52.58
53.50
54.50
54.64
54.32
54.12
54.40
54.24
55.77
56.48
56.40
56.74
55.71
54.10
51.87
53.30
52.96
53.06
53.26
53.39
53.43
53.25
53.60
53.14
52.89
53.20
53.61
55.49
57.77
57.50
58.39
58.30
58.10
59.01
58.63
58.33
57.73
58.40
58.73
58.30
58.19
58.72
59.55
58.42
58.90
58.17
57.13
55.73
55.44
55.60
56.06
55.98
56.29
56.11
55.85
56.82
55.86
52.20
52.00
55.89
54.60
53.43
52.40
52.68
54.00
53.71
53.83
53.72
53.79
53.86
53.33
53.89
54.81
55.60
55.80
55.06
55.26
54.18
54.15
54.91
55.15
55.73
56.33
56.09
56.38
58.16
57.83
57.15
56.67
56.92
58.10
57.30
58.01
58.62
58.91
58.79
58.60
58.99
59.67
59.96
61.28
60.86
60.96
62.83
62.70
62.00
62.46
62.39
61.98
62.46
62.39
63.18
63.39
64.44
64.00
65.29
63.66
62.67
62.00
62.76
62.34
60.91
61.43
61.14
62.30
63.14
62.29
61.61
61.63
61.50
61.31
62.89
62.12
62.38
63.40
63.83
64.99
64.85
65.53
65.33
64.91
65.11
65.38
64.15
63.42
63.98
63.91
62.84
62.24
63.33
65.81
65.82
66.09
65.58
64.86
64.06
64.01
62.70
62.38
61.70
61.30
61.54
61.13
61.30
60.21
59.85
57.00
56.11
55.96
56.00
51.50
54.01
56.25
55.59
55.67
56.28
58.08
59.18
60.50
60.24
59.51
59.84
59.55
59.81
60.00
60.56
60.82
62.07
61.68
60.90
60.46
59.66
59.66
60.29
61.41
62.05
61.49
59.96
59.36
59.50
60.12
59.43
57.69
56.77
56.70
58.00
58.00
59.31
57.75
59.57
61.82
61.83
66.48
68.01
66.07
65.98
65.10
65.75
67.26
67.55
67.26
67.95
66.82
66.24
65.95
65.90
66.60
65.85
65.19
65.47
66.00
67.24
67.11
67.31
67.38
67.42
67.72
67.60
67.50
66.61
66.50
67.01
66.55
66.19
66.56
64.34
64.19
64.85
64.66
65.66
67.30
66.81
67.19
66.71
64.86
64.59
64.08
64.12
66.59
66.93
67.16
66.02
66.30
66.73
67.75
67.93
67.22
68.00
67.34
66.46
67.09
67.88
67.77
67.45
67.02
65.86
66.54
65.91
65.82
57.63
59.04
59.49
57.63
57.98
57.41
55.52
55.64
56.57
55.02
54.64
55.60
55.69
56.40
56.93
56.32
56.48
56.64
58.50
57.92
57.58
57.23
57.10
58.69
57.91
57.75
58.79
59.53
60.40
60.04
60.50
62.33
61.60
60.94
61.34
61.90
61.35
60.77
60.11
59.26
60.91
59.42
58.75
58.70
59.80
60.52
60.78
60.01
59.65
58.47
58.90
59.49
59.13
58.92
60.00
59.02
59.05
58.70
58.74
61.85
62.45
60.55
58.83
62.42
64.00
64.63
64.85
65.15
63.60
63.25
57.42
57.87
55.16
52.89
49.03
54.29
56.29
50.20
49.90
53.86
56.86
56.72
51.00
48.17
47.23
46.47
46.63
50.74
53.50
55.18
55.43
55.03
52.54
49.94
47.56
46.92
44.34
43.50
43.62
45.94
46.00
44.55
43.76
42.68
43.75
47.91
48.26
48.24
51.63
47.88
48.39
47.81
50.04
49.51
54.30
52.18
48.94
48.19
47.61
47.35
47.75
48.70
50.35
50.43
48.14
47.08
47.64
49.30
48.27
48.79
49.54
50.31
52.30
51.80
50.30
49.72
49.37
48.96
49.11
46.17
45.72
45.87
44.00
43.54
44.18
44.04
45.00
44.85
46.30
45.82
44.94
43.82
44.11
45.26
45.33
46.80
47.14
44.76
43.37
42.94
43.21
41.37
41.95
42.34
41.92
41.41
40.49
41.56
41.00
40.08
39.63
40.02
40.74
39.44
39.00
38.24
38.97
41.75
42.41
43.27
43.61
43.54
44.94
43.25
44.31
44.87
45.37
45.15
46.54
46.58
45.02
45.80
45.64
47.61
50.20
50.46
49.51
49.45
50.58
51.59
50.18
51.05
51.93
53.22
52.02
52.03
52.25
53.26
54.03
53.57
53.40
52.50
52.18
52.50
52.87
54.35
54.24
52.43
52.00
52.79
50.24
48.76
49.40
49.64
50.00
50.53
50.54
50.07
51.19
51.97
53.84
53.61
54.70
57.56
57.75
56.80
56.63
57.95
57.27
57.64
56.25
56.57
55.65
55.41
55.14
54.39
54.70
56.53
55.11
53.35
52.76
50.16
50.51
50.80
51.28
51.35
51.06
50.74
50.89
50.75
50.77
50.62
50.81
51.21
51.32
52.00
51.98
52.09
51.68
51.42
51.00
50.59
51.64
51.43
52.36
54.58
55.56
56.24
56.15
56.73
56.82
57.13
56.71
56.02
56.42
56.98
56.30
55.17
55.19
55.09
56.20
55.24
55.56
55.10
54.93
54.80
55.81
55.15
54.11
53.22
53.31
53.42
54.21
54.53
54.87
54.76
53.52
53.97
54.41
56.87
57.95
57.66
58.44
58.23
57.83
58.30
58.46
59.12
64.01
62.50
61.08
61.75
62.84
62.80
63.55
63.00
63.23
63.01
63.91
64.13
64.26
64.41
64.65
64.70
64.40
63.55
63.59
62.50
62.28
62.60
62.02
61.83
61.80
61.97
63.07
63.88
64.36
64.00
64.57
63.81
63.72
64.52
64.43
63.79
62.88
62.70
64.04
64.32
64.53
64.00
64.39
64.74
64.53
64.54
63.82
64.30
63.38
61.75
62.20
63.09
63.12
63.62
63.63
63.07
64.05
64.45
64.18
64.89
65.00
64.78
65.22
65.71
66.05
65.12
64.70
64.94
65.05
64.94
64.65
64.28
64.78
64.75
63.95
63.96
63.57
63.03
62.95
63.31
63.05
63.25
63.37
63.55
63.51
63.61
63.32
62.05
60.89
61.23
61.67
62.25
62.12
61.72
62.33
63.62
63.91
64.01
64.03
63.61
64.00
64.01
66.23
67.61
67.68
67.26
67.44
67.83
67.97
68.53
68.41
68.71
69.41
69.72
70.10
70.28
73.30
73.12
72.82
73.97
73.01
73.53
73.37
73.58
73.55
73.28
73.75
73.62
73.50
73.30
73.06
73.65
75.20
74.75
75.00
74.97
74.98
74.25
75.90
76.17
76.21
77.30
77.78
76.61
76.14
76.72
75.89
75.91
77.10
74.70
66.99
69.78
73.74
75.76
76.01
75.35
73.18
72.03
72.70
71.00
69.57
68.14
70.71
69.27
71.92
72.76
71.96
70.70
71.31
72.94
70.16
69.48
68.65
69.67
71.14
71.03
71.91
72.29
73.08
73.63
74.47
73.82
72.17
71.50
69.20
68.90
69.63
67.44
67.30
66.77
67.43
66.34
67.01
69.02
69.52
69.28
70.02
69.47
69.35
68.69
68.19
67.62
69.31
70.36
71.16
72.48
72.84
72.87
72.68
72.64
73.94
72.85
73.13
73.30
72.78
73.88
72.80
71.48
70.70
70.48
69.77
71.47
70.94
70.56
70.49
70.95
69.41
68.32
70.34
69.70
69.96
69.58
70.82
71.77
73.25
73.75
73.90
73.60
73.67
74.38
74.37
74.93
75.92
76.48
77.29
77.22
76.70
76.59
79.48
78.15
78.57
79.23
79.51
79.83
79.04
80.27
80.82
80.31
80.90
81.50
81.80
81.50
81.34
81.62
81.50
80.08
80.85
81.49
81.71
82.01
81.26
80.27
80.57
80.65
80.59
81.51
80.96
82.40
83.24
82.96
82.88
82.82
82.99
82.04
81.70
80.26
80.57
82.17
82.87
85.08
84.88
85.44
85.90
83.92
84.37
87.40
86.96
86.82
87.04
87.12
86.40
87.24
87.50
89.01
88.51
88.43
87.77
89.28
89.63
90.48
86.60
85.43
85.50
86.11
85.25
85.12
85.12
85.26
83.75
83.51
83.56
83.27
83.06
83.62
83.68
82.45
82.37
83.87
82.83
82.50
82.19
81.50
81.92
82.79
82.69
81.30
81.01
82.62
83.12
83.38
83.81
85.66
86.18
86.45
86.26
85.96
85.45
84.62
85.12
84.40
86.00
86.91
85.79
85.50
86.54
87.95
87.51
87.23
88.90
89.34
88.27
88.83
88.25
87.54
85.47
85.36
84.00
84.05
84.49
76.83
76.62
69.43
75.05
76.40
76.62
75.80
75.62
76.24
75.62
75.82
76.35
76.85
78.24
77.02
77.06
77.25
77.35
78.15
78.65
78.67
77.20
78.49
79.26
79.84
79.88
79.40
79.92
80.60
81.75
82.00
81.54
81.41
82.09
81.76
81.70
82.73
82.20
82.44
84.70
85.02
83.97
84.53
85.04
84.39
83.46
83.63
83.11
82.99
84.19
83.82
82.08
81.06
80.22
79.74
80.15
79.87
80.24
79.55
79.68
81.08
79.90
79.44
80.80
80.86
83.05
81.85
80.63
80.73
80.92
85.16
88.18
89.22
89.43
90.93
91.37
92.71
92.27
91.13
90.65
90.98
91.25
90.83
90.48
90.51
90.17
90.29
91.43
90.32
90.19
88.55
88.87
89.25
88.01
84.98
82.91
81.49
80.34
78.00
76.98
79.04
79.32
83.39
82.78
83.13
81.84
78.97
78.50
79.03
79.10
82.86
83.49
82.30
86.80
86.36
86.15
86.02
83.80
80.20
84.16
84.80
82.48
81.45
84.06
85.41
86.76
88.33
88.03
89.24
85.55
82.22
86.69
87.22
89.98
88.25
85.44
85.48
83.00
81.01
85.33
87.22
87.59
89.34
89.43
89.95
90.93
91.91
90.71
87.98
91.07
90.69
92.53
94.12
93.47
92.73
95.43
94.92
95.54
93.46
94.09
93.57
93.61
93.44
93.70
91.61
92.57
94.45
95.20
94.67
93.54
90.90
91.45
89.79
90.99
90.50
90.28
91.90
94.31
94.92
94.51
95.51
95.94
95.96
95.26
95.00
95.30
95.78
94.41
93.75
93.41
93.55
93.06
92.89
94.29
94.25
94.77
96.51
96.28
96.49
96.37
96.70
96.51
97.00
97.52
97.70
97.68
97.79
97.74
98.04
98.05
98.70
100.52
101.02
101.17
101.02
101.89
101.79
101.50
100.87
103.46
103.74
102.57
103.10
102.68
102.96
104.52
105.22
104.76
104.62
104.29
106.31
105.55
106.28
104.71
104.98
105.54
105.63
105.54
106.52
106.93
108.02
107.95
108.30
106.97
107.30
107.66
108.20
108.60
109.54
110.16
110.31
110.56
110.96
111.73
110.38
109.08
106.07
107.72
107.72
106.28
106.30
107.85
107.99
108.30
108.68
109.00
108.51
105.93
107.47
107.17
108.28
108.68
109.20
109.05
109.03
109.73
108.67
106.34
106.93
108.73
109.81
111.00
110.50
111.04
113.52
111.54
111.20
106.56
107.08
107.24
106.66
106.94
107.01
106.22
104.27
105.08
105.31
107.20
106.18
106.78
107.62
109.14
108.23
106.66
104.18
103.14
104.00
105.73
106.25
106.31
107.40
106.74
101.28
99.36
99.56
100.13
101.33
100.63
98.53
98.28
96.70
97.30
97.50
95.84
85.10
88.03
88.25
90.55
90.77
90.00
90.60
90.50
90.21
92.04
92.89
91.91
91.98
94.11
93.05
91.34
92.41
93.10
94.29
95.64
95.49
93.25
92.76
91.04
93.38
94.65
95.65
95.20
94.92
94.33
93.86
94.70
94.17
93.43
94.83
95.59
95.16
95.19
94.94
95.44
96.10
95.85
98.21
97.53
96.95
96.24
96.97
97.47
98.88
99.03
99.11
99.40
98.27
95.89
96.08
97.07
97.60
96.38
96.20
94.00
95.00
94.33
94.65
92.79
94.62
94.58
93.62
94.00
94.86
94.75
94.40
94.15
94.53
94.33
94.38
96.14
96.91
97.02
96.10
93.82
92.75
92.46
91.13
90.32
90.78
91.90
94.49
94.35
94.75
94.62
91.86
91.68
91.98
91.03
89.65
90.07
91.40
93.46
95.27
94.96
95.88
95.38
96.05
96.60
98.80
96.91
97.09
97.23
96.61
97.23
97.73
97.98
97.84
98.60
97.04
96.85
96.80
97.73
97.77
97.21
101.16
104.36
51.19
50.93
50.99
50.59
51.40
51.78
52.47
52.53
52.19
52.31
52.17
52.31
53.01
52.89
53.24
53.31
52.98
53.05
52.81
53.16
53.99
54.32
53.88
53.56
53.44
53.60
53.50
53.86
53.50
54.07
54.48
54.73
54.79
54.41
54.32
54.52
54.29
53.99
54.12
54.00
54.04
53.94
53.96
54.00
54.18
54.41
54.52
54.70
55.14
54.50
54.16
53.27
53.60
54.34
54.29
54.08
53.54
54.06
53.53
57.87
59.03
58.90
58.14
58.45
57.98
58.36
58.56
58.74
58.33
58.82
59.29
59.92
60.31
60.43
59.67
59.67
60.01
59.70
60.27
60.63
61.24
61.40
61.57
61.58
61.62
62.66
63.20
62.95
63.68
63.78
63.81
63.67
63.65
63.67
64.32
64.53
65.45
64.16
64.40
65.05
64.98
64.09
63.09
61.56
63.04
62.40
62.39
61.66
61.11
62.31
61.60
61.21
62.25
62.74
61.97
61.35
61.03
61.61
61.82
61.62
61.73
60.64
60.07
59.11
59.95
60.79
62.13
60.18
62.20
61.90
62.10
63.15
63.48
63.40
63.32
63.44
63.49
63.25
62.47
62.57
62.90
63.08
62.84
63.14
62.57
62.20
62.03
62.25
62.64
62.77
63.24
65.41
66.16
65.88
65.61
65.78
65.84
66.05
65.69
64.23
63.16
63.34
63.50
64.31
64.04
63.90
63.90
63.92
62.79
62.65
62.88
62.60
63.50
64.30
64.69
64.17
64.93
65.96
66.82
67.80
67.19
67.91
67.98
67.93
68.81
68.10
68.04
69.19
68.74
69.15
73.35
72.16
72.02
71.59
71.06
71.32
71.30
70.18
69.96
71.94
72.88
72.78
73.41
73.72
74.08
74.27
75.50
75.52
75.11
75.24
75.35
75.37
75.54
75.95
75.14
75.65
75.63
75.88
76.15
75.66
75.58
76.72
76.40
76.46
77.89
78.25
78.33
77.55
77.73
77.41
77.98
78.88
79.16
79.09
79.08
78.92
78.60
78.26
78.63
79.26
79.67
79.11
76.73
75.42
76.24
76.28
76.40
76.95
77.76
76.64
76.69
77.21
77.70
78.03
77.92
78.35
77.93
77.96
77.41
77.41
76.93
76.76
76.70
75.00
74.65
75.14
74.35
73.38
73.41
73.50
72.02
71.64
71.72
72.15
71.51
72.38
72.36
70.78
70.34
69.85
70.50
71.75
72.12
72.45
73.84
73.74
74.20
74.90
74.61
74.86
75.36
76.49
77.57
78.31
77.48
77.61
76.55
78.36
77.36
77.36
79.08
78.45
78.57
78.03
78.33
77.81
78.52
79.05
78.56
77.77
75.00
74.57
73.59
73.22
73.01
73.28
73.45
74.02
74.32
73.82
72.52
70.60
71.90
72.53
72.25
71.22
71.30
71.73
72.50
73.29
73.32
73.71
74.01
73.10
72.51
71.10
71.65
72.09
72.59
72.84
72.26
72.21
71.53
72.25
72.69
73.37
74.53
73.50
72.37
72.83
73.73
73.11
73.26
74.00
74.96
76.22
75.92
75.99
76.30
76.30
75.48
75.42
75.32
76.15
76.10
76.24
74.90
74.58
73.14
74.40
74.25
74.72
75.21
75.05
74.40
74.93
75.03
75.67
77.68
77.09
77.73
77.69
77.00
77.94
77.07
77.69
76.79
76.76
77.59
77.48
76.77
76.30
76.67
76.70
77.00
76.83
77.86
77.61
77.52
78.10
78.28
76.98
76.39
76.29
76.53
76.45
75.98
75.90
76.98
76.49
76.54
76.96
76.49
77.57
78.35
78.19
78.65
78.92
79.50
79.42
79.42
78.66
78.27
78.35
78.54
79.18
79.35
81.09
81.51
81.50
81.54
81.41
81.01
80.83
81.00
81.25
81.33
80.20
79.89
79.92
79.27
87.30
88.27
88.40
87.51
86.88
89.17
88.56
88.03
87.53
87.10
87.01
85.24
84.84
84.10
83.85
86.93
86.77
89.02
89.81
89.95
89.91
90.43
91.31
91.42
91.55
92.67
92.87
92.62
93.71
94.54
93.54
94.04
94.58
94.23
95.56
95.01
95.04
95.76
96.35
96.31
