5.75824175824
-5.44472152951
0.501253132832
0.0
-1.66358595194
-4.75352112676
3.52369380316
-1.24
-2.55310855584
1.36309758989
-4.14694186707
2.42435996897
1.716314855
2.01247735963
1.65711947627
-1.25252525253
4.7619047619
0.789249146758
3.03296703297
-2.54872563718
-1.58094435076
-0.918964076859
2.54872563718
3.18232044199
22.2972972973
9.62962962963
0.0
-0.735294117647
5.23057876818
6.1432325887
3.18644067797
1.72413793103
3.57142857143
3.7037037037
-3.77761938703
3.69549150037
1.88253012048
-4.73457675753
-1.96905766526
1.13798008535
-4.48369565217
0.204220558203
3.08771929825
2.22381635581
2.3119266055
1.8691588785
-0.483630952381
-6.50434782609
-0.450138504155
-12.4848484848
-7.69230769231
5.14705882353
3.0303030303
-0.36231884058
-1.86666666667
-0.735294117647
0.354191263282
-5.73177518086
-2.36348818256
-5.61538461538
0.801240630654
-2.34729934377
-0.95
2.72213662044
-0.637917836183
-5.70259865255
-3.21378667909
-0.139534883721
-4.69858156028
1.5301530153
1.1379153391
3.09713749413
1.47619047619
-0.896649362907
-3.81298229687
0.273099681384
1.73651308173
-5.32661113547
3.96536007293
1.316093281
-0.29926335175
-6.70103092784
2.89502762431
6.77206229353
-0.865497076023
0.0
-0.719925685091
-0.300995600834
2.22485207101
-1.03068634341
-0.280308339173
-2.96917497733
-0.158406879384
6.97167755991
1.37423312883
1.875
0.959111559818
-4.0910191237
-5.03448275862
0.276625172891
-0.413223140496
-1.5593220339
3.19496268657
-0.85549132948
-2.25988700565
0.135777325187
5.21428571429
-4.4151115157
2.32883092687
3.32050048123
2.84583024004
3.61538461538
-1.41557128413
3.26285565127
2.84563758389
1.88730853392
2.43765760717
0.365579302587
1.05143506678
-5.04587155963
-4.97435897436
-2.35353029544
2.1744691737
-1.03797468354
-0.778698819392
-2.90243902439
1.86335403727
-0.617283950617
-3.7089871612
0.887502998321
-3.18160705992
1.46088595664
-3.4137460173
0.136736554239
-2.96329057939
0.623052959502
1.99727644122
-1.2550425818
-0.156634593869
-2.72094035699
-0.948684777922
-1.4449638759
2.30434782609
4.26110607434
0.845714285714
-1.68539325843
-2.45506356861
-0.826086956522
0.0
0.546448087432
-4.6875
0.0
2.80573998715
-0.405290102389
-1.42977291842
1.60222174749
-0.931216931217
-0.526315789474
-0.398406374502
1.72781569966
11.3010446344
4.64596273292
-2.42424242424
-2.94117647059
4.29447852761
-2.97619047619
1.35135135135
4.69934310258
-3.18003913894
-1.9429119693
4.225
3.57327809425
-1.27811860941
6.82687056253
-7.92054312296
2.97773174521
0.311688311688
1.98675496689
-0.343189017951
-9.80952380952
10.8764519535
-1.91610564474
-2.37613751264
-1.56755411794
0.324513230155
0.451354062187
-0.598205383848
0.149775336994
0.15
-3.61445783133
1.99066109609
-5.37209302326
8.33963214916
1.76923076923
-1.73847316704
1.92604006163
1.45909327775
-0.311688311688
-2.38336713996
3.78947368421
0.662251655629
-1.64147993747
3.56179168915
1.8691588785
-1.83486238532
-0.856072766185
-4.61852513396
2.29705037849
-1.61787365177
-2.50375563345
0.150451354062
-6.03204524034
2.56162397293
-3.06863434059
-0.720930232558
-3.37078651685
2.01742320037
4.95668912416
0.434992750121
-0.88622754491
-0.878442545109
1.96078431373
-0.911489565843
4.225
0.0
-0.621118012422
-0.617283950617
-5.81395348837
-2.13928083751
2.63957019388
0.445800093853
-2.44907301442
-2.91111111111
1.69491525424
2.17039944586
4.06054781355
-2.20864661654
-3.27272727273
-1.80763222495
-0.554815801154
-6.125
0.797984040319
1.99186121225
-1.82926829268
-3.17589576547
-0.263959390863
-3.78980269584
-5.30891601924
-4.63926618451
-0.105726872247
1.68428597026
3.12269031781
-3.25348587773
-2.50958522133
4.55539358601
-4.75529330094
-3.06191117093
2.27116311081
0.640692640693
2.32104890149
1.34674088705
-0.215015230245
-0.445950767035
6.90312738368
-0.944465432565
-0.338855421687
1.41275295914
-3.34009964938
2.24528301887
1.0871638375
-1.09413318242
-3.63570259953
0.972834067548
-0.238051638894
-1.05091502084
-2.38769013088
0.177179305457
2.39477503628
1.23048668503
0.257779414472
-3.17347120699
1.74133865409
5.47158982208
1.45574534161
8.41750841751
0.977475563111
-2.01957110139
-1.97959183673
-0.223986968031
24.7079735907
0.896746092749
2.36034618411
1.46354443853
-0.132872707946
-3.88250319285
-2.75707898659
-0.14880952381
0.623908160719
2.45461518793
4.20996536104
2.76560788609
0.467675378267
0.0825991189427
0.359215252832
-4.78821362799
-5.2828307999
1.54352226721
-1.93548387097
2.33621127476
-0.580661449129
0.354699771979
-1.69364881694
-0.495662949195
-1.87256809339
4.7376464595
-0.933636134242
0.634840020315
0.356778797146
-0.658227848101
0.202942668696
3.60052562418
1.57501334757
1.3802435724
-0.672043010753
-2.71966527197
-3.43434343434
-0.352289884248
-0.150753768844
4.0522875817
-1.87275525911
-2.13406979664
-4.30081691494
-0.454436737623
3.03104977822
-2.35803657363
1.51441133366
0.787789266371
0.246791707799
-1.07421875
2.34882558721
1.62519045201
2.5787965616
-1.20946989192
-1.86868686869
-5.73672935015
-0.685579196217
-0.235849056604
-2.9304029304
-3.12707917498
3.18077803204
-0.114285714286
0.620975160994
2.40226095148
3.56097560976
-0.243309002433
-0.508351488744
0.36443148688
-0.627716079189
0.048309178744
-2.2201228153
1.72993753003
1.04394270454
-1.62407451636
1.25755743652
-0.241254523522
1.31997066732
0.245037980887
-4.22436047876
1.45238095238
-3.51481736733
-2.28956228956
1.25
2.92397660819
0.210970464135
1.61981896141
-0.0238151940938
-0.379596678529
-0.870178739417
1.02162033737
0.693779904306
0.722891566265
0.899586676392
-2.90368271955
-5.86666666667
-0.288056725017
-2.73706896552
-1.17145899894
2.08741030659
-3.66568914956
0.802364864865
2.46646473388
0.369163952226
-1.56049593844
-2.21571906355
2.22222222222
1.51843817787
-3.04942166141
-0.543819284668
-3.97670214903
-0.717846460618
5.51230801599
-0.502407368641
-0.479166666667
-1.33607399794
-1.59789644013
-0.48309178744
0.363636363636
1.53846153846
-0.53050397878
0.57459470552
1.07861439535
-0.884046052632
-0.531697341513
-0.670322973796
-3.9976599064
1.54455445545
0.0
0.497512437811
1.49464754595
-0.98
-1.47783251232
0.49504950495
0.738080989427
3.33951762523
-0.287769784173
10.4426787741
2.34665427509
0.678362573099
1.15948887837
-3.25091575092
-5.88235294118
1.66484118291
0.4400440044
-0.219538968167
-2.69173253578
-0.170612070804
-2.43445692884
-1.81818181818
2.79294414112
-0.376569037657
0.84388185654
1.36869118905
-3.08808290155
0.709663953246
-0.353577371048
0.90241343127
0.25247212287
0.210837022981
-0.39899202016
-1.05963016829
-2.41281427413
0.386729086098
0.717507175072
-0.428658909982
-1.30942788074
1.61719549642
1.64377861007
-2.63371150729
0.775826868109
-0.406669377796
-0.606305578011
-0.980588353012
0.462404503418
-0.200642054575
0.58526740666
0.364593882925
-1.22048819528
-3.06439100078
-1.67810831426
-0.963172804533
-0.544703230654
-0.560328726186
-0.0186741363212
0.280898876404
2.12277682157
0.0574052812859
0.96599690881
0.700389105058
-3.00056614456
0.189071658158
-0.151028884274
-3.28647069564
-2.78665246716
2.36191860465
1.13928702683
-1.05454545455
0.917431192661
-0.601860295459
1.81987000929
2.94398776525
-0.890488821523
-3.35103460905
1.52444692322
-4.45825932504
-1.31463628396
-0.0875656742557
0.616740088106
0.478045325779
0.426742532006
-1.19465917077
0.743362831858
-0.877192982456
-0.332225913621
-0.278988666085
1.43261407853
-0.859196913905
2.88652354321
1.33455210238
-4.53752181501
1.95729537367
-2.05646566748
-0.295395308427
-0.775862068966
-0.275103163686
-0.987402110998
0.221805152704
0.652584578396
0.743944636678
-5.24590163934
1.81939576031
-0.183272242586
0.941809619913
-0.883480580097
-0.18302828619
0.0832639467111
1.60744500846
-2.21707478491
0.465425531915
-0.397350993377
-0.132275132275
1.62997815493
2.00548508742
-0.324619853067
1.79130434783
-3.19865319865
-0.569132909274
0.521622076392
1.55502392344
-0.577641862046
0.0169923534409
-0.658338960162
2.1027231989
-0.98976109215
-0.340136054422
1.03092783505
-0.495811249786
0.0
-3.64085667216
-3.28234544296
0.0159362549801
-1.1811023622
0.157728706625
-0.922019065479
1.25
6.21848739496
-0.948892958215
-0.710743801653
-0.819672131148
1.64972504583
2.1620701396
1.87304890739
-0.927835051546
0.29295192142
-1.42687277051
0.546541417592
-0.204533833305
0.273457528628
1.66811468288
-0.535776011061
1.43758765778
-2.89410963568
2.33449477352
3.61010830325
-2.49912002816
-0.315789473684
-0.73145245559
2.53571428571
0.919084519733
1.35159817352
1.57699443414
1.06881680105
-2.46891002195
-0.995835596596
-0.198771232382
2.48148148148
-2.06746463547
-1.62355040143
2.09471766849
3.78071833648
-1.48975791434
-2.64684554025
1.2853470437
-2.48880931065
0.0179083094556
2.64705882353
1.19047619048
1.91469194313
-3.65296803653
1.38888888889
0.558659217877
0.24267313795
0.0560328726186
-0.390697674419
3.24625432194
3.31414963286
-0.807086614173
0.893743793446
0.418827283606
-0.278440731901
-0.238095238095
0.0993048659384
0.7
0.502512562814
-4.98472116119
-1.20754716981
0.0
1.92307692308
2.46305418719
-0.294695481336
2.62096774194
1.05949470253
-4.55075845974
-4.15657036347
-1.73992673993
-0.18281535649
-0.63578564941
-2.1855010661
-0.845665961945
1.35714285714
0.592778875516
5.73599240266
-0.996615268898
1.48854961832
-3.03478904515
1.00934579439
4.77869173521
4.24663127807
3.02902818679
2.56742179072
-4.23553719008
-0.39102696028
-0.246355984397
-4.20845624385
1.09343936382
2.04909717996
4.87234042553
3.34212840809
3.57549533136
-1.54708520179
0.0897666068223
-0.955767948433
2.43624772313
2.68880056114
-0.53488372093
-2.82485875706
-2.3178807947
2.83768444949
1.07847636531
-2.72321428571
-1.51681688283
-1.4301191766
0.764192139738
-0.217864923747
1.30214080777
1.75162811588
3.6063285249
-0.463177396943
2.37079184448
0.0237135404316
0.7165034631
-0.0238777459408
2.27106227106
-2.80085449798
-2.02325581395
2.92005744375
0.119817876827
-1.13717128643
1.22302158273
-3.13588850174
-2.18132242672
-0.204081632653
4.25531914894
0.213219616205
-4.86815415822
-2.71870203903
3.98996808026
1.57480314961
-0.689972401104
0.881670533643
2.52140818268
0.238435860753
4.95495495495
-0.124968757811
1.75483214649
-1.28044187798
-4.84949832776
-1.69093471113
-5.27252502781
4.34076137419
-3.19101123596
2.416570771
-4.58937198068
0.529801324503
0.132625994695
-0.789473684211
-2.95807618642
0.59944337401
0.950940133996
-1.76220806794
-0.190718372537
-0.547945205479
0.211193241816
2.66695576756
1.99026979213
1.52671755725
1.20427175642
2.73109243697
-2.30330672748
0.527281063732
-3.55958434667
-0.724319578578
0.596158092294
1.66105499439
-2.55905511811
1.44220102063
3.01714285714
-1.83980255777
1.43377332726
-2.55045464626
0.692273336311
-3.80236305048
0.10752688172
0.867678958785
1.65380374862
0.50975177305
3.58126721763
0.623700623701
0.301204819277
-1.46118721461
2.98612743945
-3.84354510513
3.5831381733
1.83639398998
0.963159162052
-7.91574279379
1.80586907449
0.567536889898
-0.203896692343
1.40133241443
-2.22371967655
0.112435349674
-3.53579175705
2.10409745293
-1.37614678899
0.262812089356
-0.782268578879
-2.5
-0.694298337892
0.912951167728
0.899742930591
1.58868335147
0.944639718805
1.04328523862
2.76003649635
0.967296176877
-2.73297491039
2.85714285714
-0.367309458219
-2.35373234701
-2.32099846727
1.64700645448
0.875617422542
0.837672628481
1.12179487179
0.900900900901
0.254747568319
1.83962264151
-2.16889709275
-1.16305587229
0.412182276162
-0.704865848113
-2.56978289765
-0.921861281826
0.197932702881
-0.459719789842
-1.46678170837
2.40777556881
-0.308302136093
0.754382072332
-2.50919316461
-0.301919344404
-0.664095972579
2.23390275953
-1.97509660799
-0.0643638704141
-5.07128309572
3.87137719484
-0.588853838065
-1.246105919
-1.73469387755
-1.50753768844
-3.5291836339
5.26638089406
-2.17651757188
-5.24124881741
-0.844277673546
2.28363078104
-1.47475893364
1.59431425279
-0.287301283279
-1.56485671192
3.15052508751
1.22047244094
-2.86806883365
0.249185355568
1.30097087379
0.155581485803
-0.867553499132
0.173812282735
-1.68976647048
0.152120174938
-1.23943661972
-0.967082015994
2.71251193887
0.0956022944551
0.848438102584
-2.42709313264
-1.11627906977
1.30041462495
1.60857908847
-3.24254215305
-0.552791597568
1.38240239118
1.55568203377
-1.73378076063
1.68720379147
-2.72911672506
0.20325203252
1.40528386734
-1.25809435708
-0.771066642188
-0.511415525114
1.4828544949
0.129918337045
1.92962542565
1.12875454372
-0.513894175866
1.33076181292
-0.746554364472
0.771604938272
-3.82189239332
-1.3181984621
-0.219218122031
-2.23254152527
0.0357334286225
2.22831050228
-2.02219040802
0.251166128454
0.522993688007
0.307525325615
-1.12681094616
1.10307414105
0.18115942029
1.19156736939
-0.818181818182
-1.20352074726
-0.819526100125
-0.337357954545
0.53552302749
1.17392089579
-2.22496909765
-0.474516695958
-0.052696293694
7.25320271289
-0.766498410918
-0.723830734967
0.0557103064067
0.635395253224
-0.686711210097
0.316514615528
1.33962264151
-1.22996645546
0.0559388402014
-0.130353817505
1.14899227727
0.0565397663023
1.56967840735
0.461538461538
1.76125244618
-0.680272108844
-1.00057725611
-1.00952380952
-0.341685649203
1.34667179684
0.366866190384
1.03394459618
-0.92771550058
2.05128205128
0.158040300277
1.6670014059
0.181086519115
-1.77865612648
-4.1848134823
0.0568397120121
-1.76809975805
-1.19529238691
-0.766423357664
-0.814479638009
0.308641975309
0.786825251601
0.588993189766
-1.55825330676
0.895795246801
-0.995475113122
-0.306748466258
-0.449074905694
-0.801853171775
-1.5093015093
-0.869867780097
0.41928721174
0.774647887324
0.906022384082
-0.985048372911
1.01279317697
1.60678822892
-0.716974368166
0.197557471264
-1.18899733807
-0.371287128713
-0.980392156863
-0.227074235808
-6.91056910569
0.359007832898
0.261780104712
0.443714050945
0.745033112583
-0.739523418242
-0.213184650705
0.263071358106
-1.69710683692
-0.833466901747
-1.12519809826
0.461709918803
-1.17998741347
-0.656455142232
0.0938673341677
1.04331331015
-1.67858253031
-0.170674941815
-0.13944840409
-0.170146945089
1.22123062471
0.0313234142521
0.440459336165
1.51708719259
-0.286624203822
1.24133483798
-0.353413654618
-2.42946708464
0.837679785048
0.253525590239
-1.23630672926
-0.0156470035988
0.566483084186
0.458425545368
0.925335035099
-0.507936507937
1.53102336825
0.209948320413
-0.0645577792124
0.19404915912
0.0647249190939
0.0
-0.0485201358564
1.04592253636
-2.25239616613
-1.12146580319
-2.10298438225
-3.72189965759
-0.267260579065
0.148698884758
-0.884303610906
0.967261904762
1.81818181818
1.13392583512
-0.427220018309
-0.0609942055505
1.06333795654
1.29566031845
-0.973875405781
0.419124495498
0.311429461227
-1.36691752419
-1.36342978337
-1.18263473054
-0.194232780517
-0.549777117385
-0.517368810052
0.177698800533
-0.471628592483
0.0147405660377
-0.323244196297
-0.584282792872
1.25721047182
0.0888230940044
0.0889020595644
-0.339633786178
-0.994152046784
0.780904670694
-1.42338416848
-0.361794500724
-0.115640358485
0.188269370022
-0.446943483276
-0.715717148583
-0.865616574429
1.14827041768
0.129347513653
-0.457796852647
0.416606809366
1.42794696197
0.145921494236
-1.62216480046
-0.839857651246
0.28551034975
-0.905361437261
-0.0565530892125
-0.46439628483
-0.851123203572
-0.78903654485
-1.31147540984
1.16086235489
0.0553097345133
-0.931506849315
0.773053561568
0.0552486187845
1.03265420039
-1.29476584022
-2.23538917318
-0.147909103133
0.63599458728
0.887372013652
-0.380796953624
-0.446791226645
0.0406338886631
-1.19111349036
-0.146999866364
0.456437105652
-2.83068092878
0.0130463144162
2.63792179968
-0.160427807487
0.537634408602
-0.945280255625
-1.36572554169
-0.872168706066
-0.0650448809679
0.378688952729
0.366972477064
-0.391644908616
0.15690376569
0.301639344262
-0.456919060052
-0.286383754231
-1.34840118146
1.93742636471
-0.326200417537
-1.84426229508
0.891588060473
0.833876221498
-0.0260518431679
-0.608493008804
1.12594920136
0.751879699248
0.291043788861
-0.421551837703
-0.537211740042
0.752475247525
0.397614314115
-0.290736090921
0.665158972995
2.21648082676
-1.22229684352
1.14114930037
2.03770446354
0.264072272411
1.22397298818
0.894251242016
-0.424028268551
3.51133869788
2.67387712183
0.256024096386
-1.68788865857
-0.676470588235
-0.2201027146
0.679568621658
2.4829674489
-0.676691729323
-0.0601142170123
0.165587836821
-1.55601659751
-2.13197969543
-2.40622788393
-0.338552687262
-0.0704820975472
-0.295151089248
0.168942700267
0.552095130238
0.626780626781
1.32794457275
-1.46494097568
-0.241203178207
-0.0283687943262
-1.05263157895
0.0280780569985
-0.627790178571
-0.333704115684
0.16713091922
0.251326445127
0.604017418177
-0.71129707113
-0.816157144833
-0.151933701657
-3.86402868145
-0.777338603426
0.689838153356
-0.488448844884
0.610970912472
-0.0265568981543
0.453514739229
-0.252794039383
1.76008665042
-0.845751107531
0.512751315612
0.284167794317
1.58075601375
-0.628329463188
-0.394557823129
1.39329562698
-0.151515151515
1.29761406446
0.321948488242
1.66500640387
0.443110348771
-1.11660777385
-0.0706214689265
-2.88065843621
0.261312061615
-1.2629005975
1.29298486933
-0.547195622435
2.87081339713
2.52488818352
-0.943261397742
-1.25599774203
0.767918088737
1.078050884
-0.172191132157
-2.93871866295
0.279329608939
-1.89092902165
-0.909708078751
-0.821438190143
0.432783337842
-0.71169598496
-0.772818121252
-1.19799894681
0.0131665569453
1.63254382443
-0.770150046475
-1.01209253417
-0.782472613459
-0.16924879573
-0.50518134715
-0.193923723335
3.22968103563
-0.951751487112
0.158877267311
-0.198202959831
-0.812581913499
-0.909090909091
0.574712643678
-1.84615384615
-1.70132325142
0.493920972644
-0.164369705399
-0.765370138018
0.504413619168
-0.501882057716
1.48987648033
-0.342639593909
-1.35202804206
0.125344697919
0.112937633329
-0.474584738354
0.577816857179
0.657478821596
0.0252940432528
1.33282070998
0.580046403712
0.271423032183
-0.934699103713
-2.25281602003
-0.460944312944
0.778405524168
-1.41106572596
2.12362533182
-1.01351351351
-1.06461995543
-0.883435582822
0.4808285045
-0.245972205141
-0.355392156863
-0.778210116732
-0.999157337186
-2.69415485534
-0.870877844868
1.77263058379
-0.22403018512
0.604982206406
-0.811860218849
-1.63194444444
-0.0347101700798
1.11137108095
-0.593092220026
1.16470588235
3.0303030303
-1.48077382374
-1.29655822725
-0.69062390261
0.399576918557
-0.758105901563
1.27569099929
-2.18370883882
-0.173010380623
-0.0230627306273
0.0692360950842
0.978792822186
-1.01499423299
-0.936928702011
0.597701149425
-0.0574382538771
0.600947648214
0.792079207921
-0.058207217695
-6.32497273719
0.218579234973
0.0984574991795
0.36231884058
-0.600240096038
0.858558062741
-0.699530003279
1.01578889257
-0.450648494175
0.31977064726
0.0
1.44295302013
1.21136646666
0.124688279302
0.592930444698
-0.982273907644
0.476460578559
-0.496670053053
0.647580095433
-1.0455311973
0.281848928974
0.16939582157
2.01612903226
0.579374275782
-0.011586142973
0.488997555012
0.869054609513
-1.5037593985
-0.0462481211701
-0.16160683366
-0.505340530608
0.42675893887
0.115473441109
-0.505514705882
0.974477958237
2.68016676593
0.828729281768
-0.833730347785
-0.815121086828
-0.657199859171
-0.0937976316098
-0.163876858247
0.269953051643
-0.362530698164
1.9189511323
-1.17785630153
-1.84971098266
-0.859598853868
0.345025876941
-0.968109339408
0.561218646203
0.0687679083095
-0.399543378995
0.481761871989
0.78612716763
0.266604845253
-0.484484946361
0.103926096998
0.97947761194
-1.59495123351
0.821378991208
-0.449153518369
1.67447306792
1.78784266985
1.64768597044
1.35068762279
-2.60703181057
0.480653689017
1.89788171911
-0.825743776563
-1.15232265034
0.373493975904
1.09622411693
-1.19147911903
0.483734429798
0.15746124031
0.303729801968
0.0851167315175
-0.145701796989
3.27272727273
2.23048327138
2.83416820459
-0.0921901751613
-1.93723363038
1.29513343799
-2.69857433809
0.950912361861
-0.65109153581
0.92771550058
-0.589214807224
1.481866632
0.156229657597
-0.401970954357
-0.810289389068
0.128783000644
-0.115770517108
-0.0514271020828
-1.20665565858
1.45618556701
-0.308324768756
1.30140551796
0.51013734467
-0.727178288534
-2.23435318014
-3.84521484375
-1.52662579637
1.33999269095
-0.472841901067
-0.290135396518
1.36012743536
-0.402733707591
-0.594443770472
0.279805352798
-1.13062304547
-0.811262228585
0.0835820895522
-0.687774220325
-0.554245283019
-0.141309467734
-0.852305896089
-0.36063285249
-1.35414275878
0.681686886193
-1.24372432679
-0.578559273965
-0.260239873274
0.0
-0.528981429375
-0.60409441772
-0.788013318535
0.839395635143
4.17395359683
-2.53409090909
0.778744846541
0.831408775982
0.685966748053
-0.807288663361
1.32040196308
0.328253223916
-1.08998144712
-0.97600183718
0.0689417442261
-0.0574184657786
-0.582258248659
-1.02824858757
0.671140939597
0.034137460173
-0.633197648123
1.92462832776
0.16160683366
1.64261410302
0.983412322275
0.47619047619
-0.591715976331
0.835322195704
1.13444363987
-3.46032855645
-1.25402669121
2.01877934272
0.199929436669
0.853991222868
0.728793309438
1.20918984281
0.902879453392
0.465800441285
-0.71802360959
1.69554455446
1.05052526263
-0.966063908843
0.49788399303
1.34981708086
0.265621047306
-0.803011292346
-0.212845874546
0.188158554942
0.352467270896
1.45593869732
-0.773032568749
0.843450479233
1.59698779538
-1.16771461568
1.1158686908
-1.83416125334
-0.0127356087621
-1.85
0.908173562059
1.00649764301
-0.570053204966
0.611776701504
-5.97962852007
4.3125
0.755667506297
-1.91476219889
-0.393749230959
-0.0983405039951
-0.30637254902
0.369003690037
0.246609124538
-0.710088148874
-0.753341433779
-0.423472474289
1.42348754448
-0.74299634592
-0.809472030929
0.230079922499
-0.482043865992
1.2939453125
1.43635463101
-1.15055079559
-0.571984909334
0.883977900552
-1.21285627653
-0.901442307692
-0.335409678965
-0.737217598097
0.694444444444
-0.369796015746
1.7354368932
-0.48309178744
-1.48720999405
0.0476133793596
-1.80011689071
-1.77956371986
-0.797266514806
-0.227272727273
1.35913384013
0.242466227918
-0.81310123683
0.460193281178
0.473933649289
1.07489192663
-0.442014656275
-1.04742173112
-0.935005701254
1.45765849144
-0.64367816092
-0.775547445255
-0.600838907153
2.03585887796
0.640279394645
0.703399765533
-0.315531144093
-2.31735159817
0.309172105806
0.229542063583
0.495963091119
0.93131548312
0.0
-1.72749113374
-0.580072793449
-3.84951881015
1.88300835655
1.41242937853
1.42104056842
-1.37884267631
3.18367346939
-0.568181818182
-0.873563218391
-0.103341370996
-0.582191780822
0.228832951945
0.702845949994
0.977312390925
0.467562828755
-0.604159405135
0.314685314685
-1.37931034483
-0.20646937371
-0.137457044674
1.14702815433
0.127610208817
1.17370892019
0.661625708885
-0.0708382526564
0.593824228029
0.898741761534
-0.678409902404
-0.284832660812
0.333412717314
0.998196031269
1.65036674817
1.05003088326
-2.62239865271
-0.263947210558
-0.406261202055
-0.546642899584
0.826743350108
-1.10202630643
0.59601859578
-0.686634308038
0.225439012814
0.333333333333
-0.320398718405
-0.578102878716
-0.164899882214
-0.211565585331
-1.00069816151
-0.727734781102
-0.72247706422
-0.114547537228
0.599216409311
0.544548719731
0.302149912841
-0.289687137891
-0.713299585826
2.37926972909
-0.117647058824
-0.410076157001
0.423579244617
0.639431616341
-0.200898132829
-0.470477534698
-1.16252034411
0.702411613205
-0.105250847854
0.659211300765
-2.1538815941
0.941750959191
0.0581665891112
0.59684025746
0.293427230047
-0.39747486556
0.635294117647
-0.117508813161
0.223766340831
-0.152869238006
0.555752630957
-0.341739335376
1.47076407988
0.649897701288
0.727360892229
-0.0726832222895
-0.900360144058
1.82129324044
0.0733944954128
-0.450560155869
-0.857177351201
-0.228860515538
0.386940749698
0.829066081444
0.935269505292
-0.708699902248
0.0
0.171358629131
0.159372318254
0.542339455195
0.209980237154
-0.723482526058
-0.851063829787
0.0608272506083
-0.1579011296
1.25445824622
-0.233128834356
-0.171484566389
1.20242965167
0.460772104608
0.689655172414
1.33418043202
0.923313670172
-1.27864286619
-0.340651021953
-0.489642184557
-1.67880508579
1.2625
-0.386004233595
-1.36330140015
-0.452378041325
1.91900311526
0.0623441396509
-0.668813475353
0.111593304402
-0.591643042031
0.0
-0.294948998402
-0.865009746589
-1.75942549372
0.481058328322
0.0963043216564
1.08298856169
-0.688821752266
-1.33540002385
-0.580844001897
0.13056379822
0.74136075571
4.90466633216
-1.55593973821
-0.0246913580247
-0.405754334194
1.59900062461
0.325855370347
0.897824987355
0.126614332742
0.496246341774
-0.0254420557181
-0.190452006094
0.229065920081
-0.392952211941
0.496815286624
-0.380710659898
-1.00502512563
-0.574569073195
-0.719246031746
0.348432055749
0.45
1.31712259372
-1.17647058824
1.13924050633
0.393950946753
0.716754127736
-0.0255918106206
-0.660988941147
0.962525667351
1.05044741279
0.299167533819
0.892388451444
-0.405175794014
-0.868100544182
-0.630874211407
-0.102893890675
1.02650727651
0.325902750619
-0.0781555295037
-0.104098893949
0.0
0.0130140551796
0.0911814510877
-1.38728323699
-2.6509941228
0.263289869609
-1.23823675087
-0.468326349519
-0.331654587888
0.543411139928
0.471522521405
-1.77940280317
-0.448920165008
-1.23427201917
0.421179302046
0.398695179413
-0.241050982283
0.789601554908
0.353529196635
-0.690072639225
0.169779286927
-4.51597962019
-0.173390359496
-2.12693743636
0.317784587448
-0.215175537939
0.776078520886
0.16003657979
-0.432506259959
-1.61254199328
0.325806089203
0.975609756098
-0.350440877233
-0.135470760894
0.158299412031
-1.52544260105
0.234375
-1.02728377333
0.869080779944
0.831367262105
-0.436241610738
0.902934537246
-1.92605711756
-0.866893448919
-2.37814675951
-0.341624853208
1.97038972349
-0.16302575807
0.141488898563
0.536163694058
-1.51939655172
0.248460624392
-0.280081870085
0.389315453661
-0.548505054851
0.23717119448
-1.39257999362
-0.0531236719082
-0.612460401267
-0.827311760394
0.273023206973
-0.366185394434
-0.788872742371
-0.248498653966
-0.463774090487
0.310141631345
0.886524822695
-0.125
-0.898110870238
-2.10207175341
1.38319672131
-0.550234359079
-0.375596386154
0.315682281059
0.265468654278
0.927452596867
-0.420728578758
0.91125608367
0.75117370892
-1.18556701031
0.989068193649
-0.1351632356
-0.0103960910697
-3.59791541391
-0.508525276698
0.350210126076
-0.15984015984
0.582797427653
0.322580645161
0.171665151974
1.39244394389
-1.01347927435
-0.161894161692
0.304475794174
-1.23295910184
0.0
-0.220044008802
0.220529270249
-0.210063018906
0.150270486876
0.150496638908
-0.270162097258
2.29273285568
0.971475816453
-0.0826104915324
1.04340567613
0.672268907563
-1.16279069767
-1.46291560102
-1.07276591438
-1.85736988478
0.479041916168
0.784550392275
-1.72976178709
-1.68124392614
-0.473933649289
-0.202702702703
-0.737759892689
-0.78897338403
-0.170810400455
-0.123211070041
-0.743179680151
-0.477483381706
-0.280085893007
-1.03483322554
0.175860792299
0.19475099694
3.71260940656
-0.478606298459
-0.778801405642
1.37685345658
1.36638688269
-2.51189343482
0.487618319151
-0.0095602294455
-1.18091639112
0.236742424242
0.956022944551
-0.209883609998
-0.795002839296
-1.68419093701
-0.784711964549
-0.851258581236
0.367478180983
0.230202578269
-0.41265474553
0.238992554463
2.08313784367
1.36973271188
0.152424502239
-1.21400338792
-0.159729399605
100.056390977
-0.727747714126
0.205684367988
-0.779220779221
-0.20366598778
0.037043897018
-0.442559468929
1.08108108108
-1.32425970204
0.406278855032
0.482464279087
0.766641735228
-0.0934055669718
-0.0560119492158
0.0934404784153
-0.205147333085
-0.408618127786
-0.517368810052
0.482733011511
1.64181921117
-0.916230366492
0.375375375375
-0.018765246763
-1.07666604789
0.223255813953
-0.31528189911
1.14425060964
0.52800301716
0.302629090221
0.5515405097
-0.773730892621
0.0755429650614
-0.56338028169
-2.61521580102
-0.816252494105
0.565487048522
0.642555535157
0.350036845984
-0.804093567251
-1.81230934865
-1.79735682819
0.10583877227
-0.943561069369
0.597644577254
2.11811164961
2.97597042514
2.15256797583
-0.823970037453
0.39481105471
-0.542258788332
-0.372578241431
0.486709097716
-0.39157188141
-1.59633027523
1.62222636584
0.093318402389
1.18980169972
-1.59821594499
-0.0185804533631
-7.66855378281
0.0
0.0
-0.188356164384
-0.983384198033
-0.623420387532
-0.536282889224
0.998645903859
1.07784431138
0.0
-1.69862092163
0.762582613116
0.39128955427
-1.12699747687
-0.385388739946
-0.25071034598
2.23855092276
-1.48148148148
1.79948586118
0.899187273042
1.63444639719
2.63347763348
-2.46305418719
0.690876882197
-0.79086115993
-0.0877963125549
0.796460176991
-1.68783713242
-1.01619014812
2.56138491433
5.02782931354
-3.37038365005
-0.658949243099
2.72594218807
2.03472092589
0.71442000376
-2.34991738572
0.165502022802
0.480413895048
-0.129175124562
0.296131778641
-0.166297117517
0.445434298441
0.653838968803
-3.47998557519
-0.538020086083
-1.02946396876
-0.141793690181
1.71263746169
-0.591397849462
2.01096892139
-0.815956482321
-0.684314784801
-0.980741797432
-1.4064697609
-0.611567359776
1.63381282188
-4.21840449056
0.392759562842
0.411522633745
1.85120502969
-0.951392492648
-1.09495295124
0.102757321459
0.378201822245
-0.835322195704
-1.22916315878
0.388776200135
-0.101317122594
-0.235849056604
-1.64043082022
0.56657223796
-2.84927958556
-0.145489815713
1.39321422718
-3.38875692795
-1.20463078849
0.0156470035988
1.18746041799
-0.158077774265
-0.11053213327
0.253284787082
-1.48159700561
1.04002521273
-0.595238095238
-1.1917659805
-0.935295921496
0.446634837517
-2.00724418956
3.82325289878
-0.0782840144043
0.773114547176
-0.953273949055
1.92736540299
-0.821484992101
1.75212988266
-0.623003194888
-2.1722144085
1.21796899715
0.269627279937
0.654533844189
1.03225806452
-0.449582530507
-0.954198473282
-1.36470588235
2.52492762946
-1.92429022082
-2.77564790676
0.772678102303
-1.43183549124
-2.01492537313
1.82370820669
-0.212314225053
0.810273658462
0.0152905198777
-0.698451260249
2.58566978193
-0.387897595035
-0.785098522167
0.995024875622
2.01427438541
-1.09803921569
-0.0783699059561
-3.34797757915
-0.392334389618
-0.912081339713
1.21065375303
1.66153846154
1.07292800498
0.10896637609
1.51706700379
0.908945941636
1.57110463233
-0.595717275801
0.452854601326
-0.225915765693
-0.911416693316
3.0313014827
-0.0493989790878
6.43182614791
-1.05774232703
3.01893533405
-0.920353982301
-1.3789492058
-0.399860917942
0.191604250131
2.51785714286
-2.25170186769
-0.104620749782
-3.45117845118
-3.14691015816
-1.88769796833
2.91405992756
1.57190635452
-0.383141762452
-1.20144832126
0.197889182058
-0.0329706561161
-1.15691706045
-1.88649080735
0.401284109149
0.0160539412426
1.91426701571
-0.130718954248
1.45888594164
-0.445618088794
-1.62364020133
-1.6291327264
0.368707919205
0.548033526757
3.05647840532
0.183058745216
-0.562634453086
-0.624897220852
2.06445115811
2.30082417582
2.22924346147
-1.64019337017
-3.07898259705
-2.08094379813
1.78452301534
1.18123523456
-3.90789687044
-0.258774057901
-8.08681433031
-2.62015055009
1.03846716396
3.16885468538
0.439527129433
0.182204676587
-3.14705882353
-2.25671985051
2.35397969693
-1.34978229318
0.569259962049
2.51384108933
0.45092439501
0.135460565924
-1.38043639602
1.01964312491
0.953678474114
0.364630811304
-0.378386559709
-2.19096965211
-0.50081013404
-1.06382978723
0.867264442158
0.665877478544
-0.705260064649
-0.989234797789
1.35653199646
-0.600908691192
2.14071856287
-1.48945583247
0.221696718889
1.0152284264
-0.887836638059
1.24344569288
3.00925925926
-0.10790812394
-0.719314355678
-0.487359122754
-2.6393831554
-0.852690385181
0.72560343551
-0.36884036589
1.10381861575
2.93259634577
0.184586986617
0.370541917554
-1.89336564677
-2.01840308697
-1.47682409709
0.0292525961679
1.83199285076
0.253845005226
-1.42773035031
-3.03981732553
3.15030178125
-0.947798191893
0.146028037383
1.54211150652
0.988319856244
-3.2033628062
0.892073705762
0.558823529412
0.176782557454
0.0589622641509
1.66341975124
-0.254110612855
1.40973169623
0.0
10.8739495798
-1.39211136891
1.22462674048
1.05102559756
1.54932002066
-0.734791524265
3.64860077931
-3.18930041152
2.405618964
2.29926351715
-1.0487024529
0.806307113421
-3.17487855656
-0.894085281981
-0.68306010929
0.618556701031
1.19979134064
-1.97716038861
-0.89527027027
1.84070187511
-0.0687639676809
1.62473794549
-3.08161192008
-1.03887399464
1.70415814588
-1.21212121212
-0.635664101706
-2.9230269568
-0.980865090851
2.20213640099
-3.33598093725
-0.505768926822
1.88405797101
0.209778925286
-0.0483870967742
-0.465564296035
1.03811841038
1.01589382271
0.609957138147
0.115530615613
-0.850924562265
2.34466588511
1.34080108622
-1.25691302162
-2.53185233584
1.00643458175
-0.931677018634
-1.17913099661
3.63240709742
1.56409384563
-2.50290071275
0.0829462508295
0.684817103725
-1.80416598327
-1.5342377261
2.34710743802
-1.12763523452
2.73673606447
-7.85891089109
1.47566718995
0.870942201108
3.81390761138
2.63202294584
-8.82941085987
-4.10089983773
4.21214450423
-2.76532137519
1.11850060459
3.78039215686
0.790513833992
3.4510958456
5.45015522594
4.0933572711
4.93594574228
-2.65908674124
-2.36347358997
-2.22338935574
13.4233518666
-10.0232267286
-2.62700069589
-3.79916317992
4.60434173669
8.8
3.48905972797
6.15191462649
2.66380236305
-11.1980160244
-0.114329268293
-5.96667263931
-3.15807739025
3.20558739255
-0.675916044112
6.51762031072
4.22590837283
2.48937462052
3.00187617261
5.03612874973
2.92990759522
-9.18952108064
5.0075220288
0.475059382423
-0.707547169811
6.38686131387
0.527401972025
-8.91812865497
-4.84896661367
2.08967336174
-7.43661971831
0.0
10.8912952936
-3.97920415917
-3.8454143434
0.0962278675904
-2.58717660292
-5.03827666014
6.10124669437
4.83168316832
3.63225938847
-1.29633380596
2.44864079685
-2.92103142627
-1.9747235387
-3.89068134371
2.78969957082
4.39918533605
2.37698081735
-2.38143700387
-1.26607717042
1.67552104618
-1.50935801972
-2.56862745098
-3.88239728609
-0.711077844311
2.06264323911
3.76535869996
-1.80969060128
3.58798629309
-1.01755786113
1.25252525253
6.10932475884
-0.660136286201
0.34188034188
6.02628001812
-3.32895313184
0.0657462195924
-0.10945709282
0.0218962119553
0.351571083278
-4.39075630252
3.50076103501
1.63535911602
1.84559981994
-4.03887688985
1.13586719091
-3.00847457627
-3.04026294166
1.90496127277
6.03773584906
1.67005190702
-0.337381916329
2.37163251209
3.55269432523
-3.63051470588
1.65849100677
-0.279524807827
3.17231434751
-3.09734513274
1.87425860024
2.72970996832
-1.20394895256
4.45171026157
-0.724094881398
-5.87544065805
6.5348022033
0.0
3.55198340679
-7.30593607306
-4.1906516233
-2.6014801525
-0.179091112604
1.73081302665
-3.30323717243
-1.1106271777
-1.24731182796
3.28742780986
-5.45989080218
4.4298245614
-1.66055639422
-2.58403361345
1.62254483348
1.25378296585
-1.34357005758
-0.234042553191
-6.91225985344
-2.66049739734
1.17027501463
2.82791817088
-0.756369426752
-5.68800450535
0.282379518072
3.34630350195
-1.36250239877
-3.08722335875
-1.53817982055
4.29717341482
-1.70827858081
-3.14545454545
1.12152969296
-0.621231500091
1.10844263809
-2.62637164958
4.96601208459
0.933866971603
-0.850340136054
-4.2518545323
0.490909090909
0.714154916682
2.88244159759
-2.46233002573
2.40873165224
4.23695566889
2.94830371567
-2.80667320903
2.41206030151
-2.83203125
-1.61414296695
2.66324718879
-1.2852969815
-2.02251478725
-3.24903082887
-0.441095386877
-1.27018689893
-3.40052585451
-3.7293283834
2.47276500086
-0.584493725288
1.09489051095
-1.28667009779
0.5
-1.12512785544
2.82208588957
0.759448957965
0.0176647235471
1.19771183411
1.10247605277
1.2813472451
-2.96625222025
-0.705467372134
2.60586319218
3.21255136347
0.980761976613
3.39313572543
0.865460267506
-1.75845410628
-0.0579374275782
-1.22090805036
2.66353309832
-1.63744943171
1.36692052334
-0.582411182295
0.881316098707
-0.46783625731
-0.46565774156
-0.693641618497
-1.94596637068
-0.488813686783
1.43020594966
-0.738216922203
1.45957365085
1.04793324277
0.762612436449
-1.97431474027
-0.381898033225
-1.0206010206
-2.68530439581
-3.06650026743
-0.97104519774
0.0353232073472
-1.59888773027
0.911960715538
-1.04130510239
-0.774926812468
1.62758137907
0.616305687621
-1.26912378303
-0.501643314305
1.67077031305
2.56132756133
-0.305700413595
-2.04333274617
-0.40350877193
2.42587601078
-0.625
1.52284263959
-0.522993688007
-2.42829491466
1.15699537202
1.42625022567
1.89477557027
1.96961170512
-0.781686208822
-0.921998893601
-1.8283852281
-0.198735320687
-0.126308191988
0.781960356428
0.145692952103
0.402267324922
-4.35466946485
-1.56653468755
-0.853387950162
0.068317677199
-0.0341471743213
0.463121783877
0.223482894963
-0.801500682128
-0.610169491525
-1.81394574804
-7.12519319938
3.52
0.773943889068
-1.21057661676
-0.491361546996
-0.520340586566
-0.937207122774
0.676206950778
0.537549407115
-0.675251256281
-1.87981510015
-0.0923645320197
-0.215053763441
-1.49795733091
1.53633430635
0.525096525097
-0.674950145728
1.58952781674
0.658823529412
-0.53050397878
2.42927920729
-1.78935802857
2.46059826311
-0.512
-0.255346313438
-0.111589351188
-3.13465101915
0.309789343247
-1.16350275566
1.31844268652
-0.70845525951
1.31065688875
-0.512263272276
-2.54160363086
1.75492610837
0.838248990997
1.35305223411
-0.563204005006
-0.883857962475
-0.0464972101674
-1.79604261796
0.999231360492
0.246571120358
-0.779816513761
0.0765110941087
1.05149219112
0.575427682737
-0.371862410908
1.58980009444
2.55044390638
-1.1961722488
-1.81647353586
-0.467581047382
-0.29526029526
0.468384074941
1.26482213439
-1.81620614716
-0.709001233046
-0.337941628264
-0.5195599022
0.291187739464
-0.381679389313
-1.07234556713
0.105836105231
0.105948236719
1.10175975516
-0.396281054717
0.613402852323
-0.971905846621
0.197808886184
1.24788168233
0.138846035174
-0.886850152905
0.630866287121
0.931821711446
-0.494513985474
0.825802430664
0.848522941546
1.04795173071
-1.08371289461
-0.109821148415
-0.40625
0.755667506297
-0.360784313725
-0.546021840874
0.265915845456
-0.109375
3.07617973909
0.63209076175
0.652528548124
-1.93569028955
-0.207535121328
-0.492454328832
0.736117778845
-1.8224666143
-1.28722084367
0.0620732464308
0.13986013986
0.0621987249261
0.280679869016
-1.2320961035
-1.85912938331
-2.13017751479
-0.937866354045
0.308687343819
0.576581904199
0.0147863374242
-1.00995316159
-0.726532984598
-0.159582184825
-0.274884259259
-0.903225806452
-0.214592274678
-0.696121608183
0.0142085819835
-0.705417607223
-5.06295204929
1.55059847661
-0.487276664862
-0.818901866022
1.51267375307
-0.258257441892
-0.433076194343
-0.108151953495
0.216772795014
0.421768707483
-0.689096068099
-0.13493455674
0.270599377621
0.434841690447
-0.540613596432
-1.58286778399
-0.463392029657
0.0264865580718
-0.382585751979
0.211528291909
0.625249434615
-0.542471553321
-1.0214772132
-0.469238790407
-1.9302058034
0.423620025674
-0.153806716227
1.66796976805
0.392464678179
-1.45674874307
2.18680015808
-2.3916677382
0.542986425339
2.84536630767
4.02489626556
2.39342869282
-7.87997390737
0.287845087008
-1.82402055234
3.0443414957
2.4545701112
0.149395626783
0.959824489236
0.941176470588
2.75920921633
-1.51281692114
0.0700869077656
-2.15333973392
0.53778268064
-1.86738836265
2.10002763194
1.68586681652
-2.49315068493
-0.855629498846
4.04126042108
1.69564592614
-0.953600910902
0.357091844022
-2.42508710801
-0.80188027098
0.152312378842
-2.37902135712
0.203169443316
-0.992356175406
-0.493728315986
0.79354404842
2.60833563345
-0.0827357970215
4.15050983771
-0.698802053622
-0.539007092199
3.4179257738
0.917838638046
-0.763919494638
0.309460654288
0.967117988395
-1.9690781797
-2.44735344337
0.185317177477
0.487036241226
-0.936568752661
-0.0992344768926
-0.155697098372
2.45069605568
0.5101297187
-1.76116838488
0.272792534099
-2.66908887647
-1.62221611218
-0.655558590549
-0.624321389794
0.779647107099
-0.571195430437
-0.149375339489
-0.914962325081
1.66894664843
-1.21621621622
-0.0810153929247
0.13520822066
-0.215866162979
0.284129346503
2.53884572697
0.782997762864
1.33182204591
-0.675485505207
-0.906428671036
-0.733665559247
1.26156433978
0.112264945271
0.436927413672
1.28479657388
-0.114073862826
-0.36937064924
-0.775303073019
0.824332006822
0.514285714286
-2.95300152502
-1.13760964912
-1.73737373737
0.310726830586
-0.161855948206
0.297619047619
0.230508474576
-1.2453133369
-0.783844825296
-1.68495297806
-0.104384133612
-0.802485115195
-1.41635830037
0.875273522976
0.491527616091
-0.463499420626
-2.38783461103
0.581468840854
-1.89732142857
0.888277242587
-0.262041427502
-0.13707165109
0.463194792188
-1.74661746617
-0.012298610257
0.39511050747
-1.27986348123
0.0731885825811
0.109903529124
-0.158497927335
0.305735599853
-0.280487804878
0.416360519226
1.15198810851
-0.62776957164
-1.05955425649
0.23193359375
-0.158439975625
0.281104864336
0.97494755029
-0.0986314881026
-0.405206286837
0.419235511714
-0.795107033639
-0.0977636563607
-1.8942572833
-0.832243490667
0.598014591556
0.492788461538
-0.810681926562
0.250986016493
1.27087872186
1.00244498778
1.60228543038
-1.08121390834
-1.30956711531
-3.8923202424
-0.128026070764
0.774102744546
-1.46769906391
0.663099115868
0.939408172851
-1.12620457448
-1.72295755363
-0.216326995332
0.342739632126
-0.227972187393
0.61933707994
-0.148877691251
-0.171487367097
-0.375854214123
-1.60260002241
-0.0560035842294
0.790246105216
-0.728454555643
-0.910605219323
-0.243713304531
-2.19934994583
6.15296147211
1.04590354445
0.256320633811
-0.57917294104
1.24311012079
-0.571361940299
0.398033247483
-0.778255314206
2.52471120638
-0.650733554188
0.90735434575
0.27535017359
-0.760365926102
0.178528921685
0.346351367491
1.41715116279
-1.79612227905
0.0118962645729
0.478125747071
0.710244372216
0.93560145808
-0.435518993467
-0.265444015444
-1.33333333333
1.48604566872
1.60815123987
-1.23666343356
-1.28067025733
-0.429031104755
0.131264916468
-2.26265453697
-0.878612716763
-0.242186599008
-0.618911174785
0.530014978684
0.672775780072
0.512999883409
0.257159555815
-0.233236151604
-0.337052533705
-3.12992569241
1.82276739654
1.20663650075
-0.381414701803
-1.65946806092
-1.17937773784
1.5165336374
-0.713234461678
-1.68076580588
-0.0445037828215
1.07962213225
-0.302724520686
0.26981450253
0.873213880699
1.15865550075
1.11355991184
1.03129028478
0.601273284603
-0.690785622292
10.0786183787
0.97605413847
1.8422796554
-2.29215229215
0.638602893262
0.0913122880251
1.014626433
-0.615505500262
-0.508143322476
1.38705416116
-1.08454200967
-1.13680403049
-0.667265494675
-0.940638108555
0.742732744269
0.904509626567
-0.947139383079
-0.0895140664962
-1.52373756454
-0.836663336663
1.71472119903
0.190888266735
-0.190524577671
-1.6735356563
-0.149644594089
0.0998626888029
0.187593796898
-1.42998027613
-1.75608574543
0.303692905734
0.0972762645914
0.710262062209
-1.36489914241
0.217891296453
0.719336747135
-1.07345314196
-0.706586826347
1.01621098476
-2.27004019863
-1.94760027823
1.161017943
0.44763811992
0.0707296946835
-1.48647079317
1.24632569077
1.71011719684
-0.841930511087
1.37035701406
-1.04674675865
-0.649964547388
0.201302545885
2.79975654291
1.23228589033
0.983076157292
0.739626425975
-2.60073260073
2.24719101124
-0.706582372629
1.26788852624
-1.05576946963
-2.10359922179
2.30128125389
0.124548511645
-1.01097275305
-2.54715847651
-1.51461365519
3.12385600976
-0.292006326804
1.24414880512
-0.539083557951
-9.21023359288
0.133660057919
-0.222271615915
-2.00392071444
0.0872029649008
-0.660530590146
-1.39867606235
0.45045045045
1.97965656787
0.219226131755
-0.89082020641
0.0978686385385
0.283533260632
1.16946160635
-0.110204981265
0.154525386313
-1.35017421603
0.141751172173
0.857802705378
0.664231152441
1.81469792606
-1.94518125553
0.366056572379
0.906648757555
4.97003877335
-2.26228755168
6.78111587983
-2.76618576368
5.90983710064
-4.01212121212
3.99596621707
-4.70870870871
-1.17521367521
-1.04545988488
2.29512136506
0.811629315566
3.29079079079
1.70526851616
-0.845425867508
-5.19200861347
-2.57575757576
2.43553008596
-2.93197357747
-2.5412243054
2.51244645131
-0.323139065205
0.115540150202
2.98667301285
0.334288443171
-3.17882325743
1.38286651822
3.4303030303
-2.20483641536
-1.70123514332
-1.90878957595
-0.624716038164
-1.92714715384
-0.476718403548
0.827185334228
4.33869839048
1.85317177477
-5.03158844765
-0.750195946702
-1.40207551336
2.3849892619
0.54551653597
2.90024558531
2.96207104154
-3.12609354952
-2.3576309795
-1.65770609319
1.28190584231
-2.83289241623
0.968280467446
-2.11351999128
-0.455482051838
-0.81746800043
2.14238628873
-0.50284215129
0.208127943915
-0.652954619654
-2.60731319555
-0.757336699274
1.408
-0.488270884195
-1.69049358239
-0.950904392765
0.415153087701
2.63101832126
-1.11649462819
-0.773411371237
1.37741046832
0.618336886994
-1.69775728359
3.31312256388
-1.66098807496
-2.31929277171
0.417754569191
-0.208441896821
2.40128068303
1.96974643596
-0.927223719677
1.85591917417
-0.622067008622
0.769822940724
0.719982277359
-4.87830576335
0.0421629598398
-1.36202952797
0.976377952756
-1.03896103896
-0.36231884058
0.363636363636
0.375430180415
0.74595503257
-2.55937755938
0.752965446106
1.99894792215
0.699226612989
0.329506802721
0.437706843173
0.310559006211
-0.267008437467
-2.82304099637
1.61358363215
-2.14654282766
-0.889843510279
1.38960904283
-1.05684383337
1.131057383
-0.454498502221
-1.43555284056
0.0611246943765
0.173487090519
-0.366039654296
-0.121864527267
0.336254330548
-0.968718466196
0.813835198372
-0.947198710197
-1.60618679358
-0.708800945068
-0.176886792453
0.19692792438
-0.635945602192
-0.968898362562
0.88954056696
0.186073841935
-1.23803075733
-0.57697855563
0.231325301205
0.904493289243
-0.657004830918
0.038662284941
-0.73875083949
-1.60483338053
0.160741301059
0.332036808652
0.180574035354
-1.32232955078
0.0281425891182
0.414468726451
-0.487439070116
1.64840400191
-0.737728175541
-0.386282268702
-0.141123341801
-0.82112531492
-0.242018058271
-0.454040029652
-0.571217984153
-0.183924958617
-0.457707799341
1.77007639277
-0.223089793642
-0.296570898981
-1.89125295508
0.484239378712
-1.18273745034
0.417044424297
-0.388331978687
-0.440568243122
-0.811558013021
0.34902452121
1.17710974285
-0.495540138751
3.32340346304
-1.04099493321
0.621060437523
0.606173645435
-0.574872508113
-0.544079675397
-0.532012474775
-0.32001462924
-0.109599050142
-0.815291240149
-0.271027193062
3.97332331392
-1.65357967667
-0.368154624942
-0.4763213337
-0.210237659963
-0.391514158245
-0.660274963821
0.866709241857
-1.0472149499
0.929384965831
2.81030444965
-2.09116756856
-1.19619392841
-0.262111352133
-1.09949048002
0.512129380054
-2.60763038152
-0.104895104895
2.31642965745
0.350026925148
2.47401821025
0.536292186778
0.548531052436
-0.646591538888
0.735088862008
0.233165454206
0.205607476636
2.54935786851
-1.04324734446
-1.66930896204
-1.12494236976
0.864955357143
0.0372162262746
-1.20415479364
-1.92030292102
2.12687597827
0.397485672028
3.42256214149
-0.0955109837631
-0.7676997441
-1.45699075371
-0.270119225037
-1.17820324006
1.09808300763
-0.130111524164
5.26315789474
2.19956008798
-1.70024570025
0.34516765286
-0.137876698838
0.335968379447
2.57449827691
-0.744466800805
1.99056022984
-1.00558659218
0.346549791051
1.25915987202
10.378218273
-1.20427687113
-1.80150309461
-1.86550976139
0.8973517181
1.2184315463
-1.10636433344
-1.05137654455
0.479198431714
-2.28796424391
1.021285745
0.28029322984
-1.9761175103
-0.661347889985
2.34207133648
0.247711362412
-0.118330464716
-0.58817238798
-3.17871194864
-0.463774090487
1.23109024517
2.67809319764
0.376344086021
0.497082342771
-2.14655810511
-0.994556113903
-0.675886451076
0.281543274244
0.883652430044
0.592592592593
-1.40845070423
0.990411969234
0.732328592655
-0.590841949778
-1.53750259713
0.511642476767
-0.0834637454356
0.0835334655947
0.335254059717
-1.45570927111
0.445919319714
-2.46788712451
0.182389299828
0.961636828644
0.400575184881
0.102817191034
-0.0924499229584
-2.12145586165
0.17121563098
-0.749700119952
0.361155698234
-1.15033716779
1.65322580645
2.64900662252
-1.35755843626
0.255832992223
0.0614376407946
0.971877584781
0.207210940738
1.2589173311
0.252419015566
-0.429364331344
-0.53125
1.14845643241
-0.669806384092
0.631911532385
1.22601279318
-2.17958076963
0.703633690401
0.242130750605
0.539796782388
0.275949904479
-0.716543730242
0.508366871426
-1.24463968204
-1.67626491156
-0.338218714769
0.0
1.16122343183
2.08509737511
1.78840767076
-0.0753579502638
1.73036907239
0.175534832693
-0.251696213613
-4.16360776088
0.856780198858
-0.755826159983
-0.905024446063
1.56365557316
3.03723056826
-0.487487812805
0.0216708202405
0.896468787581
0.960264900662
-0.253220301662
-1.90085322389
-3.87250830565
0.742600146428
0.010460251046
-1.18863049096
-0.931804218718
0.670034017112
-2.13860587108
0.161665151056
1.5285186705
-0.0820008200082
-0.112624142521
-0.0102375102375
-0.751879699248
-0.172431281063
0.519983686786
-1.33789357208
0.211693548387
1.92129867461
0.433391806831
-1.10215328095
-0.940153659523
1.16588259358
-1.23232323232
-5.8039961941
-0.473484848485
105.727644652
-0.830757341577
1.51010001961
-1.18217054264
-0.462962962963
-1.01202978805
-0.964447806354
-0.151057401813
1.06870229008
-0.0953288846521
-0.190294957184
-1.03578154426
-0.169204737733
-0.838926174497
-0.167504187605
0.4674644727
0.356539688497
-0.355272999252
0.734601619891
-1.42963238025
-3.04230423042
1.92660550459
1.07566765579
0.578250326432
-0.814061054579
0.651769087523
0.0745434215431
-0.426795323808
-0.498522895126
-0.950987564009
0.164865359956
-1.14089098153
0.235977491378
0.971407624633
-0.109849871842
-0.600545950864
0.881219019644
0.833024805628
-0.953428676201
0.128511107031
0.79570688379
-0.423806891469
-0.128818549871
-0.220345207492
-0.656694636994
0.164443632377
-0.309653916211
-0.723327305606
0.144875045273
0.969098555495
0.293416467999
1.94428865208
-2.47948951686
0.292558054489
-0.164293537788
1.1447562777
0.613041055174
-1.82381907715
2.2947761194
-9.96136401814
-0.0503693754197
0.151336808475
1.74508126604
-0.948991696323
1.28733264676
-1.08658743633
-0.0169750466814
-0.724637681159
0.627437680176
-1.63469557965
0.100183670062
-0.663459943606
-1.48692810458
1.02344007923
1.52505446623
-1.37190082645
-0.656814449918
1.1964107677
-1.21470781353
-0.717079530639
-0.518806744488
0.243783520234
-0.869985500242
0.290838584586
-1.18154239183
-1.5251572327
0.378787878788
0.0631711939356
-1.9054996127
0.922451532208
0.0782350179941
0.0156494522692
0.251019767807
-1.57504632489
0.170146945089
-1.91169776969
0.121525140513
2.15704531347
-1.34721371709
-0.0153069034134
0.153303694619
1.21024049651
1.76851413232
0.860009555662
-0.774336283186
0.55617352614
0.833199807723
1.21634771327
-2.17356814215
0.398215992354
1.66801619433
-0.659588159588
-0.940239043825
-0.460025380711
1.43201930813
1.20501546979
-0.56670984456
-0.210050088867
-0.0807232805941
-0.337892196299
0.647773279352
1.59591971043
0.346706290243
1.03419516264
-0.728597449909
-2.36054971706
-0.754172015404
-2.13567839196
2.16589122413
-0.463110827212
-0.381800827235
-1.2256442489
-0.125549278092
-0.328484279681
0.518867924528
-0.188323917137
0.0785299198995
0.505130228887
1.03668261563
-0.994789199432
0.0157927984839
-0.0473559589582
0.0948017064307
0.158252888115
0.894140188408
0.224035845735
-0.0639692947385
-0.287035560517
-0.222752585521
-0.11125238398
-4.62331362741
-0.497737556561
-0.150602409639
-0.210399759543
1.38656102392
-0.635881907646
-0.392097722817
-0.300706660653
1.06366813554
2.26884226884
1.35454402268
-0.25137470542
-1.63807757688
0.123781525607
0.779666302822
-1.12550107925
1.01230337954
0.453692115144
1.7672345168
-0.883698911157
-0.173282923756
1.05062082139
-2.28651423238
-1.28972823584
-0.382379932701
0.615574022776
-0.642201834862
-2.12511224184
-1.13922177837
-0.719741480611
0.250331320866
-0.41061739258
-0.190281030445
-1.66954519286
-0.0287769784173
0.187400893758
0.565381269933
-0.648134812041
0.739988392339
-2.01876599374
-4.48126018468
1.37665198238
0.303783485225
0.737237446098
0.34896705751
-0.693096756307
1.12139052425
1.50825270347
-0.860488080124
-3.47222222222
-0.0272257010618
-0.810153929247
0.474833808167
-1.08695652174
-0.0268312315535
-1.8306334782
-0.210277303194
0.171142706688
0.529380624669
0.0662163951794
-0.250990752972
0.251622301682
-0.526939797128
-0.288979377381
0.4883843717
-0.394425453589
-0.405918554406
-1.07512953368
0.573215216258
1.40026420079
-1.84128630705
-0.0518403317781
0.377260309614
-1.25883108542
-1.00457782299
-0.732138348902
0.814456604734
0.989590026989
-0.0385405960946
-0.320143424254
-0.988969189806
-0.328573233919
-0.590452261307
0.340350434892
0.240080869345
0.0632191174611
-0.0505497282952
0.393301192591
-0.164661177961
-1.1394941147
0.100275758335
0.70689219894
3.09734513274
0.800209891119
-0.222513089005
-0.0523286237572
-0.416883793643
-2.27880330999
0.370559672885
1.18955262477
0.298275191285
-0.70821529745
-0.677836040414
0.0383828045036
-0.736601473203
0.127161749746
0.511247443763
0.269127258747
0.77489345215
-0.077429345722
0.518874043326
0.0
0.221008840354
2.31444533121
0.0133031794599
-0.344690441469
0.855729375585
1.90761684153
-0.48813559322
0.340136054422
1.05871029836
1.50732728542
-0.347705146036
-1.11401457846
1.30973944545
-2.93481200974
1.49622512011
2.77934537246
0.524748262658
-0.127478753541
-1.27254929381
-1.62333195763
0.0275216733177
-1.77074885104
-0.175414923762
-1.01509282757
-0.266418009857
-0.18614545938
0.521251002406
-1.00555702567
-1.17677824268
-1.74717368962
-0.345666367943
-0.395307319561
0.512689054089
-0.357598978289
1.17586251454
-1.56448740778
1.54998708344
-1.0227563283
-1.56053360181
0.607748797164
0.228426395939
-0.215271622135
0.560295428499
0.268130745659
-0.8356545961
-0.828729281768
0.619077700569
-0.151381354863
5.39821832203
0.467539406893
1.64290563476
0.587271237367
-0.136388434261
-0.299156921403
-0.433252098565
-0.712461352332
-0.201234236651
0.743343695094
1.57880285557
2.83778060144
-2.86615469007
-0.870038064165
1.53209109731
1.68421052632
-1.56120475269
0.138350857775
-1.12175102599
-1.25624746724
0.175913396482
-0.605245460659
0.337381916329
0.967434255348
0.949105914718
1.43714245849
-1.11754966887
-0.644276901988
0.0411409764125
-0.0959035484313
-0.409332787556
1.43944636678
0.0969797727902
-1.1909650924
-0.544588155208
-1.58113359239
0.0536264914868
1.37265561294
0.877433506992
-1.35244793075
-0.738354141495
1.67895167895
-1.28015092306
-0.894764957265
-1.27883981543
-0.992037593004
0.445784712207
-0.144016758314
-0.689117149915
0.247653806048
1.54864328259
-0.761854722186
0.342691445894
-0.47225501771
-0.573888091822
0.471759926615
1.55709342561
0.49485087602
0.201018493701
0.093896713615
-0.719137035557
-1.469623409
0.753569539926
0.719041278296
-0.463883366468
0.626833822353
-1.94847652674
-0.507416081187
-1.05561277034
0.167633784655
-0.576923076923
0.269957578095
-0.841300191205
-0.254291163382
1.26174842281
-1.29622569577
1.53548387097
0.271703972053
-0.846696600385
-0.102524669999
1.44305772231
0.509604076833
-1.27708978328
0.911221036188
-0.285565939772
-0.426521907716
-1.56488549618
1.13226968605
-0.867346938776
0.384122919334
-1.89674663987
3.2153507066
0.455847877051
-0.492483151892
0.312012480499
-0.285195747991
1.03470857891
-0.921359979237
0.0
0.430079499544
-0.673139158576
-0.0646830530401
0.220407104888
-1.8077657543
0.050948923704
-0.506906602458
-0.0380035469977
-0.441417581032
-0.899887514061
0.666834423754
-0.301053687908
1.14184217204
0.343730108211
-0.920787083754
0.583608221264
-1.37637637638
-2.58410531448
-0.436893203883
0.684261974585
-0.7639141506
0.794426790516
-0.0244379276637
0.281828207328
0.504926108374
-0.380321432953
-0.561180919849
0.195575113067
1.362904225
0.73639540689
-0.890648193963
1.36677115987
-10.8938547486
0.426391382406
-0.0896860986547
1.71037628278
-1.79171332587
-1.09646693986
1.19928267205
1.30577949358
-0.855566813014
1.83423134243
0.0458768207363
2.10797517274
0.352567869315
-0.105658605306
-2.13694852941
-0.160587290663
-1.93475815523
-1.91968225949
0.868016915201
-0.564346575191
-0.583058305831
-0.807507638586
-0.876149269876
0.543773790103
-1.12903225806
0.0322684737012
-0.513643659711
-0.532197977648
-0.771018166455
0.0845665961945
0.874386862871
-1.24262847515
0.0843170320405
-0.970671119925
-0.322513524761
0.649214659686
-0.582968977722
-0.425002591479
-0.495100567303
-0.359712230216
