0.0
20.3
-2.43902439024
2.5
-26.0901699926
37.850229241
-7.66698024459
-10.2953586498
-17.3496076722
-1.98256708255
5.10149092869
39.1402149463
-13.0595393307
-11.123986095
-3.50354081252
-16.1300406377
-6.46198830409
-10.9026963658
3.58925920928
-6.29662409913
-9.81755986317
6.63910505837
-5.5689516592
5.21928234868
-4.86206896552
4.70574076303
5.72591932816
-11.1575853493
-11.3271852446
83.9572192513
-8.79582912883
-3.87972841901
-1.08730412536
-6.2228220123
18.5389264131
5.99095704597
6.99455754888
-6.60768072289
3.06558013194
-18.9495203648
-2.0335849638
-14.037875778
7.15197956577
-14.0400097585
-2.60187715338
7.73070523486
-14.3593116299
0.562169312169
-7.87041738601
-9.03464203233
17.3314545849
-2.34970364098
77.9284369115
-11.0105580694
-5.8089976322
-13.7625918867
-2.28784251131
3.86847195358
-7.24080481866
-8.61927626186
