48.12
45.50
48.12
47.88
47.88
48.69
51.12
49.38
50.00
51.31
50.62
52.81
51.56
50.69
49.69
48.88
49.50
47.25
46.88
45.50
46.69
47.44
47.88
46.69
45.25
37.00
33.75
33.75
34.00
32.31
30.44
29.50
29.00
28.00
27.00
28.06
27.06
26.56
27.88
28.44
28.12
29.44
29.38
28.50
27.88
27.25
26.75
26.88
28.75
28.88
33.00
35.75
34.00
33.00
33.12
33.75
34.00
33.88
35.94
36.81
39.00
38.69
39.62
40.00
38.94
39.19
41.56
42.94
43.00
45.12
44.44
43.94
42.62
42.00
42.38
44.06
43.94
43.19
45.62
43.88
43.31
43.44
46.56
45.25
42.38
42.75
42.75
43.06
43.19
42.25
42.69
42.81
44.12
44.19
41.31
40.75
40.00
39.62
41.31
43.50
43.38
43.56
44.25
42.88
43.25
44.25
44.19
42.00
43.94
42.94
41.56
40.41
39.00
39.56
38.31
37.25
36.56
35.69
35.56
35.19
37.06
39.00
39.94
39.09
39.50
39.81
41.00
40.25
40.50
42.06
41.69
43.06
42.44
43.94
43.88
45.22
44.94
44.06
44.62
44.69
45.94
46.38
47.06
46.00
44.12
43.75
44.50
45.62
46.00
46.00
45.75
48.00
48.00
46.69
46.88
47.56
46.81
47.25
47.50
47.69
46.88
42.12
40.25
41.25
42.50
40.75
42.00
41.44
39.58
40.88
41.69
40.00
38.62
39.12
36.62
39.77
38.62
38.50
37.75
37.88
42.00
37.88
38.62
39.56
40.19
40.06
39.88
40.12
40.06
40.00
41.50
40.69
43.00
39.69
39.00
39.69
38.94
38.38
38.50
39.44
38.00
37.75
38.38
37.06
36.38
37.06
37.38
39.19
38.31
38.94
39.94
39.88
42.44
41.38
42.69
43.00
44.50
43.62
41.56
41.38
41.75
42.12
41.31
41.69
40.00
40.00
40.25
40.50
43.00
43.94
42.81
42.62
43.69
45.00
44.25
43.31
41.62
42.56
44.00
44.81
45.06
48.00
47.62
46.69
47.56
49.12
49.25
51.19
54.06
56.69
56.75
55.81
54.12
55.94
57.38
54.88
57.62
59.44
58.12
57.75
56.44
55.69
55.81
56.06
52.44
52.94
53.12
52.38
54.19
53.00
52.43
53.01
55.01
54.48
54.61
55.19
56.54
56.44
55.12
54.45
54.31
56.09
55.13
52.27
51.52
47.52
47.06
48.03
49.00
49.11
39.38
39.03
38.13
37.58
37.63
39.15
40.26
40.32
40.07
39.11
37.53
36.52
36.35
36.32
36.19
38.01
40.13
39.52
40.30
39.38
39.61
39.47
40.15
40.35
41.12
39.26
39.63
39.38
39.24
39.50
39.42
38.05
37.46
36.95
37.20
38.24
39.60
39.74
39.80
38.25
38.98
39.83
41.62
41.81
40.58
41.56
40.94
40.62
40.52
40.96
40.02
39.38
38.39
38.86
39.60
42.01
42.30
42.40
43.68
45.09
43.70
43.75
43.48
42.46
41.00
41.10
41.31
41.16
41.42
41.40
42.34
41.62
41.19
41.87
41.35
41.45
40.91
40.81
42.61
42.00
43.53
44.55
44.00
42.75
42.66
41.98
41.99
42.15
42.52
42.09
41.80
41.50
41.13
42.36
45.00
45.13
46.40
46.95
45.99
47.74
47.36
46.22
46.05
46.78
47.84
46.80
46.10
47.55
47.81
49.79
50.15
47.53
47.77
48.00
48.65
49.44
49.68
49.50
48.75
49.01
48.73
48.21
48.64
48.90
49.23
51.28
50.50
50.50
50.25
49.51
50.00
50.75
50.50
50.13
48.51
48.65
44.05
43.04
42.75
42.26
43.68
46.41
45.65
45.45
45.55
46.81
46.89
48.06
48.95
47.62
47.80
47.40
46.76
48.25
47.91
48.08
47.65
47.53
47.43
47.62
48.13
49.32
49.13
48.78
48.99
49.64
48.85
48.06
49.36
48.98
49.18
49.48
49.97
49.74
49.84
49.55
49.37
49.98
51.56
52.44
52.95
53.24
53.54
53.55
53.40
52.29
52.26
51.76
51.40
52.99
52.89
52.97
54.77
56.34
55.04
54.42
55.00
54.50
54.83
53.85
52.31
52.78
54.61
53.79
56.30
57.05
57.10
56.75
56.48
56.24
56.92
56.50
57.00
57.19
57.35
56.54
57.03
55.43
54.70
57.30
56.20
57.38
57.55
58.00
58.16
58.74
58.61
58.23
57.80
61.00
59.91
60.02
59.46
59.99
60.10
60.05
59.10
60.44
60.16
60.40
60.48
59.51
58.34
58.53
57.50
59.40
59.74
59.43
58.52
58.86
58.85
59.24
58.02
58.60
58.80
58.20
58.49
58.49
60.70
62.76
62.75
63.50
63.40
63.99
63.20
59.50
60.07
60.50
61.00
60.01
58.74
57.66
58.20
58.03
58.87
58.55
58.67
58.51
57.55
57.86
57.04
58.74
57.40
55.40
56.82
57.00
57.42
56.00
55.49
54.75
53.90
53.33
54.68
55.23
55.34
54.00
55.14
56.05
54.90
52.90
53.70
55.16
54.46
55.85
55.84
54.40
53.76
52.75
54.75
54.00
53.70
53.57
53.54
53.75
52.06
50.39
50.80
50.35
50.14
50.28
50.40
50.35
50.00
49.75
52.36
53.00
53.00
52.00
50.75
50.90
49.60
49.08
51.42
53.65
54.60
54.70
55.05
56.28
56.76
56.00
55.67
52.65
53.18
52.40
54.04
53.50
51.06
48.98
47.54
46.35
48.40
48.59
48.71
50.85
50.30
49.29
47.00
45.48
43.91
44.60
44.56
44.99
43.92
42.77
43.00
44.25
45.30
44.05
43.58
44.80
45.49
46.15
45.80
45.90
45.31
44.53
42.98
43.18
42.18
42.17
41.87
41.88
40.95
42.13
43.00
41.78
41.73
42.21
41.70
43.05
44.01
44.10
42.30
42.21
44.37
45.61
43.86
43.18
43.48
43.10
42.04
41.94
39.96
40.01
39.32
39.83
41.86
42.58
44.95
43.08
44.50
43.45
45.54
45.30
45.24
45.60
46.99
46.71
46.27
47.10
47.19
47.45
47.35
46.12
45.22
44.54
44.01
42.84
43.85
43.62
45.23
45.56
45.29
44.55
45.72
45.07
43.75
44.57
43.94
45.09
44.78
46.55
46.50
46.10
45.35
45.12
43.56
43.29
43.16
43.80
42.53
44.23
42.70
41.93
41.53
45.10
44.30
44.05
44.14
43.53
44.52
44.47
46.10
45.15
45.78
45.66
46.02
47.20
47.53
47.10
46.68
45.95
45.52
45.05
43.84
43.42
44.64
43.40
43.56
44.61
45.67
44.93
44.54
44.17
43.68
43.29
43.18
42.40
43.34
43.85
43.67
43.98
45.14
45.56
45.47
45.68
46.36
45.27
45.41
45.07
46.23
46.37
46.68
45.66
46.58
46.61
49.10
47.27
47.55
48.15
49.00
49.75
51.57
48.99
50.08
52.85
53.30
52.11
52.89
52.06
52.21
53.04
51.42
50.80
52.30
52.17
51.50
51.42
51.87
51.78
52.67
52.59
53.25
53.77
52.35
52.30
51.86
53.15
53.75
53.06
52.22
53.97
54.27
53.53
52.71
53.64
52.75
54.23
54.12
53.37
54.05
54.47
54.75
53.95
53.88
52.86
52.27
52.54
51.85
52.24
51.84
53.90
54.62
54.74
55.99
55.97
54.75
55.88
55.74
55.45
55.28
55.91
55.30
55.20
54.55
55.00
55.67
56.13
56.32
56.02
55.37
56.63
56.90
56.93
53.08
53.49
53.88
53.85
53.51
53.88
53.71
53.00
53.66
53.63
53.70
53.09
53.06
52.24
52.00
51.10
51.45
51.97
52.50
52.68
51.98
51.79
51.26
51.74
50.70
50.62
49.79
49.70
50.60
52.81
52.78
53.73
54.38
54.80
55.25
55.08
54.65
54.33
55.19
54.70
55.25
55.42
55.67
56.12
56.98
57.48
57.24
56.80
56.29
56.85
56.28
55.39
55.79
55.68
56.35
56.56
57.12
57.25
61.50
61.28
61.12
60.85
60.40
60.85
60.98
60.82
61.87
62.39
63.10
62.81
63.56
63.98
63.92
63.26
64.34
64.45
64.54
64.65
63.87
63.85
63.57
62.62
62.80
62.03
62.25
63.80
63.27
63.11
63.90
63.91
63.55
63.26
62.68
63.00
62.05
61.92
61.96
61.84
61.80
61.80
61.83
61.19
62.60
63.31
64.67
67.17
67.35
67.25
67.85
67.20
66.00
65.26
65.54
65.58
64.89
64.06
64.69
64.42
64.22
65.11
66.01
66.80
66.93
67.30
67.65
67.53
67.85
67.84
68.06
68.46
67.61
67.55
67.49
67.72
68.40
67.87
68.85
69.10
69.18
69.05
69.36
69.86
70.47
69.67
69.58
69.90
69.61
68.63
68.53
69.66
70.25
70.05
70.69
70.73
71.06
71.67
72.24
73.20
72.36
72.32
73.00
72.44
72.40
71.66
72.60
74.26
74.37
73.90
73.25
73.53
73.86
73.83
74.72
74.83
74.49
76.66
76.65
74.68
74.80
74.40
75.11
76.15
76.82
76.87
76.58
76.30
76.60
76.48
76.25
76.60
76.82
77.87
76.39
76.64
78.08
77.39
76.75
76.77
77.24
76.38
75.81
75.59
75.91
76.32
75.75
75.45
75.67
75.17
73.54
74.45
73.61
72.14
71.95
71.08
70.45
70.75
68.35
66.57
66.40
67.54
68.00
68.15
67.69
66.05
66.50
66.54
66.43
67.48
68.95
70.65
70.89
70.94
71.15
71.03
70.64
70.20
69.28
70.31
70.48
70.50
71.25
71.23
71.68
71.92
71.80
71.62
71.19
71.70
72.29
72.40
75.31
75.90
75.38
75.75
75.29
75.31
74.97
75.16
73.86
74.49
74.11
73.90
72.75
73.21
73.50
72.49
72.60
71.67
71.44
70.27
69.96
70.75
70.80
72.90
72.71
73.64
72.70
73.10
71.06
69.31
69.97
70.86
70.32
69.57
69.69
71.80
71.60
72.98
73.65
74.26
73.94
74.47
75.05
75.96
75.95
74.73
75.31
76.08
76.68
76.81
77.20
77.35
74.93
75.65
75.53
75.68
76.30
77.00
76.56
78.00
79.35
78.96
79.09
79.70
79.30
79.70
78.53
78.80
79.88
79.78
79.69
80.07
79.61
79.09
79.07
78.03
77.58
77.37
78.10
79.90
80.27
79.65
80.79
79.11
79.92
80.78
81.50
81.11
81.31
81.60
82.24
83.07
85.37
86.12
84.62
84.81
84.30
84.99
86.40
86.43
85.48
85.99
85.00
82.50
83.74
84.84
85.43
85.09
85.74
84.66
86.55
86.70
86.72
86.66
85.82
86.70
87.52
87.00
87.05
86.53
85.85
85.90
91.70
91.50
91.41
91.08
91.63
90.85
91.49
90.57
90.98
90.69
90.69
89.40
88.33
88.22
87.70
88.57
88.15
88.59
88.02
88.95
88.70
88.55
86.80
86.30
86.31
85.89
85.15
86.45
86.49
86.63
87.07
86.70
86.60
87.04
86.20
83.95
83.26
83.96
84.65
85.21
85.29
85.43
85.20
85.51
83.90
84.90
86.50
87.25
86.95
87.80
87.31
87.25
87.60
87.18
86.50
86.27
86.69
86.60
85.76
87.15
86.44
86.83
85.40
83.90
82.54
81.44
83.62
83.22
81.67
82.35
83.31
83.00
82.10
83.09
82.69
82.56
82.31
82.24
82.36
79.75
78.01
75.86
75.93
77.43
76.44
78.56
77.82
78.33
77.61
78.07
76.93
76.81
77.12
77.75
77.65
77.74
77.78
78.73
77.60
77.84
76.84
76.45
77.01
78.77
81.92
83.19
82.09
82.48
82.72
81.61
81.94
82.43
82.20
83.14
83.82
83.75
84.33
84.80
84.92
85.65
85.96
87.14
86.55
87.64
88.15
88.38
88.38
88.85
89.39
90.10
89.35
85.77
88.00
87.32
86.60
86.01
86.71
85.58
85.30
86.24
87.09
87.03
87.08
87.59
88.50
87.91
87.88
88.44
86.77
86.63
85.23
84.40
84.00
84.50
83.80
82.86
85.83
86.92
85.20
85.03
84.31
83.70
82.70
81.96
81.58
82.17
80.80
79.96
80.74
80.34
79.27
79.06
79.70
79.87
79.72
79.44
78.30
78.91
78.25
77.02
77.93
77.07
78.51
78.52
80.00
79.28
78.49
78.94
78.46
83.45
80.00
79.40
80.95
81.27
81.35
81.60
81.30
81.10
81.68
82.30
82.65
81.49
82.10
82.77
82.58
82.98
81.92
80.76
81.70
82.17
81.45
82.45
83.20
83.48
84.10
83.52
83.83
82.40
82.80
84.05
84.01
85.55
87.10
87.80
88.00
86.82
86.61
87.32
86.92
86.51
85.59
85.97
86.88
87.70
86.44
87.00
87.68
88.21
86.45
85.90
85.30
85.57
87.60
87.33
87.13
86.70
85.90
85.90
87.41
87.92
91.44
89.75
88.50
87.26
88.48
85.75
86.24
87.00
87.09
87.60
87.40
86.79
85.95
85.55
86.07
85.80
87.00
87.18
87.30
86.31
86.20
85.20
84.64
84.70
84.20
83.45
84.02
84.26
83.98
83.15
81.80
80.95
83.13
83.35
83.69
84.15
83.46
84.39
83.89
84.47
84.28
84.00
84.27
84.76
84.90
85.08
85.94
86.57
87.20
87.30
86.78
86.31
86.05
86.30
86.92
84.90
85.00
85.35
84.99
84.45
84.62
85.02
86.02
85.42
85.51
84.95
86.82
86.01
85.96
85.45
85.20
85.54
85.00
85.10
84.91
85.04
84.57
84.86
83.63
83.09
82.49
82.55
83.30
81.81
81.75
82.12
82.83
83.02
82.70
82.02
81.26
81.84
81.84
81.70
81.57
81.13
80.96
81.55
82.25
82.20
82.33
81.31
81.50
81.64
80.67
80.30
79.75
78.70
77.98
78.99
79.26
79.65
81.01
80.00
80.31
81.42
81.79
80.25
80.20
80.74
80.65
81.13
81.13
81.37
82.08
83.55
83.15
83.07
82.18
82.75
83.87
84.36
84.25
83.63
79.72
80.98
81.00
81.33
80.05
79.79
79.08
78.98
78.59
78.61
78.76
78.58
78.89
78.50
78.80
79.60
80.06
80.64
80.36
80.00
78.96
79.90
79.00
78.69
78.13
78.15
78.67
77.92
77.11
76.88
76.20
76.51
77.18
77.67
77.75
76.96
76.71
76.77
76.85
76.85
76.84
76.77
77.85
79.97
79.76
80.76
81.14
81.41
80.97
80.59
82.05
82.42
83.45
83.10
82.77
82.97
82.32
82.03
82.60
82.46
86.36
86.51
88.39
88.11
88.30
87.62
87.48
87.86
89.30
89.01
88.15
88.46
88.58
88.44
89.81
89.60
90.53
89.75
89.01
89.40
88.60
90.34
91.13
93.35
93.67
91.86
92.01
91.88
91.39
92.80
92.57
92.83
92.47
92.98
92.76
94.07
94.12
94.70
95.49
95.23
95.58
96.34
96.58
97.03
96.73
95.88
96.00
96.87
98.95
97.60
98.14
98.51
98.20
97.94
97.04
97.45
96.57
95.85
97.00
96.05
96.18
96.19
99.78
100.29
99.94
100.10
99.52
99.20
99.03
97.67
98.67
98.83
98.53
99.76
99.76
99.98
99.76
99.97
99.82
99.67
99.94
97.70
96.76
96.84
95.84
95.20
96.32
97.75
98.81
100.68
100.20
99.42
101.17
102.90
103.39
103.60
104.37
105.20
105.38
105.51
106.30
106.81
107.11
108.23
108.04
107.83
103.97
104.47
105.29
103.86
102.46
105.10
104.59
104.60
105.85
105.60
104.60
104.82
105.66
107.47
108.32
109.25
108.85
108.60
109.05
108.79
106.57
105.13
104.97
106.26
106.43
53.20
53.59
53.48
53.90
54.01
53.99
54.23
53.65
54.37
54.15
53.89
53.48
53.53
53.56
53.51
53.62
53.84
54.12
53.86
52.99
53.48
53.28
53.29
53.87
53.75
53.92
53.31
53.03
52.87
52.58
52.99
52.95
53.25
54.68
55.13
54.82
54.47
54.28
54.72
55.73
56.75
56.69
57.23
56.89
55.71
54.10
52.96
53.40
53.19
53.48
53.68
53.42
53.63
54.50
53.63
53.58
52.95
53.81
53.82
58.29
58.29
58.29
58.40
58.98
59.35
59.67
59.08
58.45
58.45
59.46
59.01
58.78
59.45
59.68
59.83
58.52
59.40
58.35
57.83
56.90
55.44
56.84
56.45
56.90
56.95
56.50
57.47
58.06
56.61
53.90
55.78
56.15
54.66
53.57
53.19
54.47
54.38
54.12
54.19
54.03
54.12
53.88
53.53
55.46
55.76
56.34
56.42
55.47
55.80
54.70
55.15
55.53
56.08
56.88
57.23
56.31
58.79
58.56
58.32
57.26
57.81
58.45
58.39
58.17
58.66
59.39
59.16
59.22
59.36
60.35
60.01
61.77
61.86
61.01
63.15
63.92
63.91
63.16
63.26
63.33
63.17
64.12
63.46
63.84
64.61
65.22
64.93
66.26
63.82
63.87
63.38
63.99
62.78
63.30
62.21
62.60
63.99
63.22
63.05
62.64
62.00
62.28
62.88
63.75
62.18
63.40
65.21
64.71
65.65
67.00
65.80
65.94
65.41
65.40
65.86
64.20
64.45
64.96
64.32
63.05
63.75
63.80
66.01
66.27
66.88
66.08
65.00
64.31
64.24
63.28
62.71
61.74
62.11
61.83
61.97
62.54
60.70
60.73
57.06
57.67
55.98
56.50
57.29
57.52
57.41
56.00
57.29
57.35
59.40
61.33
62.51
60.74
59.80
60.03
60.76
60.64
60.66
61.37
62.55
62.30
62.29
61.12
61.20
60.32
60.59
61.59
62.61
62.38
62.04
60.20
60.09
60.43
60.81
59.58
58.24
56.97
57.92
59.76
61.03
59.96
59.26
61.67
61.83
67.27
69.08
68.37
66.27
65.98
65.86
68.00
69.57
67.97
68.90
68.51
66.83
66.53
66.44
67.37
66.69
66.06
65.82
66.07
67.55
67.89
68.62
68.03
67.58
68.06
68.74
67.82
68.23
66.80
67.81
67.66
66.98
67.58
66.75
64.80
64.87
65.34
65.66
67.44
68.02
67.53
67.78
67.04
65.13
65.01
64.77
66.02
67.38
68.39
68.37
67.14
66.97
67.94
70.07
67.93
68.58
68.48
67.44
66.78
68.99
68.38
68.00
67.88
67.84
66.73
66.90
65.97
65.97
59.50
60.34
59.61
58.99
58.09
58.52
56.46
58.32
56.95
55.67
56.26
55.81
57.64
58.16
58.56
58.20
57.51
58.67
59.20
58.13
58.17
57.24
59.06
59.68
58.68
59.40
59.78
61.58
62.19
60.85
62.95
63.27
62.10
61.97
62.00
62.29
61.65
61.03
60.66
60.59
61.11
59.71
58.92
59.67
61.22
60.61
61.18
61.91
59.74
58.82
60.33
60.28
59.87
60.97
61.92
60.50
61.19
59.56
64.64
63.70
63.15
60.83
59.27
65.01
67.79
65.05
66.90
66.16
63.75
63.25
61.14
57.98
55.70
53.08
54.53
55.85
57.12
50.36
55.97
57.48
59.75
57.12
52.50
50.73
47.79
46.55
52.42
52.48
55.81
57.63
55.84
56.22
52.78
50.64
49.41
47.97
45.67
44.37
48.86
46.53
46.31
46.64
43.84
43.61
47.88
50.32
49.29
53.25
53.25
48.02
50.01
52.01
51.96
53.34
56.17
52.94
50.50
48.73
49.37
48.19
49.64
50.64
52.69
51.26
49.10
47.96
49.13
49.76
48.94
49.69
51.00
53.06
53.44
52.36
50.46
51.39
49.61
50.12
49.50
46.65
46.96
46.80
44.14
45.66
45.63
45.68
45.67
45.51
47.60
45.99
45.25
44.43
46.30
45.78
47.20
48.68
47.77
45.05
44.31
44.46
43.43
41.94
43.52
42.81
42.93
41.61
42.94
42.15
41.03
41.53
39.76
40.05
42.55
39.94
39.94
38.57
41.61
43.43
44.59
44.67
43.91
45.41
45.92
46.50
45.02
47.62
45.60
46.37
47.60
46.84
46.26
46.89
47.00
50.49
51.87
51.27
49.86
50.24
53.27
53.12
51.40
52.11
53.77
54.61
52.36
53.27
55.00
54.39
54.73
54.13
55.59
52.96
52.47
52.92
55.27
55.00
54.61
53.08
54.42
53.14
50.98
49.52
50.95
49.75
51.20
52.04
50.69
51.35
52.41
54.17
54.41
55.11
57.05
59.26
57.83
58.17
57.54
58.29
58.00
58.66
57.05
56.62
56.61
55.94
55.33
54.63
56.30
56.70
55.26
53.54
53.02
51.28
50.84
51.75
51.78
52.42
51.06
51.91
51.21
51.51
51.06
51.30
51.54
51.90
52.93
53.19
52.44
52.83
52.07
51.53
51.14
52.17
52.37
52.91
54.37
56.09
56.64
56.62
57.54
57.02
57.62
58.07
57.14
56.79
57.52
57.81
56.86
55.44
55.61
56.77
57.00
55.65
56.00
55.16
55.45
56.83
56.18
55.39
54.36
53.31
53.73
54.23
55.24
55.35
55.42
54.99
54.91
54.69
57.18
58.09
58.59
58.55
58.57
58.30
58.17
58.64
59.00
60.09
64.70
62.50
62.02
62.78
63.09
63.42
64.02
63.59
63.25
63.68
64.90
64.96
65.10
66.09
65.09
64.75
65.19
64.17
63.75
64.09
62.57
63.71
62.18
62.50
62.66
62.73
64.76
64.56
65.32
64.47
64.93
64.09
64.42
66.10
64.96
64.42
63.56
63.92
64.49
64.52
65.70
65.05
64.89
65.40
65.35
64.67
64.30
64.54
63.53
61.95
62.70
63.86
64.16
64.35
64.05
63.25
64.42
64.88
65.10
65.44
65.25
65.50
66.21
66.14
66.07
65.35
65.61
65.21
65.85
65.72
64.91
64.82
65.40
64.99
64.39
64.71
64.18
63.64
62.98
63.67
63.74
64.00
63.52
63.75
64.10
63.93
64.00
62.09
61.70
61.30
62.51
62.64
62.95
62.49
63.65
64.48
64.44
64.35
64.31
64.13
64.93
66.16
67.60
68.24
68.03
67.64
67.63
68.32
68.82
68.93
69.12
69.75
69.90
70.39
70.38
70.88
74.66
73.52
73.88
74.49
73.38
73.57
73.89
73.97
73.81
73.50
74.01
74.11
73.91
73.59
73.99
75.18
75.53
75.51
75.80
75.64
75.17
75.58
76.36
76.72
78.23
77.90
78.02
76.74
76.44
77.57
75.91
77.77
77.35
75.21
72.30
70.61
76.65
76.43
77.85
75.55
73.74
73.63
72.93
72.25
70.31
71.39
71.34
72.91
72.52
73.90
72.38
71.18
73.00
73.63
70.77
69.59
70.26
70.01
71.75
72.33
72.22
73.98
73.83
74.57
74.94
74.35
72.46
72.52
69.63
70.12
70.50
68.17
67.55
68.07
67.86
67.21
68.56
70.28
70.15
69.81
70.47
70.54
70.65
68.96
68.61
69.84
69.65
71.56
72.74
73.22
73.68
73.11
73.53
73.64
74.32
73.10
74.00
74.06
73.96
74.12
73.91
72.08
71.52
70.58
71.06
71.71
72.24
71.34
71.26
70.95
70.05
70.13
70.39
70.94
70.36
70.00
72.13
72.96
74.25
74.02
74.14
73.92
73.75
74.68
75.27
76.56
76.64
77.26
78.37
77.69
77.31
77.67
79.57
79.11
80.64
79.93
80.14
80.25
79.88
81.30
81.31
80.99
82.04
81.98
81.89
82.02
81.77
82.00
81.66
80.73
81.24
82.11
81.92
82.05
81.82
81.03
81.11
81.44
81.10
81.75
81.83
83.41
84.11
83.61
83.20
83.88
83.67
82.62
81.80
80.51
81.39
82.47
85.81
85.92
85.26
86.53
85.96
85.16
86.13
87.64
87.83
87.53
87.73
87.19
87.32
87.47
87.80
89.23
89.28
88.58
89.23
90.05
90.27
92.30
86.95
86.05
85.83
86.33
85.27
85.76
85.42
86.09
83.97
84.52
83.76
83.53
84.17
84.02
83.73
82.56
84.07
84.06
83.66
83.07
82.30
82.66
82.88
84.00
82.77
81.46
82.48
83.55
83.91
83.80
85.74
86.50
86.71
87.25
86.79
86.21
85.77
85.55
85.75
86.04
88.82
87.23
86.19
86.52
87.98
89.03
87.70
88.33
89.84
89.88
88.92
89.19
88.95
88.18
87.17
86.21
85.33
84.82
85.41
77.59
76.84
75.45
77.22
76.73
76.66
75.89
76.36
76.75
75.70
76.53
77.41
77.93
78.67
78.09
77.39
78.13
78.20
79.41
80.08
78.73
78.58
78.73
80.07
80.19
80.11
79.96
81.12
82.57
82.32
82.24
81.66
82.79
82.61
82.02
82.91
83.50
82.66
84.58
86.26
85.27
84.89
84.83
86.11
85.05
83.62
84.33
83.19
84.07
84.62
84.45
82.15
81.15
80.36
79.77
81.90
80.10
80.67
79.66
80.51
82.24
80.39
80.29
81.11
83.23
84.51
81.95
82.19
81.18
81.62
89.90
89.78
89.98
91.82
91.74
92.35
93.66
93.24
91.43
91.23
92.05
91.96
91.70
90.64
90.74
90.60
91.84
91.71
90.93
90.33
88.72
90.48
90.15
89.34
85.11
87.08
81.55
83.87
79.19
82.50
79.33
83.25
84.24
85.13
83.22
82.55
79.92
78.58
79.25
83.59
85.80
83.76
86.29
88.54
86.37
86.65
86.55
84.04
83.76
86.51
85.33
82.50
84.36
85.82
87.49
88.04
89.77
90.20
89.46
85.74
84.18
88.64
89.31
90.58
88.47
87.99
85.51
83.05
85.73
87.80
89.28
88.15
90.72
89.85
91.79
92.21
92.97
91.02
91.48
91.29
91.89
94.35
95.07
93.75
94.21
95.83
96.75
96.35
93.88
94.94
95.68
94.38
93.80
95.42
92.36
93.92
96.15
95.75
95.95
93.70
91.89
92.75
91.06
91.63
90.93
90.28
94.91
94.87
96.18
95.25
96.25
96.60
96.25
95.89
95.18
97.68
96.95
95.05
94.39
94.08
93.67
93.38
93.63
96.35
94.82
96.90
97.77
96.43
97.46
96.37
96.81
98.22
98.16
97.99
98.35
98.47
98.14
99.10
98.30
99.24
100.86
101.58
101.76
101.56
102.21
103.21
102.30
102.11
103.39
103.99
103.75
102.82
103.50
103.46
104.23
105.93
105.76
105.41
105.22
106.63
106.60
106.16
106.68
104.95
105.73
106.14
106.29
107.17
107.43
107.92
108.54
108.74
109.24
107.34
107.58
107.90
109.98
109.45
110.76
110.30
110.73
111.22
112.13
111.74
110.44
110.99
107.42
108.55
107.88
107.23
107.85
108.44
109.02
109.37
109.49
110.39
110.69
106.46
108.25
108.65
109.17
109.40
109.83
110.56
109.61
110.77
109.75
106.75
109.03
110.35
110.64
111.87
111.30
114.28
114.40
111.81
111.42
108.73
108.15
107.56
108.26
107.47
107.22
107.00
104.34
105.44
107.23
108.45
107.52
107.48
108.79
110.92
108.61
108.18
104.60
104.70
105.51
107.07
107.36
108.64
107.46
107.60
102.22
100.02
101.75
101.40
101.54
101.20
98.66
99.40
97.46
98.45
98.11
96.89
87.78
88.85
90.48
92.20
91.38
90.28
91.29
92.26
91.82
93.97
93.02
92.76
94.63
95.26
93.08
92.85
92.96
93.51
96.58
97.03
95.85
93.35
93.00
92.54
94.57
95.52
96.17
95.90
95.06
94.50
95.85
94.91
94.22
94.78
96.26
95.77
95.85
95.77
95.45
96.86
96.43
98.87
98.69
97.75
97.36
97.26
97.35
99.46
99.29
100.04
99.68
100.84
99.20
96.64
97.97
97.72
97.66
96.72
96.52
95.32
95.08
95.49
96.00
94.91
95.55
94.95
93.80
95.89
95.22
94.99
94.48
94.22
94.90
94.42
95.61
97.24
97.57
97.57
96.45
94.48
92.82
92.89
91.31
91.15
91.38
95.35
94.54
95.26
96.13
94.65
91.86
92.31
92.29
91.47
90.60
90.83
92.59
96.32
95.61
95.60
96.75
97.66
97.01
99.13
98.97
97.48
97.56
97.67
97.68
98.42
98.59
98.08
99.41
99.20
97.33
96.91
97.99
98.92
97.78
99.00
105.10
105.60
51.33
51.76
50.99
51.60
51.84
52.37
52.88
52.96
52.40
52.45
52.55
53.10
53.19
53.64
53.73
53.48
53.29
53.48
53.09
53.86
55.55
54.50
53.92
53.61
54.05
53.70
53.66
53.89
54.16
54.68
54.59
55.22
55.09
54.56
54.62
54.95
54.47
54.02
54.54
54.47
54.04
54.27
54.34
54.46
54.82
54.73
54.90
55.30
55.22
54.69
54.53
53.49
54.85
54.69
54.78
54.16
53.83
54.83
53.60
59.53
59.56
59.47
58.45
59.01
58.26
58.90
58.91
59.34
58.97
59.95
59.89
60.29
61.20
60.58
59.67
60.50
60.90
60.18
60.92
61.36
61.68
61.53
62.07
61.89
62.63
63.60
63.36
63.32
64.55
63.96
63.91
63.90
63.74
64.76
64.65
65.91
65.83
64.44
65.32
65.33
65.23
64.45
63.33
62.79
63.28
62.93
62.41
61.66
63.03
62.78
61.75
62.16
62.75
63.04
62.15
61.41
61.76
61.89
61.94
62.15
61.75
60.78
60.57
59.95
60.39
61.85
62.32
63.68
62.33
62.62
62.86
63.64
63.72
63.93
63.60
63.72
63.67
63.35
62.70
63.33
63.32
63.35
63.29
63.19
62.63
62.49
62.53
62.71
62.85
62.92
65.97
66.30
66.40
66.54
65.63
66.05
66.31
66.51
65.81
64.35
63.49
63.65
64.71
64.63
64.13
64.86
64.21
63.92
62.81
63.37
63.48
62.82
64.29
65.13
65.38
64.98
65.40
66.82
67.59
68.08
67.91
68.19
68.32
69.48
69.50
69.37
68.98
69.43
68.92
70.34
73.64
72.64
72.42
71.89
71.64
72.14
71.34
70.28
70.89
73.44
73.46
74.06
73.71
74.52
74.54
75.93
76.09
75.96
75.56
75.51
75.70
75.51
75.91
76.13
75.76
76.06
76.37
77.20
76.76
75.70
77.12
77.16
76.87
77.85
78.64
79.22
78.58
77.81
77.84
78.09
78.87
79.13
79.60
79.33
79.14
79.09
79.13
78.82
78.95
79.86
79.78
79.22
76.84
76.23
76.40
76.44
76.76
78.55
78.26
77.34
77.11
77.66
78.19
78.16
78.74
78.64
78.24
78.03
77.43
77.49
77.09
77.09
76.92
75.18
75.17
75.43
74.79
73.39
73.75
73.50
72.73
71.65
71.90
72.71
71.77
73.94
72.85
70.88
70.51
70.60
71.51
72.69
72.67
73.98
74.11
74.87
75.07
75.21
74.82
75.58
76.48
77.84
78.11
78.42
78.02
78.30
77.39
78.62
77.42
78.22
79.46
78.98
78.80
78.97
78.53
78.32
78.98
79.64
79.15
79.27
75.21
74.86
73.65
73.22
73.32
73.54
73.86
74.39
74.54
73.99
72.84
70.83
72.92
73.56
72.45
71.25
72.38
72.28
73.10
74.03
73.90
74.35
74.10
73.39
72.70
71.67
72.48
72.95
72.92
72.99
73.29
72.25
72.18
73.05
73.45
74.63
74.59
73.58
72.94
73.94
74.49
73.26
74.21
74.88
75.85
76.61
76.27
76.38
76.91
76.72
75.55
76.13
75.87
76.23
76.67
76.31
75.14
74.77
74.62
74.55
75.09
76.21
75.64
75.10
75.45
74.98
76.47
76.86
77.68
77.55
78.00
77.79
78.45
78.65
77.67
78.69
77.50
77.29
77.95
78.03
76.92
76.53
77.52
76.82
77.04
77.37
78.60
77.72
78.40
78.10
79.61
77.13
76.78
77.16
76.92
77.14
76.35
77.06
77.06
76.73
77.25
77.30
77.13
78.55
78.51
78.91
78.94
79.29
80.01
79.48
79.72
78.82
78.55
79.28
78.82
79.92
82.04
82.40
81.84
82.47
81.82
81.84
81.61
81.20
81.51
81.97
81.81
80.71
80.12
80.84
79.75
89.50
89.12
89.20
87.70
89.30
90.29
89.22
88.07
88.83
87.23
87.19
85.39
85.09
85.18
87.04
87.18
88.90
90.64
89.86
90.37
90.90
91.64
92.45
91.95
93.00
92.97
93.45
93.95
94.68
94.60
93.78
94.96
94.88
95.81
96.12
95.50
96.06
96.47
96.95
97.30
