69.00
65.81
64.38
64.56
68.94
67.50
67.75
66.75
66.12
65.94
66.44
65.81
64.50
63.94
63.44
61.19
62.06
61.50
58.88
55.50
59.50
60.12
58.81
57.94
56.62
59.69
60.12
58.38
57.50
58.88
58.00
56.50
53.50
49.50
49.31
48.50
47.88
45.31
46.94
49.75
50.00
52.88
53.31
52.69
49.62
49.31
49.44
49.75
47.94
48.81
51.94
55.56
56.25
55.81
56.62
56.50
54.56
55.69
55.50
55.94
59.38
60.75
59.31
62.00
63.31
60.12
61.25
62.00
63.69
63.50
64.94
62.31
58.94
56.38
56.31
55.50
57.94
60.62
60.75
60.75
58.44
57.31
58.81
57.81
54.50
53.94
52.88
52.38
54.88
57.12
57.06
57.19
57.31
59.06
56.75
57.94
58.75
57.69
58.38
57.00
56.69
55.00
54.12
60.00
57.69
60.06
59.75
58.81
59.06
58.00
58.00
54.38
55.00
55.69
56.19
56.12
55.00
54.69
54.56
53.44
54.44
54.69
57.44
57.19
55.38
57.73
57.38
57.94
58.44
62.06
62.94
62.75
62.19
61.19
60.94
61.25
61.12
60.50
60.81
60.50
59.19
59.31
60.12
60.31
59.94
58.88
54.94
55.06
56.50
54.06
55.94
57.62
54.75
53.25
52.38
53.06
52.56
50.88
50.44
50.88
49.75
50.00
50.19
50.12
50.50
50.62
49.94
49.00
48.75
49.12
50.19
51.12
52.06
52.62
54.75
54.62
54.44
53.62
52.94
52.69
50.88
50.00
51.38
51.94
50.69
49.44
48.38
49.88
49.50
48.62
46.38
47.88
46.75
45.88
46.44
46.69
46.38
44.69
45.12
47.69
47.94
47.00
47.94
47.31
47.81
48.50
48.44
45.94
44.12
43.94
45.81
48.06
50.00
49.12
49.38
50.00
50.88
48.12
45.00
45.44
48.44
49.38
49.19
49.56
48.62
48.50
47.31
46.19
49.81
50.88
51.88
52.19
52.75
53.81
55.31
55.88
55.94
55.38
53.81
52.12
52.75
51.31
50.88
51.19
51.25
49.75
52.25
52.75
52.50
53.44
54.00
55.00
55.06
58.75
58.19
57.12
54.81
54.75
52.06
53.00
53.75
54.81
54.62
54.50
52.69
53.69
53.94
53.62
56.12
54.94
54.65
54.25
57.00
56.80
55.98
55.22
54.49
54.70
54.80
53.35
53.48
54.47
54.35
53.45
53.30
54.29
52.96
51.00
50.80
51.37
51.85
51.30
49.87
49.69
49.54
49.96
50.95
51.90
51.80
50.25
49.30
47.97
48.49
47.85
47.70
49.48
49.77
47.40
47.91
49.80
50.40
50.13
50.65
51.24
50.98
51.00
50.40
50.69
51.32
51.79
51.64
50.70
49.70
50.22
49.44
52.94
52.72
52.50
52.70
51.09
51.10
51.60
53.20
53.30
53.55
53.45
53.45
53.70
52.94
51.99
52.20
53.70
54.46
54.75
54.35
52.12
52.22
52.04
53.30
53.70
53.88
53.24
53.00
51.95
52.20
52.60
52.45
51.80
51.64
51.71
51.35
51.27
51.10
50.97
50.60
50.36
49.73
49.59
49.49
49.90
51.17
50.75
50.55
49.80
49.72
49.79
50.49
49.79
49.70
49.38
48.56
48.40
48.67
49.40
51.85
53.23
54.05
53.85
53.98
54.50
54.59
54.27
53.20
55.10
55.51
56.00
56.05
56.50
56.77
56.15
55.97
55.58
55.28
55.87
54.79
54.00
53.77
52.70
52.92
52.20
51.50
51.62
51.62
50.54
50.43
51.00
51.50
50.20
50.42
49.47
49.00
49.88
49.35
49.66
46.90
47.00
46.10
46.35
46.08
45.94
45.95
47.98
49.10
49.48
49.69
49.95
50.05
52.00
53.47
52.95
52.40
52.41
52.20
53.70
54.75
53.00
53.48
54.00
53.74
52.80
53.07
53.60
53.55
53.19
53.30
53.82
53.06
51.75
52.32
52.95
53.18
54.30
55.10
54.99
55.40
55.25
55.68
55.95
55.80
56.24
56.00
55.86
55.98
55.61
55.85
56.02
55.81
55.76
55.29
55.90
55.23
55.17
56.57
55.99
55.60
55.40
54.80
54.70
54.09
54.41
55.85
56.10
56.50
57.14
57.58
57.70
58.57
58.60
58.74
58.48
58.15
58.30
58.26
58.10
58.00
57.53
57.35
56.74
56.90
56.90
56.87
57.22
56.89
58.70
59.95
59.95
59.48
59.18
59.48
59.95
59.98
59.90
59.90
59.50
59.25
59.75
59.15
60.30
60.35
60.72
60.59
60.59
60.18
60.20
60.87
59.95
60.75
62.28
62.85
62.88
62.81
63.08
62.59
61.48
61.95
62.90
62.81
62.40
62.09
62.59
63.75
63.94
63.84
63.44
63.19
62.24
62.18
62.39
62.30
62.17
60.36
59.51
59.80
59.60
59.75
59.95
60.45
60.70
61.81
61.85
61.27
60.71
60.55
59.42
59.10
59.10
58.44
58.64
57.11
57.30
57.40
56.59
56.80
57.25
56.48
56.13
55.50
56.49
55.75
55.26
55.28
58.25
58.19
58.69
59.30
58.82
58.12
56.80
56.76
56.94
55.63
55.66
54.85
55.58
54.67
54.00
55.77
54.98
54.72
56.58
57.63
58.30
57.76
57.03
58.44
58.88
58.75
57.90
56.50
56.35
57.22
56.50
57.70
57.78
55.83
54.93
55.10
56.01
56.70
56.07
55.60
54.99
54.10
53.48
52.57
51.49
49.54
47.70
47.21
46.90
48.12
48.07
48.25
49.65
49.70
49.30
49.17
47.40
46.92
48.50
48.50
49.35
49.58
48.93
50.65
52.90
54.79
54.76
54.79
54.55
54.30
54.42
53.90
53.64
53.40
53.52
53.70
54.00
53.15
52.72
51.39
53.05
53.70
54.81
57.00
54.21
54.97
55.25
55.92
55.13
54.91
54.90
53.71
52.40
52.61
53.72
53.70
51.25
51.78
52.51
52.14
52.28
52.54
53.45
52.61
52.19
53.98
55.00
56.29
56.80
57.50
56.50
56.73
56.41
57.32
58.02
57.49
57.49
57.00
55.10
54.41
54.79
54.77
54.60
54.80
54.89
54.80
54.04
54.75
54.98
55.60
56.20
55.50
53.69
54.50
54.80
54.79
54.10
53.90
55.01
55.16
56.74
54.38
55.13
54.44
53.49
53.04
52.59
52.49
52.42
51.38
52.07
51.86
50.95
51.20
51.25
50.54
49.87
50.65
49.98
50.75
50.62
51.61
51.61
50.55
50.76
51.36
52.00
52.00
52.18
51.54
51.68
51.23
50.43
50.29
49.59
48.76
48.69
48.31
48.30
48.53
49.09
48.45
48.49
49.21
47.77
48.50
47.60
47.10
47.62
48.11
47.95
49.16
49.79
49.32
48.88
49.13
48.94
48.51
48.56
48.50
48.75
48.68
48.00
47.88
48.52
48.20
48.24
47.91
47.50
49.57
50.21
51.98
52.42
53.09
53.34
54.86
54.36
53.75
53.97
53.90
53.52
52.96
52.60
54.37
54.57
54.71
55.71
54.85
55.06
54.58
54.45
54.20
55.48
55.49
55.50
55.45
56.00
55.98
55.98
55.48
56.41
57.02
57.51
56.32
56.41
56.15
56.24
55.96
55.45
55.81
56.95
56.32
55.98
54.39
54.05
53.50
53.25
53.20
53.24
52.75
52.60
53.80
53.94
53.52
53.44
52.85
53.99
55.26
55.31
54.26
54.90
55.39
55.59
55.19
55.25
55.38
55.24
55.34
54.81
54.20
54.98
55.36
54.40
54.77
54.57
54.49
55.75
56.15
56.66
56.77
56.70
55.99
57.02
57.70
57.70
57.50
57.08
57.07
56.96
57.12
56.98
57.00
56.29
56.46
56.28
56.02
57.25
56.00
56.10
55.95
56.24
57.50
57.79
58.30
58.80
58.65
58.48
58.18
59.15
59.05
59.10
59.43
59.48
59.10
59.35
59.37
59.45
59.32
59.95
60.10
60.20
59.21
58.64
58.57
57.48
57.87
57.53
58.05
58.52
58.50
58.49
58.49
57.75
57.91
57.50
57.48
57.09
57.35
57.35
57.10
57.14
58.22
58.45
58.90
59.02
59.41
58.99
59.19
59.55
59.34
59.64
59.63
59.14
59.47
58.97
58.75
58.71
58.44
58.77
58.96
59.15
59.18
59.93
58.90
58.67
58.70
58.80
58.47
58.47
58.35
56.40
55.95
55.01
55.30
55.34
55.59
55.23
56.16
56.26
56.20
56.00
55.66
54.55
53.72
53.23
53.65
53.60
53.53
53.25
53.54
53.00
53.07
51.49
52.40
53.21
53.01
53.20
53.32
52.95
53.03
52.90
53.12
53.17
53.40
52.80
53.40
53.51
54.33
53.15
52.80
52.76
53.18
53.64
53.75
53.45
53.53
53.67
54.44
54.68
54.95
54.59
54.50
54.70
54.98
55.15
55.95
56.54
57.59
57.54
57.60
58.30
57.45
57.33
57.84
57.65
58.95
59.55
60.15
60.00
60.00
59.73
60.08
60.52
60.41
60.59
61.31
60.81
60.98
60.85
60.26
58.83
58.52
58.79
58.38
59.13
59.19
59.10
58.50
58.80
59.42
59.97
59.96
60.45
60.24
60.07
59.69
60.14
59.28
59.07
58.79
58.10
57.43
57.60
57.49
58.10
58.70
58.70
59.15
58.58
58.70
59.12
59.14
59.08
58.72
58.35
58.05
57.52
56.76
56.35
55.80
55.09
55.35
55.68
55.09
55.62
55.70
55.25
55.64
56.08
55.04
55.70
55.68
55.58
55.48
56.39
56.05
55.70
56.69
57.47
57.35
57.55
57.83
57.75
57.61
56.85
57.00
56.71
56.29
56.11
55.87
54.75
54.07
53.86
54.09
53.26
52.51
53.00
53.20
52.45
52.42
52.76
52.52
52.63
52.32
53.10
53.30
52.94
52.95
53.30
53.41
53.90
53.15
53.89
53.14
53.93
54.06
54.19
53.38
53.73
53.11
53.54
53.25
52.02
51.75
52.13
52.19
53.39
53.50
54.30
54.97
54.71
54.95
54.85
53.97
54.18
54.29
54.29
54.02
53.83
53.61
52.94
53.18
53.96
53.43
53.56
53.35
53.59
53.91
53.61
53.35
53.08
52.97
52.35
52.80
52.18
52.90
53.24
53.34
52.90
53.03
53.45
53.77
53.98
53.62
53.99
54.38
53.54
53.09
52.99
53.32
52.66
53.08
53.17
53.36
52.93
52.61
52.48
52.41
52.95
53.79
54.34
54.31
53.92
54.67
54.86
56.35
56.95
56.97
56.78
56.71
56.81
56.93
57.89
57.15
57.35
56.43
55.85
55.89
55.95
55.95
55.74
53.90
53.23
52.99
53.27
53.48
52.93
53.10
52.55
52.89
53.08
53.18
53.63
53.65
52.95
52.84
52.70
52.60
53.25
53.16
53.49
53.40
53.49
53.63
53.18
54.30
53.89
53.64
54.19
54.33
54.33
53.75
54.14
54.20
54.06
54.50
54.60
54.17
53.48
53.28
53.45
53.69
53.38
52.92
52.90
52.95
53.30
53.44
53.58
53.74
53.57
53.09
52.83
52.63
52.51
52.96
52.95
53.04
53.00
52.68
52.12
51.81
51.49
52.29
52.31
52.41
53.18
53.49
53.36
52.75
52.59
52.56
52.24
51.94
51.65
51.55
52.43
52.34
51.76
51.34
51.18
51.03
51.18
51.27
51.18
50.89
50.50
49.61
49.79
49.95
49.29
49.04
48.70
48.83
49.09
49.50
48.24
47.96
47.89
47.95
47.91
47.57
47.44
47.18
47.47
47.59
47.28
47.90
48.50
48.61
49.22
49.15
49.46
49.02
48.94
47.87
47.55
47.49
47.38
47.67
47.97
47.44
48.03
47.85
47.85
47.50
47.32
47.47
48.17
48.44
48.16
48.14
48.09
47.88
48.10
48.03
48.71
49.71
50.30
49.95
49.75
48.96
49.09
48.93
48.89
47.85
47.70
48.64
49.05
49.00
48.53
49.90
49.93
49.88
50.00
50.08
50.23
50.24
50.69
50.42
50.35
50.15
50.06
49.70
49.72
49.87
49.87
50.01
49.98
49.99
49.75
49.87
49.74
49.84
49.60
49.54
49.56
49.75
49.30
49.10
49.15
48.20
47.61
47.46
47.38
47.19
46.65
46.46
45.95
46.05
45.95
45.50
45.30
45.14
45.18
45.73
45.98
45.86
46.12
46.13
46.48
45.30
44.80
44.47
44.24
44.15
43.14
43.53
43.65
43.83
43.45
43.40
43.58
43.87
44.42
44.29
43.97
44.45
44.23
45.00
45.20
45.15
45.10
45.26
45.29
45.50
46.07
46.57
46.10
46.35
46.08
45.98
45.68
45.55
47.55
47.23
47.77
48.13
47.75
48.19
47.85
48.37
49.30
49.48
49.69
49.12
49.20
49.30
49.80
49.80
50.23
50.72
50.87
50.66
50.10
49.18
48.75
48.46
47.89
47.92
48.06
47.88
48.46
48.88
49.71
49.69
49.55
49.63
49.74
48.95
48.94
48.80
48.58
48.45
48.30
48.02
47.47
46.66
46.50
46.40
45.88
46.15
46.03
46.60
46.39
45.89
45.42
45.39
45.89
45.70
45.47
45.91
46.17
46.51
46.52
46.95
46.53
46.38
46.48
46.21
45.51
45.47
45.51
45.97
45.95
45.82
46.64
46.93
47.02
46.63
46.46
45.99
45.95
45.75
45.88
45.81
45.51
45.48
45.50
45.54
45.36
45.63
45.39
45.48
45.46
45.58
45.57
46.44
46.79
48.07
48.45
48.22
48.87
48.72
48.30
48.32
48.18
48.18
47.94
47.31
46.77
46.97
47.09
46.77
46.00
45.76
45.96
46.01
46.28
46.52
46.70
46.71
46.60
45.74
45.93
46.03
46.08
45.67
46.58
46.26
46.84
46.98
47.34
47.90
48.17
48.09
47.90
47.45
47.56
48.31
47.68
47.39
47.48
47.77
47.99
48.14
49.83
50.00
48.71
48.72
48.57
48.35
48.04
47.49
47.73
47.54
47.49
47.42
47.93
47.90
48.75
49.16
48.90
48.59
49.00
49.19
48.63
48.20
48.27
47.93
48.72
48.85
48.05
47.34
47.14
46.63
46.73
46.21
46.25
44.62
44.03
43.93
43.23
44.33
44.61
44.51
44.89
44.80
44.47
44.00
44.54
45.12
44.38
44.43
45.13
45.45
45.05
44.99
44.88
44.94
44.94
45.43
44.89
44.68
45.00
44.74
44.38
44.37
44.15
43.96
44.06
44.65
44.65
44.94
44.98
45.80
45.89
45.65
46.04
46.81
47.50
48.64
48.37
48.41
48.84
48.53
48.50
49.02
49.06
48.62
49.00
49.85
49.76
49.84
49.95
48.86
49.50
49.61
49.47
48.98
48.53
48.49
48.45
48.67
48.52
48.46
48.32
48.57
48.99
49.73
52.15
51.90
51.78
51.75
51.60
49.72
49.78
49.70
48.37
48.47
48.21
47.99
47.51
47.21
46.69
46.84
48.20
48.08
47.99
47.82
48.24
47.98
48.21
48.05
47.69
46.89
47.33
46.73
46.10
46.51
46.55
46.75
46.80
46.62
46.45
46.17
46.03
46.61
46.89
46.80
46.24
46.13
46.06
45.80
46.29
46.25
46.20
46.61
48.30
47.99
47.80
47.31
47.67
47.62
47.73
48.11
48.48
48.41
48.78
48.74
48.27
48.15
48.70
48.64
48.36
48.15
47.84
47.96
48.08
48.42
48.90
48.77
48.75
48.60
48.54
48.24
48.17
48.13
48.54
48.85
50.29
50.42
50.18
49.89
50.05
49.78
48.66
48.20
48.32
48.27
48.29
48.25
48.15
48.13
47.63
47.13
46.22
46.16
46.80
46.82
47.40
47.85
48.20
48.15
47.92
47.80
47.19
47.04
47.09
47.52
48.29
48.32
48.45
48.55
48.45
48.11
47.50
47.42
48.12
48.43
48.18
48.38
49.84
49.95
48.98
49.10
49.06
48.69
48.66
48.56
48.74
48.75
48.50
48.88
48.64
48.28
48.33
47.91
48.00
48.10
47.74
47.47
47.37
47.40
46.80
47.14
46.95
47.00
47.54
47.15
47.80
49.94
51.44
51.20
51.04
50.75
50.15
50.12
49.81
49.54
49.65
49.68
49.45
48.97
49.25
48.79
48.43
48.12
48.49
48.49
48.50
48.65
48.49
48.47
48.46
48.49
48.83
48.39
47.89
49.24
49.26
49.14
48.88
48.74
48.98
48.87
48.40
48.66
48.45
47.77
46.88
46.46
46.81
46.25
47.11
47.00
47.05
47.48
48.42
48.00
47.27
46.73
44.19
43.98
43.95
44.70
43.82
43.75
43.89
43.83
43.92
44.03
44.20
44.32
43.65
43.94
43.64
43.22
43.60
42.88
42.68
43.02
43.20
43.47
43.54
43.54
44.65
45.05
44.83
44.79
44.47
43.30
43.60
44.02
44.00
44.67
45.11
45.60
45.34
45.88
45.40
45.49
45.74
47.70
47.28
47.07
46.30
46.36
46.04
46.02
45.46
45.58
44.18
44.25
44.81
45.14
45.85
45.81
44.94
44.38
44.38
44.40
44.59
44.38
43.41
44.57
46.35
47.08
47.06
46.60
46.35
46.21
45.41
46.25
46.38
46.18
47.52
47.85
48.23
48.31
48.56
49.12
49.41
49.39
49.68
50.05
49.64
48.48
48.20
48.16
48.55
48.49
48.34
48.50
49.08
48.50
48.30
48.47
48.08
47.63
46.90
46.37
46.81
47.08
47.00
48.77
48.61
47.98
47.43
48.05
47.93
48.51
49.53
50.36
50.24
49.26
48.78
49.19
50.00
51.30
51.48
51.25
50.66
50.03
50.00
50.10
49.68
50.72
51.01
50.90
50.00
50.32
49.97
50.23
50.20
50.40
51.48
51.57
51.40
50.67
50.02
50.02
50.19
50.40
50.74
50.00
50.39
50.72
50.67
50.71
50.40
51.01
51.45
53.49
54.15
53.71
53.40
53.22
52.67
53.11
54.16
54.89
55.20
54.95
54.81
54.85
54.60
55.33
55.14
55.34
56.39
57.12
56.96
57.36
56.48
56.56
57.27
57.68
58.04
57.94
58.80
59.04
59.09
58.89
57.34
57.24
56.85
57.60
57.49
58.37
57.50
57.60
57.57
57.43
57.05
56.39
56.20
56.21
55.98
56.68
57.24
58.15
58.08
57.99
58.05
58.02
59.90
59.57
59.74
59.95
59.78
59.83
59.75
59.39
59.53
59.41
58.25
57.70
57.00
57.85
58.73
58.27
57.35
57.82
57.07
57.80
57.57
57.87
59.29
59.29
58.14
57.34
57.13
56.80
57.11
57.91
58.07
58.63
59.56
58.99
58.11
57.60
57.20
57.50
59.00
59.37
58.78
59.07
60.99
61.00
59.00
58.49
59.80
59.74
58.95
58.90
59.93
59.60
58.81
58.65
58.59
59.51
59.29
59.18
59.86
60.04
59.88
60.99
60.23
60.89
60.88
62.01
62.36
62.48
63.23
62.87
62.50
63.18
61.98
61.66
63.85
59.92
59.91
59.38
60.47
60.90
60.85
60.01
60.30
59.85
60.22
59.55
58.72
56.77
55.34
54.23
54.71
56.07
53.60
55.02
55.38
54.69
55.50
53.57
53.18
52.97
52.01
55.72
56.80
56.00
56.77
57.20
57.25
56.00
56.35
54.70
55.73
55.64
54.71
54.95
55.12
53.07
53.57
53.80
53.50
53.04
54.11
55.15
56.75
57.00
55.73
54.26
54.51
56.20
58.71
59.23
57.33
56.13
55.46
54.88
55.12
55.97
56.08
56.21
56.91
56.50
56.40
55.82
55.74
55.40
55.40
56.33
57.51
57.35
56.80
56.21
51.82
52.41
52.19
52.70
52.00
51.84
52.05
51.64
50.32
49.60
48.60
48.99
49.30
49.64
49.07
48.30
47.02
48.00
47.59
48.98
50.08
49.56
49.28
48.52
48.29
48.11
48.88
50.00
50.67
50.65
50.44
50.36
50.06
49.64
50.00
49.49
48.57
49.20
51.00
50.15
49.11
48.92
48.81
49.12
49.47
49.55
50.00
51.10
50.91
50.39
51.48
51.60
52.29
53.00
53.00
52.16
52.45
53.05
54.57
54.30
53.75
53.02
53.02
51.34
51.98
51.30
51.42
51.49
51.25
50.44
50.00
50.23
49.18
49.56
48.94
49.37
51.10
50.85
50.52
51.35
51.38
51.09
51.15
50.40
51.03
51.33
50.30
50.37
49.34
49.98
50.00
50.30
49.53
49.77
50.66
50.82
49.79
49.97
50.70
50.85
50.98
51.00
51.75
51.06
51.16
50.85
50.25
49.86
49.20
48.62
48.89
48.89
49.05
48.90
48.83
48.77
49.45
49.06
48.90
49.08
48.64
48.40
48.18
48.05
48.50
48.85
48.24
47.94
48.15
48.57
48.59
48.71
48.85
48.95
49.53
49.49
49.19
49.10
48.99
49.57
50.40
50.43
50.22
50.28
49.97
49.38
49.50
49.73
50.35
50.84
52.00
52.25
51.86
51.85
51.85
51.82
52.10
51.70
52.56
52.24
51.74
51.40
51.47
51.38
51.05
51.85
52.10
51.80
51.52
51.29
51.04
50.53
50.58
50.18
50.14
50.40
50.97
51.30
51.13
50.84
50.64
49.70
49.68
49.31
49.37
49.34
49.19
49.64
49.70
49.87
50.03
50.21
50.58
50.64
50.99
51.41
51.97
52.00
51.97
50.75
50.71
50.61
50.11
50.37
50.47
50.45
50.35
50.57
50.78
51.35
51.27
52.03
52.47
53.00
53.74
53.55
53.46
53.80
54.40
54.65
54.87
54.85
54.92
55.09
54.84
54.70
55.08
54.88
54.77
54.80
54.98
54.85
54.27
54.87
55.00
54.60
54.07
54.23
53.20
53.06
53.54
53.75
53.61
53.74
53.99
54.20
54.35
54.37
54.67
54.19
53.83
53.75
53.53
54.44
54.75
55.20
54.84
54.55
54.26
53.94
54.07
53.47
53.22
53.86
53.77
53.45
54.15
53.78
53.72
54.50
54.30
53.53
53.54
53.62
53.50
53.45
53.11
53.72
54.25
53.50
53.58
53.92
54.08
53.95
54.28
54.24
54.13
53.89
53.75
54.09
54.17
54.28
54.50
54.02
53.99
54.24
55.54
56.27
56.13
55.95
56.27
55.94
56.00
56.00
55.99
55.96
55.75
56.05
55.90
55.85
55.73
55.63
55.90
55.70
55.38
55.10
55.21
54.91
54.36
54.59
54.48
54.82
54.57
54.65
54.61
54.70
54.42
54.10
54.23
54.15
53.95
54.57
54.95
54.78
53.62
53.24
52.77
52.56
52.97
52.70
52.92
54.45
53.76
52.96
51.37
51.54
50.50
50.60
50.73
50.93
51.51
51.74
52.08
51.70
51.37
50.98
51.36
51.68
51.27
51.46
51.65
51.58
51.49
51.91
51.88
51.47
51.04
50.83
50.20
49.77
49.26
48.97
48.41
48.44
49.44
48.97
49.32
49.55
50.33
50.69
50.36
50.44
50.33
49.81
51.03
51.00
51.09
51.81
51.67
51.30
51.39
51.78
51.25
51.70
51.65
51.71
51.67
51.79
52.34
52.48
51.62
50.78
50.74
50.57
51.62
51.32
50.96
50.47
51.50
51.72
51.79
51.62
51.25
51.25
51.10
51.43
51.81
52.09
52.56
51.98
52.10
52.07
52.47
53.03
53.10
53.28
53.33
53.67
53.96
54.00
53.92
54.39
54.01
53.99
53.81
53.99
53.62
53.70
54.25
54.63
54.82
54.59
54.74
54.45
54.52
53.87
53.58
53.90
53.76
53.84
54.34
54.10
54.40
54.73
54.63
54.23
54.59
54.50
54.99
54.95
55.50
55.72
55.08
55.21
54.76
54.52
54.34
54.35
55.35
54.44
54.65
54.45
54.60
54.26
54.18
53.93
53.92
54.43
54.85
54.90
54.76
54.94
55.34
54.95
54.77
54.40
54.40
54.58
54.34
54.63
54.75
54.56
53.86
53.65
53.69
53.73
53.93
54.26
54.19
54.25
54.80
54.88
55.07
54.38
54.15
54.11
54.52
55.32
55.36
54.99
55.40
55.15
56.27
56.24
56.05
57.29
57.75
57.79
57.90
56.56
56.58
56.18
56.04
56.10
56.24
56.47
56.73
56.16
55.88
55.31
55.05
55.20
54.90
55.57
54.01
53.60
53.17
52.17
52.43
52.60
52.37
52.27
52.49
52.29
52.54
52.84
53.88
52.95
52.52
52.35
51.87
51.87
51.89
52.00
52.14
51.88
52.95
52.67
52.50
52.38
52.74
52.32
52.36
52.83
53.19
53.21
53.24
53.15
52.92
53.75
53.96
53.74
53.69
53.65
53.47
53.95
53.93
53.66
54.23
54.61
54.80
55.16
55.08
55.77
55.79
55.60
55.55
55.36
55.60
55.61
55.83
56.03
56.47
56.29
55.54
55.60
55.69
55.50
55.31
54.70
54.70
55.09
55.22
55.17
54.21
53.85
54.19
54.30
53.92
54.23
53.84
53.25
53.26
52.64
52.97
53.29
53.50
53.29
53.29
53.70
53.42
52.76
52.53
52.79
53.16
53.65
53.56
53.95
54.81
54.32
54.08
54.42
54.27
53.70
53.97
53.54
54.03
53.97
54.69
54.72
54.40
54.09
53.75
53.55
53.15
52.99
52.55
52.05
50.99
50.92
51.33
50.91
50.06
50.40
50.31
50.08
52.48
52.18
51.95
52.74
52.64
53.21
53.42
53.49
53.24
53.44
53.13
53.38
53.55
52.64
51.79
52.56
52.75
52.18
51.83
51.80
52.79
52.51
53.15
52.62
52.92
52.59
51.23
50.96
51.85
52.86
52.42
52.40
52.59
52.92
52.98
53.25
52.90
54.03
55.18
54.79
56.39
55.31
55.47
55.46
56.19
56.43
56.88
57.42
57.00
57.15
57.44
57.96
57.87
57.29
56.74
57.19
57.53
57.50
57.96
59.40
58.93
58.49
59.25
58.98
58.05
57.42
57.19
57.36
57.29
57.13
57.00
57.33
58.00
58.30
59.00
59.15
58.97
58.51
59.01
59.20
58.55
58.49
58.44
58.35
58.12
58.40
58.49
58.57
59.27
59.66
59.54
60.00
59.98
59.94
59.99
59.94
61.06
60.35
59.62
59.45
59.55
59.71
59.53
60.00
59.61
60.11
60.03
60.73
61.25
60.98
62.00
61.61
61.84
61.12
61.32
61.57
62.63
62.47
62.43
61.98
61.90
62.02
62.16
61.91
62.08
62.24
62.44
62.19
62.57
60.50
59.90
58.90
58.95
58.78
59.10
59.33
59.42
59.28
59.59
59.22
59.86
59.95
60.20
60.90
61.08
61.15
61.26
61.47
60.88
60.86
60.72
60.77
60.85
61.32
61.50
61.48
60.95
61.42
61.49
61.41
60.59
60.69
60.34
60.39
60.29
60.20
60.21
60.81
61.95
62.25
62.05
62.49
60.24
59.35
58.43
59.43
59.46
58.99
59.27
59.32
59.20
59.18
59.36
59.37
59.24
59.61
59.65
59.55
59.65
59.66
62.50
62.63
63.10
63.95
64.69
65.18
65.50
65.76
65.95
66.66
65.88
66.13
65.90
65.97
66.08
68.23
68.48
67.85
67.75
67.79
68.06
68.28
68.25
68.54
68.66
68.35
68.23
68.92
68.75
68.35
69.72
69.95
70.77
71.30
71.36
71.76
72.58
72.44
72.62
73.24
73.18
73.10
73.46
72.86
72.49
71.99
72.24
72.46
73.95
74.80
75.24
74.98
74.79
74.16
74.96
74.92
74.60
74.51
74.52
74.25
73.69
74.27
74.52
72.75
72.69
72.41
72.34
71.85
71.94
72.20
72.79
72.71
73.02
72.75
72.95
73.84
73.95
74.81
74.80
74.12
74.42
74.35
75.19
74.99
74.68
74.17
74.63
74.82
75.09
74.96
75.05
74.84
74.50
74.06
74.49
74.36
74.75
75.01
75.50
75.55
75.38
76.81
76.61
76.04
77.35
77.60
77.50
77.23
76.71
75.78
75.49
75.00
75.50
75.42
75.68
75.16
73.57
73.20
74.28
73.90
73.98
72.60
72.60
72.30
72.00
69.69
68.69
69.13
69.24
69.06
70.24
70.23
70.17
70.81
71.04
72.12
72.34
72.60
72.02
71.85
72.59
72.34
72.70
70.35
69.36
69.30
69.51
69.66
69.50
69.06
69.16
68.81
68.65
68.42
68.35
68.30
69.24
69.35
69.18
68.92
68.89
68.71
69.03
68.79
68.67
69.24
69.37
69.32
69.20
69.65
69.64
69.99
70.00
69.50
70.20
70.12
70.44
70.54
69.90
71.07
71.32
71.64
71.64
71.51
71.66
71.70
71.23
70.00
69.45
69.85
71.47
70.54
71.34
71.39
71.96
71.88
71.90
73.26
74.04
74.13
73.61
73.39
73.24
73.90
74.20
74.00
73.50
72.73
72.87
73.38
73.47
74.29
75.11
75.09
74.96
74.97
75.93
76.05
76.68
76.58
76.41
77.45
78.46
78.38
78.37
78.85
79.28
78.86
79.07
79.05
78.44
78.44
79.22
79.50
78.83
79.15
79.25
78.30
78.66
78.49
79.34
79.16
79.14
78.66
78.96
78.91
78.94
78.86
79.96
78.86
78.59
77.90
78.18
77.80
76.94
77.41
78.04
77.05
76.54
75.63
75.80
76.38
75.95
75.74
76.87
76.65
75.83
75.71
75.33
75.27
75.45
75.88
75.96
74.66
74.20
74.79
74.75
75.18
76.11
75.66
75.28
75.68
75.12
75.26
76.77
77.44
77.50
77.75
77.67
77.30
77.45
77.79
77.55
78.17
78.25
78.63
78.69
78.46
78.03
78.25
78.36
78.48
78.67
78.75
79.00
78.57
77.63
77.89
77.32
77.39
77.25
77.22
75.08
74.50
73.93
73.62
74.13
74.03
73.75
73.75
73.11
72.86
72.88
73.07
73.58
73.12
73.48
73.16
73.65
74.21
74.24
74.52
74.40
75.19
75.47
76.53
76.53
76.45
76.43
76.73
75.94
74.98
74.46
74.60
73.89
73.72
73.53
73.38
72.42
73.19
73.34
74.87
74.83
74.71
75.37
75.62
76.12
75.93
75.82
76.49
76.35
76.51
76.76
77.21
77.63
77.53
77.15
77.40
77.65
77.61
78.28
78.22
77.96
79.07
78.97
78.99
79.53
79.29
79.32
79.35
79.39
79.20
79.87
80.57
80.68
81.00
81.35
81.28
81.33
81.37
79.77
80.23
80.43
79.80
79.72
79.26
78.77
78.50
77.89
77.98
77.83
77.88
77.99
78.24
78.52
78.93
78.88
78.87
79.47
79.13
78.91
78.85
78.51
78.40
78.72
77.97
78.00
78.10
77.47
76.82
76.39
76.08
75.12
75.12
74.37
75.40
75.37
75.09
75.19
74.50
73.10
73.16
73.21
73.80
73.76
74.85
75.18
75.49
75.99
75.65
75.32
74.00
73.40
73.82
73.74
75.10
74.78
75.19
74.67
75.49
75.33
75.11
74.96
74.60
74.97
75.75
76.18
75.07
74.85
74.99
75.11
75.68
77.02
76.80
77.14
77.53
76.82
76.60
76.78
77.25
77.19
77.55
77.90
77.72
78.31
78.22
78.14
77.23
77.55
77.31
77.47
77.75
77.73
77.83
78.28
78.47
78.78
79.99
79.87
79.93
79.73
79.76
78.95
78.39
78.10
78.83
79.28
79.23
79.37
79.05
77.44
77.38
77.13
76.37
75.96
75.92
75.75
75.81
75.94
76.19
76.81
77.11
76.97
77.30
77.44
77.59
77.76
76.94
76.74
76.19
75.76
75.48
75.42
75.96
76.28
76.17
75.94
76.21
75.84
75.61
75.38
75.69
75.42
75.90
76.05
76.21
76.98
77.33
77.57
76.97
77.25
76.93
77.05
77.05
77.10
76.91
76.89
77.06
76.79
76.36
75.93
76.01
75.92
74.25
73.88
73.63
73.52
74.29
74.81
74.73
74.60
74.44
74.41
74.43
74.65
74.68
74.94
75.05
75.91
76.20
76.02
76.15
75.86
75.94
75.88
75.94
76.33
76.60
77.73
77.32
77.00
77.08
76.44
76.05
75.89
76.57
76.47
76.58
77.07
76.86
76.22
77.31
77.05
76.57
76.25
76.72
76.86
76.91
77.48
77.92
77.69
78.49
78.83
79.37
78.58
78.63
77.69
74.07
74.50
75.22
76.20
76.66
76.65
76.50
76.98
76.80
76.64
76.60
77.40
76.38
77.37
78.23
78.18
79.08
80.13
79.42
79.44
83.06
83.15
83.72
83.92
85.64
85.29
