66.81
64.31
63.00
63.69
68.50
67.25
66.25
65.06
65.12
64.50
65.56
64.06
63.38
62.44
59.38
61.12
61.94
59.12
55.12
54.75
58.69
58.38
58.38
56.31
55.75
59.50
57.81
57.00
56.06
58.88
58.00
52.75
48.38
47.75
48.12
47.00
47.88
44.50
46.19
48.75
49.00
50.56
52.62
50.50
47.56
48.31
48.94
47.94
47.69
47.75
51.50
54.62
55.75
55.12
56.62
55.38
54.00
55.50
55.44
54.50
58.75
59.00
56.50
61.19
60.00
58.25
61.12
61.50
63.56
63.38
62.44
60.06
55.00
54.00
53.88
54.94
57.69
58.88
59.69
58.75
57.69
55.38
57.94
57.62
53.44
51.00
51.31
52.38
53.00
56.69
56.00
56.81
57.00
58.00
56.38
57.94
57.06
57.38
57.19
56.88
55.00
54.00
53.38
57.62
57.00
59.06
59.31
58.25
57.88
56.88
54.00
52.75
55.00
55.12
55.50
53.88
54.38
54.50
53.94
52.50
53.75
53.75
56.81
55.98
54.12
57.62
56.88
57.00
57.50
61.56
61.25
62.00
61.00
59.12
59.50
60.72
60.06
60.00
60.00
59.69
57.44
59.19
58.75
60.06
58.69
55.25
54.50
54.06
53.88
52.94
55.12
57.62
53.62
51.00
52.12
52.88
51.56
49.94
50.00
50.88
49.00
49.12
49.12
49.44
50.50
49.50
49.44
48.44
47.62
48.75
49.75
50.00
51.00
52.12
54.38
54.00
53.88
52.50
52.00
51.12
49.88
48.50
50.00
50.50
49.00
47.38
48.12
48.56
48.12
46.25
45.81
46.12
46.06
45.50
45.12
46.38
45.31
44.12
45.00
47.31
46.00
46.75
47.81
46.56
47.31
48.38
45.94
43.44
43.25
43.75
45.38
46.69
48.44
47.38
49.00
48.94
48.75
47.12
43.69
45.31
46.88
49.00
48.25
48.56
47.88
47.12
45.88
45.19
49.31
49.00
51.88
52.19
51.19
53.81
55.25
54.81
55.00
54.44
51.38
51.88
50.31
51.06
49.88
50.56
48.00
48.94
51.75
52.50
50.62
52.56
52.94
53.12
53.88
58.44
56.19
53.94
53.94
52.75
51.69
51.94
52.94
54.69
53.94
53.06
50.81
52.56
53.38
53.50
54.00
53.62
54.20
53.77
56.80
55.70
54.76
53.84
53.20
54.66
52.30
50.40
53.45
54.10
53.00
52.00
52.36
53.40
50.21
49.70
50.28
51.07
50.99
50.09
48.34
48.92
48.37
49.55
50.70
51.65
50.78
48.31
48.80
47.20
47.85
46.93
47.38
47.88
48.31
46.91
47.57
49.60
50.29
49.66
50.62
50.50
50.64
49.19
49.87
50.54
51.24
50.30
50.84
50.23
49.70
49.05
49.24
52.73
52.50
51.71
52.04
50.10
50.67
51.24
52.83
51.74
53.50
53.08
53.10
53.02
52.05
51.98
51.59
53.42
54.10
54.35
52.00
51.65
51.76
52.04
53.20
53.52
52.52
52.89
51.20
51.21
51.47
51.75
51.72
50.99
51.30
50.75
51.10
51.02
50.23
50.57
50.15
49.50
48.15
48.52
48.86
49.80
50.45
49.98
49.00
49.10
48.50
49.37
48.80
49.75
49.22
48.60
47.34
48.25
47.50
48.85
51.85
52.90
53.48
53.35
53.98
54.23
54.28
53.03
53.10
55.10
55.50
55.41
55.88
55.90
55.01
55.99
55.39
54.50
55.08
54.53
54.17
53.60
52.20
52.36
52.00
51.69
50.80
51.59
49.94
50.24
49.74
50.95
50.39
50.10
49.15
47.60
48.05
48.45
49.15
47.37
46.22
46.23
44.00
45.35
45.45
45.31
44.66
47.28
48.40
49.48
49.39
49.50
49.76
51.60
52.73
51.50
52.40
51.11
52.08
53.63
53.49
52.90
53.48
53.14
52.22
51.90
53.01
53.04
52.61
52.48
53.30
53.42
51.90
50.60
51.40
52.24
52.97
53.90
54.94
53.82
54.50
55.10
55.58
54.26
55.28
56.00
55.10
55.75
55.70
55.12
55.80
55.75
55.08
55.00
54.65
55.15
54.58
55.17
56.57
55.62
55.34
54.27
54.08
54.33
53.36
54.06
55.85
55.78
56.28
56.26
57.57
57.13
58.15
58.37
58.35
57.55
58.05
57.98
57.60
57.39
57.84
56.40
57.00
55.80
55.76
56.87
55.99
56.76
56.35
58.01
59.86
59.67
58.40
58.63
57.91
59.75
59.98
59.26
58.90
58.80
58.88
58.39
59.15
60.25
60.10
60.12
60.49
60.03
59.29
60.02
59.55
59.95
60.65
62.10
62.25
62.01
62.81
62.98
60.76
60.90
61.70
62.52
62.53
62.23
61.99
62.27
63.75
63.55
63.46
63.18
62.20
62.05
61.28
62.17
62.00
61.30
59.56
58.93
58.60
59.28
59.14
59.78
60.10
60.57
60.17
61.23
59.93
60.00
59.29
58.15
58.93
57.55
58.05
57.45
57.00
55.80
56.20
55.86
56.80
56.65
55.25
53.99
55.01
56.39
54.99
53.66
55.04
57.39
56.77
58.35
58.33
57.80
56.60
56.80
56.31
55.52
54.79
54.53
53.99
54.10
53.15
54.00
54.96
54.10
54.43
56.40
56.45
58.30
56.50
56.95
58.31
58.55
57.41
56.50
54.98
55.75
55.10
55.62
57.70
55.01
54.40
53.42
55.04
56.00
55.60
54.65
53.76
54.18
52.85
53.44
49.88
48.25
47.41
46.50
44.60
45.10
47.94
47.00
48.18
49.53
49.12
49.18
47.40
46.10
45.60
47.28
48.38
49.19
49.20
48.41
48.71
52.62
54.71
53.79
54.69
53.78
54.09
54.25
53.19
53.40
53.12
53.40
53.20
53.48
51.87
52.34
50.94
52.78
53.28
54.78
54.20
53.12
54.40
54.75
54.26
54.38
53.70
54.70
52.60
51.49
52.04
53.71
51.24
49.24
51.71
51.32
51.10
51.75
50.35
52.60
50.74
51.64
53.83
54.15
56.29
56.76
55.33
56.28
56.40
56.10
57.23
56.47
57.33
56.07
56.47
53.80
53.55
54.55
53.45
54.42
54.34
54.00
54.03
53.00
53.85
54.98
55.57
55.49
53.68
52.92
54.40
53.95
53.76
53.82
53.24
54.84
53.90
54.38
53.93
54.44
53.02
53.04
51.85
52.49
52.00
51.38
50.54
51.94
50.94
50.38
50.16
50.79
49.59
49.70
49.76
49.16
50.64
50.51
51.60
50.00
50.19
50.46
49.99
51.92
51.62
51.28
51.41
50.59
50.30
49.97
49.01
48.07
48.57
47.30
47.10
48.18
48.10
47.57
47.80
48.07
47.15
46.74
46.79
46.79
47.02
47.25
47.85
47.64
49.15
49.08
48.77
48.08
48.90
47.64
48.43
47.83
48.16
48.06
47.79
46.90
47.88
47.40
48.12
47.13
46.80
47.50
49.55
49.36
51.97
52.25
53.05
53.11
54.67
52.52
53.47
53.33
53.54
53.13
52.03
52.42
54.07
54.05
54.60
54.32
54.56
53.70
54.58
52.98
52.65
55.29
54.54
55.41
54.98
55.99
55.98
55.11
55.00
56.09
56.58
56.32
55.94
56.15
55.58
55.91
55.08
55.01
55.80
56.70
55.49
53.90
53.76
52.92
52.47
52.81
52.59
52.90
52.00
52.50
53.35
52.81
52.61
52.46
52.85
53.86
54.62
53.62
53.79
54.76
55.39
55.03
54.08
55.25
55.06
55.24
54.49
54.26
53.74
54.60
54.18
54.39
53.80
53.67
54.35
55.73
54.96
56.55
56.70
55.76
55.63
56.53
56.65
57.32
56.65
55.80
57.00
55.96
56.90
56.50
55.63
56.19
56.16
55.49
55.90
55.91
55.27
55.83
55.30
55.74
57.00
57.77
57.70
58.80
58.07
57.93
58.10
58.92
58.88
58.78
59.19
58.40
59.10
59.10
59.11
59.30
59.17
59.92
59.98
60.08
58.89
58.59
57.06
56.85
57.50
57.48
57.75
58.42
57.59
58.49
58.14
57.07
57.62
56.62
56.89
56.80
57.23
55.85
57.06
57.06
57.48
57.99
58.90
58.52
58.96
58.42
58.95
59.33
59.07
59.39
58.84
59.00
58.97
58.24
58.70
58.11
57.79
58.76
58.85
58.80
58.95
59.04
58.66
57.92
58.61
58.42
58.12
58.28
57.96
55.52
55.00
55.00
54.72
55.21
55.07
54.81
56.08
56.04
55.70
55.64
54.50
53.02
52.69
53.02
53.48
53.40
52.61
52.95
52.81
52.50
50.74
51.39
51.90
52.60
52.35
53.07
52.77
52.44
52.52
52.90
52.78
53.05
52.30
52.12
53.34
53.48
53.26
52.40
52.51
52.76
53.14
53.49
53.48
52.95
53.45
53.18
54.21
54.61
54.43
53.27
54.48
53.85
54.69
55.01
55.39
56.25
57.58
57.32
57.53
57.07
56.98
56.32
57.52
57.20
58.38
59.43
60.05
59.95
59.88
59.40
59.56
60.45
59.55
60.36
61.05
60.24
60.46
60.28
58.76
57.90
58.48
57.90
57.97
58.35
58.94
58.60
58.10
58.21
58.58
59.82
59.41
60.13
60.00
59.69
58.35
58.60
58.64
59.02
57.98
56.69
57.34
56.47
57.42
57.79
58.44
58.37
58.10
58.35
58.60
58.97
58.14
58.60
57.98
57.57
57.00
56.54
56.00
55.86
54.58
53.90
55.22
54.53
55.06
55.25
55.06
54.70
55.21
54.78
54.84
55.09
54.99
55.49
55.28
55.97
55.73
55.44
56.35
56.60
56.59
57.50
57.68
57.03
57.20
56.38
56.71
56.12
55.85
55.62
54.93
54.06
53.55
53.15
52.51
52.46
51.98
52.50
51.76
51.93
52.08
52.32
52.18
51.76
52.21
53.01
52.58
52.33
52.65
52.86
53.25
53.12
52.91
53.16
52.65
53.90
53.91
53.48
53.01
53.18
52.87
53.20
52.05
51.33
51.37
52.11
51.63
52.65
53.40
54.30
54.97
54.46
54.86
54.65
53.80
53.86
54.10
53.88
53.56
53.20
52.67
52.63
53.12
53.25
53.29
53.08
52.57
53.45
53.35
53.22
52.91
52.77
52.48
52.20
52.26
51.67
52.54
52.81
52.52
52.78
53.00
53.20
53.13
53.31
53.41
53.98
53.55
52.85
52.90
52.92
52.55
52.10
52.53
52.92
52.68
52.48
52.11
51.99
52.30
52.82
53.72
53.99
53.92
53.85
54.15
54.48
56.26
56.47
56.53
56.32
56.05
56.62
56.85
57.70
56.89
56.24
55.80
55.25
55.68
55.65
55.50
55.32
53.15
52.06
52.82
53.00
52.93
52.52
52.50
52.51
52.77
52.71
52.95
53.51
53.03
52.75
52.02
52.20
52.60
52.97
52.55
52.79
53.23
53.44
53.06
52.82
53.35
53.22
53.29
54.05
53.99
53.72
53.59
54.08
53.64
53.99
54.49
53.78
53.37
53.01
53.07
53.28
53.28
53.08
52.43
52.40
52.61
53.06
53.42
53.46
53.51
53.20
52.52
52.26
52.10
52.15
52.70
52.60
52.70
52.72
52.00
51.60
51.46
51.49
51.61
52.04
51.95
52.86
53.10
52.78
52.42
52.45
52.15
51.60
51.30
51.03
51.33
52.33
51.45
51.17
50.90
50.65
50.66
50.99
50.77
50.84
50.11
48.99
49.41
49.67
49.50
48.90
48.57
48.51
48.63
48.57
47.96
47.70
47.88
47.60
47.35
47.78
46.81
47.02
47.00
47.29
47.05
47.14
47.80
48.40
48.45
48.57
48.96
49.25
48.72
48.60
47.65
47.13
47.22
47.00
47.58
47.51
47.18
47.85
47.65
47.30
47.31
47.27
47.23
47.92
48.22
47.35
47.73
47.76
47.57
47.82
47.98
48.28
49.68
49.85
49.35
48.93
48.86
48.53
48.79
47.88
47.37
47.52
48.43
48.54
48.20
48.28
49.80
49.38
49.51
49.90
49.80
50.09
50.14
50.51
50.25
49.99
49.76
50.00
49.39
49.54
49.45
49.53
49.80
49.82
49.35
49.53
49.80
49.68
49.29
49.32
49.15
49.22
48.84
48.95
48.70
49.10
47.57
47.11
47.24
46.58
46.67
46.34
45.55
45.29
45.70
45.65
45.19
44.96
45.00
44.55
45.69
45.86
45.86
45.89
45.89
45.07
44.70
44.32
43.87
44.01
43.21
42.49
43.19
43.20
43.11
43.10
43.13
43.54
43.82
43.76
43.85
43.50
43.93
44.03
44.54
45.02
44.94
44.76
45.04
45.24
45.13
45.99
45.60
45.72
46.21
45.39
45.58
44.74
45.50
47.31
46.99
47.56
47.45
47.69
48.05
47.61
48.20
49.04
49.00
49.30
48.78
48.88
49.24
49.50
49.62
50.20
50.57
50.49
50.00
49.01
48.56
48.03
47.97
47.14
47.62
47.75
47.70
48.08
48.68
49.47
49.51
49.26
49.27
48.96
48.60
48.65
48.60
48.34
47.73
47.84
47.48
46.80
46.23
46.32
45.69
45.88
45.71
45.86
46.57
45.74
45.40
44.95
45.18
45.80
45.00
45.25
45.72
45.97
46.32
45.84
46.41
46.11
46.14
46.28
45.49
45.08
44.74
45.40
45.70
45.75
45.51
46.45
46.89
46.63
46.10
45.74
45.48
45.70
45.45
45.76
45.36
45.15
45.06
45.33
45.12
45.27
45.27
45.24
45.33
45.27
45.54
45.32
46.36
46.69
47.76
48.11
48.10
48.54
48.19
47.95
47.75
48.05
47.66
47.24
46.77
46.50
46.87
46.56
46.02
45.70
45.50
45.90
45.77
45.82
46.40
46.47
46.40
45.82
45.54
45.63
45.98
45.64
45.03
45.93
46.16
46.69
46.40
47.25
47.57
47.87
47.78
47.25
46.54
47.43
48.07
46.84
47.22
47.32
47.35
47.52
48.03
49.45
49.65
48.30
48.45
48.39
47.83
47.19
47.03
47.04
47.30
47.13
46.99
47.53
47.71
48.66
48.31
48.27
48.43
48.90
48.48
47.94
48.07
47.63
47.92
48.71
48.17
47.57
47.02
46.72
46.00
46.18
46.13
45.15
44.16
43.05
43.02
43.17
44.20
44.29
43.72
44.43
44.67
43.67
43.53
44.46
44.50
44.09
44.37
44.73
44.87
44.82
44.46
43.90
44.89
44.69
45.10
44.55
44.43
44.63
44.49
44.09
44.07
43.76
43.70
43.88
44.43
44.49
44.62
44.72
45.45
45.57
45.40
45.54
46.72
47.49
48.07
48.08
48.37
48.22
48.10
48.50
48.87
48.46
48.29
48.82
49.25
49.50
49.81
49.32
48.44
49.46
49.55
48.41
48.32
48.22
48.12
48.31
48.32
48.46
48.32
48.28
48.35
48.49
49.37
51.28
51.30
50.85
51.75
50.73
49.53
49.28
48.85
48.29
47.53
47.49
47.65
47.03
46.39
46.47
46.32
47.66
47.68
47.91
47.50
47.72
47.81
48.03
47.90
46.61
46.71
46.89
46.10
45.87
46.29
46.48
46.54
46.37
46.35
46.00
45.65
45.90
46.52
46.45
46.37
46.09
45.87
45.71
45.54
46.11
46.16
46.01
46.18
47.55
47.78
47.39
47.00
47.39
47.28
47.60
47.98
48.31
48.20
48.39
48.31
47.96
47.81
48.61
48.15
47.67
47.63
47.28
47.69
47.78
48.08
48.52
48.58
48.58
48.31
47.97
47.74
47.98
47.87
48.36
48.48
50.26
49.97
49.69
49.57
49.98
48.20
48.31
47.89
47.81
47.47
48.04
47.93
47.88
47.42
47.26
46.18
45.73
46.00
46.21
46.59
47.30
47.77
48.01
47.91
47.84
47.49
46.64
46.72
46.95
47.40
48.10
48.05
48.27
48.47
47.94
47.27
47.26
47.41
48.07
48.17
47.97
48.34
49.76
48.93
48.69
48.81
48.70
48.34
47.92
48.33
48.28
48.36
48.27
48.61
48.10
47.93
47.75
47.78
47.84
47.62
47.18
47.11
47.27
46.62
46.54
46.33
46.65
46.91
46.94
47.12
47.60
49.47
51.21
50.52
50.75
49.76
50.08
49.81
48.91
49.50
49.28
49.34
49.11
48.81
48.59
48.39
47.83
47.82
47.97
48.46
48.21
48.11
48.33
48.47
48.09
48.39
48.50
47.58
47.68
48.83
49.15
48.94
48.35
48.04
48.79
48.06
48.11
48.02
47.87
46.82
45.94
46.21
45.95
46.22
46.73
45.52
47.02
47.06
48.42
46.45
46.07
46.17
43.82
43.28
43.50
43.49
43.59
43.70
43.75
43.17
43.74
43.82
43.40
44.19
43.32
43.63
43.30
42.45
42.76
42.39
42.27
42.94
42.71
43.06
43.32
43.32
44.44
44.75
44.32
44.23
43.97
43.16
43.30
43.61
43.65
44.47
44.87
45.13
45.00
45.37
45.27
45.21
45.59
46.90
47.06
46.45
45.86
45.99
45.89
44.98
45.25
43.93
43.87
43.88
44.64
45.01
45.37
45.21
44.03
44.19
44.03
44.29
43.93
43.62
42.90
43.32
45.97
46.51
46.20
46.34
45.47
45.50
44.86
45.73
45.03
45.83
47.23
47.54
47.90
47.87
48.19
48.90
49.27
49.02
49.43
49.03
48.23
48.33
47.63
47.83
48.24
48.08
47.85
48.21
48.74
48.38
47.77
48.08
47.53
46.90
46.38
45.72
46.56
45.97
46.90
48.40
47.72
47.67
46.99
47.49
47.48
47.58
49.20
50.16
48.91
48.09
48.71
49.01
49.16
50.74
51.18
50.07
49.56
48.83
49.84
48.76
49.60
50.25
50.66
49.97
49.44
49.66
49.70
49.79
49.97
50.33
51.40
51.43
50.70
49.59
49.89
49.87
49.55
49.98
49.90
48.85
50.25
50.29
50.60
49.82
49.95
50.98
50.78
53.23
53.63
53.05
52.90
52.37
52.12
52.68
54.08
54.46
54.93
54.40
54.23
54.45
54.14
54.66
54.80
55.15
56.27
57.07
56.67
56.31
56.38
56.55
56.92
57.45
57.65
57.35
58.61
57.98
58.07
57.50
56.97
56.35
56.83
57.16
57.18
58.02
56.65
57.45
57.12
57.04
56.40
55.95
55.23
56.05
55.75
56.40
57.09
57.94
57.74
57.20
57.77
57.68
59.80
58.37
59.57
59.78
58.52
59.11
59.18
59.31
58.69
57.67
57.69
56.26
56.64
57.32
58.12
56.83
56.30
56.20
57.03
56.50
56.60
56.91
59.11
57.67
57.21
56.29
56.31
56.24
56.96
57.68
57.92
57.31
59.06
58.09
56.97
56.83
56.02
57.45
58.56
58.62
57.75
58.43
60.34
60.76
56.96
57.86
58.56
59.25
57.88
58.10
59.37
58.83
58.20
58.36
58.50
59.44
58.55
59.00
59.29
59.88
59.07
59.65
59.79
59.78
60.74
62.00
61.13
62.02
63.17
62.41
61.63
62.14
59.64
61.48
59.70
58.89
58.40
58.92
60.12
60.71
58.45
59.89
59.66
58.85
59.73
57.90
54.84
54.55
51.39
50.95
54.50
54.44
50.05
54.62
53.77
54.43
53.67
52.27
52.76
51.40
49.67
55.17
55.02
54.75
55.81
55.97
56.13
54.13
53.49
54.39
55.18
54.75
52.62
54.93
52.71
51.81
52.72
51.00
50.66
52.92
52.77
54.68
56.69
55.88
53.01
53.45
54.38
55.11
58.21
57.56
55.81
55.25
54.79
54.63
54.71
55.24
55.19
55.41
55.74
55.99
55.29
55.44
55.35
55.11
55.05
56.06
57.18
56.52
56.02
55.54
51.38
51.58
51.39
52.12
51.56
51.35
51.56
50.56
49.14
48.87
48.35
48.60
48.79
48.73
47.86
47.12
46.57
47.81
46.42
48.56
49.63
49.28
47.72
48.23
48.13
46.53
48.24
50.00
50.45
50.02
48.88
50.01
49.21
48.25
49.24
48.04
47.38
48.49
49.75
48.91
47.51
48.67
47.46
48.94
49.19
48.80
50.00
50.44
49.95
49.59
51.48
51.08
51.68
52.76
52.57
51.76
52.10
52.82
53.64
53.80
53.43
52.39
52.61
50.66
51.53
51.12
51.29
50.78
50.20
49.27
49.83
48.96
48.86
47.87
48.51
48.47
50.45
50.40
50.05
50.84
50.46
49.51
49.89
50.14
50.63
50.90
50.03
49.10
48.15
49.92
49.36
48.94
49.11
49.25
50.00
49.32
49.55
49.74
50.59
49.93
50.88
50.87
51.07
50.81
50.61
50.06
49.32
49.84
48.46
48.25
48.56
48.68
48.17
48.59
48.35
48.51
49.15
48.63
48.76
48.44
48.37
47.79
47.73
47.84
48.37
48.08
47.57
47.83
48.13
48.55
48.51
48.49
48.82
48.86
49.17
48.76
48.94
48.97
48.92
49.37
49.98
49.88
49.84
49.85
49.20
48.98
49.29
49.72
50.04
50.51
51.88
51.79
51.57
51.36
51.67
51.71
51.36
51.55
51.67
51.80
51.24
51.13
50.87
50.97
50.92
51.74
51.68
51.40
51.11
51.03
50.72
50.38
49.93
50.04
49.96
50.11
50.91
50.99
50.40
50.70
49.47
49.50
49.23
49.09
49.00
49.08
49.06
49.48
49.49
49.74
49.97
49.61
50.34
50.19
50.95
51.22
51.89
51.70
50.63
50.48
50.44
49.84
49.87
49.90
50.40
49.68
50.28
49.90
50.38
51.28
51.25
52.00
52.31
52.97
53.24
53.20
53.16
53.66
54.15
54.54
54.28
54.68
54.85
54.96
54.63
54.55
54.75
54.57
54.44
54.24
54.93
54.41
54.07
54.69
54.65
54.07
53.98
53.32
52.76
52.85
53.40
53.34
53.32
53.60
53.98
54.11
54.30
53.45
54.23
53.69
53.57
53.60
53.33
54.21
54.73
55.01
54.21
53.68
54.03
53.86
52.92
52.94
52.88
53.61
53.40
52.61
53.43
53.48
53.49
54.27
52.97
53.45
52.93
53.25
53.24
53.08
52.90
53.56
54.06
53.47
53.49
53.83
53.62
53.92
54.15
54.07
53.90
53.59
53.66
53.96
54.14
54.15
54.06
53.63
53.97
53.90
55.42
55.99
55.92
55.94
55.34
55.62
55.89
55.58
55.61
55.51
55.74
55.91
55.60
55.49
55.49
55.53
55.28
55.38
55.07
55.02
54.72
54.64
54.13
54.11
54.39
54.52
54.47
54.49
54.53
54.04
54.04
53.61
53.70
53.64
53.74
54.02
54.77
53.23
52.40
52.58
52.46
52.48
52.40
52.12
52.73
53.71
53.04
51.30
51.37
51.00
50.28
50.02
50.70
50.56
50.92
51.72
51.72
50.40
50.74
50.78
50.99
51.22
50.86
51.24
51.64
50.98
51.41
51.55
51.02
50.68
50.81
50.03
48.80
49.57
48.90
48.07
48.34
48.00
48.57
48.92
49.18
49.43
50.12
50.54
50.35
50.41
49.67
49.52
50.88
50.35
50.86
51.67
51.13
50.96
51.13
51.06
51.19
51.41
51.29
51.60
51.62
51.79
52.06
52.22
51.02
50.43
50.40
50.41
51.02
50.86
50.06
50.22
51.14
51.30
51.55
50.97
51.00
50.55
50.14
51.20
51.76
52.04
51.86
51.83
51.91
51.97
52.21
52.66
52.86
53.15
53.01
53.54
53.57
53.82
53.65
54.08
53.48
53.82
53.35
53.52
53.36
53.57
54.00
54.56
54.36
54.41
54.61
53.92
53.82
53.25
53.35
53.76
53.32
53.47
54.03
54.06
53.95
54.56
53.87
54.08
54.17
54.31
54.79
54.91
55.36
55.20
54.91
55.05
54.51
54.34
54.13
53.95
54.26
53.77
53.98
54.39
54.38
53.67
54.01
53.74
53.85
54.09
54.70
54.75
54.62
54.49
55.09
54.49
54.34
54.28
54.21
54.45
54.23
54.63
54.41
53.77
53.65
53.31
53.60
53.57
53.74
54.08
54.07
53.93
54.56
54.77
54.41
53.96
54.08
53.73
54.29
54.85
54.79
54.81
55.14
55.03
55.99
55.73
56.05
57.26
57.32
57.57
56.70
56.07
56.33
55.86
55.92
56.03
56.07
56.38
56.73
55.59
55.69
54.80
54.95
54.55
54.75
55.38
53.67
53.03
52.09
51.75
51.98
52.07
51.97
52.01
52.07
52.02
52.44
52.67
52.65
52.59
52.32
52.06
51.38
51.37
51.52
51.92
52.00
51.64
52.59
52.35
52.19
52.26
52.36
52.05
52.13
52.65
52.74
52.98
53.00
52.54
52.82
53.52
53.63
53.50
53.55
53.31
53.35
53.69
53.58
53.37
53.91
54.42
54.69
54.98
55.04
55.46
55.37
55.07
55.02
55.10
55.53
55.17
55.72
55.72
56.06
55.54
55.18
55.48
55.29
55.22
54.78
54.56
54.62
54.70
55.22
54.30
53.55
53.66
53.76
53.83
53.69
53.62
52.72
52.62
52.91
52.32
52.83
52.82
53.04
53.29
53.01
53.29
52.41
52.29
52.53
52.64
53.14
53.51
53.39
53.72
54.49
54.08
53.87
53.94
54.02
53.63
53.63
53.32
53.97
53.89
54.47
54.52
53.97
53.59
53.25
52.99
52.71
52.62
51.68
51.28
50.10
50.85
48.92
50.82
48.41
49.73
49.75
49.98
51.92
51.55
51.79
52.30
52.19
53.21
53.37
52.70
52.90
53.19
52.82
53.19
52.65
52.03
51.68
52.42
52.21
51.36
51.82
51.59
52.20
52.51
52.65
52.45
52.29
51.32
50.28
50.80
51.83
52.03
51.31
51.93
51.90
51.96
52.88
52.65
52.75
53.70
54.81
54.72
55.20
55.02
55.46
54.78
55.89
56.25
56.37
56.92
56.78
56.71
57.37
57.81
57.15
56.72
56.23
56.86
57.42
57.50
57.94
59.32
58.05
58.13
59.20
58.89
57.46
56.68
56.73
57.23
56.66
56.85
56.64
56.89
57.25
58.17
58.90
58.61
58.09
58.34
58.78
58.51
57.98
58.32
58.09
57.60
57.65
57.95
58.27
57.78
59.19
59.39
59.19
59.99
59.83
59.73
59.99
59.76
60.33
59.71
59.42
59.00
59.18
59.04
59.40
59.50
59.54
59.85
60.01
60.61
61.01
60.91
61.39
61.47
60.97
60.71
61.30
61.36
62.18
61.94
62.03
61.88
61.69
61.62
61.96
61.90
61.79
62.22
61.76
62.04
62.48
60.07
58.60
58.54
58.79
58.46
58.93
59.08
58.82
59.01
59.40
58.97
59.86
59.77
60.08
60.68
61.00
61.08
61.23
60.84
60.74
60.60
60.56
60.65
60.75
61.20
61.09
61.19
60.82
61.20
61.36
60.65
60.26
60.67
60.13
59.93
59.80
60.14
59.77
60.58
61.87
62.06
61.75
62.45
59.54
57.77
57.36
58.95
59.03
58.91
59.07
59.01
58.99
58.70
59.19
59.05
59.03
59.19
59.42
59.07
59.35
59.19
61.68
62.43
63.04
63.73
64.58
65.07
65.31
65.68
65.44
65.82
65.55
65.99
65.50
65.93
65.87
68.22
67.53
67.72
67.07
67.63
67.75
68.12
67.81
68.52
67.70
67.30
68.18
68.58
68.59
68.30
69.72
69.35
70.75
71.08
71.36
71.76
72.11
72.26
72.31
73.18
72.98
73.10
72.85
71.53
72.25
71.85
72.14
72.08
73.67
74.52
74.98
74.43
73.62
74.05
74.55
74.28
73.99
74.31
73.85
73.68
73.40
74.01
74.45
72.15
71.99
72.30
71.43
71.77
71.56
72.11
72.50
72.41
72.77
72.25
72.60
73.51
73.55
74.81
73.82
73.51
74.06
74.07
75.14
74.50
73.99
73.95
74.37
74.75
74.45
74.74
74.26
74.19
73.98
73.80
74.05
73.75
74.20
74.72
75.13
75.25
74.14
75.42
75.01
75.81
77.15
76.91
77.03
76.56
75.62
75.65
74.76
74.82
75.32
75.11
75.02
73.45
72.77
73.14
73.76
73.11
72.48
72.31
72.48
71.81
71.31
68.72
68.03
69.02
69.00
68.89
70.20
69.91
69.50
70.56
70.83
72.02
71.34
72.12
71.65
71.59
72.29
72.15
70.89
68.94
69.04
68.75
69.20
69.50
68.52
69.00
68.65
68.57
67.99
68.19
67.61
68.23
69.24
68.80
69.06
68.40
68.59
68.57
68.36
68.63
68.30
68.98
69.21
68.85
69.20
69.58
69.49
69.79
69.00
69.35
69.89
69.75
69.95
70.49
69.63
70.77
71.31
71.23
71.48
71.40
71.40
71.39
70.82
69.30
68.76
69.21
70.26
70.40
70.44
71.11
71.66
70.78
71.74
73.26
73.72
73.38
73.32
73.03
72.98
73.60
73.65
73.22
72.50
72.25
72.45
72.99
73.13
74.28
74.85
74.77
74.78
74.83
75.43
76.02
76.00
76.20
76.39
77.29
78.12
77.37
77.79
78.56
78.47
78.68
78.51
77.16
78.29
77.97
79.09
78.03
78.65
79.04
78.39
77.72
78.06
78.46
79.25
78.83
78.83
78.25
78.40
78.89
78.50
78.78
79.86
78.50
77.87
77.40
77.39
77.03
76.33
77.31
77.32
76.23
75.63
74.84
75.69
75.94
75.25
75.63
76.33
75.75
75.25
74.84
75.00
74.87
74.95
75.73
74.46
73.03
73.51
74.20
74.37
75.01
75.26
74.49
74.59
74.71
74.76
75.21
76.71
77.03
76.77
77.63
77.63
77.03
77.37
77.20
77.34
78.08
77.87
78.55
78.23
78.01
78.00
77.99
77.89
77.94
78.22
78.75
78.77
77.87
77.37
77.25
76.90
77.08
76.86
76.40
74.41
74.11
73.58
73.23
73.55
73.46
73.44
73.03
72.86
72.38
72.43
72.98
72.68
72.91
72.67
72.59
73.51
73.96
74.05
73.91
74.36
74.78
75.15
76.42
76.21
75.83
76.42
75.75
74.65
74.62
74.36
73.96
73.59
73.72
73.16
72.80
71.87
72.90
73.00
74.79
74.82
74.68
74.37
75.60
75.78
75.71
75.15
76.32
75.90
76.42
76.08
77.14
77.06
76.91
76.75
77.07
77.33
77.42
78.16
77.51
77.96
79.01
78.71
78.90
79.08
79.22
79.22
79.25
78.90
78.86
79.81
80.43
80.68
80.93
81.01
81.11
81.21
80.22
79.44
79.94
79.95
79.08
79.09
78.50
78.08
77.74
77.25
77.94
77.24
77.43
77.87
78.01
78.39
78.47
78.63
78.69
78.91
78.65
78.21
78.45
77.83
78.09
78.04
77.49
77.96
77.66
76.76
76.19
75.84
75.35
74.96
74.42
74.15
74.67
74.10
74.75
74.68
72.66
72.73
72.87
72.82
73.75
73.76
74.80
74.96
75.36
75.79
75.33
74.85
73.52
73.12
73.35
73.35
74.78
74.56
74.70
74.12
75.13
74.80
74.88
74.58
74.43
74.92
75.53
74.93
74.28
74.68
74.77
74.38
75.38
76.10
76.76
76.87
76.23
76.14
76.01
76.43
76.77
77.18
77.46
77.31
77.31
78.18
77.97
76.89
76.50
77.38
76.88
77.22
77.66
77.60
77.56
78.04
78.31
78.62
79.76
79.67
79.71
79.70
79.12
78.62
78.01
77.96
78.69
79.20
79.15
79.14
78.74
76.83
77.01
76.61
75.69
75.66
75.39
75.61
75.59
75.53
75.98
76.77
76.76
76.71
77.13
77.32
77.21
77.01
76.62
76.16
75.73
75.28
75.34
74.99
75.70
75.87
75.68
75.79
75.97
75.62
74.91
75.34
75.07
75.28
75.62
75.75
76.07
76.65
77.21
77.06
76.82
76.55
76.84
76.86
76.61
77.09
76.77
76.64
76.99
76.35
75.97
75.71
75.44
74.78
73.58
73.54
73.54
73.34
74.20
73.95
74.67
74.36
74.22
74.03
74.39
73.90
74.49
74.88
74.96
75.55
75.73
75.69
75.52
75.85
75.90
75.50
75.75
76.01
76.56
77.51
76.53
76.74
76.51
76.10
75.77
75.81
76.32
76.24
76.22
76.84
76.31
75.60
77.08
76.12
76.49
76.08
76.47
76.12
76.23
77.32
77.35
77.30
78.24
77.86
78.29
77.56
77.98
75.20
73.82
74.10
75.14
76.02
76.03
76.25
76.38
76.59
76.35
76.39
76.45
76.27
76.28
77.26
77.70
77.81
78.77
79.44
79.01
79.20
82.94
82.96
83.57
83.79
84.99
84.58
