65.50
64.19
62.19
62.69
64.50
65.62
65.62
65.06
65.00
64.00
63.06
64.00
62.50
62.06
57.50
59.50
60.00
57.88
53.50
54.12
54.94
57.94
56.25
56.00
54.62
56.88
57.31
56.81
55.62
56.50
55.00
52.69
48.00
47.25
46.75
46.75
43.44
43.62
44.56
47.94
47.50
50.44
51.50
48.62
47.12
45.62
46.88
47.44
45.88
46.31
46.56
51.62
54.12
53.38
54.50
54.00
53.50
54.00
54.25
54.50
55.44
58.88
55.50
56.62
57.50
57.56
58.75
60.62
61.00
61.50
62.06
59.50
55.00
51.75
53.12
53.75
55.12
57.50
57.56
58.31
56.50
55.38
56.19
56.69
52.75
50.44
50.19
49.50
52.50
53.00
55.00
55.31
55.50
57.19
55.44
56.19
56.12
56.19
56.81
52.75
54.06
53.12
52.69
54.50
56.25
58.06
58.75
57.75
57.75
56.31
53.94
51.81
51.62
54.12
54.81
53.25
52.81
53.12
53.38
51.88
52.88
53.75
53.75
55.69
53.56
54.06
56.12
56.56
56.81
57.31
60.69
60.81
60.62
59.12
59.38
59.62
59.75
59.38
59.56
59.25
57.19
57.31
58.19
59.00
57.25
54.25
53.00
53.81
53.44
52.75
53.00
55.06
52.94
50.69
51.12
52.12
51.25
48.75
48.62
49.56
47.12
48.56
49.06
49.00
49.25
48.62
48.88
48.00
47.12
47.38
48.81
49.88
50.50
51.00
52.69
52.94
53.00
51.88
51.44
50.62
49.25
48.06
48.62
49.56
48.94
46.88
47.12
48.00
48.00
45.44
44.12
45.50
45.75
44.62
45.12
45.38
44.88
41.44
43.62
45.19
45.69
44.88
46.12
46.06
45.56
47.25
45.62
43.38
43.25
43.12
44.00
46.12
45.50
46.81
47.06
48.00
48.62
46.19
43.19
42.56
46.75
46.38
48.12
47.62
47.56
46.50
45.88
44.69
46.88
48.06
49.19
50.38
50.69
50.38
53.25
53.31
54.56
53.75
50.81
49.81
50.06
49.94
49.50
49.19
47.62
46.94
49.31
50.88
49.00
50.19
52.50
52.69
52.69
52.94
55.88
53.25
52.88
52.50
50.50
50.81
51.62
53.19
53.56
52.94
50.44
52.00
52.56
52.31
52.94
53.06
53.70
53.16
54.04
54.47
54.15
53.30
52.85
53.20
51.56
50.23
50.96
52.03
53.00
51.65
51.56
52.00
50.05
48.95
48.05
50.45
49.52
49.04
48.00
47.50
48.00
48.90
49.92
50.78
50.10
48.10
47.01
46.53
46.56
46.56
46.70
47.36
47.28
45.91
45.20
48.30
49.15
48.30
48.42
49.50
49.50
48.77
48.70
50.01
49.51
49.80
50.77
49.26
47.41
48.71
48.51
49.63
51.70
51.40
51.65
50.05
50.03
50.55
51.90
51.22
51.40
52.28
52.03
52.01
51.85
51.14
51.30
53.21
53.35
53.84
52.00
51.00
51.30
51.41
51.56
52.90
52.21
52.15
51.20
51.03
51.12
51.27
51.45
50.50
50.69
50.70
50.07
50.75
50.16
49.61
50.06
49.40
48.00
48.35
48.63
48.98
49.30
49.45
48.80
48.53
48.40
48.95
48.60
48.65
48.94
48.45
46.71
47.05
47.38
47.62
49.95
51.13
53.11
52.94
52.53
53.81
53.90
52.85
52.50
52.73
54.18
55.01
54.19
55.40
54.95
55.05
55.05
54.06
54.15
54.40
53.30
52.50
51.80
51.13
51.82
50.67
50.10
50.80
49.88
49.51
49.50
49.65
50.39
49.70
49.03
47.24
47.70
48.21
47.00
47.00
45.12
45.04
42.00
44.16
44.19
45.01
43.90
46.01
48.05
48.62
48.11
48.81
48.14
49.80
51.50
51.42
51.00
50.96
51.00
52.20
52.85
51.80
52.41
52.50
52.15
51.42
51.60
52.08
52.15
52.43
51.51
52.50
51.71
50.36
50.65
50.86
51.76
52.39
53.65
53.40
53.99
53.89
54.00
54.25
55.05
55.28
54.65
54.60
55.11
54.84
55.06
55.31
54.83
54.48
54.50
54.90
54.18
54.20
54.94
55.41
54.75
54.27
53.51
53.50
53.10
53.03
53.88
55.42
55.35
56.20
56.53
57.13
57.71
57.77
58.14
57.55
56.99
57.50
57.20
57.21
57.33
56.19
56.26
55.53
55.76
55.31
55.50
55.70
55.97
57.11
58.22
59.30
58.06
58.32
57.91
57.75
59.10
58.75
58.65
58.45
58.41
58.34
58.10
59.38
59.80
59.88
59.93
59.90
59.20
58.80
59.39
58.60
60.06
60.45
61.75
61.54
62.06
62.18
60.55
60.30
60.99
62.00
62.03
61.89
61.30
61.91
62.45
62.70
63.04
62.93
61.95
61.57
61.28
61.35
61.62
61.28
58.62
58.75
57.75
58.72
58.78
58.52
59.90
59.87
60.01
60.29
59.52
59.60
58.65
56.74
58.14
57.00
57.62
57.32
56.23
55.78
55.80
55.46
54.82
56.18
55.08
53.95
54.00
55.68
53.72
53.61
53.84
57.05
56.64
57.44
57.96
57.70
56.60
55.70
55.79
55.51
53.93
54.53
53.75
54.00
52.95
52.00
54.52
54.00
53.76
55.06
56.38
56.24
56.27
55.25
56.70
57.91
56.98
56.20
54.90
54.23
55.02
53.75
55.05
55.01
54.40
53.30
53.30
55.23
55.18
54.48
53.55
53.00
52.59
50.10
49.88
47.50
47.40
45.61
43.99
44.75
43.72
45.00
46.00
47.60
48.50
47.35
46.82
45.19
45.55
46.40
46.90
46.50
48.13
47.65
47.45
49.15
53.01
53.61
52.72
53.10
52.75
53.35
52.87
52.11
52.05
52.76
52.52
53.00
51.49
51.00
50.02
51.60
52.25
53.28
53.81
52.97
52.65
54.00
54.25
53.62
53.55
53.56
52.07
50.87
51.14
52.08
51.22
48.10
48.55
50.68
50.20
49.75
50.00
50.76
50.70
49.00
51.65
53.57
55.13
55.85
55.00
54.80
55.18
54.80
55.92
56.18
56.16
55.68
54.68
53.58
52.65
52.68
53.20
53.25
53.50
53.55
53.52
53.00
53.33
53.25
54.54
55.00
53.53
52.57
53.00
53.81
53.52
53.02
53.07
53.25
53.83
54.25
53.55
53.41
53.02
52.03
51.81
51.55
51.63
51.26
50.36
50.36
50.85
49.95
50.00
50.17
49.40
49.24
49.25
48.95
49.15
49.75
50.52
49.85
49.67
50.10
49.86
50.75
51.21
51.00
50.70
50.53
49.98
49.70
48.98
47.75
47.34
47.19
46.92
47.10
47.34
47.50
47.15
47.71
47.00
46.65
46.44
46.75
46.25
47.02
47.34
47.16
47.32
48.77
48.31
47.97
47.90
47.64
46.76
47.80
47.65
47.72
47.77
46.90
46.80
47.10
46.60
47.05
46.80
46.50
48.21
49.04
49.36
51.49
52.03
52.20
52.90
52.52
52.57
53.17
52.87
52.68
51.67
51.52
52.80
53.80
53.80
54.28
54.19
53.51
53.23
52.97
52.61
54.07
54.48
54.37
54.77
54.40
55.40
54.78
54.26
54.50
56.04
55.89
55.13
55.14
55.50
55.55
54.98
54.63
54.45
55.43
55.48
53.90
53.43
52.92
52.21
52.48
52.57
52.58
52.00
51.63
52.60
52.56
52.57
52.40
52.12
52.97
53.10
53.62
53.60
54.30
53.49
54.46
53.96
54.20
54.39
54.62
54.32
53.80
52.67
53.95
54.09
53.80
53.51
53.67
53.00
54.76
54.95
55.54
56.25
55.66
54.72
55.47
55.88
56.94
56.34
55.71
55.96
55.73
56.03
55.97
55.60
55.00
55.50
55.25
55.37
55.91
55.20
54.78
55.24
55.01
56.28
57.16
57.28
57.90
57.85
57.75
57.75
58.38
58.40
58.41
58.71
58.39
58.33
58.37
59.10
58.86
58.71
58.92
59.36
59.74
58.50
58.05
56.90
56.56
57.01
56.72
57.50
57.70
57.59
57.61
57.54
56.75
57.19
56.55
56.59
56.61
56.47
55.80
56.01
56.52
57.37
57.49
57.71
58.24
58.52
58.37
58.43
58.68
58.65
58.95
58.64
58.55
58.65
58.05
58.15
57.00
57.75
57.78
58.32
58.54
58.76
58.52
58.35
57.76
57.75
58.21
57.83
57.94
57.82
55.40
54.50
54.36
54.53
54.55
54.96
54.67
55.10
55.76
55.19
55.51
53.95
52.99
52.68
52.14
52.70
53.00
52.55
52.56
52.74
52.01
50.50
50.60
51.25
52.53
52.34
52.08
52.52
52.26
52.32
52.27
52.52
52.70
52.13
51.58
52.30
52.81
52.90
52.27
52.10
52.11
52.76
52.60
53.13
52.77
52.90
52.95
53.08
53.77
54.36
53.13
53.23
53.84
54.15
54.50
54.92
55.77
56.21
57.04
56.82
56.91
56.75
56.19
56.48
56.69
57.70
58.61
59.22
59.45
59.44
59.13
59.25
59.55
59.48
59.47
60.11
60.20
60.02
60.06
58.69
57.60
57.90
57.67
57.27
57.97
57.96
58.47
57.55
57.93
58.17
59.16
59.30
59.63
59.81
59.50
58.10
58.30
58.14
58.40
57.95
56.15
56.80
56.33
56.39
57.11
57.73
57.94
58.10
57.20
57.72
58.07
57.96
58.15
57.88
56.99
56.87
56.08
55.55
55.84
54.42
53.60
53.50
54.22
53.45
53.80
54.66
54.14
55.01
54.75
54.05
54.84
54.44
54.51
54.90
55.50
55.70
54.90
55.19
56.05
56.38
56.58
57.12
56.99
56.65
56.07
56.54
56.03
55.68
55.45
54.87
53.73
52.59
53.04
52.51
52.10
51.93
52.02
51.55
51.51
51.58
52.15
51.81
51.71
51.50
52.23
52.36
52.21
52.25
52.66
52.50
53.11
52.16
52.87
52.17
52.88
52.76
53.13
52.53
52.85
52.53
52.48
52.00
51.14
51.08
51.40
51.52
52.48
52.85
53.45
53.72
54.11
54.03
54.40
53.24
53.63
53.57
53.83
53.53
53.16
52.45
52.13
52.10
53.10
52.61
53.00
52.51
52.25
53.16
53.11
52.58
52.49
52.14
52.01
52.20
51.56
51.10
52.56
52.51
52.20
52.29
52.62
52.92
53.30
52.92
53.26
53.48
52.64
52.50
52.52
52.35
52.06
52.25
52.35
52.61
52.21
52.01
51.94
51.91
52.23
52.50
53.70
53.60
53.49
53.05
53.91
54.18
56.34
56.21
55.95
56.05
56.12
56.41
56.78
56.66
55.85
55.45
55.16
54.83
55.35
55.19
55.30
53.10
52.06
52.35
52.15
52.77
52.52
52.33
52.10
52.12
52.43
52.50
52.77
52.80
52.53
52.00
52.13
52.18
52.33
52.55
52.73
52.84
53.21
53.02
52.56
53.30
53.02
53.11
53.15
53.75
53.59
53.42
53.40
53.52
53.49
53.53
53.75
53.30
53.00
52.77
53.11
53.22
52.87
52.30
52.22
52.35
52.63
53.02
53.13
53.45
53.20
52.27
52.23
52.10
52.10
52.37
52.54
52.33
52.64
51.97
51.24
51.27
51.10
51.60
51.92
51.80
52.67
52.95
52.59
52.25
52.28
52.07
51.47
51.14
51.01
50.86
51.40
51.45
51.12
50.85
50.58
50.52
50.51
50.73
50.70
50.06
48.50
48.72
49.23
49.35
48.46
48.52
48.24
47.77
48.49
47.92
47.49
47.55
47.18
47.30
47.50
46.65
46.90
46.90
46.65
46.93
46.20
47.32
47.54
48.24
48.31
48.65
48.90
48.54
48.13
46.60
46.93
46.71
46.93
46.97
47.30
47.03
47.27
47.56
47.14
47.22
47.16
47.13
47.24
47.83
47.29
47.21
47.74
47.30
47.45
47.64
47.99
48.40
49.39
49.23
48.63
48.55
48.51
48.30
47.80
47.24
47.36
47.66
48.50
48.07
48.15
49.26
49.22
49.00
49.25
49.60
49.63
49.89
50.11
49.96
49.95
49.56
49.30
49.00
49.26
49.31
49.52
49.45
49.55
49.33
49.44
49.45
49.47
49.24
49.03
49.10
49.09
48.76
48.65
48.56
48.50
47.15
47.11
46.50
46.51
46.33
46.30
45.47
45.16
45.21
45.29
44.75
44.70
44.72
44.53
44.80
45.36
45.32
44.90
45.55
45.03
44.57
44.23
43.83
43.82
43.09
42.43
42.31
42.87
43.02
42.90
42.76
43.01
43.35
43.69
43.76
43.50
43.30
43.75
44.45
44.55
44.60
44.61
44.60
44.84
45.04
44.78
45.40
45.60
45.71
45.25
45.06
44.72
44.76
45.99
46.83
46.61
47.13
47.08
47.75
47.37
47.32
48.15
48.77
49.01
48.31
48.33
48.86
49.01
49.41
48.72
50.07
50.32
49.83
48.82
48.53
47.53
47.51
47.09
47.32
47.42
47.50
47.58
48.30
48.36
49.14
48.82
49.05
48.90
48.44
48.47
48.36
48.17
47.36
47.75
47.42
46.75
45.57
46.10
45.29
45.10
45.56
45.46
45.76
45.67
45.31
44.70
44.61
45.06
44.81
44.54
45.50
45.66
45.83
44.88
46.21
46.03
45.57
45.47
45.44
45.05
44.68
44.52
45.33
45.31
45.47
45.28
45.89
46.35
45.80
45.47
45.44
45.34
45.26
45.55
45.22
45.03
44.93
44.86
44.97
45.05
45.16
45.11
45.21
45.22
45.16
45.22
45.42
46.29
46.99
47.72
47.74
48.05
48.02
47.90
47.66
47.50
47.31
47.20
46.53
46.35
46.50
46.35
45.81
45.51
45.27
45.65
45.62
45.63
46.07
46.25
46.26
45.68
45.40
45.50
45.67
45.62
44.99
45.54
45.90
46.29
46.12
46.52
47.10
47.58
47.58
47.03
46.53
46.08
47.69
46.83
46.65
46.89
47.10
47.50
47.37
48.65
49.45
48.23
48.10
47.92
47.32
47.10
46.55
46.92
46.84
47.00
46.92
47.03
47.37
47.31
48.20
48.00
48.21
48.30
48.27
47.76
47.80
47.57
47.36
47.91
48.16
47.10
46.76
46.51
45.88
46.05
45.41
45.11
43.71
42.81
42.72
42.31
43.23
44.15
43.56
44.03
43.94
43.63
43.47
43.77
44.33
43.79
44.00
44.17
44.65
44.50
44.37
43.86
43.75
44.30
44.73
44.05
44.05
44.33
44.30
44.02
43.98
43.48
43.66
43.52
44.16
44.06
44.20
44.52
44.02
45.36
45.15
45.30
45.55
46.30
47.47
47.55
47.58
48.15
47.66
48.00
48.42
48.21
47.60
48.03
48.80
49.04
49.03
49.31
48.03
48.06
48.13
48.10
48.24
47.97
47.88
47.87
48.08
48.12
48.11
47.64
48.16
48.39
48.65
49.03
51.05
50.55
50.65
50.63
49.10
49.12
48.65
47.66
47.20
47.20
47.41
47.03
46.31
46.31
45.97
47.19
47.58
47.50
47.41
47.42
47.60
47.76
47.55
46.55
46.48
46.63
46.02
45.42
45.87
46.07
46.36
46.36
46.25
45.92
45.58
45.80
45.91
46.39
46.28
45.50
45.87
45.61
45.00
44.80
45.75
45.81
46.03
47.06
47.32
47.15
46.90
47.00
46.51
47.21
47.21
47.79
48.09
48.08
48.19
47.60
47.46
47.99
48.09
47.47
47.50
46.91
47.04
47.44
47.64
48.42
48.32
48.28
48.13
47.67
47.68
47.74
47.75
47.82
48.25
49.41
49.87
49.55
49.29
49.45
48.20
48.01
47.19
47.71
47.44
47.75
47.61
47.38
47.15
47.10
46.03
45.06
45.49
45.75
46.38
46.44
46.95
47.56
47.75
47.15
47.03
46.46
46.36
46.64
46.85
47.47
47.90
47.86
47.89
47.94
47.06
46.90
46.83
47.51
47.89
47.83
47.65
48.51
48.84
48.13
48.63
48.57
48.32
47.87
47.51
48.17
48.20
48.05
48.28
48.08
47.84
47.45
47.41
47.49
47.41
46.98
47.02
47.18
46.62
46.47
46.32
46.35
46.64
46.76
46.47
47.10
47.73
50.15
50.36
50.15
49.61
49.60
49.55
48.90
48.97
48.98
49.21
49.07
47.77
48.56
48.08
47.83
47.69
47.75
47.76
48.17
47.87
48.14
48.13
48.08
47.99
48.26
47.49
47.23
47.68
48.67
48.70
48.30
47.96
48.10
47.92
47.95
47.72
47.55
46.53
45.73
45.80
45.90
45.48
46.08
45.50
45.70
46.55
46.70
46.39
45.70
46.08
43.52
43.09
42.92
43.19
42.96
43.19
43.43
43.03
43.13
43.56
43.40
43.45
43.16
43.35
43.27
42.35
42.65
42.31
42.09
42.31
42.58
42.77
42.65
42.99
43.35
44.41
43.96
44.15
43.86
42.68
42.95
43.48
43.51
43.66
44.36
44.49
44.77
44.97
45.08
44.63
45.10
46.72
46.80
46.26
45.58
45.28
45.34
44.96
44.64
43.50
43.27
43.28
44.11
44.62
44.69
44.53
43.94
43.66
43.78
43.81
43.82
42.82
42.50
42.66
45.00
46.12
45.87
45.62
45.25
44.70
44.68
44.87
45.00
45.15
46.00
46.76
47.60
47.57
47.49
48.51
48.00
48.80
48.92
48.62
47.61
47.75
47.60
47.26
46.87
47.85
47.32
47.80
48.12
47.92
47.62
47.77
47.33
46.46
46.23
45.37
45.59
45.88
45.24
47.10
47.50
43.11
46.77
46.68
47.10
47.42
46.09
48.31
48.48
47.99
47.90
48.13
48.50
48.73
50.31
49.83
49.46
48.51
47.84
48.64
48.34
49.48
50.22
49.76
49.11
49.30
49.01
49.60
49.47
49.70
50.19
50.92
50.63
49.53
49.22
49.62
49.26
49.85
49.68
48.64
49.54
49.94
49.46
49.17
49.29
50.22
50.66
50.80
53.23
52.91
52.66
52.28
51.77
51.63
52.81
54.00
53.99
54.22
53.91
53.99
53.74
54.41
54.13
54.86
55.19
56.35
56.19
56.14
55.75
55.84
56.31
57.01
57.14
57.20
57.40
57.88
57.63
56.90
56.81
56.03
56.03
56.75
56.61
57.64
56.37
56.65
56.65
56.59
56.16
55.48
55.05
55.09
55.40
55.80
56.56
56.93
57.50
56.52
57.36
57.34
58.41
58.33
58.44
59.05
58.47
58.73
58.86
58.50
58.50
57.59
57.37
56.20
56.43
56.25
57.35
56.83
55.85
56.02
55.61
56.45
56.03
56.20
56.91
57.60
56.07
55.64
55.98
55.34
55.64
55.42
57.06
57.00
57.15
56.69
56.79
56.58
55.95
56.09
57.61
57.91
57.36
57.55
58.83
59.70
56.88
56.81
57.34
58.40
57.23
56.89
58.13
58.63
57.89
57.68
57.48
58.71
58.30
58.04
58.48
59.02
59.06
59.50
59.16
59.70
59.02
60.25
60.91
61.21
61.27
61.58
61.09
61.00
59.22
59.10
59.45
58.75
58.33
58.15
59.02
59.08
58.27
57.74
58.99
58.23
58.87
54.55
54.45
52.75
49.76
47.40
51.20
52.72
49.88
48.73
49.71
52.38
53.56
51.14
50.00
49.99
49.60
50.80
53.55
53.81
54.27
55.76
55.56
54.00
53.06
53.40
54.35
53.12
52.32
51.06
52.50
51.18
50.97
50.73
50.36
50.20
52.23
53.35
53.70
55.51
52.94
52.22
52.50
54.00
54.00
56.51
54.91
54.18
54.10
53.75
54.01
54.14
54.67
54.78
55.53
55.48
55.17
55.27
55.20
54.52
54.33
54.77
55.78
55.68
55.60
55.06
50.31
51.25
51.16
51.56
51.24
50.33
51.01
50.44
48.52
47.77
48.00
48.03
48.53
48.51
47.79
46.92
46.25
46.57
46.29
47.16
48.53
48.77
47.34
47.75
47.03
46.48
47.30
48.52
49.44
49.53
48.79
48.69
48.56
48.14
47.58
47.96
47.00
47.15
49.29
48.10
47.30
47.27
47.15
47.32
48.34
48.66
48.79
48.95
49.61
48.99
49.35
50.59
50.64
51.95
52.04
51.26
51.06
51.22
53.20
52.95
52.90
52.00
52.27
49.65
50.62
50.55
50.62
50.27
50.14
49.19
48.93
48.82
48.27
47.72
47.64
48.03
48.50
49.93
49.23
50.19
49.95
49.07
49.54
49.75
49.73
50.66
49.54
48.75
48.12
48.69
49.35
48.85
48.67
49.11
49.16
49.25
48.92
49.07
49.58
49.87
49.70
50.25
50.21
50.40
50.50
49.73
49.29
49.21
48.22
48.05
48.10
48.40
48.10
48.02
48.25
48.11
48.32
48.43
48.40
48.30
48.17
47.76
47.57
47.73
47.98
47.88
47.35
47.42
47.54
47.96
47.99
48.02
48.22
48.45
48.66
48.64
48.76
48.53
48.66
48.80
49.50
49.77
49.52
49.50
49.18
48.75
48.94
49.01
49.52
50.10
50.55
51.54
51.14
51.24
50.95
51.25
51.25
51.15
51.56
51.56
51.12
50.61
50.73
50.64
50.77
50.99
51.50
51.33
50.84
50.73
50.62
50.20
49.83
49.75
49.85
49.94
50.02
50.92
50.40
50.34
49.42
49.33
49.18
48.73
48.73
48.84
48.85
49.13
49.32
49.40
49.62
49.47
49.65
50.10
50.20
50.62
51.25
51.50
50.36
50.03
49.98
49.82
49.77
49.73
49.81
49.62
49.69
49.52
49.86
50.49
50.70
51.41
51.76
52.18
53.11
53.06
52.81
53.10
53.61
53.76
54.00
54.52
54.53
54.78
54.09
54.10
54.62
54.48
54.31
53.95
54.14
54.06
53.76
54.21
54.64
53.81
53.49
53.13
52.36
52.31
52.93
53.25
53.25
53.37
53.61
53.90
53.89
53.42
53.67
53.57
53.42
53.26
53.02
53.10
53.86
54.41
54.16
53.60
53.50
53.23
52.84
52.69
52.78
52.73
53.10
52.51
53.40
53.31
53.33
53.64
52.96
52.76
52.92
52.82
52.96
52.91
52.66
52.90
53.65
52.91
53.07
53.34
53.45
53.48
53.25
53.50
53.54
53.47
53.15
53.75
53.50
53.93
53.92
53.53
53.53
53.79
54.35
55.60
55.66
55.54
55.15
55.13
55.61
55.43
55.60
55.47
55.43
55.66
55.50
55.17
55.22
55.29
55.14
55.16
54.63
54.58
54.66
54.34
53.92
53.84
54.00
54.38
54.18
54.15
53.92
54.01
53.53
53.52
53.55
53.64
53.47
53.55
53.82
51.53
51.80
51.83
52.17
52.13
52.36
52.02
52.04
53.20
52.79
51.30
50.51
50.90
50.00
50.01
50.32
50.50
50.52
51.02
51.48
50.22
50.32
50.53
50.59
51.06
50.55
50.89
51.06
50.92
50.96
51.41
50.71
50.60
50.40
49.95
48.80
49.01
48.43
48.01
47.77
47.84
48.26
48.16
48.79
49.15
49.68
50.10
50.04
49.91
49.52
49.09
49.26
50.11
50.51
50.90
50.91
50.66
50.80
50.80
50.50
50.95
51.03
51.01
51.22
51.11
51.80
51.69
50.98
50.01
50.00
50.06
50.66
50.62
50.00
50.03
50.39
50.60
51.09
50.75
50.72
50.53
50.12
50.46
51.12
51.55
51.84
51.52
51.84
51.72
52.01
52.15
52.41
52.55
52.88
53.09
53.32
53.45
53.53
53.84
53.47
53.05
53.11
53.14
53.20
53.14
53.83
53.90
54.04
54.02
54.43
53.75
53.73
52.93
53.02
53.25
53.13
53.25
53.59
53.86
53.90
53.83
53.55
53.59
53.61
54.02
54.49
54.22
54.95
54.90
54.51
54.83
54.09
53.96
53.86
53.87
54.24
53.56
53.90
53.95
53.92
53.56
53.74
53.57
53.43
53.60
54.39
54.38
54.31
54.47
54.54
54.45
54.32
54.14
54.00
54.02
54.04
54.00
54.38
53.61
53.64
53.16
53.14
53.23
53.51
53.57
53.84
53.79
54.15
54.28
54.32
53.78
53.76
53.54
53.73
54.34
54.69
54.42
54.75
54.71
55.12
55.38
55.30
55.80
57.00
57.02
56.50
55.70
55.91
55.65
55.39
55.67
55.83
55.95
56.10
55.30
55.31
54.67
54.51
54.43
54.35
54.50
52.95
52.90
51.88
51.52
51.68
51.95
51.72
51.70
51.73
51.75
52.01
52.22
52.26
52.14
52.06
51.38
50.97
51.04
51.25
51.68
51.79
51.38
51.77
52.28
52.01
52.04
52.08
51.89
51.92
52.06
52.67
52.67
52.75
52.27
52.40
52.67
53.50
53.22
53.30
52.91
53.10
53.64
53.42
53.23
53.28
53.88
54.28
54.33
54.67
54.96
55.20
54.89
54.86
54.70
55.10
55.04
54.91
55.34
55.48
55.24
54.95
55.04
55.18
54.99
54.61
54.20
54.19
54.62
54.81
54.25
53.15
53.04
53.50
53.77
53.43
53.61
52.69
52.58
52.77
51.79
52.20
52.82
52.70
52.75
52.83
52.67
52.35
52.27
52.14
52.43
52.55
53.00
53.02
53.43
54.19
53.77
53.70
53.76
53.84
53.38
53.46
53.18
53.34
53.60
53.91
54.25
53.95
53.51
53.17
52.97
52.67
52.07
51.67
51.01
50.07
49.59
48.77
48.67
48.31
48.85
49.28
49.29
51.12
51.16
50.31
51.48
52.08
52.13
52.81
52.55
51.95
53.00
52.41
52.86
52.65
51.97
50.87
51.85
52.06
51.20
50.82
51.22
51.58
51.94
52.55
52.04
52.17
51.29
49.94
50.03
50.80
51.80
51.29
51.32
51.71
51.85
51.63
52.13
52.33
52.90
54.19
54.39
55.00
54.72
54.63
54.48
54.81
55.70
56.05
56.65
56.60
56.55
56.60
57.45
56.96
56.58
55.68
56.54
56.60
56.90
57.05
57.85
57.60
57.51
58.38
58.36
57.23
56.64
56.26
56.61
56.38
56.50
56.32
56.69
57.00
57.34
58.31
58.46
58.04
58.00
58.40
58.26
57.87
57.47
57.76
57.42
57.52
57.83
58.09
57.61
58.24
59.16
59.05
59.14
59.66
59.63
59.34
59.69
59.87
59.47
58.37
58.87
58.92
58.98
59.04
59.40
59.01
59.52
59.65
59.75
60.67
60.51
60.75
61.04
60.77
60.54
60.35
60.58
61.79
61.82
61.70
61.70
61.62
61.23
61.58
61.38
61.73
61.79
61.59
61.70
61.91
59.67
58.37
58.21
58.50
58.29
58.35
58.72
58.64
58.80
58.75
58.75
59.11
59.45
59.83
60.09
60.52
60.69
60.78
60.77
60.46
60.29
60.37
60.23
60.41
60.76
61.02
60.98
60.62
60.92
60.97
60.24
60.02
60.07
60.08
59.55
59.66
59.56
59.75
59.87
61.09
61.55
61.47
61.66
59.13
57.65
57.18
57.57
58.94
58.53
58.48
58.82
58.81
58.68
58.55
58.63
58.27
59.09
58.81
58.92
58.95
59.15
61.25
61.76
62.14
62.90
63.29
64.46
64.80
65.21
65.33
65.38
65.13
65.40
65.43
65.46
65.78
66.08
67.47
67.30
66.96
67.09
67.59
67.43
67.70
67.78
67.68
67.19
67.06
68.25
68.26
67.49
68.56
69.15
69.30
70.37
70.73
71.02
71.64
71.78
71.64
72.15
72.58
72.31
72.72
70.23
71.31
71.26
71.45
71.87
72.69
73.79
74.45
74.43
73.42
72.94
74.25
74.28
73.97
73.43
73.76
73.43
73.18
73.57
73.82
71.78
71.84
71.66
71.43
71.35
71.40
71.35
72.07
72.16
72.43
72.15
72.36
72.57
73.37
73.84
73.50
73.50
73.55
73.75
73.95
74.26
73.87
73.68
73.99
74.32
74.33
74.18
74.26
74.14
73.83
73.42
73.80
73.63
73.75
74.51
74.89
75.06
74.13
74.64
74.95
75.30
75.56
76.69
76.48
76.17
75.43
75.09
74.51
74.52
74.89
74.68
74.13
73.15
72.71
72.65
73.13
72.86
72.48
71.92
71.90
71.18
71.08
67.85
67.88
67.65
68.45
68.68
68.88
69.45
69.45
69.29
70.13
70.85
71.34
71.45
71.23
71.10
71.85
71.79
70.82
68.91
69.00
68.74
68.89
68.91
68.52
68.17
68.27
68.31
67.73
67.79
67.54
67.37
68.45
68.38
68.34
68.13
68.21
68.22
67.72
68.21
68.11
68.10
68.89
68.71
68.85
68.96
69.15
69.35
68.93
68.80
69.20
69.50
69.69
69.95
69.13
69.76
70.30
70.90
71.07
70.53
71.10
71.21
70.75
68.13
68.54
68.30
69.72
69.89
70.44
70.61
70.58
70.78
70.78
71.51
72.99
73.25
73.20
72.84
72.81
72.84
73.54
73.13
72.43
72.01
72.19
72.74
72.85
73.29
74.12
74.43
74.24
74.38
74.90
75.42
75.72
75.96
75.43
75.83
77.02
77.37
77.27
77.58
78.43
78.03
78.11
76.61
77.40
77.50
78.05
77.92
77.88
78.57
78.15
77.37
77.69
77.80
78.90
78.77
78.77
77.78
77.90
78.28
77.92
77.67
78.65
77.34
77.40
77.36
77.25
76.75
76.25
76.15
77.06
76.06
75.61
74.82
74.64
75.47
75.07
74.84
76.19
75.66
74.99
74.65
74.56
74.80
74.51
74.80
74.34
73.01
73.25
72.90
73.84
74.54
75.24
74.45
74.10
74.21
74.09
74.41
75.68
76.74
76.45
77.33
77.33
76.70
76.90
77.09
77.01
77.34
77.73
77.80
77.72
77.63
77.10
77.78
77.69
77.73
78.11
78.00
78.43
77.56
76.62
76.93
76.77
76.49
76.22
76.23
74.03
73.70
73.21
73.20
72.93
73.24
73.03
73.03
72.51
72.27
72.23
72.58
72.54
72.45
72.62
72.19
72.70
73.57
73.66
73.77
73.98
74.69
74.79
74.90
75.62
75.83
75.20
75.69
73.56
74.22
74.07
73.74
73.32
73.04
72.95
72.79
71.51
71.80
72.57
73.27
73.83
73.75
73.99
74.57
71.69
75.48
74.82
75.21
75.81
75.82
75.78
76.05
76.75
76.56
76.60
76.59
77.20
76.72
77.30
77.24
76.79
77.79
78.25
78.35
77.68
78.75
78.91
78.88
78.49
78.55
78.75
79.91
80.11
80.38
80.82
80.37
80.70
79.91
78.87
79.64
79.70
79.05
79.05
78.40
77.93
77.60
77.22
76.81
77.20
77.25
77.37
77.63
77.97
78.30
78.43
78.35
78.50
78.52
77.79
77.92
77.60
77.49
77.54
77.24
77.38
77.57
76.35
76.03
74.86
75.03
74.47
74.23
73.83
74.10
74.07
74.36
73.64
72.54
72.30
72.27
72.50
72.50
72.96
73.67
74.22
74.56
75.10
74.86
74.41
72.81
72.82
73.14
73.09
73.79
74.09
74.20
73.83
74.66
74.58
74.51
74.36
74.05
74.20
74.82
74.91
74.27
74.01
74.45
74.02
73.86
75.45
76.11
76.16
76.23
76.04
75.77
76.02
76.54
76.34
77.00
77.25
77.09
76.80
77.28
76.65
76.29
76.79
76.44
77.03
77.08
77.18
77.39
77.57
77.70
78.02
78.83
79.57
79.51
79.16
79.01
78.51
77.97
77.53
78.00
78.52
78.65
78.99
78.07
76.25
76.65
76.50
75.52
75.27
75.24
75.43
75.29
75.34
75.57
76.01
76.47
76.36
76.53
76.87
77.07
76.70
76.51
76.05
75.58
75.12
75.02
74.92
74.92
75.80
75.12
75.30
75.68
75.28
74.70
74.67
74.94
74.75
75.25
75.52
75.55
76.03
76.62
76.91
76.56
76.48
76.56
76.70
76.44
76.51
76.48
76.40
76.59
76.19
75.80
75.36
75.15
74.67
73.54
73.22
73.06
72.77
73.18
73.76
73.85
74.02
74.01
73.51
73.61
73.49
74.05
74.14
74.51
75.00
75.64
75.51
75.44
75.44
75.47
75.29
75.41
75.88
76.11
76.48
76.43
76.17
76.37
76.09
75.66
75.61
75.60
76.01
75.91
76.38
76.25
75.57
75.70
76.12
75.86
75.65
75.77
75.91
75.96
76.53
76.99
76.72
76.81
77.66
77.93
77.45
77.67
74.36
72.61
73.03
73.92
75.01
76.01
75.78
75.50
76.31
76.00
75.97
75.98
76.01
75.59
76.28
77.30
77.17
77.61
78.42
78.85
78.65
80.86
82.10
82.53
83.34
83.92
84.04
